4.34672 0.123849
1.55481e-61 8.44638e-70 2.11212e-43 1.13896e-11 6.02256e-90 2.56892e-37 1.26476e-96 6.25369e-124 2.1757e-45 0.768045 8.83703e-187 2.04103e-96 6.35297e-71 4.38283e-100 7.18144e-109 3.08207e-100 2.35589e-53 5.31748e-41 5.01592e-82 3.04517e-99 1.80627e-113 1.22103e-59 1.80522e-101 1.00822e-109 1.75552e-206 4.68064e-67
6.52022e-05 1.27436e-05 0.000127107 4.15569e-06 2.81061e-98 3.82416e-87 7.92381e-149 2.03468e-156 1.02244e-122 7.76219e-87 6.46652e-207 7.20017e-139 1.65857e-146 5.86743e-135 2.1416e-162 1.07585e-152 5.95947e-126 3.30691e-105 1.82969e-151 9.60074e-131 3.53658e-172 2.95335e-144 1.04425e-126 6.79887e-113 4.03295e-226 2.44367e-141
1.30486e-15 4.6968e-05 2.92418e-37 4.85265e-93 1.61735e-53 7.87915e-45 1.40671e-113 5.82373e-107 2.0655e-83 0.877254 3.43916e-167 5.62393e-128 1.59486e-133 1.74848e-84 1.72769e-90 1.46425e-111 1.51044e-81 4.93869e-78 1.84433e-115 4.93749e-87 2.09221e-104 9.11829e-116 6.59954e-116 6.26339e-88 4.38308e-143 5.12471e-135
1.25623e-52 8.29089e-79 2.27698e-23 3.20403e-104 7.22999e-68 2.28386e-51 0.11037 4.25837e-118 4.62603e-30 2.22633e-77 2.29224e-106 3.53939e-57 4.5043e-55 1.66143e-97 4.12388e-113 3.52406e-07 1.14861e-104 2.7104e-70 3.9551e-64 7.93484e-28 9.58465e-145 4.46064e-87 1.88236e-113 3.83113e-59 8.59377e-199 1.97922e-82
0.0549016 1.55228e-86 1.08851e-88 5.45251e-93 3.14733e-43 2.24042e-05 8.78493e-126 9.43063e-20 5.32908e-48 6.2965e-41 3.09169e-137 0.0546534 1.47214e-59 1.1692e-40 2.18168e-135 3.5791e-15 1.06981e-09 7.99836e-63 2.62041e-105 8.80265e-62 1.02015e-84 1.83794e-34 1.0063e-103 0.0443767 2.88851e-78 9.56516e-94
4.7788e-169 1.77545e-137 1.76363e-105 2.93332e-94 6.07301e-12 0.0564802 5.85255e-125 0.603283 1.01119e-39 5.37148e-60 0.219592 0.606489 0.537771 1.77057e-06 0.128303 2.96136e-131 0.274734 1.8567e-12 0.000163682 0.147321 0.70578 1.27886 1.67586e-55 5.38486e-79 0.143758 1.58821e-36
3.94572e-80 2.83183e-27 5.48876e-74 0.00130404 7.53095e-26 3.40657e-14 6.4332e-78 2.09759e-05 0.141407 1.14635e-25 1.66527e-189 3.85163e-48 6.32406e-107 0.0178455 6.0882e-50 4.07602e-87 3.26759e-63 3.1715e-65 6.80126e-36 8.51685e-54 1.22591e-129 5.62829e-77 1.15054e-96 4.34393e-27 3.29216e-113 3.21629e-35
5.26967e-93 2.27158e-113 1.64882e-112 4.30678e-93 0.585206 2.69113e-30 6.83461e-80 5.54148e-125 1.57478e-14 3.97853e-27 1.13986e-109 2.88977e-114 1.37116e-63 9.24161e-61 2.83517e-63 1.26193e-121 2.49559e-17 2.14229e-11 3.36247e-79 2.86386e-33 1.60411e-83 4.16534e-12 1.78082e-111 3.71731e-58 5.80063e-81 1.87176e-08
2.56842e-15 1.74944e-09 4.08985e-41 6.96257e-133 9.56349e-88 5.17829e-22 1.21964e-99 6.70657e-37 1.96536e-71 0.0821381 3.74682e-148 6.90203e-68 3.10413e-60 1.30883e-110 5.45311e-112 2.95108e-147 8.56353e-54 1.38982e-81 2.94211e-122 4.03777e-80 1.14722e-146 3.14727e-77 8.67859e-111 2.30409e-42 5.20565e-124 3.12111e-93
0.0518614 2.0593e-22 5.57487e-80 2.49288e-99 4.49373e-50 1.87941e-59 9.99275e-83 3.74264e-153 1.06464e-99 1.53197e-37 1.9923e-190 4.69348e-85 6.72592e-109 1.32126e-40 1.31226e-114 1.11497e-107 1.12153e-88 3.7321e-37 5.01047e-139 5.41387e-103 1.43511e-97 7.96659e-94 1.71704e-52 5.94889e-80 1.04654e-141 3.59261e-103
4.11013e-48 2.80672e-26 2.41569e-53 2.43909e-52 6.6213e-40 8.08193e-42 2.9082e-95 1.68777e-121 5.45077e-55 0.194484 1.61702e-166 7.56287e-103 3.9088e-106 3.70247e-91 2.27592e-99 9.66274e-91 3.15314e-69 4.61582e-100 1.42212e-75 2.0908e-88 1.5811e-115 3.25512e-110 1.3589e-103 4.73794e-67 1.54342e-158 1.25246e-85
3.11212e-50 5.66075e-104 1.37963e-41 9.83068e-76 5.72069e-30 0.0050907 5.54984e-81 3.29424e-66 3.11123e-117 0.970324 6.16867e-152 9.35989e-83 3.31524e-55 1.35674e-129 3.93699e-61 1.05205e-141 1.09214e-55 3.65055e-41 1.56011e-51 6.76816e-33 1.51577e-62 1.36263e-115 3.55483e-37 1.40116e-71 7.36608e-210 6.53723e-38
1.72126e-87 2.18811e-49 1.07838e-125 5.93511e-17 0.36758 0.0151309 5.72288e-60 6.31472e-144 1.25109e-73 2.14996 1.89043e-141 5.17025e-81 1.6098e-59 4.96925e-91 8.84258e-76 4.05905e-34 5.02822e-70 1.38489e-17 5.96756e-10 0.829004 9.60359e-05 5.81254e-68 0.342606 7.15494e-75 3.13363e-78 7.25834e-88
4.01809e-11 1.97173e-137 1.64024e-30 5.0509e-27 0.119237 0.0976758 1.9242e-78 1.77226e-18 9.1667e-56 1.91502e-15 4.19518e-123 3.05517e-65 9.30424e-24 7.59635e-17 2.95928e-115 0.170357 3.50471e-77 0.115481 4.06899e-98 5.81989e-107 2.28512e-165 2.15907e-27 1.24886e-19 1.62511e-81 5.44217e-221 6.15734e-86
8.51858e-54 7.4886e-15 3.77513e-25 5.14798e-92 4.66424e-74 2.68489e-52 7.93506e-57 5.86054e-119 4.1574e-93 0.546552 1.12791e-175 5.72968e-94 2.91954e-93 8.8987e-116 3.70961e-116 6.43298e-122 5.36515e-98 6.00778e-83 3.11959e-83 5.93207e-59 1.65421e-142 7.76225e-87 2.80783e-88 2.38614e-69 1.22772e-143 7.94837e-105
2.8695e-80 7.53363e-68 0.201269 7.7939e-111 2.17836e-61 2.22187e-12 1.13414e-82 2.68393e-83 1.09882e-85 9.38978e-12 9.38345e-97 3.85424e-21 3.37086e-48 1.13647e-05 6.2518e-69 3.81223e-139 7.38902e-92 2.87121e-76 2.93076e-33 4.37097e-26 1.10997e-59 9.60918e-50 2.04539e-121 0.0423639 4.86465e-176 0.156474
4.54324e-53 7.1639e-56 6.06645e-14 5.81035e-187 2.88675e-20 1.17571e-37 6.52722e-121 2.71322e-141 2.63922e-111 0.0256319 9.18634e-151 5.36154e-105 1.74133e-104 0.749595 5.32097e-91 6.78024e-143 2.36183e-63 3.87712e-97 0.696603 2.89841e-33 4.30989e-42 0.153833 0.985833 9.2661e-95 6.84518e-162 5.92442e-05
