2.80439 0.267458
4.17012e-184 3.94294e-133 9.05198e-101 1.50774e-150 1.27737e-185 9.05947e-106 2.54614e-259 3.52329e-76 4.2566e-65 1.0971e-89 2.44633e-175 2.92735e-161 2.9897e-144 0.166181 1.30535e-197 2.86563e-46 2.01976e-248 6.10606e-137 3.5659e-12 2.30325e-101 3.91493e-29 5.31694e-60 2.33761e-146 1.16391e-180 2.85942e-309 1.5362e-114
2.8505e-207 1.59697e-223 5.68175e-322 7.81935e-299 5.19406e-81 2.11367e-206 2.65313e-321 1.63732e-77 0.493003 7.94994e-215 3.61057e-182 2.40779e-224 3.88091e-182 1.25751 3.37873e-48 8.2378e-78 0.908377 9.59943e-169 4.54835e-205 2.50311 5.43062e-132 1.49591e-86 5.41389e-209 2.76982e-219 3.55408e-193 7.45132e-261
1.08352e-131 2.71555e-247 5.03947e-322 8.3991e-304 7.79811e-230 2.15187e-183 2.94432e-233 7.70117e-299 2.72579e-169 5.31073e-54 8.24081e-101 4.20873e-168 1.26715e-63 1.01008e-106 8.62073e-251 1.01598e-83 0.113277 1.70668e-116 1.46492e-16 2.42568e-251 1.6287e-144 4.4004e-141 1.44009e-289 1.68778e-271 2.90463e-44 1.85701e-37
2.74281e-48 3.93869e-204 6.37258e-270 2.84235e-153 9.55818e-167 5.75792e-99 1.4937e-296 1.67717e-122 4.85404e-196 1.4641e-64 6.02858e-12 2.30246e-268 2.30912e-276 2.74491e-189 3.2265e-217 9.03245e-43 9.86717e-245 7.821e-25 1.02509e-07 5.45394e-236 0.333409 2.76963e-27 4.06314e-148 1.53166e-144 8.89318e-322 3.70012e-94
5.52605e-59 7.09765e-160 3.4799e-87 1.38832e-321 8.51953e-225 0.399124 2.6976e-321 0.335498 7.07126e-127 1.4651e-100 0.00133098 2.11641e-234 1.16823e-242 2.38858e-193 9.21284e-51 8.66911e-94 1.42506e-190 1.16342e-80 3.26373e-99 1.23022e-320 2.27941e-79 6.63638e-187 4.61906e-145 2.97713e-123 6.35577e-281 2.02208e-38
7.61459e-12 4.89307e-175 6.85509e-142 6.87449e-72 3.18753e-31 3.73034e-212 2.26282e-321 1.52094e-294 5.51748e-62 4.33882e-163 0.179305 1.20749e-160 3.11165e-16 1.70627e-129 3.2508e-257 4.75918e-107 1.20932e-195 8.09068e-110 0.598942 7.44643e-284 6.93943e-43 2.66311e-124 2.25355e-59 2.608e-172 3.1828e-56 5.00392e-187
1.13993e-34 0.0139998 1.00214e-282 1.27963e-321 3.56823e-106 4.96903e-195 3.53093e-198 1.88666e-280 2.38506e-07 1.01417e-162 3.60701e-187 3.82545e-74 4.44135e-262 2.35806e-18 3.95206e-197 0.411175 2.94642e-80 1.62589e-32 2.5132e-210 6.17283e-254 3.37562e-53 1.43438e-110 8.61239e-260 6.53089e-133 2.67075e-137 2.80806e-170
1.02949e-17 9.48645e-10 0.0110753 1.4429e-20 1.03301e-254 2.37837e-218 2.02567e-322 3.7204e-305 8.96665e-208 4.52255e-213 1.41449e-184 1.80812e-269 2.1085e-307 3.97142e-219 2.56409e-254 1.3636e-131 4.43273e-258 2.47373e-181 7.50755e-221 1.02766e-321 2.03856e-195 1.60492e-191 6.06295e-267 6.96069e-310 1.03754e-322 7.41098e-323
5.918e-89 3.858e-23 6.76918e-138 1.79844e-13 1.17338e-118 8.43533e-114 2.60847e-165 3.60278e-150 6.48614e-75 5.13974e-232 4.47137e-148 1.06022e-182 1.24776e-76 2.64543 1.2778e-179 1.94004e-110 7.93396e-153 2.03112e-85 3.24142e-108 6.52404e-309 8.98836e-90 1.87685e-47 1.07702e-141 2.87207e-184 6.24932e-199 7.71062e-317
0.245979 6.22283e-190 1.81794e-281 0.231201 4.64882e-207 1.21952e-142 1.84286e-321 1.11612e-292 1.71497e-176 6.96085e-190 2.12381e-57 1.26175e-171 2.10887e-189 8.39642e-38 7.86469e-199 6.6098e-39 6.57546e-227 4.53493e-100 1.19562e-132 1.32959e-178 5.18737e-181 0.114244 1.87336e-91 1.54918e-206 1.70698e-212 6.37345e-322
2.38806e-211 0.264931 8.8765e-69 3.83104e-46 1.49852e-145 2.0127e-147 1.6897e-321 8.62303e-306 3.55671e-195 6.06643e-214 4.02164e-17 1.33408e-204 1.11565e-46 7.54147e-181 2.28148e-143 0.706554 1.38606e-119 1.8283e-71 1.96251 8.84872e-321 1.35492e-172 0.154381 1.08e-230 7.63615e-245 4.93055e-89 2.70387e-241
3.73727e-49 1.50255e-11 1.17723e-268 8.55477e-210 3.50545e-155 2.47616e-212 1.91203e-321 0.0554721 4.80764e-126 0.185215 1.69785e-32 9.57623e-274 3.38425e-289 2.54709e-208 1.8102e-75 0.119955 1.19857e-200 4.84737e-10 5.17065e-184 6.52006e-270 5.65215e-162 7.57629e-35 2.65892e-169 5.67156e-232 3.21246e-228 7.0257e-273
3.56777e-46 2.64806e-79 5.33591e-322 8.67634e-294 4.43408e-206 1.59828e-47 5.94789e-182 4.02786e-122 8.8974e-61 7.56852e-228 1.05249e-44 2.97304e-205 3.06081e-62 5.92634e-48 1.28576e-99 2.41802e-83 6.24643e-185 1.05765e-185 2.79204e-05 5.89732e-277 7.95902e-179 1.95298e-181 3.38732e-99 3.81344e-168 0.111989 2.90495e-150
2.15413e-321 8.43317e-95 6.37345e-322 1.39425e-243 0.465403 5.00622e-147 0.806625 3.7204e-230 1.42373e-76 7.19946e-124 4.01026e-192 0.542389 0.223353 1.7808e-188 0.88063 2.96007e-116 4.30552e-210 1.98993 3.73772e-201 1.00739e-256 1.86169e-130 3.66509e-124 4.0978e-266 0.240352 2.35774e-292 3.58564e-227
3.29258e-37 1.64684e-71 6.90507e-197 2.52875e-18 3.55049e-165 2.78641e-195 1.3735e-321 1.13548e-162 4.69429e-191 2.89204e-188 1.12493e-119 1.04782e-268 2.66432e-218 2.85582e-213 1.55197e-254 1.82607e-116 1.15004e-245 2.42122e-100 0.334323 2.30128e-182 6.00323e-152 7.91115e-76 8.15274e-132 4.53541e-222 2.05116e-240 1.09384e-313
2.54381e-80 2.14728e-265 2.19647e-75 1.40315e-321 3.66686e-140 1.3124e-173 6.11987e-187 3.11801e-232 3.08895e-148 3.33326e-93 4.99425e-54 2.85662e-29 3.88518e-280 1.58935e-72 4.19305e-103 8.87985e-89 6.65064e-213 1.20238e-96 1.61138e-167 2.1926e-233 1.69344e-72 2.87176e-111 0.460685 2.13654e-102 0.109833 0.198688
1.71456e-66 1.48004e-36 2.49567e-144 3.11934e-19 1.13765e-178 9.79782e-138 3.92626e-281 6.36905e-211 1.20267e-170 4.38065e-160 1.91433e-85 3.396e-191 3.79585e-238 2.45667e-139 9.69623e-176 2.81232e-05 2.29965e-232 3.11961e-66 0.922354 1.72712e-162 0.161545 1.3466e-115 1.13028e-187 1.29216e-201 7.73276e-238 6.17582e-322
