3.81983 0.22433
1.42039e-49 1.76956e-93 2.1163e-150 3.13438e-49 1.80108e-170 3.69168e-183 8.67425e-287 2.11298e-52 2.94108e-154 0.0344542 9.09744e-146 7.6953e-197 4.09841e-71 3.94536e-312 1.55522e-287 6.63152e-101 1.135e-222 4.0034e-129 3.81426e-248 2.01295e-248 7.35845e-224 8.30199e-223 4.39265e-185 1.16599e-321 5.88594e-157 1.11615e-57
1.1588e-135 7.80276e-144 2.37316e-207 4.58961e-72 5.32643e-207 1.91163e-104 2.52468e-321 0.631683 1.40744e-206 3.93299e-74 1.11137e-202 2.21916e-76 1.29583e-05 1.14448e-271 3.51624e-203 3.83169e-09 6.25695e-97 3.7245e-45 5.14351e-63 3.26281e-320 3.65779e-207 1.575e-62 3.17351e-224 2.16895e-321 1.4185e-276 2.28017e-139
1.03754e-322 2.6436e-140 2.81123e-321 4.18474e-321 3.64635e-255 8.28501e-86 0.890766 1.44738e-54 0.472831 3.03664e-46 0.347826 0.987656 1.44933e-191 0.893814 10.9537 2.592e-201 1.17657e-198 2.77988e-97 8.08485e-225 12.1372 2.4573 4.81573e-126 7.81758e-55 1.0871 4.19501e-139 0.639497
7.59841e-53 4.00744e-27 0.0908395 1.4505e-19 1.17132e-242 6.29665e-136 4.59481e-322 7.40988e-141 1.00347e-200 4.65459e-75 1.73769e-210 2.40381e-256 1.48943e-211 4.19956e-322 1.04854e-275 1.03467e-181 1.60169e-249 5.47471e-202 1.33398e-322 7.01079e-321 1.62042e-317 1.25242e-258 9.02509e-263 4.00193e-322 1.34563e-244 5.96705e-185
3.99928e-117 8.67419e-62 7.0593e-26 2.43872e-68 2.09986e-156 1.27911e-120 1.22528e-321 3.22055e-141 1.06837e-186 0.495656 5.12926e-203 2.5244e-247 1.39343e-198 1.1907e-321 3.92016e-167 2.06539e-151 4.47784e-197 1.69441e-147 1.04285e-290 1.72083e-320 1.05335e-319 4.69636e-218 9.19394e-222 1.02766e-321 1.67288e-207 7.195e-126
1.75746e-215 4.0194e-33 5.03589e-271 1.66448e-141 6.55191e-124 0.129996 5.94189e-318 9.87445e-76 3.66352e-210 2.07891e-06 5.65568e-206 3.89761e-161 2.58228e-54 7.98048e-207 3.23988e-215 2.10925e-23 4.0268e-09 4.22819e-208 3.83484e-195 7.81273e-265 6.70355e-315 1.77776e-230 1.89035e-187 2.34187e-321 5.84527e-77 6.74117e-84
1.22424e-20 0.034245 2.46088e-43 0.25709 4.73082e-214 5.38784e-161 5.52005e-295 3.57286e-63 1.23552e-144 0.0644645 9.52184e-165 1.13853e-224 4.72943e-131 1.17094e-321 1.57324e-212 1.17934e-209 5.83837e-220 6.83024e-198 5.78904e-253 6.82896e-302 3.22625e-321 1.29805e-236 1.71943e-143 9.83191e-322 5.55872e-211 3.2481e-135
4.49086e-297 2.13577e-237 2.59555e-111 3.21832e-207 8.62718e-97 1.72732e-133 3.0138e-321 2.74139e-138 2.62625e-212 1.31942e-58 1.11707e-122 1.10516e-264 1.89723e-228 2.79478e-193 1.06272e-134 0.473801 2.96275e-188 4.00198e-119 0.191496 1.48483e-166 5.2044e-313 0.311671 3.44549e-190 5.21665e-246 7.5298e-64 0.00671214
1.9432e-263 1.23277e-36 9.64203e-125 5.86226e-44 8.96498e-251 1.21028e-124 2.28551e-279 4.73655e-104 2.05744e-67 3.69788e-50 2.34733e-96 1.04833e-243 2.38701e-130 8.41384e-281 8.25523e-264 4.57237e-211 1.03437e-115 0.329927 6.7687e-322 1.5599e-141 1.84861e-268 5.7573e-235 6.485e-79 2.0899e-321 0.207981 3.49004e-154
1.97394e-09 6.98753e-29 1.24848e-29 1.50485e-31 4.50821e-235 9.74198e-139 6.71929e-322 2.47146e-145 1.29919e-193 6.1261e-78 6.51914e-206 2.24014e-255 1.66119e-203 6.37345e-322 5.10053e-259 3.81759e-186 3.01932e-246 4.13377e-183 1.82804e-322 1.10868e-320 6.22622e-309 3.95253e-322 2.63318e-250 5.82997e-322 2.89923e-246 1.59165e-199
3.49972e-254 2.21818e-147 5.74384e-147 1.13785e-121 3.79598e-206 4.84275e-53 8.53569e-304 3.03403e-70 1.35597e-168 1.58313e-45 1.19635e-207 2.27068e-147 3.52533e-24 3.13078e-231 8.51706e-276 1.62484e-112 0.514723 1.00228e-197 2.79269e-146 2.02925e-169 1.7462e-180 3.34354e-319 7.31035e-275 2.21341e-321 1.12394e-226 3.64985e-128
1.15604e-114 3.76653e-72 3.61174e-167 1.75724e-25 8.28137e-201 7.80212e-80 4.02249e-315 5.5586e-82 1.66624e-194 0.657822 2.26969e-149 2.10803e-176 2.78799e-228 1.26481e-321 1.39323e-129 4.70784e-208 1.34153e-145 1.31182e-78 7.52249e-211 7.74591e-293 9.98926e-194 3.13868e-213 1.69336e-195 1.5316e-321 1.39324e-266 2.00169e-108
1.42402e-111 1.94387e-35 4.17324e-187 4.3435e-07 6.41197e-172 4.12228e-98 2.6107e-272 1.308e-92 1.1068e-85 0.110954 2.1275e-140 2.97061e-127 9.35055e-153 1.94168e-321 2.30117e-154 1.6581e-166 7.8971e-253 7.12607e-73 4.5454e-322 2.61262e-320 3.47429e-198 1.16602e-225 2.20037e-41 1.61065e-321 1.18698e-200 1.33108e-212
1.16299e-245 1.80636e-106 6.88898e-139 1.71493e-144 7.147e-244 2.57838e-12 3.77977e-272 4.15803e-41 3.41651e-129 1.65082e-79 4.875e-103 6.62837e-228 2.88957e-240 5.26421e-213 4.22527e-120 1.46681e-180 0.280666 3.55354e-60 6.17582e-322 2.26119e-317 6.89431e-264 1.75795e-115 3.2766e-116 1.99603e-321 9.15787e-119 5.88184e-44
6.08686e-241 3.22735e-151 9.70151e-222 2.14972e-106 5.35778e-229 0.00612373 1.83298e-321 5.06112e-29 6.95481e-115 2.43457e-43 3.83077e-151 1.18745e-247 4.54596e-185 1.6897e-321 5.44847e-110 1.7103e-147 1.76607e-23 7.40674e-197 9.38776e-207 8.90932e-196 4.53181e-295 1.07517e-70 5.85665e-246 1.76876e-321 1.38113e-211 3.47257e-158
2.34535e-216 1.0556e-95 3.9782e-13 1.95069e-101 0.935133 0.164388 5.96909e-311 5.95625e-142 3.75334e-67 1.12126e-33 2.77632e-172 5.01314e-174 1.31232 1.92871e-177 2.14034e-282 2.10761e-136 4.74218e-101 7.47044e-59 2.15744e-78 1.05309e-245 1.8339e-207 0.0182357 0.280282 2.5889e-321 1.66555e-71 2.51277e-146
9.72607e-143 2.97733e-125 8.63778e-146 2.02769e-99 7.64564e-131 1.66691e-35 1.46737e-321 6.53221e-74 2.41021e-98 4.43867e-32 5.7066e-207 8.00641e-177 3.02632e-79 1.50196e-321 1.36698e-164 1.39384e-175 1.89564e-166 0.0609461 2.35021e-281 2.30679e-320 6.49254e-233 3.40948e-167 1.227e-169 1.89721e-321 2.29556e-182 1.29002e-98
