6.31579e-30 2.08564e-64 6.67861e-150 5.17764e-131 5.8754e-117 8.31713e-58 1.05682e-118 5.3795e-252 4.99432e-07 4.58238e-178 1.72379e-46 0.000146694 5.18496e-118 9.84174e-44 3.41075e-30 4.04507e-158 6.11862e-122 1.97153e-82 1.46319e-15 6.02163e-77 1.10571e-184 9.72093e-190 1.52942e-88 1.0727 1.2019e-30 2.07894e-232
3.47031e-60 4.37002e-86 2.46867e-102 3.25205e-81 1.08004e-100 2.68187e-68 2.94321e-217 2.34401e-92 0.247253 2.66191e-121 2.21611e-93 2.51705e-05 2.91005e-321 8.11902e-128 3.69217e-67 1.36977e-95 2.33597e-227 8.9302e-199 1.42678e-46 7.84079e-251 1.4756e-197 2.35819e-178 1.24595e-13 7.35552e-142 4.23792e-114 5.48316e-230
1.02638e-272 3.02596e-21 1.77874e-94 1.11316e-315 0.0116388 2.26354e-64 4.86216e-117 1.48269e-25 3.95753e-81 4.10623e-74 0.0059106 1.26671e-47 1.01986 4.02718e-30 0.126128 1.03726 3.54663e-246 0.280906 0.166875 0.829299 4.09728e-78 0.481463 1.87429e-06 2.27151e-85 1.91946e-174 0.488451
3.30528e-21 0.0462614 1.64582e-09 2.8954e-84 1.53097e-102 2.76424e-136 2.55743e-194 1.07161e-207 5.36537e-90 1.44129e-243 8.31939e-195 4.43691e-83 6.00665e-286 1.43728e-136 2.50134e-117 8.09014e-153 2.54202e-274 3.67688e-138 1.02452e-149 6.62943e-251 9.74229e-211 6.69459e-321 6.29399e-120 1.63644e-146 5.63442e-167 2.6199e-205
3.25045e-07 1.23204e-14 6.00781e-27 7.25109e-38 9.71089e-136 7.74181e-146 6.27475e-194 1.00432e-202 4.02294e-101 2.29528e-235 8.46106e-189 2.23071e-61 1.38338e-321 2.1077e-163 2.97999e-115 6.26767e-189 5.89325e-238 2.00135e-220 7.43239e-151 5.2736e-270 5.47864e-162 6.47226e-322 5.31522e-167 6.41279e-130 2.2555e-194 3.39162e-263
5.46818e-190 2.58055e-64 2.14729e-68 1.7393e-173 0.220255 3.17822e-32 1.40386e-224 2.45525e-13 5.12358e-49 7.39916e-190 1.35809e-113 3.36512e-45 2.05698e-119 4.96367e-19 4.01782e-145 5.75198e-99 1.53237e-184 6.55e-66 0.0699307 9.83651e-170 9.29967e-194 1.00513e-129 0.184582 4.48797e-163 1.29565e-106 4.35287e-194
0.14632 6.64813e-06 2.63239e-07 1.6261e-06 3.74466e-75 7.6643e-87 1.01011e-172 8.84293e-172 7.22942e-77 1.26177e-115 2.61072e-122 0.0285198 3.21997e-291 7.85153e-172 1.02082e-58 3.50243e-158 1.55827e-194 2.40994e-192 1.54575e-126 1.87184e-242 7.46022e-178 9.0414e-322 9.20742e-117 4.86228e-106 1.05842e-65 1.51799e-213
3.51904e-150 7.78294e-94 5.50526e-80 3.52555e-188 1.1134e-11 4.84137e-124 7.62384e-231 1.32849e-79 1.20613e-128 8.31521e-146 7.05247e-82 6.19556e-22 2.26895e-159 8.33911e-76 0.0407686 1.89369e-169 2.25032e-160 0.065995 1.75555e-50 3.78485e-288 1.16978e-104 1.39946e-209 1.78728e-113 1.97403e-162 2.63474e-33 4.11009e-156
2.32904e-98 7.48487e-180 4.63592e-164 0.150098 5.11955e-41 0.426521 5.75013e-189 0.100673 1.22206e-123 2.04302e-20 4.52669e-113 1.84461e-35 7.34721e-270 1.11067e-178 0.0307866 5.57069e-128 0.884858 4.20123e-125 1.69193e-132 1.4459e-152 3.83508e-58 3.4832e-75 1.58779e-143 8.1301e-145 1.54385e-84 3.58224e-256
2.16597e-79 4.97783e-84 2.71124e-35 0.158461 1.3537e-64 9.31391e-58 6.64557e-196 2.33179e-227 1.10832e-81 1.61841e-19 8.22178e-114 1.25702e-26 3.05827e-321 2.08995e-150 0.0532469 9.98434e-207 1.12214e-102 0.0608232 6.77583e-99 1.09718e-302 6.95065e-25 2.58989e-147 1.19086e-13 7.48179e-144 0.0937192 1.28475e-148
3.44961e-78 1.27135e-73 2.14798e-53 2.84284e-146 1.00406e-96 4.03436e-83 7.76748e-192 2.05559e-221 8.18153e-92 3.0309e-164 1.63543e-212 0.0836248 3.03458e-239 6.56124e-126 2.61805e-79 5.38621e-131 1.34503e-170 2.67398e-79 3.01816e-123 2.4766e-184 5.0565e-142 3.12536e-300 8.58481e-79 3.94846e-57 3.56085e-111 7.05053e-229
8.14507e-14 5.06592e-11 0.0584149 1.95926e-21 1.96434e-119 1.48649e-152 2.73004e-186 2.69798e-249 2.00283e-116 1.77165e-212 1.08463e-165 3.95434e-48 7.06514e-322 8.91512e-171 1.69253e-133 7.48929e-204 1.99508e-224 2.09128e-197 2.72061e-131 2.35062e-300 7.76876e-171 2.71682e-302 1.54578e-170 1.07335e-146 3.62698e-156 1.26065e-260
2.22802e-38 2.85918e-88 4.86526e-153 2.61219e-228 4.298e-112 3.01867e-41 2.64072e-44 0.854137 1.13132e-35 5.75096e-177 1.29206e-65 2.87467e-87 1.83111e-256 0.295772 4.01962e-57 4.49608e-60 8.80286e-202 1.18965e-33 4.30977e-21 7.22819e-78 0.295107 3.25665e-130 8.82866e-172 0.0457911 8.48793e-129 1.88035e-61
1.06221e-25 2.64558e-75 5.47488e-122 1.01231e-196 1.69353e-60 1.37333e-149 1.04191e-227 2.70707e-96 5.10578e-38 1.25006e-246 2.30398e-43 0.288756 3.10273e-321 3.42e-99 7.32418e-131 3.18855e-125 1.50361e-110 5.47794e-162 1.05777e-33 1.43298e-301 2.07036e-168 7.77899e-146 9.64258e-51 2.78223e-64 1.36312e-54 2.90791e-176
5.13508e-153 1.74516e-30 1.97112e-21 6.12708e-83 2.42892e-73 2.79961e-14 1.49623e-67 3.74805e-201 2.36993e-15 3.29474e-58 1.93315e-118 3.57046e-46 3.10273e-321 2.38433e-127 1.26118e-91 2.87239e-127 2.90485e-81 3.49675e-129 0.145274 7.90577e-182 1.39036e-199 7.69028e-241 8.60752e-57 8.47772e-166 1.11548e-79 8.05696e-257
9.7979e-155 1.73091e-140 1.24929e-05 4.25244e-218 2.19437e-138 2.88516e-126 3.61051e-141 8.13274e-42 1.65037e-57 1.04005e-128 1.0929e-117 0.400084 7.95192e-184 2.31267e-80 3.64956e-109 8.98164e-88 9.66938e-216 1.6328e-05 1.14804e-113 6.03678e-279 1.19962e-38 4.21771e-120 8.77447e-112 1.36162e-98 1.7974e-35 5.20284e-162
1.49866e-34 9.31268e-180 8.5193e-53 4.22559e-213 6.78995e-45 6.92014e-86 0.188342 4.89987e-07 0.143095 0.119569 0.855402 8.51433e-26 3.58692e-321 7.22853e-83 1.12826e-128 4.58011e-92 2.94113e-153 9.95577e-80 8.13981e-62 4.17144e-215 2.45164e-186 2.9738e-233 2.18092e-57 2.1527e-104 4.70128e-163 2.28269e-122
