9.05961 0.0502513
1.2335e-18 9.71903e-35 1.6183e-40 9.75049e-43 4.96117e-28 4.97943e-46 2.82673e-24 8.19689e-39 5.70694e-47 3.50503e-30 7.04669e-29 1.54064e-27 6.31507e-16 1.88274e-27 6.61887e-27 5.58055e-40 3.5587e-36 3.04533e-30 0.341433 2.49467e-57 1.67388e-43 1.23945e-14 3.74779e-44 1.94636e-56 3.66413e-16 4.51289e-23
8.1586e-20 4.51038e-12 0.000134463 4.13874e-16 2.60287e-07 7.56691e-33 6.7168e-38 2.32012e-25 1.35543e-37 1.64434e-17 3.49066e-20 1.1561e-36 3.69047e-11 0.14081 5.12415e-14 5.11571e-16 2.63306e-43 2.43722e-60 3.5617e-17 1.91698e-21 2.11483e-09 5.52425e-20 3.97605e-20 3.36202e-74 1.34102e-05 0.000518624
1.61399e-20 6.79933e-10 8.46596e-63 1.47966e-05 3.76224e-37 4.99846e-11 2.56932e-50 2.23138e-28 1.21786e-07 4.88917e-21 0.0777871 1.54007e-26 9.65201e-33 3.43235e-10 9.10327e-23 8.58428e-39 0.211414 5.11243e-57 1.41289e-10 8.9024e-32 7.68481e-15 0.000395376 8.10678e-46 6.43206e-79 0.0854504 7.13569e-38
1.03536e-19 3.53952e-34 1.11744e-29 1.20776e-25 9.47488e-28 2.17897e-51 7.39084e-31 7.91645e-30 4.5925e-37 8.70536e-15 9.84038e-23 7.05254e-34 5.8074e-32 9.382e-31 8.31949e-29 1.26225e-37 4.10246e-31 1.43556e-19 0.178142 3.79395e-36 3.87655e-51 0.00398504 4.63014e-23 7.65568e-50 6.49308e-40 1.20389e-39
7.20565e-12 1.47793e-18 6.92418e-22 5.3753e-16 3.63024e-29 9.39571e-49 4.97176e-32 7.57744e-28 1.28758e-20 4.22248e-24 1.21879e-45 6.37247e-14 5.63295e-14 2.40036e-17 5.02346e-31 6.17634e-41 2.88358e-21 9.47028e-57 1.44804 3.94541e-57 1.11927e-36 1.52739e-27 1.07438e-38 1.39452e-75 2.74158e-20 4.78896e-41
1.41382e-12 0.00612721 2.86526e-11 1.58445e-26 1.64308e-20 1.61166e-45 1.07705e-39 0.00409501 0.0633013 8.23481e-39 4.31257e-18 6.64511e-06 2.40756e-07 1.01458e-19 4.31523e-22 2.2641e-21 1.36429e-06 1.19978e-24 0.345198 2.8185e-18 1.0894e-15 1.15473e-24 2.26999e-09 1.12577e-59 4.02691e-35 4.7763e-05
0.000542487 1.81825e-20 7.02158e-08 0.0354215 2.61116e-11 4.10979e-46 1.50451e-37 3.89152e-32 3.81374e-17 8.35391e-21 1.00789e-39 2.76744e-24 8.06492e-08 1.81303e-39 1.45505e-39 7.66445e-23 1.33894e-53 1.97511e-30 0.0139361 3.07594e-62 2.83319e-40 3.51204e-07 1.58971e-10 3.76928e-72 0.274472 3.58573e-22
0.386765 3.00228e-20 6.51517e-39 9.05433e-19 3.86563e-15 1.55173e-39 1.84133e-48 8.66071e-25 1.32568e-16 0.0139114 7.8315e-10 4.92757e-22 2.71436e-28 3.73487e-36 4.65435e-35 4.16013e-35 3.15612e-29 6.22215e-12 1.94291e-19 2.01862e-60 5.71541e-49 9.7732e-14 4.12169e-34 3.42468e-46 1.71898e-25 9.69963e-16
8.50765e-06 1.0955e-33 7.87465e-46 2.70439e-37 2.80122e-25 6.31452e-26 2.18701e-30 1.6428e-24 4.33179e-21 1.41965e-29 3.73724e-41 4.00481e-16 2.17528e-38 1.46208e-20 6.65081e-49 6.33964e-43 4.68464e-30 2.31934e-08 0.774144 2.64702e-57 4.57007e-19 0.00321225 2.04211e-40 5.24645e-55 1.77759e-41 2.78171e-40
2.107e-28 4.37894e-08 0.0258561 0.0022085 5.08463e-32 2.68553e-44 3.65133e-49 9.20826e-05 6.26841e-29 9.23096e-06 2.35696e-27 8.32974e-36 0.174216 2.42736e-10 1.5373e-10 0.00241318 1.93936e-40 0.0331984 0.724325 5.47524e-32 1.83634e-23 9.94488e-30 0.01953 3.80904e-60 2.74242e-24 5.86745e-39
2.42684e-08 8.27622e-08 5.78781e-08 4.81909e-42 0.0342967 1.84581e-46 3.81359e-41 1.64039e-18 4.74273e-42 0.0289674 2.67966e-25 1.13392e-09 3.90627e-27 0.00440133 3.4713e-08 5.87248e-31 5.36657e-58 1.11157e-28 0.128956 1.5565e-38 5.64182e-45 2.76606e-16 4.20195e-45 1.75968e-42 3.87528e-40 2.91692e-36
1.35976 7.53335e-18 5.84519e-16 1.55928e-18 1.79525e-05 1.87348e-44 2.70139e-14 1.16557e-32 0.000781776 1.15368e-13 1.40118e-22 1.87495e-24 9.50639e-18 4.58225e-08 1.97503e-45 0.0716188 5.6849e-25 7.82885e-20 1.27893e-12 0.140307 1.45163 3.26004e-17 0.00248036 0.0202441 3.79225 1.49837e-17
9.6238e-22 6.28681e-20 4.04659e-42 1.26946e-15 1.79551e-05 0.0970536 0.193014 9.34473e-34 4.42532e-44 1.48889e-15 2.68592e-15 0.0289839 4.9301e-25 3.10269e-17 0.0637386 2.8227e-25 3.30399e-44 7.63581e-43 0.205305 5.37473e-13 6.47024e-49 1.74682e-17 5.05879e-16 2.85911e-43 5.22749e-39 0.0678462
