0.000103692 6.59379e-10 7.43847e-05 0.0310624 1.00749e-193 9.46228e-125 8.28671e-147 1.57046e-146 7.31171e-228 8.36386e-147 2.48469e-197 5.80739e-210 6.78704e-272 2.71454e-111
2.30254e-215 8.93248e-108 2.16918e-96 7.23686e-236 7.1469e-106 0.680351 0.396045 3.12928e-106 3.30372e-152 2.22299e-51 5.40918e-129 3.31669e-86 6.61561e-65 1.47967e-61
9.64542e-71 2.01485e-122 8.96787e-37 5.8092e-145 3.40956e-47 0.13299 5.77371e-144 2.79281e-21 5.94189e-188 1.64278e-131 0.219115 3.08165e-73 5.45718e-155 6.38671e-104
5.73305e-141 1.20896e-206 6.80436e-86 9.69837e-198 2.64402e-175 7.56743e-116 5.01535e-58 1.73694e-131 9.32116e-121 1.28357e-13 0.259886 1.72998e-95 7.79251e-214 1.23381e-110
4.86886e-172 2.0521e-193 1.34696e-116 4.47934e-255 0.328672 6.48171e-62 2.93345e-57 2.11718e-127 0.228666 1.22685e-12 4.73988e-82 0.351163 5.0661e-126 7.52805e-54
7.29306e-24 8.47731e-134 6.6095e-47 1.096e-30 6.32811e-105 4.03482e-66 2.70054e-86 0.0624716 1.40817e-187 0.103064 2.09655e-72 1.05601e-150 3.4623e-241 1.32575e-26
3.57114e-64 2.26676e-163 0.0945076 2.82796e-108 7.21598e-54 1.30855e-108 1.36093e-136 1.57963e-88 6.5354e-180 0.186571 8.08104e-104 4.76031e-144 4.40731e-253 3.04997e-101
1.70332e-77 9.92527e-43 2.98485e-47 1.10251e-146 7.35138e-131 2.69422e-21 2.17387e-69 3.85846e-141 1.22436e-203 9.69642e-112 2.94553e-194 1.34324e-143 4.46566e-193 0.169993
1.46697e-43 0.145826 3.39074e-70 2.52852e-134 2.82907e-114 1.8722e-116 4.49549e-144 6.88934e-81 1.02959e-154 1.95617e-41 6.44373e-58 1.8985e-118 2.74426e-254 0.100637
3.97967e-23 2.40269e-33 7.1464e-77 9.73098e-77 6.42049e-184 0.170377 1.18728e-80 9.82279e-86 3.43935e-145 2.23372e-105 4.73114e-88 5.73543e-209 7.498e-158 2.17851e-101
1.91717e-30 2.12721e-144 3.57271e-166 7.62841e-91 1.29318e-28 0.000844347 1.90933e-72 5.99238e-34 0.144045 1.53031e-12 1.69972e-79 1.25715e-79 0.474931 0.369547
8.84596e-166 1.14296e-90 0.00394037 1.98977e-60 8.58459e-80 0.137656 2.20985e-145 6.21885e-96 4.09373e-123 1.25341e-09 1.04872e-105 3.5114e-59 8.95506e-223 1.20047e-28
