4.89125e-321 4.74303e-322 2.35732e-315 2.22083e-320 7.79142e-321 1.14327e-320 2.0674 3.94388 0.348911 1.62355e-277 4.28988 1.07607e-320 2.13828 1.85199
3.94361e-260 6.0276e-322 1.85275e-321 2.13706e-96 8.10268e-321 1.32702e-200 3.65609e-321 3.71537e-321 5.34085e-321 1.1143e-173 1.02568e-320 4.29343e-321 5.21239e-321 6.32404e-321
4.77267e-321 1.00295e-321 1.36362e-321 3.09384e-320 6.0523e-321 7.97422e-321 3.00392e-321 1.12943e-320 7.64794e-71 0.184515 7.64814e-321 4.57011e-321 1.00762e-195 5.14816e-321
3.54245e-321 6.0276e-322 1.61065e-321 8.67374e-207 5.79539e-321 1.10819e-320 4.0711e-321 9.54041e-321 5.81573e-212 4.02663e-242 1.74005e-296 8.53745e-321 1.92499e-185 0.0926396
8.9972e-149 5.78057e-322 3.36532e-115 1.92395e-64 4.43177e-321 7.94458e-321 4.27861e-321 1.24702e-320 0.347422 4.9456e-321 4.55095e-307 4.73848e-242 1.24003e-180 5.19263e-321
6.50432e-160 5.51075e-239 1.73911e-321 1.58201e-252 3.57704e-321 0.944271 1.36362e-321 2.94957e-321 3.54739e-321 3.86359e-321 5.35567e-321 1.85275e-321 3.07803e-321 3.07803e-321
1.01933e-67 4.64422e-322 4.77326e-13 2.23861e-320 3.60174e-321 0.528371 1.75393e-321 2.91005e-321 3.83889e-321 3.6215e-321 4.14027e-321 2.22824e-321 4.11466e-276 9.25261e-198
5.69141e-18 5.90684e-34 7.97968e-28 4.51981e-32 9.23903e-322 1.63536e-321 4.69362e-322 9.53547e-322 9.73309e-322 9.23903e-322 1.27469e-321 6.07701e-322 1.24999e-321 1.12647e-321
0.00209673 0.000481702 0.00120755 0.0134882 1.4822e-323 1.4822e-323 0 0 9.88131e-324 9.88131e-324 1.97626e-323 0 9.88131e-324 9.88131e-324
1.57486e-291 1.88665e-92 1.80828e-321 2.22083e-320 3.03356e-321 6.89716e-321 3.32012e-321 4.50588e-321 0.5419 1.08312e-257 5.61753e-321 3.89324e-321 3.99205e-321 1.45146e-35
1.30046e-80 8.35599e-311 6.41456e-239 4.30578e-320 2.87395 1.24208e-320 5.35567e-321 6.9021e-321 8.5918e-321 1.49693 1.28457e-320 2.36577 8.28096e-78 1.62798e-214
3.16546e-15 5.62494e-93 7.85624e-137 5.47967e-133 1.18082e-321 1.91203e-321 5.68175e-322 1.082e-321 1.16599e-321 1.01283e-321 1.39327e-321 7.75683e-322 1.26975e-321 1.56125e-321
