5.12214e-58 1.02321e-320 4.11252e-51 1.27203e-161 5.96693e-220 1.68799e-213 7.59926e-229 2.68048 8.49793e-322 1.50196e-321 0.236679 7.74536e-109 4.45153e-321 0.0713938
2.44562e-321 1.24702e-320 2.35669e-321 2.56625e-44 0.860076 2.7235e-13 4.0831e-267 1.10017e-172 1.12153e-233 0.56162 1.02657e-297 1.11675 1.63129 3.54245e-321
1.1556e-245 1.00541e-36 7.23281e-187 2.12078e-112 1.28327e-242 4.35832e-166 5.61259e-321 0.0436663 2.5345e-250 7.65802e-322 1.91023e-239 1.86644e-195 2.65807e-321 1.58294e-100
1.09925e-11 7.8594e-05 0.135952 0.0636867 4.25157e-286 8.2509e-322 1.96144e-321 1.02925e-199 2.02567e-322 2.02567e-322 4.34778e-322 7.16395e-322 9.63428e-322 2.08538e-305
1.90709e-321 1.46071e-319 1.92509e-253 2.47976e-206 1.01041e-33 5.79556e-284 3.87784e-65 2.46622e-99 7.60861e-322 7.95446e-322 1.15902e-234 6.56129e-107 3.86853e-321 0.363497
2.73249e-176 1.88321e-183 6.98045e-312 1.97659e-130 2.33557e-213 2.778e-124 0.664605 1.99516e-175 1.16599e-321 1.42785e-321 1.84781e-321 2.86628e-151 0.0211731 8.01566e-306
0.177897 1.61178e-96 2.23936e-68 3.86197e-84 2.92315e-164 1.3241e-321 6.71152e-262 7.19216e-149 4.10074e-322 3.90312e-322 7.5098e-322 1.23022e-321 3.46434e-313 5.38039e-302
1.8231e-321 9.73803e-321 3.6017e-66 8.7021e-41 3.00799e-111 0.211779 4.94523e-196 9.61219e-174 8.69556e-322 8.59674e-322 2.85921e-219 1.54219e-295 3.14226e-321 1.47198e-35
2.29573e-301 9.12539e-321 2.07275e-203 2.53604e-135 9.45582e-102 3.43649e-316 1.20685e-29 6.41868e-181 1.02407e-137 1.06718e-321 0.13669 7.34858e-242 5.41263e-75 2.19756e-198
7.48044e-200 1.12499e-320 2.63573e-76 1.88153e-10 3.2758e-218 0.409035 1.85391e-54 1.0611e-133 1.13141e-321 9.09081e-322 1.75003e-159 7.21531e-23 1.10063e-44 2.9026e-230
3.81888e-239 1.27914e-320 7.88435e-228 1.46737e-321 4.57986e-49 7.60947e-218 1.09206 7.64797e-70 0.288248 1.75887e-321 1.64339e-101 4.27367e-321 5.05923e-321 5.36503e-98
9.80617e-242 1.25888e-320 2.6305e-211 1.73731e-17 1.87356e-164 0.198628 1.75482e-104 1.40245e-10 6.01352e-165 2.05037e-321 2.86104e-37 1.01466e-07 1.27568e-319 2.30437e-188
