3.74023 0.275636
6.78352e-190 5.86251e-219 1.06729e-228 1.45202e-150 1.19053e-47 9.52827e-125 7.31153e-222 1.84781e-321 2.52962e-321 5.88862e-94 2.56087e-34 2.55432e-321 8.38923e-321 2.26621 5.9975e-253 2.04049e-321 5.74728e-80 0.105731 8.09246e-81 1.18576e-321 1.72923e-321
1.56956e-12 7.82086e-113 5.28916e-110 2.58753e-82 5.28436e-16 1.00995e-125 7.54212e-106 8.99199e-322 1.13635e-321 2.85601e-196 7.13687e-143 8.3003e-322 3.85865e-321 0.485088 6.0276e-322 8.84378e-322 3.22652e-256 1.86124e-163 2.89139e-137 4.64422e-322 4.99006e-322
1.17918e-12 0.0555876 3.2282e-36 1.35904e-35 4.2863e-35 0.0841028 8.46721e-34 4.99006e-322 6.66989e-322 2.36847e-227 1.69602e-197 4.79244e-322 1.97132e-321 3.35851e-74 3.35965e-322 4.84184e-322 4.07941e-169 1.25269e-164 7.28973e-149 2.66795e-322 2.96439e-322
8.05327e-321 5.04389e-218 6.71968e-291 1.41278e-164 1.03222e-132 1.76381e-321 2.4208e-84 3.67585e-321 5.8695e-321 2.47465e-84 0.00612821 2.87052e-321 7.87905e-204 0.049875 0.547255 7.18848e-308 5.09475e-135 2.77757e-39 2.54612e-60 1.68476e-321 2.07014e-321
0.00448009 1.66597e-27 1.31735e-06 7.53861e-09 0.0076665 1.59544e-19 0.28117 9.88131e-324 0 2.78375e-255 4.6935e-183 9.88131e-324 4.44659e-323 1.26787e-104 4.94066e-324 9.88131e-324 9.36264e-256 6.48592e-244 3.10611e-190 0 4.94066e-324
1.13801e-136 9.62801e-115 2.47179e-153 1.80737e-188 1.38937e-193 7.13268e-18 5.27892e-304 2.2727e-321 2.94463e-321 1.18587e-251 3.38728e-97 1.8231e-321 2.56949e-314 0.0688708 5.62352e-246 2.99898e-321 4.53347e-94 4.74701e-52 1.68335e-202 1.32904e-321 1.35868e-321
2.03649e-65 3.9072e-193 5.03229e-112 9.26939e-147 3.52551e-170 5.04918e-99 4.93701e-124 1.5069e-321 1.75393e-321 1.04364e-178 7.23135e-185 1.46243e-321 7.4011e-321 1.39197 8.49793e-322 1.49208e-321 1.08593e-223 1.45232e-150 2.53754e-79 8.79437e-322 9.43665e-322
3.26978e-95 6.91039e-45 0.177456 7.44793e-125 2.16595e-35 2.09297e-129 7.3555e-111 8.20149e-322 1.04742e-321 5.26936e-174 9.84186e-99 9.18962e-322 3.67585e-321 2.43978e-36 5.68175e-322 8.94259e-322 2.14362e-208 1.80602e-184 8.98413e-197 4.44659e-322 5.38532e-322
7.93415e-32 0.00193247 9.25226e-63 3.51333e-29 1.51029e-05 5.90627e-43 5.79423e-27 8.54734e-322 9.58487e-322 3.93238e-194 7.57566e-170 6.57107e-322 3.45352e-321 1.18938 6.57107e-322 7.80624e-322 2.234e-204 1.42107e-134 1.72913e-130 4.29837e-322 4.89125e-322
0.00494234 5.96766e-82 3.25318e-53 0.31742 3.68313e-136 1.16924e-86 5.5652e-91 2.10966e-321 2.06025e-321 3.51556e-260 8.87267e-89 1.63536e-321 1.01827e-320 0.0054065 4.12097e-285 2.13436e-321 1.29083e-153 2.56649e-78 7.00893e-105 7.90505e-322 1.24505e-321
8.91294e-321 2.10472e-321 5.02148e-67 3.05579e-313 1.53901e-320 7.17135e-29 4.94066e-323 1.51329 3.12411 1.39351 7.03768e-130 1.56279 7.75942 5.58958e-98 4.73315e-321 1.64295 7.79062e-247 1.67473e-10 0.60587 1.13267 1.05465
7.55761e-86 4.59337e-69 8.19176e-148 2.644e-172 2.53437e-161 2.10574e-211 3.07758e-78 2.40683e-317 2.92487e-321 8.40037e-169 2.0509e-48 2.41104e-321 1.24258e-320 0.130135 1.25493e-321 2.12942e-321 0.166732 3.1886e-216 1.76713e-168 8.20149e-322 1.06718e-321
9.3787e-191 1.03195e-202 1.96063e-121 2.7215e-216 3.03725e-154 1.55938e-19 4.50025e-127 2.01085e-321 1.84286e-321 2.62963e-129 2.16161e-164 2.05037e-321 7.04044e-321 1.3258 2.90649e-219 1.53654e-321 2.76275e-207 4.14388e-121 3.50962e-68 1.02766e-321 9.68369e-322
1.91253e-302 2.33749e-142 1.0486e-139 1.24889e-198 8.68056e-180 8.42265e-207 2.47033e-323 2.96439e-321 4.51576e-321 9.26705e-141 1.65043 3.79442e-321 4.04814e-108 2.248e-63 2.16476e-192 6.84185e-275 2.32977e-246 1.94988e-93 0.109385 1.38832e-321 2.19859e-321
