4.04864e-08 0.00622457 0.110617 7.8541e-06 9.2522e-06 2.20006e-09 0.000201464 1.19366e-195 1.48454e-73 2.26988e-235 1.17565e-151 1.64805e-133 2.77292e-207 5.28099e-162 8.1116e-130 1.33239e-134 7.46313e-156 4.25033e-208 4.5769e-141 1.67614e-143 1.19676e-182
1.44265e-52 1.3192e-23 2.25744e-21 9.24621e-99 3.8224e-34 4.98098e-75 1.8072e-126 1.07802 3.97069e-44 2.79641e-49 1.95447e-148 1.99705e-30 1.25341e-207 6.47446e-144 4.31582e-37 1.17872e-119 0.314304 0.032731 5.12195e-119 1.17637e-110 0.0638736
1.32841e-94 6.79362e-159 1.85035e-53 1.58682e-76 6.91159e-17 4.09847e-163 5.88088e-31 9.16082e-146 0.317449 7.35755e-194 1.159e-138 1.31519e-36 6.65207e-143 1.31038e-120 2.18233e-113 1.21017e-21 1.05628e-89 6.35423e-51 1.89034e-14 2.41017e-92 1.84309e-112
1.01689e-65 1.53766e-117 1.68108e-19 4.13182e-99 3.16807e-24 1.39237e-05 4.78954e-116 4.08006e-144 3.46265e-65 1.39493e-200 0.0758106 2.18424e-122 7.02958e-190 1.12292e-37 7.10126e-73 1.03401e-120 9.15064e-107 0.0587297 0.138399 8.34733e-134 2.51192e-90
1.09478e-23 2.09421e-119 2.41341e-25 2.65463e-187 9.76168e-84 2.49935e-169 1.0577e-113 5.17611e-178 0.103444 5.57061e-207 2.03222e-87 7.4093e-32 1.09708e-52 9.55079e-25 2.21851e-31 0.260375 8.89301e-161 5.68287e-178 1.4481e-133 2.02378e-27 5.4867e-41
3.90183e-08 1.80726e-138 4.67153e-83 3.86944e-172 7.80936e-07 2.59732e-136 1.41725e-132 0.659713 8.71633e-62 4.0129e-179 1.21095e-152 1.11655e-91 1.68857e-69 1.60298e-33 6.86255e-52 5.24737e-99 1.43837e-145 8.13839e-161 1.6514e-12 0.0668729 5.00975e-161
1.23363e-58 1.80643e-62 2.01881e-96 1.57842e-80 1.12938e-44 8.31209e-94 2.44549e-97 2.97464e-140 0.0590938 9.28584e-121 1.98925e-98 3.28108e-101 4.19213e-81 3.24824e-160 1.61191e-32 4.10734e-121 1.74402e-136 7.8162e-193 3.2072e-125 3.75704e-69 1.264e-103
0.00114046 0.000109482 0.00338013 0.00144758 0.00405459 0.00376262 0.0117727 5.05502e-199 4.26734e-76 2.40875e-237 8.24081e-154 1.5794e-132 4.12485e-210 1.40601e-162 1.72399e-128 1.88379e-137 1.49889e-161 3.34759e-212 2.92686e-143 1.09045e-142 6.18855e-190
1.66064e-47 4.32531e-191 1.37924e-217 2.01331e-171 1.7095e-16 1.25739e-49 2.75127e-41 1.29088e-63 0.722935 0.273332 8.3698e-111 4.89721e-52 0.318441 3.28463e-69 0.405606 3.59821e-124 1.04856e-52 4.63795e-48 1.10464e-132 3.15986e-52 3.58116e-177
5.40039e-79 3.19563e-133 3.2752e-118 3.89985e-11 1.42144e-14 5.91217e-65 1.16698e-54 3.42724e-137 0.113372 7.53214e-218 6.74989e-50 2.19152e-44 2.28653e-108 2.36403e-144 2.39336e-108 0.051164 7.20513e-143 2.50124e-97 1.62214e-112 1.56038e-35 2.53028e-73
2.79197e-103 3.88429e-26 1.25725e-73 1.70579e-121 1.61994e-62 1.06707e-184 2.58107e-123 2.8215e-100 2.48347e-73 4.58641e-96 4.23945e-121 0.137086 4.36517e-55 0.099494 1.3401e-12 1.20205e-94 2.46269e-22 2.72604e-54 7.19068e-26 9.68887e-107 3.75798e-184
1.22662e-23 1.24299e-155 2.3155e-67 3.40112e-75 2.20551e-32 3.55334e-38 1.97284e-109 8.83363e-133 3.11205e-11 1.18737e-97 1.24639e-17 8.12444e-95 2.71048e-200 5.65999e-157 2.57156e-25 0.136187 2.046e-123 9.47277e-54 6.37873e-55 8.3026e-21 3.35875e-34
9.14983e-109 1.9983e-150 2.07484e-44 1.69097e-78 3.07498e-40 2.20946e-16 2.58611e-110 4.1954e-95 2.21347e-71 8.08795e-106 6.04147e-17 0.0700936 6.10472e-156 3.16163e-09 8.64823e-62 3.83231e-74 3.09533e-101 1.84338e-146 3.39447e-111 1.99289e-136 8.94487e-17
3.14213e-77 2.22657e-149 4.61557e-24 3.09257e-139 6.12005e-17 9.74624e-06 2.58495e-15 1.91565e-75 3.28081e-12 8.72959e-212 9.01159e-43 1.96084e-59 2.50833e-84 0.198665 1.66378e-118 0.680327 1.80132e-36 6.74015e-186 5.65786e-135 5.49607e-65 1.3986e-151
