1.49991e-08 1.23871e-126 1.03496e-37 3.24746e-61 3.31267e-149 1.8953e-103 0.091944 6.50771e-70 7.58852e-15 1.24236e-128 1.72575e-165 0.254703 7.94635e-105 8.94015e-52 1.16317e-96 6.40238e-42 1.41834e-73 1.62293e-168 2.15244e-158
1.17141e-05 0.386722 8.41614e-08 2.23961e-180 5.0681e-195 8.8066e-124 3.11209e-67 4.82931e-79 1.37789e-131 1.06935e-123 1.66534e-167 2.66972e-74 6.95607e-146 4.67523e-73 3.37914e-110 4.50512e-120 2.08142e-116 1.27136e-168 7.75644e-190
3.31354e-33 4.70238e-148 4.58637e-115 0.16453 2.4705e-59 1.99907e-96 3.41183e-66 1.01366e-38 2.23137e-127 8.9421e-40 1.47657e-143 3.67726e-25 0.113438 5.9693e-28 3.06174e-10 4.05849e-51 0.148878 0.264428 5.31075e-186
2.88244e-45 3.38304e-56 3.99915e-23 2.79063e-146 1.23247e-156 7.49542e-88 6.16423e-59 2.73819e-74 3.26115e-117 2.46123e-84 3.33341e-144 0.0527405 4.35944e-120 4.61377e-66 1.90945e-81 7.75032e-69 5.42934e-121 1.48838e-167 1.29478e-185
7.85781e-35 4.30074e-88 2.36793e-95 1.53649e-112 6.3323e-182 4.87746e-77 6.3447e-59 0.0589696 3.51256e-69 1.32866e-123 8.0451e-72 1.50719e-41 5.23764e-123 2.27752e-05 1.87955e-70 1.87617e-34 6.25054e-83 2.1042e-30 2.78498e-77
1.95493e-35 1.01518e-124 5.96959e-129 3.21732e-20 5.15587e-185 5.10267e-80 5.62036e-65 3.5194e-44 0.0132532 1.15534e-127 3.72633e-124 6.31234e-50 1.04667e-124 9.45125e-43 0.139191 7.89237e-22 4.21745e-39 1.37558e-151 2.33541e-128
6.15266e-73 1.02492e-32 2.61472e-30 1.28452e-104 4.46333e-164 1.07472e-83 0.164068 0.0140037 0.000119812 8.76289e-134 1.46104e-119 1.92563e-10 3.12558e-54 3.23437e-40 2.5054e-65 4.65907e-46 1.00021e-71 2.66887e-94 1.22001e-163
4.30975e-125 7.72385e-258 2.26457e-60 1.24448e-153 0.216257 0.0977058 1.2216e-57 1.07402e-73 0.117695 9.66905e-83 0.995371 5.99153e-75 9.18446e-111 3.09077 1.31789e-102 1.14129 0.438543 2.25149e-124 0.274389
6.95287e-14 6.46169e-99 3.30564e-17 5.34627e-95 4.39773e-167 5.88159e-83 1.65359e-17 6.24738e-65 1.35753e-41 2.85586e-49 1.63965e-130 0.0643117 1.28562e-142 5.60975e-61 7.65966e-108 5.57417e-69 7.80738e-50 8.36555e-160 1.75759e-121
2.78477e-65 8.17922e-100 6.84887e-09 8.63827e-151 7.4919e-202 1.44541e-71 5.13995e-29 2.96157e-26 3.37446e-122 5.13305e-92 2.83314e-166 0.078048 1.17982e-82 1.37637e-51 1.54088e-99 1.48261e-50 5.56039e-28 1.79023e-45 3.49995e-157
2.065e-52 1.02948e-26 4.20397e-17 1.46461e-111 1.01838e-129 7.37797e-50 9.04634e-63 2.2383e-71 2.02937e-29 1.16812e-46 3.01604e-124 4.533e-10 6.39537e-38 0.632317 5.97993e-98 3.29626e-34 6.37837e-106 1.11078e-24 1.18788e-167
2.8445e-58 5.37111e-68 7.11214e-65 2.25001e-172 6.62442e-184 1.30646e-48 3.08424e-39 4.39815e-26 2.69228e-34 0.0534742 4.07702e-63 3.64419e-50 9.5687e-106 0.027926 1.1536e-106 8.50462e-104 1.15484e-08 2.21303e-164 7.61589e-83
5.59032e-05 2.68693e-80 6.28689e-73 5.32857e-152 7.83189e-177 2.24673e-121 1.90158e-18 9.83148e-57 2.96567e-139 2.9023e-50 1.41708e-140 0.171802 2.75353e-109 1.86851e-54 2.11488e-70 6.38759e-83 2.96922e-60 2.20899e-81 1.15206e-128
0.00308842 0.0194815 0.000187852 1.53918e-182 1.38215e-210 9.77345e-133 2.00717e-75 1.55677e-82 4.56885e-149 1.59531e-137 6.03184e-178 1.04696e-86 6.83694e-151 6.27014e-83 1.09299e-121 1.32237e-126 8.85766e-134 8.81801e-171 3.40162e-205
