4.37771e-81 5.01952e-215 5.14028e-22 8.09305e-237 1.06279e-111 6.00069e-173 1.35566e-172 9.84483e-140 1.20558e-71 0.481667 3.9246e-171 1.43397e-94 1.62317e-126 0.0161448 2.41559e-90 1.23728e-84 4.48762e-103 2.83208e-223 1.8555e-32 1.15044e-224 3.41535e-72 3.62261e-96 4.67269e-87 8.54991e-217
7.54978e-56 5.00408e-152 2.31629e-60 6.3347e-189 1.64013e-96 9.6444e-221 3.3824e-175 1.4707e-149 5.58342e-119 0.230018 1.24539e-236 3.30427e-99 6.44496e-158 5.80385e-61 3.7814e-96 3.59333e-90 4.49805e-114 4.41804e-235 8.03577e-23 2.29717e-213 2.04427e-100 1.43348e-54 1.84134e-148 8.50976e-179
1.71239e-27 7.03766e-208 1.02991e-58 2.31075e-199 3.51359e-155 1.67577e-187 9.52142e-193 6.9428e-106 1.50677e-124 4.21712e-40 4.46759e-190 4.76019e-61 5.48553e-140 0.162838 3.60856e-129 6.73112e-56 1.98297e-127 2.3439e-256 4.49045e-49 3.08681e-164 1.1824e-110 2.04256e-95 1.57198e-117 1.83403e-199
1.01112 8.63795e-83 2.14571e-60 2.03438e-171 0.160754 1.87855e-174 5.53957e-205 1.19299e-51 3.55207e-115 2.14825e-32 4.50115e-120 1.35586e-62 1.0053e-41 1.74264e-53 1.62082e-67 2.87095e-91 7.77957e-71 6.37844e-281 2.80659e-64 1.4807e-121 1.58884e-29 7.44604e-11 0.433495 8.71648e-96
2.36318e-17 2.58352e-150 4.48031e-12 4.12505e-236 2.58066e-54 9.67583e-229 6.62857e-180 1.10397e-146 1.30008e-99 8.04817e-20 1.26306e-222 4.65119e-87 4.09969e-142 6.86648e-36 2.79304e-118 2.55529e-76 3.58805e-42 6.66767e-235 0.0682021 3.70375e-224 2.16557e-73 2.60012e-26 1.10725e-84 1.83292e-241
0.0470437 7.05671e-153 5.31244e-75 5.94286e-218 1.25693e-29 1.27195e-203 2.23635e-193 3.16273e-97 1.7765e-131 1.21915e-25 2.26661e-138 5.3392e-41 1.71625e-141 4.03552e-24 2.1946e-46 5.44163e-89 1.9401e-55 1.57893e-289 6.75493e-15 5.01299e-142 1.56387e-85 1.15707e-144 4.28671e-147 1.42e-158
1.26592e-30 3.03607e-189 2.18277e-95 3.04976e-215 5.72307e-86 3.21082e-176 5.06286e-171 3.63206e-91 2.08528e-126 3.85239e-22 1.12387e-245 2.24557e-95 2.34726e-149 0.12679 4.8711e-91 2.16224e-59 8.83688e-63 3.14524e-249 2.55983e-72 5.40714e-246 2.37558e-49 5.1793e-133 4.21209e-90 1.84335e-212
0.105194 2.75169e-184 2.20943e-14 2.82217e-243 3.25554e-139 1.90468e-215 1.93253e-201 2.34054e-140 1.06393e-130 6.61609e-51 6.81991e-115 3.40896e-74 1.67679e-138 2.19817e-25 8.88625e-50 0.0338657 0.045505 3.92169e-308 1.934e-66 5.8403e-236 1.24442e-93 4.76824e-10 1.59715e-82 4.07883e-157
6.25886e-19 5.83732e-144 1.37756e-71 7.97876e-163 6.23845e-143 2.4e-219 4.77e-148 8.66325e-104 2.16397e-105 1.45954e-13 7.02698e-262 5.15173e-90 2.41816e-159 7.41979e-67 7.55744e-125 5.71289e-47 1.1583e-132 1.32173e-259 0.122122 4.15137e-235 2.75709e-56 2.61385e-48 6.27897e-105 1.56569e-175
2.42903e-24 2.96199e-149 4.35437e-13 4.14276e-222 1.1559e-92 2.14455e-223 1.44183e-132 1.6061e-131 1.36686e-53 9.61525e-30 3.39393e-256 1.35526e-98 2.92043e-98 1.18736e-43 8.88732e-97 0.118932 3.5489e-89 3.37482e-311 1.89396e-09 4.53371e-206 3.59373e-125 2.74989e-143 1.46063e-96 2.36155e-162
0.182204 3.65241e-137 2.24298e-81 2.45277e-190 7.08087e-66 1.18719e-137 3.63323e-161 2.03259e-64 2.60395e-74 1.75259e-25 2.38047e-133 1.55075e-42 1.08093e-140 1.21009e-18 3.83732e-65 6.69278e-138 3.25766e-31 5.83282e-265 0.154967 1.16441e-120 2.49183e-98 4.98269e-117 3.92601e-143 6.76024e-190
4.93356e-68 2.82581e-160 1.21981e-32 2.78215e-244 6.28012e-173 8.76989e-116 2.25674e-140 4.89066e-56 1.71178e-71 1.54294e-19 2.34381e-165 9.06164e-42 1.84923e-103 1.13699 1.76333e-36 7.7729e-37 1.75828e-45 1.77544e-280 0.697639 2.11078e-133 1.00748e-85 3.2119e-127 8.50331e-150 1.51105e-212
0.0224269 3.53579e-219 0.732611 5.15971e-216 2.04292e-44 1.31554e-131 3.63931e-121 6.37709e-150 1.23294e-95 1.27355e-45 4.90592e-261 1.56575e-32 3.74536e-83 4.16243e-30 6.36776e-73 1.51252e-63 1.7436e-17 1.28204e-306 2.3846e-35 1.21393e-76 0.127246 0.73733 4.17033e-143 2.45451e-125
2.39327e-50 1.62803e-119 6.90802e-85 2.67029e-175 2.85109e-18 4.69845e-138 1.83951e-106 4.40914e-48 3.35353e-53 0.653805 2.59136e-131 4.26114e-39 9.918e-166 0.00150957 4.53157e-74 0.000273295 1.63167e-97 8.01963e-274 9.48188e-14 1.91618e-116 3.47528e-17 7.50923e-37 2.02781e-157 1.21423e-188
1.3562e-55 8.5566e-221 1.43008e-66 3.34124e-218 5.06543e-110 2.21864e-165 3.34996e-215 7.16277e-73 1.92741e-67 0.0461853 8.87312e-165 8.80674e-68 1.84588e-163 1.60216e-42 1.33722e-89 8.09767e-137 3.9014e-112 3.41289e-283 0.0187598 2.90411e-206 1.15448e-84 2.50927e-30 7.10124e-73 4.88928e-189
3.01787e-82 0.409697 9.9711 1.15329 2.28782e-78 0.183804 0.366308 0.513265 0.220843 2.42637e-58 0.218105 0.647072 0.114398 3.8203e-20 0.217087 3.19272e-109 1.01958e-73 0.867361 1.38162e-69 0.506982 1.26304e-118 1.70569e-63 2.23124e-132 1.66103
