2.4453e-55 3.13673e-97 0.158313 1.45632e-50 0.0668059 2.60953e-150 7.08691e-19 0.75445 9.28411e-59 2.83825e-73 0.0606411 1.08485e-88 6.29759e-60 0.0441501 7.6309e-25
0.0108153 3.98658e-68 5.52897e-152 1.00787e-64 2.78099e-114 5.62744e-111 3.05771e-80 6.85788e-42 0.042526 4.99681e-74 1.20932e-37 4.27038e-62 6.2282e-29 1.37742e-106 8.24349e-32
7.03488e-88 4.27527e-59 4.74086e-159 0.0579162 3.41164e-132 7.76472e-107 5.41057e-21 2.02246e-77 6.16296e-53 0.14729 7.20952e-76 2.2817e-60 5.10829e-85 1.36325e-96 0.626906
3.95641e-122 8.97944e-97 5.46732e-100 8.69341e-67 1.67374e-73 4.01575e-112 3.64472e-89 4.20747e-38 9.39221e-30 1.25208e-101 1.41795e-54 5.25532e-111 2.6915e-89 1.20737e-105 0.60708
3.35649e-61 3.40321e-86 2.88169e-158 1.68414e-94 2.08573e-159 1.43848e-125 7.04735e-86 3.22814e-34 4.83556e-54 8.9129e-60 1.36753e-77 4.36005e-90 2.48402e-104 1.87202e-88 0.660529
8.81519e-49 1.7777e-129 6.6632e-85 5.0484e-54 6.00897e-161 3.43891e-136 1.57636e-65 0.195622 7.68023e-50 2.15658e-20 4.19689e-77 2.97314e-44 2.2579e-126 1.23956e-58 2.74195e-13
5.97269e-79 1.50314e-30 7.08074e-131 1.91817e-100 3.47177e-95 8.37325e-82 8.72113e-45 1.9075e-44 0.0379884 1.42255e-96 9.41716e-31 2.55218e-70 4.61772e-42 6.51704e-83 8.89239e-26
2.32666e-126 1.65653e-116 2.84564e-126 3.00335e-72 3.69937e-139 6.71177e-137 1.65778e-89 9.57689e-51 4.96193e-62 3.18984e-90 3.63867e-71 8.30256e-88 1.39252e-93 1.31634e-92 0.0478989
0.123187 1.70328e-111 1.01912e-149 7.01622e-97 4.92195e-108 0.150608 8.55637e-18 0.108133 0.00319773 2.37217e-40 4.76161e-49 0.415624 5.43199e-40 4.62811e-106 1.43464e-18
8.58714e-79 1.26563e-70 0.0186026 5.91682e-22 2.68851e-56 2.21476e-101 0.344367 7.33659e-80 8.34368e-32 4.94665e-92 1.59281e-71 1.83876e-05 5.75653e-93 5.64076e-97 4.1492e-10
1.6381e-71 3.99445e-102 3.47837e-91 7.98078e-92 2.03574e-93 3.80708e-122 2.50227e-83 8.8675e-62 5.72738e-56 3.25673e-100 5.09409e-87 1.14139e-84 1.39985e-90 1.35823e-109 0.473287
3.96052e-33 0.0556553 2.77113e-55 1.62359e-69 2.9425e-127 3.98689e-42 7.12734e-56 5.29702e-69 2.68178e-19 1.32463e-59 0.0990979 6.13066e-19 0.199115 3.03898e-27 1.04509e-32
