1.96373e-110 3.90767e-31 4.7895e-46 5.62722e-104 8.9882e-89 1.58551e-43 1.06188e-79 6.66794e-137 2.10401e-31 0.258195 5.15884e-195 4.33449e-92 3.85055e-41 3.49191e-58 1.20418e-130 2.18792e-95 2.94763e-40 1.10477e-154 1.67412e-112 2.02968e-117 8.26711e-103 1.04511e-56 6.15104e-168 5.69606e-139 8.28603e-50 2.72485e-108
1.10937e-128 0.304643 3.33972e-53 5.10537e-84 5.79538e-64 2.92214e-72 1.58521e-79 2.21392e-140 0.0292235 2.73153e-83 5.84838e-122 1.04637e-76 2.84726e-17 6.50867e-100 2.34485e-77 1.57544e-113 1.7347e-76 1.31661e-12 1.36088e-24 4.39194e-129 1.8962e-49 2.43351e-186 3.02033e-97 3.83861e-132 7.69815e-120 3.04599e-56
4.35614e-131 7.02553e-27 1.28121e-83 8.49313e-34 3.5711e-82 1.03166e-66 7.26427e-34 4.03472e-62 5.85031e-85 7.75951e-15 4.00204e-126 0.1004 4.10731e-144 4.19928e-109 1.11821e-154 2.89669e-52 4.10548e-40 1.51597e-69 2.70219e-36 0.066867 4.2711e-26 2.03283e-28 1.03505e-66 1.13844e-19 1.58442e-95 3.30691e-24
2.7342e-93 1.86023e-52 6.95259e-64 1.91407e-71 5.64409e-50 1.44689e-58 1.71106e-116 1.76053e-137 2.1408e-42 0.0779295 5.8477e-143 3.95441e-61 1.2812e-46 4.66052e-130 1.38087e-117 4.2686e-98 1.66957e-56 1.67253e-135 3.35737e-150 2.49308e-50 2.07102e-77 4.48959e-165 4.75551e-162 1.83294e-137 3.69737e-113 2.69843e-113
7.01814e-85 1.25738 2.75972e-79 1.13259e-87 6.60782e-82 2.59147e-55 1.15064e-76 5.49668e-157 5.36173e-10 0.0635214 2.0203e-198 1.21826e-41 0.130815 6.44685e-149 3.2902e-205 6.37642e-96 5.22954e-162 6.16463e-165 3.2374e-49 8.27779e-30 8.67051e-64 4.00314e-95 8.17679e-133 3.02205e-131 2.24989e-128 4.08095e-88
0.234823 4.33944e-72 1.4237e-104 1.62746e-103 4.66861e-116 0.259844 0.225046 3.24851e-168 6.31028e-54 7.92926e-27 5.84921e-129 2.58516e-07 6.82169e-131 2.1327e-44 3.52208e-180 1.03385e-31 2.56968e-05 1.76377e-105 0.093256 0.00914842 3.89049e-70 1.46161e-114 1.76333e-52 4.88388e-47 2.76871e-134 0.234607
4.42447e-114 0.262039 1.8849e-25 0.302641 0.188278 3.61238e-40 4.63251e-131 1.06622e-87 9.23105e-28 1.48908e-24 7.44517e-134 1.32172e-17 1.95586e-77 1.70381e-150 4.27022e-181 0.148573 1.19099e-138 5.38052e-58 4.17416e-141 2.9597e-81 2.43916e-94 4.43027e-33 1.6456e-50 7.57149e-55 0.000160722 5.63278e-110
9.003e-96 6.22174e-68 0.14704 1.19843e-96 4.9024e-99 5.66838e-41 4.89003e-33 2.45293e-72 0.260397 4.59482e-109 2.91246e-72 6.17415e-75 8.64449e-53 2.24806e-134 3.39287e-110 2.61494e-39 0.00352195 0.495209 2.9891e-149 0.137561 3.10476e-113 1.93468e-185 3.44987e-60 8.99796e-56 1.36484e-76 7.40942e-55
1.12357e-24 2.31754e-60 1.957e-81 8.55034e-41 1.27031e-87 7.37617e-88 8.71457e-47 0.316862 8.5626 9.6882e-108 0.0929345 5.32743e-98 2.76836e-29 0.221449 0.0618664 3.07962e-67 1.58377e-67 1.08694e-75 3.23001e-37 3.09776e-57 2.00751e-26 3.00632e-187 0.858204 0.705131 5.5779e-48 9.07759e-35
2.48227e-102 0.936162 4.34061e-72 1.00216e-56 4.56652e-57 9.29022e-41 9.55426e-73 1.83099e-104 2.16417e-53 8.14351e-85 3.3127e-118 3.52225e-64 1.79619e-86 1.33787e-80 1.36421e-140 5.25642e-105 2.44708e-163 8.23986e-73 3.63239e-128 3.84799e-37 6.07289e-56 2.64823e-125 6.29313e-92 1.84336e-99 9.85964e-110 8.23357e-104
1.78335e-141 0.14127 4.87993e-126 6.53326e-32 4.3832e-98 7.93537e-112 1.1378e-66 3.85562e-159 3.57417e-53 2.27101e-90 2.91182e-139 1.06994e-78 7.55093e-103 5.08285e-113 9.77665e-114 3.79814e-109 3.25848e-115 5.02937e-125 2.67148e-115 7.54717e-111 1.77206e-108 2.42319e-149 5.50712e-111 1.1943e-78 2.10895e-86 8.38224e-77
7.28799e-97 0.0494089 4.74037e-61 2.28639e-95 8.68745e-41 3.43446e-33 1.52403e-139 1.26423e-75 2.29666e-73 5.7093e-15 5.07741e-68 6.86223e-31 3.13623e-17 1.2811e-76 5.52647e-110 2.33993e-14 1.75939e-157 2.81427e-85 2.54233e-180 2.90796e-27 5.19185e-79 4.29609e-78 1.73295e-133 4.52625e-151 7.90729e-53 4.25145e-69
1.4012e-112 2.28249e-22 8.31307e-64 5.93687e-05 2.30135e-19 4.52283e-49 1.172e-32 1.48247e-136 1.78256e-82 7.53937e-32 4.53255e-188 1.35124e-83 5.91386e-42 1.42801e-78 7.31086e-74 3.44661e-13 0.126301 6.01083e-97 1.02231e-69 1.33726e-144 0.0754172 4.56054e-176 5.85927e-104 4.41847e-97 2.56612e-122 6.06274e-108
7.18807e-17 7.45189e-54 8.27358e-109 4.2131e-99 2.29011e-59 3.26539e-53 1.3845e-137 8.96229e-107 0.00209221 2.10536e-88 2.77879e-38 7.06826e-07 5.2893e-70 7.45439e-79 9.52762e-192 3.28049e-139 8.36682e-43 1.08259e-85 3.71501e-89 0.114979 6.00008e-32 0.24959 6.92933e-46 4.57503e-35 0.0439128 1.67805e-17
2.00213e-133 0.774344 2.35819e-56 5.84575e-89 7.96814e-79 2.07144e-40 8.01802e-153 3.24181e-104 3.68577e-84 6.65867e-104 7.83988e-170 1.1768e-56 3.91425e-27 1.28465e-142 4.83045e-142 1.39452e-74 1.8877e-63 1.13724e-82 4.0002e-106 1.24293e-128 2.0224e-98 2.03708e-109 1.12885e-119 8.53461e-152 4.515e-142 3.84517e-103
5.78041e-138 5.80663e-47 1.27505e-101 3.96339e-98 1.04046e-55 8.02739e-69 6.41973e-83 3.00362e-133 2.1429e-75 0.190935 4.58201e-192 9.02313e-59 7.76241e-97 6.92928e-83 7.08323e-183 1.7947e-96 2.25293e-116 2.05236e-119 1.16534e-120 1.75257e-144 2.52656e-48 1.02151e-146 5.70487e-167 5.81589e-147 4.00275e-96 2.83484e-81
