1.14155e-136 6.0583e-06 1.94455e-104 3.26776e-93 9.96656e-68 1.03155e-13 0.000223804 1.84121e-18 3.46975e-180 0.227199 6.8198e-121 6.94531e-236 3.85652e-95 4.21507e-166 5.14977e-157 5.20611e-146 1.24537e-154 8.32183e-34 1.06971e-71 2.77342e-66 2.55085e-126 6.99624e-122 3.33541e-233 4.16866e-88 0.0394477 3.54026e-25
2.64121e-38 1.22982e-167 2.20398e-29 0.176076 8.4343e-234 3.30834e-239 0.068515 0.0121295 6.73985e-123 1.51542e-107 1.42444e-121 9.62375e-215 4.24095e-179 2.32855e-130 3.4512e-159 0.155333 6.84779e-208 4.25118e-15 1.29686e-195 2.32719e-34 5.84267e-14 3.6665e-69 1.25756e-132 8.88457e-37 1.76558e-98 7.38127e-123
4.97247e-163 1.64265e-228 1.47465e-140 0.289907 9.66178e-255 1.00636e-184 1.75371e-34 1.87806e-29 4.62821e-70 4.4759e-90 1.09653e-60 9.44727e-148 5.81305e-207 4.89499e-41 2.11502e-139 1.7008e-192 4.11893e-106 4.61648e-174 2.65989e-57 6.6493e-73 2.56502e-157 4.21807e-177 4.94425e-116 2.87297e-188 1.71316e-172 7.95201e-99
6.94374e-158 2.15207e-158 7.75771e-127 0.285083 8.87955e-256 8.74924e-65 1.39353e-26 5.37957e-90 5.09439e-148 2.43222e-133 1.94148e-53 5.60179e-174 2.3498e-123 2.51765e-184 2.21045e-42 2.31617e-181 3.93442e-121 0.0177493 1.49809e-97 8.40765e-21 5.91926e-17 5.6616e-35 2.51919e-207 1.05075e-78 9.52534e-89 2.27599e-220
0.137629 3.27628e-93 3.1523e-71 4.64414e-109 1.96253e-142 9.24511e-222 2.54733e-96 5.52742e-41 5.69492e-49 6.84017e-44 2.12274e-66 9.95833e-256 2.64019e-185 2.17979e-74 4.77049e-192 5.38532e-322 2.10227e-125 3.37101e-155 3.28722e-109 2.83472e-31 1.54616e-87 4.94409e-15 5.90947e-63 5.40139e-85 1.45411e-83 8.12813e-113
5.15692e-55 1.18699e-32 3.83007e-83 0.154428 1.29975e-156 9.53842e-88 5.27204e-108 9.49682e-65 1.40427e-28 1.96823e-129 0.000229673 1.69519e-219 1.61166e-20 5.82826e-68 1.0997 2.82056e-252 2.11772e-28 0.00109244 7.9268e-162 7.0968e-50 2.52199e-100 2.16268e-165 2.1269e-170 7.05418e-66 5.44447e-90 0.173265
3.81846e-129 5.16628e-174 4.19017e-49 3.26712e-125 1.21813e-166 2.51758e-92 1.73827e-107 3.59574e-44 6.69612e-83 4.68292e-114 2.06595e-61 6.07592e-202 1.34817e-197 8.8752e-113 8.76215e-119 1.27726e-308 6.8937e-184 4.86344e-149 5.60363e-101 0.0998449 3.72638e-63 3.05147e-12 2.26706e-239 5.96545e-136 9.04665e-159 1.08963e-98
2.06373e-28 1.63284e-218 5.25596e-133 1.11231e-98 8.52281e-265 8.98131e-187 1.41833e-134 2.04299e-143 6.26481e-143 2.16585e-74 1.59576e-114 9.18344e-111 2.62622e-91 9.63858e-233 7.83288e-111 1.80566e-162 2.94871e-174 0.0609216 2.26953e-190 3.56537e-35 1.51074e-115 2.09591e-108 1.21551e-245 2.12313e-105 3.0971e-100 1.17693e-236
4.1255e-53 2.38202e-209 7.12176e-119 6.67851e-34 3.76577e-265 2.86629e-228 7.8664e-194 1.02493e-44 8.09445e-101 1.07348e-60 2.41194e-51 1.67289e-224 3.53237e-86 9.73233e-137 6.51723e-169 7.19186e-263 3.77257e-139 1.62939e-33 1.13241e-138 6.00911e-79 2.60913e-23 0.137906 1.17643e-211 2.22135e-153 3.02156e-72 2.0196e-106
8.21215e-89 0.219466 0.183064 2.40697e-103 0.35184 8.16475e-263 2.36191e-127 3.34257e-60 3.46653e-181 3.53249e-89 4.25169e-72 6.56375e-223 3.58096e-78 1.6211e-156 5.12498e-88 8.79659e-176 1.20739e-76 1.40227e-28 2.83e-233 2.86004e-79 6.28284e-113 4.30714e-38 9.8823e-187 5.42565e-36 2.04243e-136 1.22134e-81
9.77199e-87 2.16806e-205 1.78726e-164 1.98068e-95 4.41417e-265 2.38209e-230 6.7385e-182 3.11011e-153 2.60557e-151 1.38665e-150 0.28941 8.64486e-222 1.07287e-61 9.11832e-92 1.97481e-160 4.10344e-201 2.86853e-90 1.45465e-45 2.81796e-103 1.04113e-43 6.24325e-53 2.01008e-34 5.51795e-254 4.11841e-140 4.1578e-143 7.58264e-174
1.574e-22 4.38321e-199 3.0051e-17 7.68791e-117 1.62941e-108 3.35171e-173 1.87034e-177 1.78267e-57 2.31163e-94 1.2978e-96 5.28169e-70 1.72794e-264 1.16801e-66 1.04117e-45 3.40721e-191 8.35225e-291 5.63706e-71 0.118442 2.21486e-72 1.81073e-71 2.86875e-57 1.22731e-180 7.23477e-60 6.51383e-151 1.01605e-170 1.08847e-84
5.58325e-104 0.144934 4.03617e-97 2.18955e-87 2.4163e-113 0.949131 2.64699e-173 1.14407e-156 3.41073e-119 2.25143e-107 4.82245e-46 7.0349e-50 2.31042e-185 0.397004 5.55108e-176 6.61646e-105 0.264246 2.29866e-27 7.05309e-214 1.30487e-36 7.35816e-14 0.0257554 1.25742e-17 0.417426 0.815502 7.25503e-227
4.25792e-157 1.10837e-224 6.5006e-102 2.71982e-130 1.14628e-191 6.22509e-82 6.50415e-106 2.33069e-63 3.98036e-55 7.04646e-83 0.962209 2.41229e-198 3.83924e-67 3.93654e-83 3.18734e-119 8.94426e-173 1.13024e-133 5.13428e-118 3.97893e-85 3.73706e-47 0.161447 2.06552e-08 3.05656e-257 2.38774e-163 1.19251e-134 9.59732e-168
0.356405 6.81383e-39 2.0382e-26 3.96535e-23 1.08418e-224 2.79441e-259 0.0786662 4.21974e-159 1.47475e-113 1.18037e-84 1.97586e-107 6.03832e-103 6.77428e-162 3.3427e-94 1.55646e-50 1.91162e-214 2.79517e-206 4.31763e-46 0.127599 0.0891738 0.0716355 1.28279e-91 2.3014e-256 2.00732e-103 1.45642e-148 1.45772e-93
1.87599e-41 2.53096e-95 1.00483e-51 4.73346e-26 4.28916e-103 5.18142e-139 5.15391e-207 0.119832 0.144544 4.96682e-125 4.20705e-76 0.336663 0.385006 0.885142 4.17387e-52 2.20713e-308 1.05093e-43 9.93822e-127 3.14513e-69 0.11546 2.08115e-64 8.37937e-107 0.15657 6.55252e-76 8.40548e-73 3.96744e-239
