3.29045 0.0654468
3.88132e-15 3.20617e-20 8.72114e-50 2.00201e-38 7.47943e-26 1.17603e-11 0.124369 7.50661e-30 2.63025e-42 5.44494e-24 1.38174e-31 2.79627e-24 0.0372264 2.11961e-24 1.77405e-37 5.62943e-34 3.64372e-49 2.73729e-27 5.40087e-76 4.57331e-10 1.9296e-27 4.65244e-34 1.44713e-11 2.99147e-53 0.0609343 1.35516e-55 9.72744e-13 2.60298e-53
0.0760941 1.82584 4.3983e-48 5.31141e-34 9.67948e-32 7.54442e-33 2.5158e-09 8.51356e-22 2.61085e-16 1.29071e-29 0.0190419 7.54548e-19 2.94764e-69 7.81297e-25 0.000761103 3.08269e-30 1.83491e-16 1.55316e-40 2.7932e-11 1.37181e-45 2.034e-48 3.75034e-55 1.28987e-27 3.49029e-16 2.15475e-44 1.58666e-50 0.49326 1.05083e-43
4.04113e-08 1.06603e-13 0.144244 1.02755e-15 5.58174e-19 1.57179e-05 2.23897e-33 3.65389e-07 2.10276e-21 1.21007e-35 9.47251e-21 0.192741 8.79284e-69 2.59959e-50 9.11313e-15 3.9108e-18 1.23527e-19 2.60047e-12 2.41936e-20 9.06955e-50 9.14831e-45 1.22414e-56 1.22209e-57 1.17096e-69 5.34443e-27 1.27127e-49 6.54349e-15 0.0310101
0.000106494 8.15968e-28 1.36079e-53 0.0272465 1.51185e-46 1.74115e-14 2.41982e-47 1.00349e-32 0.0413484 2.37264e-43 2.6146e-55 8.08671e-07 7.5426e-45 9.58959e-25 0.000595157 0.0200471 3.03856e-15 3.65808e-24 0.0642873 1.37782e-33 0.062446 0.0324362 7.5146e-34 4.22977e-07 7.18584e-32 1.72708e-52 1.34235e-30 2.54803e-50
3.80704e-39 1.04769e-44 7.74643e-24 3.23386e-24 8.02308e-44 1.23314e-54 0.0925118 1.98318e-24 1.13844e-39 1.26828e-57 4.54217e-68 8.46962e-42 0.110879 1.88606e-26 5.20151e-17 6.03195e-39 1.51657e-34 1.78902e-27 3.72009e-37 1.85419e-37 3.94e-38 4.97942e-42 0.0305738 4.31955e-28 4.05049e-17 4.35521e-12 4.35331e-36 1.46484e-11
3.29811e-15 0.385279 2.02983e-47 1.0364e-32 6.07209e-23 9.7117e-15 1.2783e-56 0.237561 1.12608e-56 9.32172e-11 1.98537e-24 4.18984e-42 1.17367e-52 0.204043 1.0278e-44 0.0671519 6.98855e-25 3.3462e-30 1.4404e-46 2.52609e-14 1.31961e-32 2.47589e-20 1.88712e-38 4.74502e-13 0.00762693 2.33533e-35 3.34995e-11 0.00144505
1.24514e-08 2.82938e-23 2.53495e-28 1.54866e-14 5.1502e-23 0.0978242 3.49143e-18 2.71972e-24 2.17729e-41 0.0150587 1.10766e-11 7.01537e-38 2.30944e-30 0.123255 9.13411e-53 6.67052e-09 8.42513e-58 0.108833 5.01843e-21 0.0364435 1.84874e-25 8.74888e-30 1.51364e-42 0.0309276 7.57607e-63 0.049179 4.92835e-06 4.02252e-30
4.05743e-31 1.49901e-09 0.0742337 3.77756e-52 0.521124 0.0104825 1.87292e-09 2.61471e-40 1.31189e-26 3.86221e-07 3.9605e-22 2.16698e-41 0.137526 9.36414e-21 7.17202e-53 3.23972e-36 3.82281e-61 1.16284e-21 3.70507e-52 0.0733424 8.39061e-25 2.56797e-08 2.40767e-47 3.40768e-48 1.77655e-36 2.6642e-43 3.14698e-27 2.00621e-27
0.000307133 1.83752e-19 1.51846e-52 5.35061e-42 6.82086e-42 7.01521e-18 1.31254e-48 1.06787e-13 7.68424e-57 3.88719e-13 1.01972e-33 9.7963e-15 8.79051e-49 1.5111e-42 0.13182 8.85245e-20 5.59613e-53 2.19773e-30 1.01244e-28 1.57346e-39 6.47556e-61 6.66832e-14 8.78049e-29 1.69727e-11 3.94968e-15 2.76515e-40 1.6714e-08 5.64799e-10
5.27557e-05 2.41629e-26 0.00032509 9.73917e-46 5.2972e-22 8.37299e-41 2.13256e-37 1.46116e-08 6.09066e-29 1.33837e-26 0.0407954 4.31743e-40 1.00035e-59 3.19397e-52 2.21124e-50 8.38087e-16 0.0266323 0.136344 5.4149e-30 6.90558e-18 1.57876e-50 1.00319e-19 1.32348e-30 1.97065e-05 0.0398179 1.26798e-32 1.9711e-37 6.65472e-22
1.20623e-13 5.79908e-16 3.20227e-55 1.01164e-46 4.6738e-43 5.20453e-46 5.19143e-25 3.50962e-20 1.5112e-19 3.62468e-49 4.13839e-22 4.07358e-24 1.05606e-33 0.0515456 0.032522 5.02267e-30 2.67185e-59 4.05343e-50 2.74576e-66 0.0151138 3.87607e-50 4.86384e-14 1.63476e-51 1.13281e-49 5.2404e-10 0.00925155 8.20004e-07 4.43565e-26
