6.62894e-30 2.21204e-85 4.58002e-77 1.52894e-83 3.08499e-54 5.97408e-79 1.17233e-87 1.20428e-48 5.38352e-72 1.88101e-77 3.13544e-48 6.15259e-57 2.23509e-95 2.54386e-49 0.0120805 8.2874e-49 4.56959e-90 2.53827e-125 3.68095e-66 6.17015e-27 2.34907e-48 4.49046e-99 1.82156e-106 6.48304e-67 5.56514e-87 2.30157e-54 3.05043e-37 3.63698e-127
2.54846e-53 9.00851e-62 1.5042e-54 4.1142e-76 8.65633e-27 1.19121e-80 0.239125 7.48574e-14 3.54427e-70 1.05128e-66 3.61549e-38 1.77531e-67 3.71041e-39 3.79806e-19 0.0237973 1.43045e-97 0.0297702 7.13307e-74 2.11022e-50 0.268303 1.66358e-26 5.07228e-55 1.21041e-114 1.43026e-52 0.126924 3.18498e-68 5.09888e-28 9.02749e-68
2.14156e-60 1.15023e-77 5.22952e-62 2.0551e-67 8.51771e-52 1.05724e-41 4.55703e-51 2.11716e-71 4.14676e-61 5.91277e-79 1.76127e-42 1.24697e-72 3.18427e-95 9.2667e-36 0.390003 6.79163e-100 5.44424e-73 1.29842e-84 4.43594e-45 3.31593e-58 1.10243e-38 9.46338e-96 1.21643e-116 1.4071e-27 7.7991e-94 1.38354e-71 1.38724e-43 2.80717e-136
4.26092e-07 0.139231 6.56221e-37 2.17715e-61 1.75244e-14 3.464e-35 1.89692e-88 2.8101e-13 3.72904e-53 8.133e-70 2.93903e-09 2.82331e-06 5.75701e-104 8.31788e-55 1.21537e-34 1.57831e-75 0.0567984 5.02898e-130 5.58135e-58 2.92678e-13 9.73196e-21 1.50782e-60 3.71901e-99 1.07708e-29 4.00676e-89 2.50252e-66 2.93488e-28 3.06597e-86
0.0819047 3.56759e-18 1.44935e-19 1.92778e-33 9.27912e-89 0.127335 2.64709e-88 3.88701e-08 5.67936e-102 1.45004e-21 1.92914e-54 2.47248e-52 8.35068e-63 2.28787e-39 4.7447 1.45266e-11 1.39526e-49 6.63148e-45 0.0501811 3.04283e-21 3.25649e-34 7.34742e-95 8.43262e-49 0.108242 8.613e-96 6.3443e-41 3.18701e-49 2.28467e-61
0.125536 4.51564e-66 4.95199e-26 0.060566 0.0816527 2.76028e-06 2.38338e-17 0.00137469 9.77343e-88 0.027661 2.72905e-52 1.01684e-17 4.14011e-87 4.19781e-34 2.42094e-43 3.36515e-26 6.1951e-10 8.60736e-55 1.8347e-93 1.00882e-43 0.000162978 2.34127e-42 2.05294e-114 2.09839e-26 3.97419e-45 8.14986e-65 0.0788697 1.13527e-133
2.20104e-29 7.96839e-88 7.90093e-39 3.54143e-61 0.000536583 3.46807e-82 6.5158e-40 2.2904e-65 3.6763e-27 1.97082e-51 2.66723e-50 9.20089e-24 1.04728e-44 1.10401e-38 0.328027 6.63133e-48 0.0168173 3.34991e-68 1.27134e-79 1.2973e-43 7.29607e-46 1.25632e-64 5.60875e-112 7.70814e-18 1.2476e-50 4.73869e-51 1.14123e-14 5.45337e-65
4.3541e-57 1.2196e-52 1.97488e-29 1.40907e-52 3.93641e-78 1.85463e-28 1.23772e-55 1.86168e-29 7.75574e-84 1.82577e-81 0.119319 1.25086e-33 1.05134e-95 0.00136917 5.06765e-34 2.71646e-11 1.63969e-68 1.23948e-55 1.00758e-23 9.98475e-24 1.69617e-37 2.23837e-103 5.31908e-77 1.3695e-50 9.56932e-63 0.372479 0.0266005 2.58216e-131
2.26017e-45 4.05857e-33 5.56572e-35 2.59574e-65 2.13392e-50 4.24441e-24 8.64699e-46 6.78235e-42 1.77377e-102 1.64725e-76 0.0209434 3.40033e-67 2.23188e-85 2.86104e-27 0.269125 0.077932 7.52228e-88 1.71009e-94 2.98155e-36 6.27113e-09 3.91887e-69 2.22959e-103 4.71397e-51 2.00848e-09 3.50747e-92 0.120136 1.38942e-25 6.42236e-81
2.09113e-19 1.8022e-14 0.252981 1.29898e-17 2.35789e-67 0.00584335 1.20135e-86 1.03209 0.247591 1.89328e-32 1.68865e-50 0.0417173 0.1474 0.323868 7.26566e-42 1.07984e-58 5.97008e-81 0.262378 2.22152e-08 2.23018e-05 0.0494662 0.153672 0.200048 1.57582e-19 1.0381e-31 1.68316e-08 1.81397e-06 0.596926
1.22379e-43 1.68932e-75 1.45135e-96 1.27672e-85 8.63549e-49 8.823e-84 4.21953e-83 7.00296e-69 1.12852e-62 1.54946e-90 1.90858e-65 1.34082e-85 3.23496e-125 5.38569e-52 0.105503 1.15742e-51 1.72063e-63 1.5545e-99 1.40854e-91 4.54806e-50 6.38082e-48 1.03496e-100 2.08325e-102 2.78259e-52 2.62576e-61 3.36685e-62 1.49085e-37 9.23628e-137
