2.26336e-54 3.94958e-56 7.23968e-19 1.73024e-62 1.43626e-54 1.14185e-54 1.22356e-18 2.65296e-32 7.07037e-39 4.89091e-09 5.70131e-15 4.64174e-26 8.12348e-105 2.08353e-64 3.91067e-15 1.54027e-19 3.64718e-06 0.346019 6.59304e-54 2.67048e-49 5.85066e-13 1.43299e-50 1.02053e-39 9.49186e-21 8.24553e-42 1.02808e-13 7.25406e-45 1.11878e-11 2.26061e-08 6.85987e-91
6.69875e-43 6.95548e-11 1.94654e-18 5.44154e-87 2.27597e-35 1.3487e-53 2.22233e-16 1.67467e-39 2.33436e-27 3.8318e-36 5.20699e-32 1.68504e-27 4.45416e-51 0.0391833 4.92366e-27 0.0508361 9.6356e-19 1.44724e-24 3.24943e-05 3.52815e-61 8.87702e-47 1.71036e-65 0.0484665 1.10374e-37 0.213712 6.49659e-70 3.5376e-06 1.01731e-12 8.22805e-33 7.01525e-36
0.00427394 0.158068 1.66021e-09 2.62421e-11 0.000109547 9.85052e-81 2.28293e-58 5.01057e-40 2.55083e-62 3.39994e-55 2.62387e-83 2.15732e-46 1.5916e-105 1.87439e-81 4.80392e-50 1.2461e-55 3.36653e-46 2.25052e-47 7.08595e-59 2.18197e-62 4.88783e-56 1.11778e-74 3.75364e-74 1.2572e-81 4.21812e-62 1.31058e-84 5.06568e-104 1.87011e-61 1.89779e-49 7.40439e-87
2.67863e-64 5.32291e-20 4.28784e-40 3.06098e-49 1.48423e-46 4.20369e-40 1.14469e-14 3.15795e-08 6.91152e-24 1.77098e-33 2.33563e-85 2.21014e-17 1.1277e-29 1.60048e-56 1.29176e-24 1.00501e-38 1.05882e-47 0.505721 4.12808e-26 2.84536e-15 0.183147 5.91856e-34 5.50866e-28 3.09521e-66 3.12676e-53 7.43815e-19 2.57728e-59 1.57988e-17 2.25484e-34 1.15615e-31
1.58862e-87 0.00337111 1.0898e-56 2.17634e-76 1.49942e-40 0.122654 0.0106458 1.10894e-35 5.60298e-35 3.97911e-55 0.0411346 4.2528e-46 1.24157e-54 7.34715e-78 0.0684034 2.31574e-12 6.98169e-23 5.88558e-25 1.08015e-36 6.96995e-33 1.13803e-39 1.68714e-75 2.9255e-27 0.429702 2.52236e-29 0.239291 3.66611e-91 0.11453 2.05541e-10 0.0599536
6.13636e-55 1.15598e-30 5.56242e-12 9.95377e-37 2.71073e-45 1.81538e-51 7.26919e-08 6.84787e-18 9.61883e-32 1.40848e-32 1.99103e-40 8.29442e-16 5.03119e-61 6.30688e-61 1.14567e-36 1.04566e-39 1.8523e-17 0.26047 6.44539e-46 0.424773 1.76769e-17 9.34598e-55 6.59443e-61 2.51558e-45 5.82778e-40 1.78675e-24 1.27983e-74 3.96642e-53 1.86041e-51 2.87851e-58
2.49264e-22 1.9478e-36 3.45673e-36 5.48867e-14 2.3629e-27 8.04841e-78 9.48967e-10 1.73989e-40 4.38885e-46 1.17249e-52 9.55358e-51 3.85776e-12 4.36206e-65 6.09716e-38 2.19755e-27 5.68577e-58 3.14214e-18 1.6754e-18 1.29702e-47 2.45443e-17 1.88144e-17 1.43963e-34 6.92132e-43 2.55399e-65 0.390202 7.19759e-54 1.48597e-44 3.52994e-30 1.40005e-48 5.22278e-87
1.8942e-22 0.000145151 5.3251e-67 1.36549e-19 6.83206e-47 6.99498e-40 2.89146e-06 8.84235e-11 3.13979e-34 1.41075e-39 1.16896e-08 2.0973e-38 2.37713e-32 7.59953e-49 2.25349e-06 3.97323e-33 0.190119 7.49584e-25 1.0946e-52 2.17378e-19 7.32762e-28 3.37095e-73 4.52493e-10 7.91781e-81 1.53255e-45 4.18557e-40 4.52239e-28 4.48185e-12 3.7882e-32 1.79228e-28
3.46064e-25 1.38039e-27 3.67391e-64 5.69625e-42 3.55084e-39 1.83556e-38 2.00962e-17 0.0676764 2.51553e-38 4.40506e-57 3.10353e-75 3.86495e-14 8.89322e-29 2.62993e-29 5.73246e-42 7.97827e-26 1.23182e-15 0.0570506 1.15231e-58 4.96298e-33 2.22399e-12 1.43689e-32 3.25144e-76 1.407e-78 0.232106 1.89309e-48 6.37475e-55 3.40105e-20 3.1809e-20 2.96833e-69
1.56283e-44 1.22769e-56 7.79495e-68 4.58257e-85 6.51882e-31 1.10985e-78 4.47069e-13 1.15279e-07 2.79873e-35 6.49386e-32 0.00157877 6.17651e-31 0.0770751 9.3549e-45 2.15016e-16 1.31094e-58 1.02957e-30 7.03557e-30 1.60162e-33 1.78784e-46 2.95486e-33 2.41494e-58 4.22782e-15 1.034e-40 3.17193e-31 2.19486e-48 0.127027 7.757e-31 3.95855e-24 5.57764e-36
0.000907473 8.92943e-36 1.854e-54 1.10792e-27 4.05129e-13 1.79387e-59 8.23062e-28 2.43406e-18 1.42262e-33 9.44703e-06 3.08429e-46 2.81842e-27 2.74631e-73 5.54704e-32 3.14387e-34 3.59338e-27 2.65927e-07 1.31026e-09 7.74068e-39 7.54064e-40 3.20056e-25 2.70472e-28 7.44524e-29 5.20399e-41 0.104307 1.59903e-83 8.87078e-95 8.1128e-17 0.146437 4.88433e-63
2.51185e-20 6.65441e-78 2.5099e-09 1.41844e-36 6.82741e-53 8.13665e-50 4.96829e-05 1.61595e-31 1.46413 3.6386e-47 3.41738e-47 2.06359e-43 3.29623e-16 1.66389e-76 9.62293e-06 2.33157e-27 1.08089e-26 7.63629e-14 0.129506 5.50941e-33 0.29485 0.015234 3.34169e-59 5.73961e-32 5.44753e-37 3.60202e-68 6.13578e-59 8.15091e-62 1.58279e-29 1.57961e-50
5.30923e-23 6.14608e-21 4.87648e-34 5.56268e-19 2.24033e-16 3.16579e-55 1.07126e-51 0.0164136 2.26469e-42 0.0627259 2.86298e-37 0.0753752 1.06049e-103 9.05172e-51 3.1783e-21 5.65963e-43 0.00334145 0.475611 9.05601e-40 5.96474e-07 2.26518e-33 4.25728e-59 3.86663e-67 1.31038e-62 7.79765e-33 2.96349e-17 1.13525e-67 1.68e-11 1.04966e-07 8.04631e-68
0.000322145 0.0200747 0.00821431 0.00354157 0.000771685 6.985e-83 1.55269e-59 8.61658e-42 7.9207e-66 1.05518e-58 2.35884e-90 3.69949e-46 6.98897e-103 5.3027e-81 1.4518e-52 5.19359e-61 2.22825e-51 2.8822e-50 4.69941e-62 3.85239e-62 5.19201e-57 5.74558e-80 2.05278e-78 7.69997e-82 5.71808e-63 6.94438e-88 1.65856e-104 6.03099e-64 4.82221e-54 8.25441e-92
