6.9999e-195 1.28894e-06 6.65683e-303 3.36883e-186 4.806e-83 2.94366e-08 1.80571e-84 0.0154895 4.07106e-69 1.714e-129 1.30189e-81 8.8683e-52 5.1275e-290 4.35857e-205 5.33921e-110 1.36362e-320 1.59548e-06
3.77507e-290 7.06649e-295 2.47026e-179 0.465642 3.93045e-191 9.70862e-189 0.513455 1.93649e-178 1.88224e-269 3.3766e-150 1.11906e-320 6.56599e-140 3.71735e-73 8.36259e-140 4.72725e-16 9.28601e-311 0.252368
1.79235e-241 4.4494e-196 6.66669e-32 9.03027e-207 1.39068 0.00405461 2.06048e-275 1.26632 8.62639e-321 0.746274 4.08804e-216 7.086e-230 2.58016e-318 1.13598e-259 3.65003e-66 8.46195e-63 2.20133e-316
7.31196e-131 3.41047e-214 1.9571e-200 5.69064e-130 3.20993e-45 0.041627 3.27735e-242 5.5217e-299 1.77411 1.98219e-167 1.01838e-36 1.77932 1.49954e-120 0.276961 0.51134 3.41988 3.89147e-219
0.663038 3.0594e-267 8.47254e-31 8.65838e-23 8.01795e-266 2.02427e-251 1.16756e-282 4.61812e-151 2.86709e-206 0.227241 7.10466e-321 4.04663e-17 3.31249e-246 1.46977e-24 5.35941e-49 2.0487e-113 3.17963e-199
4.9248e-317 2.08074e-276 4.52461e-210 9.42569e-122 1.66443e-38 1.2555e-56 2.05396e-99 7.28045e-204 1.28617e-97 1.30649e-221 1.06244e-69 0.334787 2.00492e-320 1.92929e-173 1.75871e-56 1.30927e-320 4.1527e-108
4.88402e-232 3.01688e-140 5.88806e-149 2.28373e-141 3.65033e-280 3.89818e-139 4.15401e-48 9.27611e-138 9.36247e-278 0.0667188 2.51275e-114 2.50709e-200 2.23559e-128 8.07989e-101 0.0441873 1.52291e-302 1.17907e-242
7.20349e-185 2.26958e-161 3.13145e-64 2.1175e-205 5.8448e-321 0.226154 4.47329e-185 5.29638e-321 1.98783e-61 4.28121e-48 3.83499e-226 3.77334e-185 6.69315e-236 5.61508e-302 1.63164e-140 3.30278e-298 8.37459e-209
3.64126e-321 2.7791e-20 5.14458e-186 7.29073e-07 7.01079e-321 3.46851e-93 4.50437e-189 8.12532e-80 7.42581e-321 3.06547e-25 1.74782 1.26585e-12 1.13061e-298 1.18344e-302 6.429e-161 5.4939e-124 5.34019e-295
3.71243e-300 6.43412e-220 0.763995 3.02304e-136 0.0611203 9.22297e-106 6.36984e-177 9.79551e-41 5.5193e-87 5.92155e-229 1.17909e-196 3.0379e-236 1.19767 3.04344e-321 1.31894e-35 8.95136e-191 3.78374e-46
2.86739e-09 2.20363e-215 2.07926e-97 4.31132e-104 1.97959e-307 0.0744145 4.99636e-186 6.95226e-105 9.20405e-161 8.46809e-102 7.00585e-321 6.78891e-76 0.00792011 1.80519e-142 2.47637e-93 6.97277e-132 0.521646
4.1723e-206 1.89887e-85 5.91425e-154 1.14494e-127 5.80527e-321 4.17683e-117 8.4995e-296 1.6592e-249 6.86257e-321 4.46561e-273 6.85136e-231 5.96885e-167 0.5287 3.05333e-321 0.00461363 3.14573e-50 1.00902e-272
3.20649e-321 0.266505 3.24348e-88 1.44983e-24 8.4427e-71 9.02675e-250 8.68377e-227 3.17146e-63 6.95644e-321 8.31475e-149 6.16617e-233 3.63591e-20 4.69342e-91 4.85058e-109 4.18102e-52 9.51977e-86 5.72683e-135
9.07956e-72 2.35842e-34 4.2284e-53 2.6377e-176 3.43929e-307 3.03624e-70 5.05732e-253 2.39884e-283 3.1758e-161 1.8646e-180 5.92086e-296 6.61178e-110 3.13854e-106 0.041597 7.44187e-189 1.27271e-320 2.24232e-270
2.07708e-34 2.36832e-119 4.29252e-222 2.08635e-16 8.91045e-204 2.21174e-05 0.404456 2.21608e-166 1.28446e-259 2.21414e-64 4.36207e-19 5.08005e-56 3.01871e-308 2.21566e-106 1.17727e-66 3.88357e-214 1.54304e-194
2.89625e-222 0.0354283 3.08563e-40 8.25427e-80 4.09946e-226 1.01014e-267 9.57078e-241 2.46627e-179 1.51727e-220 8.61773e-318 3.21333e-213 2.3514e-39 2.12653e-224 0.333023 4.17389e-66 2.93806e-274 2.33617e-297
