1.57442e-76 1.13666e-230 1.33745e-64 1.73771e-18 4.05134e-322 9.88131e-324 1.2401e-321 0.297635 8.20728e-17 2.25941e-147 4.82208e-321 1.54953e-245 2.99393e-136 3.20435e-192 2.03555e-321 4.26349e-177 2.03857e-07 8.78418e-286
4.91763e-131 1.97626e-323 3.96671e-56 2.79949e-66 3.25539e-39 7.05774e-170 1.89557e-277 6.72878e-24 9.34749e-117 6.47159e-224 0.218279 5.77165e-299 1.04007e-118 4.04268e-135 2.36838e-137 1.88591e-11 1.70453e-321 2.43014e-85
4.69266e-134 2.07905e-309 6.05408e-150 1.21806e-104 6.83627e-50 1.01036e-278 1.46505e-239 0.0182088 8.11773e-193 1.60951e-103 5.63e-90 1.38914e-77 3.4735e-284 3.53935e-109 5.00289e-234 6.15246e-125 1.25265e-147 8.93579e-118
8.94387e-77 1.20242e-116 1.09483e-64 2.54736e-52 9.23638e-295 1.07055e-303 1.6218e-81 0.473341 6.03438e-167 3.83693e-248 2.5585e-279 6.98117e-280 1.07765e-179 1.26883e-116 1.18887e-286 1.30396e-181 2.56974e-144 3.819e-213
1.08096e-157 6.45143e-67 8.72426e-52 4.03281e-13 2.87798e-106 1.0309e-278 9.34453e-275 0.179659 5.14263e-141 2.30645e-246 1.42502e-212 1.20496e-102 2.03148e-267 3.81419e-321 1.47232e-321 9.70133e-129 2.41451e-165 5.68257e-198
0.0854024 9.46797e-142 1.19974e-41 3.1117e-60 1.10368e-150 4.0608e-125 4.90442e-145 0.0718242 2.31959e-104 1.85202e-145 1.25928e-211 5.99543e-202 4.78056e-110 1.03296e-205 4.90602e-244 8.67055e-97 8.34971e-322 3.39399e-261
6.25976e-223 7.78602e-177 7.72035e-156 2.08919e-195 1.93351e-189 4.89104e-78 1.47206e-155 9.81232e-129 1.70115e-209 1.27094e-184 5.66628e-300 0.253229 9.5371e-135 1.90343e-107 1.71441e-321 1.8422e-129 1.43464e-69 1.22126e-154
4.67318e-97 1.32081e-74 9.33514e-105 2.53843e-82 1.21044e-62 9.88131e-324 1.22594e-276 4.93087e-159 2.98435e-71 7.37673e-65 1.64385e-51 0.0153276 3.09493e-257 5.23079e-38 5.27055e-195 0.00585975 1.23516e-321 1.04268e-230
5.19647e-68 1.97626e-323 1.21085e-192 3.74757e-113 9.94896e-237 5.90781e-165 3.69531e-194 2.90904e-75 1.46917 8.50883e-73 0.0207621 3.37969e-49 5.0693e-279 9.0919e-224 1.61106e-307 1.56898e-126 1.56619e-321 7.35012e-209
3.86199e-181 5.28554e-152 1.06668e-103 5.02596e-154 1.27881e-209 1.53545e-82 1.63931e-98 0.289442 9.94931e-190 8.07883e-57 1.02333e-186 3.42686e-240 3.2638e-158 3.0183e-318 1.51184e-321 9.83824e-159 4.52935e-139 4.69992e-230
1.29719e-257 1.31878e-74 1.12013e-104 1.81351e-60 1.27269e-158 1.4822e-323 6.40221e-317 1.30376e-131 0.278307 1.48653e-255 7.65889e-251 9.13441e-125 0.565765 3.00763e-197 7.35857e-83 2.70195e-32 1.37005e-155 0.671617
2.62914e-52 1.97626e-323 4.60963e-321 1.79346e-321 1.1191e-20 7.30505e-170 0.416476 37.14 3.59599e-76 0.920056 5.21124e-164 3.95134e-137 9.02785e-136 3.72005e-148 0.678127 2.29828e-22 3.60418e-233 2.47092e-253
5.26578e-107 1.08602e-53 5.027e-146 1.09944e-218 3.90312e-322 2.15807e-317 1.25493e-321 1.0736e-34 3.63293e-64 5.41399e-171 3.03907e-162 1.43339e-278 2.03909e-172 0.602655 1.65512e-321 1.05613e-196 2.15067e-319 5.36369e-218
2.97771e-12 3.01596e-06 0.000428936 0.000203565 1.90862e-05 0.0673674 0 8.09294e-246 3.46254e-282 7.09179e-249 0 0 6.79172e-319 0 0 7.04496e-239 0 5.77049e-293
5.16244e-154 5.64166e-194 5.9198e-173 5.66883e-280 9.43208e-240 7.35362e-253 1.20361e-258 4.26386e-110 1.45246e-12 1.3508e-210 0.633879 2.98333e-55 1.6687e-166 1.4697e-88 3.86312e-216 8.38e-41 3.24476e-138 3.18092e-147
1.50802e-71 5.07196e-312 7.65626e-68 2.28891e-197 1.25239e-84 9.88131e-324 7.73716e-200 0.00815252 4.72086e-123 1.68989e-120 7.28549e-63 2.95008e-267 7.65033e-54 9.7427e-72 2.6026e-222 0.096545 1.25493e-321 3.11098e-89
3.10106e-38 2.47033e-323 6.59006e-53 2.41064e-12 5.56292e-13 1.4822e-323 3.20994e-212 1.50228e-17 1.78306e-235 3.00252e-51 0.139825 1.06556e-268 2.51449e-126 0.560219 2.21341e-321 0.0246401 0.342344 8.50613e-55
