2.08874e-185 3.74984e-202 3.45406e-174 1.66271e-39 1.62041e-234 2.73593e-24 7.08518e-267 8.28806e-118 3.34423e-146 5.13974e-184 1.67132e-17 6.26056e-242 5.33703e-71 0.16292 6.74192e-28 7.50117e-56 4.85683e-86 2.87268e-57 3.4731e-58 1.78991e-110 6.76877e-96 8.34147e-157 2.9653e-141 1.3363e-164 3.29276e-61
3.9545e-151 2.07027e-59 1.17234e-70 2.02899e-213 5.40073e-14 7.6878e-258 3.66756e-311 5.04484e-44 4.70027e-270 7.60453e-06 2.88873e-128 3.76284e-268 0.165369 9.48082e-211 1.87999e-153 2.84184e-79 1.87177e-21 2.27561e-19 9.14954e-36 7.04216e-157 2.59697e-100 6.18787e-09 1.23998e-302 5.77301e-133 1.93225e-121
7.67528e-189 4.08266e-130 3.49242e-116 2.04017e-216 1.25172e-166 1.42308e-43 1.21217e-202 4.99132e-280 1.58367e-45 1.73369e-126 4.37442e-143 9.07293e-170 1.23583e-149 1.99849e-113 1.48e-62 1.01939e-50 0.946876 1.48198e-220 0.226027 0.932283 4.33314e-134 8.4271e-40 8.98e-241 1.28457e-321 1.23622e-147
4.09722e-51 2.79994e-73 6.03493e-107 5.74472e-43 4.26917e-203 2.93167e-275 2.01072e-282 1.21723e-233 3.87419e-222 9.38725e-322 6.91207e-148 4.01314e-134 7.50313e-98 3.29649e-87 1.37036e-15 4.42006e-65 1.35008e-128 3.93533e-157 3.92046e-61 4.49362e-157 3.94138e-149 0.493756 3.97604e-279 0.325661 15.4572
0.00266278 6.44327e-295 1.88365e-133 2.90511e-321 1.85275e-321 2.55463e-235 4.38401e-276 1.6403e-321 3.19212e-81 2.30797e-276 1.09507e-149 5.08888e-322 1.33133 0.332295 0.166508 2.09368e-55 1.07836e-17 3.79005e-99 2.75045e-50 7.34725e-84 4.92352e-43 2.34183e-135 0.349005 5.32858e-190 1.39939e-125
3.07952e-66 1.96468e-114 1.64524e-32 2.61001e-105 1.04591e-32 6.29949e-45 5.47105e-276 5.67252e-11 6.33597e-138 3.77802e-259 1.24412e-32 3.71235e-84 2.65543e-219 1.61186e-55 4.63666e-187 0.282908 0.790768 5.10815e-234 1.83006e-145 8.18048e-16 0.416675 1.16026e-242 1.92344e-112 1.60752e-234 2.46434e-222
0.000333462 0.00212367 0.000359905 0.00102619 0.00075255 0.000732342 0.00118788 0.000538579 0.00164161 0.000409337 0.000531716 0.000208595 1.55283e-268 3.68231e-245 1.45428e-196 3.11682e-89 6.6104e-180 3.58812e-265 1.69206e-156 3.47227e-162 8.59378e-187 5.53049e-305 9.23903e-322 4.94066e-324 2.34085e-289
7.01028e-145 2.23346e-69 4.01967e-144 4.73144e-88 5.73318e-08 1.85322e-139 2.88604e-177 6.71682e-195 6.81167e-70 1.20069e-204 3.17917e-22 1.5223e-199 3.26955e-62 2.60403e-99 5.93378e-186 7.94746e-64 9.74298e-115 0.0348953 1.87681e-57 1.32273e-31 9.28457e-108 3.37142e-98 6.22756e-260 1.56681e-208 2.91978e-228
2.11686e-18 1.24289e-13 8.6852e-65 4.39804e-29 1.87594e-86 5.27385e-81 1.1831e-138 4.06379e-33 2.58018e-43 1.05458e-11 1.09444e-69 1.1665e-10 9.45235e-253 7.41993e-158 4.81936e-187 5.93666e-80 1.25101e-174 2.09445e-186 8.06197e-126 5.5131e-109 3.3667e-133 8.50533e-255 4.3057e-265 2.01061e-317 1.53853e-196
8.87507e-85 6.04829e-70 1.62794e-32 5.48593e-45 3.38432e-68 7.87467e-207 1.23609e-47 3.72714e-100 5.22648e-14 6.67897e-128 5.42838e-110 8.53841e-161 2.82471e-250 9.21905e-210 1.06416e-134 0.0257854 3.13798e-156 2.49596e-146 2.35399e-47 1.45558e-70 7.63137e-109 5.3763e-123 3.06565e-264 1.13624e-166 6.00479e-151
1.70838e-46 1.15031e-126 5.21436e-70 6.29844e-85 1.22519e-105 2.75545e-144 3.76789e-19 2.32155e-101 7.59242e-157 6.45342e-122 2.8809e-116 2.56575e-22 4.38422e-119 3.76619e-147 2.62276e-145 0.075422 3.65591e-116 3.66547e-127 1.42482e-144 6.79134e-75 7.86033e-125 2.15015e-191 8.91798e-187 7.70742e-322 6.52237e-277
1.51514e-12 6.33583e-67 5.25129e-195 2.35623e-226 1.54582e-120 6.98077e-279 2.59473e-124 4.08161e-270 3.08072e-205 1.35278e-205 1.54895e-28 3.9743e-190 4.90437e-10 4.5981e-132 3.06874e-54 2.05967e-67 0.230189 8.69849e-238 2.04357e-143 4.30722e-59 0.0154823 1.96297e-216 4.42686e-133 2.91201e-25 1.61617e-275
7.07933e-47 5.80857e-111 2.19753e-118 5.08506e-89 7.22769e-06 0.000121692 3.50778e-153 2.95345e-73 3.94829e-133 1.65477e-26 1.06822e-90 1.66768e-109 2.88908e-201 9.15621e-222 2.63097e-139 2.39339e-19 1.39506e-125 1.54452e-151 8.86523e-13 6.49717e-82 1.93767e-149 2.39283e-234 4.22335e-247 2.54444e-321 1.18244e-271
3.16691e-62 8.69532e-164 2.82989e-158 4.07589e-204 2.22913e-101 3.96065e-33 6.64152e-231 1.54709e-176 1.58122e-124 3.53516e-207 2.87452e-112 2.45956e-175 4.78212e-258 5.57801e-224 9.31829e-122 2.02482e-74 0.815573 0.0763507 2.18345e-89 2.58714e-109 2.79351e-111 1.64728e-96 9.57686e-201 4.15366e-172 1.82119e-219
