1.80251 0.245772
3.27732e-187 1.80948e-150 2.65582e-241 9.33137e-121 5.09395e-08 3.30924e-189 5.97573e-193 2.76582e-12 8.03027e-208 0.301674 4.5824e-08 1.63396e-157 1.29286e-78 6.50118e-259 2.0925e-34 1.44422e-278 3.56261e-60 2.12589e-130 2.57046e-52 2.63246e-282 1.08706e-57 1.39414e-08 1.84669e-316 5.33981e-64 2.57153e-59 2.14304e-197 4.54604e-77 5.36994e-197
2.80997e-294 5.81096e-117 1.45568e-159 8.0676e-104 1.30809e-65 3.81451e-142 1.49308e-51 0.116526 1.21073e-183 0.0216269 2.16854e-147 5.96846e-110 5.78838e-24 1.90608e-59 5.71891e-64 1.71408e-254 1.24298e-63 0.175173 5.12258e-133 6.65085e-169 3.43129e-205 0.186264 2.50424e-274 4.45427e-111 5.26562e-51 2.74678e-215 2.90442e-09 1.62445e-214
3.57173e-171 2.69524e-68 1.18159e-215 1.46445e-27 5.03498e-54 5.93751e-121 1.47925e-181 1.16192e-72 1.15602e-156 2.51113e-66 1.97111e-55 2.83473e-248 2.4526e-170 3.4145e-79 1.0521e-277 9.24669e-86 2.67363e-128 0.25218 7.14481e-33 3.53935e-218 6.85409e-232 1.59455e-40 1.28799e-116 2.24511e-119 0.071067 4.24036e-159 1.41245e-110 1.3416e-290
2.53861e-118 0.172415 0.924771 0.469871 7.80114e-97 8.52108e-134 2.61702e-42 2.76707e-240 9.02642e-91 7.79085e-173 3.40231e-13 0.278312 1.60223e-126 9.86874e-213 0.171709 0.385132 4.02481e-12 1.24426e-81 4.0171e-64 3.90805e-205 5.83298e-232 1.93879e-208 3.52215e-285 9.46399e-79 4.41753e-112 8.54622e-205 8.19455e-05 1.17094e-321
2.13085e-201 1.89064e-146 3.5675e-258 2.86312e-29 1.27148e-77 1.20258e-46 2.11996e-105 1.42587e-27 1.20046e-165 2.14859e-153 1.43962e-29 2.91677e-313 9.33962e-205 1.16291e-159 3.47992e-313 6.10779e-207 6.64688e-197 2.42854e-67 1.01187e-51 1.49163e-249 3.43667e-245 0.030164 4.98895e-258 3.1068e-84 9.3547e-105 6.48428e-253 8.28768e-40 1.33334e-307
1.09547e-318 1.02039e-115 9.78918e-106 7.87484e-132 2.82194e-141 6.58995e-63 0.123417 9.72118e-93 4.90142e-83 3.08257e-95 1.9211e-102 7.54333e-307 1.00786e-170 0.32877 5.42923e-240 4.01047e-213 1.20755e-152 6.86198e-102 4.78519e-98 2.62857e-220 0.510436 0.132375 4.07205e-286 3.47023e-105 1.85787e-176 1.35737e-174 7.63358e-44 1.19564e-321
9.41391e-286 6.77705e-145 1.33993e-171 0.154414 0.0343787 3.93124e-103 1.76686e-173 9.31085e-238 3.25881e-70 7.67464e-66 2.84509e-123 8.17216e-59 1.51631e-184 5.89496e-246 1.54469e-70 6.61154e-73 4.08737e-138 1.03371e-141 5.75397e-182 2.24656e-133 3.04545e-171 1.2485e-253 1.0573e-321 9.57102e-46 2.02366e-163 1.07096e-99 5.79559e-22 2.19305e-219
1.62856e-86 9.37791e-180 3.47318e-319 2.51311e-72 3.84654e-113 2.12383e-106 1.12876e-138 5.8039e-201 8.87172e-173 5.80602e-172 2.66656e-147 2.93275e-156 5.3687e-104 3.93717e-173 2.26143e-109 1.98398e-17 5.42519e-155 4.76209e-38 0.0740285 7.85723e-279 5.76158e-88 2.00072e-146 1.347e-247 5.16022e-125 0.198103 8.71143e-167 3.41797e-64 1.08796e-234
0.797237 1.27684e-59 4.5805e-267 5.31509e-17 2.17516e-42 0.90739 5.99731e-118 0.0712322 1.44367e-128 1.48094e-177 6.37456e-112 7.14545e-102 0.335442 2.54309e-126 5.23455e-43 3.61863e-35 1.43729 1.64704e-113 4.53385e-59 0.492346 4.05032e-212 2.33759e-35 0.381934 0.155952 1.68998e-133 0.570994 1.31913e-126 0.362503
4.33542e-210 7.19925e-61 6.45744e-150 1.12839e-55 2.43332e-78 1.11474e-133 2.82786e-175 3.08815e-61 3.32357e-182 1.34525e-210 6.85675e-18 1.10084e-252 1.3522e-51 9.60461e-104 5.6901e-250 1.1502e-188 2.0746e-129 1.74428 2.11105e-127 3.84319e-281 1.37297e-107 3.76733e-09 1.09189e-321 3.42979e-192 5.63726e-89 8.40799e-185 1.06448e-63 1.958e-127
1.22474e-115 4.16984e-90 1.76739e-126 1.32713e-19 6.39358e-115 6.97346e-226 4.62343e-207 1.38173e-245 7.04779e-129 1.95162e-59 3.66183e-06 1.77633e-212 2.03416e-194 3.26964e-61 6.58065e-247 2.49678e-219 1.79184e-122 1.24135e-186 9.91593e-128 3.5603e-224 5.54425e-244 1.50044e-173 1.07706e-321 1.31913e-59 2.5171e-120 2.81745e-138 0.549818 4.29395e-271
6.22755e-151 9.98732e-182 4.37945e-161 6.12788e-103 0.115307 9.78262e-87 2.03513e-148 3.28877e-76 6.75354e-150 5.34052e-217 3.35543e-05 2.55948e-264 7.8649e-184 1.50585e-179 4.91377e-262 5.40728e-08 2.76575e-211 4.3344e-151 9.74958e-146 1.72634e-233 2.46128e-85 4.57296e-76 1.16064e-155 1.11554e-122 3.62725e-148 2.76968e-278 5.3833e-87 3.48564e-295
9.51979e-82 3.02268e-51 5.83915e-153 1.10133e-117 4.76617e-153 9.003e-32 2.79048e-125 1.6887e-83 0.445441 5.89139e-192 0.161183 2.22375e-74 3.47716e-238 1.03422e-147 4.10544e-149 5.70531e-33 3.38111e-214 2.54228e-124 7.70799e-183 2.15731e-195 4.10654e-118 0.0290834 2.39477e-173 6.29824e-139 6.57864e-97 9.51234e-260 0.431005 1.05236e-321
7.72694e-230 1.38511e-102 2.83225e-196 2.1529e-84 3.25378e-156 4.85567e-29 2.36886e-118 1.58644e-107 6.65192e-81 3.96182e-111 7.78092e-125 3.84811e-189 8.10933e-194 1.09857e-190 1.30959e-141 1.81358e-261 1.96641e-146 5.8557e-128 0.217963 7.65117e-261 2.29524e-155 5.56921e-219 1.08694e-321 1.07373e-134 2.1504e-131 4.6845e-279 9.13946e-14 5.44279e-282
