4.19497 0.129845
2.32022e-14 1.99997e-190 3.322e-168 4.92438e-105 1.62083e-133 2.09962e-71 7.61862e-52 2.79958e-34 2.57909e-30 0.293084 2.79093e-104 2.62689e-37 7.75342e-82 0.354824 2.70001e-86 2.69288e-51 5.25823e-07 0.166623 1.27597 9.5801e-06 6.43812e-112 8.2125e-130 3.08584e-110 1.37036e-218 2.1664 1.19444e-125 4.58453e-34
4.36152e-116 1.545e-74 6.04864e-100 6.6961e-172 1.24593e-119 1.38386e-88 1.11672e-25 6.75044e-59 2.01274e-67 0.126084 1.71871e-102 1.42904e-87 2.33752e-94 7.41428e-56 0.219597 1.35544e-09 0.32682 1.32028e-19 5.29554e-35 0.277898 1.22999e-121 3.84283e-127 8.87965e-120 6.6846e-130 5.26818e-41 2.08768e-163 5.72624e-163
5.41194e-77 6.81023e-163 2.18652e-128 5.74072e-142 2.71312e-64 6.74675e-79 1.28244e-91 2.04166e-32 2.45121e-32 3.50198e-81 5.41615e-149 1.15614e-76 7.68965e-72 2.02939e-129 5.95606e-86 1.48328e-11 0.121734 3.09201e-15 2.4047e-145 2.5291e-139 6.45819e-122 4.13599e-115 4.46972e-120 7.74061e-120 2.70208e-47 2.57777e-219 4.58408e-115
1.23588e-153 1.48598e-118 1.65559e-302 4.39502e-291 1.80895e-123 1.72083e-13 3.10786e-24 1.25454e-110 9.25364e-146 6.96211e-08 1.25337 0.448046 7.1267e-93 1.42796e-38 2.72079e-39 1.66652e-35 8.11953e-86 1.91535e-71 1.10788 4.54069e-146 0.379039 0.16099 0.358833 0.709558 1.15636e-47 6.26106 0.670738
2.00409e-45 5.17112e-87 2.45444e-89 2.10019e-16 3.96618e-68 1.20052e-10 1.16394e-53 2.22654e-06 2.92119e-65 1.50169e-116 1.46627e-129 5.57757e-66 3.67203e-30 8.63754e-102 3.50223e-112 0.191159 1.83946e-111 9.08227e-68 3.31635e-154 9.43948e-116 1.74547e-128 1.77692e-90 4.32975e-151 2.21185e-238 1.22205e-37 6.84396e-163 1.35622e-134
6.46703e-44 4.4358e-110 1.97384e-142 2.79555e-31 0.00242 2.56175e-71 2.24094e-25 2.27349e-43 1.81769e-51 2.75496e-34 2.4311e-103 2.26201e-77 0.150888 5.96231e-34 4.72877e-93 3.20889e-42 3.05134e-49 2.20491e-10 3.45653e-74 2.52925e-127 4.19054e-72 7.90918e-107 2.49709e-149 6.18701e-175 0.188242 8.81195e-198 9.19272e-172
6.44175e-05 0.000177353 0.000281865 2.9476e-05 0.00102739 0.00312392 1.6517e-05 0.000276006 0.0002577 3.54902e-138 1.4375e-159 6.36995e-142 1.72593e-115 1.44638e-141 6.30212e-131 6.08875e-66 9.88014e-136 5.53892e-85 8.76655e-173 9.72849e-182 1.52281e-170 9.63272e-158 1.47832e-204 1.11106e-253 4.09755e-52 2.35242e-258 9.74817e-178
1.55253e-14 1.15202e-77 6.13569e-90 2.66591e-67 2.23183e-58 9.70308e-65 1.89367e-14 2.16504e-36 2.19472e-60 5.88283e-127 2.06899e-145 2.17312e-92 2.91589e-78 4.45946e-82 4.10399e-86 6.0399e-46 1.8374e-100 1.77709e-10 3.87319e-141 4.51728e-160 1.2757e-156 3.41587e-152 1.51843e-182 1.85254e-191 7.52477e-12 9.41504e-190 9.16904e-159
1.18169e-43 1.02937e-07 2.74708e-95 2.87555e-79 1.60634e-64 5.31548e-92 3.5636e-19 5.79736e-61 8.08859e-38 2.30556e-69 6.63975e-92 9.29572e-137 2.07433e-108 8.345e-136 1.42863e-121 1.15501e-43 8.69017e-73 7.01591e-52 1.05449e-126 6.00244e-112 1.07383e-131 3.33728e-118 1.55113e-194 4.09606e-159 0.344496 5.31384e-220 1.02914e-135
8.95549e-38 1.85312e-37 5.03384e-19 4.72537e-11 4.39541e-44 4.95655e-67 0.00789582 8.47978e-54 4.21586e-58 3.85471e-96 1.13341e-145 4.27876e-127 2.60281e-62 1.99679e-51 1.01992e-84 2.57482e-43 4.83319e-73 5.77879e-53 1.14316e-153 8.82596e-149 5.47142e-158 6.7524e-150 2.00418e-194 4.98017e-193 0.1857 8.05202e-176 6.94847e-102
9.64214e-29 8.17624e-27 1.57371e-84 1.42885e-52 9.65348e-37 2.42248e-28 0.0155394 6.3537e-14 2.2001e-40 1.85036e-102 3.28075e-130 3.54651e-114 1.10487e-85 4.42266e-56 1.41625e-70 1.25202e-41 8.23421e-76 1.40823e-24 3.26701e-119 1.12809e-173 5.48796e-144 1.37448e-136 4.4911e-199 5.41223e-239 0.298391 6.58854e-166 1.38974e-113
4.60778e-55 6.59329e-40 1.01286e-84 7.20588e-105 4.48911e-59 1.72409e-55 4.20955e-65 7.02397e-32 2.72512e-13 1.38278e-45 3.69016e-149 2.02058e-118 1.99633e-62 5.21882e-108 1.93555e-88 0.0219458 1.71418e-128 3.0093e-79 1.7435e-90 2.36436e-165 1.97583e-124 1.58722e-111 7.4042e-118 3.28613e-222 5.99285e-12 1.32794e-215 2.14265e-113
