0.00148083 0.000127141 0.00115795 1.09509e-05 0.000232062 0.00724538 0.000774349 4.94066e-324 2.68058e-297 4.94066e-324 9.88131e-324 3.06784e-288 3.10683e-297 1.9691e-236 6.5771e-100 2.83409e-266 1.021e-101 1.72667e-157 1.76094e-180 4.89664e-44 7.02668e-287
4.03697e-36 5.54697e-56 5.92519e-124 3.31731e-35 1.12269e-118 3.10078e-83 2.19222e-90 5.08888e-322 3.17675e-192 6.00342e-242 3.08626e-316 2.80937e-284 1.49728e-204 1.30138e-202 8.37805e-21 2.12912e-139 7.6025e-19 7.93222e-86 3.1017e-151 0.0844943 1.61056e-282
1.40422e-74 1.37097e-56 2.67121e-59 1.20418e-49 9.43954e-12 0.00709713 0.000219966 3.45846e-322 3.25638e-238 2.61855e-322 6.12641e-322 2.29053e-247 3.18359e-225 1.45513e-234 4.12076e-85 1.89763e-248 2.47329e-78 7.2802e-119 5.70721e-159 0.838226 2.40118e-256
1.44227e-27 0.0200459 0.028065 3.90448e-14 2.96225e-25 1.41656e-18 1.3975e-11 1.28457e-322 1.79193e-286 1.03754e-322 2.47033e-322 6.58896e-281 5.36761e-280 1.13697e-224 1.98576e-80 2.84619e-257 9.6033e-91 7.14961e-141 1.26118e-174 6.11325e-28 1.83546e-264
0.000360783 0.00016953 0.000758269 0.000124903 4.2555e-05 0.0083725 9.85835e-05 0 1.41197e-297 4.94066e-324 9.88131e-324 3.68997e-288 6.07512e-299 2.05372e-236 3.84335e-100 1.19226e-266 2.51388e-102 1.17755e-157 2.73177e-181 5.71717e-44 1.2558e-287
2.32376e-202 3.46255e-106 2.63196e-42 4.48841e-34 5.80201e-249 1.06857e-113 4.5235e-58 1.38832e-321 0.251608 8.08335e-180 2.07014e-321 1.14547e-137 6.61829e-294 4.91716e-184 1.13994e-35 3.30497e-109 3.19269e-96 6.86927e-11 7.57368e-68 0.0169254 4.38013e-234
4.27163e-67 3.4907e-41 2.57596e-43 8.23206e-85 0.00556312 1.45735e-51 1.23347e-42 2.76677e-322 7.49046e-238 9.517e-314 5.82997e-322 3.61888e-260 1.85938e-281 2.56355e-227 2.71686e-55 1.56886e-243 4.93533e-70 2.17333e-155 4.49585e-165 0.446717 5.38003e-286
1.70988e-52 1.99749e-31 1.7657e-49 2.13432e-51 2.07472e-34 9.00313e-50 1.72584e-60 4.44659e-322 2.85167e-281 3.21143e-322 5.00488e-321 5.86839e-246 2.78364e-262 5.854e-227 3.17913e-43 3.7055e-167 5.31133e-98 9.54785e-113 8.76061e-161 0.419293 1.13791e-247
1.05663e-98 1.19878e-35 6.6834e-153 4.20697e-234 2.90652e-241 3.4175e-112 0.000740548 8.98767e-314 6.96386e-190 1.98565e-268 1.45574e-239 2.05847e-131 3.29294e-162 1.49912e-100 7.81663e-47 4.84281e-263 0.465276 1.50425e-14 1.14378e-143 3.95375e-32 5.88166e-48
1.84247e-12 1.36257e-09 7.8344e-09 1.03401e-10 9.85425e-08 0.0930657 0.00251829 3.45846e-323 5.16715e-286 2.96439e-323 6.91692e-323 2.87914e-284 8.0263e-291 1.98889e-230 4.91316e-99 5.92967e-259 7.07754e-94 1.7476e-156 9.19974e-174 1.53597e-41 3.50806e-287
2.84347e-102 1.20097e-71 2.77098e-56 0.00254476 3.54543e-103 5.69066e-60 1.13036e-63 5.2865e-322 3.59878e-150 4.34778e-322 1.15117e-321 4.81549e-199 3.26728e-210 1.60468e-191 2.4931e-81 3.91548e-219 0.221373 2.8894e-110 9.32104e-142 7.67406e-09 1.25453e-145
2.05085e-298 4.6993e-62 3.77222e-112 5.36156e-184 5.2865e-322 8.47682e-45 2.72386e-54 1.42291e-321 8.38048e-222 1.24772e-09 3.1719e-321 3.71607e-59 2.56695e-74 0.71252 1.28296e-63 0.16632 6.46917e-73 1.24729e-58 1.24603e-131 1.10656e-30 7.14483e-35
1.48512e-153 8.456e-94 2.021e-122 1.13238e-64 3.81726e-269 2.1426e-36 4.15739e-111 1.56619e-321 1.61631e-24 1.25882e-226 2.07014e-321 9.56258e-192 8.20194e-191 1.3358e-169 2.55561e-16 4.02448e-19 5.83062e-50 3.74889e-106 3.62558e-84 1.98759 1.07089e-81
1.58683e-53 4.23079e-18 3.77269e-23 2.26568e-91 3.63571e-35 7.66768e-23 0.000385107 3.7549e-322 4.35495e-269 2.91499e-322 6.52167e-322 4.44548e-246 1.93143e-195 3.5218e-231 1.48871e-60 1.3188e-185 1.97846e-60 5.82304e-142 1.24085e-126 1.41025 2.08256e-210
1.99996e-47 5.82123e-252 5.75092e-321 3.11261e-322 5.97819e-322 4.11743e-126 1.60571e-321 0.637742 8.53265e-232 0.337107 0.897822 2.57669 5.7642e-267 8.73426e-155 0.387825 3.86893e-177 2.60044e-46 1.14238e-25 0.348096 4.83066 9.6581e-198
3.07377e-64 1.0219e-35 3.41666e-34 5.66732e-70 2.5619e-10 5.21859e-39 2.29499e-74 2.66795e-322 2.69337e-259 2.17389e-322 4.99006e-322 1.35718e-249 9.18898e-251 1.61568e-197 3.65477e-54 5.10105e-255 5.03832e-55 1.02908e-154 1.74262e-157 0.49359 4.92841e-235
2.25974e-294 3.09912e-77 6.19447e-148 1.76349e-171 3.86661e-112 5.21981e-228 4.3591e-243 1.28457e-321 2.61899e-08 4.40732e-108 2.3666e-113 7.46576e-136 1.3695 9.79786e-173 6.17832e-19 0.439793 2.85029 0.245438 4.44995e-148 4.40385e-31 2.10958
1.67075e-57 1.58484e-52 3.17702e-95 1.06536e-101 4.27811e-102 6.52122e-20 4.9934e-17 4.00193e-322 1.21394e-261 1.35381e-305 8.64615e-322 3.33854e-279 6.11226e-269 2.28754e-231 6.57146e-87 1.94136e-207 9.70813e-71 6.23977e-101 5.47634e-163 0.448106 3.88927e-267
