3.75338 0.0380575
8.2573e-08 4.39256e-33 4.58787e-24 1.64349e-15 5.67181e-59 0.0613989 8.10645e-10 1.11412e-29 1.24089e-30 5.46838e-46 8.53415e-47 6.71599e-54 5.50118e-43 8.27448e-61 2.02158e-62 8.98635e-35 0.000234213 5.91464e-69 5.26064e-49 2.58547e-40 4.67726e-44 4.46181e-40 5.51068e-35 3.62814e-37
2.30667e-30 2.94341e-07 6.19281e-11 3.00447e-25 3.23015e-57 1.1477e-12 8.18199e-22 4.22138e-12 2.61204e-49 6.15848e-18 7.44268e-50 1.7228e-50 4.30431e-32 1.48571e-43 1.28913e-52 7.501e-18 0.0998342 9.98126e-52 8.52011e-50 2.33561e-27 2.87185e-43 1.25233e-30 1.45103e-31 3.87605e-52
1.2149e-32 1.10154e-09 1.80098e-21 4.61186e-25 9.55868e-18 0.0412965 0.0619568 3.86676e-31 3.61329e-49 3.01489e-43 4.53721e-44 5.35894e-28 2.05429e-44 2.13646e-49 3.7131e-65 4.27137e-07 1.4404e-09 1.69052e-72 1.42648e-15 4.61809e-42 2.73553e-60 1.69219e-43 1.20987e-18 1.41344e-49
2.51803e-14 1.10155e-20 1.85564e-30 1.8841e-10 5.66029e-30 0.112897 1.52057e-09 4.61341e-24 2.26566e-41 2.99528e-60 2.27283e-48 3.49645e-49 7.51342e-43 1.84748e-35 1.22302e-39 1.35382e-34 1.86646e-07 1.88478e-59 3.8592e-23 1.95494e-23 3.80635e-63 1.16951e-25 1.09334e-38 6.15866e-38
3.03867e-10 6.85931e-50 1.78461e-15 9.58508e-54 0.0481531 5.33177e-16 0.135062 3.8417e-10 0.0923442 1.83499e-16 2.88521e-28 2.77115e-49 0.0666659 0.0444663 1.34767e-41 2.25378e-13 2.07134e-21 2.49824e-45 4.02655e-22 4.32563e-39 0.0333768 1.025e-27 0.0614056 2.23917e-12
2.25941e-21 2.36846e-17 0.0161029 2.76031e-23 3.57432e-32 3.03018e-09 5.34618e-24 0.00832212 1.41697e-54 0.113624 0.015877 0.231935 6.37598e-38 0.0629862 1.0303 1.12749e-14 0.13729 0.182659 0.114639 0.112954 1.35171e-56 0.0195323 4.53094e-12 3.71506e-12
0.00888391 4.49425e-07 1.30136e-08 0.0215595 1.67094e-60 7.7082e-24 1.20006e-27 4.51084e-40 1.65327e-46 1.97154e-54 4.57247e-64 6.37764e-50 5.74367e-64 6.77654e-57 7.98918e-63 1.89709e-36 3.41371e-23 2.89617e-65 5.64657e-45 9.42544e-41 4.43589e-68 4.21647e-52 2.85421e-44 1.27297e-57
3.01011e-08 1.94075e-06 9.70336e-15 5.39752e-10 8.3159e-46 8.28881e-18 3.2004e-23 1.04868e-16 2.3885e-51 3.92077e-47 1.59282e-46 2.41064e-34 4.93582e-35 4.68589e-45 1.9244e-36 2.93091e-08 0.134168 1.48061e-42 3.74848e-37 3.62717e-49 3.20267e-45 6.72152e-47 1.47582e-39 3.26889e-52
9.20006e-34 6.37901e-39 3.29715e-22 0.00820739 1.71533e-42 7.93048e-13 7.81988e-08 1.9854e-37 8.90381e-50 1.13354e-27 2.64589e-60 1.51645e-25 1.07718e-22 4.80393e-50 7.37492e-44 0.040807 0.183437 1.87237e-33 6.10195e-51 5.97125e-20 6.61097e-42 3.27481e-32 8.99514e-28 4.35383e-27
0.000345859 0.000644788 0.0104084 0.00115337 2.42471e-61 1.35522e-27 1.78972e-29 2.17558e-39 8.2004e-59 3.79984e-60 6.07809e-63 1.89589e-55 1.6266e-63 3.99321e-62 2.83166e-67 3.1688e-36 3.0625e-25 1.94489e-76 8.49543e-52 1.70522e-49 6.74106e-69 4.06377e-59 3.50829e-45 7.90358e-71
0.000122629 6.93066e-23 1.90446e-30 1.29897e-11 1.43761e-43 0.406455 2.15555e-29 2.01793e-18 7.0279e-40 4.37904e-48 1.71261e-38 2.56608e-33 1.86908e-49 6.38131e-56 1.20484e-33 8.38575e-33 3.0265e-11 1.34284e-60 3.82432e-40 3.00858e-23 1.05537e-42 4.15629e-55 7.3523e-24 3.47031e-54
2.38438e-15 1.20399e-22 1.00028e-16 0.0575569 3.12124e-34 0.283575 1.02662e-24 4.94498e-25 5.02552e-33 8.90295e-52 6.16764e-62 3.5003e-43 5.26792e-60 4.81147e-58 4.90348e-40 3.48044e-14 1.2463e-15 1.09278e-61 1.20602e-22 1.38074e-28 1.05486e-58 6.71373e-35 1.19011e-27 1.12271e-52
4.3378e-08 7.09704e-38 2.90559e-63 1.15872e-26 1.29661e-56 4.17046e-05 4.66849e-20 2.2889e-10 1.94214e-40 5.86925e-32 7.59206e-42 1.74181e-18 8.00081e-38 1.04525e-54 1.04713e-25 1.4496e-08 1.57047e-06 1.37262e-13 2.63805e-39 1.81791e-18 1.251e-56 0.103996 1.77335e-41 0.0515661
