3.65609e-322 2.28258e-321 2.15413e-321 7.85564e-322 8.89597e-93 1.93921e-320 5.24698e-321 6.08426e-268 1.65199e-269 9.87658e-266 2.14995e-119 8.28548e-321 5.97825e-174 3.44571e-276 1.39401e-275 2.03774e-312 1.36014e-91 4.8122e-321 6.54143e-321 0.230379 5.39026e-321
2.07508e-322 1.32581e-140 2.06519e-321 6.71929e-322 4.30825e-321 1.64443e-291 4.49064e-19 5.16853e-12 1.31644e-268 1.30927e-321 2.7708e-205 3.55233e-321 4.51082e-321 7.23409e-69 2.49997e-321 2.60718e-320 0.366549 3.38929e-321 2.45057e-321 3.10273e-321 7.92975e-321
2.07508e-322 3.92782e-321 3.38435e-321 3.83342e-318 1.24208e-320 2.93722e-320 2.94463e-321 8.10268e-321 5.88432e-321 2.48021e-321 4.04353e-168 3.87271 5.33252 1.85401 1.89691 27.3628 5.30009 6.30922e-321 2.15098 1.75082 3.351
0.000236168 0.00217854 0.00211469 4.91994e-05 0.00369632 0.0125147 0.00258438 0.00305535 0.00239258 0.00168397 3.61416e-237 1.4822e-323 1.97626e-323 4.94066e-324 0 1.08694e-322 3.95253e-323 4.94066e-324 9.88131e-324 9.88131e-324 1.4822e-323
4.77376e-12 2.06519e-321 1.59089e-321 1.97954e-266 5.6104e-105 1.40512e-320 2.25522e-110 1.62857e-23 3.73514e-321 2.73712e-321 0.00707105 5.35073e-321 1.25344e-320 8.52513e-309 2.04049e-321 4.76872e-320 0.680491 0.0159002 3.09285e-321 1.2553e-255 6.62542e-321
6.11487e-146 2.81123e-321 1.54148e-321 7.65802e-322 3.72725e-208 6.0558e-155 4.70686e-110 1.92566e-286 1.53147e-56 4.41728e-191 3.58674e-59 4.95054e-321 1.13487e-320 3.42882e-321 1.52666e-321 3.34581e-320 3.25639e-221 0.791454 6.75248e-304 1.92532e-103 3.15214e-321
1.92686e-322 3.20649e-321 2.00097e-321 4.7379e-159 6.01772e-321 2.33989e-320 4.56517e-321 0.0255037 3.00886e-321 1.84781e-321 1.87205e-43 8.02363e-321 5.52365e-321 2.62005e-300 1.59089e-321 8.29729e-161 0.810545 3.1472e-321 3.97723e-321 5.03453e-321 1.50561e-217
5.95393e-105 2.37643e-284 5.20349e-301 3.6888e-310 3.913e-321 4.16719e-153 4.02125e-32 1.10824e-199 6.03466e-106 2.30511e-83 5.35185e-41 2.65807e-321 3.34482e-321 5.74834e-303 1.10177e-321 2.11806e-320 0.196201 2.21371e-190 3.19166e-321 3.33e-321 3.97723e-321
1.01988e-189 1.17274e-309 2.33199e-321 0.114128 3.78948e-321 3.79146e-169 4.60233e-187 4.47163e-06 9.25685e-156 1.36434e-311 3.23212e-126 2.61361e-321 5.31121e-321 3.37359e-296 1.16105e-321 2.33545e-320 2.77929e-108 7.2327e-245 2.66301e-321 3.76478e-321 2.79147e-321
4.97303e-28 7.23952e-50 1.71117e-100 3.10972e-85 3.913e-321 1.78184e-25 1.1563e-305 5.71567e-16 1.00966e-157 1.80334e-321 0.449219 2.76677e-321 3.53751e-321 2.31223e-321 8.34971e-322 1.65117e-320 2.14955e-183 2.36163e-321 1.65018e-321 2.4061e-321 2.05037e-321
2.37152e-322 2.77171e-321 1.55631e-321 1.62821e-194 1.8286e-285 3.35484e-30 1.83528e-198 3.85371e-321 3.06815e-321 1.52666e-321 0.161835 7.14913e-321 5.94855e-321 4.79795e-290 4.15015e-321 3.35668e-320 2.16006e-320 2.60867e-321 2.90511e-321 3.06815e-321 4.26873e-321
