3.50127e-160 4.96365e-125 1.39863e-28 5.63886e-211 1.82701e-92 1.69858e-209 4.04705e-151 1.94213e-44 2.78503e-14 4.74251e-136 8.11989e-176 1.16008e-144 0.182426 2.46265e-42 6.81682e-76 9.61243e-258 9.652e-31 1.14049e-116 2.6624e-208 2.13251e-158 9.86751e-149
2.30729e-321 5.97819e-322 2.71953e-231 5.37543e-321 1.31767e-43 2.11755e-50 1.4822e-321 3.51775e-321 2.02073e-321 8.41888e-321 3.22923e-82 0.419718 4.98443e-57 0.0316109 2.517e-144 8.66097e-321 1.6418e-63 4.72315e-17 7.64782e-27 2.77416e-52 3.03311e-103
8.12268e-25 6.32488e-124 5.67059e-203 6.06362e-105 1.01478e-186 8.0418e-260 2.03134e-184 1.10736e-42 5.22738e-88 9.42433e-74 9.54711e-81 1.71054e-27 4.07514e-103 3.86309e-134 2.97418e-130 1.14274e-258 5.47085e-39 1.54105e-06 1.92258e-07 1.05727e-37 0.548974
1.03722e-297 2.0673e-47 2.52097e-51 3.45352e-321 1.60762e-179 1.15545e-179 2.74374e-53 1.01555e-90 2.3297e-152 2.10942e-156 1.17384e-167 1.69377e-152 2.23431e-152 0.284338 0.151668 6.0523e-321 0.171247 9.2649e-152 0.27219 4.0603e-49 2.80515e-18
3.12701e-156 5.37426e-149 6.04661e-101 6.94576e-119 4.57219e-185 1.32066e-54 9.20501e-93 2.33418e-94 6.18757e-108 4.4917e-68 1.86453e-84 4.63881e-46 0.579009 5.11947e-10 3.77891e-140 1.97256e-287 8.88975e-89 7.50463e-64 2.62968e-187 8.23332e-157 1.97436e-277
4.18738e-82 1.98525e-169 2.24744e-81 3.79342e-240 5.03554e-87 5.13553e-221 2.54184e-261 8.30037e-121 7.88254e-205 0.263616 0.351424 4.94268e-73 2.00609e-142 4.62057e-43 3.84887e-189 5.79984e-302 4.29846e-104 4.83799e-53 1.38025e-58 3.08479e-89 4.70171e-77
3.72558e-61 1.08134e-22 7.00104e-55 1.31269e-112 5.22739e-66 5.46257e-57 2.50024e-24 1.00949e-27 1.85169e-34 0.0409986 4.33146e-186 2.22932e-133 1.43174e-85 6.15108e-90 2.61061e-183 6.0523e-321 9.95543e-131 4.06865e-112 4.96374e-278 1.24408e-160 1.90546e-194
9.11252e-277 2.62011e-100 4.18419e-121 4.68567e-175 1.27131e-91 3.91884e-280 1.83564e-277 1.98493e-177 5.74339e-263 4.35886e-39 2.15604e-161 3.02178e-25 2.4495e-95 1.84803e-92 1.50935e-35 4.92025e-267 1.46746e-137 3.52836e-72 2.44665e-244 1.95532 3.31298e-196
0.000221367 7.37428e-05 1.47744e-06 0.000448682 0.000323721 0.00589921 0.000146101 0.000283926 0.000197393 0.000390891 3.42024e-212 2.31224e-162 5.09967e-169 3.79887e-138 1.09208e-198 0 1.98714e-159 1.95894e-190 0 2.41821e-225 5.95971e-282
1.46681e-124 2.3447e-231 3.49743e-61 6.39495e-211 1.66201e-219 2.19143e-139 2.67751e-28 1.00704e-71 6.73361e-96 1.26543e-184 2.95933e-75 5.46796e-45 2.37932e-123 1.12346e-30 0.333364 4.08358e-294 9.04905e-57 0.364733 1.90444e-270 1.24879e-162 3.32028e-206
1.99108e-321 3.17335e-314 8.19091e-191 9.57674e-183 2.8704e-35 6.1694e-320 3.71706e-230 3.20181e-49 1.87251e-321 6.93189e-248 1.24427e-10 7.99044e-97 0.446638 1.0202e-89 2.88994e-136 1.69724 5.42186e-89 2.67819e-94 1.5355e-20 3.19261 0.422844
