1.23418e-35 0.00382813 0.00724012 1.63413e-23 6.59066e-30 3.81444e-35 9.66746e-05 1.07171e-38 0.727104 7.50466e-39 1.424e-43 9.76612e-29 3.00685e-39 7.92248e-65 4.13161e-54
1.02589e-70 6.57892e-35 7.97892e-91 3.2499e-80 6.79531e-74 0.344027 1.53183e-65 0.000991694 7.32943e-05 3.15317e-22 2.08768e-50 2.10022e-32 9.09295e-23 8.473e-110 4.41906e-29
3.50362e-53 1.61232e-13 4.40885e-88 9.10862e-71 1.72854e-41 1.4172e-57 0.0221434 0.162139 5.2655e-07 3.36249e-28 0.124878 0.0003359 2.6065e-48 0.402249 0.0171525
1.3355e-14 9.239e-19 7.80486e-57 0.126746 2.90113e-13 4.75834e-35 2.8852e-29 2.13796e-56 0.0114208 7.22004e-12 1.24503e-29 3.22123e-49 3.49067e-70 1.44346e-96 1.68444e-10
2.18091e-30 1.01785e-27 0.0620841 9.65624e-14 6.00888e-48 6.68967e-45 4.70805e-54 4.18306e-50 0.092272 2.58257e-41 5.81634e-32 1.69255e-43 8.2352e-76 1.34632e-90 4.03387e-10
8.80093e-41 1.16192e-07 0.00298727 8.33013e-61 1.30458e-63 2.57478e-21 1.67685e-27 1.90519e-59 0.96962 7.95359e-27 3.37518e-14 4.34715e-73 5.32523e-42 1.19631e-75 7.08185e-42
0.0312649 7.84646e-32 6.19883e-81 2.29889e-53 7.53834e-49 0.395232 3.79128e-44 4.57664e-08 9.80365e-14 0.0600977 4.38158e-55 0.148922 7.15053e-57 1.66296e-92 0.0277268
4.19228e-20 0.0639641 3.75125e-20 2.27561e-13 2.45649e-10 2.30751e-42 2.91237e-71 3.32171e-55 0.390063 7.68448e-39 4.51098e-45 1.08352e-77 3.95658e-64 2.34568e-93 8.89405e-37
1.75953e-33 9.91751e-19 1.88128e-56 2.7895e-34 2.65874e-12 1.20148e-21 3.24423e-36 9.46139e-72 0.847059 8.38429e-25 1.58206e-32 7.02737e-61 2.67041e-57 1.63631e-88 4.96846e-54
2.85578e-30 0.00105112 5.55858e-31 3.29313e-15 4.94442e-22 1.80848e-63 8.02193e-42 6.13585e-66 0.294989 4.1591e-31 5.04977e-39 4.51083e-65 9.41551e-55 8.51742e-69 2.39941e-32
1.12323e-18 8.88047e-30 8.05341e-50 0.0135291 0.000528551 9.98756e-47 5.59482e-37 6.77909e-70 2.74806 3.94921e-38 2.16715e-12 1.2686e-16 1.43909 3.69556e-105 0.0123656
6.78321e-18 9.95879e-09 1.34268e-28 5.17985e-30 0.030189 2.05851e-53 2.13871e-43 4.63938e-53 0.0775444 8.87863e-25 1.57546e-47 4.19002e-47 2.73247e-77 2.05181e-72 1.07749e-21
1.80963e-10 7.33378e-31 7.56824e-08 6.27536e-05 9.19972e-32 1.79158e-63 9.60856e-58 2.20905e-54 1.64588 1.34297e-39 7.57097e-37 4.1713e-64 7.64977e-43 4.51041e-108 3.83756e-40
