1.22528e-321 4.88631e-321 1.10263e-187 1.28951e-321 8.83548e-72 5.85789e-224 0.466001 4.94066e-321 7.40604e-321 1.32778e-241 1.48152e-87 2.40224e-310 2.25408e-262 2.61199e-308 1.26792e-319
3.58897e-286 1.57851e-42 8.15193e-51 2.25402e-141 2.68772e-321 0.0753558 6.09183e-321 3.04626e-256 4.37136e-142 0.387996 0.445597 7.02212e-180 1.35004e-69 2.08002e-321 4.97726e-132
1.55849e-76 2.39622e-321 2.72724e-321 2.39622e-321 2.60373e-321 2.07014e-321 3.64228e-152 1.11988e-53 1.46313e-33 0.171291 7.22804e-181 1.65092e-254 7.43907e-171 7.3608e-116 1.51828e-258
8.35167e-95 2.5395e-321 2.1146e-321 1.5316e-321 1.00795e-220 6.05704e-318 3.6215e-321 3.95913e-268 0.371926 5.30809e-254 9.059e-139 6.89222e-321 1.79236e-153 1.47726e-321 4.50504e-162
3.15773e-69 3.58692e-321 1.29497e-257 2.22715e-129 1.22251e-76 1.58101e-321 5.78551e-321 4.03652e-321 0.44098 1.49492e-240 1.73122e-159 6.61554e-321 2.23045e-146 2.05531e-321 1.102e-126
1.73417e-321 4.26873e-321 2.85384e-279 1.33892e-321 2.42465e-223 0.719636 2.42546 1.50844 1.4149e-102 3.07504e-99 5.32214e-69 0.44284 0.879751 0.809058 1.55095e-225
1.34788e-195 2.23812e-321 2.04003e-176 1.57607e-321 3.81174e-192 9.53547e-322 3.55233e-321 2.5889e-321 1.70563e-279 3.5275 3.26825e-158 4.92053e-166 1.38329e-297 1.38865e-286 1.08117e-253
1.91203e-321 3.14302e-218 2.04543e-321 3.33688e-286 3.61477e-241 1.27469e-321 6.91692e-321 2.89028e-321 4.77761e-321 3.96743e-171 1.27954e-99 5.00597e-09 0.134976 2.15413e-321 0.480863
1.84781e-321 4.03253e-90 1.47966e-05 1.83905e-19 2.72668e-120 2.39128e-321 4.94066e-321 2.88534e-321 1.87824e-85 4.04798e-223 3.18579e-121 0.585195 2.96989e-81 2.14424e-321 2.28752e-321
2.78762e-130 1.67582e-143 6.86107e-103 2.5833e-232 6.80291e-23 6.07701e-322 1.80828e-321 9.68369e-322 7.06659e-232 8.02857e-321 0.185261 2.63337e-321 1.15117e-321 8.44852e-322 7.65802e-322
0.0223684 0.0529211 1.67083e-09 1.00811e-20 3.98335e-09 6.91692e-323 2.51973e-322 1.43279e-322 2.2727e-322 1.09189e-321 5.21335e-228 3.21143e-322 1.5316e-322 9.38725e-323 9.88131e-323
1.36856e-321 3.90946e-161 2.08002e-321 5.87729e-33 6.42413e-168 1.65512e-321 5.03947e-321 3.45846e-321 1.70755e-124 2.43275e-35 4.70838e-189 0.943173 5.47438e-226 1.66389e-169 2.13436e-321
2.27785e-13 5.90301e-30 0.0516481 0.0326283 0.0376292 8.39912e-323 2.86558e-322 1.67982e-322 2.81617e-322 1.39821e-321 1.51124e-253 3.85371e-322 1.77864e-322 1.13635e-322 1.23516e-322
