1.09535e-29 1.26332e-51 5.33445e-36 2.36263e-40 1.04156e-97 1.95984e-110 5.50952e-71 1.3118e-27 0.115493 4.38334e-18 8.34499e-42 0.177211 1.89539e-26 1.11369e-136 5.24927e-72 5.93841e-66 1.61143e-145 1.94895e-104 1.35399e-73 6.10287e-13 4.03952e-72 1.12627e-74 6.27647e-73 1.77067e-36 2.14158e-32 5.85593e-125
3.68716e-90 0.0790447 0.417947 0.164406 0.339248 1.23677e-48 0.112155 1.94458e-162 1.36147e-27 6.1783e-75 1.09108e-16 1.0157e-09 1.94048e-41 0.209121 8.14437e-47 5.48498e-161 0.403023 5.03151e-40 6.89032e-106 5.3969e-18 0.571625 0.772048 9.46906e-26 6.2483e-84 3.31797e-12 1.39211e-172
4.33227e-96 1.39011e-88 0.149079 5.00382e-35 7.62695e-116 2.1349e-123 3.29177e-68 3.41379e-115 2.23102e-102 1.32436e-63 8.27996e-78 3.68358e-42 0.0847626 3.26071e-130 3.12022e-69 8.97235e-137 1.97197e-159 4.65777e-98 7.61238e-98 4.80329e-86 9.51308e-97 6.25311e-199 2.46351e-70 3.36025e-97 6.77452e-71 2.31157e-167
1.89745e-13 1.23634e-102 5.52657e-13 1.98789e-77 9.00539e-19 3.8039e-123 3.80765e-74 1.98431e-59 1.4213e-12 0.101652 3.23448e-111 0.402561 4.07029e-43 3.54399e-44 3.47695e-13 5.0445e-154 5.87395e-88 1.65648e-23 6.27444e-84 1.16494e-100 1.2993e-10 3.65068e-91 6.04486e-68 0.143932 0.438444 1.71972e-92
6.02e-21 9.68579e-41 2.29433e-39 1.56391e-101 1.00488e-60 8.30614e-83 1.22864e-10 1.36731e-34 0.00764116 0.107294 1.02789e-05 2.93695e-56 3.34967e-15 9.66027e-108 0.364311 1.98353e-93 9.92451e-145 1.05914e-70 1.9492e-146 5.98499e-73 8.20566e-115 7.76145e-96 2.13723e-15 4.44386e-120 5.1519e-28 1.04177e-67
2.05967e-37 1.59399e-89 0.0893253 3.37738e-78 2.99163e-41 3.21082e-111 1.02537e-104 1.32299e-154 1.45842e-18 5.18702e-42 1.31093e-56 1.34126e-26 2.66455e-05 1.26774e-113 1.09115e-73 5.47763e-99 2.22076e-125 5.34482e-84 1.60723e-100 1.07536e-67 5.35245e-147 3.2752e-201 7.50256e-76 4.41684e-85 2.09853e-46 2.39854e-98
1.36748e-81 3.75044e-96 2.56805e-28 2.00639e-81 2.80888e-132 2.32751e-90 5.3573e-118 2.37124e-162 4.23946e-100 4.78996e-42 1.61812e-109 5.59628e-120 2.69283e-20 5.68996e-101 6.97593e-94 3.30541e-102 2.36228e-132 7.27089e-115 1.71936e-107 0.0462445 3.56903e-115 1.15799e-151 1.22482e-34 3.06684e-104 1.0384e-79 3.74427e-115
0.144394 1.23874e-64 4.62876e-27 1.74084e-28 3.49679e-40 1.13958e-65 2.17578e-15 2.12122e-112 5.37749e-25 2.54746e-50 3.2789e-109 0.056914 2.10678e-45 2.30847e-150 1.22338e-76 4.64504e-139 4.60844e-40 6.51985e-64 6.86412e-61 3.80157e-66 3.18679e-82 3.13396e-184 1.12525e-09 3.34096e-82 3.68602e-98 7.64888e-77
2.96956e-22 3.49148e-19 0.063224 2.72535e-64 1.58688e-131 1.86315e-91 9.50273e-98 1.18293e-164 6.47932e-77 2.20675e-61 5.07993e-50 1.54077e-45 6.83675e-26 9.32003e-107 1.53772e-83 2.83437e-61 4.12937e-159 2.70707e-70 5.67489e-63 9.75762e-30 1.12092e-109 7.99679e-106 0.441841 1.17545e-40 6.16127e-08 5.51017e-127
4.45787e-82 1.0056 1.96331e-54 2.70898e-42 1.61937e-36 0.328987 3.61372e-115 0.138316 5.39419e-68 7.49756e-43 3.9465e-35 9.54706e-31 5.94579e-08 1.07215e-86 2.42771e-65 0.314445 6.68499e-38 0.000914343 0.105131 0.0939187 1.4922e-96 6.3753e-130 9.58278e-12 3.24838e-64 4.17078e-14 2.80085e-32
3.8478e-33 1.31755e-89 2.72938e-41 3.00094e-41 4.72943e-13 8.41448e-52 0.041962 1.46704e-88 3.23572e-07 1.44522e-77 0.303866 4.13745e-17 3.21802e-08 1.25929e-108 1.88612e-79 0.041156 1.11227e-59 6.64382e-39 1.70197e-05 3.24811e-79 5.30605e-23 4.64486e-13 1.60572e-64 9.81945e-117 7.53949e-29 0.0657568
1.75572e-102 3.1433e-73 6.87571e-41 6.11825e-18 1.85154e-85 8.18822e-65 1.05206e-56 2.59858e-153 4.64321e-58 5.07352e-80 2.40895e-76 1.04384e-90 9.75826e-54 3.25765e-40 2.19481e-25 4.44877e-71 2.76176e-150 0.189483 1.68303e-110 3.87699e-14 1.72135e-43 9.31133e-150 2.12879e-81 3.98755e-89 2.34668e-78 2.80983e-42
