8.18548e-77 1.64334e-155 4.25441e-117 5.17062e-233 7.2603e-251 3.51427e-84 5.62907e-44 0.0625026 1.25077e-33 0.253967 7.4056e-156 0.335619 1.40224e-85 9.35248e-15 2.78406e-118 2.08419e-126 5.30701e-83 1.26879e-123 4.79416e-157 3.22383e-81 1.95969e-86 5.3358e-34 2.26149e-191 2.4451e-08 8.33816e-144 6.41178e-102
2.58e-68 1.23321e-164 1.33935e-162 3.98227e-245 1.32635e-292 9.14683e-53 7.33181e-118 7.48938e-148 4.25269e-17 0.31119 6.06896e-182 1.35771e-47 5.29444e-241 0.0160544 3.9857e-109 5.53807e-111 9.31452e-23 1.13085e-201 5.91297e-227 1.67857e-240 5.22e-168 9.29633e-244 8.49378e-19 1.56887e-61 1.41684e-35 5.53776e-38
7.99721e-25 7.90562e-50 4.70375e-195 3.80266e-204 9.82741e-82 1.11989e-37 0.158933 2.65686e-178 4.92599e-14 0.0333778 3.50939e-177 1.74736e-62 1.57888e-241 1.51285e-22 2.23944e-96 2.2617e-174 2.70894e-40 4.69389e-143 5.65695e-125 1.71161e-301 8.25084e-50 0.0409645 2.04183e-277 1.95111e-221 3.67405e-183 7.82023e-84
1.51601e-53 1.88553e-56 1.98373e-210 3.97778e-181 1.40366e-137 9.42254e-42 7.60575e-35 6.31884e-187 8.14574e-54 2.50039e-104 4.07226e-150 3.7149e-11 1.09822e-134 5.94519e-81 1.06918e-99 1.17288e-66 2.12139e-131 1.50555e-205 5.37881e-138 8.67459e-87 1.52568e-75 1.86909e-239 1.52838e-90 0.223835 1.20875e-138 1.10558e-57
6.35611e-105 2.48206e-169 0.195203 1.43083e-265 7.1349e-168 1.90675e-59 3.44166e-15 7.36478e-78 1.75836e-89 0.687437 5.92224e-110 1.50636e-119 1.38136e-167 4.14273e-87 4.65044e-255 1.84145e-59 1.57366e-94 9.87961e-129 1.22619e-62 1.05631e-255 2.02338e-88 4.74745e-49 4.61753e-77 1.05261e-165 6.55029e-13 3.37185e-110
9.11453e-07 3.68598e-169 2.74439e-156 3.36275e-248 3.438e-190 1.88328e-88 8.82129e-183 6.70267e-69 1.11418e-47 0.0643036 2.62798e-226 6.24124e-187 2.56188e-169 4.03068e-141 6.0261e-168 1.04224e-128 2.82234e-157 7.4339e-134 1.22295e-144 5.44704e-222 4.59402e-104 0.00239866 5.74191e-223 5.8542e-25 3.69736e-111 4.5475e-51
1.66693e-163 9.2996e-70 5.35096e-260 4.32126e-178 4.17803e-95 6.79458e-63 1.60794e-232 4.18878e-18 0.253623 0.215157 1.53116e-220 7.20734e-47 4.26371e-118 9.02695e-89 9.48483e-89 5.55837e-165 2.64641e-65 4.96738e-105 5.5914e-171 5.8176e-172 1.19506e-45 1.13222e-29 1.27913e-213 9.49363e-84 2.38176e-160 1.78866e-74
4.69575e-137 4.14687e-163 5.37691e-39 1.10856e-286 1.01821e-126 1.12399e-118 3.17172e-126 9.78443e-191 1.50132e-97 9.64493e-199 3.02396e-202 1.30684e-183 0.109337 1.44818e-26 7.51279e-100 0.0455786 6.06887e-34 0.66855 4.36539e-83 5.32901e-270 2.64042e-57 0.193635 1.93026e-254 2.47845e-136 1.10992e-94 3.51765e-135
0.000300928 4.71124e-81 1.61213e-204 7.70541e-264 2.85811e-63 0.0699722 1.89191e-37 6.39402e-66 7.00159e-27 2.17493e-131 6.5618e-259 3.26156e-193 7.13659e-84 9.79293e-37 0.00151024 0.232392 0.296282 7.96745e-98 1.86158e-100 9.70871e-275 1.32208e-51 4.18182e-89 3.99432e-155 0.143144 5.67958e-49 6.27579e-148
1.73406e-144 9.40618e-62 1.26112e-258 0.733843 0.817466 5.85755e-48 8.44635e-15 2.50549e-101 8.85495e-173 1.65129e-132 0.541125 3.165e-38 6.49931e-145 0.559225 2.04129e-290 1.09278e-169 5.7295e-29 5.18957e-08 0.998516 0.793787 3.76176e-113 1.40211e-20 1.87061e-317 8.4546e-23 3.64061 0.369529
6.91496e-36 1.34629e-10 4.17127e-209 5.43345e-259 3.49139e-249 1.1359e-60 5.13306e-167 2.87081e-135 3.73839e-10 2.18386e-145 3.3161e-222 3.18998e-55 2.73012e-162 2.98499e-187 2.04159e-191 1.50054e-157 1.78992e-76 1.6157e-210 3.40202e-194 6.80696e-288 1.21511e-85 4.61049e-83 1.54572e-41 1.01074e-220 0.0213291 7.10949e-92
0.166004 0.431988 3.02404e-152 2.58291e-74 8.07697e-270 3.69551e-15 1.95303e-87 1.01112e-167 7.20999e-29 1.02912e-197 2.4913e-178 5.27946e-39 4.24985e-50 2.27078e-14 1.00567 1.13797e-167 3.41029e-79 2.88886e-214 6.72048e-149 1.3021e-248 0.232983 8.56379e-161 0.232838 1.1056e-137 4.68863e-103 9.84089e-166
