1.62137e-125 1.0802e-24 7.82858e-175 1.97894e-234 1.588 0.589642 2.27155e-170 5.1341e-24 1.98654e-14 3.94731e-103 0.189346 1.04198e-11 3.91088e-37 7.06582e-110
1.03202e-153 8.84571e-109 9.63538e-152 1.6443e-80 3.01397e-107 1.43476e-34 2.61064e-41 6.62584e-282 5.02071e-172 2.02101e-121 3.5867e-191 1.21859e-110 0.20025 2.90682e-182
3.83658e-08 2.1859e-46 7.53234e-178 1.03495e-61 1.25777e-134 1.94285e-55 1.94018e-183 2.17061e-225 3.19131e-117 0.132403 6.60495e-201 9.31546e-155 4.4091e-217 2.18217e-222
2.05347e-116 1.37714e-216 0.372313 0.157473 9.26356e-190 4.86782e-69 2.12523e-52 3.87911e-95 3.16535e-161 0.719434 8.29559e-121 0.30028 7.36992e-178 7.98366e-31
1.4267e-287 6.47367e-246 9.77163e-137 8.95605e-155 2.70532e-180 1.01441e-57 0.183936 9.32512e-54 1.73851e-143 5.9144e-162 0.336846 1.76202e-183 1.77909e-305 2.99478e-32
0.00982466 0.0726009 7.51996e-196 3.69398e-231 1.89282e-202 8.58499e-175 3.38232e-314 7.12385e-266 2.8371e-173 1.13016e-251 3.14528e-248 1.62505e-257 1.18576e-322 1.19835e-197
1.55887e-35 1.82744e-229 4.20961e-84 6.30224e-36 1.18921e-190 0.269351 5.27452e-205 1.25127e-228 1.97685e-85 2.76426e-105 5.19238e-60 4.09122e-47 1.30067e-53 8.30498e-76
6.36699e-201 1.17472e-140 1.41323e-26 6.98263e-16 4.15932e-65 1.22315e-162 4.28941e-111 1.87391 1.95196e-164 1.6968e-215 3.16846e-70 0.19799 1.32637e-105 1.78779e-120
2.90208e-202 1.00718e-53 6.23806e-58 7.98471e-131 1.08381e-177 2.81585e-34 4.88951e-136 2.42593e-152 0.338057 3.74623e-180 1.01473e-195 1.08156e-42 1.73903e-70 0.144342
4.98232e-213 1.25928e-84 0.343438 3.75153e-130 1.56147e-76 6.02269e-120 5.1048e-113 1.64538e-144 1.90464e-86 1.39283e-230 9.43013e-102 2.99517e-152 4.38299e-110 1.35358e-227
