1.98771e-31 3.94566e-41 1.63227e-223 1.80352e-32 3.42693e-100 0.261368 2.68531e-220 4.35061e-37 1.11527e-209 4.49821e-209 1.02294e-250 1.86198e-138 0.000144512 1.83069e-104 2.5695e-129 3.43687e-166 2.47362e-35 1.15053e-182 2.69068e-28 2.61761e-141 1.05195e-32 1.9039e-94 6.48845e-161 1.13276e-205 6.24002e-105 9.75481e-125 2.60234e-27 4.19802e-217
0.401766 1.49955e-116 3.44292e-18 1.37521e-121 4.22312e-157 2.94728e-94 5.56341e-136 7.64771e-120 2.05615e-199 5.21549e-98 6.05469e-274 5.92859e-159 4.51353e-83 1.82213e-214 6.78649e-119 8.26365e-189 2.4274e-192 1.78413e-162 1.23993e-127 1.42975e-141 6.87955e-117 2.19864e-141 1.99289e-95 1.12872e-126 2.97236e-97 7.59189e-122 1.85345e-93 4.53908e-215
5.48897e-86 3.40106e-138 8.89887e-48 5.89257e-65 3.17334e-36 4.53218e-65 1.14972e-190 2.03185e-173 3.00445e-169 1.18776e-51 3.38166e-49 8.18697e-131 6.395e-64 2.17811e-76 3.89651e-227 7.95733e-204 7.98671e-24 2.28633e-138 1.04753e-101 0.109996 3.52368e-47 3.36312e-278 0.00285247 6.50492e-50 0.0391735 1.04193e-114 4.08782e-119 1.42476e-31
4.14136e-109 0.0640272 2.49697e-154 1.20773e-172 4.3328e-101 2.04117e-22 0.0657672 8.13516e-65 1.10641e-133 3.93915e-137 8.20864e-152 4.20245e-104 4.22592e-54 1.22153e-30 1.43371e-178 8.97836e-230 5.82636e-92 3.51213e-163 8.90093e-102 7.937e-185 3.42788e-26 3.36435e-127 0.379107 4.95289e-32 7.2157e-138 4.30789e-25 4.70097e-93 1.68321e-206
1.68848e-77 8.85593e-135 2.0052e-157 4.45634e-120 8.51321e-83 2.45127e-20 5.15249e-59 0.155249 2.59183e-141 2.66007e-212 2.58603e-160 0.243376 6.29837e-54 1.99675e-170 1.24598e-103 2.03237e-161 8.50548e-64 3.2851e-94 4.1589e-149 8.73617e-45 1.24698e-120 6.34733e-63 1.18883e-132 0.0208975 3.39514e-122 8.98496e-169 0.102902 2.79961e-66
8.44199e-212 2.10254e-118 2.80129e-168 2.30702e-203 3.84919e-181 2.07399e-14 5.557e-129 2.66274e-211 8.67716e-16 0.352268 2.39845e-95 0.0033292 3.61232e-13 1.83774e-174 9.90621e-171 3.83655e-63 2.74339e-209 9.17664e-76 3.33423e-91 4.42771e-75 1.29821e-72 3.64141e-252 5.9419e-68 1.60919e-43 2.48365e-127 2.11563e-47 1.70957e-111 0.108253
8.96049e-123 1.87218e-64 3.68305e-173 8.60822e-208 1.34494e-42 5.34003e-72 7.26365e-173 9.81534e-49 2.76175e-190 3.7894e-198 6.75218e-197 2.96105e-09 7.51207e-19 3.84155e-111 6.51046e-119 4.574e-239 2.66241e-88 5.49103e-08 1.98907e-142 6.45428e-183 1.18677e-117 1.81418e-70 8.58346e-81 1.55536e-104 2.45826e-118 2.1053e-53 0.131503 2.63955e-09
1.35222e-265 1.63718e-99 3.30428e-97 4.45111e-148 6.6375e-21 2.01348e-115 4.67845e-28 0.0753296 3.36558e-170 7.76397e-135 0.419882 9.777e-45 0.138385 5.41408e-219 0.276045 0.186346 2.65511e-142 5.79259e-91 9.78595e-131 9.16152e-165 6.32931e-98 4.73169e-14 8.76218e-182 1.33138e-194 2.05862e-76 1.40172e-180 3.38567e-27 1.85066
5.86563e-193 7.87011e-181 3.19915e-28 1.79185e-168 3.06666e-207 0.309756 3.61952e-22 7.46084e-240 7.66734e-156 5.01901e-15 3.13997e-85 1.82515e-152 1.14697e-92 3.79389e-92 0.160937 1.19164e-196 6.17465e-105 0.21648 1.02176e-165 6.12492e-98 9.09194e-70 6.44882e-292 3.66427e-187 4.28266e-215 0.00543524 6.39072e-95 5.30917e-92 2.38151e-161
3.30249e-305 1.18782e-105 2.18676e-109 6.20416e-116 8.79987e-161 1.69176e-05 1.04035e-121 1.62546e-119 5.29294e-105 5.78915e-69 3.87263e-245 1.16452e-110 3.82926e-33 2.06642e-21 2.33158e-38 3.40667e-11 1.87261e-144 2.40317e-140 0.287445 5.17541e-07 9.30264e-15 0.316099 5.74682e-75 2.0021e-157 0.347421 0.102392 5.53459e-20 4.23522e-195
1.94867e-20 2.5687e-47 0.0952139 1.95463e-13 5.48847e-169 4.71455e-88 1.06292e-194 5.4656e-177 2.86513e-197 3.31165e-174 8.16545e-223 4.1559e-122 2.3405e-109 1.89709e-132 1.16101e-253 2.91601e-190 5.77603e-187 2.37506e-128 1.78916e-151 4.24708e-155 1.02856e-146 3.80539e-276 4.97341e-168 5.604e-162 1.29496e-116 2.55803e-168 1.70265e-152 5.56781e-226
1.00496e-91 3.31627e-94 1.10738e-98 2.20412e-42 1.34995e-216 9.61017e-98 2.1852e-228 2.34188e-169 2.15721e-41 4.20814e-75 4.57974e-104 8.73255e-173 5.85448e-38 0.183327 5.08368e-214 2.85139e-136 1.61798e-159 1.67555e-119 2.28037e-185 1.29518e-157 2.51728e-118 9.02452e-122 2.96279e-32 2.55229e-23 3.47911e-98 0.159508 6.25453e-91 1.27662e-178
2.36294e-135 1.31809e-118 1.41917e-260 9.18741e-108 0.123749 8.08247e-35 7.03999e-13 4.57666e-42 0.254709 3.16726e-114 1.64899e-181 1.04844e-09 1.80278e-72 1.69519e-43 4.33113e-185 1.25819e-248 0.133186 3.52603e-112 1.71398e-11 7.62375e-68 0.258372 6.84586e-31 3.75341 1.27758 3.96641e-27 7.07902e-150 5.01982e-139 2.5909e-79
1.14407e-78 3.02966e-85 1.5176e-172 0.00669455 3.90846e-203 1.02221e-24 4.12656e-169 4.78786e-196 2.31073e-158 2.46514e-128 2.1119e-162 1.27336e-57 6.51923e-55 2.76075e-132 3.17348e-240 3.86979e-199 4.67573e-136 6.56664e-138 2.88406e-59 1.5778e-91 5.37138e-72 5.62575e-137 0.257312 3.65548e-206 3.83204e-124 1.55029e-12 5.87436e-143 1.38193e-226
2.80966e-143 1.67092e-160 8.46145e-224 2.79872e-90 2.33862e-56 5.52732e-60 9.5529e-212 2.37071e-35 1.49164e-87 1.26171e-30 1.30205e-69 5.59658e-116 6.53785e-78 0.44925 2.84028e-59 1.51841e-203 5.46519e-223 1.80921e-177 5.29836e-10 3.29494e-54 1.19015e-114 1.19902e-122 2.2545e-113 4.04936e-172 1.31759e-111 4.40947e-47 1.56046e-105 7.32462e-141
1.62439e-157 1.59424e-59 6.55957e-87 4.74035e-38 6.35943e-75 1.5516e-44 1.0736e-10 3.63295e-141 2.90976e-68 1.47753e-64 1.92216e-188 4.598e-137 3.68004e-14 0.203098 5.76101e-64 6.0526e-242 1.9778e-207 5.94465e-121 4.94501e-93 2.72506e-26 1.27078e-39 7.49369e-79 7.66973e-164 5.48197e-220 6.64919e-54 2.57847e-129 7.76654e-94 7.14035e-31
2.67553e-83 2.74998e-78 6.27651e-163 0.225239 7.05298e-128 2.6271e-71 3.46987e-91 1.913e-207 1.88053e-143 3.4024e-151 2.3388e-131 1.495e-192 1.13678e-62 5.47364e-164 3.22391e-249 1.28338e-165 1.63459e-186 1.96596e-130 8.10261e-149 1.02525e-67 7.6864e-136 5.9297e-262 9.23593e-116 3.32014e-176 1.99379e-99 6.71186e-89 1.90103e-167 5.68608e-222
