6.42102e-248 3.59687e-82 6.29101e-59 8.52831e-271 1.03524e-73 2.13573e-133 3.88708e-36 1.10177e-321 1.20029e-255 1.32904e-321 1.43405e-52 1.02696e-57 0.405065 7.14582e-319 4.77539e-123 5.62814e-105 1.55129e-54
1.27073e-28 6.39992e-201 7.57221e-81 1.76723e-293 9.91894e-117 7.69999e-177 4.40689e-98 1.24319e-93 3.90883e-260 1.26584e-94 7.05989e-77 2.47265e-44 0.0734571 1.2475e-215 7.38401e-118 8.51175e-113 0.158557
3.92279e-296 2.24837e-174 3.09788e-111 3.74901e-272 7.82502e-129 5.80516e-28 0.227446 1.17094e-321 5.83335e-298 1.38832e-321 5.08698e-246 1.57741e-186 4.6888e-23 7.5991e-100 8.79552e-46 1.2936e-77 0.399366
8.61914e-207 5.64245e-191 4.74142e-123 3.55207e-180 1.39181e-167 5.29368e-245 0.000141954 4.62464e-248 5.50456e-119 1.25493e-321 0.297417 2.6547e-225 2.42909e-32 2.77665e-321 3.38222e-141 2.75775e-29 2.45616e-262
5.46573e-181 3.80762e-48 1.20595e-227 1.84031e-22 1.00047e-37 1.97531e-212 3.62237e-96 1.52876e-231 1.20345e-223 1.80748e-147 0.282903 1.60745e-215 2.46618e-127 1.40391e-246 1.96331e-76 3.22126e-82 3.37823e-65
2.12749e-215 2.13599e-148 5.89529e-197 1.11695e-92 0.352945 1.12492 1.73868e-185 1.31421e-321 4.8065e-114 1.17737e-115 8.82155e-26 0.306855 1.6943e-190 2.64519e-179 2.01521e-200 1.36303 1.35518e-83
5.96563e-258 1.08213e-66 8.25891e-136 1.62335e-158 2.95151e-175 5.93857e-216 1.75199e-72 3.82087e-291 9.93031e-242 6.69376e-188 1.09008e-134 7.2235e-142 5.55521e-29 1.77556e-145 4.22068e-192 0.177511 5.53603e-236
5.96906 3.3433 1.08744e-122 6.00344e-16 9.80682e-13 3.20346e-164 0.214815 0.419021 0.269329 0.474404 1.99891e-166 9.83125e-167 1.41325e-175 0.944064 5.05683e-87 8.31136e-67 2.97673e-25
1.75542e-320 3.84969e-162 6.11294e-146 7.24965e-43 3.11145e-160 1.58714e-62 5.80351e-185 1.2401e-321 8.87417e-151 2.53832e-252 1.1545e-154 3.3428e-168 1.05725e-121 8.54769e-229 1.62436e-143 0.514977 1.86006e-56
2.23304e-91 2.83499e-98 5.45744e-186 2.22733e-281 2.01228e-95 5.40838e-227 3.0313e-132 3.61557e-273 2.23972e-149 2.04638e-218 0.076827 2.85277e-212 1.40702e-14 3.98217e-321 1.67357e-152 1.64767e-108 1.53543e-283
5.90848e-167 1.23809e-206 2.14648e-100 6.40141e-243 9.71486e-108 1.06541e-247 2.94399e-97 1.54148e-321 5.07435e-191 1.48714e-321 0.329332 0.100113 2.47089e-42 5.5051e-279 0.29457 1.56529e-81 1.2528e-220
1.84397e-51 7.02665e-80 0.200382 0.205747 8.46736e-163 8.65139e-46 7.89283e-130 1.26481e-321 2.28686e-271 1.12006e-259 5.70841e-149 1.50121e-159 2.79257e-116 5.80153e-130 1.17174e-189 5.92988e-23 2.08962e-148
6.23841e-297 1.36102e-130 1.79518e-174 1.13319e-255 1.57841e-122 7.58107e-131 6.82906e-48 7.52168e-264 3.4323e-276 9.66774e-221 5.17461e-54 2.73092e-99 6.30373e-126 2.85076e-321 1.33454e-119 0.490715 1.08357e-234
