1.47308 0.237704
3.73865e-114 7.91592e-124 2.94432e-166 2.39776e-58 6.24343e-196 2.05591e-158 1.36124e-195 3.07089e-92 7.07406e-113 6.44536e-203 1.32172e-95 1.37966e-195 1.95631e-101 5.50945e-99 0.0876344 1.40638e-18 2.30882e-218
0.250135 9.68273e-129 9.71772e-109 3.05677e-135 2.72994e-69 2.32427e-197 5.48811e-100 2.69674e-146 8.3716e-78 2.96024e-169 1.79488e-76 1.8626e-90 4.63054e-181 1.26512e-166 7.49832e-63 1.54204e-87 1.41745e-52
4.17514e-122 7.96533e-50 4.77094e-84 1.46326e-110 9.83059e-191 3.22502e-64 2.4334e-199 5.10153e-97 3.07733e-18 9.19145e-264 8.52694e-182 9.01996e-33 1.08173e-156 2.47537e-71 0.00222639 5.70033e-156 1.40487e-178
8.01633e-29 7.92779e-19 1.66988e-220 3.55073e-75 9.70603e-40 1.35612e-169 1.25784e-60 3.9602e-142 1.88472e-117 1.26478e-144 2.50838e-68 4.06223e-06 7.92553e-72 3.09624e-68 3.19685e-36 4.09989e-190 0.550802
1.13273e-76 7.23474e-16 0.110571 1.41218e-20 1.28466e-14 1.00629e-78 3.27676e-223 7.33449e-216 0.032413 3.67492e-174 5.58641e-71 6.16684e-164 2.34743e-112 7.22293e-169 3.40014e-90 7.07917e-121 0.193879
1.68062e-61 0.273432 2.90611e-69 3.76371e-123 6.94695e-145 6.13399e-59 1.3011e-270 5.87183e-173 0.507802 3.0656e-247 3.88486e-48 5.15082e-161 2.09524e-264 6.22588e-161 9.21935e-156 3.74273e-23 3.63707e-158
2.41604e-40 1.90696e-68 3.29916e-161 0.00202977 6.44388e-18 1.97915e-108 4.64609e-224 0.226049 2.4568e-30 3.41562e-213 7.63539e-75 1.27397e-51 6.63558e-78 5.67439e-77 3.4668e-194 5.65417e-25 3.75911e-71
4.56245e-135 3.08818e-107 1.22929e-239 4.20834e-58 1.86926e-181 7.9147e-75 9.21525e-195 1.27408e-74 3.30729e-11 2.62294e-170 3.73505e-117 0.180627 6.27082e-105 7.75918e-86 9.30214e-32 0.293526 1.57885e-116
1.06018e-88 4.28619e-96 5.84169e-07 6.04261e-87 1.8923e-220 2.64898e-50 5.80264e-226 1.10871e-218 1.28021e-30 1.16672e-212 1.37983e-67 0.0196705 5.8258e-170 3.48819e-167 2.13357e-89 1.86764e-160 8.20809e-190
0.106577 2.80742e-67 7.4011e-121 2.62981e-158 0.385321 0.0925469 8.81478e-231 1.17547e-55 1.79295e-95 0.180838 0.163059 5.92607e-107 5.72784e-115 1.34251e-191 2.72162e-35 0.476182 2.34048e-147
3.11364e-76 9.32053e-52 5.43966e-180 1.14564e-195 2.99128e-161 2.79677e-147 1.62894e-149 2.12373e-88 1.56495e-64 3.31034e-114 9.83588e-178 2.21468e-118 1.11884e-225 4.66762e-97 0.0692624 2.52077e-122 8.55365e-165
0.0966914 2.28963e-21 1.57565e-51 1.88484e-104 2.71874e-201 9.4886e-154 1.07536e-129 2.36287e-206 1.84062e-136 2.73611e-189 2.35227e-102 1.89705e-48 1.91845e-233 3.87736e-127 7.46674e-84 4.04325e-10 8.77446e-96
9.76517e-05 2.92046e-69 7.55832e-237 0.257312 3.00494e-89 0.329742 0.468785 8.08382e-91 6.77189e-32 2.73365e-96 9.45803e-107 2.3894e-84 0.256435 0.840373 4.22162e-71 1.0418e-52 8.58746e-191
