5.41486e-08 6.89613e-55 5.53391e-20 3.03216e-53 7.52555e-98 6.13973e-70 2.44955e-84 7.95708e-106 2.18037e-62 2.79585e-15 7.06384e-69 1.69427e-41 8.807e-57 2.67423e-119 0.0286756 2.58687e-52 1.09236e-250
3.32522e-65 3.40589e-44 2.76817 3.87566e-115 9.12977e-101 3.54401e-92 4.90708e-59 3.15721e-38 1.98779e-113 7.79283e-42 5.06184e-43 1.07573e-05 7.82678e-51 6.09927e-121 1.91186e-65 0.193815 2.65121e-240
1.25794e-53 1.09995e-84 0.259137 1.91635e-123 7.70593e-110 1.38543e-93 1.61972e-142 6.6402e-111 2.97987e-110 1.54115e-42 3.67256e-86 5.03329e-54 6.9724e-77 3.23362e-114 1.41296e-67 3.91656e-67 8.09335e-252
0.000593162 1.29364e-20 0.0138884 7.59376e-107 3.75472e-30 2.19869e-17 1.24581e-16 0.0231071 2.18112e-119 1.36015e-26 1.05716e-23 3.06422e-11 1.93411e-15 3.06441e-70 1.9706e-61 2.62377e-74 3.56733e-148
1.52793e-41 9.85911e-73 0.796832 1.10651e-127 4.5273e-121 8.78435e-116 2.75459e-122 6.51684e-125 2.75363e-102 6.9442e-32 2.13446e-92 3.71998e-67 5.61224e-85 1.99446e-99 2.65923e-75 1.38664e-69 7.88211e-221
0.0744514 1.47421e-10 0.028154 4.44029e-61 0.216887 1.15341e-101 1.07495e-84 4.51819e-72 1.29439e-96 5.13338e-45 3.78225e-19 0.000223818 5.10139e-37 2.8954e-25 0.408771 6.97668e-43 1.17291e-178
1.31627e-46 1.80423e-48 9.55005e-19 7.47819e-129 1.54372e-83 1.6104e-100 6.87463e-146 2.94224e-55 1.72903e-107 0.151305 2.80421e-76 3.28586e-30 6.89878e-78 1.20871e-120 6.82319e-41 3.46007e-78 6.47435e-239
6.36301e-64 8.33543e-79 0.239168 1.28694e-28 1.08383e-87 2.50544e-23 3.10016e-91 1.80275e-129 1.41869e-94 7.00839e-53 2.52106e-66 9.72824e-11 2.12781e-21 9.0109e-85 6.95602e-25 1.45054e-76 1.07116e-253
6.74616e-41 1.73229e-93 0.0652302 9.68773e-129 7.29989e-90 3.71733e-116 2.94922e-123 4.29548e-106 2.97667e-123 5.57569e-33 2.5533e-88 1.01771e-65 6.874e-79 9.25586e-89 3.42096e-60 1.28709e-75 8.64051e-255
8.84776e-52 3.74208e-86 1.43933e-33 5.99791e-66 9.44174e-76 3.44922e-74 3.70343e-44 0.510109 1.74106e-76 0.200238 1.53772e-42 7.24369e-34 4.26172e-60 0.123191 1.40077e-62 5.54031e-42 3.62024e-161
3.22211e-61 1.23499e-46 0.258136 5.39034e-95 1.96343e-85 6.24098e-75 4.32821e-131 4.46656e-77 2.76659e-90 1.03112e-51 1.11047e-65 1.5093e-52 1.33815e-39 3.34308e-66 3.33054e-59 9.59247e-53 2.96825e-252
1.17807e-38 3.87754e-83 8.39901e-11 0.369396 2.63499e-106 8.96282e-27 1.8466 0.351646 0.170867 7.94042e-18 0.341345 4.89912e-57 1.66441 2.70198e-104 6.46134e-79 2.73811e-68 0.306721
0.123101 0.0822404 9.78305e-19 8.53216e-106 4.00749e-100 0.530581 1.12748e-89 3.23929e-74 2.32977e-42 0.0163535 6.12804e-92 0.107196 0.13112 2.88886e-80 1.5708e-48 1.0978e-06 8.9813e-197
