2.17767e-19 5.27448e-42 4.03637e-06 5.72633e-22 4.92831e-38 2.49572e-82 3.66893e-37 5.05599e-90 1.01797e-54 7.25239e-10 1.15333e-60 1.48546e-134 0.349371 1.80195e-81 1.27534e-42 3.81443e-15 3.40512e-63
0.0398178 3.42123e-24 5.21801e-26 1.53099e-35 7.55082e-57 1.3007e-95 2.08125e-22 2.29694e-50 1.82863e-49 2.05569e-65 1.51908e-47 9.86091e-96 2.22197e-65 4.78345e-30 8.45815e-64 6.82861e-85 7.36751e-29
0.340553 4.98244e-44 1.19651e-33 5.41889e-88 8.29568e-34 6.96988e-108 4.01034e-15 1.14169e-57 8.61715e-35 1.67679e-33 2.80398e-58 1.2563e-83 1.93992e-21 1.96039e-76 1.15043e-34 3.28367e-71 1.69105e-50
1.08038 9.00126e-71 1.63255e-56 2.82315e-23 2.38491e-60 6.84561e-70 1.46954e-26 4.76438e-31 1.00212e-22 5.5677e-62 4.58283e-25 1.93829e-76 1.93875e-71 7.50727e-30 5.1635e-60 4.56959e-109 8.16734e-39
0.0986058 4.98607e-46 1.52652e-62 3.18012e-37 1.56967e-75 5.91837e-108 1.38464e-41 1.21722e-54 5.31312e-64 1.62335e-55 1.83461e-45 2.46776e-127 2.8689e-49 2.79889e-80 4.61932e-42 1.99709e-111 1.20454e-73
0.162828 5.01967e-63 2.21871e-49 1.43294e-78 4.00864e-50 4.84847e-107 2.97452e-43 9.61302e-59 2.76455e-65 1.31813e-58 2.43329e-65 4.09187e-118 8.50851e-70 1.22453e-62 1.15919e-43 2.62654e-81 5.36964e-58
0.427344 2.10744e-34 1.40708e-21 1.0695e-41 1.48156e-44 8.58769e-80 4.57519e-09 2.06985e-92 2.78945e-50 1.8675e-69 4.30169e-44 5.03499e-121 8.6303e-69 3.133e-61 3.93136e-59 2.89575e-60 3.87131e-47
0.0164552 1.78724e-67 4.0185e-58 9.52966e-18 2.30528e-73 1.94702e-65 1.49584e-27 6.58328e-59 1.5151e-31 2.03413e-65 5.06986e-43 4.16831e-119 1.59692e-32 3.51222e-79 6.67554e-62 2.23548e-93 1.22245e-46
6.23496e-07 1.14391e-74 3.15192e-14 0.0869568 0.242511 0.223898 4.33351e-34 9.47045e-72 0.0214601 1.21663e-33 0.0277993 2.74754 0.283157 1.51799e-57 0.0830304 1.50257e-52 9.04973e-19
0.257595 8.64277e-63 1.71635e-52 8.76078e-61 8.83709e-77 1.84543e-93 8.56728e-50 1.50214e-65 3.62048e-63 1.0982e-65 7.42572e-67 2.17817e-99 7.14372e-62 6.17189e-82 8.71172e-58 6.94447e-105 3.61134e-72
0.220072 8.90205e-50 2.69181e-33 1.5026e-17 4.67488e-50 7.65155e-39 1.39843e-18 3.96913e-05 1.71529e-23 9.31696e-51 2.43699e-59 4.50875e-123 7.71721e-47 2.15243e-55 5.94497e-63 2.35428e-81 4.55769e-67
1.75827e-11 1.65052e-05 0.0745188 3.166e-34 2.21051e-23 3.40011e-107 1.2014e-42 1.95089e-28 0.000151829 0.0266005 1.90316e-68 7.70003e-49 3.11314e-75 0.15306 7.82731e-62 0.0591037 1.19933e-13
9.97144e-22 0.0125604 0.345386 1.7773e-63 5.16449e-68 5.05531e-100 0.0851644 0.55552 2.05098e-43 1.74346e-36 2.87277e-49 7.62707e-125 3.8861e-47 4.10564e-17 1.57874e-43 1.40395e-86 0.118237
