1.31624e-134 2.6831e-77 1.89147e-51 9.8339e-59 1.82959e-16 1.01223e-31 6.45478e-102 0.362207 2.06395e-40 5.04302e-62 0.0134651 0.0552235 2.49509e-09 1.72082e-24 1.33981e-114 2.04665e-116 3.14844e-14
7.07179e-122 4.36635e-81 6.77488e-141 3.02924e-70 7.01039e-102 8.01878e-36 7.99057e-92 2.63973e-24 0.0555179 4.12657e-194 6.94366e-60 2.16403e-82 1.02687e-141 1.61591e-30 9.27094e-74 2.47845e-122 3.29107e-56
3.34279e-105 7.34271e-87 6.06798e-86 2.60909e-56 1.8226e-59 0.0142024 7.8934e-103 5.60708e-52 2.25175e-44 4.45681e-149 3.11643e-25 1.06753e-83 5.91262e-124 0.000831012 3.60559e-84 4.34196e-83 2.64188e-49
2.88049e-132 8.77038e-41 1.27822e-113 6.86983e-65 5.51239e-140 5.77597e-58 1.16564e-78 0.539315 1.32818e-12 2.70548e-133 1.03713e-94 6.96709e-62 3.69631e-149 1.48042e-32 4.55651e-69 2.5137e-101 1.73354e-109
1.26102e-133 3.25547e-49 4.74996e-107 2.34022e-109 8.55716e-98 0.221562 2.3209e-67 2.09068e-34 0.501558 7.62961e-206 3.03417e-64 9.80861e-65 2.02585e-142 5.55342e-42 2.88746e-85 6.61694e-126 2.18015e-63
1.06557e-144 5.76785e-86 5.16409e-111 2.03806e-67 0.0122158 1.82892e-64 3.58515e-51 1.72031e-45 6.18901e-90 1.36183e-184 0.0374186 1.99169e-56 5.26503e-97 9.25824e-25 5.04466e-62 3.28516e-86 7.77844e-93
2.31237e-126 0.0924066 1.05062e-124 2.00599e-85 3.3574e-47 2.15977e-12 1.67102e-102 4.39044e-12 3.75431e-40 1.1311e-52 0.272176 4.05029e-69 2.26408e-118 0.000702306 3.68153e-64 6.15075e-75 0.11676
5.26763e-119 3.58476e-54 8.52781e-126 1.70116e-52 1.19217e-95 2.02422e-22 4.42371e-97 0.0127103 0.236492 9.61745e-181 4.00823e-30 1.08606e-86 1.93346e-145 2.48145e-09 1.19809e-115 4.67964e-139 3.49218e-82
1.12691e-133 1.55282e-72 1.08805e-130 3.3514e-54 6.02371e-103 4.00752e-58 4.03736e-117 3.81494e-37 0.34808 2.80715e-153 5.05267e-81 5.59317e-98 1.38617e-134 1.02628e-34 5.25768e-130 2.11022e-99 1.19494e-85
4.99605e-130 3.40353e-32 1.82921e-131 1.99948e-51 3.81051e-120 1.02508e-19 2.2509e-123 0.76904 2.11142e-17 2.32057e-177 3.02197e-49 7.58092e-106 2.66114e-101 0.000285143 6.98335e-99 4.50078e-95 4.2454e-63
6.8206e-123 1.53575e-12 1.38794e-106 0.204857 3.26166e-63 4.68296e-45 6.87487e-76 2.59056e-05 4.75842e-83 7.09363e-116 1.06936e-26 1.00788e-87 1.3449e-85 4.90717e-07 0.0920031 1.38763e-78 7.12854e-25
5.32594e-121 7.57389e-66 1.21809e-74 1.79972e-39 0.126518 0.0188626 1.05305e-97 3.43317e-18 1.46467e-28 5.54682e-171 1.3387e-31 1.13734e-62 2.83537e-57 0.0187232 2.03718e-113 2.49679e-83 5.26226e-91
0.220194 1.36827e-28 0.217767 3.49851e-59 1.69624e-120 3.24541e-29 0.531934 7.65164e-21 4.21165e-55 0.112063 2.58169e-46 3.19355e-42 0.300283 4.1608e-39 5.28972e-39 0.0610872 1.32673e-15
