1.30177e-21 0.00011017 1.08049e-13 7.18505e-22 1.82807e-16 0.000955957 9.97923e-24 1.8406e-05 0.0762209 0.00877954 1.42588e-06 0.0249717 1.18161e-18 4.04558e-12 0.0105858 5.36747e-20 0.00957493 6.42226e-09 7.48184e-05 3.33813e-10 1.6085e-19 0.000501519
7.78953e-10 1.41843e-05 0.000252636 5.81786e-12 1.62684e-08 9.52585e-06 0.00481523 3.91245e-10 1.26086e-16 9.74857e-25 1.46681e-21 2.35895e-17 4.6932e-20 5.54368e-12 8.73299e-19 1.20888e-17 5.80547e-14 1.54133e-11 2.25922e-16 5.18031e-19 8.52246e-18 0.836735
8.33441e-07 4.1441e-06 2.02421e-05 0.00126515 2.46699e-07 1.33457e-05 0.00105937 9.62283e-07 9.87798e-18 1.38032e-20 4.05649e-27 3.35038e-20 6.76003e-16 4.57348e-18 2.02884e-16 2.37525e-26 1.312e-14 1.82025e-10 9.82857e-14 3.04317e-17 8.0657e-21 0.03671
0.000770791 1.21671e-09 0.00299105 4.53379e-07 2.73998e-12 4.3651e-13 2.42133e-07 1.9494e-10 2.79625e-10 2.16869e-23 6.61496e-17 1.94572e-12 1.1309e-18 8.11843e-11 4.42837e-12 2.19775e-25 0.00277453 0.123377 1.63313e-13 4.46306e-16 3.36806e-20 1.80346e-05
3.27778e-06 1.02361e-07 6.82805e-07 3.28373e-29 0.00646594 2.33216e-05 1.37811e-22 0.178432 8.73842e-08 1.46284e-18 0.00540786 0.00591325 1.34028e-05 0.0415198 2.82969e-05 0.0143773 1.12304e-14 0.0319159 0.0481674 0.0586229 1.36516e-18 9.49595e-05
1.44827e-09 8.83561e-12 9.40325e-05 0.000144105 2.94824e-17 7.64212e-13 7.33542e-08 7.04849e-09 2.97552e-23 4.02436e-27 1.224e-28 1.64036e-23 1.75456e-16 3.20368e-14 1.55915e-19 2.12282e-11 7.14524e-05 0.0100364 3.09252e-16 2.52856e-09 3.70538e-12 0.164042
7.35136e-10 1.96575e-10 9.54369e-15 9.95501e-12 4.01962e-19 4.80984e-08 5.63192e-10 0.0768195 0.000480246 1.75263e-13 4.54063e-18 1.89696e-20 0.150517 3.0302e-20 0.00829172 2.06773e-24 1.38552e-12 2.34901e-06 3.38145e-13 9.90039e-09 0.214397 0.000270132
0.000281436 0.0132602 3.33714e-05 8.44194e-05 1.24107e-06 0.0035271 0.000691457 4.31246e-11 1.21278e-23 1.69592e-23 9.36623e-25 5.84623e-20 1.40879e-20 1.49444e-18 4.87668e-15 5.41471e-24 2.36071e-12 7.59507e-13 1.83174e-13 5.82586e-18 2.86641e-21 8.69619e-09
2.74208e-08 4.08133e-12 6.49127e-06 6.56198e-07 2.26986e-10 0.00176675 7.8559e-12 9.9088e-09 1.71211e-11 1.749e-22 6.17381e-15 1.43546e-20 2.79494e-20 3.81222e-13 6.0239e-21 3.23777e-16 5.15998e-14 2.91158e-08 2.34749e-17 1.82551e-10 9.44934e-20 0.466301
3.76479e-08 6.73392e-10 0.000259971 3.52796e-07 7.9617e-06 1.38953e-05 0.00135825 6.74002e-10 3.90141e-18 5.30818e-27 3.26215e-27 6.98277e-16 4.47639e-14 1.00877e-18 1.14741e-10 4.86244e-16 4.28138e-15 2.96599e-12 1.38452e-15 3.29376e-13 3.12629e-21 0.0748738
