2.21905 0.0541479
0.237744 0.00203473 1.63313e-79 1.87563e-56 1.44318e-39 0.00221764 3.32847e-22 1.71742e-21 3.63221e-40 2.52915e-09 0.398855 2.97697e-15 9.2904e-11 0.000102437 0.136786 1.82537e-09 6.80206e-12 4.43955e-23 1.15254e-31 1.52437e-34 3.61835e-17 5.52696e-44 2.3175e-68 1.35466e-30 0.0377675 6.41634e-34 0.0359277
5.0006e-64 3.952e-15 2.97695e-59 1.23349e-64 0.0901266 1.23573e-25 3.92455e-07 1.5297e-21 0.0165909 6.87281e-32 1.53505e-35 2.66817e-16 4.56444e-05 0.143222 5.4875e-38 3.78819e-36 0.0169202 0.0266469 8.16523e-31 0.0170079 6.59239e-46 1.76533e-46 2.10815e-53 2.59457e-31 0.0259432 2.66234e-07 6.5747e-28
2.86448e-53 9.83585e-24 1.43555e-79 2.37129e-05 9.55004e-24 1.41599e-21 3.89685e-15 1.06868e-28 4.53853e-54 2.91235e-21 5.49167e-15 8.59316e-25 2.39573e-11 3.24252e-21 7.73377e-42 0.0155592 1.17732e-42 4.3653e-29 4.17824e-20 1.77957e-22 9.06189e-40 0.224051 3.4928e-49 0.0385455 5.91421e-23 1.11105e-49 4.2982e-23
3.99762e-11 0.00397742 1.43454e-81 8.79759e-25 3.03589e-06 4.77794e-37 2.07011e-17 2.80409e-48 4.1736e-07 6.84189e-08 3.83241e-08 0.020579 3.07995e-15 4.70691e-40 4.76509e-47 6.28913e-12 1.86596e-26 0.129381 4.13357e-24 2.39397e-06 6.72937e-34 7.44948e-35 1.14449e-26 2.26764e-31 3.12573e-08 9.61749e-38 7.52548e-52
1.98452e-51 2.72007e-29 0.0400846 0.258061 1.68143e-20 0.0409195 0.0431171 0.0331424 6.05844e-44 2.73359e-33 2.14094e-06 0.0220672 0.0270369 2.11401e-43 1.49201e-40 3.47617e-16 1.46247e-27 1.91745e-30 0.0676288 0.00042656 0.114035 7.15858e-17 0.090488 6.60014e-39 6.49057e-42 0.558159 5.37784e-18
5.63363e-47 1.07799e-16 1.47779e-81 1.74794e-34 3.9866e-10 8.04791e-35 3.16932e-18 1.77678e-40 1.87721e-14 2.40769e-10 3.45837e-46 3.89213e-11 0.014553 1.39817e-45 4.06123e-11 9.39696e-14 8.80395e-09 0.17481 4.38554e-39 2.58197e-35 2.24532e-31 4.38062e-37 1.33175e-42 5.72079e-19 2.88702e-29 2.81309e-46 3.37151e-34
9.86245e-71 6.87804e-28 8.78768e-66 1.80963e-22 3.7319e-08 2.64023e-06 2.07044e-42 6.75917e-43 5.73394e-18 2.43592e-18 5.69866e-35 3.11427e-32 1.0766e-10 0.0546185 8.4498e-52 1.97367e-20 2.26006e-42 2.55406e-31 9.87936e-30 7.72309e-24 1.13678e-37 0.00872515 1.14459e-22 3.50439e-39 3.98194e-38 1.45827e-24 1.44403e-36
1.22269e-39 1.0124e-10 3.39209e-41 5.24899e-32 4.81999e-55 1.40188e-18 5.50296e-29 1.62721e-29 0.00178489 3.20831e-22 1.01542e-39 3.68168e-32 1.23528e-09 1.27629e-06 1.76155e-24 0.0101363 6.86609e-06 0.024727 3.51957e-32 1.89786e-19 1.2631e-43 1.18362e-25 4.72297e-44 9.74453e-36 1.34797e-42 0.274363 1.18441e-26
2.81919e-19 3.27394e-17 3.89578e-45 2.63042e-12 3.8409e-10 8.1542e-12 2.01208e-44 2.40475e-16 1.60493e-55 0.00590878 1.17544e-10 7.11237e-27 6.13921e-12 6.73495e-51 6.70261e-53 8.61285e-26 1.06577e-39 1.01943e-06 3.63682e-37 2.02764e-23 1.11823e-44 0.0979876 3.65496e-33 3.30267e-34 2.07359e-45 2.42053e-27 3.5165e-53
