12.5724 0.0409269
1.12323e-22 4.54018e-33 0.00415541 0.00495506 6.26646e-16 1.22405e-21 2.66918e-19 5.74603e-35 6.81523e-75 0.527927 1.14442e-59 2.75003e-77 9.04358e-58 8.97003e-34 1.53185e-85 1.45838e-51 2.24382e-53
6.59109e-05 4.89824e-34 2.17853e-08 7.85399e-08 7.79174e-11 1.39756e-15 6.20847e-11 1.0162e-40 3.70618e-67 0.525602 2.34372e-46 8.7917e-80 2.71843e-66 4.09803e-07 3.31622e-55 2.55151e-16 2.1087e-46
0.00203077 0.00146356 0.000162936 0.0043225 0.00178725 0.00308059 4.07784e-05 0.00283334 2.6696e-92 1.18966e-21 1.36232e-74 1.08941e-109 1.4875e-72 2.51757e-53 1.83957e-90 1.25691e-61 6.92045e-54
1.76506e-34 1.7379e-24 4.60895e-31 1.56319e-28 0.00116161 1.29731e-06 2.87227e-27 1.23101e-35 6.72337e-53 0.979432 1.86603e-75 1.01192e-59 5.17707e-66 3.10466e-11 6.05466e-44 2.20769e-20 4.84744e-45
1.53978e-46 6.40991e-31 7.49176e-25 3.00869e-25 1.95634e-24 5.60649e-14 0.0831 7.64696e-12 1.44378e-80 4.17613 1.114e-66 1.23603e-96 1.2681e-72 0.0202646 1.33769e-54 1.16771e-45 4.05377e-30
7.65208e-19 1.17818e-28 6.72459e-09 5.2936e-17 4.12592e-20 7.09582e-15 4.99846e-09 5.0894e-25 2.82968e-75 0.304742 1.23757e-74 1.66203e-83 7.08108e-53 2.85689e-47 3.96456e-88 6.52876e-62 1.64008e-35
1.67371e-07 2.70186e-23 0.0288057 3.09889e-33 1.36723e-32 4.95946e-40 2.21979e-42 7.04617e-54 1.53684e-83 3.6022e-09 0.0105284 2.90126e-39 4.24833e-62 2.60527e-29 5.60335e-25 0.0693265 3.21153e-19
3.74722e-08 6.59198e-14 1.91551e-08 1.88114e-10 5.2187e-23 3.4929e-14 1.74475e-17 1.28577e-21 7.91849e-77 0.262988 3.78201e-58 5.56745e-80 4.829e-72 1.09984e-28 1.97686e-57 7.55646e-37 6.07527e-29
3.54244e-24 1.57284e-26 5.82527e-19 7.14301e-09 1.3818e-26 6.53272e-29 1.53165e-22 4.64871e-27 1.25996e-81 0.138097 5.77839e-59 3.68261e-59 5.69632e-46 1.44698e-07 3.68446e-82 1.40811e-52 2.8349e-27
2.13159e-23 4.89188e-11 0.00144866 3.02675e-08 1.91287e-16 1.27068e-22 4.8005e-08 4.47698e-29 2.51358e-71 0.0683919 9.88047e-72 1.75483e-93 1.24906e-70 8.75986e-26 5.05687e-70 1.53175e-30 2.02069e-55
2.12326e-22 1.85438e-24 1.83534e-26 7.58963e-09 5.01267e-28 0.0258863 4.26325e-13 7.18735e-35 1.21823e-74 0.290962 4.15428e-47 2.00559e-77 1.64811e-62 2.60848e-16 3.10649e-55 3.9283e-59 1.91461e-17
3.93073e-52 1.27444e-106 1.96917e-75 4.11008e-53 1.94622e-31 1.01341e-74 1.45238e-59 9.06647e-112 0.227049 0.247878 0.114426 0.0443035 0.116753 0.000433632 0.454727 2.72797e-56 0.0292208
