4.09423 0.498994
6.30428e-321 1.42291e-321 8.48715e-29 3.89322e-286 1.52172e-321 1.25493e-321 7.96441e-70 3.47374e-296 2.84823e-236 3.56655e-242 7.01237e-73 2.60505e-155 4.07865e-44 3.6329e-12 1.90563e-151 0.121955 4.35272e-321
1.04333e-113 1.23516e-321 2.66221e-118 6.84903e-82 2.10472e-321 4.62718e-165 1.35379e-59 4.19462e-321 4.84111e-221 3.04885e-140 4.8852e-230 0.126681 2.5454e-75 3.66157e-89 4.73849e-181 1.44355e-145 2.76183e-321
0.00636554 0.00117074 0.00233747 0.00326397 0.00216066 0.00139874 0.000965632 0.00598103 1.4822e-323 9.88131e-324 1.97626e-323 2.12627e-269 9.88131e-324 6.42285e-323 4.44659e-323 4.94066e-324 9.88131e-324
1.27967e-257 5.28345e-84 8.66103e-54 1.68608e-58 2.30235e-321 1.06224e-321 1.11099e-115 1.5251e-235 2.6391e-142 3.03553e-228 3.43479e-227 0.312641 3.12744e-321 3.70011e-120 5.14081e-258 8.45421e-267 2.25788e-321
1.26896e-180 1.05166e-173 5.07685e-182 3.04261e-103 9.61006e-16 1.81816e-321 1.35193e-143 4.27367e-321 2.40192e-255 0.466736 6.74011e-202 6.43281 0.710942 1.96691e-309 3.3203e-280 0.417916 8.88995e-207
6.70941e-321 1.82804e-321 2.91499e-321 3.15214e-321 1.76876e-321 9.83191e-322 2.50178e-126 5.58197e-182 2.32351e-40 5.05813e-86 6.37657e-32 6.4816e-67 0.369472 0.841222 5.17429 2.42519e-27 4.01181e-321
4.20078e-153 1.61559e-321 7.99982e-43 2.43574e-321 1.50196e-321 9.68369e-322 9.84559e-129 4.496e-321 6.67483e-321 3.0991e-189 1.00412 1.14959e-192 0.275826 1.32587e-81 4.676e-243 2.39622e-321 4.07604e-321
5.87444e-321 5.06147e-159 4.81869e-264 5.28602e-165 1.18271e-198 1.49208e-321 8.89318e-322 8.69771e-60 6.19392e-29 6.48377e-37 8.62639e-321 5.881e-24 4.04146e-321 2.24067 8.22762e-264 3.58066e-280 2.96439e-321
1.49685e-21 1.28457e-321 2.95451e-321 4.44659e-321 1.87745e-321 1.29941e-206 8.94259e-322 6.32404e-321 1.69824 2.29758e-251 6.11577e-254 10.2533 4.76279e-321 6.70492e-120 2.62695e-320 7.68778e-185 1.04523
6.70941e-321 4.2022e-157 2.344e-84 4.41695e-321 8.77239e-98 7.09994e-314 5.61161e-300 2.4814e-148 6.80637e-67 1.99108e-321 8.05327e-321 2.4195e-41 3.19244e-160 1.30511e-181 1.82458e-320 0.102767 3.35471e-321
7.27265e-321 1.70524e-118 2.67106e-305 8.35457e-119 1.47232e-321 1.9436e-98 1.09683e-321 5.85962e-321 7.85122e-263 1.16789e-68 1.59357 3.97647e-264 6.6832e-304 1.27509e-132 2.26035e-320 2.59384e-321 1.41955e-236
1.00674e-227 1.17588e-321 1.65233e-133 4.80702e-153 7.10754e-35 2.82681e-138 8.59674e-322 4.68868e-321 9.30748e-73 1.70091e-269 7.36652e-321 1.16765e-83 4.05905e-278 7.90548e-289 4.84025e-249 2.84088e-321 0.258534
