1.04003e-15 3.7618e-103 3.09717e-91 2.44196e-166 1.82614e-112 4.1165e-32 9.68759e-36 2.7597e-211 0.127447 8.40797e-185 3.56097e-65 3.16491e-120 5.08435e-153 6.39989e-22 0.760195 5.84802e-32 9.44674e-198
1.18376e-11 2.15707e-23 1.59313e-71 1.06803e-32 4.15739e-11 5.17306e-58 1.85784e-131 4.24079e-111 2.16135e-204 1.24469e-145 9.17319e-49 1.2856e-61 6.93932e-176 7.13795e-101 0.0703778 0.140808 1.1055e-65
2.87356e-25 1.51432e-107 2.09795e-110 5.22586e-78 4.97526e-110 9.86923e-88 3.79998e-132 7.85545e-93 7.90056e-102 1.09503e-241 1.25835 1.32307e-142 4.83959e-230 4.70622e-156 1.18994e-91 1.88129e-47 3.66764e-206
2.27051e-107 2.80162e-10 5.05661e-92 3.43237e-153 1.24938e-46 1.40725e-81 2.11837e-73 6.18588e-221 1.52773e-78 1.68389e-119 1.43958e-80 1.73811e-145 8.75366e-18 3.62727e-08 0.0571584 4.08427e-120 2.40792e-110
1.9924e-33 4.35485e-66 0.00693606 7.41565e-181 1.19491e-20 2.13845e-10 8.31212e-42 5.69829e-88 5.40355e-124 3.28499e-160 0.196858 5.44841e-76 1.04671e-223 3.918e-60 4.70837e-78 2.44813e-27 1.37049e-99
8.58717e-65 6.09652e-237 8.80597e-148 4.06891e-32 2.47625e-16 3.02929e-24 4.81328e-163 1.03101e-166 2.72866e-212 4.00707e-288 7.51536e-89 0.142615 3.93376e-99 5.10164e-100 3.11326e-40 1.0832e-138 2.34119e-124
1.3719e-137 9.2702e-89 9.25898e-07 1.54357e-65 4.29331e-142 3.39263e-196 3.05271e-297 5.49311e-163 1.95137e-128 6.50046e-69 8.93767e-172 0.185221 0.202801 7.23855e-128 4.66774e-172 5.78898e-129 3.69816e-136
0.00842721 0.00775192 0.0125568 0.00620179 0.0192182 0.0213514 0.0443861 0.0123733 3.5921e-220 5.1933e-288 1.08452e-177 4.9566e-149 1.24936e-237 2.77342e-156 2.02288e-174 2.29168e-171 1.17334e-225
1.73775e-90 3.70497e-157 4.83718e-146 2.96381e-167 7.3632e-67 6.8555e-46 1.60251e-193 2.95552e-125 6.54117e-209 1.04186e-254 0.159343 2.10462e-37 3.80707e-218 1.31173e-71 5.20772e-59 1.01506e-84 6.87679e-120
3.16989e-106 2.79581e-77 1.03592e-117 4.49608e-233 1.06576e-62 5.16257e-112 8.30845e-56 2.69481e-167 1.95152e-189 1.34152e-242 1.66614e-76 4.16194e-126 0.152592 0.0436693 3.74814e-05 0.000186774 4.95325e-179
7.09973e-30 7.37054e-29 1.56426e-45 1.73251e-84 6.27218e-91 2.30005e-47 2.07636e-271 1.34458e-134 0.0620196 0.293888 9.86134e-140 1.79718e-150 9.64587e-141 0.0354346 0.0558448 9.95003e-134 4.93514e-55
6.12798e-29 1.54356e-36 1.70291e-82 1.2616e-69 1.89728e-81 1.1855e-153 3.9562e-283 1.63838e-103 2.42744e-41 1.37923e-78 1.08482e-12 4.25752e-104 1.3842e-236 3.14539e-140 6.44095e-136 0.0151572 0.182986
