2.28595e-72 7.8415e-127 5.77112e-132 7.40268e-58 9.3598e-125 2.33405e-56 7.5409e-37 9.78587e-27 3.12934e-92 8.414e-51 1.65857e-80 1.01508e-100 1.5557e-117 8.95619e-95 6.62937e-116 8.08741e-44 3.30504e-100 2.16975e-194 3.47824e-117 1.13554e-76 7.2654e-215 3.10936e-100 3.21773e-13 2.72726e-172 1.14246
1.26463e-134 5.26709e-62 5.40827e-128 4.44068e-82 9.33591e-116 6.27018e-76 3.35192e-85 8.7547e-84 2.00932e-58 5.12685e-98 5.13433e-35 4.67442e-137 2.4012e-101 1.62257e-75 2.21883e-54 1.22127e-90 2.35091e-120 3.26928e-155 7.28429e-91 4.5106e-35 1.56473e-182 0.116392 1.61465e-28 1.09928e-245 4.72096e-48
6.26676e-88 4.00533e-55 1.63078e-43 3.97788e-17 1.39199e-109 0.220215 1.26885e-127 1.22146e-58 1.71805e-110 6.63133e-103 4.42049e-61 4.43131e-119 3.47726e-104 5.40055e-32 0.168049 7.715e-58 8.8269e-99 2.32673e-240 1.10441e-60 6.01981e-14 2.07325e-127 7.18464e-30 1.35281e-36 8.65851e-251 0.445845
0.528857 0.434128 0.249102 1.59578e-11 3.15742e-05 2.74157e-76 2.20797e-118 3.99433e-141 8.33423e-117 3.1117e-97 1.8949e-94 1.64049 0.34633 2.74824e-81 1.06761e-132 1.17436e-12 0.451851 0.916418 1.66166e-95 8.74327e-110 0.292875 2.24586e-99 5.00853e-13 0.083444 2.77772e-15
1.95057e-93 6.2804e-39 3.83761e-49 4.3966e-46 6.94351e-90 9.40644e-44 2.21199e-23 8.6033e-89 0.182179 1.33289e-50 9.05336e-54 1.03852e-103 1.23452e-111 1.73484e-136 1.47361e-64 9.6132e-41 5.17888e-121 2.80331e-133 0.0690723 1.33814e-108 7.0342e-113 1.52651e-94 2.01462e-78 2.84196e-229 4.57558e-88
3.26843e-38 5.83111e-55 0.00031206 2.46984e-87 2.24017e-115 1.39298e-89 1.71474e-54 9.9589e-141 2.27263e-97 0.101629 1.37373e-75 3.25973e-94 4.62898e-42 1.44127e-120 4.42829e-162 3.94282e-18 1.06118e-127 4.43594e-117 8.86839e-100 5.71691e-32 4.02877e-67 2.29812e-85 5.9853e-50 4.80119e-146 1.18085e-18
8.73943e-64 1.19284e-64 1.06494e-105 8.25019e-18 2.51729e-124 1.75236e-38 1.64432e-90 1.0153e-24 3.42756e-34 2.40852e-99 9.24066e-77 1.05495e-69 1.99202e-93 3.60396e-49 1.01881e-151 1.42436e-83 3.30735e-58 5.51915e-208 2.31612e-49 1.79246e-70 1.29562e-219 2.17452e-83 0.47381 4.17631e-182 3.51792e-26
3.3536e-75 1.69012e-44 2.51464e-50 1.12437e-22 1.25414e-51 1.90991e-11 2.60676e-12 2.72243e-129 6.99613e-80 4.32242e-20 1.4347e-13 1.70007e-91 1.30016e-45 4.13809e-07 2.84076e-164 0.0764849 5.3061e-63 8.73184e-237 3.0919e-20 7.06642e-06 4.04534e-147 1.45937e-90 6.41527e-09 4.60145e-265 3.34361e-55
1.02203e-73 4.55283e-95 5.53576e-73 1.10655e-105 4.75635e-129 4.46688e-25 5.05486e-56 4.38628e-72 3.04364e-126 2.79569e-17 1.87614e-103 1.63528e-122 1.06373e-41 5.8744e-107 4.84515e-140 4.47177e-67 1.90963e-130 6.93825e-202 1.45266e-120 7.1168e-42 2.81565e-220 3.23004e-21 3.7493e-11 1.8779e-273 0.389709
3.38459e-136 6.55648e-127 2.8231e-111 7.05468e-66 1.72709e-143 3.94821e-47 1.23199e-40 1.87978e-47 6.79563e-127 8.62411e-121 1.30897e-99 4.29037e-151 1.34363e-117 1.09563e-155 1.35887e-168 6.58163e-117 1.50534e-85 2.09214e-170 5.94358e-139 7.80951e-19 8.70118e-261 1.41458e-14 0.11085 4.50608e-248 1.15863e-114
2.34621e-96 2.672e-106 5.08586e-99 3.983e-29 1.09288e-68 5.52347e-99 3.44623e-87 2.16603e-132 2.9328e-29 5.44124e-32 1.09362e-62 5.50321e-105 1.8483e-83 3.51552e-56 2.76507e-99 4.08938e-94 3.21878e-95 9.97598e-197 8.54841e-28 2.59545e-19 7.14854e-153 0.277296 8.12301e-69 2.43715e-189 5.34947e-19
2.33856e-110 9.03547e-103 6.42134e-45 1.01905e-40 0.0430927 3.70288e-14 2.39972e-103 8.98577e-16 8.15055e-87 1.29741e-116 5.48032e-37 3.39317e-148 1.14276e-44 0.0149134 2.82246e-63 4.75621e-89 3.78402e-49 1.84964e-241 0.0474443 2.95972e-75 6.07628e-270 4.29021e-72 9.47304e-87 2.29811e-211 0.0540394
5.29836e-39 2.30207e-55 2.78767e-135 3.2264e-30 5.97331e-136 1.91771e-31 1.48014e-11 0.339073 8.48287e-05 0.0180298 4.93117e-75 1.66419e-94 0.0186879 1.20335e-101 5.55215e-120 0.242917 8.88598e-109 5.45615e-242 4.71479e-32 3.8135e-23 5.3934e-121 0.521945 8.35789e-11 2.04411e-140 4.16623e-69
2.43172e-48 1.81664e-114 3.90754e-130 0.0876194 1.32774e-42 1.70401e-43 0.0847345 0.0212262 1.93858e-100 0.000193892 6.06255e-76 2.92727e-58 1.50363e-107 0.241041 6.93736e-129 2.3691e-111 4.14609e-107 5.29033e-138 8.74689e-51 8.40913e-17 3.09222e-121 3.1419e-46 3.7887e-23 4.90076e-276 1.70414e-106
8.26415e-106 1.62719e-70 2.94898e-100 1.79831e-62 1.10606e-10 1.13225e-07 2.24055e-81 3.09243e-33 5.50491e-53 9.88121e-15 0.166019 5.24447e-79 1.40063e-91 8.85344e-95 5.46933e-173 1.40326e-55 3.57681e-143 2.27841e-151 2.93631e-95 0.0775856 1.19977e-254 2.16074e-70 5.69455e-45 4.08406e-186 0.216366
9.74123e-100 1.07972e-119 3.55205e-126 1.41357e-45 1.21202e-143 2.29522e-58 1.53016e-71 3.01067e-45 1.60518e-108 1.32739e-114 2.77052e-17 2.51167e-122 3.75826e-40 5.42119e-45 1.00874e-52 4.34214e-96 4.52599e-118 1.2925e-242 1.43471e-106 2.9297e-101 6.1507e-149 1.02129e-76 0.178671 2.23333e-169 0.0855511
9.14429e-119 1.89037e-97 1.83963e-122 8.99261e-94 8.51798e-77 2.36532e-40 6.33525e-65 3.82265e-104 4.65121e-48 1.10626e-64 8.49656e-114 9.78622e-153 3.28153e-89 3.17507e-81 3.34852e-91 1.38624e-58 4.2303e-103 2.8007e-132 2.29323e-59 1.42048e-67 2.05592e-195 0.0669881 1.19243e-27 1.79657e-252 5.59091e-40
