3.00866e-138 1.91538e-185 2.12405 2.01261e-166 4.652e-116 7.62172e-223 2.15618e-90 3.63026e-284 2.07566e-19 1.98354e-34 2.36157e-148 1.8914e-212 2.60125e-52 3.02086e-61 3.38981e-110 5.793e-168 8.40407e-109 2.70688e-160 4.10838e-162 5.31949e-70 1.36956e-86 6.6875e-141 2.25651e-310 3.39125e-128 2.00295
2.97002e-297 2.03725e-31 0.946894 5.34267e-296 2.92689e-18 1.08867e-122 6.36998e-66 4.04309e-160 2.63356e-23 1.94929e-155 8.13147e-61 1.07471e-51 1.12078e-103 2.66221e-121 2.54959e-287 1.02787e-33 5.19336e-84 9.88288e-43 5.57447e-61 2.1935e-33 5.53988e-37 9.00738e-149 1.6113e-270 2.15067e-61 5.66238e-195
4.33657e-89 1.11942e-181 5.72798e-43 3.15966e-175 3.40423e-176 1.05006e-204 1.2077e-108 9.57324e-61 1.48457e-241 0.649709 1.44737e-18 1.04635e-309 0.220102 7.01711e-171 8.59674e-322 1.17652e-202 0.146403 3.07673e-106 9.58251e-171 3.93424e-175 5.45702e-274 0.721343 1.5253e-17 3.78182e-28 5.49844e-182
2.87175e-20 7.39222e-31 4.00138e-21 7.2643e-174 2.94255e-105 8.60498e-104 9.14069e-135 2.11831e-64 3.86824e-214 2.00313e-145 2.13092e-179 1.43877e-211 4.96516e-104 4.83706e-244 0.105016 1.73133e-157 4.25098e-149 3.58992e-93 1.66382e-161 7.82009e-39 0.169235 8.9633e-146 2.65667e-171 9.01254e-282 3.45058e-128
1.91723e-142 5.26357e-107 5.80393e-36 1.48117e-37 2.85213e-37 9.76281e-220 5.30364e-05 1.23178e-199 4.27339e-101 1.41212e-45 2.25119e-29 1.22657e-177 1.39862e-255 6.79933e-194 1.27606e-268 0.0717152 1.42266e-59 0.283434 1.63873e-163 2.8049e-264 6.54513e-14 2.23699e-50 3.84669e-212 1.24638e-36 1.43381e-136
0.0178378 0.00157898 1.15312e-48 1.5435e-83 6.54393e-25 9.43287e-255 2.37751e-107 1.07892e-166 5.62086e-49 4.95866e-124 4.33251e-177 9.41295e-168 7.68632e-249 0.00164671 1.32338e-246 0.209309 4.68712e-238 9.09814e-23 9.81134e-103 5.26125e-90 1.00994e-99 2.01268e-205 2.27479e-18 7.37882e-09 1.17076e-122
6.14333e-188 3.70265e-181 1.52116e-31 6.47967e-214 2.11858e-53 9.43665e-322 5.28392e-147 9.54597e-231 8.68008e-83 3.14886e-38 2.55892e-168 4.68052e-301 3.95077e-201 1.25561e-200 2.96819e-125 5.9184e-189 9.49507e-66 4.13639e-153 1.30156e-28 1.41021 7.80483e-257 4.14687e-100 4.59473e-223 4.28629e-167 7.50722e-80
2.30729e-321 6.77613e-188 4.80192e-151 3.7549e-322 3.07383e-198 2.32211e-322 7.43586e-195 1.97626e-322 1.796e-198 9.37307e-144 3.64703e-188 5.96638e-309 1.26688e-216 1.84456e-222 2.10004e-305 2.88845e-188 1.89778e-246 1.27378e-263 4.23867e-143 2.76555e-202 1.5804e-261 5.4163e-202 7.50589e-296 1.46346e-294 1.64333e-194
1.56981e-272 2.53709e-72 4.72785e-90 7.05057e-82 1.1358e-117 2.76386e-227 0.219644 2.52681e-154 8.97729e-39 1.29589e-162 1.03485e-13 6.159e-212 1.46948e-99 9.60623e-06 1.33706e-277 8.38792e-207 3.62902e-236 4.46311e-127 2.71785e-64 0.000685801 4.78078e-30 1.17014e-10 0.119242 0.375034 6.20185e-238
1.79695 1.08205e-178 4.04991e-163 0.474074 0.325938 0.348471 3.72384e-138 0.248747 3.4036e-187 3.82317e-159 3.1173e-44 0.444037 2.18746e-16 4.34511e-179 0.107177 2.3425e-116 1.56032e-266 1.76437e-19 4.16901e-187 1.593e-149 3.39114e-64 1.96065e-157 2.70269e-44 1.98742 1.39025e-214
1.00798e-162 1.2401e-78 1.6631e-29 1.57607e-321 3.92283e-50 7.71239e-218 5.44792e-154 7.86848e-290 8.3284e-160 3.47465e-10 4.73545e-129 1.26116e-98 1.06869e-60 0.149792 1.39152e-124 5.10955e-215 4.05327e-119 2.25908e-65 2.40393e-84 8.48524e-211 5.47696e-120 5.88944e-168 2.62999e-213 3.40916e-198 1.05335e-227
1.00592e-320 1.426e-149 2.63207e-65 1.35011e-89 4.46267e-152 8.1949e-246 4.4093e-14 5.234e-183 0.247607 8.75525e-126 1.98599e-77 6.98933e-293 6.19047e-59 1.0315e-08 1.70669e-282 1.87519e-40 1.28159e-65 1.08427e-90 1.11789e-113 3.7392e-45 1.1406e-97 2.899e-81 1.30892e-234 6.58069e-139 2.08175e-37
9.63922e-321 7.74561e-144 1.19655 5.55312e-226 4.40574e-139 1.17094e-321 1.52923e-109 4.00054e-176 0.127249 3.22159e-31 9.67057e-95 7.4073e-122 2.2979e-99 3.57253e-177 3.4351e-138 4.58531e-208 2.61879e-159 2.44483e-282 2.59753e-126 1.48689e-81 6.94701e-54 9.27397e-162 8.44393e-207 9.30498e-205 4.1586e-121
1.00153 0.144414 1.72669e-28 2.48607e-143 8.46313e-87 4.47315e-149 7.71856e-95 3.17677e-239 5.11329e-228 3.71035e-81 1.66439e-121 2.87131e-182 1.95988e-181 6.86206e-85 2.55915e-270 3.60136e-172 7.33969e-79 3.97973e-130 4.47486e-11 2.01345e-82 2.13186e-146 1.99456e-196 3.35632e-155 2.55457e-239 2.41057e-229
3.46101e-288 1.39799e-53 2.2247e-13 7.27131e-265 9.74292e-92 1.09189e-321 3.84502e-36 1.33396e-209 5.00739e-58 6.75835e-26 6.88164e-61 7.12559e-295 4.74176e-226 1.92469e-220 7.31805e-230 2.9045e-134 4.64536e-46 7.45791e-170 0.278695 3.00862e-77 2.91209e-226 4.2139e-176 1.01605e-279 2.06765e-89 8.62608e-51
1.02883e-148 4.84104e-93 4.9403e-107 2.66036e-271 1.40472e-96 3.70879e-146 9.65186e-28 2.60897e-228 6.11798e-223 1.3269e-134 2.34242e-84 5.3618e-167 8.95189e-72 2.97032e-24 4.89362e-100 2.74809e-172 6.28652e-242 1.05897e-89 0.0631594 6.38299e-38 3.35585e-236 9.04942e-57 9.35327e-258 9.55286e-220 4.11277e-78
8.18929e-125 1.17363e-23 4.86274e-128 9.48506e-163 1.31582e-74 6.54491e-269 1.45939 4.25274e-299 2.10034e-74 3.51457e-63 0.86215 3.8163e-45 1.1535e-109 1.57873e-232 5.41615e-305 2.90354e-206 5.12708e-198 6.08526e-265 3.17594e-149 3.55096e-52 7.95942e-14 6.05193e-32 3.21029e-39 5.39532e-307 1.48766e-125
