1.33904e-72 2.57201e-39 1.63899e-73 3.86346e-72 1.72589e-85 7.24894e-68 2.14207e-33 6.98497e-116 3.17642e-73 2.1538e-72 4.11698e-44 1.90806e-65 4.25697e-71 6.27406e-20 1.62936e-57 0.0982791 3.48562e-29 1.1586e-123 4.15451e-08 2.35845e-44 7.79809e-47 1.33542e-23 7.74048e-31 1.53818e-96 2.72865e-63
1.00101e-67 6.28815e-25 2.79235e-84 3.11724e-82 2.47631e-41 0.00190862 4.84695e-81 4.30237e-27 1.37175e-62 3.13006e-74 1.4144e-128 1.62057e-13 2.55437e-79 9.63964e-12 2.81308e-60 0.158795 9.44493e-37 9.39687e-122 2.23888e-54 2.35183e-54 2.67402e-40 3.95049e-62 0.0368732 1.26145e-40 2.02422e-49
2.39949e-77 8.03544e-12 4.94749e-30 1.49568e-28 1.45115e-56 2.1424e-34 2.11768e-29 2.22373e-102 3.93755e-87 0.144747 0.0643069 2.45086e-52 3.79166e-08 6.49477e-38 2.16299e-49 4.75298e-71 3.34657e-39 6.37316e-33 2.65099e-21 7.59558e-86 2.17572e-33 1.74272e-57 4.38795e-09 5.15415e-09 1.20699e-57
4.82297e-80 5.35941e-104 1.25907e-81 2.71833e-85 6.59264e-63 3.0933e-50 3.01089e-12 6.30744e-101 1.5364e-88 3.04423e-44 2.34567e-102 3.96712e-30 3.74071e-32 4.1791e-39 7.34768e-46 0.000422101 6.94641e-11 6.10439e-138 0.208937 1.46868e-86 1.03682e-17 1.67558e-38 2.67744e-21 1.39192e-62 1.32733e-49
2.43275e-110 0.0833374 1.95102e-66 1.35023e-17 6.8274e-45 2.24391e-11 1.07412e-13 0.0851693 1.49362e-35 1.53882e-08 7.07693e-07 2.40729e-37 5.42794e-77 0.271855 8.65131e-14 3.01231e-44 6.27073e-09 1.62843e-130 4.15338e-54 1.88726e-77 8.75538e-81 3.30337e-25 3.64798e-53 2.73062e-74 4.1217e-26
1.89534e-140 1.18797e-62 1.03935e-34 3.87399e-75 3.21852e-46 1.08383e-40 0.0319755 2.11766e-84 4.10292e-05 0.299712 3.61034e-123 4.52063e-84 0.000190892 3.04279e-73 1.35273e-87 4.76752e-22 3.79409e-52 1.59812e-74 3.78262e-20 4.4023e-21 1.42765e-56 0.00103499 9.77141e-12 6.22152e-82 8.5689e-12
9.63449e-62 3.69497e-61 2.79364e-43 7.56811e-50 1.39585e-62 1.06925e-29 8.11626e-53 3.48582e-74 1.20425e-80 8.01605e-39 1.94402e-61 1.51241e-68 2.26966e-93 7.37045e-37 6.58217e-28 0.436272 6.29744e-65 3.2778e-84 1.56916e-47 2.12352e-70 7.00799e-41 1.26693e-82 3.19143e-25 5.83045e-106 7.21926e-32
1.99809e-117 1.87181e-92 1.00252e-103 4.00778e-46 3.44505e-59 1.33157e-68 1.60959e-66 2.03954e-120 5.09392e-58 2.38469e-42 6.52839e-36 7.02314e-116 3.98882e-93 2.00512e-72 8.02028e-65 1.12059e-51 1.363e-72 1.05867e-123 0.0177883 8.41195e-24 9.531e-51 7.08059e-81 1.60699e-20 2.72754e-31 2.06799e-39
1.79216e-130 2.70247e-104 1.27396e-83 5.29364e-108 1.5659e-50 1.61441e-24 6.55404e-48 3.46831e-76 7.58526e-76 4.8504e-87 1.6792e-81 2.85042e-93 7.52826e-44 4.15354e-72 1.89923e-39 0.781014 4.1435e-18 5.04772e-141 0.260106 2.06927e-34 6.51729e-36 5.14752e-33 3.68357e-52 4.7209e-36 3.25124e-42
6.72133e-52 8.89331e-51 2.92e-74 1.60899e-21 2.08544e-26 9.0118e-54 0.0104867 5.17105e-94 1.07039e-60 2.36892e-15 9.69929e-121 9.38219e-106 4.04595e-25 3.92986e-70 2.28642e-19 7.82507e-24 0.12842 1.07339e-10 1.88787e-21 5.17654e-36 1.22022e-55 1.66202e-52 1.92931e-25 9.23763e-75 1.00168e-23
3.3498e-43 3.8291e-22 7.17347e-89 1.1545e-70 0.215294 8.84195e-09 7.88006e-63 1.54139e-21 3.65391e-48 2.65374e-66 3.81143e-121 0.0436606 1.71015e-52 5.47601e-59 2.16021e-26 4.97782e-33 7.27804e-13 3.39925e-26 3.02216e-51 4.6773e-106 0.218891 0.0233171 7.03701e-19 2.78716e-74 2.42516e-77
0.0853875 7.96399e-22 1.50005e-82 0.101512 1.07804e-09 0.089373 1.89847e-20 4.95477e-91 0.059283 9.8369e-81 0.0309437 1.55853e-48 7.43413e-86 7.30377e-46 0.143269 4.37784e-33 1.47662e-41 4.14509e-105 3.22176e-10 2.96326e-20 0.00832219 4.05756e-21 5.84054e-22 0.00291934 0.191688
5.76388e-76 1.43183e-61 4.2563e-50 1.55109e-06 3.65527e-69 5.05578e-29 1.50548e-73 2.68497e-108 2.91007e-37 1.90024e-38 2.86375e-45 1.39718e-122 1.09709e-86 1.00492e-71 5.9453e-32 1.36671e-16 0.127246 2.81134e-42 0.222714 7.81471e-46 0.205227 6.50703e-22 5.24367e-33 1.14186e-80 1.00528e-14
1.08452e-91 3.96759e-95 0.248807 0.0113188 6.82134e-50 1.32539e-73 6.01193e-44 1.45821e-103 9.53468e-93 7.30052e-76 8.50845e-129 9.75758e-16 0.0801891 1.17387e-12 2.10527e-35 5.07401 6.69792e-48 0.159556 6.30071e-44 0.178969 1.21393e-42 4.89723e-70 8.41759e-46 0.258579 8.40636e-63
4.11097e-21 0.000442248 3.20915e-72 7.12328e-108 1.57937e-42 4.67491e-41 7.38926e-74 8.82266e-74 2.34664e-42 1.40157e-107 1.06293e-109 2.53352e-85 6.95247e-95 1.38916e-60 6.43207e-44 1.25243e-73 3.21514e-58 1.54459e-69 0.0207321 0.0218324 6.60359e-86 6.2891e-69 6.51497e-37 9.52471e-11 1.50555e-29
1.70317e-55 5.55765e-20 7.77598e-41 4.65998e-30 6.87887e-90 2.69824e-26 3.8717e-77 3.38024e-82 1.39541e-39 7.31162e-61 3.84076e-34 1.08362e-31 5.06728e-50 1.65169e-27 8.09425e-65 0.13684 1.95392e-30 8.99279e-49 9.92529e-34 6.60982e-10 1.12212e-25 5.31663e-45 7.92818e-33 2.42102e-36 8.84855e-34
7.99103e-57 1.88107e-104 4.60477e-29 2.35241e-82 1.53521e-89 4.01575e-28 3.91636e-33 2.18337e-119 8.37042e-42 7.08724e-99 3.95895e-54 4.88943e-65 1.12863e-79 9.58755e-54 7.32921e-50 6.98333e-67 0.229074 1.23079e-75 1.78793e-58 1.59647e-92 0.00030683 8.29916e-81 5.47147e-62 1.26512e-31 3.3772e-61
