0.264357 1.69959e-321 1.15404e-107 4.7477e-316 6.47226e-322 6.70131e-71 3.09361e-201 2.16615e-273 4.59975e-321 4.35384e-176 7.70742e-322 1.07232e-90 1.64524e-321 1.57113e-321 3.60668e-322 5.83933e-120 2.00071e-87 2.81572e-255 4.30443e-196 7.70742e-322
7.65902 1.78711 4.50371e-39 1.65274 0.804299 1.64246e-22 2.04935 0.482578 6.3122 3.56769 1.1197 0.702303 1.8066 2.55901 0.814052 2.93977e-58 5.55019e-70 1.14787 2.7488e-106 1.20329
0.842821 2.41104e-321 8.15266e-56 5.03586e-189 1.31916e-321 3.58071e-179 8.18825e-153 1.29392e-135 9.02658e-321 2.12594e-205 1.59583e-321 1.7026e-209 3.04839e-321 2.55432e-321 5.63235e-322 4.32304e-28 5.0465e-137 1.96112e-238 1.27281e-89 1.17588e-321
1.72976e-16 1.80828e-321 8.68425e-62 5.07944e-216 7.16395e-322 1.73639e-166 1.7419e-166 2.6925e-262 7.45051e-321 1.62361e-169 1.2154e-321 1.29886e-71 2.47527e-321 2.27764e-321 5.48413e-322 2.25176e-167 0.162718 1.17379e-251 1.18601e-36 1.12153e-321
0.0794657 1.2154e-321 8.02364e-103 2.24476e-212 5.68175e-322 2.37751e-163 5.82564e-254 1.31477e-256 5.10864e-321 8.50456e-237 7.01573e-322 3.89072e-181 1.59583e-321 1.41303e-321 3.80431e-322 7.61279e-165 3.29968e-119 3.23859e-274 1.28057e-157 8.44852e-322
0.409985 1.15611e-321 2.42967e-127 1.51559e-293 5.68175e-322 1.46848e-80 1.52184e-262 6.27434e-228 4.8122e-321 3.12857e-304 7.75683e-322 4.74623e-101 1.35374e-321 1.79346e-321 3.0138e-322 4.58257e-216 2.128e-129 4.08372e-272 2.86591e-184 7.06514e-322
2.16635 1.13141e-321 9.8389e-99 1.83582e-257 5.63235e-322 9.65425e-54 2.91168e-282 8.92735e-275 4.08592e-321 1.01707e-289 7.31217e-322 4.25801e-213 1.37844e-321 1.6403e-321 3.0138e-322 6.56087e-152 1.30318e-66 1.00789e-321 1.05213e-203 7.31217e-322
3.1676e-44 2.02983e-307 0.128981 1.42684e-245 1.06845e-249 7.80261e-35 1.10388e-229 1.50514e-142 1.26185e-270 2.20526e-233 1.64524e-321 6.685e-97 1.90882e-315 1.12584e-317 1.0326e-321 8.30545e-158 0.140655 6.2679e-275 3.43757e-31 2.10966e-321
3.75361e-94 2.38634e-321 9.17008e-72 1.55118e-312 7.90505e-322 4.43886 1.17128e-91 1.44609e-172 6.81317e-321 1.85841e-203 1.32904e-321 2.18077e-80 1.04382e-305 3.64126e-321 5.58294e-322 0.188289 1.76923e-123 4.09579e-221 1.13459e-81 1.31421e-321
2.63576e-96 2.90511e-321 0.151004 3.09093e-90 1.62054e-321 2.57481e-107 2.82978e-152 2.90171e-198 1.03457e-320 6.65647e-64 1.87251e-321 6.97595e-49 6.285e-195 4.20944e-321 7.01573e-322 1.81083e-239 8.11041e-58 2.22824e-321 0.295797 1.51678e-321
