0.000146037 5.44996e-16 3.55024e-28 0.115993 4.46116e-76 4.32162e-21 0.0822989 0.201416 0.15685 0.237015 5.57688e-14 1.09771e-33 1.30421e-78 5.31669e-35 1.19379e-11 4.75341e-21 2.91317e-16 5.32467e-29 2.55556e-19 2.29391e-71
0.0918463 2.85559e-08 0.0840619 1.14876e-69 9.3179e-72 0.0295868 6.18877e-60 3.47461e-36 9.59446e-12 8.04346e-52 1.89048e-37 1.47592e-60 6.75505e-28 5.64836e-45 1.1797e-22 0.0390861 1.59318e-62 2.02416e-67 0.000769831 1.42784e-50
1.29858e-42 0.0392625 1.18155e-21 5.22939e-67 9.45264e-38 1.85282e-47 3.87208e-77 1.13699e-57 6.50702e-67 7.95317e-81 1.26174e-46 4.8743e-21 1.89118e-41 7.37911e-37 0.195001 1.68345e-27 6.80957e-46 1.17621e-37 9.46224e-36 1.85777e-57
1.22501e-14 0.757763 3.72942e-09 4.37156e-22 1.67057e-61 6.27433e-61 3.00454e-35 2.49595e-63 1.12508e-31 3.99122e-28 2.89505e-51 5.78926e-62 3.9223e-48 1.50377e-15 6.31631e-43 1.04557e-58 3.15586e-49 3.14961e-67 1.96917e-34 4.29511e-31
1.91909e-16 3.89203e-06 0.145631 8.07609e-56 3.51893e-64 1.90426e-19 3.35264e-56 4.91659e-33 2.66148e-20 2.95525e-78 2.21443e-26 8.81073e-35 1.89058e-78 7.40009e-34 7.35593e-42 8.03379e-49 8.41651e-21 0.040854 9.34805e-22 4.25688e-21
4.33091e-23 0.242081 3.00932e-43 1.10145e-59 1.40518e-76 1.21111e-36 9.19562e-73 7.09776e-19 8.28723e-51 4.75321e-83 7.37314e-76 1.31172e-39 4.28188e-43 8.09474e-46 8.18047e-19 2.15063e-42 9.28652e-11 4.20772e-33 3.14786e-28 2.96805e-60
6.85159e-29 6.75131e-13 6.97467e-08 3.09067e-14 1.07963e-28 2.94256e-65 4.97291e-47 2.53259e-32 8.0599e-61 1.81298e-84 2.63622e-49 0.102037 0.0886343 0.294014 5.24053e-44 6.73676e-56 3.98605e-37 0.0394822 1.84191e-06 1.03016e-51
1.16493e-10 6.61753e-52 1.59093e-41 9.38067e-28 1.78498e-61 4.19646e-28 4.76968e-30 3.12852e-26 3.94657e-61 1.57741e-61 1.68912e-85 1.87915e-25 1.23751e-44 2.12907e-18 1.39299e-11 9.09957e-05 0.0488765 3.33631e-13 0.157213 7.20798e-79
1.55371e-47 2.3558e-38 3.82035e-15 6.35142e-57 0.102547 1.57078e-54 2.31428e-20 2.50059e-17 7.92013e-57 4.3756e-06 0.13813 4.78375e-52 0.391727 8.36395e-50 1.37714e-31 1.10467e-47 5.63717e-44 3.73771e-35 5.04028e-09 0.0282099
1.03372e-30 0.0505652 1.65919e-13 4.2582e-63 1.57263e-44 3.00707e-67 2.78787e-60 2.57624e-34 1.10781e-26 2.16953e-78 2.30323e-85 4.70861e-44 6.67421e-61 1.91059e-41 1.28719e-05 3.38708e-69 5.04653e-67 1.75762e-40 1.86843e-18 1.58455e-45
