5.66432 0.157391
2.43499e-151 8.99096e-126 3.7816e-96 1.07905e-157 2.18029e-18 1.3913e-78 2.72612e-192 0.101551 4.56055e-84 7.67098e-185 4.98964e-132 2.74092 1.4044e-16 9.99596e-194 1.30039e-87 0.11629 3.70957e-09
3.21942e-41 3.81978e-166 6.31494e-110 4.37943e-104 3.47745e-47 1.56216e-31 1.95257e-55 0.07902 3.92345e-93 3.98079e-80 9.6641e-66 1.88243e-86 1.30652e-19 4.29092e-80 6.08563e-35 1.78174e-17 1.17777e-194
1.29604e-147 8.60287e-131 1.18962e-77 8.19225e-84 1.11814e-65 2.6079e-75 0.537076 5.79676e-69 6.01966e-45 0.0639216 6.08822e-83 0.0763209 8.17303e-31 1.07248e-204 8.5173e-65 7.70695e-106 4.52942e-73
3.30983e-166 3.86334e-122 2.68156e-84 4.72111e-177 3.05657e-120 3.94307e-122 3.92584e-132 1.48501e-58 2.25755e-114 5.87893e-164 1.20782e-101 0.154186 4.02426e-108 1.24803e-197 3.14367e-79 7.50916e-101 2.16942e-122
3.94002e-49 1.63668e-147 0.785227 3.55074e-51 1.16656e-09 3.70117e-18 2.64208e-194 3.04781e-14 3.8765e-119 1.54313e-87 3.76652e-97 1.50532e-22 5.87666e-123 1.38922e-184 4.3312e-54 5.09244e-94 1.44032e-126
4.79197e-46 0.367764 2.3117e-63 9.32574e-52 5.47533e-94 1.91221e-105 2.47441e-79 0.154008 9.41824e-25 1.31587e-171 1.23447e-69 8.61712e-45 3.99552e-74 1.18077e-183 1.22999e-55 2.28372e-16 9.12087e-112
5.16987e-95 6.85448e-135 1.10798e-25 1.58139e-130 1.99934e-40 0.0620725 2.55602e-97 1.74574e-128 1.6406e-29 1.11215e-220 5.1751e-92 4.71782e-35 5.98141e-60 4.14721e-151 0.269828 2.81268e-37 5.92917e-69
0.088897 2.25921e-40 0.0970115 5.56417e-62 0.0702625 3.82293e-52 1.15761e-73 1.55572e-45 0.173601 1.8253e-58 0.544171 1.57066e-53 6.31472e-69 3.1613e-112 5.35973e-92 1.10057e-90 5.07801e-75
6.6437e-116 1.01238e-138 2.53876e-121 7.445e-118 5.61691e-104 4.90061e-75 2.28968e-141 2.2094e-54 1.59851e-123 1.89433e-161 3.53289e-81 1.07383 1.77949e-124 1.52747e-158 4.93047e-69 3.07183e-165 2.26001e-160
3.57665e-120 3.54787e-160 9.02216e-80 1.98942e-142 2.38053e-123 1.93682e-105 1.2231e-215 5.637e-127 1.07352e-103 3.78394e-171 2.58174e-87 1.13095 6.40056e-161 1.91204e-161 2.64676e-66 1.85991e-100 2.51813e-195
3.31519e-118 4.58971e-92 4.35563e-53 1.26028e-75 6.28855e-102 4.83232e-24 1.15438e-188 0.142866 4.88266e-60 6.13306e-103 7.68993e-103 3.19733e-82 2.75987e-31 1.20552e-211 0.0172653 1.05968e-131 3.98577e-160
9.77153e-105 1.5211e-98 2.58313e-57 7.5164e-108 1.09985e-54 3.21077e-74 4.65925e-212 4.70525e-27 6.38671e-108 3.93358e-113 1.41106e-81 0.634789 9.25948e-109 4.62221e-204 4.66906e-43 3.25467e-107 8.4058e-73
3.01322e-154 3.61405e-145 1.0886e-81 7.58852e-165 1.28801e-95 7.28441e-100 1.79682e-204 1.77828e-81 9.8707e-110 6.44914e-211 5.0063e-114 0.560209 2.30583e-108 3.15525e-176 3.55454e-56 4.58032e-161 1.15609e-177
8.78533e-84 2.53449e-120 1.17875e-59 2.89461e-118 7.29064e-105 3.77782e-39 5.47699e-180 1.81165e-35 9.85791e-42 7.20631e-208 6.42699e-77 0.140121 5.65301e-110 9.18546e-134 3.13576e-95 1.19986e-36 3.6117e-174
6.03456e-161 1.20376e-74 2.72846e-107 0.17132 0.129482 3.76233e-111 1.15577e-192 0.0518087 2.70902e-52 1.07957e-15 2.43732e-27 1.88517e-70 2.87958e-107 0.436228 7.58388e-43 7.82662e-99 0.253099
2.24712e-142 9.90317e-172 3.07948e-17 6.14953e-109 5.18822e-120 7.34725e-69 0.00997427 5.47352e-47 5.0423e-116 1.56382e-206 7.44587e-40 0.00236677 0.350238 7.76811e-52 9.49982e-61 2.9192e-31 5.41751e-76
2.1417e-39 3.7609e-132 1.16498e-33 4.85985e-79 3.88105e-42 0.0485754 9.4191e-108 4.21051e-90 8.84012e-40 6.15029e-57 1.22113e-75 6.13509e-34 0.0589689 1.79318e-132 4.85378e-31 9.93299e-71 6.33438e-57
2.50759e-86 2.96673e-77 5.80203e-68 1.61962e-117 6.88289e-112 6.80732e-53 8.27799e-151 1.02343e-27 5.67744e-46 8.1776e-117 1.72761e-78 1.57795 3.56165e-144 8.36638e-176 1.57242e-63 2.2656e-91 5.90925e-169
