1.11287e-100 1.75393e-321 3.12354e-253 1.4569e-136 0.126617 7.55601e-124 3.51766e-184 7.6395e-184 3.09643e-123 6.39864e-219 3.68842e-294 9.73309e-322 1.73615e-320 1.88151e-295 1.62596e-131 1.16105e-321 1.48051e-18
0.1108 2.45057e-321 1.05819e-177 4.45122e-131 9.48238e-198 2.27339e-257 4.67058e-311 7.57381e-152 2.13277e-74 4.54619e-142 1.03496e-129 1.85728e-102 9.99262e-193 9.574e-51 3.3389e-06 3.80233e-320 1.27017e-124
0.0432422 1.91203e-321 1.16405e-134 5.64371e-280 5.82108e-221 4.69039e-304 1.75592e-206 4.77155e-60 1.2093e-62 1.73229e-140 2.19205e-268 1.75295e-285 1.19416e-320 1.89785e-258 1.80471e-99 8.00386e-322 2.88878e-136
3.48435e-213 4.31667e-245 1.41816e-207 0.013421 4.57216e-187 4.03786e-232 4.75675e-104 1.26146e-186 2.77911e-206 1.85951e-89 1.89721e-321 1.12775e-254 9.54049e-245 2.62392e-41 1.52405e-44 2.01238e-319 0.131324
0.0545528 2.00097e-321 1.87995e-153 1.93331e-262 3.00909e-140 6.28023e-268 7.43386e-166 7.39359e-32 8.76328e-29 1.26201e-113 3.23964e-317 1.79815e-225 1.63536e-320 1.25183e-210 0.0758235 1.56125e-321 2.21555e-299
4.39335e-223 4.73392e-209 4.5239e-46 2.72724e-321 2.29918e-125 7.90212e-215 0.403199 1.04245e-20 5.78015e-35 2.28098e-135 2.34681e-321 5.72996e-212 2.05778e-320 6.25306e-09 9.51575e-32 7.06608e-304 1.33375e-214
1.22638e-76 1.62054e-321 8.99813e-253 1.87446e-247 4.46619e-101 2.10656e-212 1.91344e-199 5.55399e-79 7.41085e-67 1.97915e-204 1.66239e-275 4.48977e-261 1.82804e-320 3.04056e-293 0.00277592 1.16599e-321 2.48361e-269
5.44373e-158 1.77864e-321 2.73712e-177 8.25044e-105 2.72474e-206 1.24794e-225 1.18906e-236 2.47164e-196 1.5664e-95 1.02907e-157 5.06494e-279 9.83191e-322 1.58002e-320 1.31181e-110 0.320457 1.11659e-321 5.5349e-288
3.85448e-63 1.60953e-312 7.37645e-234 3.60806e-218 1.50346e-43 4.98469e-179 2.85492e-150 4.91188e-12 5.38746e-107 5.59282e-321 1.29445e-321 9.83191e-322 1.57113e-320 1.26662e-194 9.6044e-109 1.54148e-321 1.1101e-264
4.11991e-100 2.1146e-321 1.48731e-33 3.24465e-88 1.8746e-31 1.59505e-263 7.62603e-90 1.957e-204 3.89997e-187 1.23184e-247 4.83503e-257 1.4217e-265 2.37175e-298 1.25444e-197 7.95923e-193 1.22528e-321 0.0255625
2.17678e-45 1.90215e-321 3.23236e-171 1.80945e-202 1.17905e-68 3.14513e-138 2.39016e-244 0.168328 1.73107e-142 1.59976e-258 3.58041e-251 1.00789e-321 1.75443e-320 5.62936e-213 5.09796e-21 3.31043e-296 2.12808e-120
8.97822e-62 2.30729e-321 0.376398 0.506463 6.43993e-63 0.30146 0.0831573 2.36815e-110 0.725415 1.70577 1.12378e-237 1.39116e-227 3.32556e-320 1.44688e-120 1.33334e-38 1.43279e-321 1.15886e-17
1.01955e-12 2.23812e-321 0.0397757 2.12212e-147 3.35999e-188 1.00104e-166 9.08183e-264 9.10823e-76 5.22963e-52 1.83922e-166 1.62054e-321 2.83389e-201 2.20853e-316 1.18189e-147 2.41193e-39 1.14129e-321 1.78453e-203
2.00157e-38 2.51973e-321 6.53293e-41 6.42879e-120 4.93652e-249 1.059e-188 1.82808e-309 0.842073 7.69131e-86 7.12937e-321 9.27348e-116 3.58921e-226 1.66302e-320 1.7341e-163 0.128251 1.29445e-321 4.38138e-114
0.163334 1.58595e-321 8.69244e-139 1.16561e-173 1.07807e-204 9.58487e-322 2.48228e-117 2.88375e-140 9.98735e-97 1.43222e-145 1.3241e-321 1.50486e-285 1.24949e-320 2.14686e-300 1.59439e-48 1.35868e-321 2.64023e-241
6.05776e-35 0.96459 1.65306e-141 1.12658e-39 3.72216e-158 1.94662e-321 5.32349e-318 9.67387e-13 1.41478e-188 4.55736e-113 0.248854 2.03174e-117 10.0546 2.32879e-10 1.11769e-47 0.7055 0.590615
3.02091e-22 2.71812e-99 1.20241e-09 2.94463e-321 0.406131 1.63042e-321 4.42485e-10 0.26264 4.55752e-32 9.76486e-200 3.52872e-55 1.1423e-276 3.01331e-320 1.70793e-303 2.42828e-112 1.92686e-321 5.25034e-224
3.95106e-12 1.35989e-122 4.62717e-253 2.99404e-321 1.78021e-185 3.73735e-94 8.2737e-72 3.76825e-62 3.75833e-175 3.43711e-117 0.338345 0.363652 2.45304e-320 0.357976 2.02672e-74 2.49997e-321 2.07175e-171
