1.97916e-105 9.71868e-146 5.50846e-61 1.00145e-182 1.01003e-109 1.51172e-216 1.0017e-68 7.13602e-142 1.47327e-191 0.234221 7.11455e-322 1.85651e-225 2.11228e-115 1.73215e-133 2.10445e-44 3.80764e-189 2.72629e-123
9.69077e-235 2.11019e-162 2.02624e-83 1.50321e-230 2.08267e-268 2.15907e-321 2.30755e-231 1.0085e-290 2.30039e-144 0.508777 2.58951e-226 3.72186e-83 0.15143 4.64292e-87 0.250125 7.38447e-155 3.96629e-92
0.000326988 5.6137e-195 0.315523 1.03505e-190 3.61701e-309 2.23022e-84 1.18586e-93 9.09009e-228 4.56482e-193 2.64993e-20 0.149963 1.02313e-199 1.4384e-30 2.55404e-120 2.70766e-133 6.38009e-169 4.4995e-230
0.0153222 4.78151e-207 3.14058e-162 5.82997e-322 4.66316e-64 2.00591e-321 2.53156e-286 2.23156e-147 3.40685e-276 3.77712e-128 7.85564e-322 5.87938e-322 1.18556e-156 1.25854e-114 1.69365e-61 6.39986e-133 1.44953e-247
0.0512416 9.66438e-165 2.14594e-154 0.188157 3.1898e-282 0.660761 9.79001e-168 1.94174e-33 0.464055 3.0053e-10 1.44899e-244 4.12564e-43 5.73287e-20 0.666539 5.52146e-109 2.7306e-76 0.561661
1.88815e-159 5.10072e-232 0.247785 6.37345e-322 3.71515e-55 1.88367e-45 0.0062706 3.44465e-233 9.46311e-179 2.52046e-45 1.0881e-303 1.92461e-60 8.65287e-91 2.1545e-238 3.48853e-121 2.16934e-111 1.35596e-119
7.52826e-239 0.243352 8.21727e-242 3.99502e-133 7.07942e-48 8.09527e-216 0.0441358 0.530898 2.92447e-205 8.73167e-15 4.41794e-320 2.14509e-277 8.20335e-24 2.87749e-232 1.8493e-96 1.07741e-63 7.10765e-131
1.44751e-123 1.95321e-41 1.12465e-206 8.14167e-221 7.87135e-117 2.42078e-28 0.607999 3.1039e-68 1.29078e-171 7.63143e-65 4.46835e-220 1.27103e-98 6.63042e-74 6.79357e-148 3.32938e-69 4.23728e-172 1.17776e-205
0.489794 7.70936e-313 2.8223e-135 2.79463e-134 6.61596e-287 2.01152e-104 3.72649e-07 1.71756e-284 6.58449e-287 3.44389e-122 8.88074e-201 7.79079e-172 1.67426e-40 1.36885e-205 9.65325e-208 7.29796e-150 3.85595e-186
3.36572e-137 9.7066e-208 3.5176e-229 7.21336e-322 0.71542 1.03553e-301 2.49495e-210 2.48865e-140 3.35245e-62 3.98249e-95 2.04612e-120 0.184614 4.97542e-39 2.05561e-82 2.4029e-178 0.0421644 9.73277e-54
1.62404e-108 2.22316e-214 5.46952e-270 2.2562e-249 2.37043e-164 6.10046e-296 2.72158e-300 6.71806e-171 3.77658e-282 5.65409e-138 5.09287e-136 4.69631e-118 1.07924e-85 4.46716e-229 1.40713e-205 0.408806 0.0854429
2.81487e-140 1.14129e-321 4.81509e-144 3.72371e-72 5.61652e-303 3.20971e-108 5.91546e-100 3.68615e-233 1.19386e-62 1.22456e-136 0.083422 8.3003e-322 0.206259 4.01586e-128 5.43456e-205 4.15245e-34 7.12445e-250
2.78739e-281 2.25286e-92 7.35322e-104 6.59318e-68 2.8557e-321 3.51061e-234 1.81682e-29 3.40186e-76 1.02096e-298 1.44049e-75 2.67282e-77 8.32414e-217 0.193372 1.79339e-259 4.85853e-152 2.21241e-77 8.10343e-160
2.55651e-252 1.49634e-84 3.898e-128 5.73116e-322 5.01236e-305 3.04049e-141 2.55951e-141 5.56426e-193 1.38666e-227 0.278276 3.52459e-64 6.12641e-322 9.21178e-95 2.20462e-81 1.80903e-139 1.05587e-183 2.14092e-152
3.44684e-284 4.58306e-317 1.1295e-250 4.44659e-323 2.32211e-322 1.80184e-316 1.50579e-289 6.79004e-319 2.17915e-310 1.10713e-132 7.41098e-323 5.92879e-323 2.22565e-152 2.45687e-277 2.03936e-232 4.95369e-202 2.38603e-262
6.34014e-195 1.94406e-136 1.44702e-167 4.05694e-146 1.46562e-160 1.68067e-142 2.41541e-288 6.37215e-123 8.48711e-287 4.42359e-139 7.43897e-146 5.53354e-322 0.0930191 6.1222e-219 2.49713e-90 5.76609e-84 7.07065e-225
1.30957e-22 1.10536e-312 0.569592 4.72419e-237 1.04258e-235 1.77448e-112 1.17632e-157 1.00854e-286 7.84772e-136 5.55236e-09 6.75453e-198 5.24682e-232 4.35754e-97 3.56363e-166 4.57668e-189 6.41577e-180 2.47835e-214
1.1776e-280 2.12684e-142 2.55865e-99 3.07473e-115 1.68348e-243 3.27274e-222 5.02507e-55 9.30652e-186 2.52293e-166 0.0184096 9.67644e-274 3.80157e-238 2.29167e-74 1.84155e-196 5.93765e-170 1.67219e-137 1.5977e-123
