4.03156e-104 5.72173e-81 3.78686e-90 4.23219e-39 0.0725908 2.22023e-195 5.35278e-23 1.04965e-89 3.25599e-50 3.22735e-71 1.31763e-66 6.49352e-105 2.98184e-58 1.12097e-176 0.00732841 4.32074e-30 2.00019e-05
1.71224e-53 1.03329e-66 2.15725e-87 1.15948e-86 0.0199888 1.96247e-191 5.40639e-175 2.06517e-29 3.67781e-61 0.286038 5.95804e-69 1.69687e-165 2.53823e-47 2.22645e-64 2.01308e-52 1.76623e-58 0.118261
2.12302e-111 1.59417e-148 4.04568e-152 1.14279e-70 1.35786 4.73251e-178 3.79106e-139 2.97062e-72 2.24089e-81 4.32598e-55 2.18669e-103 1.49025e-183 2.0708e-66 2.1554e-129 3.01935e-69 9.74509e-47 1.77916e-129
3.55088e-118 4.3348e-177 1.2446e-188 4.24378e-73 0.151102 3.73489e-167 2.8172e-165 5.15045e-119 1.6489e-88 1.34069e-70 7.51827e-112 7.33723e-193 6.71736e-66 4.71412e-156 3.27254e-107 1.69208e-52 3.22729e-121
3.56852e-90 1.30679e-157 2.37745e-177 2.67798e-52 0.69427 7.1041e-193 6.63298e-146 1.92768e-92 5.60404e-75 4.06805e-54 1.66952e-67 6.26975e-233 3.66337e-64 6.60956e-128 1.50195e-109 1.1025e-57 6.5334e-113
2.37124e-53 1.91848e-82 3.65947e-103 0.048997 8.10068e-38 1.42024e-171 2.07288e-111 3.0797e-60 1.57382e-72 1.40664e-15 1.80629e-38 2.76914e-210 0.111322 5.81487e-46 0.112432 5.79473e-70 4.25722e-110
1.46526e-90 1.91818e-175 4.93924e-94 4.66548e-24 1.60639e-39 1.17302e-161 2.02979e-122 3.98702e-25 6.37043e-67 2.95564e-83 8.84486e-77 1.34191e-116 0.332095 9.91602e-62 2.67076e-11 4.49167e-13 1.06254e-41
7.16674e-66 1.60136e-176 2.57413e-188 0.339249 5.99401e-18 5.80399e-177 0.160172 1.33606e-108 0.0519483 8.80515e-17 0.0509471 3.6209e-83 8.5983e-54 2.87136e-170 1.34379e-44 2.01543e-66 3.59916e-129
6.95216e-56 1.03762e-128 3.82564e-185 1.97573e-84 0.273246 5.60941e-202 6.1495e-87 5.94623e-36 3.01271e-30 2.28956e-28 4.68854e-68 8.0958e-124 3.03312e-53 3.49768e-85 6.07286e-42 1.04391e-53 1.57167e-105
2.22259e-119 5.49974e-148 2.11649e-149 2.22226e-57 0.21675 5.69341e-204 3.26616e-176 1.06078e-106 1.62189e-81 1.01235e-51 1.04477e-79 2.18077e-203 1.30763e-27 5.42923e-159 6.99459e-101 4.02646e-58 2.8294e-101
1.08638e-109 1.22741e-135 3.86764e-146 1.0625e-44 0.172619 1.53809e-179 3.25505e-136 5.55625e-66 1.69795e-67 2.26146e-57 2.23033e-66 6.83548e-191 4.45364e-45 1.58198e-137 6.73901e-97 4.51731e-24 4.0601e-63
2.56453e-70 6.62615e-112 5.21365e-101 2.27269e-12 1.86812e-26 4.78897e-124 1.23528e-105 9.86852e-113 6.64456e-86 5.25746e-82 2.33487e-45 2.05385e-231 7.92336e-56 3.88505e-106 2.11999e-09 0.147283 1.37644e-107
2.05886e-82 6.20556e-175 5.48735e-160 2.11378e-58 0.202509 2.39399e-167 4.73169e-192 1.04072e-103 9.97768e-97 2.76054e-58 3.6434e-88 2.99931e-184 1.54414e-37 2.75915e-107 1.18545e-105 3.53853e-65 3.17524e-69
3.49915e-40 2.1614e-114 5.23743e-161 1.16681e-59 0.16579 5.92925e-117 1.12941e-66 3.04666e-45 1.24982e-68 1.31872e-13 2.66542e-51 1.6041e-155 2.27071e-16 9.27632e-71 7.13796e-79 2.19788e-10 3.39198e-74
0.145967 0.300216 0.381083 6.58276e-35 2.45543e-37 0.83529 1.09997e-179 0.883914 1.3685e-40 2.55109e-08 2.67958e-46 0.291264 2.03851e-08 0.0843778 2.11068e-23 5.90024e-09 4.94319e-29
2.07537e-109 1.25205e-162 5.40849e-176 6.04381e-79 0.186097 1.88113e-157 3.85336e-161 1.27371e-82 1.58508e-69 2.6316e-53 7.18458e-84 6.57268e-194 6.96341e-32 9.1445e-155 6.66736e-67 5.69679e-61 3.29114e-92
2.88062e-111 3.77365e-132 2.22808e-189 7.93411e-47 0.137389 3.7387e-200 2.91731e-125 1.66673e-102 3.89572e-84 6.71551e-54 1.03377e-111 6.65456e-162 1.96645e-52 9.25805e-149 5.55382e-94 2.00624e-68 2.62497e-113
1.81659e-104 7.45947e-159 2.65737e-141 0.180269 0.965861 4.67987e-68 1.24809e-88 1.37036e-27 1.43114e-59 6.7565e-45 7.94836e-41 1.58368e-78 1.14409e-52 8.40128e-138 2.88268e-108 1.51612e-70 2.71548e-40
