2.07173e-09 4.0941e-05 8.17524e-09 5.76097e-07 1.00702e-46 1.92853e-23 4.52835e-34 0.0350191 2.30042e-20 1.61098e-38 1.25169e-15 1.76586e-56 1.26151e-20
0.000108464 9.82878e-07 5.6738e-07 4.37921e-07 1.46981e-45 8.3665e-20 4.85594e-36 0.145638 5.16355e-23 1.43857e-35 6.35714e-18 1.10958e-54 4.24832e-19
5.10104e-09 9.91926e-07 6.41435e-07 2.61517e-08 1.56737e-44 1.75057e-22 2.67306e-37 0.227094 3.75939e-18 2.55129e-39 2.92739e-14 2.17463e-51 2.4388e-17
9.79971e-20 2.3738e-07 4.68859e-06 1.24318e-27 6.90086e-14 0.0523308 3.25675e-35 0.369818 7.80453e-05 8.42693e-37 0.00234833 1.60507e-41 1.76528e-15
0.000606529 1.94176e-14 1.02361e-06 2.34558e-05 2.34029e-38 1.28154e-23 1.5079e-35 0.841108 1.17842e-22 4.51382e-42 3.00723e-12 2.82186e-49 2.36366e-13
1.38994e-09 1.4803e-08 3.32236e-09 3.85562e-08 2.72291e-48 8.85654e-22 2.25419e-36 0.0238004 2.03904e-17 6.32992e-34 3.72753e-12 2.75797e-50 2.83518e-18
4.00136e-05 2.958e-06 0.000165224 0.000676571 9.89819e-44 3.22601e-23 2.48954e-35 0.201221 1.2016e-21 3.79438e-38 1.07423e-17 8.39494e-50 6.07689e-21
6.82836e-07 1.06607e-07 7.05025e-05 4.27127e-07 1.61426e-48 5.21007e-21 7.13203e-35 0.0505359 7.87866e-24 3.06298e-40 4.49984e-16 1.11815e-51 7.00707e-21
3.33001e-07 8.52491e-10 0.000237279 9.9702e-05 1.3731e-48 7.4336e-25 5.06575e-34 0.414887 1.84224e-20 5.13083e-37 2.62819e-17 2.9563e-53 1.98154e-20
5.77969e-11 1.29771e-12 1.20518e-09 1.00518e-10 1.56717e-36 1.86114e-24 1.10917e-35 0.0492282 2.38149e-14 1.20714e-28 1.96528e-12 7.83578e-53 2.00846e-15
1.52443e-27 7.43362e-10 2.02112e-11 6.00649e-12 7.4338e-25 2.30575e-14 3.51487e-12 1.15992 0.0312435 5.05206e-13 1.83065e-12 2.58468e-37 0.0415896
4.34359e-12 6.57023e-14 9.59128e-05 3.4115e-21 4.66012e-34 0.00253794 3.96385e-22 0.43126 5.03949e-12 8.3745e-29 1.62847e-11 1.47912e-51 1.0195e-15
2.49859e-07 9.34712e-09 1.55827e-05 0.000712276 6.99809e-46 2.30788e-21 2.19177e-33 0.0125241 7.36024e-20 2.98337e-37 5.5109e-18 1.78588e-56 9.77184e-21
2.36426e-12 1.69209e-18 2.02288e-11 1.72166e-18 1.44031e-46 3.6609e-12 1.12054e-27 0.27358 1.12082e-08 2.08414e-41 7.40473e-13 1.23626e-53 9.42988e-13
3.45345e-18 3.30987e-13 5.40737e-07 3.09975e-14 3.37914e-31 5.56918e-19 9.38219e-20 0.149547 1.41829e-23 1.64932e-34 0.000142032 1.03064e-37 4.47266e-12
1.15405e-09 1.78063e-05 2.89027e-09 5.70715e-16 3.02214e-48 5.05414e-18 3.86584e-28 1.52354 1.04978e-19 4.27968e-29 0.00926297 4.35821e-46 3.05162e-13
4.43638e-44 0.00162436 9.59571e-21 3.90471e-21 0.0322476 2.90913e-18 0.0487913 0.0233832 0.0265195 0.0702288 1.38298e-08 0.00704439 3.57931e-06
