4.10885 0.10232
2.55562e-26 5.14177e-33 4.75414e-40 1.08589e-15 0.03863 4.369e-73 1.40939e-42 2.1883e-19 1.60238e-22 3.11362e-102 0.118841 6.34136e-31 5.18619e-10 2.73086e-83 5.89195e-106 1.03673e-88 1.56647e-32 2.08086e-10
7.55834e-60 1.20519e-50 1.04057e-21 6.26059e-40 5.96434e-49 0.0335951 3.9321e-63 9.32612e-44 1.29677e-35 1.45461e-81 0.212413 6.4562e-68 7.0419e-27 4.12333e-19 1.03914e-89 5.1005e-25 1.42537e-97 3.90116e-76
5.59994e-38 3.99207e-87 9.64868e-05 1.65475e-26 5.98806e-37 1.07816e-83 4.57978e-41 2.12111e-29 3.46486e-83 9.46173e-105 1.93755e-33 1.80583e-51 6.10734e-71 3.71348e-121 3.97436e-105 9.05403e-39 7.92778e-90 1.4814
8.32935e-59 1.88395e-109 2.60963e-85 1.06414e-51 3.54884e-08 3.04411e-119 1.03462e-12 2.52298e-35 0.000583816 4.48136e-59 3.62171e-05 3.24347e-19 2.40571e-57 2.54171e-26 0.0591676 2.90157e-74 4.10545e-43 0.455415
1.1694e-41 1.50517e-56 1.31507e-11 3.15929e-59 1.78797e-72 2.76442e-92 2.56681e-16 9.13271e-41 2.45603e-30 1.68716e-134 1.43365e-55 5.95731e-49 3.64366e-51 3.47098e-89 5.97637e-64 0.0574916 9.85386e-103 1.54875e-14
0.0496829 0.0356513 3.9519e-22 3.37652e-32 3.14736e-32 7.44181e-89 1.47517e-51 1.06815e-48 4.60391e-60 5.40853e-110 7.7571e-61 1.39178e-58 2.13321e-67 4.85705e-123 1.30786e-96 3.45624e-106 2.4576e-58 1.85812e-45
7.79245e-30 7.89809e-181 9.1437e-16 5.41837e-57 1.32382e-72 5.31841e-118 2.17738e-30 3.34236e-39 0.076105 0.11361 8.81238e-50 1.34605e-39 2.91431e-65 0.000454005 7.65912e-62 1.90691e-56 2.55272e-20 2.12109e-54
1.02605e-21 6.98288e-81 0.0974741 1.53854e-10 3.67878e-76 1.20286e-80 5.92931e-44 0.000835275 1.07986e-81 1.62005e-72 1.44121e-33 6.95161e-49 1.6053e-73 2.24468e-61 1.19853e-94 0.703247 5.33319e-22 2.77114e-13
1.25268e-27 6.49444e-10 1.31297e-25 7.39123e-28 7.54212e-30 7.66068e-41 1.34751e-46 9.71756e-31 3.64232e-74 5.12908e-123 7.31566e-20 2.39031e-90 4.33036e-39 1.44974e-122 1.63846e-104 6.71189e-102 3.05375e-111 0.703843
7.66716e-40 1.55609e-40 2.19997e-54 1.40183e-60 0.00467099 7.00893e-23 8.69826e-07 0.17876 2.6897e-80 3.45022e-62 3.69016e-40 2.32628e-71 3.27345e-30 1.68427e-56 3.08702e-28 1.42666e-106 0.777319 1.05767e-59
3.9206e-53 8.10783e-36 5.40279e-34 7.24867e-60 0.0398976 1.30959e-119 0.027385 3.76227e-33 0.000438361 4.85509e-138 1.90355e-10 0.0798176 0.341343 0.270344 4.53419e-17 0.687115 1.32859e-11 3.66911e-20
1.99151e-23 3.06576e-17 4.79652e-31 0.0032718 4.60212e-06 1.35777e-49 1.40726e-32 1.01451e-46 3.00413e-39 4.11681e-93 0.149949 2.01893e-57 1.12681e-51 8.94218e-108 6.17507e-91 1.7337e-37 4.85382e-10 9.76632e-67
9.70393e-28 1.3246e-51 4.41135e-46 1.67038e-43 8.6253e-26 0.213856 2.89112e-31 1.46589e-47 3.93735e-67 8.12588e-90 1.96602e-53 1.13772e-46 4.93469e-10 7.51088e-93 2.36924e-70 5.44033e-50 0.000131273 0.209463
3.34108e-38 6.88367e-84 2.49891e-35 0.0763111 1.5695e-24 1.21899e-97 4.60022e-61 2.0753e-52 2.1336e-44 9.70001e-77 3.70296e-30 3.71839e-56 7.57705e-46 1.1452e-38 3.35568e-72 7.05995e-33 7.81611e-07 2.15252e-42
