12.1115 0.0951255
8.40449e-33 1.35203e-30 3.18544e-08 1.36938e-185 7.55192e-85 4.05931e-48 5.69152e-94 3.88712e-98 1.5681e-162 4.94125e-115 9.46877e-120 6.91875e-51 0.626775 7.51966e-77 1.24652e-112 8.13312e-68 3.07423e-98 3.66123e-140
0.00310816 0.0590033 0.0055308 3.2031e-185 3.00737e-115 7.08799e-83 5.97782e-103 1.25367e-134 7.02847e-164 4.4346e-156 3.09255e-161 1.56715e-70 2.10096e-31 8.54256e-107 1.56301e-132 3.72295e-76 9.69725e-118 1.43352e-156
1.47473e-30 2.23914e-52 1.96054e-146 1.86613e-31 3.77868e-38 0.0776274 0.450259 4.27219e-31 2.39275e-21 0.292446 5.2276e-92 5.97272e-34 0.00290287 0.0848754 5.22854e-67 2.19457e-51 1.29922e-32 2.16354e-53
2.0549e-102 2.20191e-35 5.87672e-11 1.06729e-175 8.09157e-45 1.35108e-80 1.99051e-100 1.15016e-125 8.43476e-57 2.48005e-143 1.03542e-29 0.145013 6.85221e-21 2.63571e-48 2.11259e-111 1.39282e-32 6.73182e-111 1.16701e-94
1.84629e-45 3.13536e-17 2.38997e-88 7.88211e-93 4.03526e-106 3.44302e-62 2.54353e-55 1.02021e-90 6.84318e-95 4.96118e-116 6.6149e-157 4.67762e-13 0.947282 1.31246e-54 8.57336e-33 3.13588e-73 2.8187e-63 2.45935e-146
1.13871e-79 3.88808e-52 2.50055e-65 3.54627e-134 0.167228 5.08856e-43 3.06704e-23 7.28737e-126 3.73262e-120 4.63161e-15 2.4803e-103 2.43974e-60 0.636457 1.99481e-99 3.77732e-11 1.40447e-69 9.9121e-92 5.20433e-51
2.11752e-70 7.37486e-24 2.01547e-12 2.82042e-127 0.00382362 0.578394 4.94e-29 1.07199e-45 9.66587e-129 2.74049e-89 6.55625e-141 3.46024e-42 7.55468e-05 3.79912e-53 4.90367e-66 0.271529 1.45447e-43 6.65524e-18
6.68098e-35 5.75656e-38 3.12273e-28 1.98742e-171 9.76018e-101 1.94369e-43 1.54277e-94 4.18327e-96 8.60527e-111 2.0102e-99 6.4053e-107 1.25098e-51 1.26109 2.40829e-67 8.8273e-99 1.90987e-67 4.44248e-111 4.87249e-149
5.20481e-39 1.56336e-17 2.56896e-65 3.35642e-181 1.80922e-99 1.96557e-81 1.04899e-79 9.9586e-131 8.96143e-147 1.88927e-147 1.10073e-68 1.10275e-21 0.185484 1.22653e-93 6.23912e-137 5.1781e-39 6.28585e-77 7.46784e-125
1.5005e-19 1.22567e-33 5.26217e-22 7.46833e-176 5.38659e-98 3.13405e-59 2.45226e-61 3.13174e-96 1.94046e-129 2.07856e-116 1.69868e-113 7.73389e-54 2.73186 2.09077e-88 1.00583e-100 1.96227e-72 1.94774e-93 3.05683e-141
4.44873e-48 8.49579e-61 6.50308e-30 3.27367e-139 3.13085e-39 1.46554e-38 1.44963e-90 1.40729e-65 1.33316e-141 1.02741e-131 6.89186e-85 7.50423e-43 0.475197 2.96688e-97 6.80057e-82 3.16887e-39 3.5665e-100 2.5273e-152
4.01766e-59 1.03167e-53 3.24329e-94 3.00845e-138 5.24473e-113 3.65763e-32 9.52085e-44 4.04627e-79 4.66686e-61 1.26309e-106 1.91224e-68 0.0645205 0.00228876 2.24077e-98 8.6212e-12 5.28235e-41 2.60858e-69 4.72294e-38
6.45298e-09 3.79747e-13 6.41017e-06 4.2413e-169 1.44369e-69 2.5927e-38 1.06847e-82 1.58381e-127 1.36421e-150 1.42623e-115 1.7658e-102 6.31112e-67 0.495334 2.17459e-85 8.9392e-134 4.17147e-48 2.01794e-119 3.37498e-111
7.6202e-21 1.9725e-34 3.50238e-113 0.436118 2.63679e-52 3.28251e-52 2.2096e-21 0.203748 0.274513 1.739e-153 0.0849366 1.8477e-17 10.0799 0.0159266 0.245223 0.135913 0.188586 0.13754
