1.07101e-14 1.88326e-207 1.0525e-218 3.27141e-199 8.93666e-260 1.56262e-96 9.63428e-322 3.50141e-83 0.000870568 0.45393 4.08366e-142 2.57902e-321 6.50262e-227 1.00179e-267
3.47165e-143 7.47413e-270 2.91485e-103 1.15303e-274 3.082e-35 7.21815e-178 3.54478e-266 9.12067e-49 0.183695 4.05432e-12 1.51184e-321 1.51826e-320 2.52459e-231 1.80334e-321
2.63441e-258 2.9718e-320 1.90215e-321 1.07212e-321 2.28752e-321 4.64422e-322 2.53391e-255 1.31212e-17 2.96028e-210 2.11574e-189 0.33099 5.1636e-298 4.1648e-31 1.8841e-53
1.01619e-33 3.20591e-194 7.93395e-66 1.44156e-206 2.1074e-173 9.63803e-254 8.00386e-322 8.23143e-119 1.23891e-228 3.79229e-106 8.04705e-235 2.01568e-270 1.40021e-41 2.09484e-321
2.49652e-275 2.24306e-320 2.56362e-57 3.15379e-28 5.99849e-170 7.16395e-322 1.10177e-321 0.473599 1.65088e-214 3.96244e-20 2.17116e-78 3.65609e-321 4.12056e-08 0.0273288
2.45077e-15 6.68572e-316 4.33134e-236 9.48606e-322 2.04899e-118 5.82997e-322 4.54844e-268 3.89021e-193 0.487654 1.69651 2.5028e-112 3.08297e-321 3.21817e-129 2.56763e-243
9.04337e-134 2.51779e-184 8.19994e-243 6.95204e-175 2.7005e-315 2.1806e-185 2.70953e-318 1.10595e-262 3.78175e-21 2.00163e-186 0.0751341 2.37152e-321 7.92962e-153 1.77507e-294
1.84089e-320 3.5296e-320 1.61559e-321 1.20058e-321 2.90511e-321 7.36158e-322 9.14021e-322 3.23852e-165 4.78251e-138 3.54128e-05 2.24688e-223 1.3449 3.49675e-238 3.24107e-321
0.0181085 0.0285049 0.00172252 0.00125044 0.00253651 0.000759216 0.00148788 4.04918e-276 8.98422e-255 7.31909e-320 9.88131e-324 9.88131e-324 2.69462e-247 1.4822e-323
7.40356e-16 2.02073e-320 4.33876e-18 1.29445e-321 2.34842e-154 5.13828e-322 1.24505e-321 2.0301e-27 5.28921e-209 2.73025e-244 2.90511e-321 4.03652e-321 7.73988e-116 0.627204
1.91392e-120 2.49291e-55 2.35746e-257 5.1766e-35 5.63936e-248 1.05885e-269 3.48834e-35 8.52463e-24 9.34241e-54 0.840876 1.88993e-219 3.36953e-321 4.52656e-155 3.50557e-126
3.83538e-245 2.88459e-100 3.77771e-146 1.97148e-111 2.04543e-321 4.84184e-322 3.2462e-102 3.43842e-127 1.16623e-34 1.80771e-173 0.200296 2.54382e-74 0.831589 0.123223
2.02324e-64 8.6792e-58 1.08872e-114 7.82434e-239 3.31654e-64 5.28961e-280 2.87944e-263 2.11975e-75 0.240425 1.68017e-264 1.27087e-223 2.48515e-321 1.46189e-32 2.45195e-255
1.97565e-123 1.64618e-63 5.53431e-284 4.66232e-127 5.85187e-216 1.55097e-43 5.21346e-286 2.29481e-10 5.62304e-58 1.5889e-296 1.42265e-211 2.71242e-321 0.446858 2.15413e-321
