1.99603e-321 4.82154e-10 1.49405e-61 3.0733e-205 0.512344 4.11063e-321 5.40449e-161 8.91361e-86 2.77538e-64 5.89652e-18 2.72206e-53 7.87881e-109 9.40852e-17
1.94606e-137 4.48601e-22 1.65686e-243 4.25589e-199 0.104279 1.46169e-146 6.59343e-86 1.29939e-321 3.29752e-49 1.95538e-157 1.33269e-23 6.25625e-147 5.17555e-280
4.73806e-285 3.46025e-244 6.50598e-111 1.9872e-293 0.0176048 5.00088e-160 6.64519e-89 7.34946e-199 1.2136e-159 7.42212e-34 4.81604e-37 4.78084e-105 3.7122e-175
0.0300921 0.03027 3.04854e-304 2.89425e-311 6.20564e-219 2.76677e-322 1.25728e-239 1.58101e-322 3.59223e-189 2.36284e-210 5.03e-253 1.14831e-182 7.50675e-295
6.31114e-265 6.64815e-151 1.0072e-26 2.65496e-177 3.21399e-34 3.33293e-259 4.66915e-195 0.486472 1.13698e-78 0.387816 9.04794e-237 0.195083 0.053803
2.7133e-113 1.41089e-138 1.87416e-143 7.5816e-289 4.50547e-199 2.6976e-321 1.17353e-102 1.9812e-321 2.25951e-188 0.388094 9.80111e-183 1.74847e-89 1.06829e-197
1.57232e-166 4.8013e-29 6.08919e-210 6.07501e-287 1.26024e-202 2.35175e-321 0.13722 1.95506e-256 2.66466e-30 7.97741e-125 3.31132e-32 3.12254e-196 0.159531
3.07691e-145 2.4418e-62 1.43984e-158 1.39528e-242 1.7889e-129 8.58644e-110 4.23203e-69 1.58595e-321 1.06595e-113 0.177772 5.80555e-239 2.06203e-201 1.12201e-161
2.76716e-193 1.13727e-88 0.251928 4.85265e-302 2.85723e-64 1.47881e-183 0.00355598 3.14099e-229 1.28541 4.82417e-25 0.461097 3.61624e-15 4.91055e-116
0.000434723 2.68312e-66 3.91677e-45 3.1486e-304 0.000228842 3.32381e-138 2.93594e-83 1.95156e-321 0.71868 6.06895e-60 8.87934e-73 9.58702e-128 1.11116e-279
1.27963e-321 1.89841e-189 3.73724e-135 1.87246e-171 1.54642e-167 2.83594e-321 8.77848e-112 2.04567e-264 3.22133e-79 2.92255e-25 6.36396e-28 0.231468 1.71425e-117
7.48275e-270 1.5639e-139 1.16691e-152 0.429231 3.72596e-153 0.83259 5.53965e-47 4.90485e-218 3.4379e-76 0.683234 5.93054e-58 1.41707e-145 9.72277e-319
1.18082e-321 1.33135e-225 1.2559e-92 4.96345e-192 1.47403e-17 4.95795e-277 1.64137e-161 1.23744e-276 0.000506217 0.26498 5.27782e-210 6.85494e-71 2.83725e-218
3.85292e-167 1.62548e-321 2.70026e-70 3.65994e-129 3.66038e-156 1.39064e-33 0.171933 3.14065e-163 9.13787e-42 2.72862e-170 2.33097e-79 1.16227e-49 9.77447e-213
3.34845e-13 3.96795e-145 0.275828 2.26844e-214 3.87402e-205 8.32448e-136 4.25587e-127 1.2736e-96 8.42466e-42 1.22517e-223 5.1978e-91 0.226017 1.93604e-87
1.76298e-169 1.69631e-141 1.61155e-72 3.48176e-227 1.19807e-118 5.09735e-242 0.106144 3.609e-96 5.5353e-113 1.10714e-140 1.42055e-61 7.36056e-156 3.87961e-297
