2.33984 0.678913
4.19956e-322 1.50196e-321 3.38929e-321 2.42586e-321 2.52468e-321 1.85769e-321 1.20552e-321 2.9308e-320 9.88131e-322 4.94929e-135 2.10966e-321 8.48311e-321 9.90108e-321 5.17287e-321 1.50295e-320 2.65247e-87 2.2643e-320 4.03652e-321 0.154799 4.95054e-321 1.93674e-321 2.52468e-321
2.2233e-322 1.08878e-40 1.40809e-321 1.91931e-178 2.46539e-321 6.07701e-322 1.30433e-321 2.69336e-262 1.47232e-321 3.40411e-321 2.16895e-321 2.87832 4.36371e-27 1.73439 1.07846e-318 8.99199e-321 5.12022e-161 8.53745e-321 8.47323e-321 9.32501e-51 3.08424e-245 0.894609
1.36263e-50 8.34914e-97 1.45249e-64 3.33988e-321 2.2235e-305 8.05327e-322 4.5845e-160 1.31307e-196 1.20238e-256 3.25095e-321 6.36739e-197 2.57854e-233 1.00433e-102 2.54938e-321 8.61156e-321 0.512784 1.7755e-217 2.62843e-321 3.99205e-321 2.12161e-132 1.17094e-321 1.61238e-307
2.71736e-322 1.7737e-321 1.31226e-171 2.93475e-321 2.082e-96 6.12641e-322 1.89526e-131 1.98273e-176 6.51697e-22 7.34826e-233 7.82715e-303 1.88773e-226 1.37749e-39 2.87052e-321 1.65862e-225 3.93276e-321 0.129159 2.21835e-321 6.23511e-321 9.85082e-149 1.34537e-206 1.10177e-321
4.79204e-239 1.36883e-274 2.13436e-321 4.47129e-321 4.65824e-205 9.0414e-322 3.64002e-176 1.75146e-320 9.68369e-322 4.57011e-321 2.21835e-321 5.13828e-321 2.74021e-98 3.73514e-321 4.05926 8.1175e-321 2.64601e-80 6.36851e-321 3.33589e-129 1.41478e-103 1.20989e-75 1.46737e-321
2.2727e-322 5.43817e-284 2.248e-321 3.25095e-321 1.57113e-321 2.16307e-270 6.99634e-118 2.5973e-320 1.57921e-292 3.89324e-321 2.12942e-321 0.0736875 2.20519e-152 4.0958e-321 2.20909e-240 6.18813e-260 6.71635e-290 3.77466e-321 2.06111 4.82702e-321 0.655714 1.53475e-55
0.000133482 0.00140495 0.00215023 0.000626385 0.000412781 0.00102914 1.36701e-05 0.0102184 0.00120184 8.1205e-05 0.00232719 9.88131e-324 2.47033e-323 4.94066e-324 2.96439e-323 1.4822e-323 5.43472e-323 1.4822e-323 9.88131e-324 9.88131e-324 4.94066e-324 4.94066e-324
3.45846e-322 1.4822e-321 5.40241e-90 1.59719e-60 5.28339e-319 2.32825e-293 1.15117e-321 2.22922e-320 5.40383e-314 3.01874e-321 3.1719e-321 6.79227e-134 2.20827e-201 1.9565e-321 6.61342e-121 2.3065e-27 4.83476 3.74008e-321 3.86359e-321 1.18013e-155 1.19564e-321 1.40809e-321
2.07508e-322 1.22417e-209 1.67488e-321 3.94758e-321 1.1347e-159 1.30927e-321 9.09081e-322 3.90911e-169 4.55735e-197 5.2371e-321 2.30729e-321 8.18173e-321 6.43273e-321 3.00392e-321 1.18082e-320 1.19321e-140 2.14357e-136 1.51334e-289 6.92186e-321 1.77942e-101 2.31881e-118 0.0362159
1.67101e-55 2.64689e-178 1.88239e-321 5.24204e-321 2.3674e-89 3.26996e-263 8.20149e-322 1.97033e-320 6.5426e-93 3.11755e-321 3.82999e-293 7.44063e-321 1.89957e-93 2.0899e-321 1.30741e-97 6.41297e-321 0.173268 2.97922e-321 6.28946e-321 1.05676e-06 2.57408e-321 1.32685e-225
2.13796e-195 1.47232e-321 1.92686e-321 1.13163e-206 2.68235e-86 2.20975e-258 3.55228e-70 5.96007e-221 4.40686e-211 8.58503e-124 2.19365e-321 1.99079e-277 3.80844e-294 1.46737e-321 1.27716e-320 3.22625e-321 1.48948e-307 4.08592e-321 5.33591e-321 0.0272493 8.20149e-322 1.7737e-321
2.70977e-75 1.55631e-321 1.56403e-30 2.33693e-321 1.84376e-95 6.13973e-202 1.23022e-321 2.75145e-320 1.0326e-321 3.11755e-321 1.50646e-12 5.52859e-321 1.32167 5.26866e-277 8.40406e-321 5.29638e-321 5.34011e-270 7.99892e-321 6.23511e-321 1.69552e-191 4.23701e-208 6.35896e-106
3.33841e-13 9.07499e-190 2.50491e-321 3.64126e-321 3.05783e-246 3.59627e-66 1.84187e-52 1.28385e-204 5.41453e-312 2.7223e-321 2.76183e-321 4.26379e-321 0.284411 2.33199e-321 8.10268e-321 3.53792e-74 8.2913e-302 2.44068e-321 3.58198e-321 2.95451e-321 1.4822e-321 3.91009e-106
7.22918e-202 1.69465e-321 3.1966e-321 2.69478e-152 1.23155e-240 2.01067e-103 1.63517e-123 1.92537e-320 3.13208e-143 5.84974e-321 3.23613e-321 5.98933e-95 0.126771 2.41598e-321 1.40977e-202 4.41201e-321 2.84631e-320 3.50293e-321 5.27662e-321 4.40212e-321 0.121249 3.50417e-196
1.97626e-322 1.68476e-321 2.18871e-321 2.25294e-321 2.04049e-321 1.00716e-49 1.61559e-321 2.52764e-320 1.99291e-65 8.31512e-321 2.97428e-321 1.08003e-320 4.18056e-101 4.86161e-321 2.30383e-320 2.12332 4.09246 3.17413 9.10563e-321 1.69697e-189 3.13702e-318 2.78092e-187
0.000331844 0.00105089 5.54943e-06 0.00795794 0.00266615 1.38839e-09 0.00237664 0.0358629 0.000335417 0.00943647 6.69354e-06 3.45846e-323 5.43472e-323 1.4822e-323 8.89318e-323 3.95253e-323 1.58101e-322 2.47033e-323 3.45846e-323 2.96439e-323 9.88131e-324 9.88131e-324
1.32048e-274 1.67982e-321 3.70478e-66 4.21932e-321 3.47838e-279 1.26975e-321 1.07706e-321 1.75026e-192 1.56759e-162 4.69158e-184 1.97626e-321 1.4879e-233 4.18248e-39 1.71441e-321 0.510063 4.06122e-321 5.08557e-19 2.89028e-321 1.83301e-254 0.734528 4.56184e-181 1.21046e-321
