1.93281 0.399563
6.07746e-174 2.94171e-299 6.70102e-19 3.58007e-163 2.2233e-321 3.6648e-188 0.0951788 5.43633e-315 2.02567e-321 1.08506e-244 2.87373e-34 1.5069e-321 9.01435e-131 1.24505e-321
2.57867e-216 1.35043e-176 4.79244e-322 7.09635e-198 2.51973e-321 9.11358e-06 7.81699e-102 0.861972 2.5395e-321 1.14484e-248 0.00632457 1.05636e-243 4.31629e-201 5.00341e-262
2.54867e-132 0.436619 1.05204e-70 1.89247e-124 2.1365e-234 8.10561e-116 1.67379 0.682446 1.25546e-34 1.23486 1.4787e-162 4.18909e-270 4.18683e-14 1.94662e-321
4.0497e-164 1.40809e-321 3.33498e-286 6.11142e-219 2.65616e-119 7.34624e-170 2.86512e-52 0.1139 2.14424e-321 3.10687e-125 1.12176e-51 3.05596e-83 1.0272e-41 2.07031e-67
8.64019e-273 1.46737e-321 1.60731e-44 1.61592e-305 2.71736e-321 3.27428e-187 0.648223 6.04431e-84 2.41598e-321 3.72525e-321 4.95731e-13 4.65182e-191 6.45606e-71 3.90284e-109
2.37259e-55 1.73328e-319 1.03609e-82 7.99744e-130 1.25299e-260 0.247775 7.79636e-321 0.258272 1.07457e-283 3.31105e-188 1.27285e-152 2.90012e-264 2.08261e-278 1.65713e-315
1.05e-116 2.37896e-126 4.84184e-322 1.1964e-116 0.116055 4.12721e-100 1.51229e-07 1.04065e-227 2.37226e-279 2.95132e-307 4.9707e-22 3.75604e-281 0.0290311 6.27595e-300
6.14924e-153 1.42785e-321 5.92457e-187 1.23989e-278 3.18547e-219 6.22368e-16 2.80898e-225 2.30658e-117 2.80629e-321 3.35965e-321 0.205148 1.56713e-207 4.54639e-81 1.94048e-317
0.0127551 2.86852e-05 0.0030295 0.0333408 5.92879e-323 2.96439e-323 2.56914e-322 4.44659e-322 5.92879e-323 8.39912e-323 2.47033e-323 4.44659e-323 3.78888e-294 3.45846e-323
3.9882e-72 3.73454e-189 4.90006e-63 1.2244e-309 1.8458e-66 3.97721e-113 2.04111e-275 0.218427 2.4308e-321 1.83173e-287 9.20256e-50 8.19405e-94 5.26708e-231 4.13954e-229
1.20036e-183 1.28457e-321 5.87938e-322 5.94855e-321 3.0138e-321 4.95058e-69 6.18658e-271 0.13055 2.93969e-321 3.1238e-170 1.20058e-321 1.24529e-312 0.330901 0.325077
9.8022e-60 3.23067e-285 6.32404e-322 4.24729e-10 4.97965e-136 4.2317e-41 6.09718e-247 3.16502e-76 3.39917e-321 3.76478e-321 1.60942e-268 0.418924 7.42749e-274 0.0924357
2.28158e-80 2.37761e-83 3.19599e-160 3.54763e-252 2.80135e-321 6.30684e-126 1.91242e-253 1.33003 0.80518 7.8128e-227 1.04178e-156 4.03477e-166 7.52023e-238 2.09858e-38
6.35689e-262 1.74837e-43 7.16263e-180 5.22715e-139 0.555601 9.37787e-274 8.89337e-110 9.66476e-171 2.73712e-321 1.82959e-128 7.79377e-127 1.76381e-321 2.43446e-246 2.11453e-51
