4.89704e-07 4.19159e-90 6.00868e-20 1.45983e-147 2.06348e-236 6.60468e-259 5.07607e-134 3.64991e-40 2.52523e-132 6.53251e-280 2.35426e-209 0.148889 1.71499e-244 9.72321e-321
1.2343e-315 7.72511e-146 9.21177e-207 6.0276e-322 0.123229 2.83481e-173 2.07436e-252 6.29468e-139 3.96699e-57 0.884447 6.08667e-202 0.116231 6.55588e-69 3.52525
6.75315e-278 7.8331e-302 5.13929e-269 4.06538e-54 1.08862e-93 0.413019 0.802767 4.86247e-55 5.67907e-212 3.72525e-321 0.457585 0.00420854 6.09346e-103 1.36965e-105
2.91993e-321 3.53346e-132 1.20212e-80 6.48762e-23 0.141541 1.60784e-127 2.53453e-17 1.14266e-90 1.48491e-115 3.0428e-06 2.07014e-321 3.42551e-52 1.13829e-190 1.19438e-51
3.05209e-177 5.32882e-112 5.3652e-133 1.03916e-211 8.20149e-322 1.27391e-146 7.5644e-108 9.59486e-139 2.02727e-59 5.74998e-139 1.31916e-321 1.31028e-76 1.13156e-99 5.64124e-284
7.08388e-101 2.58247e-82 5.42871e-74 6.25489e-170 2.23631e-193 1.17957e-189 1.1798e-158 2.80435e-60 1.90813e-163 8.80093e-227 6.02389e-264 0.244179 4.37873e-130 6.62031e-226
1.68005e-176 3.87089e-208 1.90954e-243 7.33242e-94 2.35124e-176 2.13451e-209 6.34094e-208 0.0946172 9.44588e-62 4.66398e-321 8.52222e-258 2.43333e-08 3.92213e-205 1.94226e-168
2.39134e-251 9.33784e-322 4.81383e-257 1.45118e-48 1.02272e-321 1.12347e-124 7.55163e-131 0.352541 7.8879e-87 2.30584e-08 7.07432e-79 3.37545e-92 1.72056e-05 6.64952e-144
1.04341e-208 2.17643e-172 5.74901e-115 1.25786e-44 9.60265e-265 3.87492e-295 2.51294e-214 0.318294 2.37989e-199 1.23419e-96 1.25876e-168 3.58345e-166 2.84618e-243 1.66302e-319
5.96008e-45 0.032895 0.0500341 0.0159217 1.18576e-322 8.89422e-296 1.68595e-255 6.85981e-166 3.73331e-233 3.6338e-319 2.02567e-322 2.11705e-217 1.51711e-277 1.39516e-280
0.474314 2.50843e-116 3.10272e-21 4.00233e-268 7.39369e-13 2.51665e-157 1.09927e-51 0.185188 3.2075e-194 4.87622e-289 1.49702e-321 0.00035946 0.252688 5.93711e-167
7.17819e-314 4.62829e-256 2.39264e-283 3.18513e-158 6.46326e-33 1.42784e-177 2.19954e-116 5.21549e-120 0.266742 3.95747e-321 2.23318e-321 2.95881e-144 1.61559e-321 0.0637233
1.56435e-09 2.80246e-181 1.936e-19 1.60588e-190 1.74883e-136 1.34197e-185 2.30683e-176 1.55429e-142 4.00805e-123 2.42586e-321 5.84806e-222 0.238579 6.29618e-311 5.42799e-143
1.73628e-44 2.97791e-72 5.06489e-40 3.13849e-49 7.11455e-322 3.68602e-299 2.19264e-225 8.85835e-123 5.16492e-130 8.41521e-306 2.86737e-220 0.0588638 7.91877e-197 3.6965e-305
