2.04958e-135 1.96036e-155 2.2787e-70 2.61913e-58 3.88671e-88 3.48149e-41 2.17788e-54 0.00973574 0.331781 1.39656e-24 5.78236e-35 3.40985e-132 2.38188e-53 0.534197 8.97048e-06 7.51769e-47 5.72375e-94
4.43454e-10 2.54248e-08 5.47619e-59 0.152848 2.36867e-20 0.00482362 2.6357e-53 5.99671e-67 6.33111e-71 8.83901e-89 2.45831e-20 7.58961e-177 3.82561e-148 1.60628e-138 1.69673e-122 3.30624e-164 5.07132e-87
6.12597e-73 1.55799e-70 2.0696e-20 3.93343e-83 5.99982e-45 3.37383e-11 1.8048e-10 4.40443e-92 3.86799e-54 5.00219e-68 0.185181 2.41733e-175 2.41429e-82 2.64031e-79 2.34166e-93 1.08774e-152 6.54673e-72
2.31211e-38 2.51614e-67 5.54842e-41 1.94241e-50 1.22341e-39 1.37908e-17 1.10667e-62 1.87198e-11 8.07386e-71 3.51767e-50 0.482593 1.86303e-152 1.47358e-133 4.70734e-94 6.9396e-140 3.29492e-192 2.66025e-86
0.0050594 0.00199119 0.00311457 3.23595e-06 0.00804109 0.000843572 0.00186378 1.15411e-07 3.32502e-95 5.72387e-103 1.27248e-90 8.89933e-196 2.05011e-171 2.81484e-173 5.56914e-140 1.22037e-195 5.19412e-95
2.41046e-76 9.06858e-85 1.05327e-29 9.30091e-186 1.98985e-51 5.36755e-77 6.47382e-157 6.91607e-44 4.4517e-23 0.198689 1.36407e-86 0.22 4.75693e-130 3.64184e-110 2.43844e-26 1.0926e-75 0.43681
5.48414e-06 1.2815e-65 0.225071 1.27231e-91 1.60383e-80 0.000248875 9.96503e-129 3.02865e-117 1.32057e-69 1.9428e-45 0.355871 4.0186e-125 5.84655e-66 6.50584e-169 6.3142e-117 2.62966e-172 1.96515e-69
3.29348e-65 3.78033e-88 2.74919e-70 2.19432e-37 1.79498e-108 9.74806e-45 2.90304e-29 3.29415e-106 0.0768501 0.000144898 1.49246e-89 1.88033e-168 2.27078e-144 2.20623e-37 7.62694e-117 7.33513e-180 4.7764e-24
1.11579e-57 7.20248e-86 1.52099e-96 1.04815e-125 1.06913e-29 2.51877e-41 6.1187e-138 3.54242e-106 4.18208e-94 0.0718485 0.683958 8.34668e-159 0.102689 1.56613e-16 3.28396e-127 4.0535e-74 6.92436e-74
2.29699e-71 2.62186e-123 1.32881e-259 2.24427e-110 3.48742e-97 2.61049e-60 3.16553e-282 1.22012e-151 2.49381e-35 9.29796e-101 8.24486e-73 1.30985e-145 1.48448e-103 0.334348 1.77383e-142 0.367365 1.38382e-15
2.7003e-51 1.54724e-67 1.23712e-15 1.40801e-21 7.27818e-59 3.65989e-17 4.4482e-35 5.7867e-25 2.70954e-62 5.25502e-97 0.261676 1.7047e-152 2.03416e-150 1.7265e-173 1.79886e-80 1.89062e-180 8.16848e-66
7.23711e-156 3.51772e-173 1.53958e-92 3.07554e-18 2.01263e-29 6.43989e-102 1.27178e-87 5.28926e-86 1.99693e-31 2.06273e-15 8.3171e-05 4.30053e-28 1.09063e-117 5.96891e-108 0.261264 2.41751e-44 1.4376e-49
7.10746e-60 4.38171e-77 9.77682e-11 9.20151e-186 5.29967e-106 2.89493e-86 8.89088e-175 2.80719e-15 6.16006e-44 1.96623e-71 5.06873e-38 2.81666e-190 1.11153e-110 4.01177 3.10927e-78 8.84892e-128 9.44442e-32
