3.02412 0.0723014
0.0917499 1.04518e-26 3.74807e-16 3.42723e-35 3.66283e-13 0.129842 3.48406e-11 1.14003e-78 1.45499e-26 0.135361 2.39525e-09 3.01607e-53 5.58244e-11 1.45619e-55 5.55849e-53 7.75359e-05 6.76461e-101 4.71152e-53 3.80172e-63 3.17874e-28 6.82909e-24 6.18675e-21 2.43129e-08 1.40012e-36 1.93806e-68 3.14803e-82
1.1771e-38 4.24757e-34 4.7744e-31 4.58103e-56 3.80207e-64 1.72138e-23 2.35573e-24 1.6454e-60 8.98228e-98 3.36366e-36 2.66021e-08 1.07644e-77 0.00015072 1.6596e-14 2.23827e-10 1.15152e-21 5.91789e-49 1.45784e-55 8.20568e-81 2.3367e-48 2.92845e-27 3.07915e-26 3.98511e-19 9.2415e-60 0.0565117 8.26488e-34
3.96978e-36 1.02632e-22 6.47236e-46 1.82685e-12 5.3726e-32 2.73614e-56 1.05843e-42 9.25974e-70 7.90686e-60 3.25245e-82 7.2927e-12 4.51858e-47 1.7198e-53 5.91043e-20 6.89002e-57 4.21321e-49 3.29921e-103 1.49317e-74 2.76846e-67 1.59501e-67 0.227954 7.39905e-39 9.75294e-51 1.65778e-23 1.44471e-19 3.67412e-42
4.89926e-35 0.0160634 1.56847e-08 1.96205e-32 2.64463e-62 1.50521e-61 1.35586e-24 2.32529e-53 4.11182e-75 0.000196121 0.299039 1.2014e-77 2.19662e-46 2.73158e-58 9.26542e-63 1.0753e-80 5.32153e-92 6.64421e-67 1.22874e-20 1.44001e-16 0.274609 0.000470588 1.55598e-25 1.06028e-50 2.83773e-18 1.61402e-67
6.45938e-33 1.40726e-34 1.47935e-34 1.02249e-21 3.48412e-32 1.11107e-22 1.08895e-24 2.02133e-84 2.60266e-17 1.14489e-71 1.77975e-15 2.33441e-52 6.51896e-58 2.52488e-46 5.28626e-13 6.06068e-26 2.21725e-34 2.86229e-14 9.08454e-60 6.31513e-55 0.714182 0.0110681 1.34236e-34 5.65585e-34 4.093e-27 1.44605e-23
1.93739e-11 4.27225e-25 0.092547 7.72716e-46 1.06855e-56 8.53397e-44 5.58804e-20 1.3511e-09 0.20916 2.36343e-45 7.20119e-28 0.132458 0.0022127 5.77623e-07 1.43435e-36 2.3375e-48 1.0399e-40 0.0121025 0.098166 0.157037 6.36308e-23 1.43283e-34 7.38223e-24 2.6372e-41 0.0190558 0.049098
8.93415e-26 1.03323e-24 1.60816e-40 3.09752e-32 1.98652e-33 2.53908e-36 0.0679094 4.91824e-46 3.26906e-83 8.98593e-12 1.82978e-54 9.52126e-27 5.644e-30 1.31899e-08 1.44292e-35 1.77564e-43 2.32618e-71 6.70255e-20 5.13878e-97 1.77208e-56 0.422421 4.58129e-06 3.47775e-08 3.28431e-41 1.25738e-18 2.69896e-70
1.49554e-19 1.35155e-22 1.16828e-58 4.37797e-53 2.83005e-41 1.14455e-17 1.95409e-20 3.28271e-61 6.62442e-51 3.47174e-41 0.295657 2.68566e-44 8.35242e-14 4.83914e-69 1.5308e-37 3.71409e-41 4.33397e-81 1.48216e-49 6.82238e-105 9.90898e-50 4.70062e-52 1.39118e-37 3.50416e-42 7.09284e-57 2.50344e-24 1.14932e-31
6.23514e-10 5.84216e-39 1.3664e-33 7.56242e-50 1.20171e-65 1.12166e-43 9.48968e-31 1.45883e-67 3.03385e-56 7.32668e-42 5.59344e-15 8.50036e-28 2.18976e-55 2.52759e-29 1.44877e-24 2.44932e-50 2.43799e-80 1.00104e-53 9.35486e-103 1.47193e-31 0.0283615 0.00026314 3.80885e-08 9.66771e-50 2.87703e-61 5.9222e-69
8.35442e-15 1.74277e-26 1.76143e-41 4.63165e-57 4.18494e-60 4.37889e-83 7.44168e-32 1.24129e-52 5.33095e-40 1.91063e-27 0.354656 1.03434e-77 9.79407e-37 1.53404e-28 8.04166e-29 1.00456e-35 9.93502e-81 4.55107e-33 1.60509e-77 2.53997e-41 6.24838e-36 0.00231715 2.11839e-48 3.29456e-58 7.42882e-59 2.25128e-74
0.0776343 0.211913 4.47372e-10 0.0742618 0.0262365 4.21573e-12 0.00127021 3.12394e-22 2.50288e-11 0.00746095 4.72431e-42 1.49659e-32 5.27495e-13 0.0259359 2.07262e-65 0.111931 9.83013e-49 4.75319e-21 2.94965e-82 3.40022e-39 1.41535e-44 0.161666 0.0310061 0.038261 4.98182e-42 8.27474e-54
5.02172e-08 1.31702e-36 1.17235e-41 5.25391e-38 2.96296e-79 1.15164e-47 4.43467e-28 2.96485e-42 3.54302e-58 1.40316e-57 0.0458682 1.41733e-50 1.50742e-40 4.97316e-60 1.99471e-34 1.15104e-80 4.33602e-96 1.02737e-37 1.15886e-76 4.51752e-41 1.45601e-22 4.53619e-17 1.36025e-51 3.88487e-45 6.98126e-63 9.13252e-54
2.2696e-23 0.000485592 1.54142e-54 2.66331e-37 3.52529e-78 2.03293e-49 3.70609e-30 1.75918e-29 1.84208e-56 1.98374e-43 2.51013e-06 1.94385e-34 5.19126e-08 1.01122e-46 2.75883e-49 5.32928e-27 6.39857e-72 1.05505e-41 2.95696e-98 8.89609e-58 0.283348 2.40594e-30 1.61283e-44 8.73913e-34 7.24958e-53 2.69411e-88
2.99534e-23 1.39315e-08 2.85434e-61 2.31191e-59 2.89975e-28 3.20256e-49 1.74959e-19 1.23939e-27 2.54931e-85 1.28746e-69 1.3322e-41 2.71896e-69 0.0810966 2.12079e-23 6.49856e-43 9.25992e-39 1.32712e-59 8.3093e-84 3.21153e-32 9.3585e-21 0.0457082 1.37148e-33 5.86507e-06 6.72086e-52 5.29567e-26 5.85493e-79
1.8503e-30 1.80634e-30 2.27803e-15 0.0221616 8.09928e-34 1.09163e-68 1.92295e-24 0.0518081 8.14073e-96 4.46326e-13 2.17025e-51 3.73756e-74 1.00796e-25 3.4342e-30 0.142243 0.000842201 0.755896 2.20095e-30 1.28143e-30 3.12372e-74 5.0763e-13 4.1068e-44 2.23814e-52 3.02128e-40 3.03692e-05 2.25771e-37
