1.25375e-69 1.02814 2.28647e-25 7.76683e-18 2.11475e-40 0.0921544 5.93843e-47 2.89453e-36 4.87738e-27 7.71411e-29 7.84214e-62 3.04403e-42 1.01972e-69 4.91394e-80 3.57277e-42 7.86334e-86 1.0924e-17 9.16296e-22 6.67745e-85 0.0179025 3.573e-36 0.017088 3.19803e-05 1.32736e-47 1.0141e-84 1.09519e-97
1.93386e-86 2.12522e-40 1.02903e-60 6.05135e-56 7.14973e-10 3.92675e-22 1.01553e-27 0.0194591 1.60868e-15 4.54684e-29 1.19697e-102 2.27387e-35 9.38847e-42 4.50519e-20 9.6318e-17 8.73094e-39 2.37408e-08 1.57381e-36 0.121502 1.95799e-20 2.16504e-48 5.19535e-71 0.201017 8.85588e-20 1.04829e-26 5.05867e-10
5.2667e-60 2.66416e-37 2.10955e-73 2.75312e-41 1.79918e-24 1.26341e-37 5.4435e-66 4.15824e-57 4.33269e-59 1.53126e-53 1.4577e-77 4.09887e-34 1.22404e-51 4.32184e-42 1.65317e-61 1.94737e-122 1.19664e-52 0.0427134 2.64033e-59 3.82571e-35 2.41477e-46 1.35136e-75 6.27165e-41 6.51604e-90 1.06214e-70 1.74751e-93
0.0169061 9.84168e-51 1.03174e-75 1.18181e-17 2.04033e-46 9.06145e-38 3.03665e-42 0.0224791 0.0382924 5.76892e-34 4.16166e-114 1.1408e-23 2.34401e-83 2.15126e-64 6.28539e-55 3.93935e-96 2.99737e-49 1.28925e-12 1.81148e-21 9.8548e-15 1.28509e-25 7.1488e-58 2.12621e-77 7.02246e-34 1.97381e-59 3.05671e-42
3.69854e-48 0.321619 2.05012e-60 6.47237e-40 8.66468e-11 6.0332e-24 4.82806e-59 2.40864e-44 5.57268e-47 7.13252e-66 1.0167e-107 6.21278e-60 1.64696e-77 4.11033e-79 1.81239e-43 6.23571e-91 0.0518976 5.78385e-37 4.27891e-30 1.57127e-19 7.25408e-73 1.29746e-63 2.46174e-65 3.05688e-79 8.69427e-35 1.02208e-35
9.19461e-63 5.7715e-22 6.00886e-33 0.120895 0.0134884 3.46196e-47 0.10049 1.01485e-54 1.29811e-60 1.94207e-31 2.32463e-08 3.23366e-24 2.35107e-52 1.7698e-83 1.45073e-09 8.24738e-84 5.6112e-18 9.18485e-40 6.78117e-21 1.04376e-05 1.24057e-31 0.181547 5.21707e-11 1.33798e-40 3.99474e-65 4.75895e-17
0.0143979 1.74244e-45 1.05781e-17 2.0229e-05 5.70241e-59 5.38663e-40 1.21262e-36 2.59685e-29 6.73574e-31 5.25263e-17 5.25531e-37 1.39409e-23 6.01667e-62 2.04238e-66 4.82918e-21 1.96116e-68 1.83221e-36 3.26244e-22 3.53573e-06 7.01901e-26 9.40845e-48 1.00516e-07 2.67153e-44 6.29363e-53 2.50929e-77 1.29267e-106
1.20617e-62 0.00657489 2.97227e-92 1.16006e-38 1.53706e-60 7.44522e-15 1.94512e-69 2.97141e-67 1.19727e-32 9.07482e-60 3.78942e-49 7.05806e-52 1.1198e-49 9.43216e-56 3.76676e-48 1.78732e-124 2.24579e-41 1.94837e-38 4.05332e-62 2.16474e-19 1.53416e-46 1.84074e-65 2.24575e-33 2.2615e-57 1.9597e-52 1.75935e-99
1.45336e-18 0.0669032 2.09818e-82 4.65538e-31 3.23107e-16 1.88377e-15 2.39771e-23 3.60556e-08 8.41375e-47 3.60558e-32 4.0739e-76 1.37841e-65 1.39896e-23 8.26163e-44 7.60378e-66 3.48906e-120 7.20889e-51 1.01707e-09 1.3826e-90 5.44036e-52 1.04503e-38 3.62427e-42 2.12406e-64 3.5266e-71 1.39317e-61 4.13811e-64
3.05726e-68 2.74643e-53 7.94705e-32 1.22392e-62 5.11575e-59 3.35409e-07 2.54478e-08 0.15995 3.91616e-19 7.20033e-54 2.08966e-76 1.07298e-39 0.0747002 3.97145e-46 7.33304e-34 1.2712e-50 5.51035e-23 1.14068e-24 9.44563e-30 1.10679e-54 6.31901e-54 1.23518e-25 8.54218e-15 5.58216e-67 1.03455e-79 6.25445e-91
6.92923e-75 2.10863e-15 0.124322 1.25694e-69 2.25673e-56 0.101661 6.74301e-66 0.0787568 2.47854e-10 0.186288 0.218673 5.09019e-19 1.46784e-43 5.64652e-13 0.103005 0.0172825 1.422e-07 6.19446e-16 5.13134e-104 3.91327e-23 0.0389953 1.16569e-25 6.32302e-35 8.04327e-79 0.372087 1.06461e-81
9.27403e-37 0.0500751 1.86734e-77 2.75956e-51 2.36794e-52 3.07519e-22 5.93337e-31 1.91141e-44 3.61306e-18 2.39474e-63 3.64985e-93 1.96506e-49 9.45446e-66 2.45458e-47 7.48825e-25 1.43185e-117 1.77934e-25 8.50336e-30 4.41598e-36 2.88111e-40 2.04951e-64 5.29451e-40 7.21745e-97 1.29795e-59 1.88905e-72 1.97955e-77
2.70712e-58 0.0737108 1.56732e-05 6.21852e-24 0.000105842 1.62753e-21 7.17513e-15 2.5194e-53 4.16411e-19 3.60428e-42 5.95909e-06 0.0214371 2.49671e-64 0.0405038 0.00109445 4.2801e-42 2.22859e-07 1.31056e-32 5.55533e-78 6.4716e-12 1.19315e-80 2.35882e-24 1.30858e-93 0.03556 1.11097e-24 0.165984
1.02271e-70 0.234366 1.9153e-68 8.03039e-34 7.20135e-61 1.10653e-47 1.46356e-65 1.23728e-37 2.02791e-51 7.2726e-50 9.99265e-66 1.92405e-61 1.18659e-77 1.25535e-59 7.37165e-58 4.22647e-73 9.92382e-41 3.25089e-37 4.29022e-69 2.62862e-32 2.93107e-47 6.85896e-33 6.46031e-89 4.30686e-78 5.91786e-45 4.64817e-38
4.39035e-27 0.384467 4.12045e-42 2.81137e-35 4.79073e-49 0.136842 1.33142e-57 2.88316e-09 5.86322e-61 4.33332e-30 5.55783e-55 2.01144e-65 1.25637e-59 1.98504e-69 1.68224e-51 6.72857e-80 2.4538e-22 1.12408e-20 4.51519e-15 2.27957e-55 1.15175e-66 1.37398e-27 1.05795e-80 7.95792e-81 5.13569e-85 5.99707e-107
