2.16623 0.21518
2.33771e-157 8.30728e-61 3.2876e-235 3.92243e-100 1.73439e-110 5.67243e-140 2.90921e-88 1.70332e-217 0.121685 0.184402 9.33335e-157 1.75554e-57 1.63538e-110 1.41701e-97 3.09068e-120 6.47105e-117 2.62764e-144 2.26686e-144 1.24306e-53 0.123618
3.27522e-92 6.25342e-103 6.81491e-166 1.34302e-55 3.822e-103 1.91892e-134 1.43297e-295 0.291894 7.36898e-155 2.60241e-31 0.313522 1.80473e-15 2.89789e-222 5.31561e-139 3.35599e-25 3.91595e-100 3.57909e-72 0.234464 2.39823e-12 1.20119e-200
4.47936e-172 8.78979e-145 8.07941e-120 3.44705e-25 1.15988e-76 2.24594e-66 1.96516e-204 1.18504e-182 6.51486e-232 6.72572e-110 9.95981e-146 3.05886e-68 2.14934e-269 1.316e-141 0.150564 3.25817e-62 2.76088e-163 1.92662e-81 9.81237e-101 1.1398e-52
2.05646e-36 0.18878 1.81467e-133 2.69724e-58 3.11384e-40 1.56907e-122 0.37736 1.0511e-212 3.92549e-153 3.42718e-145 9.8756e-68 2.08728e-161 4.136e-108 0.0565667 5.31312e-124 1.32066e-39 2.37971e-43 1.01615e-48 0.501054 9.46342e-59
6.17725e-153 1.41569e-165 6.43635e-179 7.52589e-62 8.77862e-13 5.33534e-63 2.8805e-186 3.69031e-168 7.16657e-120 1.69997e-63 6.03122e-117 2.13825e-69 1.48391e-306 6.4438e-69 7.99051e-140 0.180329 9.16918e-116 4.32023e-155 0.519138 3.63152e-170
1.85189e-07 6.96568e-09 1.81174e-187 1.66297e-111 1.53494e-17 9.11388e-131 3.57322e-231 2.106e-218 2.12885e-48 3.32266e-68 1.83664e-132 1.46986e-20 1.90498e-287 1.44993e-100 3.04377e-84 3.44747e-86 1.57656e-102 4.48724e-73 0.358439 1.74586e-26
0.154724 9.62491e-188 1.34807e-244 1.56949e-130 1.6997e-25 1.64505e-145 1.65335e-104 1.13163e-122 7.51322e-242 9.69448e-148 1.05987e-132 6.24079e-151 4.16697e-151 1.01987e-109 5.49852e-36 9.77007e-34 4.9078e-141 6.87134e-118 5.36049e-41 1.06792e-104
2.40328e-110 4.90174e-107 4.92421e-107 0.350512 4.08611e-89 6.30924e-51 3.79216e-207 8.23718e-232 6.4435e-132 6.81495e-31 2.97178e-161 3.20368e-159 7.9405e-78 9.15423e-59 5.32048e-32 1.39423e-77 3.34908e-93 1.18506e-37 1.66582e-105 2.81156e-221
0.211 7.67334e-85 7.50088e-100 6.54562e-136 7.38895e-75 7.91235e-235 8.90833e-72 4.70672e-87 1.23158e-127 7.16674e-130 1.47097e-116 1.51605e-152 1.18724e-253 5.56135e-143 3.82286e-160 1.62853e-93 2.50688e-63 2.87541e-169 7.9723e-16 1.27423e-125
1.76595e-150 1.62687e-81 1.06628 1.89566e-140 1.02788 0.210224 3.12355e-251 9.58506e-45 7.10116e-180 8.62231e-100 4.50978e-164 0.15572 0.73266 6.99319e-25 7.23188e-62 5.51644e-128 0.0626464 3.41196e-156 1.65305e-71 0.2742
0.181208 6.08026e-158 2.11709e-155 1.34507e-76 4.09568e-92 5.78538e-253 1.32612e-288 1.1861e-117 2.34556e-164 7.77212e-70 5.8309e-125 5.11205e-116 7.75637e-160 1.7055e-94 1.01947e-27 1.11849e-76 5.55737e-91 5.3891e-114 4.98652e-51 3.43365e-108
2.21554e-165 1.32939e-56 5.46011e-229 5.05305e-45 1.42643e-60 6.6946e-248 4.28942e-55 5.81027e-233 2.78024e-117 2.36515e-117 1.49786e-18 1.54107e-153 1.5976e-96 6.60838e-137 2.12574e-61 1.93616e-119 1.61989 8.10329e-72 0.209198 5.84934e-84
2.14236e-86 1.30453e-148 8.13233e-96 5.67472e-22 1.33407e-76 1.04042e-62 2.39209e-152 6.03713e-240 8.04639e-90 2.14161e-09 1.8393e-97 1.44944e-149 7.91084e-313 2.57764e-23 7.01383e-77 1.2388e-54 2.04293e-71 9.71615e-119 0.23108 2.15894e-174
0.454084 7.58259e-165 2.13324e-178 9.07462e-12 3.78309e-57 1.23764e-121 1.31618e-105 3.12158e-141 4.79471e-41 2.12995e-124 1.21981e-117 1.2912e-150 2.56447e-276 4.63879e-146 2.45402e-122 3.7492e-109 1.04274e-128 3.64558e-192 8.32468e-87 2.62665e-173
