7.35434e-124 1.15421e-33 7.39917e-109 5.09948e-15 2.01499e-78 4.54995e-90 1.11585e-82 2.2751e-127 1.87753e-79 1.82026e-83 1.81245e-116 6.78388e-64 1.40859e-147 1.66688e-83 0.286748 4.25355e-33 2.30511e-66 5.13015e-20 2.87989e-64 6.92588e-103
7.44431e-101 3.82471e-17 0.340891 2.73711e-42 0.0576521 3.86236e-51 6.14722e-10 0.0582631 0.182877 1.21917e-90 9.8577e-22 3.59416e-100 0.117007 1.83911e-10 2.26106e-14 1.07411e-103 1.71886e-95 2.72139e-27 1.67475e-97 1.96742e-94
1.60405e-86 1.2245e-38 6.0433e-82 0.269295 3.51255e-49 1.93458e-110 3.54335e-110 6.01677e-68 1.53726e-40 6.41857e-143 3.20953e-102 1.34479e-28 5.79363e-91 7.20571e-36 1.84681e-53 6.96563e-74 1.74622e-34 4.46817e-13 8.97943e-82 1.2724e-22
1.67993e-44 0.0281622 1.14184e-125 8.70392e-19 4.0894e-22 1.94029e-64 4.16725e-137 3.10978e-55 1.09612e-86 3.61347e-112 8.95124e-58 1.03395e-104 4.39426e-146 3.73226e-18 1.16573 4.39654e-43 3.27446e-97 1.50254e-69 5.76234e-63 3.6365e-17
9.9495e-74 7.31565e-71 3.30208e-137 8.05209e-90 4.02933e-29 3.09541e-84 1.8807e-75 9.29167e-70 8.17478e-87 2.34311e-112 4.75251e-118 1.65487e-45 3.21769e-105 1.50731e-90 0.000352442 2.52511e-41 5.6749e-61 3.02488e-06 2.78154e-81 3.48517e-38
1.24743e-37 7.81162e-56 1.12462e-83 6.81818e-31 2.464e-58 1.02773e-13 0.13698 1.00547e-127 6.32769e-44 4.51211e-87 1.2073e-33 7.87014e-93 1.22899e-113 3.58949e-93 0.0238715 0.173325 5.10398e-98 0.248688 1.65473e-63 1.67195e-23
7.65717e-34 5.79959e-56 3.58226e-139 4.90371e-35 0.017426 4.10324e-67 1.42231e-72 3.42565e-149 1.77101e-67 6.0957e-34 3.32336e-16 4.36173e-30 3.7952e-92 0.151801 2.87401e-31 0.028406 0.162237 3.41572e-51 0.0250839 6.71881e-80
3.62436e-92 5.43349e-53 1.99826e-110 2.98576e-45 4.02469e-58 1.4948e-66 1.02665e-100 7.22856e-137 9.22221e-46 4.5437e-90 2.024e-127 1.25584e-76 4.74242e-136 7.55152e-74 0.0239134 1.08492e-51 1.5833e-103 2.80541e-27 1.63728e-78 5.27639e-118
0.652222 2.36599e-05 1.34843e-38 2.32991e-27 7.29002e-60 3.20892e-73 9.19873e-125 9.42278e-125 0.0261447 8.55568e-119 1.22544e-13 0.0566896 1.14473e-104 2.3485e-72 1.56116e-38 1.78102e-52 8.01535e-103 9.07152e-23 1.94578e-81 0.107791
2.71868e-83 1.81188e-38 1.54221e-121 1.48068e-90 7.99948e-46 1.24369e-78 8.64062e-93 1.93741e-82 4.78414e-92 3.70817e-154 4.91336e-82 5.12791e-47 1.16889e-126 1.56767e-73 0.0570339 6.36666e-114 3.56466e-87 5.39928e-77 5.83191e-115 6.29636e-36
2.15599e-97 3.52243e-59 7.71824e-123 1.05813e-20 9.23933e-34 9.39617e-77 1.45272e-67 3.98641e-149 3.68767e-70 2.88238e-86 8.19883e-83 6.08709e-35 1.67998e-156 8.25078e-71 0.274778 5.03118e-23 5.15832e-79 8.81506e-77 3.02209e-29 6.92518e-18
1.26271e-52 1.31572e-40 7.87895e-123 2.49691e-66 3.40024e-38 0.0410718 6.00422e-104 3.95977e-93 2.39068e-26 2.81787e-132 8.39749e-44 7.22757e-77 2.32036e-48 5.60289e-33 0.287829 3.27477e-90 1.3578e-23 3.66289e-08 5.56751e-32 2.90951e-76
2.4207e-116 9.36855e-58 1.15049e-20 0.258255 3.80965e-06 1.04755e-107 5.72857e-23 0.095475 2.18934e-11 0.372708 0.122088 4.18371e-70 6.57124e-27 3.44006e-87 1.63428e-18 7.73418e-31 2.43633e-100 5.95567e-26 5.43949e-106 5.87792e-20
2.97062e-55 3.37284e-73 4.75651e-68 3.23857e-20 0.083105 7.6929e-104 2.574e-97 3.07848e-141 6.16832e-56 2.00905e-56 1.13477e-31 7.2213e-93 1.61635e-147 2.35387e-66 1.20768e-08 6.24384e-113 2.17348e-98 4.37956e-47 3.51079e-113 1.18536e-87
