1.53593 0.240397
0.0393898 3.41461e-57 8.29505e-193 4.75451e-160 2.5164e-67 1.43377e-106 3.44295e-81 0.0228226 7.6511e-161 4.06098e-82 1.48345e-91 2.82769e-117 1.46249e-225 0.162975
9.74346e-56 8.37932e-165 0.0037101 1.77234e-86 5.50489e-13 3.35158e-138 2.87431e-234 3.8472e-115 1.87314e-106 9.13494e-107 8.63719e-87 2.56019e-222 1.93663e-307 8.10675e-117
7.67352e-81 2.07306e-180 5.21033e-48 5.59533e-23 0.0539303 1.57741e-164 3.58086e-121 1.31154e-13 1.59888e-204 1.27558e-133 4.59032e-146 1.75532e-141 1.07236e-25 3.35994e-37
4.06507e-237 6.82919e-234 6.95875e-180 2.30218e-58 1.35755e-72 1.20343e-184 6.97978e-204 4.10582e-128 1.56932e-181 1.7199e-15 4.13162e-27 7.61025e-223 3.59497e-263 0.0534704
3.06176e-130 1.20678e-251 1.55259e-06 2.85553e-18 1.1568e-206 2.14921e-14 5.49747e-178 9.09766e-79 4.49768e-151 1.11007e-134 0.55124 4.32718e-111 1.61967e-198 1.28587e-103
2.05217e-205 3.7371e-51 4.22544e-204 1.01303e-26 2.64793e-243 5.91822e-175 1.76862e-180 0.161453 7.83662e-144 9.21318e-35 3.01465e-167 6.58442e-195 4.93486e-147 1.12282e-17
5.86016e-98 2.30889e-206 1.33175e-41 1.1063e-112 4.08554e-244 0.250964 3.23652e-187 1.06479e-124 1.83399e-23 4.67538e-109 2.21379e-149 2.96866e-74 3.83958e-277 2.52074e-89
4.47022e-21 0.107167 0.186029 2.83029e-126 1.26144e-163 5.24456e-163 2.63856e-80 9.10365e-195 3.6774e-43 2.08155e-143 2.89302e-107 2.34084e-154 9.6661e-255 5.1651e-174
1.26696e-62 1.98802e-312 3.39776e-180 4.43131e-132 1.33176e-102 0.347232 1.74397e-128 2.11309e-31 3.48905e-41 4.73659e-127 7.10855e-42 0.336517 1.43284e-235 0.475034
1.42834e-182 5.06191e-140 0.393728 4.59287e-57 1.08808e-86 2.09902e-71 4.36882e-184 8.76641e-85 1.70618e-89 1.22433e-27 5.77059e-113 6.00151e-18 4.48506e-60 9.75234e-72
1.50221e-96 4.22065e-61 0.0710271 9.73427e-54 0.365505 5.80633e-156 4.99385e-26 0.000110111 1.93847e-121 7.60577e-96 0.194761 3.39283e-09 2.56221e-240 5.77996e-140
2.78813e-70 1.78884e-268 3.49226e-216 1.37109e-162 2.15691e-22 5.96499e-62 2.2084e-208 1.45666e-196 1.16139e-183 9.12268e-89 6.48875e-178 6.91174e-259 0.190217 5.16237e-126
5.01863e-42 6.58869e-171 5.56677e-25 0.199876 2.58482e-06 1.16539e-81 0.283765 7.0317e-41 0.202629 0.297602 0.249855 2.72535e-138 0.164234 3.2873e-139
1.73811e-236 6.41884e-212 0.0158207 5.8196e-143 1.77832e-156 2.34792e-75 3.4263e-171 5.47673e-116 3.91255e-77 1.28552e-99 6.04434e-186 7.4238e-284 7.17967e-223 5.99943e-79
8.06095e-38 1.86102e-35 2.77183e-197 1.53894e-155 1.28016e-236 7.22685e-245 4.30356e-212 7.58622e-200 7.89511e-193 8.7253e-152 8.72555e-229 8.32347e-280 6.96148e-273 8.738e-205
2.53761e-42 8.83765e-124 1.00624e-113 7.26935e-80 1.68236e-95 5.14987e-218 1.66549e-145 6.19348e-206 1.95514e-122 2.30792e-20 1.41707e-107 2.80351e-224 7.33469e-235 0.146653
