2.28252e-64 3.29053e-26 5.32356e-320 1.50129e-123 1.59575e-151 3.70549e-321 0.181667 2.04952e-133 6.21804e-316 4.54046e-321 2.9891e-321 1.48121e-320 5.82757e-77 1.02341e-264 1.29588e-261 9.22421e-321 2.55597e-221
4.99069e-24 1.07706e-321 4.14422e-320 2.65686e-167 2.37283e-97 1.64524e-321 2.58396e-321 9.12333e-295 1.92686e-321 0.607936 2.20353e-321 2.81813e-282 2.87481 3.25414e-47 8.8833e-321 7.84576e-321 5.18959e-189
1.65102e-235 3.66727e-280 3.67535e-320 3.52867e-200 3.62654e-145 2.15907e-321 2.99898e-321 1.98614e-321 1.77864e-321 0.27484 2.1146e-321 4.80231e-286 1.90292e-249 5.44381e-119 3.10368e-124 1.8934e-260 8.64605e-144
1.11179e-55 2.46539e-321 34.3834 1.4428 2.25048 1.45917 1.32219 1.05941 2.02113 1.07377e-251 1.68264 5.01032 9.15602e-67 3.47665e-40 2.73831 3.77926 12.1734
3.98492e-118 3.27535e-173 2.20798e-320 1.61065e-321 1.90322e-107 9.18962e-322 1.67488e-321 1.27836e-124 1.69959e-321 2.30964e-160 1.89721e-321 1.6563e-263 6.69459e-321 8.38072e-60 3.64013e-211 4.58987e-321 0.269842
7.23573e-14 2.51284e-40 5.80774e-320 7.77443e-186 4.23216e-34 2.39622e-321 1.76876e-321 2.98657e-78 2.20353e-321 2.74066e-145 1.96144e-321 1.36504e-271 1.26925e-320 1.83477e-213 1.01401 1.86346e-269 8.21204e-108
0.0486823 0.0226451 2.56914e-321 1.92686e-322 3.85371e-322 1.03754e-322 1.43279e-322 1.43279e-322 1.43279e-322 2.66795e-322 1.33398e-322 9.68369e-322 7.5098e-322 4.20169e-252 6.47226e-322 4.496e-322 1.85271e-264
6.83595e-67 1.31356e-229 2.81321e-320 1.72429e-321 7.71474e-130 8.99199e-322 1.40809e-321 1.2401e-321 1.20058e-321 2.48021e-321 1.5316e-321 2.52472e-213 6.55625e-321 0.304876 5.62247e-321 5.75092e-321 2.7747e-183
2.8074e-32 5.00408e-127 1.86016e-320 1.27963e-321 1.8586e-215 8.64615e-322 1.07706e-321 4.21094e-235 1.11165e-321 7.8396e-246 1.11659e-321 7.25862e-167 1.06222e-246 0.238323 2.59847e-303 3.12744e-321 2.35211e-80
1.89147e-144 4.39629e-210 3.13089e-320 1.06217e-264 4.16003e-321 2.55432e-321 3.70849e-263 1.72429e-321 1.40315e-321 1.3924e-110 2.05531e-321 4.87185e-243 8.99575e-209 1.95354e-167 8.03244e-89 9.09127e-252 0.0432686
9.62069e-46 1.37215e-315 2.34434e-320 1.78358e-321 1.04027e-166 9.83191e-322 1.33892e-321 1.27469e-321 1.0573e-321 2.46539e-321 1.3488e-321 6.27675e-296 1.9442e-195 0.168048 6.70941e-321 4.12051e-321 0.958268
