3.81727 0.248601
2.06577e-148 1.72455e-130 5.97067e-196 1.18196e-05 3.26233e-162 4.40212e-321 2.31223e-321 2.86409e-11 1.21638e-269 4.16232e-115 6.28346e-112 6.13778e-307 1.85997e-07 0.365094 0.428983 2.63098e-257
1.36581e-75 7.37314e-63 7.94168e-57 2.45192e-46 5.34831e-27 3.37491e-43 2.14702e-05 2.38346e-60 4.44659e-322 0.061948 1.61559e-321 6.36234e-259 6.9515e-321 1.82804e-322 2.03413e-126 2.32546e-282
1.56061e-40 1.61331e-138 3.54543e-186 9.5295e-46 8.91804e-29 1.18417e-163 3.14309e-109 6.78771e-29 6.0276e-322 0.952283 2.33199e-321 6.54156e-231 1.72231e-252 6.32404e-322 1.74773e-71 1.42437e-297
2.44388e-53 5.39012e-75 1.92093e-33 3.2596e-97 0.0797804 3.12227e-32 4.17371e-100 8.88324e-48 3.95253e-322 1.53273e-118 1.89721e-321 1.00187e-319 7.07996e-321 3.45846e-322 7.45561e-130 3.17696e-273
0.00097022 5.26736e-05 0.00298005 0.00394748 3.97635e-06 0.0086435 0.00339313 0.0107976 9.88131e-324 2.78497e-136 2.96439e-323 1.97626e-323 1.92686e-322 4.94066e-324 1.10869e-173 4.44659e-323
6.42285e-322 1.32095e-232 2.05037e-321 4.81497e-211 1.4822e-321 5.65688e-227 3.78457e-15 1.76909e-101 0.43378 1.28103e-109 1.62825 0.728364 7.00872 1.91203e-321 8.59757e-06 1.56339
5.94708e-153 3.98628e-47 8.52399e-19 1.84002e-50 9.95754e-86 6.54094e-53 1.43342e-90 3.41486e-51 6.37345e-322 0.061223 2.19859e-321 9.30465e-227 1.62249e-309 5.03947e-322 1.30802e-88 3.53823e-258
5.22337e-07 6.83149e-126 2.27613e-207 5.46912e-91 1.76319e-214 2.3379e-203 5.42601e-45 4.54292e-75 9.02848e-312 0.126641 3.94795e-238 9.93487e-199 7.82107e-168 6.41291e-236 1.24877e-45 1.09443e-142
4.78363e-41 2.96439e-323 1.27469e-321 5.61241e-47 2.61966e-86 6.38784e-269 4.34223e-312 1.4221e-203 8.63144e-224 8.88384 1.96204e-237 2.65771e-62 9.3273e-85 2.07534e-243 0.448164 4.40045e-298
3.27382e-113 1.40943e-74 1.48226e-120 7.43053e-98 2.02657e-47 1.15e-103 6.21002e-14 9.14803e-91 3.95253e-322 0.142817 1.57113e-321 3.6944e-251 6.69459e-321 3.26083e-322 3.29272e-142 4.09845e-302
