1.80593e-121 4.65577e-186 1.62047e-186 1.67253e-148 4.28441e-192 7.65097e-139 2.19938e-163 2.2084e-234 0.117636 4.82317e-268 4.06663e-79 5.05763e-54 2.54908e-64 1.24351e-147
6.17179e-184 2.10616e-178 5.8771e-205 1.23069e-37 6.11218e-78 1.24744e-114 2.03347e-228 4.03989e-33 1.76291e-152 6.66108e-211 3.11737e-192 0.0412743 0.403907 9.63718e-96
9.39411e-178 3.94373e-226 4.11957e-237 2.28707e-158 5.85007e-89 3.38303e-149 3.57095e-119 1.5452e-48 1.11184e-84 9.26657e-141 2.90788e-248 8.93631e-141 3.26551e-174 0.264844
6.76732e-219 2.67352e-248 7.04627e-274 1.36851e-109 3.23129e-174 1.06205e-121 1.58491e-159 2.44368e-142 6.41372e-150 2.62323e-206 3.94792e-231 0.0613479 4.93133e-45 1.2358e-203
1.04555e-186 1.13324e-44 0.272104 0.000128973 1.33334e-151 1.49996e-113 1.77029e-99 6.07721e-140 4.22164e-85 1.31939e-159 0.0493686 1.31239e-24 4.1258e-180 0.213977
2.50856e-77 7.15529e-277 6.81653e-265 0.459569 2.11014e-84 1.59022e-112 5.72008e-173 0.00824262 1.86044e-95 1.04923e-219 1.9936e-117 6.8545e-42 1.03729e-201 1.04873e-80
1.03158e-130 1.3654e-261 4.81217e-92 1.02282e-58 1.38379e-133 9.05713e-185 1.03809e-179 5.09449e-52 0.311371 2.1921e-145 4.84357e-157 3.97884e-38 0.212555 2.38261e-116
3.12196e-201 2.52468e-321 1.21429e-282 4.89747e-209 9.22675e-148 1.14762e-217 1.29596e-204 4.04921e-207 8.63569e-84 1.01789e-188 4.98711e-219 0.0207515 1.3904e-207 3.66814e-64
2.31704e-218 1.04248e-321 3.84238e-231 9.96499e-253 1.56198e-137 6.47341e-226 5.8617e-179 4.19989e-159 1.20558e-153 1.77835e-316 4.5689e-267 8.81642e-116 5.43285e-183 2.79662e-184
1.16964e-30 1.00776 6.30694e-262 1.1363e-13 8.80977e-12 5.44758e-196 5.77894e-41 1.97556e-213 2.50884e-159 0.0245781 3.66435e-136 2.37578e-40 0.10629 1.00681e-121
3.36755e-109 2.51389e-173 3.31665e-99 1.36461e-84 3.76437e-21 7.62846e-221 3.50397e-208 0.420768 3.84793e-105 2.20206e-285 2.02058e-241 0.0374481 1.95465e-181 6.1993e-194
1.94644e-83 2.15203e-195 1.35354e-120 4.99261e-104 0.441909 3.8063e-98 4.24867e-131 2.14334e-22 2.09909e-165 3.94843e-218 6.09983e-139 6.17194e-177 2.81558e-89 0.0405616
1.11605 1.8955e-124 4.2234e-162 6.99942e-108 5.21581e-120 0.51574 0.63928 1.2661e-182 2.88629e-23 0.385224 0.293326 2.33243e-125 1.12314e-133 2.07948e-154
