1.33299e-320 5.98399e-37 5.03547e-151 9.11188e-113 6.56575e-277 4.89125e-322 2.91499e-322 2.63831e-321 1.3091e-255 2.3354e-291 7.98817e-43 2.17122e-73 1.61947e-95 6.09463e-221 1.27168e-105 7.2414e-73 4.41964e-180 0.151494 2.01296e-267 2.76718e-85 3.22625e-321 4.99357e-86
1.32212e-320 2.18827e-257 2.43667e-277 2.50793e-230 3.03875e-169 2.23258e-160 6.02089e-228 3.95983e-294 4.41695e-321 4.45534e-183 4.68868e-321 1.73025e-231 7.13309e-42 6.2486e-169 0.617325 4.28355e-321 1.67896e-162 7.06636e-170 0.440592 1.54069e-260 0.848193 3.77828e-231
2.01111e-171 2.90266e-135 2.76471e-41 9.76915e-287 7.97146e-270 4.79244e-322 2.71736e-322 3.35317e-119 1.43224e-165 2.66803e-102 1.17791e-150 1.02676e-69 2.13373e-59 1.9812e-321 6.9097e-265 1.20552e-321 5.1523e-124 1.41731e-254 1.80212e-09 2.70254e-321 5.17918e-304 0.318165
5.98068e-251 1.92192e-321 6.42755e-14 2.29454e-319 1.86199e-132 4.84184e-322 2.86558e-322 1.21478e-44 1.35555e-97 1.21626e-55 6.91812e-82 1.20033e-179 2.56003e-174 1.82508e-320 1.16945e-320 7.95716e-35 9.68696e-108 0.269521 4.01682e-22 0.908736 3.28554e-321 3.34267e-65
5.63996e-97 4.08672e-92 5.48221e-134 1.36197e-303 1.68033e-231 6.6456e-230 4.23076e-86 3.49507e-107 1.51363e-189 7.84942e-220 8.27333e-19 7.75415e-14 0.490128 5.04182e-123 7.22276e-238 1.94377e-167 1.06202e-93 3.23766e-228 1.19295e-250 3.76592e-206 1.86263e-321 1.56805e-176
5.70632e-106 4.43047e-173 7.38098e-39 2.96118e-319 4.75961e-91 2.93139e-240 2.42092e-322 3.20576e-192 4.72738e-163 1.98985e-239 5.578e-321 0.148183 1.09534e-22 1.68391e-229 1.25888e-320 0.312275 4.79081e-258 4.23444e-282 3.05992e-95 5.70752e-318 1.04961e-29 1.29842e-64
9.35774e-152 5.18163e-278 2.6544e-168 2.7722e-115 2.60816e-163 4.97977e-98 2.61855e-322 3.66624e-247 4.44717e-307 4.4064e-277 5.18275e-321 0.295152 1.26097e-163 2.48627e-113 7.94811e-115 1.27832e-65 3.505e-19 2.67599e-105 4.46375e-244 5.12237e-276 9.23912e-218 7.29986e-36
1.17588e-320 9.07972e-224 1.4157e-39 2.09108e-319 2.62096e-249 4.74303e-322 2.56914e-322 1.6455e-33 6.17992e-216 4.44818e-222 5.19978e-274 7.38712e-81 1.1207e-197 0.403262 1.57408 9.23395e-16 0.0987255 1.65419e-60 9.37983e-263 6.79609e-20 3.31518e-321 8.27115e-199
0.00267767 0.00039018 0.000345143 0.0234767 0.000121022 3.50868e-05 4.15001e-05 0.000171888 0.000122009 0.000212405 0.00075486 0 0 0 0 0 8.05639e-283 0 1.27896e-284 0 0 2.15508e-253
3.76257e-267 8.36122e-85 3.01737e-166 2.14721e-319 2.87321e-87 1.58694e-204 7.55065e-230 1.91369e-247 1.91573e-66 1.79653e-85 0.000247868 4.08874e-06 2.63831e-321 1.99361e-132 0.43516 9.85753e-132 9.49598e-39 1.4822e-321 1.01669e-187 6.44508e-155 9.27708e-249 7.69463e-147
1.90121e-209 1.25726e-86 1.44187e-71 1.99983e-319 4.21385e-101 4.19956e-322 3.06321e-322 3.00149e-96 3.92553e-162 8.65488e-147 9.48009e-212 0.0786601 2.34593e-83 8.27855e-125 1.48206e-230 1.50576e-96 4.11618e-35 4.19832e-59 8.67122e-173 4.15393e-36 2.56914e-321 0.0849354
0.000294636 3.73685e-05 0.000250848 0.0442157 0.000368584 0.000289672 4.24638e-05 0.00019938 0.000792496 6.9644e-05 0.00102424 4.94066e-324 4.94066e-324 4.94066e-324 2.96439e-323 4.94066e-324 2.38478e-281 4.94066e-324 4.11501e-284 9.88131e-324 9.88131e-324 5.22938e-253
1.55828e-320 3.15861e-226 3.36832e-21 2.32962e-319 2.75618e-145 1.83465e-214 2.66795e-322 2.43991e-126 4.53709e-58 7.62652e-108 5.14322e-321 9.80434e-34 3.27443e-120 3.81098e-118 1.18085e-75 1.28276e-309 0.108219 2.83523e-164 6.17044e-180 1.29854e-170 2.13436e-321 1.13493e-186
6.84568e-06 6.19619e-06 7.40816e-05 0.121748 3.7493e-05 5.08684e-08 4.33003e-05 0.00114088 6.16344e-05 0.000230875 0.000532906 1.97626e-323 1.4822e-323 9.88131e-324 6.42285e-323 4.94066e-324 7.68823e-282 9.88131e-324 3.00244e-282 1.97626e-323 9.88131e-324 2.48441e-251
