2.8896 0.0810306
4.01122e-65 4.2523e-88 1.01412e-27 4.71482e-35 3.67828e-45 1.41476e-62 2.04656e-105 8.06655e-41 2.59355e-68 3.36376e-18 4.61913e-34 0.000799233 5.29347e-69 1.22619e-56 8.14028e-15 8.01417e-79 2.26721e-94 1.96969e-45 4.67232e-69 9.79191e-24 2.64763e-27 1.74154e-78 1.02672e-71
1.3741e-68 4.726e-33 0.000831541 0.0228093 1.77536e-74 5.89856e-19 4.3142e-107 0.000127647 3.4205e-28 1.39396e-08 1.72871e-73 1.58774e-67 1.709e-75 1.32157e-05 6.8427e-62 0.209332 1.06987e-83 7.27036e-23 2.93593e-78 1.04073e-44 1.44886e-30 1.7335e-56 2.71449e-45
7.71182e-37 1.58876e-70 2.98536e-62 2.93922e-62 9.38478e-20 7.50567e-75 5.66245e-75 4.34621e-33 3.01314e-37 0.021461 7.37488e-76 1.3781e-67 9.6738e-104 8.27953e-38 1.77877e-26 4.91558e-45 3.94643e-89 1.1176e-39 3.46818e-23 4.20532e-64 5.97844e-18 1.17092e-60 5.29463e-32
3.98271e-37 7.43509e-75 1.0322e-74 4.00247e-61 1.9921e-11 1.14423e-73 2.10688e-39 7.14523e-42 5.58642e-30 0.0283637 1.20136e-33 1.98247e-15 3.98634e-121 7.61942e-89 1.00907e-71 8.06248e-49 2.89949e-17 2.25205e-51 3.26135e-73 0.252097 1.35443e-24 3.03434e-49 2.7741e-31
5.91178e-53 1.52231e-27 9.94523e-74 6.10012e-62 0.0502079 7.10235e-08 4.72914e-20 7.05244e-11 2.84185e-86 1.81362e-07 1.60624e-19 2.46581e-23 1.27988e-124 1.56288e-48 1.43153e-58 4.08062e-12 0.0819553 9.11738e-44 1.59302e-16 5.85342e-54 0.10599 0.0551961 0.0333903
2.74546e-20 1.83696e-43 1.76805e-19 2.29812e-28 5.74428e-63 1.2839e-37 1.64502e-60 3.45234e-25 1.34837e-27 1.92852e-22 5.33958e-42 1.09385e-46 4.64301e-69 3.71922e-84 2.99695e-42 3.42886e-21 1.1197e-48 1.88344e-59 6.19291e-67 0.256794 1.02921e-30 4.59262e-34 2.34152e-45
1.52877e-27 1.48372e-57 1.2724e-26 3.51949e-59 1.37297e-33 1.4908e-61 9.37641e-115 6.13289e-25 7.73753e-39 0.160035 1.27603e-66 1.03448e-37 1.09424e-76 1.78405e-75 6.5947e-41 2.69219e-49 7.28305e-23 1.5708e-77 6.84585e-44 7.36867e-67 1.98575e-41 4.39688e-73 1.38121e-40
1.81337e-65 1.00744e-75 1.02154e-37 3.77562e-18 2.19648e-65 8.86394e-75 2.67561e-60 8.14485e-49 1.36264e-80 3.81594e-25 7.10069e-73 2.16326e-74 5.0559e-104 1.74396e-75 4.61276e-27 1.17849e-49 1.30562e-53 7.69442e-79 1.43631e-46 0.554063 1.49462e-21 9.01952e-81 1.53699e-66
4.74642e-49 1.90476e-57 1.04125e-26 9.55749e-43 0.0101129 2.45157e-53 6.86805e-18 4.8996e-54 0.0972604 1.10179e-19 4.19292e-11 2.29527e-36 4.47354e-101 1.27255e-60 5.87284e-56 2.68058e-91 7.68529e-58 5.6202e-56 1.54644e-08 0.0308895 3.44619e-49 3.7088e-76 1.19686e-26
5.57239e-31 3.39054e-96 1.422e-48 2.39516e-50 4.68572e-35 1.50799e-64 1.0946e-49 4.26416e-31 9.40389e-63 1.78793e-37 9.85822e-73 1.5877e-63 2.97694e-67 1.16029e-24 1.60533e-24 2.64257e-39 7.46342e-76 4.47746e-28 3.6234e-38 0.0180186 2.12201e-23 2.22991e-28 4.48488e-49
7.50592e-07 3.86362e-81 0.0418224 5.62482e-49 8.01171e-40 1.69731e-33 2.70333e-25 5.53077e-42 5.33706e-90 5.06282e-30 7.19486e-49 0.265404 1.09159e-62 2.76064e-65 2.45876e-08 2.26349e-93 1.39091e-85 2.52226e-20 1.69774e-29 8.94083e-66 2.41173e-54 1.21187e-49 7.24223e-28
4.13771e-23 2.0459e-37 4.55975e-66 2.20288e-34 1.97677e-78 3.81667e-56 4.60521e-112 9.47064e-45 3.16132e-56 0.0056315 8.86096e-72 3.83529e-75 3.09687e-100 8.85765e-56 2.03279e-68 4.68949e-91 4.06728e-41 1.90551e-41 3.42496e-42 2.80834e-08 3.82802e-30 3.21635e-56 4.00851e-35
0.232996 1.18197e-94 1.08736e-07 1.72933e-14 2.48511e-84 1.59091 8.53178e-106 4.81167e-62 5.42107e-80 0.00105025 4.66771e-07 8.5223e-60 2.41621e-96 4.3296e-90 1.66375e-51 3.09494e-33 7.44641e-54 1.25831e-50 0.378723 1.01673e-34 3.58312e-65 0.0369699 9.08938e-22
1.97421e-19 4.26802e-80 1.8098e-24 1.84096e-59 1.0776e-21 4.10315e-40 1.03187e-100 1.53335e-35 4.66615e-26 0.0100064 4.76151e-25 3.73161e-26 5.33234e-47 5.93755e-30 4.042e-26 1.2464e-44 2.19588e-44 1.7555e-27 6.94182e-65 5.09227e-14 5.81341e-32 2.20942e-83 6.42152e-27
1.94069e-09 0.0678396 4.35084e-32 0.00553752 0.091494 1.99406e-07 0.130775 2.82571e-30 3.70069e-47 4.08223e-25 0.157465 1.86825e-71 0.133441 3.18466e-61 4.07144e-38 1.18914e-09 4.03259e-86 0.0838002 9.36396e-58 0.42736 1.52029e-14 8.28744e-13 2.61441e-23
7.28015e-69 2.64274e-27 6.22003e-52 5.54093e-10 1.87559e-63 3.6153e-74 1.27339e-111 0.0665751 1.38054e-67 2.47435e-42 3.42092e-14 9.50881e-07 1.69957e-84 0.0334234 0.046938 8.54122e-81 1.6082e-71 1.66686e-55 1.67589e-47 4.4118e-10 2.71581e-09 2.80304e-26 0.0312199
