1.95141e-48 3.1849e-107 1.71324e-301 7.0366e-65 2.2391e-110 9.71251e-241 1.20058e-321 0.435792 1.16803e-113 0.258142 9.15897e-147 7.25232e-42 4.04694e-265 2.99916e-26 3.90758e-97 1.44761e-321 1.38052e-104 1.72551e-08 3.29771e-51 6.10988e-135 8.60094e-68 2.35118e-225 4.86792e-41
6.08068e-38 6.68906e-52 5.98258e-125 3.67714e-59 0.110938 4.87997e-182 1.94027e-294 1.77811e-184 1.08407e-76 3.94986e-113 1.40591e-25 7.85306e-143 2.42494e-153 2.33601e-228 2.14881e-187 1.50196e-321 1.04839e-141 1.85231e-83 7.68243e-120 5.38945e-239 2.686e-187 9.34524e-191 9.32423e-160
4.52661e-109 2.68414e-41 1.52298e-217 2.81663e-234 5.34604e-74 7.66404e-258 1.28415e-143 1.73894e-201 7.48181e-51 1.76544e-158 3.74691e-150 3.6282e-93 1.47738e-284 5.77962e-125 1.99531e-219 1.19604e-84 7.49015e-159 1.79307e-95 1.31255e-48 8.23648e-139 0.0875982 2.15696e-84 6.99647e-282
1.44458e-19 3.14706e-93 1.91512e-42 6.86238e-32 1.4204e-76 6.17078e-154 6.83705e-94 1.72339e-84 4.94275e-172 5.08963e-83 4.60606e-154 0.170489 4.95853e-80 2.4636e-81 1.20273e-127 1.02135e-256 5.51749e-146 6.62478e-59 0.0563264 4.72386e-139 4.44689e-250 4.08629e-203 1.55303e-43
7.92697e-51 1.93041e-20 5.92877e-266 3.45491e-192 1.26109e-95 3.74113e-51 2.48633e-227 8.95946e-144 1.7078e-174 7.3505e-29 1.00536e-103 6.10901e-43 3.62983e-178 3.68165e-236 2.24916e-223 1.20388e-132 1.23862e-77 0.113994 1.00611e-125 5.17113e-222 9.3909e-32 6.01527e-214 2.16237e-116
6.62892e-146 2.25963e-37 1.60683e-179 1.32961e-242 2.40052e-216 6.49986e-187 2.64567e-263 7.74641e-44 2.88041e-224 1.82026e-102 6.65557e-44 6.54781e-38 2.75433e-149 2.9929e-44 3.29621e-117 1.23516e-321 3.18272e-62 0.315985 2.36142e-35 7.89491e-194 7.23937e-09 1.03574e-182 8.91384e-196
5.36426e-73 1.74573e-76 3.4985e-263 8.47764e-240 5.82748e-69 3.03465e-46 1.08694e-321 8.65431e-110 8.3775e-133 4.89051e-167 1.69581e-129 0.0868136 2.57046e-252 3.48267e-164 9.57959e-121 3.75143e-97 5.0777e-82 1.62373e-98 1.34176e-116 7.17068e-73 1.13933e-22 7.98182e-244 1.0091e-222
0.281506 1.9796e-79 8.9893e-229 0.749343 0.239306 9.04749e-136 0.284799 8.27101e-33 0.517275 0.25784 3.568e-146 3.83709e-108 4.22701e-193 4.4064e-112 2.39332e-144 1.59583e-321 6.45529e-22 0.301617 1.15667e-53 1.29766e-53 3.19866e-189 0.380041 1.1735e-221
5.98379e-126 2.21488e-58 2.69508e-184 5.44787e-158 1.11314e-185 6.57276e-192 3.21618e-271 5.11867e-61 5.90348e-167 1.82221e-52 2.39081e-19 1.24771e-116 2.03479e-257 4.55175e-107 1.94869e-245 1.61042e-164 5.02875e-148 1.01442e-46 6.00892e-195 2.14437e-10 0.0109536 8.90381e-214 1.59756e-77
4.28732e-173 3.61084e-103 1.81132e-93 6.45006e-96 4.83353e-256 7.66628e-52 1.3488e-320 4.3578e-43 8.85736e-74 1.59154e-204 0.0927749 9.96256e-25 1.5069e-321 1.97248e-223 2.6257e-113 1.25493e-321 2.16188e-48 1.18824e-100 1.42836e-06 9.24353e-256 4.68452e-122 3.71447e-190 1.81085e-106
3.7943e-133 0.636052 3.54652e-186 1.00656e-75 1.59398e-22 3.54662e-16 6.51224e-172 1.26359e-125 6.84978e-84 8.70761e-48 1.41814e-127 6.71507e-30 5.23069e-271 0.125488 6.16504e-119 8.70986e-134 1.1861 4.87564e-53 7.99647e-21 1.04355e-17 1.14495e-234 0.0608373 0.465438
3.60529e-149 3.1913e-42 4.11721e-276 0.0321829 3.4385e-93 1.23528e-40 2.96029e-76 1.43053e-202 8.52049e-87 5.45747e-157 0.00546287 0.0856572 2.37745e-199 2.31375e-107 8.6789e-76 4.4129e-310 9.34236e-50 5.44057e-29 1.96822e-38 1.06578e-264 6.05559e-115 5.064e-237 7.81006e-229
2.77172e-30 0.933163 1.33755e-301 1.86727e-259 9.36102e-126 0.505004 5.43326e-67 6.61721e-10 6.67819e-30 5.98601e-211 8.90307e-116 5.82809e-88 0.49034 1.70187e-175 0.536091 0.398171 0.0549715 1.13173e-114 2.13401e-52 0.426453 5.40115e-224 5.48123e-112 9.03374e-206
2.85324e-121 3.83913e-109 6.83411e-268 6.14029e-194 1.33318e-180 4.62413e-43 2.31687e-300 2.17253e-102 8.73307e-72 1.70971e-81 6.28399e-20 3.21894e-170 2.20612e-280 2.98541e-110 2.69605e-148 1.07203e-163 6.37124e-157 3.42691e-53 0.565294 8.03952e-232 1.75164e-28 1.20847e-198 2.39982e-202
2.01054e-177 4.34467e-91 7.70825e-197 4.03313e-168 6.96051e-244 3.30862e-61 1.68428e-219 1.10797e-22 1.44587e-159 7.023e-225 1.64136e-153 9.66004e-164 6.17012e-126 1.71911e-66 5.03208e-125 1.98695e-299 2.90721e-107 6.86029e-100 1.16182e-50 6.45023e-70 0.0916998 1.4434e-228 8.88906e-243
2.04912e-45 9.87219e-50 0.384048 3.2055e-60 8.60221e-173 5.7671e-37 1.73189e-257 3.66199e-137 3.95275e-171 1.46016e-147 2.3569e-25 1.10893e-36 4.96494e-155 0.00013315 6.35265e-242 2.28093e-145 4.47687e-142 5.2854e-12 7.89702e-40 1.45921e-79 3.08421e-26 0.215202 2.63417e-79
