4.05672e-114 1.34041e-181 1.64153e-119 0.586649 8.73622e-116 2.7913e-180 7.00208e-179 2.31435e-75 8.71849e-60 1.46774e-32 4.63164e-84 6.07435e-206 4.23536e-63 2.52355e-102 4.15659e-33 1.67756e-72 9.57712e-78 3.40529e-60 3.02625e-92 9.06693e-225 1.58324e-57 6.65852e-94 3.88509e-91
2.22179e-199 5.52702e-59 6.12693e-112 7.39344e-25 2.15135e-55 1.25795e-168 6.36919e-137 1.67419e-44 0.0442597 2.86802e-19 6.40756e-73 5.19262e-166 1.09506 4.05333e-82 1.79963e-14 0.96925 1.64955e-29 2.18788e-74 6.9166e-129 1.2419e-173 0.336728 3.71482e-158 3.15634e-119
2.83301e-140 0.211842 3.77579e-121 2.25973e-17 4.08132e-85 6.21717e-119 6.35252e-48 4.35219e-63 9.16287e-72 1.31985e-76 1.40691e-51 3.48626e-180 0.00166027 6.87231e-05 4.38973e-86 1.69216e-20 1.50632e-59 5.7156e-46 8.88129e-158 7.56228e-146 1.48029e-75 0.253814 1.22801e-113
5.06128e-36 5.22937e-92 1.57069e-37 2.90603e-50 0.0191159 2.47269e-121 2.59896e-62 0.181414 3.61398e-86 6.69877e-79 1.42609e-78 8.73928e-232 6.00557e-36 8.14889e-59 4.32416e-07 2.26064e-22 1.69613e-130 1.09877e-92 6.81769e-137 3.31012e-148 5.79349e-09 4.38519e-82 1.27107e-76
4.06231e-05 6.84229e-26 4.71019e-127 8.57949e-90 5.9485e-55 1.07319e-263 3.37177e-26 3.62923e-116 8.48909e-66 1.2845e-77 1.72719e-45 2.84254e-107 2.15635e-06 3.38773e-18 0.341387 1.33555e-76 0.120998 0.180075 2.31931e-88 6.07014e-187 6.06086e-76 2.2329e-128 2.5451e-05
7.9152e-74 1.88704e-13 2.29371e-149 4.23011e-67 7.49932e-100 3.28556e-137 3.9504e-91 9.15325e-34 1.35284e-55 8.83124e-82 6.42229e-17 2.72614e-147 2.04887e-32 2.9443e-41 0.341474 7.07112e-41 8.21783e-69 6.07708e-46 0.136308 4.50254e-242 5.8288e-107 4.87694e-113 4.41585e-51
7.86332e-137 1.76692e-71 1.22037e-104 5.0534e-64 6.2634e-53 2.23881e-155 1.79784e-181 4.76822e-44 1.66317e-68 0.165909 5.03774e-97 2.93027e-172 1.57977e-140 3.63888e-111 6.47407e-79 0.174182 2.97995e-124 7.01984e-124 1.66622e-83 8.95566e-123 1.48945e-83 3.83051e-123 3.88574e-23
1.30634e-94 4.88e-149 1.19367e-44 2.38501e-60 2.9743e-117 1.48632e-132 1.72564e-98 1.70424e-136 1.78174e-86 9.12536e-20 1.14046e-58 2.39043e-217 1.11195e-122 1.80457e-103 9.10852e-128 1.75032e-70 2.78846e-61 4.83037e-70 3.74914e-98 1.85392e-241 3.60895e-30 1.86207e-151 0.141365
7.18279e-102 1.88869e-124 7.26505e-42 0.0923109 1.49011e-19 2.10716e-66 4.24064e-99 1.96699e-114 0.00703136 2.43501e-121 8.48552e-19 2.36463e-145 3.05494e-89 4.62197e-95 5.47166e-109 1.81637e-94 5.31937e-58 4.4517e-110 2.01902e-55 4.08019e-156 3.27444e-59 8.64962e-38 1.91323e-133
8.14651e-81 3.63585e-171 1.5056e-96 4.85491e-75 2.87491e-84 8.94043e-262 1.51999e-81 1.59403e-123 8.58578e-24 8.95952e-65 9.57713e-97 2.04912e-196 2.1721e-129 1.77736e-94 7.32898e-78 0.0700649 1.79091e-66 1.18605e-57 6.44188e-20 1.26376e-116 6.79443e-20 8.0577e-85 0.0956954
5.14453e-73 3.40723e-164 6.52656e-97 3.18784e-29 1.67342e-37 3.07012e-173 1.33611e-182 6.2581e-57 1.74839e-79 0.1459 3.73823e-88 1.72577e-112 1.49915e-80 1.26268e-94 4.37243e-106 4.36891e-115 1.24198e-130 6.09633e-124 4.40965e-126 9.39546e-241 1.58805e-81 1.51515e-132 0.0043883
5.21977e-110 1.25169e-96 9.83948e-39 1.45831e-44 4.63395e-129 5.66846e-183 2.15378e-161 2.22419e-41 1.74911e-113 3.06049e-98 1.72032e-39 1.16785e-206 2.53239e-121 8.78059e-32 1.70069 2.08169e-85 1.1777e-90 3.69545e-16 6.39847e-191 1.26989e-160 6.50938e-80 3.69265e-132 5.22661e-26
1.93506e-91 9.49919e-128 0.127282 1.14847e-83 0.120274 0.227757 0.96412 2.99991e-24 5.5478e-106 2.5687e-118 0.153237 0.250064 1.81884e-71 1.89374e-20 1.19497e-88 2.70232e-129 1.17204e-83 0.0656253 1.38037e-36 0.12341 1.22222e-115 1.08292e-58 9.44723e-121
1.91155e-190 7.70848e-103 3.46909e-95 0.144544 6.91702e-131 1.06452e-125 1.3872e-183 1.93284e-40 5.32251e-88 7.33529e-43 7.55543e-111 7.01894e-198 8.86369e-39 2.1295e-85 5.30469e-29 1.29314e-88 9.40595e-60 7.39972e-121 2.40274e-61 3.77684e-125 3.64232e-74 4.06683e-123 2.87168e-147
4.74873e-112 5.82488e-188 1.05242e-133 0.048582 3.14043e-114 8.03531e-271 6.42727e-56 1.09557e-21 1.40189e-33 8.65129e-58 8.76286e-118 6.54822e-204 3.56507e-67 6.73212e-102 1.44306e-29 0.00433595 1.5179e-86 2.55587e-34 1.75394e-45 6.71534e-136 4.51467e-89 1.68331e-163 5.64023e-82
0.137649 0.0754832 1.13355e-97 9.30127e-05 9.21979e-59 9.36059e-30 2.23322e-157 6.51302e-133 0.0989884 3.02784e-32 1.0512e-89 1.64457e-77 9.0145e-51 0.0797928 0.398269 1.88453e-82 1.46897e-38 6.7745e-72 1.66287e-130 1.11312e-99 5.85416e-17 3.65231e-122 7.05307e-54
