5.51391 0.144894
2.35003e-60 1.989e-60 1.84153e-37 1.87584e-71 2.42074e-78 8.04569e-37 2.4863e-45 2.44125e-69 4.67001e-11 0.00886095 4.9258e-103 2.44323e-93 7.06959e-157 1.03945 2.54615e-79 1.82331e-54 2.74624e-113 8.94026e-148 2.25496e-76 8.03016e-122 2.22897e-160 2.60459e-177
1.00287e-29 3.79591e-127 6.35503e-10 1.13351e-135 2.64479e-124 3.06997e-15 8.50425e-77 1.18708e-94 1.70607e-177 2.18179e-194 1.82781e-184 7.46319e-40 9.53902e-19 1.09768e-17 6.14078e-151 0.0453937 3.71756e-26 2.70776e-37 1.04337e-08 4.08687e-25 4.50944e-156 8.45806e-69
2.23324e-66 2.65774e-57 1.93636e-16 1.13522e-75 1.28678e-96 6.97947e-21 3.05546e-77 9.42331e-53 1.96012e-70 4.6436e-83 2.25839e-112 3.92702e-64 7.32997e-260 0.621417 5.17663e-53 3.00906e-38 1.55811e-152 2.16056e-136 3.52452e-107 3.66052e-111 2.4186e-193 3.05036e-219
1.54241e-94 1.47849e-103 8.90911e-36 7.85954e-77 7.74054e-102 0.00343083 4.3575e-23 9.57698e-78 1.5285e-40 1.6583e-124 7.28167e-132 6.76148e-29 1.13893e-121 0.446499 0.273739 0.0390552 5.84737e-202 1.88023e-80 8.06392e-99 1.6372e-78 6.31138e-197 2.63727e-113
0.000490845 0.00327401 3.46932e-05 0.000936718 0.00062886 0.000729949 0.000160189 1.13486e-05 0.00977913 0.00260759 0.00120954 9.31309e-101 1.01238e-270 2.7812e-76 1.92953e-164 1.03611e-97 1.68575e-210 1.29856e-166 2.71144e-135 9.67791e-141 8.81328e-247 7.24875e-228
2.98061e-82 4.13395e-109 3.72586e-72 2.83249e-120 4.82768e-66 3.49388e-157 3.05868e-96 2.77419e-248 9.16032e-82 2.31939e-53 1.04147e-116 0.6485 0.148219 0.2645 3.07873e-105 2.72059e-07 2.48203e-128 0.378903 5.52635e-09 2.13028e-45 0.363656 2.92776e-134
2.90464e-93 4.69503e-103 3.60965e-07 1.44723e-54 7.51051e-103 3.35478e-61 5.1158e-44 3.81204e-151 1.36528e-121 2.58404e-149 1.84746e-161 3.42952e-43 1.98769e-227 7.53803e-69 3.36027e-30 7.77377e-35 2.26697e-106 1.38913e-163 3.54343e-130 4.67052e-39 6.09897e-157 6.17542e-132
1.31819e-65 4.16951e-60 6.95967e-52 9.58984e-32 5.02169e-91 6.4613e-93 1.4076e-56 6.40901e-69 5.5954e-101 6.36711e-113 3.42139e-58 2.16609e-21 5.12708e-117 0.237659 9.17703e-133 2.13089e-49 1.80913e-114 1.23471e-155 2.20548e-132 1.31206e-131 2.2818e-176 6.74769e-149
5.16798e-162 1.44107e-107 7.37924e-78 2.86598e-171 1.24611e-176 2.6122e-61 1.22035e-125 5.88107e-06 1.38661e-148 7.31514e-165 3.58509e-235 1.51673e-62 1.3099e-142 14.7665 1.57996e-98 8.11736e-10 0.347719 1.66685e-126 0.250572 3.69479e-77 0.0382649 2.78362e-196
4.38263e-214 1.9208e-173 6.26155e-43 2.10692e-186 6.16807e-34 3.81382e-54 7.25582e-171 3.07686e-312 2.26487e-147 1.40355e-233 1.03164e-165 7.1987e-34 3.15296e-103 3.55659e-55 1.82123e-132 3.42315e-56 5.6623e-30 2.88378e-73 4.45486e-06 0.210932 0.684084 0.153022
8.84045e-109 1.46955e-118 7.90708e-48 6.75579e-31 1.95513e-19 4.66725e-45 1.73472e-68 3.44153e-112 3.2315e-43 0.000725816 3.39393e-113 0.045227 5.90588e-223 1.29949e-58 4.46496e-65 7.91196e-09 1.56886e-59 2.89067e-126 6.01529e-100 1.27228e-129 8.46669e-180 6.79155e-150
1.4879e-91 5.5545e-33 0.0830106 2.05341e-79 1.0858e-59 3.55658e-81 4.64582e-31 0.105582 8.08676e-31 1.60848e-15 5.66595e-61 1.22904e-29 9.28119e-163 1.1933e-06 6.20904e-145 2.27328e-22 4.98414e-83 3.53825e-154 7.27917e-106 2.92086e-109 1.53689e-208 1.18847e-127
