9.6342e-42 1.5986e-74 4.28238e-81 7.88923e-30 4.22297e-41 8.82744e-14 9.32982e-83 1.70872e-88 1.16454e-34 4.47665e-28 0.00143608 4.11693e-130 5.79805e-111 4.60578e-155 1.68007e-112 4.10094e-90 3.61653e-215 4.95484e-213 1.95947e-90 0.335895 1.68164e-245 9.65866e-103
2.14015e-147 1.94724e-134 8.90216e-99 2.85982e-101 5.31071e-75 1.24846e-34 1.15363e-291 1.11401e-151 2.20903e-157 1.24383e-33 5.22648e-48 1.47517e-200 3.25649e-72 1.83031e-113 0.296164 0.383227 0.365013 1.08054e-189 0.359637 12.2833 1.27801e-72 5.97561e-34
7.98647e-93 2.09048e-23 1.03944e-79 1.77982e-78 1.89567e-49 7.20272e-32 1.25709e-124 0.00565825 5.20712e-41 2.50298e-08 1.54613e-72 1.54647e-112 8.26801e-114 3.5681e-157 9.56195e-101 4.69429e-99 2.95654e-137 7.19142e-240 1.58438e-78 0.207666 1.07462e-262 8.23613e-115
1.47353e-16 2.08941e-76 1.23476e-47 3.81955e-53 8.30459e-46 1.18531e-11 7.43021e-12 4.18818e-57 1.56233e-47 8.2098e-85 3.69691e-59 2.77628e-188 4.6601e-94 4.21418e-189 2.90863e-142 1.18994e-134 6.29372e-144 1.37002e-158 1.36297e-126 0.654578 2.02636e-303 1.20876e-95
1.41209e-208 5.82183e-90 3.31752e-113 3.63628e-87 2.20591e-134 8.1217e-83 2.4226e-177 7.57663e-62 1.32243e-22 5.39156e-149 6.90037e-39 0.110201 1.9466e-142 0.243896 1.82402e-40 1.26051e-83 2.51546e-94 2.02931e-64 3.3219e-29 3.8785e-21 2.96601e-40 2.05812e-122
2.78033e-61 1.02538e-91 3.71724e-66 3.22667e-59 1.34954e-79 4.49328e-73 4.97238e-33 7.07609e-49 7.15467e-55 6.66262e-22 8.80964e-93 4.91044e-94 1.50421e-133 4.49901e-115 4.22106e-93 1.80857e-140 2.89326e-180 1.86659e-255 7.47658e-108 0.364029 2.82973e-278 9.74918e-54
4.17118e-24 1.72517e-42 2.94718e-38 2.21751e-06 9.11034e-22 4.9119e-42 3.24266e-127 1.10516e-72 4.35981e-20 1.12297e-22 2.68787e-25 3.07431e-164 1.29882e-71 1.60308e-174 3.98312e-128 2.73179e-79 1.51511e-162 3.29324e-181 5.07091e-85 1.65071 1.81164e-279 9.94526e-138
5.66377e-62 6.27857e-07 9.3939e-80 3.34414e-138 7.571e-55 1.40474e-42 1.73888e-88 4.68896e-05 2.2237e-125 1.23382e-119 1.1573e-52 1.18638e-147 4.74793e-114 9.5595e-112 6.20332e-153 0.0698859 2.15901e-148 9.51246e-130 2.04348e-86 7.23842e-55 3.41336e-285 0.215819
5.29627e-108 1.15291e-81 1.17179e-196 1.6307e-157 7.92716e-56 2.92981e-138 0.00224145 1.48363e-10 1.81724e-55 1.47346e-185 5.55771e-84 1.71868e-31 0.290618 2.06271e-135 4.17806e-82 4.11191e-98 9.39024e-97 6.43066e-263 1.16582e-102 2.16512e-08 7.29072e-163 9.4896e-28
2.00041e-229 5.14923e-61 6.53219e-103 1.95526e-168 4.7568e-66 1.08471e-103 1.24697e-275 2.45693e-37 2.57261e-110 2.07064e-53 1.69016e-97 5.68081e-58 0.268923 8.3992e-75 4.88046e-128 1.14936e-103 9.43033e-165 0.255278 3.17872e-82 5.514e-05 0.784395 4.59636e-146
0.00263635 0.00275329 0.00507621 0.00645356 0.00438036 0.0010807 0.00061644 0.000363905 0.00108335 5.654e-05 0.0179997 1.30756e-201 1.60571e-156 6.17142e-228 8.40511e-167 2.65133e-146 3.55866e-223 8.82964e-264 9.54043e-127 1.05764e-73 8.18952e-303 5.77019e-146
2.48711e-102 4.45776e-129 1.24614e-10 1.91413e-131 2.62545e-127 1.37117e-63 3.84413e-159 2.1361e-183 1.93388e-30 3.45814e-57 9.08946e-77 3.14219e-134 1.92166e-113 1.03713e-113 1.47896e-89 1.07825e-22 0.00232262 1.34531e-122 1.93258e-71 0.348117 6.30081e-105 4.33049e-141
