1.96358e-25 2.4133e-27 3.43023e-06 1.07735e-40 4.64732e-117 2.21807e-109 1.94564e-53 1.19097e-63 1.34886e-100 0.211808 6.84677e-23 5.34389e-92 2.47367e-88 8.61428e-143 7.48573e-134 5.05914e-42 6.10697e-68 2.60009e-70 4.41832e-40 7.27377e-130 2.06369e-70 1.51779e-74 1.76082e-164 4.06727e-112 4.02428e-122 1.8858e-08 8.23539e-71 2.44733e-42 5.84114e-66
3.57064e-58 4.6945e-19 0.166858 4.35278e-18 4.92803e-45 2.54666e-58 9.61773e-57 5.68244e-82 3.92844e-62 9.51642e-96 5.59583e-90 2.46013e-99 9.66374e-61 7.4964e-95 7.58798e-59 1.71709e-42 1.53115e-72 9.15169e-31 1.106e-131 2.42767e-82 2.33505e-39 6.94021e-44 1.11151e-156 1.17277e-61 2.66495e-81 4.26492e-82 7.2861e-114 2.38488e-29 2.41282e-41
2.99734e-93 1.17471e-37 4.14433e-35 3.20831e-41 4.42477e-69 9.22537e-126 1.55981e-76 0.469847 2.08243e-77 1.35854e-21 2.22446e-59 3.32051e-45 1.01857e-43 1.16153e-150 9.71225e-105 6.06637e-111 1.61526e-87 2.33489e-40 9.89758e-113 1.19717e-120 5.83966e-81 6.42614e-23 5.48255e-186 4.81719e-114 3.14048e-65 4.8996e-36 5.86411e-51 1.22485e-25 1.44499e-26
1.66059e-46 3.12942e-46 0.000174022 1.02928e-43 1.74548e-111 7.39179e-81 3.03131e-32 1.79086e-74 4.20794e-44 1.72501e-43 1.11128e-93 0.0540641 3.80349e-06 2.44523e-48 7.97318e-92 2.49284e-143 2.95458e-68 0.0819975 3.20536e-118 5.18531e-91 1.95233e-38 1.67831e-93 4.44296e-122 2.32051e-141 4.83998e-118 3.44962e-97 1.6111e-105 2.15782e-80 2.33304e-72
4.25755e-05 8.27112e-90 2.92992e-14 0.069786 2.16592e-44 2.75322e-105 1.26333e-21 5.40442e-23 2.7343e-12 2.93068e-94 6.394e-42 2.53978e-06 1.90025e-36 3.61884e-157 2.1153e-41 0.026677 2.48482e-84 1.02306e-73 6.64268e-140 4.44133e-68 5.42474e-19 4.84283e-78 2.16271e-120 2.20584e-20 2.83456e-52 9.40491e-77 1.30918e-77 2.66034e-24 5.32661e-118
2.32244e-05 0.211409 1.53019e-55 0.0947578 0.0303403 1.20828e-170 3.04355e-40 0.153949 8.29089e-05 1.35199e-87 2.95611e-45 7.07792e-08 1.14264e-64 2.60201e-11 1.08248e-43 2.79148e-39 1.0375e-56 2.01477e-29 1.61465e-133 1.10471e-128 0.000558347 1.14318e-41 1.42509e-53 2.23775e-77 1.09512e-48 8.23558e-119 1.06602e-60 3.86086e-27 1.06841e-63
0.0918427 2.45481e-68 0.242006 3.66297e-83 5.93727e-53 2.02779e-121 2.68964e-56 7.73586e-98 1.16697e-74 8.88861e-70 3.87175e-30 8.4745e-23 5.03672e-89 0.096098 6.75891e-91 4.34379e-60 9.10573e-75 0.000182096 5.94927e-13 0.0356246 0.0725355 2.17986e-99 7.10622e-107 1.21068e-113 1.50882e-154 7.63284e-11 5.40704e-73 1.62196e-80 2.38227e-138
5.32288e-59 6.07606e-35 0.0372154 5.08898e-22 1.90971e-59 1.11811e-156 2.84168e-62 6.79846e-57 2.54891e-27 0.0482606 3.45075e-30 1.51777e-54 2.50809e-72 8.54789e-42 1.38609e-66 1.95311e-100 2.62109e-67 2.6818e-67 1.66668e-28 1.73965e-72 5.57283e-11 4.58144e-102 3.43073e-172 1.23385e-105 2.78761e-55 2.09178e-67 4.54646e-73 1.67224e-59 4.58377e-30
1.31012e-17 1.91515e-73 1.83552e-36 9.2475e-33 1.25493e-106 0.581019 7.37806e-05 1.31444e-25 4.77052e-114 1.8658e-47 0.133113 3.18151e-29 4.87987e-78 1.20274e-106 0.204067 7.0933e-114 0.092941 0.320244 1.2536e-27 8.64341e-131 2.9458e-81 0.204078 4.48483e-53 1.6526e-81 1.88539e-89 6.45043e-26 0.82952 0.428202 4.367e-125
9.76024e-65 1.67515e-07 5.53511e-70 3.37193e-30 2.41637e-101 8.22502e-84 1.8083e-22 7.5732e-105 8.59451e-17 3.39058e-61 1.21676e-15 0.46752 5.06343e-49 3.87004e-121 1.80657e-82 4.54116e-81 1.48642e-48 2.86677e-15 3.45808e-31 9.31299e-115 1.64335e-64 3.89598e-70 2.05699e-115 1.40377e-109 1.16601e-116 6.17901e-82 1.66385e-111 1.77623e-121 9.88219e-26
2.07671e-95 8.61321e-11 2.46304e-69 6.98603e-66 6.10979e-57 2.15591e-49 6.53439e-64 5.97692e-49 5.95581e-104 2.29566e-81 1.48604e-110 1.08112e-100 0.707152 3.1051e-136 2.52758e-140 1.98751e-81 1.11763e-84 0.00411319 1.61181e-42 7.29732e-68 2.7595e-73 1.01847e-24 5.01983e-148 2.21293e-32 9.85456e-47 1.21704e-85 4.26581e-77 1.18234e-75 2.93128e-136
3.64645e-08 3.79076e-88 1.33489e-05 1.37899e-17 0.0636908 4.32958e-75 1.37858e-84 8.67888e-80 1.458e-06 4.00311e-57 7.54286e-09 6.15872e-122 2.58904e-66 3.5059e-126 4.32564e-45 1.03072e-20 7.25738e-94 2.30976e-41 1.72408e-07 8.89986e-19 5.12289e-24 3.27659e-82 3.64885e-49 1.25055e-114 3.41221e-135 9.50758e-10 3.28497e-84 1.19476e-40 0.280457
4.18506e-83 4.78498e-23 9.19867e-45 8.47747e-107 6.15383e-33 2.73495e-61 5.09376e-97 1.33656e-14 4.9799e-63 0.000162713 1.95305e-20 9.93961e-138 6.45843e-49 5.20485e-12 7.22005e-116 1.9527e-80 6.67487e-23 2.5438e-41 1.6705e-111 8.99439e-155 1.06257e-70 3.03156e-98 1.7202e-54 2.22312e-77 1.77332e-144 0.0517134 1.06388e-11 1.17885e-22 0.0673476
3.00809e-72 1.54409e-63 6.73677e-58 3.07768e-84 1.31334e-32 1.34047e-163 4.11776e-34 1.15049e-64 6.38537e-49 6.7792e-63 1.18834e-44 2.12965e-88 8.19324e-19 1.2002e-119 2.89401e-72 2.22214e-45 2.69619e-117 2.39125e-31 1.84272e-112 1.24782e-46 0.0431289 5.31355e-38 7.9371e-150 7.24037e-61 1.41602e-47 3.01186e-22 4.64188e-95 5.54242e-78 2.3272e-119
8.27048e-09 1.30916e-84 4.91354e-33 4.28921e-76 5.02797e-122 4.31772e-104 1.15736e-33 2.6616e-97 1.59003e-71 9.96617e-110 5.19243e-11 0.186182 4.63729e-06 3.49297e-85 5.62496e-139 0.00608715 2.09961e-34 1.79402e-29 2.39485e-135 5.85702e-24 2.0155e-46 5.33636e-18 1.33906e-82 5.11237e-103 1.44727e-155 2.49705e-86 7.31717e-96 5.37996e-70 5.1997e-135
6.09091e-48 1.13544e-72 2.00169e-73 1.11534e-93 1.87401e-119 6.0205e-172 5.59548e-93 6.97589e-81 3.14735e-67 0.0541347 8.4651e-73 3.11153e-58 4.4734e-19 1.01887e-109 2.14967e-35 2.59149e-99 1.654e-11 5.02897e-58 2.01743e-71 7.47064e-84 9.21555e-18 2.65239e-51 1.08469e-45 1.24568e-103 0.171129 1.21001e-115 4.16672e-49 0.941301 6.99932e-08
5.9222e-29 2.38515e-55 0.0461088 1.01628e-55 1.69466e-87 1.87657e-68 0.551501 7.65588e-64 0.107525 1.39156e-38 8.91591e-91 2.7616e-37 1.54308e-44 1.59964e-93 4.92751e-37 1.92236e-49 3.5344e-63 4.98315e-100 0.0485601 7.25609e-90 5.30231e-60 3.59812e-14 0.0456229 0.141406 7.74593e-99 1.77382e-70 1.06572e-23 3.71536e-119 1.51153e-113
