1.09945e-88 4.31565e-61 3.11281e-72 6.58022e-36 3.68096e-32 6.32713e-90 3.57406e-21 0.139793 2.46771e-30 7.4837e-84 7.19748e-29 7.10991e-62 4.44817e-50 1.23562e-30 0.0895189 6.12325e-12 1.30078e-65 3.21975e-49 8.89605e-59 6.28197e-29 0.301785 2.83799e-135 9.26358e-75 6.01098e-113 8.04611e-30 2.18036e-97 1.7928e-81 1.04823e-06 3.66948e-111
1.27245e-21 1.41464e-65 5.71654e-23 5.76187e-71 1.67573e-54 5.98077e-107 2.49646e-27 3.41704e-16 1.14398e-15 5.62606e-31 6.09981e-81 1.42329e-86 1.16088e-83 5.77003e-24 1.43827e-29 4.2513e-28 5.32575e-57 2.26028e-27 0.0623839 1.03779e-90 1.80664e-31 9.42576e-141 1.13754e-71 5.20826e-92 2.82559e-35 2.38743e-114 3.82112e-89 5.23803e-48 0.203794
2.36304e-31 2.64933e-109 6.60214e-38 1.20633e-27 5.88642e-86 9.3292e-81 0.00157693 2.73044e-69 1.49152e-47 2.34269e-50 1.70244e-81 1.64062e-89 1.04412e-124 2.1386e-104 9.53595e-13 2.52884e-66 1.81465e-148 8.78893e-19 1.20957e-45 1.01553e-34 5.67637e-38 3.41417e-43 3.01584e-101 1.86191e-47 1.29416e-44 2.08848e-55 6.41232e-40 6.92726e-105 0.245815
6.5804e-72 8.26012e-41 1.45186e-29 5.25162e-114 5.40528e-73 7.17631e-91 0.540212 1.8588e-93 3.31452e-26 1.28063e-07 5.55925e-34 6.84503e-16 2.88694e-98 3.88156e-46 3.65458e-87 6.66874e-62 1.11082e-103 1.05893e-68 1.99607e-114 5.02678e-112 7.92328e-12 5.49457e-137 2.3989e-07 3.93721e-39 1.39928e-17 9.37294e-80 2.61838e-65 0.107037 8.28535e-83
4.27362e-76 1.73581e-130 1.016e-117 7.88536e-29 1.2646e-35 0.0682548 4.10743e-55 1.92192e-86 1.92869e-32 0.0165697 1.20734e-115 2.7247e-71 1.71345e-34 3.04317e-89 2.66187e-57 1.05262e-110 2.00566e-105 0.0611817 2.00503e-40 4.57117e-97 2.11094e-18 9.67969e-49 6.69552e-106 1.01568e-113 1.36498e-64 6.44296e-108 8.63984e-70 0.0336831 2.04023e-13
2.78461e-84 4.65973e-139 9.51993e-41 3.22097e-94 2.26304e-42 1.02642e-117 0.156866 3.36285e-98 1.64768e-66 2.40602e-14 6.43713e-50 4.06197e-13 2.32255e-65 3.1331e-54 3.23812e-18 2.14214e-103 2.15226e-100 9.18983e-12 2.29944e-43 1.0207e-83 7.6188e-35 1.61706e-103 3.00784e-125 1.16714e-98 1.57439e-46 1.91028e-48 5.71065e-79 1.14301e-53 2.2905e-100
1.33944e-09 1.48905e-124 1.31097e-65 2.97424e-55 7.62374e-25 9.75265e-97 0.184529 1.15852e-96 1.2051e-44 1.16963e-23 9.85818e-21 0.12369 5.52155e-106 8.01182e-19 1.605e-71 7.89074e-49 3.83952e-131 1.02514e-73 6.32459e-27 9.7524e-63 2.29704e-24 1.28453e-148 3.6102e-38 7.18487e-105 2.06184e-15 6.79887e-53 8.62934e-101 1.61061e-116 5.92942e-26
7.32458e-33 2.10609e-44 0.368422 1.7814e-19 2.57386e-57 0.261061 9.18984e-69 1.33968e-78 1.21557e-40 3.94447e-17 0.0815993 3.85025e-24 1.1857e-125 1.81793 3.96685e-86 7.77821e-83 3.1723e-93 3.19043e-28 8.45762e-34 2.24479e-07 1.09179e-44 7.99133e-05 0.190854 1.98444e-26 3.55074e-69 7.37503e-73 2.00314e-27 5.07466e-102 1.3727e-79
1.16326e-90 1.65023e-35 2.00117e-137 1.35786e-49 1.1816e-30 7.47441e-115 9.26313e-10 1.40622e-19 1.18884e-71 2.86969e-42 1.24306e-58 9.49138e-23 1.27873e-72 3.45073e-81 4.38751e-61 1.45171e-64 6.34251e-21 7.14725e-91 5.66337e-99 1.2549e-52 1.52028e-35 9.33021e-88 1.1706e-63 8.85972e-92 9.67595e-70 6.2362e-62 1.30653e-66 9.46233e-130 0.377578
1.29734e-52 1.74273e-149 2.38715e-50 0.109443 2.59288e-35 1.40152e-12 1.02436 2.89734e-77 4.78097e-59 3.96716e-78 9.26068e-51 2.4192e-95 9.79504e-83 9.07497e-61 8.6002e-52 4.98728e-45 4.63916e-39 2.35645e-71 8.5683e-90 5.5095e-42 0.0264666 2.05834e-48 1.28061e-143 1.90437e-115 4.14739e-12 1.33988e-85 1.70371e-88 1.89821e-47 2.33057e-79
2.38116e-40 3.35561e-26 4.73289e-82 4.87683e-100 3.12341e-71 0.0398239 0.263703 1.47004e-17 4.05012e-67 1.4017e-32 3.72406e-79 5.54884e-32 0.0556789 4.33735e-17 8.85441e-14 7.53631e-20 0.0309392 8.30787e-54 6.44009e-102 0.225667 6.11286e-28 0.118361 3.68624e-114 1.61344e-103 3.52228e-19 9.89983e-49 3.93334e-70 1.35501e-37 4.61098e-89
0.0712027 1.23869e-29 2.13672e-137 2.15139e-88 9.01103e-70 6.14345e-65 4.03589e-70 3.12162e-71 7.98393e-25 5.70255e-62 1.50717e-92 1.0955e-35 1.4905e-69 2.37054e-110 9.55633e-66 0.00418448 2.73707e-83 4.37292e-105 1.3974e-63 5.7892e-93 2.68559e-40 3.30167e-68 4.15841e-118 2.14305e-45 2.106e-06 6.00125e-31 8.21766e-21 6.80863e-57 0.0668044
1.24446e-19 2.91811e-94 2.02568e-64 5.17421e-20 2.44282e-66 7.07636e-78 3.83203e-48 1.71921e-108 1.02582e-11 2.54664e-80 1.34206e-101 2.11294e-21 5.46479e-68 5.50119e-60 1.14428e-25 0.0533744 1.25301e-48 4.79561e-65 1.44184e-68 5.98778e-54 2.80898e-28 5.00821e-41 9.08412e-62 2.02711e-16 7.35258e-76 3.89804e-39 1.84492e-104 2.98868e-53 6.48592e-28
1.10995e-06 0.0187237 9.00546e-142 1.05473e-76 0.0670619 8.99819e-86 3.13862e-74 1.18602e-59 2.44964e-17 3.99547e-42 4.40313e-113 1.89554e-75 8.60609e-13 1.59486e-89 1.29898e-39 5.71186e-37 1.38689e-141 0.0780101 3.0841e-84 4.74906e-44 2.37411e-10 2.94513e-150 3.56165e-109 2.35608e-50 6.90073e-43 1.30408e-46 2.97343e-108 0.218348 1.10038e-59
7.45945e-69 1.53952e-22 7.67184e-56 1.00422e-71 1.8795e-76 7.27908e-96 1.08127e-47 1.62415e-18 0.019742 2.05873e-28 1.82796e-53 2.38171e-86 4.81078e-89 4.35627e-17 3.56163e-13 1.54207e-54 3.09838e-61 1.78591e-120 2.77337e-47 6.81717e-27 1.98382e-28 5.56179e-132 1.97741e-72 0.0336118 5.46109e-05 0.0743243 0.363421 1.04347e-108 4.00116e-49
3.21147e-42 3.55259e-137 5.08355e-93 8.78586e-10 8.54287e-15 3.40601e-38 5.21091e-59 6.76003e-27 4.41382e-23 6.11509e-82 7.37899e-68 2.28955e-13 8.53624e-34 2.56993e-06 3.41995e-70 5.16845e-66 5.38106e-79 4.85495e-57 6.1632e-76 1.51665e-60 1.86799e-34 2.13399e-149 4.41404e-83 5.87744e-58 0.153146 3.05221e-98 1.39999e-75 1.60319e-49 0.142718
1.15232e-93 8.58976e-99 9.25932e-108 8.47574e-22 1.33836e-57 7.75945e-101 1.57337e-66 5.18358e-14 5.8074e-28 9.99229e-12 3.30622e-33 1.30285e-57 2.80714e-54 1.16403e-54 4.79089e-91 1.24982e-85 2.57415e-145 3.13677e-96 0.00468899 4.91262e-79 0.0905468 4.082e-56 1.74782e-127 8.11299e-77 3.79196e-08 9.56474e-13 2.41438e-33 1.20719e-28 6.07094e-27
