1.51828 0.0986535
1.34886e-42 5.30544e-76 2.8503e-108 3.72289e-27 0.0862063 7.03365e-75 4.81457e-40 5.93413e-41 4.7921e-90 4.96317e-39 1.10426e-28 0.0331457 0.00110088 0.251109 2.24986e-67 3.55129e-66 0.0273557 8.62809e-52 2.60852e-38 0.26815
1.90339e-18 6.58386e-29 0.123952 8.48963e-151 1.80965e-12 1.00779e-59 1.39342e-60 5.36124e-66 2.85818e-07 5.28934e-45 1.50509e-30 5.72133e-77 0.0498178 5.1823e-87 4.68578e-68 0.83228 6.0208e-57 6.96283e-43 7.59072e-48 3.50954e-30
1.44707e-53 1.37565e-07 9.14311e-131 0.0709715 7.97593e-68 3.92272e-83 3.38442e-68 4.26991e-34 0.0168189 0.000396195 0.0855574 1.01335e-79 0.0531158 0.158648 2.45697e-35 4.94593e-12 4.92644e-60 0.00158776 7.71758e-11 2.72321e-40
1.71777e-49 1.01055e-25 2.00676e-71 3.58483e-52 6.65588e-80 1.72718e-18 0.188115 3.44221e-34 2.96535e-119 4.92767e-54 1.13318e-90 4.14233e-56 4.24918e-50 7.06207e-55 0.0273517 5.78984e-15 3.39804e-84 2.71044e-10 1.3112e-47 0.0185089
0.0230116 3.0073e-06 2.49345e-07 6.7871e-164 6.1355e-88 6.24182e-78 3.46017e-58 9.18366e-76 3.75625e-112 4.66766e-68 4.04175e-100 3.23446e-74 8.52888e-47 8.56185e-83 9.01988e-78 1.72368e-63 2.9211e-100 1.44869e-78 1.91625e-42 1.86239e-72
1.35067e-21 4.96632e-43 6.00707e-75 2.20161e-118 1.17789e-61 7.5114e-22 1.59154e-09 0.010973 0.103409 0.116089 1.03293e-59 4.14842e-27 1.42624e-06 4.307e-32 5.09142e-40 1.11722e-48 1.27184e-52 0.103051 8.86244e-32 5.52509e-25
6.79055e-31 1.28982e-15 3.35609e-38 4.84378e-78 1.20535e-37 2.79298e-68 1.02937e-30 8.48217e-14 4.09021e-68 1.66658e-57 5.78509e-100 4.05622e-23 5.97359e-47 0.0335833 7.80126e-31 2.77297e-06 3.08436e-106 7.36894e-50 0.058206 2.17909e-41
2.23348e-10 0.0573432 1.68753e-14 1.16352e-143 3.61828e-17 3.32983e-38 3.00507e-40 0.333307 1.53062e-87 5.71764e-59 3.11595e-90 2.10296e-78 1.6089e-38 3.44895e-08 8.92652e-64 2.55074e-18 4.87282e-99 3.28673e-38 8.5291e-15 3.68999e-38
7.94377e-40 1.79096e-55 1.33826e-68 2.03173e-48 0.00644511 0.012051 0.0592747 1.14046e-73 6.94305e-117 5.00996e-28 5.77636e-48 1.39534e-48 5.88206e-08 1.30861e-62 6.79433e-46 1.93619e-64 1.23734e-40 6.01689e-87 1.0189e-10 1.42731e-25
