2.22045e-66 0.3459 5.6523e-34 1.01967e-81 1.17561e-32 1.62867e-66 4.93062e-86 6.11982e-40 1.30151e-25 1.49693e-51 1.99e-27 2.40895e-51 8.63408e-74 9.42419e-68 2.68246e-64 4.77521e-36 9.76235e-32 2.26814e-37
2.61729e-66 2.70059e-51 5.83167e-34 6.07465e-90 2.17804e-65 2.01395e-75 5.95234e-65 1.58106e-98 8.45504e-11 1.08113e-50 1.495e-21 3.06939e-27 7.66565e-93 2.02107e-89 7.66671e-77 0.119637 5.93957e-43 2.73669e-66
3.1789e-85 2.52818e-30 7.04873e-82 3.98674e-70 7.9374e-76 1.64896e-67 3.2222e-61 3.1771e-72 2.56201e-39 9.72098e-62 2.89481e-49 5.36523e-51 4.98343e-89 3.16394e-67 1.15567e-84 0.0694894 3.07675e-67 3.6391e-37
2.12277e-24 2.42309e-61 0.102627 2.12913e-39 0.287249 1.38829e-74 5.94647e-12 1.82322e-89 9.42786e-22 8.35903e-75 1.15197e-35 3.59772e-35 1.63357e-54 5.73622e-20 9.13749e-07 3.5651e-41 0.314104 5.05171e-36
0.0480025 1.02839e-06 6.49778e-84 5.8562e-45 6.63022e-42 2.20071e-48 4.09174e-92 9.25819e-41 1.41459e-20 0.101999 1.9101e-25 1.64317e-27 2.26712e-57 2.99124e-84 0.459226 0.00839477 1.53357e-98 7.77063e-20
7.07678e-10 6.0715e-59 2.13406e-29 3.17541e-59 7.18097e-27 2.28498e-59 0.165036 3.64121e-38 0.0830079 6.75337e-62 5.69967e-33 6.86186e-51 6.67297e-30 0.0440126 5.11404e-20 0.547258 1.71381e-12 3.17218e-60
2.65853e-31 5.12173e-52 2.58504e-39 0.0630093 8.92623e-45 7.18752e-23 0.0766554 2.57023e-48 1.64835e-11 7.17749e-29 1.13409e-08 5.6946e-48 1.8819e-75 9.35148e-91 2.42704e-33 4.74618e-25 0.00301594 1.15908e-09
5.72919e-81 0.0434365 1.75513e-34 6.43278e-60 6.18484e-84 1.7595e-62 5.60718e-12 1.25932e-43 3.75296e-31 3.01568e-63 0.0436672 1.32401e-36 1.27946e-54 2.18321e-64 0.125628 5.35391e-22 2.4105e-21 0.0408817
0.00340116 2.12453e-46 6.22328e-12 2.63398e-11 3.27297e-34 0.0348857 1.21141e-70 0.101008 5.90017e-26 5.15929e-77 5.60863e-61 0.0562125 0.125096 0.0601752 1.13062e-55 7.53593e-06 1.94418e-72 0.0163798
3.76035e-55 1.5686e-28 3.39013e-40 3.4937e-73 2.11818e-39 1.03409e-72 2.74114e-94 1.79993e-100 0.000221616 3.46839e-39 3.63729e-43 1.97984e-54 8.89465e-102 3.5907e-67 8.6632e-24 0.236815 5.2433e-75 3.87533e-33
9.83195e-65 2.89533e-29 1.40934e-59 1.55267e-85 5.13215e-74 7.49223e-51 5.42637e-63 6.2561e-91 1.3104e-27 4.57112e-57 2.07139e-44 2.42081e-45 1.05598e-92 5.89983e-70 2.08035e-47 0.407816 5.81007e-71 1.18902e-36
1.37172e-74 3.69891e-18 1.32265e-72 1.40496e-87 2.30507e-69 2.06484e-35 1.86985e-87 1.16711e-53 1.35838e-21 3.01646e-50 3.13345e-60 8.72432e-52 3.79285e-62 8.18012e-63 4.63524e-50 0.0857441 1.94093e-69 1.09412e-50
2.98724e-69 0.46712 3.26695e-19 1.558e-77 8.04672e-27 2.91653e-08 1.18699e-71 1.80147e-39 2.36607e-36 1.53262e-33 3.03818e-52 1.96266e-16 2.88227e-45 1.17551e-79 1.81944e-07 4.47548e-19 3.05647e-94 6.77495e-56
2.62414e-74 1.58937e-39 3.44331e-69 4.87362e-62 1.38681e-44 3.13252e-68 3.50285e-55 1.03841e-98 1.38692e-45 2.00436e-65 6.64563e-49 2.8353e-50 1.25574e-87 3.82214e-59 2.92497e-76 0.0919643 2.16812e-67 5.03966e-50
