0.178665 3.07517e-18 5.25563e-47 2.6724e-141 1.68995e-141 4.3404e-244 5.34703e-64 1.35267e-122 3.38766e-77 3.05915e-148 3.54242e-70 4.90009e-34 9.36288e-42 9.12789e-10 2.4489e-253 0.0717216 3.16113e-147 3.20508e-167 5.12041e-185 9.28167e-161 8.99698e-31 1.64127e-141 3.82776e-211 2.64361e-151 8.21837e-83 1.48589e-14 5.75715e-270 3.15497e-96 3.45723e-178
5.7543e-35 3.88022e-44 6.97316e-34 1.52405e-152 3.41437e-153 2.63977e-254 5.29508e-132 7.7148e-110 1.41927e-107 4.79862e-134 4.1921e-40 5.49338e-26 0.797815 4.77344e-36 5.02749e-223 7.76511e-73 1.9897e-114 9.79657e-265 2.12259e-228 7.34261e-238 1.99089e-26 1.51983e-169 2.0557e-277 4.92884e-129 5.36805e-149 3.25882e-33 7.09138e-273 9.06998e-163 1.20214e-258
1.35652e-43 2.42728e-87 3.66447e-17 2.18718e-136 1.5205e-125 5.6018e-254 8.50075e-133 1.52665e-116 5.65467e-89 3.52096e-130 9.03184e-52 2.30437e-23 0.336884 1.77454e-50 3.12438e-218 4.68745e-30 1.3801e-105 1.33362e-198 3.48455e-189 5.72008e-204 2.42957e-27 5.74938e-153 1.54263e-271 1.63847e-69 1.17356e-143 1.34406e-47 3.16205e-249 1.00125e-158 1.14271e-204
9.71916e-33 3.0176e-78 3.28026e-34 1.96577e-161 1.863e-140 1.28958e-267 2.33153e-157 1.49634e-128 5.88609e-114 5.04784e-159 4.41708e-49 2.48905e-34 0.310169 2.32505e-65 1.62235e-253 1.13177e-105 5.57454e-121 2.93874e-258 9.34723e-225 9.19281e-248 7.01321e-63 6.16456e-162 6.22968e-250 3.84719e-136 2.1535e-166 5.73254e-76 1.91374e-216 1.49482e-169 1.33262e-251
8.12048e-55 0.0493333 7.51377e-10 1.6632e-107 1.77494e-146 1.97602e-268 1.91128e-94 2.19201e-100 1.12855e-128 1.44242e-122 0.17345 5.62184e-49 3.84876e-24 1.9957e-74 4.39901e-178 2.127e-68 4.23294e-119 2.28485e-268 4.40985e-196 3.91267e-242 9.29701e-60 1.29467e-106 9.6957e-227 1.93785e-77 1.24485e-114 5.48367e-25 1.41742e-182 5.30153e-138 3.12619e-248
2.50137e-34 5.64857e-83 2.53709e-34 2.64295e-150 2.28096e-154 1.95816e-268 2.86108e-142 2.17725e-117 1.85302e-131 8.45589e-152 8.43454e-67 8.33248e-20 0.103538 6.77442e-66 6.44155e-219 1.20475e-65 2.24125e-120 2.51413e-266 3.46199e-199 1.1071e-240 6.18106e-43 7.31263e-174 6.8405e-238 1.73595e-128 1.06076e-145 4.93731e-43 3.74194e-247 1.98263e-183 4.00164e-261
1.24631e-42 1.09743e-65 7.76289e-66 9.3549e-154 4.79525e-127 2.95288e-263 8.71299e-136 4.20885e-132 6.78921e-119 3.59543e-163 2.53206e-56 7.15948e-54 0.22945 1.48414e-51 1.10646e-230 3.16192e-66 1.85773e-140 4.22004e-283 1.77158e-216 4.21074e-227 3.85698e-48 6.74134e-176 5.68876e-250 3.10893e-150 3.43071e-163 1.24998e-48 3.5853e-247 7.09115e-156 5.0403e-261
5.44878e-59 1.60261e-81 7.09957e-39 4.25235e-161 3.96413e-121 2.75299e-243 5.35708e-132 1.1662e-107 4.62002e-137 6.2822e-142 9.24095e-43 2.51334e-17 0.774507 1.0616e-60 1.44383e-247 7.64483e-89 2.1805e-146 9.89158e-242 4.48367e-200 5.23372e-207 8.52037e-45 8.11766e-148 4.37576e-242 1.74463e-109 4.83712e-145 1.3816e-51 2.24145e-228 1.14159e-156 7.73127e-246
4.83874e-25 1.01704e-17 7.62016e-58 6.66528e-183 3.44078e-148 7.63881e-207 8.90411e-68 6.91302e-110 7.20725e-129 1.50031e-154 0.0155892 1.86552e-45 2.4182e-17 0.0619004 8.73795e-199 5.14771e-07 1.5327e-94 3.30017e-277 2.5891e-180 3.08336e-215 8.49476e-55 2.42432e-146 7.04904e-255 8.84117e-157 3.94565e-117 0.213702 2.37193e-203 1.31833e-176 2.01839e-230
2.96368e-41 1.16195e-53 3.24162 0.129088 0.427472 0.797856 0.442696 0.460096 0.383269 1.23781 1.77781e-34 1.27867e-05 6.76559e-16 4.14899e-08 0.634037 3.50567e-67 0.215477 0.948794 1.0074 0.181644 5.53263e-07 0.365193 0.245937 1.13491 0.371524 4.64592e-25 0.660234 0.492785 0.503007
0.440265 7.02131e-30 4.24013e-43 7.7221e-142 9.51268e-141 1.32891e-232 2.11119e-99 2.02532e-81 3.46357e-85 9.25658e-100 0.156847 0.216508 7.17577 3.73491e-46 2.12599e-208 4.34345e-14 4.32573e-88 6.07605e-175 3.97577e-221 2.58834e-178 0.646931 3.6756e-152 2.8518e-266 1.20909e-147 5.3518e-136 2.74624e-77 1.11149e-226 6.67051e-157 2.90042e-234
