7.89975e-37 4.23231e-30 2.89196e-47 1.59312e-72 2.67405e-18 2.36007e-26 1.5649e-43 5.28148e-31 2.12888e-54 1.92279e-32 4.12939e-39 9.35164e-28 2.04812e-67 6.74513e-15 1.52269e-47 2.48319e-10 2.79982e-25 2.49793e-40 3.86596e-39 1.75785e-43 1.05833e-39 0.046918 1.4973e-29 6.82421e-20 8.59696e-32 1.328e-24 1.15112e-43 6.41642e-34 1.24285e-18
2.41278e-12 8.72552e-18 3.14101e-19 7.60056e-43 7.78396e-10 5.87595e-22 9.0749e-07 1.78424e-24 2.5728e-38 0.000179077 0.0491859 0.0170093 1.1614e-36 0.0141311 1.5841e-39 8.4813e-15 8.10997e-27 6.34788e-14 3.45669e-31 1.28941e-12 2.37578e-23 3.12447e-19 5.63485e-34 2.88391e-10 5.08933e-35 8.27373e-11 0.021808 9.53914e-26 1.45937e-46
5.51795e-26 1.11623e-21 1.33082e-40 2.49985e-53 7.21519e-19 6.18807e-06 8.09979e-45 0.0228888 9.06245e-32 1.26899e-32 1.49561e-28 0.000646713 1.64017e-33 0.160986 1.30229e-29 9.90999e-11 3.7606e-18 4.44429e-49 6.21145e-18 3.82691e-31 4.63004e-59 3.96696e-26 7.30428e-39 5.18584e-18 0.0567249 6.1643e-08 1.88856e-20 6.92493e-08 7.36749e-37
1.20091e-15 3.33448e-26 2.56039e-38 2.39393e-43 4.87437e-19 1.04683e-17 0.0246509 1.61352e-07 7.45383e-55 4.8264e-24 4.63564e-14 3.55487e-11 2.37138e-21 0.0887183 1.02662e-40 1.38863e-12 9.19001e-27 3.5418e-54 1.24062e-24 1.01658e-18 5.18402e-10 0.0734997 7.02858e-14 0.115668 4.35161e-22 2.36369e-36 1.26854e-26 6.74978e-36 1.32959e-40
6.64401e-22 1.69716e-13 1.04082e-42 3.79149e-67 0.00443107 2.11726e-25 1.05929e-05 5.2978e-13 8.179e-41 2.54242e-24 8.72723e-35 2.44625e-11 6.12675e-36 1.23467e-23 2.11886e-42 1.5909e-06 2.94942e-06 4.8405e-53 3.91384e-27 4.69215e-51 8.29449e-63 5.5719e-21 8.91428e-35 0.29222 0.00893191 0.214718 2.1868e-18 1.12531e-15 3.42863e-15
3.54816e-36 2.18491e-21 1.90358e-38 2.44043e-76 2.76439e-07 3.45778e-20 5.02287e-10 2.04378e-29 1.39506e-56 3.01432e-34 1.77874e-29 2.07241e-06 4.0185e-65 5.13656e-29 5.2412e-43 6.28867e-10 0.443984 1.38372e-19 3.74681e-15 4.70168e-47 1.19059e-51 5.23607e-29 5.933e-15 1.73557e-14 3.97085e-37 3.17518e-20 2.8629e-36 4.66705e-40 5.73131e-26
2.0595e-37 1.39264e-29 6.67058e-44 1.16481e-66 2.42222e-09 0.196939 3.89846e-12 0.0436771 4.76973e-71 4.97684e-20 3.79761e-30 6.81632e-14 1.95999e-46 1.70712e-05 9.47984e-23 0.0634394 2.4979e-27 8.72805e-27 2.70206e-12 9.24282e-25 4.98219e-60 2.40256e-30 2.10248e-12 8.70234e-25 1.71236e-23 0.084907 5.92715e-34 0.0557115 9.84734e-32
0.0141402 1.87201e-29 0.175336 0.567241 3.44239e-07 1.41322e-08 1.16941e-19 1.49117 0.104064 0.000252362 6.05322e-20 1.33543e-13 3.28534 1.38709e-14 0.0710795 1.06033e-11 3.30854e-22 0.0734301 0.13041 0.0457675 0.314599 1.57944e-18 2.23999e-21 1.08027 6.09253e-08 1.81384e-23 9.06539e-19 0.0101138 0.109017
1.28912e-35 0.0451035 1.84185e-49 5.60342e-69 3.82323e-18 1.08082e-31 2.80018e-23 2.10903e-07 2.04122e-41 1.55197e-09 6.2818e-06 3.76534e-21 3.61672e-35 9.16734e-16 3.33783e-22 1.81699e-18 0.000375414 2.06694e-43 6.73493e-42 3.0138e-56 1.92116e-25 2.14016e-30 2.55387e-23 3.08763e-11 0.336164 1.93229e-10 1.01689e-26 1.11822e-13 9.80838e-21
5.49504e-29 1.2755e-09 1.8369e-53 2.55048e-50 1.4998e-15 5.02967e-19 5.75157e-18 0.93105 2.62735e-62 5.37073e-34 3.56824e-14 1.28968e-16 1.68111e-50 9.44571e-29 1.05337e-26 5.15754e-05 0.187205 1.22672e-51 6.2408e-38 1.04106e-57 2.13416e-55 2.71324e-26 0.010524 2.21564e-08 5.20039e-15 1.69736e-06 7.54764e-27 5.60629e-14 3.294e-43
4.24462e-30 1.44088e-15 5.37767e-59 7.03066e-66 1.23132e-05 8.66775e-20 1.93235e-14 1.46146e-17 1.67389e-65 0.0373253 2.48842e-21 6.30983e-07 3.50782e-34 7.63248e-19 4.86102e-33 2.52654e-13 9.42151e-08 2.16319e-44 7.82196e-26 3.77199e-57 3.44285e-43 0.0101473 5.87707e-22 0.00484678 4.29724e-05 1.06081e-10 7.79774e-10 2.07326e-40 1.08738e-18
