3.77582e-71 1.58453e-44 7.57828e-43 1.91716e-16 2.64494e-39 0.43862 5.55122e-139 1.57001e-45 2.5274e-49 2.56642e-29 1.81563e-75 1.53513e-58 9.69283e-55 3.05148e-54 2.31676e-46 1.43856e-21 1.67031e-20 3.37949e-103 6.6175e-47 1.03569e-68 5.69644e-67 2.22622e-51 7.41803e-35 7.57472e-45 4.64566e-125 6.02518e-112 1.80535e-17 2.16068e-119 4.41456e-43
7.14754e-28 5.43085e-25 1.31661e-65 1.34646e-37 1.01954e-24 1.20408e-39 1.12885e-54 3.43385e-29 0.0114583 0.161033 8.76706e-113 1.62379e-68 5.92899e-55 1.4606e-75 2.26508e-05 9.70132e-39 1.47298e-22 1.63323e-93 4.58795e-56 2.35622e-14 1.31136e-77 0.0703909 4.96074e-20 1.26437e-06 9.62754e-54 7.36227e-129 3.9016e-65 5.75383e-144 1.45645e-37
4.52603e-63 0.116136 6.1161e-09 2.15378e-40 0.0081944 4.57989e-43 1.77962e-87 0.0738889 1.80176e-47 0.0048988 4.26961e-66 2.73737e-45 2.41878e-62 9.56085e-60 0.0122115 7.04321e-25 5.6097e-24 9.9863e-60 9.02003e-68 1.09034e-35 2.99381e-52 2.15468e-36 2.0877e-14 5.81598e-33 1.19575e-135 4.60903e-105 6.43056e-08 9.95497e-110 3.17549e-17
4.65088e-67 4.56087e-27 0.0265462 9.01458e-07 5.49862e-37 5.20403e-16 0.127587 1.47497e-10 1.72155e-71 1.36223e-69 0.0342472 0.127579 0.0278299 0.98755 3.16293e-38 1.82211e-14 1.18493e-15 0.0481467 9.25103e-16 0.0635131 0.110241 1.05981e-61 4.5507e-24 1.76033e-39 0.603651 0.0907751 8.66714e-14 0.0428151 2.04798e-31
3.69922e-67 2.64047e-13 3.08143e-73 3.80955e-25 2.09905e-16 4.63427e-50 1.7018e-138 2.1242e-10 6.10422e-38 2.24569e-31 7.35893e-109 6.66933e-72 9.62263e-69 2.62338e-22 5.92621e-47 8.38044e-43 0.0693623 6.99856e-106 8.77408e-20 1.25083e-69 2.26448e-81 4.33466e-12 1.89337e-34 0.125628 7.3939e-120 2.24676e-83 2.62875e-44 1.05503e-160 0.0962439
9.32522e-17 2.3075e-22 6.47455e-57 5.6897e-37 3.40927e-41 0.54364 4.30532e-67 3.37295e-10 3.14221e-74 2.94886e-24 7.73269e-77 4.55289e-46 2.21548e-38 1.38747e-19 0.0355574 7.69375e-05 1.09746e-17 9.91129e-83 0.119199 4.53578e-64 1.19624e-59 4.5239e-53 1.1811e-12 3.23716e-26 6.7154e-123 2.32792e-58 0.0388279 3.61707e-126 6.10156e-39
2.02338e-36 4.98905e-42 1.04305e-58 0.0615034 9.56246e-33 2.89326e-16 4.73221e-87 2.30983e-43 7.84102e-73 1.38085e-40 1.28553e-62 4.17436e-75 1.1896e-49 6.24599e-52 3.11413e-09 2.00173e-13 1.85249e-06 2.67692e-72 2.33237e-65 1.74384e-49 2.81111e-31 1.1577e-36 4.94374e-25 3.82999e-24 2.27016e-115 6.07651e-67 1.12935e-13 2.53142e-150 1.52879e-19
0.0812578 1.02168e-36 1.12604e-60 8.8555e-41 9.94491e-39 2.20801e-41 5.37517e-118 0.000103348 5.12466e-75 7.82357e-46 9.35487e-52 9.45907e-80 1.90315e-75 9.49963e-30 2.77053e-05 2.05242e-11 1.45696e-37 1.73472e-96 0.0663628 6.4644e-07 2.61372e-48 9.04523e-64 0.110777 8.78861e-29 3.8424e-121 1.32445e-70 2.10972e-53 4.29327e-116 1.50663e-43
6.24309e-41 1.58425e-35 5.24453e-48 0.127501 4.08701e-05 0.418719 2.20905e-100 2.28747e-09 0.00113681 3.58711e-19 7.28658e-84 2.455e-47 3.96538e-36 7.05352e-13 0.000360917 0.0444294 9.00451e-29 1.25977e-109 2.31053e-51 5.44481e-78 3.54168e-80 1.94575e-71 8.67464e-52 4.15638e-26 1.19113e-116 5.82738e-80 5.14189e-48 2.34133e-127 3.84574e-11
2.44733e-22 5.0529e-57 2.48267e-32 3.07307e-26 5.49881e-36 0.249729 6.40839e-141 2.15932e-32 1.73787e-53 8.32569e-48 3.29344e-110 1.3556e-52 3.52986e-72 2.80698e-44 1.44679e-40 5.59255e-08 3.50305e-26 7.92758e-83 3.67406e-50 2.35491e-38 7.86956e-55 1.4124e-65 1.35521e-32 2.07068e-49 5.74461e-105 5.15552e-126 7.39705e-36 2.64168e-120 5.74031e-23
1.73839e-32 7.81157e-40 9.39014e-62 0.0530018 4.1117e-28 3.93726e-38 2.10263e-100 3.2529e-07 3.09179e-65 8.09398e-36 7.8111e-124 2.5093e-37 1.39481e-78 7.98015e-41 5.75844e-26 1.79741e-31 0.000305292 3.61479e-113 1.13889e-38 1.72352e-71 3.43486e-68 6.04276e-40 1.05767 1.87563e-39 3.00255e-68 8.54606e-47 5.48219e-65 9.66555e-100 8.72664e-37
