2.38288 0.133541
1.31041e-104 0.0197946 7.99215e-19 1.68538e-63 1.63187e-62 2.51198e-145 2.3743e-76 1.72009e-55 4.3694e-57 4.07286e-35 6.80821e-89 9.31231e-158 6.51323e-48 1.68559e-118 2.10279e-120 8.10336e-104 8.81455e-75 3.00497e-105 1.35335e-11 3.47792e-38 3.44801e-117 1.10755e-12 4.50876e-75 1.05094e-123 0.0525741 2.70949e-70 1.70684e-74 3.8406e-99 6.31517e-05 2.84248e-67
8.69481e-122 6.34883e-35 1.22663e-114 2.019e-72 9.51518e-58 5.85849e-56 1.78228e-59 1.67298e-38 1.75941e-57 1.85673e-93 6.96162e-146 3.93431e-160 2.04418e-99 5.63744e-44 2.56796e-130 8.7631e-102 6.58396e-39 0.171919 3.51749e-67 1.59507e-76 8.3784e-08 1.21384e-56 1.17261e-110 1.41307e-59 6.27351e-115 0.561043 3.11641e-148 8.04206e-81 6.4655e-113 2.46346e-44
3.25943e-76 1.35176e-18 1.34383e-85 3.60015e-132 1.42973e-25 4.06267e-85 5.33378e-108 0.00855896 1.25319e-91 1.35681e-34 2.5181e-131 2.41395e-76 2.89249e-112 4.04489e-52 1.37744e-131 4.30605e-27 4.66288e-10 2.84547e-82 3.173e-82 2.1719e-42 2.0857e-69 1.34035e-40 9.57679e-97 1.35796e-46 0.158151 2.32551e-32 1.24259e-94 5.95533e-127 0.0632964 1.04704e-55
6.28936e-162 1.58135e-18 7.79803e-105 2.97585e-74 3.57656e-65 1.43782e-24 7.77758e-92 8.08654e-74 3.08205e-178 0.318106 8.44019e-48 5.04011e-26 4.21959e-10 2.08065e-70 2.67657e-59 9.40794e-56 4.50072e-10 9.68009e-27 5.07175e-13 3.27919e-25 1.67725e-74 3.22342e-40 3.18692e-86 3.29901e-108 1.48199e-75 0.0582176 9.35945e-14 8.44764e-08 1.15361e-135 0.00186987
1.57469e-90 1.6264e-05 1.17595e-37 5.20948e-76 0.492353 1.93652e-88 4.23542e-150 0.0321348 2.42027e-148 1.5065e-48 2.71974e-36 4.99597e-70 2.2621e-76 9.38992e-106 8.9781e-51 3.11044e-58 3.40905e-99 9.99497e-120 1.22425e-151 2.12495e-31 5.22424e-61 2.35429e-39 7.34015e-37 1.67768e-81 1.018e-115 1.6727e-125 1.86825e-62 7.21253e-143 3.02944e-103 1.73264e-05
2.12484e-53 1.82418e-27 2.34568e-25 3.04516e-137 2.15422e-74 4.76019e-34 7.17591e-25 1.43077e-82 5.39979e-33 6.52325e-27 2.10989e-34 9.63428e-133 2.7438e-14 9.99541e-107 9.88728e-149 1.00939e-55 1.22311e-157 1.85725e-27 3.35976e-72 0.189503 1.12471e-133 8.17111e-29 7.51462e-39 0.0686817 1.59413e-30 0.117206 1.45749e-22 6.10744e-77 1.08794 2.12662e-42
6.99337e-104 1.22254e-25 2.16692e-32 5.78984e-21 9.88749e-102 3.04025e-105 1.13265e-156 5.0594e-79 2.01006e-87 1.1656e-91 1.36692e-138 1.58689e-140 8.50018e-73 1.5671e-99 2.23953e-55 0.467554 0.032247 1.64966e-151 1.34737e-46 3.32993e-13 1.00006e-139 5.16391e-82 3.15849e-88 1.57999e-115 1.8321e-83 1.47039e-15 1.34591e-138 2.53627e-108 8.98955e-145 1.68784e-50
7.44716e-33 3.26581e-46 0.00292189 3.55484e-124 1.6085e-105 2.31695e-101 9.72556e-109 2.24096e-18 6.36174e-38 6.5242e-77 6.65621e-144 2.21097e-34 2.39326e-32 2.59201e-22 4.8501e-57 2.30946e-74 1.48732e-61 8.38981e-108 6.81498e-40 1.80018e-111 2.84822e-106 2.19257e-65 3.83636e-20 1.55382e-63 0.0522974 6.70303e-08 1.57505e-58 1.77579e-110 5.3977e-88 6.06878e-91
6.80809e-126 8.27208e-29 2.2638e-112 3.96479e-56 1.29318e-111 0.18963 3.12202e-47 3.33974e-30 1.03898e-132 2.73404e-63 7.68739e-54 4.50381e-142 0.043485 0.0753238 2.02169e-176 1.21005e-115 6.09156e-136 0.000226001 1.11985e-22 0.256195 1.26832e-56 1.11157e-46 0.0562252 1.04968e-114 7.58746e-99 2.87723e-18 6.02926e-29 6.41949e-157 3.70367e-95 4.51433e-56
5.40148e-117 2.19833e-41 4.90747e-132 1.59e-100 1.02038e-72 4.32021e-27 2.61273e-43 6.69987e-61 5.66334e-44 4.09174e-29 0.127729 4.70468e-54 3.10761e-112 4.70778e-28 5.44148e-154 3.82491e-128 7.5477e-92 8.24864e-87 0.24631 1.23075e-58 1.31231e-08 5.24135e-74 1.97722e-97 5.09159e-104 4.24922e-64 5.12494e-92 5.85519e-146 0.0355149 0.0973895 5.29514e-05
3.26231e-19 6.39108e-39 1.35766e-50 4.05012e-12 5.46322e-110 2.36998e-35 9.62414e-71 2.96421e-07 6.75644e-140 2.65426e-17 1.29478e-120 5.27452e-147 4.5075e-34 1.42686e-87 1.4235e-60 5.08414e-147 1.78733e-91 1.042e-38 3.44915e-156 0.000158771 7.28291e-30 9.64936e-12 2.36673e-49 5.32363e-29 1.79336e-30 3.41072e-65 3.17786e-127 5.15247e-36 2.07077e-17 2.8557
5.43736e-113 2.24468e-82 4.36444e-32 4.11135e-165 4.65065e-27 2.65014e-95 2.64214e-109 7.89344e-35 2.74197e-101 4.04357e-34 1.69273e-63 0.132302 1.54663e-25 3.71529e-98 3.6871e-39 5.98592e-72 4.04834e-13 4.46524e-43 4.91316e-58 1.21045e-128 1.12048e-92 1.59071e-69 3.22176e-19 1.16015e-49 2.29008e-73 3.10198e-20 1.17122e-73 1.37936e-34 0.112598 1.43143e-125
0.0563678 8.39582e-39 2.20351e-20 0.174921 4.39623e-06 8.40947e-67 4.80528e-151 1.16092e-08 2.49735e-155 4.54977e-79 2.5476e-157 2.86289e-86 8.08921e-118 1.62731e-87 1.7413e-68 8.27602e-70 6.36652e-160 3.08255e-149 2.13095e-59 9.70128e-76 1.11489e-131 4.99032e-35 2.44647e-79 2.48661e-98 4.03207e-23 4.2956e-80 3.31255e-168 4.55701e-62 1.05067e-59 2.11454e-49
3.55067e-36 0.0197263 8.72663e-67 1.88076e-119 8.20759e-75 9.60605e-75 1.66179e-132 1.2485e-77 1.22681e-161 1.13976e-09 3.42688e-117 8.87326e-12 7.326e-113 6.90891e-32 4.06243e-132 0.168516 6.63071e-81 4.4185e-149 1.39885e-32 7.06889e-33 2.0288e-129 5.48284e-93 1.8958e-104 3.58894e-59 8.65626e-25 3.11821e-134 1.01079e-13 2.49792e-46 6.34853e-96 1.88723e-80
4.60309e-61 1.11932e-98 3.50719e-24 2.85079e-53 8.97956e-113 1.97514e-66 3.65262e-122 1.90131e-72 0.113875 6.9416e-93 6.75001e-34 4.84485e-14 2.1782e-65 1.2906e-73 0.246176 8.93096e-104 7.93316e-51 3.63313e-92 0.0940425 1.17466e-106 7.79408e-107 1.18061e-56 9.04826e-91 2.28708e-10 4.05033e-63 1.2363e-102 2.26432e-166 1.1813e-101 5.56053e-162 1.1343e-10
3.93864e-77 1.70916e-13 3.2312e-35 1.04973e-137 1.08546e-83 1.12957e-20 0.257911 1.5148e-36 2.58851e-53 5.2901e-87 1.58755e-127 4.6953e-75 1.76105e-113 2.30467e-33 3.95656e-154 0.105457 4.23622e-54 1.58378e-43 2.47446e-109 6.93756e-68 0.241347 0.0665791 0.00179122 2.65154e-91 2.0075e-102 9.02416e-114 0.244678 2.31755e-77 6.96124e-47 1.95356e-34
