4.10152e-179 8.69967e-42 8.40876e-94 1.06849e-205 2.03785e-172 6.07848e-209 1.75179e-268 8.13248e-80 3.60322e-18 8.35911e-155 7.29915e-207 1.36711e-106 2.58513e-08 5.43658e-09 3.34788e-49 2.89818e-73 4.86805e-64 2.62148e-33 1.31053e-199 1.04265e-167 5.78996e-194 0.220261 1.62444e-62 9.56714e-67 1.16283e-26 5.14699e-110 1.36909e-88 1.05376e-104 2.17164e-40 4.38909e-83
1.30339e-284 1.58333e-247 2.36183e-13 7.6217e-230 4.47043e-172 8.24818e-122 6.83722e-134 8.66337e-16 1.26874e-144 5.54953e-75 1.63946e-38 0.116172 7.20028e-39 2.79606e-145 3.0132e-13 2.09683e-143 2.37252e-39 2.66145e-131 2.03621e-163 2.85684e-116 3.10451e-233 0.0475408 7.83258e-48 6.32536e-140 1.13731e-92 3.26642e-19 2.09515e-83 0.231698 7.3451e-31 4.73278e-144
3.99449e-60 3.76911e-82 7.87979e-223 2.2903e-275 1.81037e-47 3.53595e-82 1.00331e-07 0.391798 3.56621e-120 0.00126091 8.43339e-25 2.77455e-67 1.82751e-12 9.05839e-89 1.40951e-71 7.68549e-37 1.08513e-161 0.231957 2.10494e-21 1.30006e-32 1.05851e-182 3.52517e-64 0.282275 1.72164e-94 6.42916e-82 4.46198e-87 2.37283e-45 6.45833e-09 1.09982e-07 1.14502e-17
5.08087e-238 4.38335e-291 4.62381e-37 2.19412e-213 7.30705e-25 4.99519e-05 1.50503e-164 3.36508e-106 6.05538e-117 0.364299 2.62664e-92 1.04205e-74 3.3431e-113 1.5369e-116 3.90413e-111 6.55258e-84 1.24593e-146 1.1969e-188 3.23082e-232 3.02439e-72 1.05781e-241 5.86061e-109 1.1616e-158 1.29363e-103 2.68046e-107 6.68639e-160 0.107421 1.04597e-39 2.58543e-48 3.61569e-53
1.23191e-11 1.41114e-07 1.18294e-07 0.267396 7.0121e-07 5.93775e-214 8.37581e-286 6.3815e-116 8.16137e-177 6.50026e-219 2.12122e-232 9.62792e-218 7.61249e-157 3.72916e-161 1.50799e-146 1.30211e-172 3.76663e-208 3.31202e-208 6.84807e-234 4.24725e-199 3.94885e-251 3.85516e-209 6.81708e-199 2.09026e-237 3.31246e-180 7.46327e-217 2.97656e-166 6.06623e-264 1.36799e-167 2.13363e-158
1.26268e-103 1.12293e-164 3.05972e-148 1.29045e-144 1.79801e-58 7.8229e-189 5.86801e-177 7.99659e-74 5.48939e-53 2.7769e-83 6.46897e-193 3.32958e-133 4.7616e-33 1.05011e-39 2.35248e-111 2.34826e-90 1.19939e-48 2.79664e-102 8.9341e-170 4.12732e-40 1.48477e-152 1.03287e-131 0.029939 7.66547e-101 3.97473e-110 3.90944e-210 1.17842e-135 0.209384 7.87295e-127 8.58052e-44
1.30888e-09 1.9421e-62 7.88015e-88 1.51949e-247 1.98537e-157 0.278363 5.0295e-187 0.000147414 4.52809e-182 1.80663e-52 1.69391e-202 1.89822e-50 0.185739 3.11461e-131 0.521074 5.92833e-42 0.0175985 4.12286e-47 2.95087e-96 1.09166e-142 0.353062 2.95817e-210 2.29563e-169 2.711e-90 2.64964e-165 2.71001e-132 2.92316e-34 1.34914e-169 1.73344e-29 1.12108e-120
3.88836e-06 0.00892617 1.8702e-07 0.205633 7.67455e-07 2.25535e-224 9.05354e-296 1.09042e-117 3.54476e-183 1.42514e-225 3.4704e-242 9.65853e-221 3.24268e-160 1.21437e-165 5.47804e-148 4.10123e-182 4.28223e-204 4.30281e-211 1.62792e-234 2.60268e-200 4.96074e-252 2.05723e-216 1.3436e-198 1.87756e-238 2.17422e-181 1.14124e-220 6.6529e-166 9.54732e-272 3.14337e-166 7.47267e-161
0.0338598 0.0112152 5.59088e-05 0.00100779 0.00297779 8.67751e-227 1.83916e-295 1.6343e-118 2.01964e-185 2.5949e-226 2.27648e-245 3.39485e-221 2.10961e-159 2.10163e-164 1.00284e-150 9.53315e-182 1.35159e-208 3.85226e-214 2.75219e-237 1.3221e-203 1.83212e-254 2.12333e-220 3.5444e-200 2.948e-241 9.69444e-182 4.65075e-222 3.19478e-169 1.17868e-270 1.35878e-169 4.32243e-163
2.47784e-21 1.76768e-272 2.026e-197 7.08905e-14 7.06916e-90 1.74716e-46 0.397018 9.66084e-92 2.24598e-24 5.60233e-116 6.33616e-220 3.96911e-153 6.95846e-147 0.403297 3.7308 1.28799e-05 3.66322e-37 6.42525e-120 4.49569e-161 0.156737 1.74845e-245 3.14289e-65 0.0257827 0.648784 1.0425e-124 0.164796 3.58351e-10 3.66358e-121 1.77119e-77 9.03836e-05
1.22002e-145 2.95668e-149 1.06364e-249 7.57692e-125 7.73839e-30 1.53991e-46 4.79543e-248 9.27592e-107 3.50199e-164 4.63462e-27 7.46097e-12 6.06372e-177 5.76883e-18 1.97496e-61 3.80879e-81 3.82632e-61 6.631e-65 1.04938e-190 0.118189 1.73588e-170 4.59071e-70 4.8635e-119 3.75359e-45 1.73883e-180 3.10019e-17 5.04218e-187 4.98123e-135 1.74569e-135 6.41072e-139 1.47749e-19
8.76353e-122 1.19303e-138 2.42732e-155 1.46903e-251 9.71986e-61 1.95339e-08 1.23744e-232 8.76638e-30 0.260838 1.60901e-187 4.04219e-166 0.295467 3.01936 1.12278e-87 1.28231e-34 4.06119e-47 1.99007e-142 5.10126e-150 1.44873e-14 1.9727e-63 5.88977e-109 5.63581e-79 2.73115e-56 3.06823e-105 0.315795 1.60509e-179 3.90745e-148 7.00814e-51 0.0120557 0.387875
1.29321e-102 2.87472e-35 3.58481e-50 2.33352e-197 1.18184e-98 6.13339e-158 1.06828e-140 6.74891e-101 2.25333e-143 6.61509e-153 3.16909e-117 4.66114e-213 1.49176e-155 1.25584e-126 2.08747e-91 0.113724 3.7667e-197 0.0822219 4.4039e-202 1.36562e-139 6.74119e-48 3.14525e-114 1.7451e-44 7.57758e-98 1.01403e-168 4.70443e-192 2.26702e-73 7.90734e-140 1.84203e-97 7.39968e-142
2.76455e-119 9.39219e-321 1.30916e-67 3.79222e-219 4.58783e-161 3.18123e-55 1.14734e-85 1.86022e-55 4.33761e-148 4.55161e-127 3.95448e-119 2.27446e-93 2.21628e-79 1.70258e-157 3.23412e-37 1.23321e-144 4.67661e-74 2.78995e-164 0.0888714 7.23837e-170 9.51727e-163 1.02638e-92 2.98974e-44 1.87838e-91 2.19165e-05 7.64546e-82 2.00747e-107 4.30199e-128 0.117617 2.73585e-90
3.86599e-21 2.72778e-175 9.46011e-135 5.84911e-177 6.64719e-33 2.97062e-47 4.91543e-134 2.1342e-66 3.81454e-151 2.51825e-69 0.279732 3.18832e-148 9.28986e-89 1.08919e-77 1.02793e-84 8.15122e-100 0.137754 3.2038e-183 3.48014e-223 9.97357e-126 2.87762e-244 1.5208e-118 5.58359e-131 2.52276e-177 4.27129e-39 2.14006e-133 9.78916e-70 1.95203e-246 2.58082e-54 3.03299e-159
2.66179e-122 1.07069e-220 1.46181e-266 6.44804e-80 2.04732e-48 1.05929e-28 1.99805e-45 1.70421e-64 7.56947e-53 8.71689e-96 2.98971e-18 6.9338e-78 3.6235e-137 8.99174e-58 0.117962 2.07899e-86 3.78885e-110 9.4872e-106 1.16376e-59 3.19893e-22 1.71529e-113 2.09719e-87 1.03104e-114 1.24192e-125 6.16743e-64 8.39919e-69 4.28678e-91 3.40686e-78 6.74898e-66 1.83028e-72
