1.18085e-34 4.56355e-47 6.52571e-104 7.2986e-157 3.01354e-73 2.49609e-42 8.143e-141 2.46229e-97 4.04454e-116 4.91894e-80 0.0995314 5.66811e-141 5.70283e-145 1.09185e-156 3.69748e-131
4.905e-74 3.53668e-67 2.30236e-60 2.22653e-206 2.51803e-174 9.07626e-114 2.59713e-137 1.05386e-92 4.28435e-92 3.05006e-132 0.333004 2.79942e-149 2.30489e-100 7.43497e-154 6.34972e-90
6.42576e-38 1.23482e-102 8.84626e-114 6.07158e-117 3.2181e-141 0.40814 8.86107e-38 3.31743e-133 7.35351e-44 5.33909e-115 0.375191 1.05904e-62 9.28172e-141 1.72534e-106 5.39758e-08
3.005e-35 1.08305e-166 4.01207e-21 1.63366e-114 0.0819054 3.62847e-113 0.0220949 1.92804e-19 1.28669e-42 1.7226e-46 5.0026e-16 1.34617e-99 0.0821123 3.99064e-106 1.23943e-66
1.84175e-104 2.02744e-06 2.76757e-117 0.0904785 2.19914e-89 5.28353e-100 0.265055 4.37892e-174 0.0500113 0.203405 1.62401e-40 4.86097e-09 2.6345e-05 0.323636 0.197168
1.2027e-120 2.28238e-193 1.26628e-102 3.56809e-128 1.02142e-111 3.5209e-47 1.97973e-179 0.396197 5.6409e-70 1.9819e-123 3.5384e-53 0.0647801 3.22958e-101 1.73138e-102 2.41971e-25
0.0920686 2.43426e-09 1.93987e-124 1.44663e-166 1.34303e-154 7.32133e-121 8.66086e-201 1.60845e-115 2.20638e-126 3.99862e-120 1.15673e-50 1.86856e-152 1.16171e-159 3.51475e-167 2.50263e-145
1.48734e-48 1.02492e-95 4.35233e-22 2.29883e-141 8.48335e-12 1.57276e-30 2.19986e-165 2.22627e-74 1.53914e-63 3.83042e-37 0.0484121 0.21579 7.01277e-77 4.03484e-82 3.57111e-36
1.22375e-54 8.88585e-155 8.86624e-121 1.58425e-200 4.7406e-114 9.50946e-94 1.96975e-76 0.301522 3.68483e-140 5.49995e-132 0.023705 4.04623e-70 7.36123e-96 1.48155e-69 2.30251e-44
1.57578e-39 7.16493e-127 0.310037 2.63704e-59 3.43689e-114 4.21255e-103 0.000671667 1.15836e-13 1.19496e-131 2.60014e-115 0.535439 3.87696e-89 3.11103e-59 1.16503e-147 8.71386e-107
2.29021e-10 0.205219 2.01315e-98 5.19478e-199 1.6954e-168 2.19655e-129 3.49341e-187 1.31133e-152 1.29403e-134 1.16904e-125 6.8659e-42 6.77712e-161 1.59631e-149 3.59475e-154 1.36044e-123
3.76006e-28 3.46679e-185 3.76674e-67 1.75205e-193 5.16358e-85 1.11942e-63 2.18248e-82 0.415907 1.68866e-40 2.08176e-91 8.08893e-53 0.00359381 1.86253e-133 5.46538e-140 4.40716e-110
