6.14525e-75 2.11151e-05 3.17222e-16 1.47364e-28 5.16881e-15 0.0338062 0.134632 4.14978e-11 1.00454e-56 6.55732e-36 1.04293e-09 0.0647071 0.00932348 4.29878e-17 8.35841e-29
2.16988e-75 1.39318e-24 2.2095e-40 1.494e-51 5.88285e-49 2.31763e-79 3.77576e-57 6.19574e-51 1.76577e-12 0.000466245 0.0715487 2.51144e-45 5.96255e-23 3.02595e-39 4.06977e-42
5.70287e-17 2.83063e-115 6.72752e-06 3.84143e-48 1.50398e-42 4.25802e-128 4.7592e-67 5.16066e-47 5.81301e-36 1.99604e-13 0.300363 8.23668e-22 2.40874e-08 7.40188e-90 1.70129e-61
7.96308e-68 2.95028e-42 1.33092e-27 4.0053e-74 0.00233622 1.40534e-33 4.54834e-66 8.19228e-65 2.98921e-86 0.0103648 5.17418e-25 1.80621e-63 6.77685e-36 5.83057e-54 5.01367e-15
1.41505e-74 1.67289e-62 0.121266 1.27298e-54 7.4129e-06 4.24059e-92 4.53554e-33 5.70568e-76 3.33027e-33 0.700985 4.65478e-11 0.0600497 9.77898e-39 1.39557e-76 9.24076e-63
0.0151881 4.14595e-07 8.73923e-76 1.008e-64 7.42123e-62 1.99765e-115 7.31894e-75 8.67593e-100 7.78828e-90 1.74932e-44 2.59874e-49 5.5107e-78 3.40343e-65 6.19664e-92 2.28283e-74
5.57236e-48 3.32192e-87 2.00178e-61 2.71875e-70 0.0426727 3.23554e-73 0.0647875 4.82101e-25 5.40404e-33 1.63388e-47 6.23897e-50 4.97892e-45 5.01869e-49 1.71228e-64 4.40776e-13
2.97102e-84 0.000151655 7.51495e-27 0.0775625 8.9278e-21 2.17081e-30 0.018925 4.03363e-75 4.0527e-75 7.67076e-39 0.000112424 1.2489e-44 2.79311e-31 1.16262e-26 0.0269578
1.22467e-14 2.29549e-58 2.36261e-28 3.75595e-65 4.89359e-17 1.17252e-71 3.56931e-61 2.6729e-87 0.286256 6.73307e-09 4.30963e-07 3.28162e-31 8.18227e-58 1.147e-38 1.68932e-06
4.97206e-22 9.7298e-12 1.87292e-40 1.09652e-09 1.69734e-10 1.06213e-53 3.38687e-32 5.16041e-50 1.46108e-23 0.0013769 0.655647 2.56246e-69 1.71157e-26 9.84993e-43 2.00056e-45
3.36311e-21 7.13942e-19 2.32043e-54 3.71221e-12 9.36878e-54 2.11209e-31 2.11879e-67 0.0408706 0.000454122 4.06333e-44 4.06978e-23 1.88168e-30 0.12647 0.177977 1.40972e-59
4.11014e-36 0.0720303 6.61684e-76 6.29966e-45 1.32371e-39 8.536e-70 1.50872e-74 1.13711e-72 1.73585e-67 1.58359e-29 0.438589 3.72619e-72 1.96098e-54 1.72934e-83 1.85415e-36
