4.34895 0.442724
3.84543e-289 1.22362e-103 0.0581737 7.92173e-213 2.89086e-239 4.95054e-321 1.58595e-321 1.87873e-291 2.33397e-320 2.13961e-313 3.3053e-321 7.51472e-92 4.04719e-107 7.95827e-259 3.03356e-321 1.03803e-320
2.30239e-180 7.18077e-93 1.50708e-109 1.97015 5.96516e-24 1.27801e-245 9.52803e-170 1.9126e-91 5.83552e-304 1.07143 8.21175e-241 1.36304e-151 3.35947e-226 2.35722e-136 8.90889e-116 1.45947e-320
4.71833e-321 7.73869e-83 1.82745e-152 2.3077e-113 2.30729e-321 3.09867e-261 3.57575e-268 8.74591e-239 5.05879e-146 7.17579e-29 4.496e-321 1.20669e-197 0.302535 6.02575e-92 5.2437e-288 3.01365e-234
8.42043e-11 3.13732e-321 0.0383244 1.64781e-23 9.12454e-234 1.49121e-306 2.96279e-119 1.2536e-31 1.52398e-290 3.54245e-321 1.09961e-309 4.35563e-106 1.57985e-25 1.07624e-55 5.53568e-230 2.98008e-188
4.74797e-321 3.43604e-158 7.3998e-290 3.59947e-131 2.92981e-321 5.44566e-258 1.92192e-321 1.04339 1.92159 8.92429e-30 3.04344e-321 6.46676e-190 0.143872 8.33692e-15 4.15008e-206 2.24772e-249
1.85317e-151 2.45551e-321 7.16198e-218 2.33078e-131 2.30729e-321 1.05832e-246 0.234412 4.21438e-321 2.82206e-122 6.40235e-237 2.78159e-321 1.26549e-60 1.53693e-93 1.26441e-229 3.7302e-321 1.0494e-320
1.41626 0.956423 2.13018e-180 2.86088e-151 1.34334e-12 2.36696 2.74206e-321 1.99887e-48 7.73271 6.58289e-66 1.93494 13.7206 2.40098e-166 0.603361 1.34227 4.78238
2.06076e-290 2.02073e-321 0.212034 9.16623e-70 2.17883e-321 8.84947e-300 1.44729e-64 1.64763e-312 2.32177e-106 2.81617e-321 2.90511e-321 2.48243e-225 8.45333e-280 1.73867e-318 1.76773e-310 5.6104e-75
6.5019e-321 1.76597e-131 3.51236e-200 1.04965e-110 1.89724e-21 7.03055e-321 2.09978e-321 8.18433e-239 8.99742e-249 5.25407e-154 5.43493e-307 4.2662e-14 1.77109e-146 4.43453e-116 2.46695e-140 0.229366
2.21863e-54 1.15282e-104 2.11898e-116 2.17623e-80 1.21525e-56 5.70646e-321 0.0817896 7.29214e-50 2.19498e-273 3.82407e-321 7.06331e-319 0.280262 2.25788e-321 1.91339e-58 7.70538e-181 1.54198e-320
4.88137e-321 4.18457e-186 8.35412e-294 1.38128e-145 1.8421e-204 4.16478e-319 0.0822966 8.54898e-271 2.95296e-269 1.1868e-309 4.27861e-321 7.90036e-115 1.85225e-29 1.0651e-265 1.96519e-194 1.16995e-320
3.84877e-321 1.2959e-230 0.182104 3.88687e-242 2.07508e-321 1.49919e-147 1.48678e-246 9.71314e-105 2.1976e-320 5.53078e-252 2.84088e-321 2.49813e-232 5.41479e-157 3.59442e-107 7.06275e-299 4.83757e-291
6.12086e-157 1.56254e-142 3.98972e-72 2.01411e-207 2.34187e-321 3.70437e-107 1.02361e-58 1.38802e-209 1.04183e-74 1.11834e-53 4.64916e-321 6.91882e-33 2.35932e-87 1.653e-114 3.80431e-321 0.126649
1.94301e-285 4.89971e-252 9.65693e-34 7.08648e-38 0.377122 1.18729e-248 7.27998e-172 4.46141e-321 4.64534e-230 1.07904e-120 2.91993e-321 1.21989e-53 6.59748e-216 4.08462e-65 3.43376e-321 3.46297e-139
0.253741 3.29023e-245 1.29969e-147 6.1846e-229 5.60441e-226 1.53944e-176 5.26339e-77 6.18602e-64 3.72603e-99 3.79914e-290 3.33494e-321 1.91095e-86 1.50388e-299 2.27227e-171 2.73218e-321 3.65878e-152
6.22054e-117 5.80859e-35 0.269617 2.43594e-101 8.72659e-309 8.00951e-140 7.34541e-283 9.38346e-205 3.17487e-320 3.46705e-306 3.56715e-321 1.55083e-198 2.40241e-147 9.24718e-108 3.32012e-321 5.75536e-170
6.93609e-281 2.23272e-130 4.62937e-176 5.64752e-62 0.135855 4.20944e-321 6.31452e-162 2.59701e-137 1.46014e-150 1.9275e-126 4.47129e-321 5.40885e-139 1.15184e-241 1.60594e-307 9.93593e-271 1.16204e-320
