2.24455 0.250116
1.05953e-252 1.17809e-33 3.07639e-269 1.66935e-86 0.247078 1.59825e-63 5.6938e-187 6.55977e-130 9.78281e-288 9.06205e-155 6.90128e-207 2.77797e-251 3.47694e-117 1.32561e-167 7.98042e-52 2.18968e-124
9.84761e-173 1.975e-118 6.22905e-285 1.21371e-230 3.22906e-17 0.14881 6.81197e-137 2.33085e-162 1.79812e-289 1.995e-97 4.45913e-124 1.41296e-57 3.3001e-42 1.58272e-159 1.37627e-137 1.56889e-51
1.20656e-294 7.27815e-83 1.6897e-321 0.491999 2.33887e-133 5.69718e-85 2.01169e-38 1.03618e-152 6.42589e-157 5.56077e-207 2.81228e-192 2.56407e-188 2.20794e-156 0.194876 2.5167e-19 0.157123
2.38341e-261 3.68671e-63 1.09189e-321 5.96912e-145 0.336101 6.13161e-154 9.96629e-186 1.88037e-278 1.9398e-234 1.81045e-79 2.74659e-210 1.21547e-157 2.73311e-209 4.52737e-130 6.62755e-199 9.43425e-182
1.36508e-244 0.185702 2.06025e-321 4.36405e-32 8.80416e-157 2.18038e-190 2.84121e-107 1.07832e-278 4.06426e-222 0.226758 4.49178e-239 3.30565e-282 6.28283e-175 2.31504e-83 8.79474e-120 5.25694e-42
1.83874e-291 0.259205 6.40998e-276 1.25146e-157 2.03927e-205 7.37816e-76 4.51047e-162 2.58402e-245 2.75064e-288 9.7523e-102 3.53602e-245 5.81409e-212 1.39888e-278 9.70981e-128 1.88371e-170 1.93501e-163
5.30428e-252 8.51263e-64 1.84217e-310 1.36765e-43 6.33173e-111 3.45946e-170 0.337234 1.76143e-282 2.34643e-274 0.182305 7.12323e-230 1.80322e-129 4.42491e-37 1.57762e-138 7.55065e-111 1.36405e-25
1.3588e-151 0.0934746 4.39316e-279 1.04047e-164 7.63877e-110 1.84434e-79 1.1585e-179 7.91463e-262 1.99659e-301 7.61576e-72 2.40187e-201 6.67917e-153 1.05329e-211 4.6516e-168 3.19518e-165 4.03748e-215
0.0137523 1.53033e-44 0.671617 6.5755e-209 9.74076e-173 1.33017e-46 1.74324e-141 0.550431 2.00841e-227 3.3795e-151 0.480056 6.92725e-196 0.203334 2.96115e-38 8.09655e-102 0.129287
3.59804e-214 1.36681e-52 7.93081e-274 1.4762e-164 0.184086 7.80939e-83 1.73624e-156 2.46883e-201 7.28463e-232 1.07908e-161 8.95644e-202 2.52864e-316 2.06405e-227 1.44532e-126 1.65873e-201 2.00686e-160
2.18743e-203 5.57713e-49 1.55137e-321 2.12685e-51 0.632309 2.81989e-116 2.638e-126 1.54614e-210 1.80936e-240 1.94897e-117 8.27019e-255 1.14148e-148 1.79818e-270 2.2958e-51 5.25291e-177 8.53058e-245
1.86948e-242 5.07921e-51 1.60571e-321 4.24645e-53 0.567781 1.12656e-71 2.76572e-172 6.98764e-246 1.43591e-148 7.55354e-171 8.4598e-117 2.95114e-121 8.9988e-247 1.00749e-163 1.0785e-45 1.32308e-45
4.62694e-270 7.59048e-45 1.83792e-321 2.026e-233 7.96161e-104 7.9362e-111 1.34574e-186 1.47016e-119 1.59447e-132 1.69653e-39 5.71596e-137 5.14844e-258 2.19627e-288 2.15004e-92 1.37923e-61 0.64843
1.57687e-58 2.19291e-49 2.79555e-214 1.06533e-130 4.69377e-149 0.0737314 3.48982e-143 5.91785e-271 5.27715e-234 2.86079e-57 1.38249e-163 6.40283e-214 2.04057e-200 5.96654e-92 0.333076 3.58056e-200
2.11146e-280 0.061453 1.20552e-321 4.19653e-99 8.57558e-98 5.1985e-145 8.31762e-100 7.59333e-224 1.82341e-255 3.42784e-208 1.87726e-251 1.03007e-259 3.84071e-303 1.78401e-64 2.50728e-94 4.87095e-247
0.443792 3.65878e-68 1.08018e-272 3.08277e-226 4.94311e-192 6.27225e-165 4.89297e-40 2.95889e-146 0.9982 8.83388e-104 2.91278e-54 0.830514 1.03677e-168 1.37481e-34 0.196994 0.00013212
2.66897e-222 0.443319 4.59568e-297 6.66552e-215 7.31057e-196 2.22962e-137 2.81295e-100 1.16547e-173 2.19683e-237 1.00765e-133 1.17578e-190 3.96106e-220 9.15978e-174 3.69738e-77 1.03211e-179 8.28313e-159
