2.42541e-201 1.09023e-170 1.38272e-119 1.8855e-116 2.46145e-80 3.42161e-129 6.83491e-68 3.50112e-190 0.118047 1.43481e-120 5.19156e-55 3.22542e-216 7.70622e-90 1.33762e-128 0.0725119 6.50868e-184
4.66324e-96 1.96728e-201 4.32362e-245 2.37314e-175 3.1774e-153 5.66283e-233 3.14075e-131 6.18483e-184 7.1943e-209 1.17309e-35 0.509328 3.43458e-62 2.55066e-58 3.21779e-141 5.20649e-30 2.99898e-70
3.38875e-237 6.18124e-64 8.35775e-232 1.66218e-153 6.03421e-119 9.07184e-179 5.46999e-121 2.60089e-157 9.10558e-52 7.93255e-125 6.89688e-67 3.92359e-39 2.53985e-47 2.9853e-44 0.313775 3.134e-217
5.49117e-289 1.98412e-111 8.01597e-190 5.12149e-167 3.44062e-171 3.78207e-269 1.69066e-195 3.15165e-128 1.29119e-95 1.11596e-148 0.24338 1.07455e-78 7.68305e-86 6.20036e-52 1.6684e-77 2.00584e-231
2.85831e-131 4.99856e-116 1.06028e-166 6.61967e-66 2.78697e-82 5.01436e-247 8.06869e-211 1.42522e-143 3.66155e-93 5.89276e-70 0.123378 9.84195e-133 4.61538e-208 1.5503e-84 9.35929e-26 5.26742e-90
2.23709e-128 2.40495e-44 2.39105e-226 1.47648e-100 1.01587e-99 1.22088e-195 0.132199 3.37421e-147 9.89511e-151 7.49266e-41 1.1978e-76 2.52738e-167 8.66344e-160 0.00131307 4.31052e-35 1.54762e-77
8.48226e-169 8.24737e-213 5.06078e-208 1.63289e-64 4.61283e-43 2.57507e-270 4.64375e-117 2.45023e-203 4.11567e-105 3.66253e-94 0.209352 1.89947e-219 2.40749e-21 3.93216e-82 1.10747e-106 9.94915e-159
7.16095e-194 4.42938e-122 5.66347e-205 4.17614e-175 2.61884e-189 3.62635e-161 1.92316e-206 7.29993e-153 1.03814e-167 4.97802e-150 3.61331e-131 5.32532e-192 2.7369e-137 7.09502e-130 5.24034e-65 6.88242e-195
3.0867e-210 2.99089e-72 3.146e-134 1.80757e-214 3.31909e-18 1.82505e-72 2.74256e-74 9.31005e-134 2.29358e-25 1.92258e-173 7.61457e-65 5.90391e-188 1.34023e-74 1.43827e-59 0.0585716 1.8456e-223
0.870762 5.57647e-144 8.28447e-207 0.168148 4.74835e-149 0.329494 3.86605e-146 0.206997 1.29168 1.22331e-72 2.77818e-21 1.36121e-151 2.18876e-163 0.315272 1.93728e-102 2.3164e-186
2.23634e-117 4.39173e-202 5.14795e-44 8.78064e-36 0.138535 1.0839e-86 5.28472e-14 6.84149e-85 5.82909e-10 1.94092e-149 1.93321e-97 0.155507 9.97875e-156 7.38161e-30 1.77091e-35 1.0458e-85
8.80181e-298 9.09341e-75 5.76884e-31 0.292551 0.0506213 5.48184e-230 2.69511e-245 2.74629e-133 1.09381e-116 0.264509 1.57791e-160 0.0206505 2.57846e-227 6.10404e-116 1.9305e-89 1.91062e-125
0.0825997 1.64573e-102 0.287942 3.96051e-140 8.91587e-41 4.60863e-164 4.80711e-162 1.23872e-45 3.84402e-193 1.62498e-88 0.0433459 1.95251e-38 4.4823e-144 1.24069e-99 4.42624e-25 0.477903
1.76676e-280 0.27568 2.79379e-129 5.11269e-11 2.72489e-194 2.33945e-134 3.25738e-79 1.19857e-155 9.74716e-136 1.44065e-166 1.44887e-84 2.09158e-07 1.05913e-47 4.18723e-66 2.78611e-25 2.14024e-210
3.50431e-133 1.05183e-184 8.99632e-246 1.1229e-217 2.33159e-160 5.83769e-08 0.136855 7.58043e-137 7.72037e-175 0.0669532 2.4808e-149 9.10633e-59 9.73255e-180 1.3773e-100 2.16059e-16 3.66076e-75
5.12778e-227 1.61336e-91 1.3608e-211 3.04485e-186 8.56731e-17 2.42339e-247 1.31525e-190 6.89553e-175 1.70892e-46 4.74809e-54 0.342484 2.87347e-126 0.19692 1.12944e-127 5.27193e-106 2.88864e-153
6.22154e-174 1.07108e-84 1.2919e-184 3.52393e-225 2.46056e-175 1.35488e-211 1.74923e-261 4.44918e-94 5.02941e-138 2.24339e-108 0.0442565 5.02529e-204 2.69212e-78 8.71339e-55 1.46211e-112 5.49371e-201
