3.64039e-103 2.3089e-107 1.45906e-148 2.08582e-199 5.48102e-107 2.31223e-321 3.78948e-321 0.578998 1.38832e-321 5.47839e-294 1.3236e-320 4.27367e-321 1.20552e-321 1.16599e-321 8.53835e-30
6.62971e-160 7.10005e-15 1.55892e-24 1.53898e-175 9.46973e-143 2.20624e-134 3.71043e-321 2.70215 9.02266e-224 1.74981e-221 1.56648e-188 6.93656e-129 1.52172e-321 1.8025e-243 2.62087e-163
0.00162503 0.000508828 0.000854386 0.17586 0.000657596 9.88131e-324 0 2.08224e-136 0 9.88131e-324 4.44659e-323 0 0 4.94066e-324 2.58841e-275
1.8642e-193 4.00496e-102 2.66795e-321 2.47033e-323 1.91697e-321 7.97509e-49 6.17088e-321 0.749847 2.35669e-321 1.22489e-212 4.22881e-225 5.09355e-26 1.96537e-297 4.59062e-253 1.5585e-185
1.90691e-79 4.03348e-71 5.72864e-209 4.62045e-235 1.01408e-207 1.19897e-318 2.26776e-321 0.459208 7.01573e-322 3.79612e-259 1.0489e-320 9.44464e-262 8.00386e-322 6.67634e-284 6.66801e-152
2.56266e-118 1.39048e-106 5.86545e-261 2.91678e-312 4.35392e-69 1.66495e-102 2.7223e-321 1.14019e-80 1.41303e-321 3.19166e-321 1.35025e-67 3.45352e-321 1.22034e-321 7.23307e-200 0.252407
4.59833e-86 1.69273e-88 1.45094e-286 3.95253e-323 2.49009e-321 0.435842 1.94968 1.71907e-101 0.906512 1.80189 2.85156e-186 2.34145e-253 0.965111 4.99049e-178 4.07553e-124
1.44e-23 1.59089e-321 2.47527e-321 8.47732e-125 2.23411e-51 0.551906 4.14027e-321 8.68084e-114 1.49702e-321 4.58478e-162 1.97132e-320 1.34738 1.71441e-321 1.52666e-321 0.545521
2.9913e-190 1.76876e-321 2.54938e-321 2.47033e-323 1.67197e-19 4.02321e-311 4.14407e-228 6.75502e-34 1.92686e-321 3.73058e-211 3.40048 4.25293e-112 1.50186e-145 1.80334e-321 1.5729e-154
6.47226e-321 1.21933e-160 3.63632e-321 1.45865e-155 1.06152e-141 3.32737e-100 6.98115e-321 2.19735e-78 8.52476e-208 2.73334e-150 1.66433 4.5232e-213 2.06971e-150 0.56323 1.12152e-165
