1.80288e-32 3.3127e-38 6.06904e-83 1.38366e-105 9.56158e-138 5.59263e-247 4.05113e-203 4.24168e-176 2.57431e-160 2.98288e-207 8.50445e-129 0.0282307 8.11815e-85 2.30299e-52 1.84373e-32
5.8136e-191 5.80861e-94 1.52751e-126 1.57839e-99 6.78612e-111 5.22476e-83 1.13365e-78 9.69277e-198 2.46089e-176 2.30113e-157 4.89369e-51 3.6743e-183 0.0877775 0.104894 1.41655e-73
0.000160757 0.007642 0.0151793 1.39652e-05 0.00120897 5.18128e-290 3.59873e-235 5.06661e-278 2.33226e-246 7.9806e-228 5.14194e-145 1.24568e-205 1.92724e-134 9.82187e-190 1.01389e-151
4.18154e-33 3.17063e-122 6.9254e-200 4.76881e-71 5.99202e-131 4.37198e-244 6.35628e-91 9.92242e-153 7.75351e-186 5.2921e-189 4.9268e-59 0.0510601 0.067545 8.60383e-42 2.0511e-112
2.39459e-105 1.31634e-126 1.45673e-151 4.47728e-74 7.4787e-241 6.00521e-158 8.29138e-232 2.98379e-225 1.38713e-139 6.93827e-135 4.42229e-95 1.92135e-89 1.23051e-85 0.111197 3.03718e-54
6.69369e-251 1.75988e-31 8.73667e-88 2.95702e-09 3.45635e-85 1.32274e-265 1.72394e-114 3.75844e-201 3.45539e-198 1.91217e-130 0.593156 2.0163e-44 4.83909e-83 1.25531e-185 1.46611e-151
2.49444e-95 3.04902e-133 8.05591e-223 1.87517e-170 4.60931e-183 6.75798e-40 1.22349e-103 1.18178e-110 2.12216e-156 2.51933e-64 5.94824e-28 4.92372e-188 1.43295e-49 0.10727 1.8854e-91
1.02539e-48 6.93622e-32 2.157e-287 2.43136e-147 5.49831e-152 2.32617e-31 0.126483 2.59345e-109 4.25438e-57 2.31891e-133 0.94905 1.3803e-66 1.62482e-98 6.99206e-86 3.12496e-62
0.213663 1.2274e-174 3.02862e-321 2.66004e-116 1.71583e-180 9.92397e-221 4.80102e-106 4.94683e-81 4.15775e-141 4.69768e-159 0.0625615 1.22235e-181 5.73454e-93 1.1979e-115 4.82809e-15
8.84378e-322 8.64795e-33 2.78728e-170 1.64642 2.76677e-322 0.879367 2.4453e-69 0.645257 0.58184 0.52353 0.419972 7.00898e-40 0.0604393 3.98942e-98 0.473631
