1.08363e-173 6.20846e-55 2.03789e-302 3.28803e-155 3.52947e-201 3.97723e-321 1.65512e-321 1.39327e-33 7.90752e-320 9.3243e-308 1.28852e-320 9.6587e-310 1.23607e-174 2.49503e-321 1.10671e-321 0.326431 2.69568e-87 1.01104e-234 2.07014e-321 9.22975e-280 1.73911e-321
1.69029e-217 1.29593e-320 5.60814e-320 1.74032e-242 1.06224e-321 4.41695e-321 1.55631e-321 0.201883 9.92183e-320 3.95343e-228 1.67587e-320 1.06224e-321 8.1099e-207 3.24107e-321 1.83792e-321 1.44415e-231 6.60129e-185 2.45568e-200 2.23318e-321 9.97662e-296 1.13141e-321
1.32614e-188 4.02021e-66 2.71858e-118 2.25508e-251 8.44852e-322 2.07151e-299 1.50196e-321 6.83236e-168 3.10753e-147 5.5435e-135 1.59336e-320 1.02766e-321 1.85292e-150 3.25589e-321 1.13141e-321 0.218804 3.64354e-110 3.59391e-251 1.51678e-321 3.33e-321 1.01778e-321
4.93575e-309 2.73277e-286 6.21979e-320 2.13118 8.64615e-322 9.7424e-258 2.11954e-321 1.92808e-233 1.11362e-319 5.45962e-210 1.7648e-320 9.33784e-322 3.32804e-224 2.21341e-321 1.71622e-181 1.47719e-115 1.10177e-321 3.09105e-162 2.19365e-321 4.10569e-321 1.88239e-321
0.000356322 0.0152417 0.00421869 5.43472e-323 4.94066e-324 2.47033e-323 4.94066e-324 1.97626e-323 2.96439e-322 4.94066e-324 6.42285e-323 4.94066e-324 1.97626e-323 1.4822e-323 4.94066e-324 2.96439e-323 4.94066e-324 4.94066e-324 9.88131e-324 9.88131e-324 9.88131e-324
1.55907e-166 1.37844e-320 5.40952e-320 4.54341e-180 1.21159e-180 1.2465e-106 1.56125e-321 1.39419e-137 7.96681e-320 0.123635 1.44712e-320 6.17287e-250 2.53446e-120 3.66103e-321 2.07014e-321 1.25931e-12 2.21984e-134 1.22645e-197 2.37646e-321 3.79442e-321 1.56619e-321
0.00046176 1.50175e-06 0.085829 8.39912e-323 4.94066e-324 3.95253e-323 1.4822e-323 1.97626e-323 5.92879e-322 9.88131e-324 1.28457e-322 4.94066e-324 2.96439e-323 1.4822e-323 4.94066e-324 4.94066e-323 4.94066e-324 1.4822e-323 9.88131e-324 2.47033e-323 9.88131e-324
7.06514e-322 2.61657e-320 1.06872e-75 0.200212 3.46365e-53 7.55657e-69 9.43724e-18 2.74133e-31 6.26667e-197 6.52777e-92 3.45302e-320 0.507134 7.78531e-243 4.50588e-321 0.82516 0.0252721 1.41258e-215 0.911832 2.86558e-321 7.37515e-165 3.35965e-321
1.1378e-186 1.11019e-220 1.18955e-106 0.0718489 8.64615e-322 2.59645e-269 2.78969e-114 1.21098e-92 7.48678e-111 2.70181e-273 2.36114e-320 1.52666e-321 4.85281e-261 3.93276e-321 1.90709e-321 6.49265e-222 8.84378e-322 3.34525e-318 1.91203e-321 2.92542e-118 1.72923e-321
1.75605e-27 1.4486e-320 1.98098e-169 1.79721e-306 0.361041 3.38805e-16 0.661659 0.761888 0.207859 2.38662e-306 2.28505e-320 9.88131e-322 2.88208e-82 2.92981e-321 2.56914e-321 2.47005e-291 8.39852e-06 4.40501e-236 2.37646e-321 5.03453e-321 8.34271e-264
1.25152e-71 7.08993e-217 2.41961e-279 1.26283e-320 1.04248e-321 9.84303e-253 1.91697e-321 3.49097e-319 4.24073e-13 8.45198e-233 1.84089e-320 6.32513e-187 8.76768e-314 3.74502e-321 1.57113e-321 0.506393 0.265099 5.83966e-194 1.92956e-287 4.81714e-321 5.71634e-321
7.70742e-322 5.39278e-54 8.67976e-224 2.16447e-221 2.28394e-102 3.07978e-278 1.30552e-289 1.23161e-319 0.0830215 0.121996 1.87893e-320 1.20163e-250 1.18088e-293 2.78159e-321 1.00546e-178 3.30282e-314 4.64709e-114 3.58019e-165 1.18175e-309 4.66398e-321 1.61065e-321
6.22523e-322 1.20898e-320 1.07736e-319 3.57008e-23 1.41708e-243 2.30629 4.32307e-321 1.22897e-145 53.7423 1.81487e-155 11.6336 2.25788e-321 1.80803 2.48638 4.51082e-321 1.08177e-226 2.21835e-321 1.29678e-276 1.7793 2.1268 1.36192
1.60765e-175 9.10799e-190 1.51582e-172 4.70686e-317 1.14623e-321 4.29343e-321 1.41289e-159 2.32036e-236 5.10147e-162 3.5788e-150 1.44712e-320 8.2509e-322 2.23808e-284 1.88733e-321 1.90215e-321 0.146752 9.14021e-322 1.78358e-321 1.76876e-321 5.53063e-221 1.22034e-321
