2.34672e-39 0.11805 2.32846e-124 5.02113e-159 1.58105e-134 2.04938e-162 8.25496e-158 2.03448e-223 3.11955e-159 2.35376e-315 4.50689e-41 5.41138e-150 1.25728e-248 1.9583e-110 8.37783e-170 1.85487e-140 3.71469e-129 1.87524e-192 2.40798e-178 0.0404879 4.32585e-163
6.04886e-114 3.44618e-59 7.23167e-26 0.000171808 5.91002e-158 1.36595e-222 8.12126e-147 3.89831e-263 0.312329 3.66253e-33 1.18131e-80 5.91014e-113 6.13474e-197 4.91822e-88 6.62002e-29 2.68118e-94 1.60451e-65 2.39555e-127 1.03381e-213 6.05071e-43 4.32381e-203
7.21759e-55 1.04414e-153 4.56374e-102 1.61834e-45 3.04004e-44 3.30818e-96 8.77346e-187 3.59297e-89 0.272406 6.85525e-282 2.35201e-10 2.10969e-171 1.43508e-138 1.39455e-94 1.88999e-147 1.41652e-202 2.27494e-138 7.99213e-193 4.75405e-97 3.5609e-97 4.75038e-107
6.04952e-235 5.52887e-50 1.97387e-157 2.63422e-34 0.48725 1.39531e-271 1.66668e-91 0.223022 0.311545 0.577278 1.29567e-53 3.57639e-65 5.24689e-246 4.09787e-151 0.400187 1.99631e-57 1.9738e-176 2.72545e-118 8.63102e-104 3.15331e-25 5.16439e-38
1.52449e-132 3.2991e-79 1.19847e-116 3.1942e-86 1.75158e-150 9.74738e-271 5.10297e-101 7.77724e-104 1.16558e-28 1.08423e-316 9.81919e-100 8.55659e-151 6.24621e-190 1.11621e-130 5.23534e-145 4.10015e-121 1.70766e-97 1.89357e-163 4.5719e-246 0.226269 5.75973e-156
4.01772e-163 7.58849e-60 1.68161e-94 5.37758e-19 1.07034e-78 4.13762e-125 0.367595 4.84383e-33 5.56623e-137 3.96608e-315 0.13396 2.90605e-77 4.77561e-104 2.76856e-149 1.5764e-124 9.03108e-130 0.406814 0.327251 0.572073 0.00079043 2.97213e-28
1.81562e-29 4.70286e-70 2.34738e-104 8.26312e-100 1.58826e-174 6.54064e-173 1.29964e-156 3.03598e-193 1.23668e-116 1.99642e-317 4.44906e-50 3.39016e-111 7.85122e-248 6.76058e-137 5.911e-130 3.61116e-208 1.57343e-182 3.31232e-220 2.16831e-199 0.727278 1.3003e-168
6.86464e-31 3.86559e-121 7.0115e-27 6.61386e-52 1.06237e-89 1.51963e-127 1.64602e-168 1.00857e-210 2.417e-39 1.39966e-263 5.26958e-43 3.76356e-97 2.56094e-268 2.08951e-125 1.13341e-128 3.60747e-117 4.0042e-64 3.75058e-164 3.03868e-215 2.82422 1.09911e-99
0.184006 1.65026e-59 2.17895e-158 1.0443 5.50996e-195 0.172623 4.65194e-143 4.25132e-200 1.15386e-81 7.63293e-67 1.36922e-68 1.83954 0.275967 0.706004 2.68231e-61 2.79455 1.02351e-70 0.11027 1.16411e-70 2.02085 0.0926983
7.66965e-117 1.42985e-90 8.31436e-48 1.1131e-58 3.20757e-65 3.65132e-172 5.36151e-136 3.90499e-119 9.83196e-68 2.03517e-229 1.0211e-32 3.12286e-133 3.59884e-210 4.69419e-121 2.24845e-100 1.52475e-115 7.34278e-102 9.31249e-176 9.45101e-268 0.0767813 6.77391e-299
1.2195e-43 4.34148e-14 1.04566e-31 1.55379e-98 3.58052e-88 5.5895e-169 2.22429e-185 1.40347e-199 9.60299e-178 2.99017e-166 5.01963e-34 9.18402e-164 2.1563e-184 7.18502e-139 3.54498e-79 7.67127e-171 2.10668e-98 2.9429e-138 1.65906e-161 0.359994 1.78319e-239
1.58483e-77 2.24003e-103 8.67256e-09 6.46753e-132 9.86724e-78 1.23836e-154 1.57247e-109 2.22728e-234 7.46572e-127 2.4589e-155 3.2898e-39 2.63446e-104 3.09439e-166 1.43768e-122 1.27166e-165 3.76787e-181 1.36928e-178 1.88233e-225 6.44722e-185 1.26518 3.14774e-136
1.25542e-30 3.32747e-53 5.62407e-44 2.2276e-150 1.4664e-163 6.26172e-269 1.23936e-137 1.28816e-191 9.15586e-103 6.89241e-296 8.38729e-79 5.23909e-128 4.08363e-249 2.97088e-104 9.59954e-140 5.50309e-161 2.37391e-170 2.40904e-276 6.92354e-166 0.514982 8.72568e-236
2.03457e-12 3.74523e-126 0.130054 1.86646e-93 3.42463e-169 4.75436e-234 2.70271e-157 6.58299e-229 1.11569e-99 1.90718e-178 6.28816e-103 9.36359e-142 3.61255e-148 1.29935e-75 1.27553e-163 9.22312e-111 1.26452e-100 1.0453e-175 6.60225e-142 0.463111 1.15528e-117
