5.49222e-09 1.63164e-36 6.65024e-97 2.24285e-101 2.23095e-70 1.0209e-57 1.40378e-70 4.16334e-54 1.04971e-59 2.52024e-54 1.14145e-49 3.01727e-31 1.19485e-65 2.15449e-53 1.08477e-36 1.73706e-54 2.86791 3.06324e-48 4.74039e-117 3.10531e-55 1.5347e-52 3.79279e-83 4.07012e-18
3.13993e-86 1.05049e-43 6.09427e-52 1.09592e-130 1.77348e-34 6.8187e-82 7.75042e-81 9.67428e-47 1.00702e-69 6.57549e-32 6.59274e-40 2.35336e-65 1.79298e-50 3.38894e-57 2.62462e-26 1.15988e-81 0.333006 2.55432e-66 4.76991e-85 3.35627e-34 2.40667e-44 1.23275e-40 1.63629e-23
2.88304e-56 8.15607e-19 4.46629e-38 4.11621e-40 2.05172e-45 1.06958e-78 1.46047e-59 1.61732e-69 3.51755e-58 3.81055e-63 0.0463309 8.92109e-44 0.705756 1.42645e-10 6.16392e-17 7.82306e-107 2.5804e-25 1.0347e-77 1.02552e-91 3.22239e-48 6.17634e-87 5.13968e-81 0.0377473
3.7681e-47 2.72023e-67 1.12921e-71 7.14118e-42 8.43912e-67 1.38546e-21 3.04941e-59 1.37246e-65 5.84493e-64 0.0067063 1.61329e-45 7.04956e-65 6.87195e-33 7.27985e-16 3.173e-23 4.63778e-38 9.07561e-48 1.61516e-56 3.00718e-111 2.96573e-42 5.10248e-40 2.17178e-77 0.499371
6.57174e-67 1.04166e-34 2.9376e-105 1.88596e-115 2.24243e-72 2.93143e-92 0.0626212 0.0697585 0.0761716 4.17561e-47 3.12375e-26 0.181664 1.59398e-31 3.52808e-29 1.26876e-06 0.0903046 1.99293 3.02563e-60 3.26828e-139 1.52646e-13 1.25075e-25 9.20727e-10 0.718058
1.48794e-79 2.15201e-61 1.27371e-96 7.05327e-93 2.96849e-61 2.90412e-90 3.40024e-70 2.78149e-62 3.29942e-69 1.00636e-44 1.20186e-53 1.21595e-105 1.6746e-63 6.64614e-33 4.34825e-54 1.57938e-104 1.57053e-39 2.67085e-78 1.0189e-123 1.43175e-56 2.33784e-89 9.71203e-56 0.0704271
1.06946e-77 3.15337e-58 0.0706566 0.0389952 1.5662e-24 4.1597e-92 1.25037e-19 4.85777e-40 6.17953e-85 3.04026e-17 1.66398e-43 7.44732e-36 7.82352e-19 4.06773e-31 3.42776e-19 3.4266e-93 2.33288e-28 2.35797e-77 0.0782512 9.56219e-51 0.129923 2.14725e-59 5.28452e-12
1.25436e-09 1.762e-42 1.02491e-37 2.03668e-53 0.01065 1.16114e-57 3.92731e-38 6.65232e-73 1.42689e-40 0.00296284 0.0583897 4.66411e-54 3.03092e-20 5.13321e-38 2.18929e-05 3.4857e-40 4.67202e-54 3.42183e-21 9.06044e-133 8.77821e-28 1.56204e-50 4.09441e-79 3.7087e-25
1.71714e-32 1.66721e-59 7.17797e-90 4.4364e-96 2.57653e-47 3.1904e-83 5.81921e-36 1.47665e-75 9.73475e-55 6.2009e-63 1.52595e-80 2.64182e-94 4.25504e-29 9.70968e-54 7.04056e-34 1.84268e-103 1.48267e-16 1.28775e-78 1.47362e-100 8.64972e-49 8.3627e-65 1.25629e-68 1.39978
1.16587e-52 5.05029e-19 1.07229e-50 1.28134e-45 0.0770404 9.51506e-55 5.88552e-54 5.23821e-71 9.22235e-72 0.056634 4.32003e-26 2.48279e-32 0.00593082 1.37594e-41 0.0621039 1.83429e-55 4.57733e-07 2.40322e-49 6.29206e-118 1.72516e-18 8.57599e-37 1.60501e-46 1.22246e-07
2.96437e-56 1.13802e-36 4.61759e-87 2.30022e-100 1.73339e-07 6.60492e-47 1.2267e-78 2.25792e-71 3.13317e-42 2.98726e-51 2.48654e-40 7.98559e-50 0.000340319 1.52436e-55 3.11034e-21 3.71887e-80 1.54458e-10 2.10462e-53 2.62412e-95 8.96061e-44 4.32271e-41 2.51424e-24 0.163458
3.88755e-77 2.33977e-64 5.60879e-92 3.19412e-97 6.48252e-67 3.76362e-78 7.61754e-75 1.6217e-71 4.03986e-98 6.10372e-57 5.44726e-62 6.20155e-71 2.41976e-37 1.45043e-44 5.52626e-45 6.6855e-92 1.32612e-33 6.20429e-75 5.81292e-89 4.26342e-45 3.79116e-92 5.69059e-64 0.345288
1.35368e-55 2.09619e-67 1.94493e-96 2.58653e-87 1.14614e-34 3.89116e-69 3.1024e-65 4.9716e-81 9.18685e-98 1.94267e-39 1.73655e-80 9.74562e-96 5.99745e-47 1.69191e-34 1.23131e-57 9.84827e-86 1.38237e-50 8.44266e-53 3.85321e-84 5.41984e-60 6.48583e-102 5.78467e-79 0.0761126
1.20512e-56 9.16195e-36 3.39845e-50 1.39215e-81 2.51631e-49 2.83266e-42 2.12671e-66 8.58185e-66 2.55907e-54 2.11284e-28 1.52178e-85 4.11005e-101 5.86694e-60 2.07694e-31 1.11437e-29 1.34828e-104 3.56355e-29 2.23254e-47 4.75415e-88 8.27943e-43 3.61631e-54 1.86973e-39 0.448326
0.0635054 2.17709e-70 2.40685e-88 3.58711e-69 1.29547e-51 0.126858 3.4141e-44 1.12343e-84 2.03757e-23 2.34215e-11 7.40775e-14 4.11573e-92 5.07996e-31 0.0140749 1.0228e-14 3.118e-73 1.81164e-20 1.65048e-39 9.9562e-120 0.096673 4.37395e-58 1.37513e-26 9.85032e-17
2.33674e-33 0.124559 1.48711e-92 2.67466e-122 5.65945e-46 4.24703e-48 5.88769e-12 7.76734e-34 2.40784e-39 8.77616e-19 7.38372e-72 1.21236e-92 1.87631e-54 1.85114e-34 5.53153e-37 1.63224e-25 0.483857 0.129952 1.35543e-104 0.080704 5.69297e-60 0.094058 1.34064e-10
5.91731e-46 1.15354e-64 4.01953e-60 1.05419e-95 1.66781e-71 1.72789e-82 3.35609e-50 1.39983e-43 3.11432e-111 7.68735e-49 1.12988e-21 4.77177e-99 3.90065e-45 1.77817e-24 3.96582e-40 3.05937e-65 1.67439e-53 5.84613e-34 4.91205e-102 8.99552e-36 2.18364e-89 4.31573e-83 0.164106
