0.112521 1.36772e-23 4.62392e-26 1.12412e-55 1.19981e-38 1.57896e-43 3.96823e-48 1.56896e-71 2.08692e-27 1.21126e-30 1.94855e-19 1.63373e-72 1.04096e-39 6.61486e-100 3.08239e-08 1.1367e-64 6.29433e-67 2.16171e-49 3.87778e-100 4.69512e-55 2.02841e-14 0.287138 3.33825e-69
0.000218806 2.20745e-21 7.8005e-05 5.1992e-11 2.27302e-35 2.18321e-47 5.38364e-65 2.96499e-64 0.255125 2.07908e-05 4.37399e-107 1.79782e-49 9.78036e-46 2.95011e-104 1.9037e-55 2.53188e-95 5.98362e-67 9.85774e-77 1.89798e-72 9.10953e-60 6.57991e-67 0.000228363 9.31728e-80
1.47277e-32 5.37138e-70 3.92516e-72 8.4078e-40 5.92012e-38 4.69203e-27 1.34084e-80 0.00586824 4.61176e-18 1.68943e-44 7.11519e-26 4.73922e-37 2.25809e-28 3.94037e-52 5.71925e-30 7.20778e-101 4.04306e-65 3.13115e-17 1.90499e-95 2.27818e-64 1.13628e-21 3.31965e-11 3.5154e-76
7.53781e-18 1.17125e-61 0.354556 1.4695e-06 1.07924e-21 8.52795e-59 1.07732e-34 2.51505e-08 9.148e-50 0.166673 0.0645462 0.118311 5.15956e-51 0.349513 4.86127e-45 2.85848e-56 5.58709e-49 0.0745715 0.268205 1.47673e-25 0.491409 0.00990322 0.0855833
5.04119e-21 1.16156e-57 4.3126e-49 3.58999e-27 2.58555e-44 9.47583e-37 4.0737e-87 3.10312e-17 1.17711e-31 1.65445e-37 1.07807e-45 1.19669e-35 1.4151e-60 6.48672e-120 2.0207e-36 7.91723e-52 2.8847e-63 1.97168e-73 8.30694e-105 4.77574e-23 3.02959e-60 0.546165 8.3758e-48
1.56317e-32 4.79664e-71 2.67545e-71 3.28915e-18 1.66621e-70 4.5787e-47 4.71822e-66 4.04065e-57 8.19472e-44 1.32481e-26 1.05435e-27 1.55293e-69 2.25588e-58 1.23503e-26 4.79693e-34 5.55521e-95 5.01666e-70 5.43312e-12 2.4952e-93 0.0815117 1.55176e-64 2.18772e-36 5.34268e-34
6.4411e-38 2.26549e-25 6.20512e-24 5.30665e-48 4.14157e-27 1.51842e-58 3.84368e-31 6.30011e-14 5.06121e-40 1.07866e-57 7.09323e-70 8.65615e-32 1.42456e-48 9.64655e-95 2.28048e-56 7.75513e-80 5.37198e-50 2.96149e-44 5.25848e-36 1.59883e-17 2.99567e-80 0.0949679 4.71638e-56
1.76644e-36 1.72473e-61 7.4718e-48 3.57494e-11 3.65281e-42 2.04612e-60 2.04432e-75 9.87271e-14 1.27708e-33 1.4531e-41 2.57739e-78 1.17266e-36 0.00543788 3.34435e-44 0.266117 4.55708e-08 0.154031 7.05305e-70 2.86183e-86 3.86646e-17 3.29132e-15 3.75345e-15 2.52979e-11
4.47329e-06 3.98209e-55 5.18275e-42 3.36166e-41 0.113323 2.16386e-34 1.96751e-70 8.64834e-60 3.20931e-53 2.30973e-43 2.98865e-67 2.31233e-71 9.83834e-47 6.0048e-11 1.47126e-47 0.211504 3.39331e-63 4.63549e-11 7.54194e-44 1.54296e-56 0.408031 9.44579e-07 3.51006e-40
4.68738e-24 9.96349e-59 2.41298e-24 1.40372e-39 6.76459e-61 2.13466e-48 3.78665e-61 6.24966e-61 1.48263e-56 8.96809e-27 1.38235e-100 1.87797e-49 1.4776e-43 6.35808e-81 1.59434e-41 7.00148e-56 8.48981e-46 1.52499e-55 1.44111e-78 6.99623e-20 2.79314e-41 0.124916 8.8812e-78
4.28353e-34 5.60082e-67 9.70148e-27 0.0629918 7.06499e-29 0.271691 0.0529907 0.00558266 2.43435e-39 4.78022e-32 0.0227736 1.49538e-44 3.62995e-11 7.13085e-79 6.58247e-55 4.11274e-44 8.43886e-15 3.75441e-49 3.32134e-06 2.1967e-27 2.49919e-31 0.0202322 3.75018e-07
2.06741e-43 1.44171e-22 2.85419e-29 4.47621e-53 3.1691e-32 1.99652e-07 5.76699e-69 3.18064e-25 3.96495e-33 1.54086e-34 2.21557e-83 8.68563e-32 0.176566 1.1132e-37 1.79073e-56 1.63428e-60 2.22991e-14 4.95401e-36 9.70302e-44 0.000303076 7.05996e-26 1.75585e-50 1.33547e-56
9.36421e-40 1.84702e-52 1.56727e-27 1.53608e-49 5.74991e-21 2.17631e-24 2.26638e-56 0.0183544 2.72245e-07 2.28503e-23 3.47645e-40 2.27576e-37 9.82422e-55 3.58166e-46 8.73838e-54 8.36277e-88 4.58543e-27 1.36879e-54 2.06767e-38 1.26465e-65 3.43029e-63 0.114902 9.44502e-70
2.22012e-55 2.07649e-23 5.92149e-77 7.99929e-49 0.540159 8.12097e-05 2.11248e-45 8.02421e-71 2.19472e-35 8.55183e-44 4.21371e-104 3.34862e-34 4.10194e-32 5.13227e-49 3.17336e-25 7.17123e-104 3.52796e-70 6.75001e-67 2.15605e-97 1.32357e-16 3.72135e-27 0.000120253 3.85254e-26
0.0127356 0.045718 2.09481e-73 1.00621e-19 1.01708e-46 2.09289e-44 3.827e-50 5.77805e-43 0.0515565 4.43916e-17 4.81999e-23 1.87432e-63 4.68331e-49 2.12148e-41 1.4347e-11 3.28442e-67 6.04413e-60 6.6216e-21 1.17499e-25 2.23311e-31 7.15833e-79 1.30439e-35 9.56436e-71
4.01286e-48 9.41779e-48 2.72097e-28 2.17513e-48 1.06943e-72 6.57812e-71 5.13345e-86 6.27616e-83 1.70796e-28 1.95999e-20 4.30985e-74 3.9071e-47 1.26984e-39 1.8216e-67 1.28085e-21 7.4203e-59 8.47665e-38 6.10062e-31 2.17334e-63 2.57587e-48 7.142e-73 0.138354 3.75506e-58
3.26524e-12 6.49232e-45 1.61883e-26 2.0257e-22 5.48312e-74 3.01761e-16 1.87341e-58 5.85527e-34 0.181532 5.17527e-56 5.96758e-80 1.31559e-51 5.46428e-32 2.24465e-59 6.90077e-50 2.11726e-77 1.82084e-47 1.3766e-29 1.56182e-68 0.0639729 6.85936e-57 2.48555e-47 2.14044e-71
