1.51704 0.102572
8.46632e-06 1.61908e-49 1.82169e-19 4.34195e-69 8.78007e-57 0.359651 5.54998e-110 1.24913e-77 8.58377e-18 2.72654e-48 0.0121166 6.56803e-96 2.72666e-34 1.62971e-52 6.41201e-98 2.30228e-38 2.12122e-90 0.0088395 5.55737e-75 8.92127e-43 1.04097e-25 1.03238e-88
2.26977e-33 3.41201e-85 4.47936e-07 1.07768e-70 0.000838808 7.76397e-62 3.67238e-64 5.672e-65 1.07205e-20 1.01137e-105 6.95783e-05 2.22925e-102 0.00136046 3.34099e-42 7.35484e-84 1.64868e-54 9.98445e-72 2.87583e-20 7.31498e-19 1.45483e-22 0.0814024 7.01487e-56
0.218855 1.29902e-26 1.94064e-61 2.30293e-81 0.0997459 6.84636e-76 2.3527e-18 5.10387e-13 3.96536e-82 4.80648e-120 1.75752e-40 1.21122e-38 7.0221e-28 1.5749e-52 1.41586e-31 2.6159e-19 3.35583e-72 1.01725e-38 8.0343e-61 6.23963e-21 9.11173e-54 0.152355
4.40286e-06 5.90844e-79 1.57618e-49 2.88884e-73 5.4182e-49 6.33384e-64 4.15507e-74 1.219e-75 2.41421e-59 2.16758e-64 0.128334 1.01504e-102 2.12447e-66 4.14031e-64 0.00589409 1.63295e-43 1.61598e-48 1.12524e-06 0.0404082 4.26729e-47 2.0655e-32 1.39205e-62
1.89894e-29 8.89153e-08 2.45492e-74 4.35981e-50 2.09876e-34 4.07611e-59 2.23116e-42 2.7627e-12 7.2917e-88 2.04903e-45 0.13752 2.30433e-83 0.0376369 0.0308876 6.82204e-18 3.96281e-36 4.81079e-23 1.32897e-25 1.89563e-77 5.6678e-47 1.82664e-43 1.5001e-78
2.79672e-68 7.28093e-66 1.14388e-78 5.49467e-68 7.22109e-55 1.22069e-39 9.23099e-63 2.45173e-78 3.28264e-12 2.04537e-112 3.46586e-26 5.92332e-113 2.21525e-32 3.43372e-23 0.200432 7.34634e-20 6.4513e-55 1.29614e-30 4.284e-19 9.33389e-29 2.74149e-47 2.31619e-24
1.6418e-63 2.55789e-83 4.15939e-60 1.33468e-91 1.39702e-06 1.89457e-69 0.029111 8.1412e-82 6.22071e-20 0.0993047 5.55588e-114 1.48048e-114 2.10419e-62 4.04338e-06 9.17138e-54 0.160201 0.140059 0.406024 1.81828e-74 1.84172e-117 2.43666e-17 1.62807e-76
1.14372e-55 8.04096e-29 0.12168 6.88427e-62 2.43764e-12 3.30974e-49 3.43897e-114 0.0908492 1.29625e-34 3.73917e-67 2.63362e-13 5.08851e-88 4.67322e-07 7.8119e-60 2.50621e-08 8.29701e-23 8.40197e-48 4.08344e-61 7.21314e-91 1.23036e-30 2.44717e-28 4.32734e-28
1.03848e-43 0.133182 1.97051e-77 2.21339e-38 4.91449e-70 0.00965973 7.2629e-105 0.101805 0.131478 3.51473e-90 1.89975e-35 0.0629847 1.52722e-59 0.0182856 1.07249e-51 2.31357e-63 6.17755e-43 1.38236e-61 1.09065e-35 0.167936 1.1351e-19 9.65203e-79
8.43962e-87 8.7199e-18 4.77277e-41 0.36785 4.0716e-47 1.81387e-55 3.8075e-93 8.99423e-36 6.00132e-65 7.63282e-11 5.87249e-22 1.88976e-11 6.2288e-45 1.01439e-71 1.08388e-09 0.0164353 5.13707e-16 2.44636e-52 6.88551e-97 8.4583e-95 0.0148465 7.42905e-52
1.08815e-72 3.96894e-27 3.64728e-26 4.40617e-42 5.26593e-70 6.88191e-71 2.44535e-63 5.43961e-63 2.36135e-28 4.3411e-42 3.71777e-65 1.54076e-29 5.23046e-77 0.00168512 2.09413e-47 3.22211e-32 6.22241e-85 3.70317e-48 4.40416e-81 1.0654e-30 9.6662e-34 7.15717e-89
2.18231e-79 1.29258e-74 0.0106926 5.2568e-31 1.72797e-21 1.00285e-16 1.4411e-124 2.02337e-17 8.9122e-84 2.25942e-120 1.42933e-25 7.327e-90 8.19025e-23 5.61318e-38 6.11838e-74 2.28664e-20 9.12856e-90 2.07189e-34 0.000475837 3.51347e-61 2.72341e-24 9.10144e-70
