5.92941e-56 3.08106e-88 8.14777e-16 1.63027e-95 3.11999e-36 8.39653e-57 1.28575e-73 3.27825e-30 2.06352e-26 1.373e-57 8.56103e-19 7.14806e-67 2.14741e-121 2.18212e-108 5.92536e-51 0.354289 9.97792e-36 3.82656e-72 1.03414e-114 6.09575e-49 4.38344e-42 5.00255e-20
3.00861e-36 7.37614e-38 1.95888e-11 8.78532e-66 4.45289e-28 6.88501e-108 2.83534e-49 1.28631e-62 2.40246e-20 1.53451e-41 4.99505e-42 8.11458e-64 3.00199e-122 1.61178e-88 1.42219e-72 0.349519 3.75024e-54 1.08859e-80 6.99802e-58 1.03223e-26 4.11132e-42 1.60385e-40
2.46505e-18 0.0993326 0.00439463 1.98933e-31 3.49915e-50 6.23891e-87 1.36898e-35 8.66958e-40 1.29997e-15 0.109231 1.18084e-10 2.52213e-30 2.41936e-103 2.08324e-59 1.62392e-84 5.42813e-19 1.0538e-58 3.29607e-68 2.6215e-100 7.53881e-35 4.55941e-11 2.29275e-51
2.18679e-61 4.41895e-09 4.83375e-51 1.17635e-43 0.103135 0.0379901 7.60934e-30 0.0469027 0.280872 0.0745411 1.47428e-48 8.64167e-73 2.12201e-121 0.024052 5.418e-50 3.13869e-18 6.92807e-18 1.70304e-68 0.0811002 1.54658e-69 1.30921e-28 8.91892e-32
9.1983e-29 6.1956e-60 2.10986e-20 5.12027e-71 0.00624679 1.29074e-52 1.97875e-33 0.0254916 9.40331e-29 3.8202e-07 1.07103e-47 4.66633e-37 7.19104e-97 4.88727e-60 1.78595e-88 1.30695e-51 1.75668e-62 3.18535e-85 6.61504e-57 3.13492e-30 8.4439e-65 4.10785e-23
6.43971e-59 8.16988e-90 0.0565518 7.55637e-65 2.21543e-06 1.79786e-90 1.4914e-96 1.80844e-74 4.90166e-18 1.01806e-18 9.40288e-43 2.60178e-48 1.39117e-55 3.90204e-102 4.45587e-29 0.393814 1.23646e-25 3.33944e-107 1.33979e-66 1.02093e-30 1.36708e-45 2.05064e-46
8.46854e-60 1.73447e-87 1.62183e-06 1.3721e-74 2.23906e-25 1.33887e-58 0.0251211 3.05775e-82 0.230131 7.36237e-37 1.93815e-16 3.01898e-09 2.08046e-52 9.41852e-110 6.63376e-10 1.29419e-23 2.20004e-54 1.828e-106 9.06559e-87 6.60792e-71 1.89266e-40 1.10209e-54
3.26532e-56 1.12727e-08 3.37069e-35 0.0187081 1.11098e-41 6.53947e-86 0.020794 5.96397e-18 4.48675e-54 6.75141e-28 5.16648e-42 1.25762e-71 2.07581e-101 3.73032e-07 0.124968 1.37097e-41 1.02937e-44 1.5588e-41 5.15712e-44 0.0496801 6.7074e-34 0.169617
2.79277e-51 6.20193e-23 2.06967e-56 1.34789e-74 4.00014e-52 1.23375e-71 1.40861e-51 4.5238e-41 6.62243e-39 4.21498e-38 4.28409e-26 3.16409e-65 1.49308e-83 2.76427e-87 3.64254e-24 0.295421 9.99895e-30 6.77728e-107 2.70743e-86 1.5758e-78 1.15359e-42 5.69904e-56
1.03953e-14 1.0768e-39 1.24585e-19 1.52716e-81 4.56957e-18 3.35011e-48 2.87761e-104 2.14947e-40 0.000868954 3.25807e-27 9.71939e-23 0.170306 0.0466272 4.21685e-35 1.58495e-60 1.59057e-47 1.18052e-52 0.0575559 4.73511e-111 2.07967e-22 0.0541564 3.02116e-28
0.190352 4.26614e-71 3.54152e-41 4.88831e-99 1.12463e-43 2.85796e-63 2.17098e-22 2.46029e-09 1.72018e-05 4.63809e-08 0.0741355 2.51747e-64 1.14202e-26 1.77284e-58 2.15905e-73 9.51983e-29 0.0614698 1.86111e-67 4.49516e-65 1.19407e-31 3.75816e-20 3.77437e-59
1.98713e-61 3.54979e-31 1.99531e-10 3.15176e-98 4.96574e-22 9.46377e-70 4.69154e-82 2.19151e-66 1.80489e-19 2.8234e-59 1.01561e-17 3.47692e-37 3.30137e-77 9.09215e-64 1.00886e-36 8.02958 5.06393e-35 2.37074e-85 3.30715e-69 1.64159e-78 6.59425e-77 8.03991e-48
