0.00632021 1.08335e-10 1.06083e-41 1.23838e-73 0.000279322 0.00265758 1.43374e-48 3.00574e-75 0.425217 3.01749e-55 3.00485e-28 2.09132e-42 7.04672e-23 3.75574e-26 4.32619e-07 0.0546487 2.76933e-25 8.90805e-88 1.40929e-35 1.14923e-68 0.303868 4.02698e-36
3.32615e-24 1.24826e-42 0.0393718 4.3709e-75 4.0868e-05 2.65389e-20 1.16488e-54 1.13144e-29 0.496176 0.0685247 9.89447e-37 2.38672e-08 0.00386223 6.9374e-15 1.41364e-05 9.20707e-38 7.32986e-38 2.80532e-55 0.325721 1.7484e-80 0.000124503 1.51115e-42
2.06986e-25 5.29279e-46 4.73799e-05 2.40235e-71 1.33739e-24 8.74377e-31 1.19963e-97 3.36741e-65 1.07305e-59 2.01869e-41 1.41649e-16 0.0370562 0.00070186 3.66368e-53 4.817e-37 4.50833e-54 4.91912e-35 7.32104e-100 0.175688 5.08511e-95 1.11418e-08 2.27928e-20
1.27478e-34 0.0226664 3.14822e-30 2.01545e-37 2.42145e-30 5.35536e-36 1.50954e-75 2.02953e-38 3.00764e-17 2.71987e-43 1.26427e-44 1.32493e-41 9.16356e-27 1.50236e-30 4.13444e-55 8.02443e-49 9.28655e-10 6.76834e-111 4.89117e-26 1.4099e-57 7.58017e-07 1.45356e-52
3.07418e-13 5.47984e-45 1.42085e-33 2.85019e-50 1.32206e-30 1.20148e-37 1.31584e-26 1.00477e-47 2.90013e-46 4.47905e-46 9.35215e-36 8.61947e-23 9.86311e-15 9.41634e-31 3.12031e-20 2.32671e-32 4.32866e-31 3.96134e-108 1.12752e-23 6.67085e-43 0.815579 9.13996e-26
6.2808e-17 0.0663171 4.63263e-11 5.81841e-69 9.2029e-14 2.82378e-29 1.66547e-60 2.2995e-70 4.24753e-19 4.60314e-16 9.9124e-36 1.39927e-34 9.37637e-50 1.62548e-43 4.81339e-50 1.14021e-48 6.77471e-08 3.01794e-71 2.42192e-09 4.25446e-100 0.000179242 4.7147e-21
2.16963e-23 4.78525e-26 1.51199e-29 0.0163305 1.4145e-10 2.70939e-16 6.52938e-24 1.09705e-07 1.61911e-20 4.66529e-50 0.0905303 1.41798e-07 4.73488e-41 0.00181294 5.27877e-58 3.60605e-11 0.149195 0.119535 4.2862e-11 0.0195607 2.04407e-16 0.217788
0.0421184 3.38019e-12 6.59151e-14 1.3929e-56 0.0100481 0.00100652 3.29725e-42 1.81111e-28 0.0709968 6.03197e-59 5.16237e-42 2.70428e-26 4.84747e-12 1.06405e-21 7.19233e-17 4.96314e-19 3.54268e-23 2.99353e-99 3.59345e-46 5.62932e-67 3.67938e-52 4.36066e-27
4.73698e-05 0.111305 3.28516e-41 1.39728e-66 1.84868e-10 1.9593e-16 2.43497e-80 1.30935e-27 1.13309e-36 9.47598e-29 2.87507e-12 3.67658e-08 1.68339e-54 4.16315e-59 0.0988782 9.01052e-08 1.35992e-11 1.31664e-59 5.33297e-08 2.42679e-82 3.87379e-08 1.49651e-54
4.45762e-44 4.18716e-18 2.96229e-29 2.87713e-55 2.73954e-18 4.3651e-19 1.75e-29 5.59538e-62 4.41986e-24 6.94587e-27 2.49652e-45 2.37664e-20 0.0806222 3.08849e-62 4.05072e-09 7.69116e-11 1.204e-28 2.64108e-81 3.2898e-06 5.30998e-76 0.0570534 3.29989e-06
1.86102e-55 4.86144e-33 0.130993 7.5109e-19 7.17844e-25 0.0272685 0.117692 0.055491 6.63585e-42 1.51501e-57 1.99622e-37 0.032202 1.7947e-22 0.108675 9.94928e-08 9.2249e-58 0.320476 3.42825e-108 8.424e-59 1.85115e-64 1.23185e-51 1.73708e-56
1.14476e-32 4.47562e-28 1.36165e-66 4.31669e-72 0.00888254 3.92676e-39 5.38021e-30 1.38904e-50 1.08303e-12 1.13948e-35 2.10412e-45 3.09132e-41 9.74984e-21 1.97139e-38 1.12105e-46 2.43224e-54 5.03406e-36 1.29467e-108 2.12449e-14 1.41595e-86 3.17717e-48 0.0599782
