1.28835e-15 1.23118e-83 5.59528e-27 3.50636e-143 0.00461006 5.20292e-06 2.77392e-56 1.40674e-83 4.36335e-71 2.27649e-81 2.28152e-151 1.90586e-48 2.43678e-06 5.8601e-96 0.231209 6.4765e-26 0.152723 3.19515e-92 3.06603e-97 6.95086e-107 0.0488233 1.94094e-35
8.40583e-52 1.17643e-43 2.10037e-51 8.67928e-159 1.95734e-51 7.78589e-90 1.24012e-113 4.13792e-05 3.74981e-42 3.06862e-95 4.31988e-46 1.06845e-28 3.48515e-73 7.80777e-87 0.0197064 7.07155e-89 2.03809e-88 1.31873e-67 6.38346e-63 1.65549e-106 1.8856e-16 6.775e-67
6.53922e-41 0.219837 9.47201e-78 8.32518e-33 1.53888e-38 1.72051e-68 1.50349e-90 6.47573e-112 1.24875e-16 1.22072e-31 1.61099e-107 3.06821e-43 8.98145e-26 0.0765113 4.41737e-15 1.84995e-63 3.01584e-72 1.24753e-114 2.35005e-68 2.34439e-38 2.58985e-13 6.75678e-89
2.11457e-66 9.13717e-50 0.195606 2.8138e-24 6.681e-88 4.51672e-142 6.63534e-90 2.84759e-74 3.54174e-42 1.99088e-17 2.61186e-63 1.47215e-59 2.09643e-80 6.38857e-74 5.13344e-55 4.8276e-73 3.64326e-33 8.43745e-79 9.99143e-90 0.151472 0.0250851 0.134936
1.30291e-78 2.64655e-83 1.01872e-95 4.09252e-146 1.1262e-103 4.22317e-117 6.92179e-127 8.75842e-123 2.85125e-86 4.89965e-83 1.20376e-135 4.98772e-82 5.61432e-79 2.29009e-86 1.4011e-56 2.19411e-84 1.13964e-83 9.17323e-94 1.83788e-99 2.00367e-95 6.10642e-110 2.59342e-171
1.58343e-82 0.527824 9.43289e-95 6.05115e-133 6.23885e-75 7.11996e-92 0.0239879 7.60539e-73 1.15408e-91 4.01132e-48 0.0417713 1.28037e-49 4.28708e-74 3.56911e-31 1.32202e-52 2.52525e-33 5.3855e-30 2.57964e-74 3.86257e-95 5.55984e-18 6.10588e-08 6.34026e-152
3.17896e-39 2.37702e-80 1.82194e-73 7.31181e-30 2.96333e-28 1.63004e-55 2.19034e-122 0.58731 4.50179e-97 0.0351228 1.03968e-75 5.66068e-07 0.191413 3.18544e-94 1.04246e-32 1.86132e-47 6.48685e-09 0.166344 1.21051 3.17341e-48 3.28532e-99 5.11752e-06
8.13697e-21 3.16526e-37 1.50345e-11 4.99835e-128 0.187014 0.128911 5.17695e-60 1.06734e-66 3.87708e-92 5.62222e-77 3.29938e-25 1.92784e-52 9.56842e-84 1.816e-76 1.38666e-64 0.127638 2.38991e-40 9.13781e-102 1.16586e-51 1.07303e-75 6.05598e-33 1.00554e-124
1.26696e-57 7.18096e-18 2.64331e-100 2.79622e-142 1.41202e-80 2.21614e-30 3.68042e-74 1.57122e-46 0.0365252 1.83202e-75 3.15666e-144 0.180826 6.64826e-87 7.57441e-36 5.46321e-38 2.53414e-60 1.74586e-34 2.70573e-32 2.89226e-29 7.08097e-70 4.14971e-106 4.36819e-157
0.168436 1.14226e-53 5.00522e-44 7.72798e-135 1.18508e-88 2.19702e-61 6.50101e-17 3.83736e-139 8.90556e-40 0.020034 1.07785e-07 3.18599e-51 7.51335e-82 4.45238e-68 1.51206e-66 4.10208e-89 3.4006e-73 3.19288e-111 3.09682e-37 2.19089e-95 5.44036e-77 3.34019e-68
3.51266e-84 1.10822e-06 9.33556e-65 3.8836e-167 2.07096e-43 2.1654e-05 3.18389e-14 0.221529 3.89381e-44 1.57604e-46 7.4229e-98 9.65506e-84 4.26546e-12 0.00138278 2.04719e-49 4.01278e-62 1.92392e-29 4.98041e-17 6.26958e-10 3.98154e-86 1.26347e-66 1.10089e-144
3.00367e-21 4.09439e-53 4.29011e-99 0.0252201 2.5717e-81 2.06508e-123 1.52766e-125 4.3739e-55 0.275041 3.91434e-27 1.67428e-125 2.72086e-33 3.13332e-06 1.72932e-16 0.00994093 7.73469e-48 1.6251e-88 4.26215e-68 6.07354e-37 9.10632e-81 5.53061e-43 4.81829e-154
