1.39675e-130 1.64247e-319 2.8416e-10 5.64223e-321 4.94066e-322 2.01748e-37 1.28951e-321 1.35904e-134 4.84678e-321 1.85275e-321 1.20206e-320 1.25405e-287 1.77826 2.05037e-321 9.88131e-322 5.88926e-321 8.45346e-321 2.5642e-321 2.06025e-321 2.43574e-321 4.42189e-321 1.80334e-321 1.05477e-277 6.03748e-321
1.02672e-290 9.27257e-311 2.6498e-66 4.9703e-321 9.83191e-322 7.25387e-320 9.98013e-322 1.67986e-61 4.16245e-187 0.251391 1.35572e-320 1.69786e-207 1.32943 4.82334e-218 9.13647e-171 1.89806e-116 1.04396e-320 6.54637e-321 2.68772e-321 3.99699e-321 9.31808e-321 2.93475e-321 7.39122e-321 1.18872e-320
0.00108179 0.158999 0.000716736 9.45907e-06 0.00124807 0.00217189 0.00276909 0.00351346 1.97626e-323 1.4822e-323 4.94066e-323 1.38338e-322 3.95253e-323 9.88131e-324 4.94066e-324 1.97626e-323 3.95253e-323 1.4822e-323 9.88131e-324 1.4822e-323 2.47033e-323 9.88131e-324 1.97626e-323 3.95253e-323
6.76258e-07 1.01735e-278 9.22964e-165 4.07604e-321 5.38532e-322 7.13359e-56 1.18082e-321 2.27098e-171 0.186342 1.13872e-110 8.96729e-321 1.09568e-220 6.68965e-321 3.54739e-321 8.69556e-322 9.28349e-321 9.84179e-321 2.97428e-321 1.3488e-321 3.02862e-321 6.41297e-321 1.30433e-321 8.94753e-321 6.30428e-321
1.90712e-64 1.27612e-319 3.7549e-322 3.12744e-321 7.65501e-181 1.23022e-321 1.69114e-158 2.78159e-321 0.0524961 3.16696e-321 1.64672e-320 5.44522e-45 1.27123e-320 4.07604e-321 1.7737e-321 8.17185e-321 4.22785e-202 2.95945e-321 1.5069e-321 2.43574e-321 4.76279e-321 2.41104e-321 7.22818e-321 1.16204e-320
1.12647e-321 1.65892e-319 1.19875e-215 4.19388e-263 8.79437e-322 3.45969e-110 5.18272e-127 3.35965e-321 0.592871 1.31007e-144 1.71194e-242 3.60637e-207 9.21964e-246 5.25192e-321 2.34681e-321 9.26373e-321 1.10125e-141 3.54245e-321 4.95054e-321 8.26191e-183 8.39912e-321 1.78358e-321 1.39524e-320 1.20009e-320
9.36963e-250 1.21846e-319 1.16005e-87 6.082e-268 5.18769e-322 1.45241e-100 1.71441e-321 4.04146e-321 4.97914e-194 3.7796e-321 4.77206e-208 1.96597e-241 1.31273e-320 0.134083 1.32348 1.16056e-320 1.12499e-320 1.12499e-320 1.68739 1.55723 6.90704e-321 3.48316e-321 4.17317 1.74652e-320
0.00103429 1.63837e-319 1.32225e-302 3.68573e-321 7.95446e-322 2.02391e-275 1.42785e-321 7.72596e-99 9.51052e-280 6.91889e-275 9.0167e-321 0.105407 8.91294e-321 4.3892e-277 9.09081e-322 8.68073e-321 7.34182e-321 2.35669e-321 1.40315e-321 2.81617e-321 7.01573e-321 1.15611e-321 1.01926e-320 7.49004e-321
1.2154e-321 1.36258e-319 6.78808e-298 5.81021e-321 2.05531e-321 1.81322e-321 3.55727e-321 5.28156e-321 2.87781e-189 4.77302e-137 8.90668 14.5206 2.33446e-320 9.16492e-321 3.26577e-321 7.22709 7.35277 5.42675 5.58294e-321 7.90999e-321 9.69608 2.97916 2.96751e-231 14.1616
2.99434e-82 1.31318e-319 4.96868e-112 3.84383e-321 1.48837e-59 8.41059e-175 1.28951e-321 1.35868e-10 1.54148e-320 2.99898e-321 1.08892e-320 6.44646e-142 1.00246e-320 2.69266e-321 1.54148e-321 8.01869e-321 1.29791e-320 3.80925e-321 2.06025e-321 4.37742e-321 6.62048e-321 1.86757e-321 7.94952e-321 9.5157e-321
8.16857e-47 2.01707e-319 4.94066e-322 4.24402e-321 7.80624e-322 1.97132e-321 1.15117e-321 2.21341e-321 1.09338e-75 2.49997e-321 1.28358e-320 3.59038e-320 4.11403e-139 0.968628 2.13845e-278 8.36947e-321 1.237e-293 6.1363e-321 5.2371e-321 3.76524e-61 6.17582e-321 2.88534e-321 1.05038e-320 9.20938e-321
1.40281e-52 2.5893e-319 1.17499e-170 3.21637e-321 6.32404e-322 1.77864e-321 1.62548e-321 2.29246e-321 0.0762181 0.674087 1.00987e-320 0.165734 7.15407e-321 3.07309e-321 1.15611e-321 5.63729e-321 1.2821e-320 2.40116e-321 1.28951e-321 1.82495e-156 8.32007e-321 1.41303e-321 1.07459e-320 7.68272e-321
4.00083e-99 5.54518e-159 2.36942e-81 4.73809e-321 5.08888e-322 1.25893e-239 9.59218e-158 2.00863e-225 0.435826 2.44562e-321 9.97519e-321 0.00823396 8.07303e-321 1.70947e-321 1.11165e-321 6.65012e-321 7.02561e-321 2.53456e-321 2.01579e-321 2.46815e-188 5.36555e-321 1.2401e-321 8.81907e-321 6.45744e-321
2.27997e-05 1.27141 9.01974e-14 6.33063e-25 1.27607e-17 1.15866e-20 5.02793e-12 1.86492e-09 1.67982e-322 8.39912e-323 3.11261e-322 1.01283e-321 2.91499e-322 7.41098e-323 4.94066e-323 2.12448e-322 2.96439e-322 1.03754e-322 5.92879e-323 9.88131e-323 1.82804e-322 5.43472e-323 2.2233e-322 2.66795e-322
8.41467e-161 7.04629e-148 3.07653e-100 0.523172 6.87488e-237 5.84798e-41 9.64569e-292 1.5298e-21 1.50196e-321 9.83191e-322 2.30729e-321 8.72026e-321 2.99898e-321 6.17582e-322 3.70549e-322 1.89227e-321 2.24306e-321 8.64615e-322 5.03947e-322 8.99199e-322 1.65018e-321 3.95253e-322 2.16895e-321 2.06519e-321
4.299e-129 2.42461e-68 5.49514e-11 4.61457e-321 1.56861e-262 9.86134e-178 1.00428e-55 2.86045e-176 1.25789e-320 4.85667e-321 1.80285e-320 7.25931e-320 1.91396e-131 4.49106e-321 2.59384e-321 1.36757e-320 9.96969e-184 6.41297e-321 3.4387e-321 6.19064e-321 1.07558e-320 3.08791e-321 1.32657e-320 1.58249e-320
7.70742e-322 1.43254e-319 5.38532e-322 3.18178e-321 5.2865e-322 2.59156e-90 9.73309e-322 2.60455e-265 1.85021e-196 2.93475e-321 8.05327e-321 0.657355 5.8394e-250 5.1605e-226 1.42785e-321 5.18769e-321 1.78115e-184 2.40116e-321 1.46243e-321 6.22146e-62 4.21438e-321 1.19564e-321 3.34488e-273 7.60367e-321
6.37345e-322 1.51075e-319 5.96239e-69 1.85612e-307 6.22523e-322 2.11861e-304 1.05236e-321 2.248e-321 3.99291e-296 3.29542e-321 7.47521e-321 1.08101e-105 0.0117315 3.50787e-321 1.082e-321 6.29934e-321 1.23418e-320 2.82606e-321 1.24999e-321 2.05815e-18 4.31813e-321 1.30927e-321 8.26572e-321 5.54342e-321
