0.00227125 0.00158628 0.00213671 0.00105531 0.00772231 0.0328981 0.000782567 0.00370519 3.43645e-298 4.94066e-324 2.16622e-228 3.76129e-305 5.00273e-188 1.72522e-125 1.72708e-148 1.74532e-92 6.05099e-264 6.65282e-210 1.54851e-234 2.03917e-153 1.42472e-154 2.29961e-290 2.25966e-309 2.47033e-323
4.49259e-170 4.96515e-55 5.91723e-31 2.13067e-69 2.37491e-140 0.000280249 2.67662e-277 6.91737e-91 3.21566e-69 6.80099e-287 1.64535e-76 7.41322e-132 3.18068e-154 0.956092 8.86118e-119 0.259107 3.38817e-143 9.14145e-73 7.02255e-29 3.16091e-99 1.91231e-69 7.68067e-89 5.19223e-152 1.02721e-147
5.1046e-71 9.25084e-30 8.43536e-29 3.7067e-45 2.36095e-21 1.1933e-72 1.80017e-114 4.24422e-37 8.62689e-186 1.19879e-304 6.16163e-168 1.32309e-231 2.32476e-123 1.79126e-123 4.23543e-125 0.143778 3.38185e-138 4.46573e-193 2.44432e-154 7.45124e-139 2.27664e-87 3.7672e-231 3.30883e-299 1.79038e-296
1.21156e-48 2.65646e-50 6.58694e-43 1.00559e-53 3.51044e-39 1.00085e-40 5.86407e-113 3.51651e-50 1.35133e-214 3.06321e-322 1.86403e-189 7.95469e-265 1.09557e-173 7.53704e-78 7.01628e-114 0.333121 7.02183e-214 4.02442e-192 1.00644e-145 1.70725e-124 2.3632e-148 1.93931e-235 1.78302e-294 5.72458e-210
3.61198e-109 2.25513e-11 4.24022e-34 4.6733e-109 1.78921e-63 3.34162e-113 1.6205e-58 1.50157e-73 3.63402e-202 5.48413e-322 1.93502e-198 1.94189e-298 6.20153e-174 1.10179e-62 3.0626e-16 0.116808 3.76547e-242 1.04309e-196 1.00941e-180 8.57594e-143 9.66076e-123 1.29272e-217 3.45453e-174 2.27534e-286
0.00022583 6.63045e-08 9.94506e-24 1.04911e-06 1.81808e-21 0.315447 7.14588e-11 1.18569e-07 8.71505e-284 6.42285e-323 1.32411e-221 2.10389e-300 2.47851e-173 6.19834e-114 9.6876e-147 3.95439e-83 1.73929e-252 5.0211e-197 4.44116e-235 1.02182e-149 2.12095e-153 7.42906e-280 1.20934e-303 5.77489e-299
2.05507e-132 9.70244e-34 8.21913e-87 4.02533e-11 5.34763e-67 1.15252e-81 3.94141e-185 1.42137e-11 3.50783e-215 5.2865e-322 6.27584e-126 4.849e-185 1.10095e-165 8.47772e-56 1.65482e-145 0.171111 1.8563e-82 1.69978e-169 2.07894e-129 4.78549e-57 7.81025e-60 3.51555e-261 1.26352e-247 1.06099e-286
8.96438e-210 6.32611e-05 1.06808e-278 4.22554e-107 1.21044e-15 1.89508e-06 6.97236e-232 1.52151e-14 8.82513e-104 8.39912e-322 1.63366e-84 1.51447e-169 1.14521e-35 4.95878e-66 4.96504e-82 0.199783 9.32385e-236 3.41349e-95 1.91381e-171 3.14663e-111 3.88609e-112 4.98337e-90 2.69577e-237 2.40222e-265
5.39121e-76 7.09047e-119 1.44267e-321 5.14334e-234 5.48367e-46 1.14307e-109 5.03947e-322 1.41671e-50 0.636769 0.257548 0.569442 3.5525e-285 1.2042 3.33108e-79 1.09938e-143 0.895204 0.754527 0.45526 1.18174e-154 1.49296e-120 4.54104e-16 0.252754 0.293812 0.960443
3.53128e-138 0.0006845 3.94453e-19 1.81957e-66 2.3741e-54 6.96623e-59 3.12155e-193 1.58893e-177 3.25892e-12 3.73938e-251 8.48007e-88 0.399783 1.8288e-154 3.16465e-108 6.90583e-19 9.75985e-22 1.2217e-123 2.26654e-181 0.158636 2.94563e-58 1.44522e-85 6.00887e-87 1.74388e-169 3.01638e-121
1.97554e-58 3.92733e-70 7.31381e-146 1.01712e-94 4.6466e-38 7.64533e-23 2.57647e-43 1.94102e-53 2.01354e-87 4.65602e-232 4.79324e-132 3.68178e-263 2.2863e-119 8.01451e-38 0.174708 4.21595e-29 1.4053e-102 1.996e-203 5.4296e-169 0.300376 1.03794e-36 5.08445e-105 5.36444e-302 9.66528e-155
5.02113e-20 4.64918e-06 9.8357e-69 5.74058e-33 2.12857e-33 3.68297e-55 4.23111e-09 2.82133e-65 6.48478e-249 1.39758e-259 1.17115e-147 6.67059e-228 6.00727e-123 2.40806e-64 1.89128e-60 0.0433402 7.79002e-255 2.42132e-194 2.85696e-212 4.64411e-75 2.51549e-75 9.79279e-247 4.81377e-257 7.94882e-289
1.43718e-93 3.4698e-07 5.13823e-93 5.62301e-51 2.9787e-05 5.16489e-104 9.71063e-50 3.05908e-06 6.65518e-253 3.90312e-322 2.07122e-209 9.10665e-223 8.56037e-146 2.60614e-63 7.06092e-61 0.616882 3.68515e-232 1.3354e-180 1.0998e-209 8.70458e-103 7.24498e-76 1.90424e-226 3.27515e-246 6.50776e-216
3.92011e-121 7.8647e-45 3.80417e-29 2.69615e-84 3.32875e-27 7.74534e-86 2.87952e-110 3.246e-65 4.30171e-115 6.1913e-194 9.10455e-177 1.34261e-76 2.33454e-114 1.16406e-103 1.89165e-13 2.19353e-18 2.03697e-150 2.55799e-125 2.92641e-191 1.85445e-19 0.690817 2.43017e-232 1.6687e-265 6.9159e-137
0.0235279 7.50173e-31 1.32297e-18 1.46909e-47 3.52176e-33 8.2287e-63 1.00306e-179 2.82634e-20 9.26506e-79 2.60424e-167 4.49963e-152 1.99614e-176 8.56173e-169 5.45332e-77 3.59008e-22 0.830277 9.16364e-218 9.60137e-142 7.86086e-74 2.12355e-111 0.437975 2.0253e-34 1.79277e-132 3.22239e-176
5.58747e-75 0.0239813 9.36525e-112 2.09608e-66 2.27103e-22 1.68636e-33 1.2007e-59 2.74523e-12 3.89498e-229 2.50712e-249 4.26956e-151 2.24075e-262 4.79655e-123 3.73594e-115 1.14504e-139 0.246675 2.82112e-204 2.08956e-133 1.99577e-221 1.35944e-107 6.17249e-139 7.3119e-180 2.16924e-230 8.27244e-279
6.98249e-56 2.48264e-51 6.11882e-91 4.11516e-71 6.45432e-12 7.50148e-92 1.15684e-134 3.20119e-59 7.53577e-259 3.70549e-322 7.74203e-195 9.11558e-187 5.64538e-115 3.69294e-62 2.12103e-73 0.156273 9.16134e-225 6.09867e-192 4.16506e-208 2.11875e-111 2.4551e-60 4.03546e-249 2.16444e-212 3.25037e-262
1.30798e-45 8.12252e-82 2.52135e-114 1.65979e-59 1.83597e-87 1.30627e-123 2.84811e-61 9.64551e-43 1.17446e-275 2.92129e-237 1.52049e-141 9.67293e-268 1.29233e-102 6.11814e-120 0.0459888 1.09648e-21 1.19799e-110 2.73341e-153 1.24957e-220 6.31505e-141 7.50512e-67 2.81157e-278 3.85595e-272 2.59433e-261
