1.86548e-48 3.26499e-32 1.56509e-45 3.93276e-321 2.92631e-104 1.7662e-136 2.79792e-194 2.08751e-257 2.7403e-142 3.31576e-109 7.00037e-56 5.05084e-61 2.53184e-50 8.43375e-16 3.54729e-305 1.29981e-21 0.0129975 0.132478 6.53917e-127 2.70577e-37 0.0258471 2.31666e-151 1.12235e-103 3.89112e-89 1.00295e-128 5.98598e-182 2.9254e-115 1.12777e-107 4.11019e-122 1.18141e-44
2.37563e-20 0.0092737 1.40722e-66 1.6589 0.373772 0.368403 0.356678 0.155294 19.1963 1.31192e-31 2.44745e-19 0.737346 5.39102e-78 1.75158e-35 1.86252 12.1813 3.57756e-87 1.40451e-99 0.245169 1.04707e-14 1.45596e-99 9.42904e-53 0.00200212 0.654803 5.9611e-76 6.17964e-106 0.288138 1.22807e-120 4.19931e-97 3.45196e-83
3.50811e-94 0.328049 3.34829e-67 2.64819e-321 1.02566e-237 4.64694e-189 4.84844e-238 3.02297e-289 1.2357e-175 1.90987e-79 1.0014e-85 8.46488e-146 1.83301e-73 1.34487e-51 1.97312e-248 1.05543e-117 4.70461e-53 8.95224e-138 7.1626e-165 2.05513e-75 2.63159e-84 8.56198e-112 2.96206e-122 8.11185e-77 1.03383e-139 2.00741e-76 4.29743e-168 4.56528e-111 4.17392e-56 3.01852e-97
1.03496e-70 4.2785e-61 2.32333e-12 1.31738e-274 6.07108e-104 1.33189e-151 5.74923e-228 3.04382e-252 4.56309e-259 2.13784e-109 3.66305e-106 1.94286e-107 4.3433e-40 8.30492e-99 5.42004e-185 3.25574e-70 0.270621 1.85075e-112 7.04524e-116 1.28458e-63 1.44193e-85 2.55163e-61 0.0218404 0.119656 5.82158e-115 1.08156e-63 1.0394e-137 2.08347e-125 2.45354e-82 6.91689e-94
2.29292e-84 0.12826 4.98334e-67 1.09395e-294 1.72918e-242 1.03299e-186 9.70327e-223 2.19556e-275 3.66081e-245 1.14979e-105 3.10923e-127 1.01379e-111 4.60944e-70 4.57945e-65 3.31124e-315 2.61914e-66 5.04388e-93 2.07029e-82 3.74056e-189 7.59043e-82 1.30113e-49 2.63097e-93 2.45087e-77 1.5769e-64 8.86322e-110 1.13881e-116 2.27659e-196 2.32836e-88 1.90538e-112 1.39425e-159
1.98117e-62 0.24206 5.00575e-61 1.94581e-282 1.36745e-190 1.10168e-202 7.26154e-244 1.23047e-313 1.33316e-274 1.14332e-84 5.8852e-101 1.18754e-112 1.56517e-55 6.13844e-77 4.66517e-307 1.27907e-96 5.62861e-70 6.24419e-126 9.7804e-186 2.46813e-92 1.00575e-101 1.0871e-129 1.31336e-98 2.8781e-76 1.06916e-163 1.84778e-150 2.95603e-202 4.18058e-138 2.61691e-91 7.1846e-136
1.32028e-31 9.29592 1.55419e-45 6.39428e-204 9.15992e-186 1.07534e-82 2.86647e-210 3.57339e-309 3.20048e-124 2.30472e-10 0.222797 1.63674e-47 0.00168 2.76251e-20 1.54653e-191 2.22607e-91 5.72086e-58 3.34481e-93 1.38119e-150 0.37382 1.07929e-70 2.81166e-45 8.6578e-62 1.67929e-35 3.40724e-116 1.16398 3.16151e-122 9.27286e-72 0.470331 0.265361
9.48732e-111 5.83713e-19 2.38248e-34 2.72546e-219 1.38993e-185 1.88935e-191 3.07553e-200 8.90167e-207 1.59594e-158 1.34873e-127 7.1952e-57 1.06972e-63 0.0531189 4.29188e-72 2.93287e-258 7.50768e-98 1.01025e-33 3.51598e-67 4.63352e-206 1.00657e-31 2.01665e-60 2.36971e-94 2.74885e-46 2.56398e-15 3.71448e-95 9.77595e-101 6.78442e-205 3.59299e-64 1.48686e-83 6.14708e-130
7.87554e-50 0.364425 1.39619e-83 2.49009e-321 1.24475e-187 1.65045e-184 9.56082e-220 1.10601e-229 5.91395e-225 5.58807e-97 8.50581e-108 1.54791e-116 2.02215e-37 4.43446e-73 1.52122e-291 6.31337e-63 2.81694e-42 3.96283e-85 4.08666e-133 2.8534e-73 7.26621e-74 1.23144e-61 1.36744e-124 1.4707e-37 5.90116e-134 3.40032e-99 9.2337e-237 1.79913e-112 2.95266e-46 1.54813e-121
3.406e-37 5.1051e-73 2.96276e-78 9.46145e-293 6.46252e-186 7.66657e-203 5.11135e-252 1.29416e-213 5.53881e-172 1.01607e-107 2.67884e-80 6.83487e-105 0.332813 7.28502e-85 2.15135e-306 1.06194e-101 6.36645e-67 1.54432e-127 1.85712e-134 2.8299e-120 1.27303e-102 4.87448e-116 7.56833e-96 9.44669e-85 2.09523e-145 3.47681e-137 9.77363e-228 3.36859e-127 1.44622e-93 7.23182e-172
2.05746e-86 0.53081 2.18293e-57 1.34969e-286 1.68687e-207 2.08237e-165 5.11162e-199 1.5624e-224 1.99248e-237 1.95115e-124 2.74461e-103 4.325e-112 4.22774e-47 1.67651e-42 2.76677e-321 3.91505e-66 1.72488e-55 1.181e-78 2.13461e-178 3.62107e-61 4.38941e-68 2.88072e-105 1.86237e-104 8.20531e-106 5.4726e-165 1.10257e-84 3.10621e-227 5.94712e-91 1.40242e-67 6.68393e-137
5.68431e-62 0.236766 3.70526e-88 1.58101e-321 1.3781e-179 4.35355e-205 9.06714e-242 1.12134e-312 8.14347e-231 1.13056e-95 4.84774e-101 6.76838e-103 2.70453e-80 4.75089e-94 1.27015e-270 1.12089e-94 8.0963e-59 1.93315e-96 1.19067e-192 1.07995e-80 5.61129e-65 2.32108e-88 6.91878e-86 1.46314e-100 1.17495e-107 2.45268e-144 4.90539e-210 7.04048e-94 5.88817e-112 4.29263e-170
1.1199e-22 8.05636e-20 0.0887781 4.01675e-321 2.37949e-173 2.24778e-142 1.04147e-181 3.64989e-259 1.55837e-232 3.20552e-101 1.33517e-78 1.61034e-35 0.0164984 0.0585626 5.42493e-198 2.12167e-108 9.83217e-88 5.92863e-74 5.42106e-138 9.81588e-43 1.75024e-119 0.251471 4.02011e-54 0.207424 4.53937e-12 4.42972e-23 8.58552e-141 2.92681e-56 1.43082e-33 9.02989e-11
1.84838e-89 0.143086 6.3469e-86 1.41631e-279 2.10017e-227 2.1155e-201 1.1019e-239 4.64659e-251 1.39999e-277 6.70582e-95 6.27395e-72 1.04853e-149 2.74708e-71 2.92905e-76 1.95236e-300 1.94403e-98 4.53578e-80 9.4562e-129 5.06501e-204 1.40029e-128 1.15534e-116 1.22813e-134 7.26573e-70 5.63157e-88 7.31116e-106 3.88947e-117 5.97246e-198 2.57954e-86 4.621e-63 3.79574e-129
0.194782 4.72248e-70 8.04123e-26 1.39388e-303 2.27236e-171 1.67236e-117 1.71333e-215 1.67424e-186 1.53045e-230 0.276134 9.9333e-85 4.39029e-106 4.64787e-21 7.35195e-65 4.41582e-272 6.92568e-122 5.39721e-86 2.74772e-111 9.58074e-200 3.04301e-81 6.64192e-86 8.71188e-70 0.00990598 5.64835e-41 0.0978739 5.58495e-151 1.59513e-99 0.0705914 1.05726e-33 1.95243e-146
