3.74787 0.19846
4.49437e-153 4.86395e-167 0.242676 4.94367e-111 1.38182e-105 4.6986e-208 1.96457e-268 2.12815e-209 4.55552e-234 5.07915e-257 6.48933e-218 3.96097e-71 2.13901e-252
1.38905e-64 0.473993 9.51779e-81 1.86792e-54 3.54727e-06 9.09789e-201 1.22217e-86 5.12872e-108 8.9863e-147 0.0882076 1.64968e-59 2.50246e-28 0.0213564
0.0666004 8.34402e-113 1.47194e-06 0.106415 0.0204621 1.35446e-200 8.38791e-12 9.84846e-147 1.62397e-106 0.0311523 0.0145995 1.19624e-107 0.125512
2.10034e-130 7.74421e-161 0.403237 4.97985e-127 2.05426e-96 2.97474e-196 6.07701e-322 4.31627e-141 2.81885e-211 2.02981e-213 3.96975e-217 2.88431e-60 1.40185e-191
1.7141e-119 8.9636e-147 0.0996552 3.42184e-135 4.72762e-127 8.8039e-164 2.44174e-252 9.06501e-219 1.75983e-186 5.52092e-197 2.62416e-234 7.54535e-112 1.89699e-179
4.13435e-123 0.349762 3.55272e-72 1.31708e-46 7.54397e-49 2.92922e-143 2.13318e-234 6.04764e-204 2.04961e-193 2.10547e-225 3.08949e-80 1.29669e-105 4.91271e-85
2.16151e-60 3.39011e-18 3.66342e-65 3.2735e-104 1.38712e-139 2.45602e-84 2.62595e-220 0.223121 1.45045e-188 1.56661e-244 3.6501e-212 2.03044e-20 1.43116e-215
1.41821e-68 6.60718e-50 4.05741 5.09462e-110 2.16376 9.32958e-159 2.09317e-47 8.53947e-49 0.15995 3.49693e-235 0.236975 7.57651e-104 0.0920795
2.28693e-45 4.50282e-54 1.19127e-39 1.16551e-50 1.41116e-36 0.24961 0.379209 7.68213e-138 0.0133609 6.95894e-104 2.66001e-10 1.47857e-20 1.43327e-251
1.24844e-43 1.02581e-156 4.94746e-37 0.0252283 0.222307 3.79864e-71 8.45014e-291 4.74193e-217 6.83044e-41 3.1336e-31 1.94698e-46 2.4918e-17 3.05864e-27
6.85975e-100 0.196163 1.37306e-39 4.11223e-74 2.96424e-115 3.38756e-99 4.48859e-316 3.98273e-49 9.7965e-175 2.79495e-64 2.1011e-168 8.37188e-30 2.97765e-178
1.31304e-21 1.64639e-161 2.40677e-06 2.70808e-62 0.0216943 8.73051e-65 6.39093e-39 0.0771419 3.87655e-234 1.81269e-178 4.32982e-10 0.388618 3.9316e-22
