3.51327e-171 2.47557e-30 1.68627e-164 1.51455e-40 7.41608e-40 2.16895e-321 0.0101687 9.56518e-44 5.58696e-147 7.64213e-63 1.19802e-116 0.428696 2.2408e-232
6.32998e-139 0.0114197 2.42105e-310 1.48868e-120 3.60811e-204 1.68528e-204 3.96187e-90 2.05434e-143 1.37337e-104 2.03296e-190 8.75897e-115 0.122371 1.25829e-262
3.88449e-96 2.55849e-151 1.34238e-83 5.22973e-143 4.19748e-103 5.12451e-167 1.96991e-212 1.14184e-58 0.422811 2.69526e-52 7.02875e-184 1.05317e-31 2.42071e-184
1.37976e-13 1.0199e-53 3.6837e-318 2.39889 0.14288 1.32581e-206 1.19463e-134 0.143347 2.25482e-15 0.206281 0.0342034 7.53687e-162 4.64678e-245
0.30429 3.30378e-175 0.640264 1.23348 3.70069e-203 5.62398e-240 3.954e-13 1.07571e-75 1.96565e-21 1.31624e-64 1.38951e-96 1.19509e-121 0.624106
9.69034e-47 6.0344e-111 1.9927e-208 1.49759e-39 7.60582e-44 0.54504 0.371862 5.02279e-126 3.92637e-151 5.98268e-33 7.26377e-71 0.0599231 9.46635e-177
2.80327e-22 5.75838e-168 9.53724e-301 0.062146 1.55309e-132 7.46006e-275 5.69276e-40 4.50599e-101 2.51136e-134 2.96525e-129 4.93459e-99 2.18626e-21 1.06953e-190
2.94815e-134 0.230422 2.53456e-321 1.9578e-78 3.29954e-96 5.72942e-251 1.19198e-80 1.62978e-155 4.61117e-76 2.64324e-33 5.22379e-117 2.32529e-49 3.02921e-245
1.06508e-173 9.45163e-52 3.6339e-80 1.03657e-102 1.29147e-236 2.24323e-74 2.1014e-84 0.366984 3.89649e-79 3.67875e-44 2.70259e-144 1.10435e-166 1.19939e-212
5.166e-168 0.0474978 2.71736e-321 1.22545e-258 1.10338e-229 6.43604e-88 8.71761e-98 2.41637e-152 0.0504156 1.10712e-117 2.93371e-66 9.66217e-120 3.99588e-202
2.62749e-39 1.06485e-52 3.23537e-124 1.38757e-154 3.4301e-64 3.24361e-259 9.64791e-107 4.91582e-98 2.55874e-145 0.14869 2.44425e-46 7.45512e-60 2.00441e-30
1.35135e-36 3.0935e-66 7.80594e-270 6.22863e-219 4.08785e-240 9.52176e-14 0.135833 4.86446e-158 6.63895e-87 1.93483e-56 0.543486 8.84976e-62 3.94882e-288
