1.48796e-07 4.07154e-24 1.75442e-39 0.0468781 1.01169e-109 3.69788e-112 1.77052e-51 3.46653e-193 1.78724e-222 1.60652e-57 5.69929e-36 4.96726e-102 3.47261e-159 6.76382e-57 4.43944e-36 1.29616e-78 0.177758 3.04985e-116 6.16943e-57 4.93125e-30 2.80389e-61 1.12317e-19 9.73553e-33
1.1229e-21 2.70066e-72 4.45584e-61 1.29134e-80 1.17066e-94 1.17249e-40 2.32179e-63 6.3902e-118 1.63789e-58 8.80877e-141 0.27432 1.9071e-19 3.41067e-132 1.0883e-157 2.25979e-18 2.96733e-149 2.67115e-37 3.26057e-68 1.58469e-118 7.58664e-37 9.77136e-35 3.5866e-86 2.12588e-89
2.57485e-162 0.000128451 0.264895 5.13885e-20 1.47189e-30 4.08912e-85 2.29733e-66 4.86785e-215 5.88991e-48 2.58206e-138 1.3531e-103 1.54521e-45 1.02798e-134 3.24144e-142 0.0229609 7.50947e-101 2.09711e-67 0.16163 1.75238e-37 1.38235e-90 1.69064e-113 1.08688e-90 3.52866e-80
5.13413e-44 1.11029e-18 7.19315e-39 7.39969e-16 1.10477e-73 5.37039e-29 2.55259e-88 8.48665e-129 1.26986e-142 4.92209e-14 1.97057e-62 2.8479e-43 0.0438353 1.04219e-100 7.04295e-08 5.2978e-08 1.64388e-32 4.60742e-195 0.142494 1.01741e-54 6.23174e-84 0.0281419 1.31829e-62
1.51289e-59 2.71559e-159 5.11387e-89 2.61678e-28 1.28239e-116 6.74276e-28 2.39175e-16 5.2768e-09 1.26248e-137 5.81918e-29 1.82298e-78 0.106069 6.49812e-229 0.155994 1.54112e-68 2.21059e-132 1.18028e-48 1.33112e-117 4.26356e-82 5.71175e-86 1.27659e-40 4.2825e-109 7.24051e-108
3.21323e-36 7.44349e-66 1.37378e-90 1.84168e-88 1.79032e-19 0.239023 1.08857e-47 9.66296e-14 6.6475e-203 1.17861e-37 2.54746e-87 0.0913813 1.5294e-25 3.46299e-112 2.74549e-30 1.38281e-28 2.44813e-30 3.03967e-50 0.0089443 1.01563 3.08581e-143 5.17584e-53 9.83826e-53
4.58878e-103 2.73201e-41 1.00673e-47 2.77098e-10 4.46618e-57 1.88869e-71 0.176527 3.79846e-53 9.5121e-230 8.68354e-128 9.46032e-39 1.5424e-93 2.09803e-97 1.30648e-132 1.17801e-30 1.52172e-85 0.000530206 7.90741e-126 1.21629e-80 6.21997e-97 5.56318e-54 3.41849e-23 0.0254154
0.115368 4.802e-111 2.52046e-78 1.91684e-78 2.34246e-130 1.73431e-109 3.87608e-08 1.47013e-207 2.65848e-151 1.11822e-63 2.03733e-17 5.90711e-69 6.31406e-162 1.83383e-100 4.49625e-107 7.20404e-146 0.951256 3.00952e-32 2.72522e-152 8.01139e-88 8.91377e-176 3.53246e-26 2.39033e-77
9.28949e-126 2.35845e-66 1.99886e-110 8.69088e-82 3.97699e-84 1.67797e-25 0.000411403 4.40843e-155 2.51135e-172 0.0440136 3.3818e-28 5.43368e-160 2.15666e-129 1.00844e-10 1.29232e-99 1.43426e-114 2.94944e-52 3.35853e-192 8.34201e-19 1.26078e-71 0.146959 1.37889e-94 1.64302e-39
4.04686e-96 6.26642e-18 1.07464e-88 1.62427e-24 1.59612e-143 1.22751e-122 3.82957e-72 0.20451 3.5675e-123 9.57298e-83 5.8181e-78 5.16243e-92 9.14144e-138 5.97282e-09 1.28908e-68 8.70146e-79 1.49258e-66 9.94623e-186 4.04281e-61 0.307789 3.04637e-134 0.244271 1.01227e-20
1.38449e-67 2.97873e-26 1.9066e-45 0.00655665 2.29741e-52 1.05106e-110 0.183627 2.00743e-190 1.89473e-177 1.11439e-146 1.18842e-95 1.97277e-69 1.8367e-201 8.43524e-145 2.28481e-110 1.82962e-48 1.12997e-19 2.47796e-55 1.75701e-62 6.20967e-95 1.93049e-160 4.83401e-39 6.96692e-108
2.42045e-106 6.41618e-67 1.22221e-47 2.01267e-68 9.65164e-69 1.88556e-116 1.83582e-49 3.94926e-207 4.44973e-179 1.04785e-118 1.93197e-85 2.04276e-137 2.46854e-84 4.61452e-59 1.14294e-84 1.2864e-149 0.16765 1.19873e-59 1.19839e-154 5.83928e-61 1.43918e-49 5.1518e-123 4.7698e-21
7.97209e-29 9.32629e-65 5.24023e-65 4.39562e-29 2.42261e-129 3.07648e-91 0.0455251 6.77644e-214 2.71377e-241 1.01544e-118 0.477091 4.43446e-84 2.95909e-145 6.58015e-170 1.37497e-36 0.202348 1.57272e-55 1.31014e-30 1.15033e-55 1.4004e-34 1.96703e-68 7.43841e-99 3.34586e-36
3.12686e-34 1.5033e-47 2.83288e-49 5.44914e-10 0.223814 1.57678e-131 8.04541e-63 3.59294e-108 0.108498 3.34688e-112 2.21823e-94 5.27524e-64 0.191135 4.66391e-101 0.0599507 1.13912e-18 9.50724e-21 2.68224e-173 7.29537e-50 5.06277e-34 2.04182e-27 2.53713e-67 0.034019
1.54533e-05 2.22095e-64 1.70837e-39 9.02305e-42 1.12558e-64 5.63103e-84 7.06509e-85 1.12704e-111 2.12769e-238 1.54806e-132 6.77427e-32 5.47687e-145 7.51939e-202 1.21693e-180 3.62345e-128 1.22268e-150 0.728682 1.34426e-123 7.49004e-80 7.27298e-77 8.97611e-185 6.61979e-105 7.95531e-95
7.63857e-40 0.0834091 1.37969e-34 4.44389e-85 1.44593e-143 5.1212e-148 8.67683e-42 1.00666e-203 3.4823e-164 1.58078e-103 4.29091e-100 3.34953e-100 1.06706e-133 1.25005e-114 1.05532e-115 1.87383e-150 5.86782e-17 5.38796e-138 4.03878e-139 1.24043e-72 5.48578e-167 2.62054e-108 2.79925e-100
