2.30307 0.287393
7.53064e-24 2.28494e-177 4.43321e-71 0.0541885 9.78434e-199 1.09875e-106 1.67546e-121 6.38827e-229 4.28438e-84 2.14129e-186 1.71205e-61 1.45204e-80 3.34977e-321 7.55276e-243
0.0126199 0.0117274 4.90294e-266 1.43869e-253 1.97626e-323 3.07124e-314 1.21931e-235 6.5989e-249 8.19452e-264 1.13635e-322 8.39912e-323 5.56257e-276 1.03754e-322 5.92879e-323
7.58299e-109 3.77789e-27 8.60206e-246 1.12496e-101 1.96419e-140 2.62103e-175 3.70082e-233 0.115229 1.0707e-222 3.04496e-256 1.60077e-321 1.67725e-276 2.30729e-321 2.90721e-197
2.46406e-312 1.38945e-80 2.70936e-193 2.65611e-151 1.33581e-275 8.3363e-283 0.161817 2.91681e-44 1.30482e-158 2.53684e-47 2.26776e-321 1.28977e-252 2.70818e-276 2.48953e-144
8.05678e-173 1.04842e-250 1.06382 8.94501e-137 1.38082e-76 1.92521e-23 0.415569 2.06563e-88 0.969331 0.950043 2.95451e-321 1.48641e-135 3.96241e-321 5.7013e-70
3.09358e-316 3.36978e-60 1.31094e-250 1.75191e-194 3.06288e-95 6.27075e-154 0.0686477 3.27007e-130 9.33722e-84 9.37554e-206 4.31226e-114 3.67265e-34 1.64934e-191 2.44943e-70
3.30191e-265 3.15184e-262 6.24787e-145 2.50881e-110 9.79474e-75 1.58276e-182 5.16693e-143 3.61912e-35 2.90138e-261 3.72525e-321 6.34071e-38 0.350452 4.73716e-313 1.2346e-134
0.000340249 1.00165e-74 7.10764e-258 1.93534e-56 1.29722e-224 0.280187 6.20708e-50 5.71611e-08 1.80652e-57 4.54547e-288 5.46434e-148 2.09898e-116 2.95787e-234 4.35822e-175
1.57781e-197 5.23343e-53 6.4661e-45 0.36787 1.31116e-161 0.530763 1.18012e-104 8.28421e-131 1.94902e-102 1.59775e-203 0.545119 1.24305e-212 1.41243e-73 1.65053e-274
4.63535e-147 1.20007e-106 4.87569e-93 2.50221e-58 0.113195 2.71801e-22 1.11976e-196 4.56264e-30 1.85039e-101 4.37742e-321 6.59715e-276 1.46044e-111 3.92669e-124 2.11613e-90
8.2308e-06 3.41002e-158 4.93537e-98 1.0055 0.0218682 1.36475e-315 3.5443e-113 0.200313 6.74234e-50 4.20944e-321 2.81123e-321 5.18163e-103 0.843459 2.37392e-167
2.78159e-168 3.61778e-165 0.0498868 3.02416e-29 1.0993e-35 9.9231e-167 3.3468e-136 5.35834e-192 2.64899e-248 3.41893e-321 1.10376e-315 1.03346 4.03311e-200 3.94504e-291
1.55843e-151 1.77726e-74 1.54129e-15 3.69259e-174 4.75323e-96 0.462837 2.17897e-57 6.17299e-231 1.24006e-19 1.39535e-151 2.51973e-321 1.12099e-21 9.1612e-113 0.448013
3.4891e-86 6.83179e-202 2.14877e-151 1.40601e-159 4.10074e-322 2.50591e-235 2.44915e-76 0.099502 7.05447e-234 1.61834e-251 3.73802e-142 1.13365e-68 2.0513e-221 1.47873e-180
