1.04908e-90 2.59017e-153 2.44055e-199 3.5207e-199 1.06722e-20 1.11994e-32 2.08519e-59 1.30441e-59 1.15331e-141 9.94882e-252 3.45762e-52 0.10689 3.14886e-132 3.2051e-110 2.42839e-72 4.77561e-142 2.8581e-132 4.78656e-48 1.53943e-69 4.24032e-92 3.67324e-82 3.77557e-118 1.38269e-157 1.5256e-91 2.2931e-165 8.0149e-201 5.90001e-107
3.60389e-62 1.3051e-158 1.53555e-232 2.27254e-161 3.13597e-24 1.38906e-34 3.13661e-34 3.46202e-23 3.54639e-79 2.16388e-219 2.28759e-33 1.29792 6.98746e-123 8.5729e-121 2.91842e-102 4.56394e-174 2.77457e-78 4.74258e-96 7.44402e-139 4.22702e-74 3.27147e-93 1.38628e-105 4.01787e-91 4.35628e-128 1.24956e-106 5.27364e-239 4.26044e-111
3.37392e-45 0.438793 0.384959 0.276633 1.61442e-29 6.89265e-75 4.5976e-67 1.53667e-78 0.41223 0.180985 1.69745e-60 2.83296e-33 2.20178 1.59586e-92 5.51925e-82 0.403542 0.0504822 1.60546 0.309252 3.45028e-51 2.1516 3.41989e-42 0.0983217 0.426754 0.603764 0.724122 0.456681
3.66808e-12 4.86411e-205 1.79299e-229 1.23324e-197 5.49664e-27 1.30158e-18 0.000806041 0.18241 1.3946e-129 3.12424e-218 2.72143e-06 7.018e-47 3.47222e-68 7.18617e-99 1.50559e-81 1.50792e-176 3.27729e-96 0.0104579 2.2966e-72 3.46043e-113 4.30068e-95 4.12174e-57 2.87182e-122 6.59052e-75 1.9898e-78 5.88053e-180 3.47382e-121
6.82005e-84 4.46833e-106 1.42141e-179 2.12146e-117 1.51584e-09 8.61904e-34 3.52951e-08 1.36496e-30 9.52084e-77 1.17919e-188 7.02406e-95 4.53513e-37 5.20259e-90 0.170194 1.73418e-32 7.17418e-210 9.00989e-66 3.73019e-75 1.26677e-157 6.22727e-19 1.10929e-45 1.1432e-68 1.53706e-78 9.79994e-107 1.12517e-135 8.21144e-133 2.04773e-157
5.96559e-77 2.72153e-240 3.07278e-190 3.85101e-170 7.29608e-14 2.84962e-25 6.86006e-63 0.0177726 5.32287e-115 1.62261e-277 3.86989e-15 0.894608 3.93293e-81 5.39059e-101 9.53055e-88 5.64505e-196 1.61657e-57 6.15076e-86 1.64009e-88 1.05079e-104 7.88727e-57 1.78054e-99 2.68609e-90 1.40835e-144 3.43101e-172 3.44617e-229 1.02644e-156
3.99343e-14 2.25488e-174 4.2288e-208 3.01531e-201 0.0783109 3.37401e-49 0.0988873 1.77086e-10 9.92722e-92 1.29041e-228 0.107249 0.616532 1.26973e-147 2.79498e-85 1.01565e-86 3.02664e-206 2.28795e-125 2.84315e-92 1.79124e-61 3.38201e-114 2.9878e-101 3.29096e-71 1.47001e-61 2.46741e-149 1.20688e-89 2.36254e-244 6.16565e-129
1.08609e-116 5.76337e-199 9.71452e-244 1.23088e-169 2.62957e-13 1.13373e-69 1.12914e-16 1.67256e-39 2.11245e-115 4.69627e-240 6.00797e-07 0.758687 1.17182e-87 1.82048e-48 3.80343e-44 4.58202e-192 4.66125e-29 4.62942e-92 9.54416e-145 2.20333e-59 1.50016e-39 5.55918e-98 8.9061e-116 5.27428e-165 1.46267e-76 1.58647e-247 1.90339e-162
0.600969 1.65119e-132 6.50228e-95 6.32931e-74 4.38394e-65 3.75907e-32 2.58203e-25 5.31861e-41 7.70776e-13 1.91891e-262 2.57903e-81 1.83913e-07 1.58297e-51 5.42364e-39 0.421546 1.55564e-103 2.92209e-99 8.91971e-57 4.91264e-11 0.127463 2.36869e-68 0.578469 1.41875e-147 3.30382e-163 1.37246e-70 6.94869e-139 4.00321e-111
6.96431e-69 4.43322e-166 2.43134e-182 9.85084e-173 0.143304 1.89921e-23 1.79455e-31 9.52093e-51 1.71513e-114 7.96321e-192 2.95513e-63 6.96898e-10 1.84968e-71 9.37273e-109 7.97307e-93 3.19978e-215 8.22926e-75 1.64451e-60 3.23227e-147 1.33165e-121 6.29661e-87 3.69863e-50 3.5316e-160 5.01054e-145 7.99643e-121 1.83207e-183 1.71829e-132
1.65835e-94 3.20923e-219 4.12624e-225 5.32758e-176 2.86061e-22 2.54872e-49 7.51554e-22 1.80665e-20 2.0517e-98 1.5367e-285 1.23712e-82 0.629734 1.16833e-142 3.95814e-117 4.18406e-66 6.11221e-161 8.65776e-117 4.94656e-99 1.59326e-154 6.55226e-97 1.55628e-110 1.65767e-85 4.07394e-140 1.11592e-149 2.45355e-174 1.56087e-205 4.58629e-171
0.587456 2.0526e-183 4.07691e-206 6.27013e-79 1.23126 0.13606 5.97775e-58 1.74534e-08 1.60545e-116 9.55194e-210 3.35522e-64 2.73906e-44 2.51338e-94 7.14119e-106 2.48592e-94 4.35792e-165 3.89964e-37 6.80258e-114 2.61541e-82 6.96711e-97 1.19733e-22 0.651046 2.74798e-135 5.81988e-101 3.02744e-93 3.98305e-130 4.16819e-71
1.24206e-16 8.69124e-245 6.74164e-229 3.12765e-145 4.24118e-39 4.28576e-40 8.15732e-74 6.00593e-12 9.89091e-91 1.24939e-243 7.52053e-61 0.253351 1.55952e-108 7.81866e-68 5.17094e-74 3.89489e-208 6.15284e-69 8.63228e-122 5.50441e-161 3.78721e-138 4.59576e-109 4.73949e-115 1.73601e-145 1.18818e-81 1.08672e-166 2.55748e-238 1.24184e-96
