4.44414 0.358264
0.640705 2.49824e-236 2.25219 3.47445 4.87398 0.807061 5.27471e-121 0.444084 5.51369 1.71745 1.32937 4.09233e-176 3.40249e-152 5.22019e-74 1.16399e-120 2.98512 2.63842e-217 4.13713 3.60569e-17 1.39735 6.29283 0.770501 0.715289 0.961011 28.0195 2.93877 1.3153 4.70387
1.27963e-321 3.07959e-64 2.58042e-187 5.66693e-321 1.03803e-320 2.35175e-321 1.28427e-293 6.62451e-176 4.19712e-265 2.12448e-321 1.76876e-321 0.0395318 1.39652e-164 1.19095e-17 1.21055e-220 3.26577e-321 0.616798 6.80328e-321 3.28441e-95 1.89721e-321 2.28732e-63 5.03842e-193 3.62202e-183 2.10966e-321 9.14603e-259 3.67585e-321 2.747e-321 7.98988e-178
1.2154e-321 8.45507e-180 7.12281e-220 7.67284e-321 7.18371e-321 3.37093e-144 1.08749 6.64419e-85 2.07117e-103 2.34187e-321 2.93475e-321 3.40592 0.134446 2.86676e-58 0.0113018 4.71339e-321 1.10123e-159 9.21138e-318 0.270712 1.03405e-216 5.27459e-125 1.76331e-299 1.34071e-56 2.15413e-321 2.36804e-318 3.46834e-321 2.48021e-321 6.26185e-46
9.80985e-226 7.46146e-254 3.29048e-321 3.36953e-321 5.3952e-321 2.79271e-294 5.98861e-263 5.48413e-322 1.94132e-296 1.83298e-321 1.33398e-321 0.422609 6.07781e-303 4.84776e-147 5.07794e-268 3.0138e-321 1.82092e-12 4.88137e-321 3.89477e-209 1.23516e-321 3.63983e-44 4.60607e-242 1.162e-154 1.16599e-321 2.5262e-273 2.36657e-321 1.66994e-321 1.3949e-75
1.85962e-267 2.30968e-34 3.57307e-310 4.68868e-321 6.96138e-321 0.156753 3.01712e-238 7.02626e-219 1.31125e-320 6.83634e-309 1.95156e-321 1.54651e-26 2.51187e-266 8.05715e-08 5.58093e-128 5.65211e-321 4.07005e-47 8.10762e-321 4.6666e-197 3.51775e-321 1.7224e-18 2.93778e-300 3.45233e-319 5.60966e-254 5.65458e-320 4.58493e-321 2.4061e-321 2.47963e-47
9.18962e-322 4.47331e-210 7.57826e-194 4.91595e-321 4.95054e-321 9.55676e-239 1.24714e-269 5.33591e-322 4.0905e-235 1.51678e-321 1.14129e-321 9.83166e-166 2.12411e-70 1.34005e-69 5.07581e-122 2.48515e-321 0.0600601 5.04441e-321 1.41867e-179 1.41797e-321 1.56074e-135 7.04075e-296 1.24898e-310 1.17588e-321 3.74551e-320 2.6976e-321 2.11954e-321 1.74133e-117
1.16105e-321 2.83486e-29 6.51735e-263 3.57209e-321 4.72821e-321 7.4001e-309 2.75471e-136 6.12641e-322 5.19943e-207 1.91203e-321 1.15117e-321 6.46371e-127 0.215644 0.70284 7.43513e-248 3.89324e-321 1.44305e-203 4.71833e-321 2.25172e-63 1.69465e-321 1.99033e-154 2.92954e-248 1.95455e-83 1.72429e-321 7.25575e-292 3.8883e-321 1.9318e-321 3.24071e-195
1.3911e-243 2.56466e-131 1.85386e-227 7.83094e-321 8.4337e-321 2.18377e-321 2.92981e-320 4.55031e-218 2.64768e-131 2.44068e-321 1.49702e-321 6.07125e-127 2.79683e-160 3.85424e-132 0.420713 3.99205e-321 2.5755e-28 5.82997e-321 2.53704e-116 2.01579e-321 1.88756e-05 6.2425e-213 1.03608e-99 1.3488e-321 1.44396e-292 5.08394e-321 3.86269e-230 5.00616e-43
9.68369e-322 0.302079 4.13039e-321 4.18968e-321 5.10864e-321 4.52456e-78 3.49304e-321 1.45414e-234 9.46256e-266 2.30729e-321 1.22034e-321 1.91157e-142 9.72078e-146 3.55977e-97 8.34671e-273 2.91499e-321 0.0683823 7.5345e-321 1.19253e-118 1.65512e-321 3.62929e-32 1.58595e-321 6.44035e-265 1.26481e-321 5.83837e-320 3.36953e-321 1.80334e-321 2.38108e-46
1.05229e-160 2.04355e-124 1.97028e-209 4.32802e-321 6.73906e-321 2.15257e-88 1.33445e-138 7.11542e-243 1.2322e-320 3.87347e-321 1.67982e-321 9.90367e-76 1.16675e-54 3.54146e-77 2.72104e-158 6.4525e-321 2.55302e-82 6.64024e-321 0.13798 2.17883e-321 4.56576e-15 3.80266e-123 1.1893e-85 1.78852e-321 5.74648e-320 3.86853e-321 1.35683e-262 4.85849e-164
7.44834e-307 1.23922e-233 7.88882e-301 2.66301e-321 3.89818e-321 9.33754e-286 5.15202e-157 6.1244e-316 1.08867e-309 2.03555e-321 1.12153e-321 0.370209 1.05231e-178 1.6429e-29 5.19056e-201 2.36657e-321 3.42513e-220 3.84877e-321 6.39785e-210 1.1907e-321 4.47381e-60 2.4193e-200 7.86522e-193 1.09683e-321 5.96671e-303 2.09978e-321 1.41303e-321 3.1154e-129
1.2154e-321 4.52945e-42 2.45339e-111 6.01278e-321 5.30132e-321 1.09548e-189 3.05333e-321 7.90505e-322 1.83897e-310 2.51973e-321 1.665e-321 2.00633e-171 0.1581 0.0373044 2.26065e-237 3.73514e-321 2.86782e-82 4.68868e-321 1.11799e-85 2.24306e-321 9.29679e-58 7.91434e-290 1.31421e-321 1.52172e-321 7.16208e-222 3.96735e-321 1.87251e-321 1.11631e-119
