3.04023e-33 1.32201e-10 9.11028e-06 1.34467e-09 2.85266e-44 3.07296e-09 3.75302e-132 4.49214e-48 1.58971e-09 0.0848863 2.18252e-28 6.97193e-53 2.70457e-14 7.05573e-79 4.48562e-59 9.23909e-73 8.3291e-60 1.05714e-71 2.0508e-98 5.23901e-21 4.65112e-29 1.87603e-55 0.0709144 1.2557e-14 9.58945e-49 1.23608e-32 5.14608e-18 3.72229e-18
1.96277e-45 1.75205e-61 2.67537e-18 3.55009e-38 4.17601e-76 1.51499e-28 1.79897e-103 1.42862e-53 1.67173e-54 3.98299e-07 0.170229 3.57651e-64 9.38936e-20 1.9561e-67 6.60485e-55 2.75989e-52 1.86354e-38 1.18657e-58 6.93474e-113 0.0710934 2.14384e-85 5.12469e-27 2.03341e-40 3.98464e-36 2.69061e-34 4.07241e-41 8.42328e-22 0.0105237
1.15716e-09 5.93735e-62 0.449709 7.61375e-24 1.14043e-58 8.1674e-39 4.3724e-95 9.63559e-64 1.08896e-52 2.31715e-72 1.97326e-37 1.57996e-27 1.51027e-21 2.35601e-41 1.19237e-85 1.9679e-23 9.447e-57 4.9669e-44 3.28475e-106 5.7869e-32 2.20845e-72 5.61926e-56 9.82142e-38 5.46906e-61 1.64893e-34 1.31143e-36 1.32449e-06 7.8924e-33
2.25972e-20 1.12587e-59 1.05807 1.20432e-09 0.218523 0.267664 2.3477 6.34182e-66 0.0986199 9.15563e-31 1.45746e-29 5.51374e-07 2.70419e-34 0.66758 0.082156 1.0928e-25 0.0959309 4.76247e-90 0.0872322 5.89274e-24 0.480906 1.27943e-18 2.10064e-06 0.0734731 0.072753 0.366661 5.0299e-30 1.26289e-31
9.92329e-20 1.69965e-26 0.129123 1.40675e-17 1.43904e-83 1.16509e-81 6.2181e-77 2.25704e-27 1.40981e-98 2.29095e-07 9.53257e-07 1.55405e-06 1.59107e-36 1.50053e-43 2.28974e-49 1.50832e-19 6.94241e-24 7.14604e-48 3.19079e-60 2.56988e-40 2.26227e-87 3.52945e-29 3.14399e-24 2.11597e-16 3.89894e-43 1.64319e-29 6.95539e-28 5.12396e-08
1.31466e-39 9.90114e-39 3.71331e-52 1.20106e-27 5.19561e-113 1.49755e-85 1.08988e-115 2.7455e-40 8.07161e-50 7.45468e-67 1.28973e-56 3.52619e-73 3.97882e-52 4.6198e-52 6.48674e-58 6.95582e-59 3.44878e-38 1.76719e-77 4.994e-102 8.67926e-20 1.03697e-69 1.15709e-55 1.62958e-44 1.29096e-50 6.74963e-67 7.38321e-63 0.202464 3.66904e-36
7.79374e-49 3.83534e-21 1.29033e-48 6.36466e-33 1.04504e-84 4.9476e-51 1.90562e-111 1.4872e-43 2.4918e-66 2.9255e-05 1.47514e-19 0.0581398 2.15642e-41 2.85123e-75 2.71357e-57 7.98941e-51 6.56231e-54 1.6254e-28 2.20162e-71 5.74105e-49 1.17169e-83 1.85657e-39 1.25502e-12 4.50297e-24 3.96675e-51 2.4646e-37 2.75923e-16 0.175171
4.56482e-28 4.3235e-84 0.0437062 0.0167434 3.44788e-55 1.38702e-67 8.21799e-96 3.51262e-37 2.51081e-93 5.17164e-67 0.0127471 3.6681e-63 4.05349e-29 2.59371e-45 4.98862e-46 4.18915e-31 5.19014e-48 2.53327e-51 6.50426e-90 1.18501e-16 8.06732e-101 2.9727e-50 5.93483e-39 1.45894e-50 1.17226e-46 4.28863e-75 3.42947e-11 6.69271e-38
4.23757e-24 1.79465e-74 4.44495e-48 1.20938e-08 1.57131e-75 6.09437e-74 5.89988e-57 7.80645e-55 7.33418e-62 4.36152e-52 1.80875e-26 2.73849e-56 2.6122e-21 1.79747e-64 1.2221e-44 3.30455e-21 4.25089e-40 7.04826e-42 9.50188e-131 0.147596 7.67757e-86 1.8478e-41 2.95277e-43 1.53201e-55 4.64471e-76 2.45052e-56 5.09959e-20 3.66593e-23
0.0344873 2.02041e-78 3.12658e-13 7.68181e-38 1.25889e-66 1.53026e-67 2.19292e-111 4.43186e-35 4.24571e-83 1.26643e-18 2.66549e-53 0.398914 6.10816e-54 4.47154e-57 4.16278e-73 0.163978 8.13147e-38 1.03271e-39 6.35675e-78 1.97107e-07 3.28742e-48 3.55661e-41 6.42148e-09 1.66284e-07 2.13963e-64 4.78435e-32 0.032514 1.06574e-37
0.020415 6.69986e-82 0.0279353 1.90645e-34 4.67806e-76 1.45444e-80 6.29161e-96 1.04977e-71 9.6455e-26 5.54171e-57 1.77652e-44 2.84924e-29 0.10919 7.20584e-50 9.98649e-39 3.84443e-32 1.78099e-35 9.5567e-64 1.25346e-105 3.58951e-31 6.79431e-106 2.1041e-45 4.56063e-28 4.90409e-14 1.64531e-65 9.39186e-31 2.15409e-09 1.64467e-22
1.0214e-38 0.0766357 1.5007e-27 1.30606e-32 4.01745e-104 1.63072e-29 2.43099e-117 0.0828928 4.08762e-94 1.24021e-38 8.53032e-43 1.80664e-56 1.468e-21 1.59093e-80 2.11468e-83 1.38852e-62 1.4605e-16 0.0146332 4.311e-55 3.25947e-14 2.04905e-16 0.0339536 0.12453 6.57057e-49 7.21546e-25 9.96933e-57 0.441651 1.24155e-18
