8.45461e-71 1.35569e-39 4.86276e-90 1.44327e-37 1.67223e-45 7.21692e-19 2.81944e-63 1.07812e-82 2.35957e-54 4.46001e-84 3.68775e-24 7.31501e-29 1.67863e-43 2.39826e-69 2.57004e-74 6.8627e-17 2.5036e-121 3.91904e-55 5.37766e-45 3.19773e-146 8.32425e-123 8.09836e-48 4.05539e-59 1.72712e-43 0.179329 1.29391e-12 2.66223e-85 2.95017e-101
1.51603e-90 4.71778e-23 6.43717e-76 4.55795e-92 2.67198e-70 1.2118e-29 1.35112e-37 1.14442e-94 1.1759e-15 2.38832e-14 1.24204e-46 0.0468468 5.95553e-25 1.27574e-66 4.29456e-25 2.05139e-16 2.03999e-117 3.73829e-71 6.72612e-100 1.15791e-54 1.89454e-123 1.42045e-77 8.78959e-72 2.7104e-67 0.00353087 2.30655e-56 1.89483e-105 9.36446e-102
1.33944e-25 3.92518e-48 0.0802443 4.78664e-39 7.99046e-46 0.139989 0.154597 2.99063e-14 3.11217e-20 2.55717e-07 1.04967e-44 1.43968e-44 1.18299e-53 8.59996e-30 8.04322e-15 2.23075e-41 2.094e-96 1.09019e-67 8.13714e-59 2.00035e-106 5.26191e-68 1.38411e-100 8.52033e-28 4.13462e-51 2.84106e-28 3.91729e-18 4.81867e-49 5.00397e-45
3.37601e-68 8.91662e-93 2.03221e-92 1.44369e-35 2.30873e-48 1.04194e-45 3.5091e-50 9.13949e-22 3.59323e-65 8.27131e-34 1.55099e-38 6.35011e-20 5.69108e-60 0.297645 2.57395e-21 1.10596e-45 6.58669e-117 2.30608e-53 5.02328e-95 6.4035e-134 1.69317e-125 8.83419e-74 4.5416e-79 1.22126e-72 3.85296e-49 3.8406e-17 5.08295e-82 1.28877e-104
4.03342e-20 5.0332e-48 1.68119e-60 1.28322e-32 9.20543e-79 3.25632e-59 2.56195e-99 2.91428e-92 1.90522e-63 4.83387e-58 1.22655e-63 1.35391e-24 2.81101e-14 0.129392 2.75156e-39 1.04571e-44 1.66787e-90 1.77966e-65 9.85245e-79 5.77063e-108 6.34838e-66 0.525497 1.63474e-13 4.80576e-66 0.731952 3.92375e-54 8.26949e-59 4.84033e-47
7.14345e-51 0.154464 1.1148e-41 0.740453 2.92464e-51 6.58779e-48 6.84068e-66 1.02779e-20 0.0112953 0.327882 0.0426409 2.13284e-52 2.1271e-09 1.29135e-91 8.26984e-97 1.0694e-33 1.32265 5.56295e-52 0.37508 0.909068 0.0768028 3.17118e-31 5.45957e-29 1.52441e-20 1.56688e-29 0.114693 0.335311 0.0850429
4.36061e-51 3.17688e-26 1.79272e-09 2.87503e-46 4.66338e-51 5.28416e-37 1.17365e-101 1.41337e-92 8.23153e-68 2.39266e-86 2.97022e-70 1.87075e-09 1.93216e-79 1.30571e-44 5.88836e-102 1.30989e-35 3.38772e-106 2.23493e-86 4.18069e-37 7.86702e-135 2.26975e-37 4.09423e-26 0.00851852 2.4652e-39 2.79169e-87 1.0646e-14 2.40581e-71 2.6277e-53
0.176425 9.38795e-21 7.68735e-91 2.89984e-29 4.84104e-76 1.32008e-11 1.29467e-18 0.0672515 2.30442e-71 7.67742e-93 2.46152e-15 2.25757e-51 0.242453 3.52902e-68 4.09573e-24 0.248997 7.88014e-132 0.191509 1.72561e-13 5.24692e-131 5.0406e-91 1.80003e-18 5.09008e-08 2.07979e-09 1.83448e-22 1.00651e-32 4.75085e-25 2.2011e-54
4.49023e-77 0.0769845 3.08466e-22 6.13981e-51 0.130078 2.38767e-43 2.47004e-93 4.20021e-81 3.80184e-34 2.45838e-48 2.39454e-09 7.73353e-26 6.07074e-52 7.37815e-42 3.75861e-32 1.24598e-28 3.01469e-52 1.38323e-22 8.62349e-76 3.18424e-15 5.26534e-86 7.46496e-105 0.0788438 1.08443e-43 4.16418e-29 1.05921e-42 5.87916e-133 2.87143e-22
5.42694e-68 7.73534e-76 2.57932e-100 1.18673e-62 1.89553e-39 8.06437e-52 1.03935e-45 1.93707e-64 0.142641 8.93938e-66 0.120902 0.0462272 0.0237943 1.88179e-23 0.0383806 6.08997e-22 1.42254e-72 2.84497e-40 1.14877e-24 1.01111e-41 8.75534e-95 8.63534e-33 0.000317151 2.75968e-69 0.233898 9.86694e-56 7.97608e-83 3.59771e-85
9.58108e-50 9.61645e-71 4.5049e-20 2.27194e-92 1.04037e-16 4.64207e-47 4.66295e-104 1.66148e-12 1.47253e-61 2.94746e-31 0.0255538 3.07905e-24 7.91718e-48 0.165786 0.00501271 0.000338691 4.65132e-109 2.46406e-31 5.40275e-98 2.33811e-35 6.50265e-113 9.7513e-69 0.0015339 0.227082 9.05873e-68 6.89581e-06 5.50579e-21 3.2288e-61
1.25809e-65 1.81968e-35 2.19601e-93 9.91351e-39 2.19254e-35 1.10072e-13 3.4889e-57 9.72296e-99 1.82362e-19 8.41123e-63 3.27869e-42 1.76919e-18 2.04333e-42 6.88561e-44 8.18616e-34 1.02703e-09 3.66992e-88 1.7542e-61 2.20553e-98 2.46393e-141 5.52421e-110 1.20283e-67 4.01818e-75 1.19276e-53 0.00277714 1.92377e-35 4.09886e-90 7.62507e-104
