2.02011e-87 4.14992e-148 7.22015e-46 2.95292e-20 1.88084e-126 0.530359 0.0923791 4.66427e-187 0.0846122 1.40057e-67 7.42102e-157 6.83636e-165 1.88386e-43 8.36259e-224 6.25959e-26
7.00345e-66 1.19719e-58 4.8135e-17 2.96411e-95 2.44231e-134 1.16051e-70 2.74652e-210 3.18517e-209 3.14557e-104 5.45132e-146 2.58293e-107 1.1326e-41 4.92508e-141 2.47586e-183 0.173187
7.91816e-152 6.75383e-108 2.14141e-85 4.19789e-130 1.91543e-91 7.66585e-47 3.61607e-155 0.269189 5.51824e-86 2.60888e-149 2.59934e-95 2.51514e-87 0.583664 1.09212e-141 1.06599e-51
2.06983e-82 1.16787e-157 3.39745e-23 4.29706e-67 1.81161e-140 5.21718e-157 5.39564e-157 5.95725e-129 6.89225e-185 2.84512e-200 1.47174e-14 0.683493 3.28398e-148 0.00121444 7.3651e-84
1.8832e-157 3.10279e-101 1.45881 1.89457e-99 1.15003e-114 2.07779e-186 4.53177e-53 9.90479e-154 1.58685e-37 2.13741e-196 0.294828 2.40626e-32 7.0377e-20 1.61405e-109 1.41746e-68
1.45464e-31 8.7573e-161 8.79073e-44 7.60436e-190 2.71298e-45 4.1884e-117 5.43773e-77 4.99079e-174 3.32039e-230 5.90224e-37 2.09884e-125 6.5889e-62 3.8399e-97 0.00613845 9.82365e-66
2.4471e-68 5.16736e-48 1.09996e-19 1.34111e-155 0.171758 2.11121e-159 6.98127e-178 7.01575e-121 3.48959e-116 4.67411e-82 7.26307e-147 4.2695e-234 3.04874e-73 2.7324e-217 1.31877e-43
6.53332e-37 1.24791e-165 6.26528e-132 2.88597e-96 5.01822e-08 2.59286e-37 2.49546e-217 3.36046e-145 0.206994 2.09792e-114 8.39747e-104 2.09164e-144 2.04357e-39 0.175779 9.85621e-121
0.0883256 2.48632e-40 2.67435e-103 1.76836e-166 0.102975 1.18438e-201 6.08183e-215 7.13047e-133 3.64389e-85 0.119577 2.95547e-05 2.18464e-173 2.17112e-103 0.25963 1.02453e-06
1.37593e-14 0.268113 3.5196e-138 2.06667e-189 2.6428e-149 6.81133e-224 2.72323e-213 9.05644e-246 5.95702e-296 2.02935e-234 6.74445e-146 1.11629e-229 1.09184e-140 3.261e-232 2.4102e-149
3.85482e-09 3.41776e-41 8.37548e-11 0.34969 1.38735e-155 1.85277e-223 0.515825 1.65937e-173 1.3608e-133 1.49457e-137 1.62066e-22 7.82662e-232 4.87277e-06 7.36959e-207 3.08764e-124
5.57829e-29 1.13123e-124 2.21358e-56 0.321982 9.11254e-05 4.21195e-97 1.07702e-09 2.29016e-174 3.60001e-139 1.28461e-111 5.42997e-157 3.09238e-43 4.94972e-104 1.17238e-100 4.38088e-135
6.56535e-12 3.60159e-18 1.2587e-91 3.80271e-60 2.3584e-84 7.35945e-123 1.45226e-55 7.24902e-180 4.274e-91 1.99138e-229 3.12052e-77 1.0589e-221 3.68993e-48 0.165785 2.80001e-116
1.9215e-126 1.85753e-165 4.48717e-80 3.25182e-145 3.31144e-129 1.26602e-85 0.0432249 5.10859e-240 7.1531e-174 1.87947e-139 1.19087e-75 2.75853e-128 9.85188e-95 7.33599e-141 1.48562e-38
3.93242e-130 1.70217e-19 0.123513 2.11195e-104 3.12937e-102 1.11658e-123 1.45103e-145 7.29472e-218 1.20509e-109 4.60938e-187 2.03906e-38 7.76527e-99 3.08092e-59 1.31838e-231 2.06515e-07
