5.63941e-207 1.02788e-07 4.21088e-133 1.51992e-33 0.303027 3.6943e-138 1.1571e-320 1.86827e-184 2.01042e-228 4.63149e-118 1.32726e-138 2.06408e-139 4.24455e-142 8.89318e-322 1.74162e-202
2.58036e-83 3.13951e-210 8.67622e-77 4.79806e-171 0.152966 3.67463e-101 1.6067e-320 3.13732e-321 2.41197e-162 4.04917e-221 0.327863 2.86833e-238 1.80383e-320 5.2759e-40 6.35121e-278
1.16523e-213 1.86383e-281 2.49518e-194 1.15692e-138 1.85845e-78 4.2045e-321 6.17142e-224 4.5401e-168 0.312117 0.989971 5.61208e-264 0.536882 2.04421e-309 1.60007e-289 1.06561e-177
7.3668e-77 6.68759e-110 0.337639 4.50474e-44 1.13656e-222 9.87653e-23 2.90348e-200 2.45551e-321 1.03193e-139 5.25308e-85 8.91741e-199 1.17098e-123 1.84861e-282 8.79437e-322 5.19932e-179
2.19693e-135 2.95157e-28 1.94212e-120 2.7992e-51 9.03017e-14 5.04939e-294 4.80715e-199 1.05864e-74 4.19048e-290 3.48031e-55 6.33202e-162 4.09792e-180 1.82527 1.18576e-321 8.36453e-321
3.40802e-227 5.09037e-187 2.06044e-162 1.21476e-175 0.802911 2.36361e-40 6.3508e-246 2.96933e-321 1.23439e-60 2.4964e-159 1.35399e-100 1.46513e-70 1.78897e-285 9.63422e-128 7.22324e-321
1.00094 0.0023804 1.1973e-194 3.01137e-166 1.03754e-322 2.37152e-322 9.38725e-323 2.96439e-323 3.09775e-253 4.32407e-247 9.3731e-212 1.11387e-217 1.28457e-322 4.94066e-324 7.41098e-323
1.34382e-246 0.0120018 8.19988e-102 8.33939e-150 1.78988 1.43089e-194 5.00098 0.997182 2.1146e-321 2.91082 2.99446e-33 2.18497e-150 0.98986 0.366377 2.71464
2.56517e-209 1.37152e-146 1.40848e-159 5.16484e-100 1.29634e-147 8.49649e-261 2.67013e-315 2.24306e-321 9.0228e-204 3.02693e-144 2.44162e-191 1.19288e-208 0.424755 1.10702e-234 6.20546e-321
1.07015e-133 2.33111e-224 2.35814e-157 1.74942e-84 5.34752e-305 1.67269e-234 6.68549e-160 1.64119e-274 3.44645e-169 1.35744e-104 0.0389657 3.02882e-198 9.35717e-97 9.73309e-322 6.01407e-135
3.78455e-256 2.90655e-45 6.13131e-153 3.84542e-27 4.23767e-285 3.17656e-75 1.1571e-320 2.0162e-127 1.4576e-191 1.20034 5.03222e-109 4.08331e-130 6.29038e-93 8.06787e-203 7.22305e-81
2.70251e-306 1.36856e-321 0.409875 0.165935 4.48192e-69 0.989582 9.51114e-174 4.1233e-152 3.91673e-64 5.272e-66 1.2767e-201 1.0493e-211 3.85431e-301 1.33398e-321 9.13033e-321
9.35731e-171 1.14129e-321 8.53545e-139 0.147789 6.87072e-285 4.39694e-203 1.17588e-320 2.21111e-212 8.31363e-51 3.58901e-97 6.03767e-20 7.41932e-188 8.63144e-177 1.06424e-301 7.11949e-321
1.4499e-143 4.87328e-252 6.10117e-46 0.122354 2.25684e-79 2.91993e-321 1.29742e-320 2.29741e-321 3.11471e-293 2.40637e-199 5.36718e-112 1.04499e-169 1.24554e-320 7.16395e-322 2.11987e-297
4.92652e-120 1.33353e-229 3.85965e-24 9.43596e-63 2.74093e-319 8.79021e-216 6.44495e-231 9.70136e-169 5.43607e-137 3.64192e-195 5.09233e-183 9.10862e-197 0.0585788 6.59811e-153 5.06947e-170
