0.00289185 1.59089e-19 4.62343e-23 2.56951e-16 5.71439e-36 2.6214e-19 8.73383e-19 2.63837e-27 9.78321e-28 3.74902e-20 8.65033e-19 4.69127e-19 5.33027e-11 0.0203403 8.16124e-17 1.01235e-28 7.24367e-31
0.0493996 5.15368e-10 1.72287e-21 3.1294e-12 1.00488e-35 6.17685e-11 4.14454e-19 8.71272e-33 2.10979e-25 3.73231e-19 1.8775e-20 2.13582e-21 1.37864e-18 0.000739914 5.02042e-19 3.27154e-12 1.28859e-46
0.599356 5.97764e-05 2.2808e-17 0.000124676 5.23629e-51 6.2185e-13 0.189011 4.2429e-30 8.12797e-13 3.60678e-10 1.05934e-18 4.63188e-26 0.00744942 2.9922e-05 1.48413e-15 2.04882e-06 4.14009e-25
0.00250472 2.78313e-12 7.98845e-28 0.0226908 0.015585 4.97798e-06 1.14276e-07 8.45001e-13 0.0430199 0.0349446 1.65547e-21 3.89747e-28 4.64091e-17 2.24536e-11 0.0623817 0.000548823 0.0383863
1.62936 0.11786 0.0086076 7.33863e-05 8.90955e-31 0.0620812 1.27767e-15 0.0260157 8.91401e-27 2.29818e-18 0.0571204 0.022434 0.00284807 0.00888733 5.03395e-16 0.0494902 1.34129e-39
1.35412 4.18536e-19 1.56044e-27 1.30893e-18 9.27918e-26 4.8011e-20 0.000589284 1.41039e-23 2.3801e-16 2.10815e-30 6.26622e-16 3.34984e-23 5.87011e-10 1.11419e-09 7.55773e-21 2.84688e-17 4.20386e-41
0.0232083 1.05777e-08 5.56396e-25 1.4732e-11 1.29556e-37 7.38684e-20 3.6387e-18 2.05796e-26 5.81584e-23 3.10251e-26 1.01829e-23 2.44923e-26 9.90449e-13 2.61226e-06 3.32256e-24 8.08139e-17 5.66002e-43
0.37788 4.95246e-10 1.0259e-24 1.47127e-15 3.54132e-48 2.74108e-20 1.20054e-26 5.19748e-32 8.22419e-33 5.20653e-23 6.28225e-24 3.38665e-23 2.88744e-18 1.38332e-12 2.19554e-15 3.36416e-24 1.22115e-47
0.245816 1.74932e-17 3.05297e-28 3.84675e-16 1.14807e-47 2.83454e-15 5.13108e-22 9.78029e-27 1.61869e-24 4.62687e-26 1.25593e-20 1.04713e-21 5.15297e-12 5.66275e-09 1.20569e-21 2.74681e-29 1.49844e-48
0.22308 3.99059e-07 5.60946e-21 1.2083e-10 5.36607e-36 2.37319e-14 1.02877e-25 4.80792e-18 1.20472e-12 1.71644e-15 1.23824e-12 1.61152e-23 2.90649e-05 4.34908e-09 2.36531e-21 2.23987e-17 2.54879e-29
1.70103 7.07201e-20 1.76798e-29 7.19214e-17 1.93163e-46 4.00987e-15 4.21814e-24 1.75055e-32 1.07415e-24 3.79552e-25 5.22989e-19 3.84455e-22 1.2202e-18 4.71182e-08 2.93533e-14 3.56945e-29 7.94171e-42
0.0465726 3.73564e-17 5.82283e-26 2.52331e-16 3.3289e-52 4.73271e-16 4.32923e-19 6.51708e-32 6.2351e-35 3.0353e-33 1.2983e-21 5.32576e-25 5.99605e-17 4.53373e-07 1.36355e-23 1.71553e-23 8.01946e-45
0.184284 1.41797e-08 5.23276e-26 7.82526e-13 5.94406e-41 5.87799e-08 1.3188e-25 2.32731e-18 5.79538e-22 4.8733e-21 2.84819e-14 1.72332e-18 4.93627e-22 0.41058 6.8898e-22 2.25169e-10 4.98903e-46
