2.59809 0.126767
1.00459e-160 5.74934e-124 0.250742 0.0527994 0.883006 2.90209e-146 1.78938e-142 3.85271e-228 0.0120984 3.45668e-109 1.21631e-42 4.15918e-192 4.25983e-17 0.0976351 4.11445e-193 5.0426e-106 1.54439e-43 1.24522e-103 6.20345e-143 0.168471 0.140273 3.47047e-105 7.01448e-08 0.0559417 6.31397e-62
3.45798e-62 3.32303e-66 2.18782e-87 0.0586672 2.3548e-80 1.54272 2.55897e-15 2.71399e-43 2.16289e-17 3.52592e-115 1.77635e-34 3.77296e-37 2.77199e-80 1.12478e-113 9.52076e-116 7.29184e-79 1.02899e-32 8.1064e-28 3.91976e-91 9.36629e-130 1.59791e-80 3.62066e-144 1.35095e-27 7.34418e-123 9.05345e-79
1.2885e-31 8.43699e-91 1.32745e-139 8.66826e-142 2.73937e-121 1.4095e-128 1.48287e-72 1.49038e-97 2.85158e-101 3.53185e-76 1.51703e-144 3.20026e-08 7.85516e-71 6.85677e-18 6.95344e-52 0.134463 2.23497e-49 6.45632e-41 1.89796 6.91405e-11 5.10617e-78 8.24656e-73 2.58456e-31 2.76738e-145 6.33054e-56
1.51675e-14 1.95434e-15 3.20035e-34 5.95977e-20 1.99412e-50 5.5252e-40 0.290745 4.86388e-39 5.47091e-32 6.0645e-21 1.36445e-35 1.01902e-30 1.72891e-76 1.58836e-93 4.69759e-181 3.95297e-113 4.1723e-83 2.52429e-65 1.51095e-83 4.26765e-114 8.21284e-80 3.1942e-128 1.46914e-51 3.79969e-115 6.23298e-69
5.68779e-37 6.59263e-115 4.55309e-105 2.07516e-32 4.17001e-158 4.94144e-07 2.21411e-103 9.31073e-44 5.49423e-47 5.67889e-92 1.95115e-80 6.02282e-67 0.283684 2.04593e-50 0.139406 1.47319e-100 6.65628e-52 9.2496e-61 6.93466e-11 6.37941e-169 0.127218 1.17573e-64 0.114776 1.55691e-145 1.88352
3.20528e-15 6.2187e-103 6.97787e-104 7.90748e-93 1.84988e-109 3.94795e-40 4.36215e-73 5.923e-40 6.17218e-84 0.0911887 8.45422e-81 2.81443e-79 4.59699e-26 1.95518e-122 6.14214e-31 8.03627e-105 1.15257e-65 1.72087e-67 1.80381e-93 1.8012e-149 4.72026e-06 0.145849 4.64257e-50 5.49706e-130 0.174944
1.37678e-73 9.97638e-96 2.65964e-79 1.1168e-94 4.18424e-78 2.45721e-70 2.77379e-52 0.19891 3.72695e-66 1.12371e-141 0.0639592 3.08072e-12 2.5084e-62 8.43572e-36 1.59037e-100 8.9544e-81 0.178675 6.34514e-33 1.38689e-143 3.34485e-168 5.17823e-16 3.10634e-139 6.63718e-19 3.96423e-64 1.96057e-96
0.000263175 0.203762 1.94856e-33 1.48045e-47 5.3193e-11 5.2653e-41 5.69977e-17 1.76682e-74 1.20868e-35 1.87039e-32 1.00841e-47 2.83019e-56 1.70132e-53 1.08226e-63 9.78148e-177 1.96285e-53 4.88535e-27 0.00042666 1.15448e-111 2.72558e-106 9.78057e-81 1.03864e-138 9.69572e-55 2.30036e-114 1.0584e-100
0.0748841 4.70781e-25 2.30025e-53 6.83451e-86 1.08453e-56 7.78994e-71 4.12285e-14 9.24608e-25 8.27114e-53 1.62338e-08 5.52528e-85 0.0423789 1.08764e-99 0.0749655 3.98446e-159 2.93238e-116 3.68508e-15 2.15528e-73 6.15314e-120 5.37947e-102 2.13803e-60 1.19032e-170 1.90642e-21 7.66665e-119 3.41379e-56
