1.43576 0.079294
1.94208e-69 2.98026e-50 9.46566e-14 7.94542e-44 2.7403e-21 4.74721e-09 1.09186e-51 3.34056e-53 7.1407e-07 7.8309e-96 2.87897e-107 5.62691e-29 2.1619e-11 6.9575e-76 0.0648112 7.20226e-55 1.66102e-46 6.90792e-41 4.42602e-74 0.0688024 3.38685e-14 2.93849e-08 4.69868e-53 2.05785e-29 0.206714
7.13721e-63 2.56756e-52 8.30239e-52 9.36107e-27 7.47612e-33 7.03802e-67 5.95556e-56 0.0214542 1.98039e-30 1.03699e-59 8.81349e-33 1.36152e-27 8.57652e-57 1.75445e-46 1.14864e-26 0.223675 1.34678e-60 2.00573e-65 1.65875e-66 1.66004e-88 4.15625e-07 1.08041e-50 1.67178e-51 6.41846e-80 2.96623e-54
1.88773e-65 5.0096e-64 2.51339e-08 2.73046e-63 2.47358e-76 4.6058e-47 2.3572e-54 1.32197e-16 3.48688e-22 1.01378e-21 3.80084e-82 8.52206e-42 9.61591e-58 1.27101e-07 2.31118e-84 2.17025e-50 0.301852 0.0142891 1.56998e-77 2.67882e-98 8.49701e-35 1.49621e-48 2.25582e-17 7.21505e-56 0.00895188
0.000828841 0.000105148 2.88449e-05 0.000199122 0.00229795 0.000697706 0.00468524 0.00037704 0.000970832 0.000199338 0.000439619 0.00015624 1.67235e-64 1.22862e-82 3.01571e-93 2.55911e-77 5.54468e-72 7.73226e-67 7.1227e-91 1.58094e-137 1.3902e-67 7.34006e-79 1.28356e-55 9.63859e-89 1.3855e-104
1.04712e-16 4.65927e-28 1.62719e-32 4.00055e-65 9.37211e-24 1.04929e-24 5.52551e-17 2.39852e-45 1.0875e-25 2.9929e-29 0.00670454 0.0506167 3.69592e-33 3.59949e-12 2.77737e-66 2.9626e-34 1.98459e-40 6.624e-36 1.21569e-63 6.35159e-117 1.03526e-42 2.08098e-75 4.2354e-10 1.66978e-65 2.27051e-64
1.09867e-22 1.60931e-05 1.80054e-57 4.72897e-10 1.48742e-19 1.5442e-30 4.10265e-23 2.57977e-40 8.25787e-19 2.2256e-29 9.4031e-91 4.00852e-20 6.62663e-57 5.30772e-06 5.95398e-89 5.04727e-05 3.63727e-60 1.19714e-13 0.0103196 3.56301e-37 5.58511e-24 0.130139 0.142445 0.0966306 0.00155223
8.73391e-14 1.26074e-31 1.92508e-50 9.99163e-110 6.21765e-08 1.2839e-64 4.16059e-86 5.26761e-71 2.56559e-88 5.27443e-48 1.6232e-15 3.28166e-24 3.94325e-24 0.071115 1.07371e-71 0.222162 1.57779e-19 0.0119204 1.23081e-23 4.71824e-30 0.0959741 3.12103e-74 7.5889e-37 2.06939e-09 0.119685
4.04266e-58 2.06864e-09 4.1108e-17 4.48059e-81 1.54458e-23 5.48128e-53 1.49416e-07 1.73609e-10 1.34955e-40 1.69733e-05 2.55019e-43 3.72999e-62 0.0703103 5.19975e-67 4.43726e-90 5.33266e-70 4.00936e-41 2.57438e-20 2.55223e-71 9.99156e-81 6.24946e-60 5.29553e-10 3.18878e-18 1.73671e-18 8.98544e-73
1.18638e-93 0.00498747 1.80353e-49 3.82574e-42 4.73936e-44 2.39782e-94 1.21475e-66 5.14751e-19 1.52333e-86 3.92642e-70 1.8638e-05 8.18707e-66 0.0210577 1.25111e-68 1.56493e-21 5.70221e-47 6.79572e-26 0.0811205 0.0704945 2.1798e-46 6.7127e-20 1.98433e-62 5.99107e-13 3.03904e-35 1.17485e-46
