2.13937e-34 3.86373e-19 2.40929e-29 1.04921e-23 4.1976e-12 9.58067e-08 1.16344e-26 1.33805e-05 1.25543e-11 1.66116e-41 2.51339e-08 9.74579e-09 1.86811e-29 0.000355527 0.00117135 4.94752e-09 2.89243e-50 0.101269 0.128354 2.33451e-26 1.98479e-07 7.11494e-30 2.45974e-30 1.37237e-24 4.669e-18 4.03635e-08 1.86474e-47
3.72559e-20 2.06815e-09 1.70941e-31 1.52403e-22 3.19841e-39 8.81385e-15 1.50233e-51 7.53538e-32 7.20256e-24 1.8372e-45 2.85787e-14 7.39167e-11 4.62811e-11 2.70713e-10 1.24431e-12 7.67042e-25 3.17034e-38 4.18877e-16 0.373522 3.24854e-16 2.61359e-07 1.93716e-22 7.0091e-32 2.31873e-30 1.37553e-32 1.72485e-27 2.52795e-29
3.04602e-31 1.28026e-29 7.05508e-36 6.76324e-37 0.0466359 1.66813e-07 4.82944e-55 3.113e-30 4.52039e-26 2.84153e-21 9.80904e-06 0.0561063 3.73741e-25 0.0624999 0.0166547 0.024113 1.7525e-37 3.24221e-09 6.89162e-24 2.02428e-14 1.06618e-07 8.22958e-37 2.19459e-36 1.30237e-22 6.70286e-32 1.67636e-23 1.08955e-50
3.96354e-35 7.45156e-22 1.28271e-30 3.92359e-16 0.00314483 1.22278e-05 8.45146e-57 9.67986e-14 1.74539e-10 2.89887e-25 1.7681e-18 1.00793e-05 1.36103e-24 1.24934e-07 1.54184e-14 9.88623e-21 1.12816e-27 2.84427e-07 4.81381e-07 2.85282e-24 0.0401259 1.77735e-24 2.15531e-19 7.39842e-28 2.24902e-36 4.10104e-06 5.3622e-39
2.27782e-39 3.37943e-23 3.19373e-34 1.71023e-37 3.75752e-35 4.61348e-12 1.42767e-50 6.82547e-30 2.5027e-23 2.9943e-32 3.12766e-07 1.10608e-14 2.23403e-21 2.54692e-08 1.33088e-15 6.06778e-17 1.16816e-28 0.00127214 2.45077e-20 0.0333733 2.62253e-18 2.81339e-23 1.03158e-28 5.41767e-25 9.73628e-31 0.00392853 1.65892e-49
1.47435e-30 4.75003e-12 9.16311e-17 1.60654e-26 1.63681e-30 7.01212e-09 5.84741e-53 4.22355e-23 3.63067e-11 1.57119e-51 1.89721e-12 9.68211e-13 1.8733e-18 2.10857e-13 1.68536e-16 3.53084e-11 4.27157e-31 1.68346e-14 0.115058 5.7458e-14 3.77919e-05 1.30881e-21 3.99948e-27 1.23267e-06 1.37858e-11 5.0323e-26 1.06671e-42
3.50192e-28 0.043714 1.03326e-27 3.10488e-19 1.43928e-18 4.37899e-09 4.8002e-55 6.44812e-10 3.93774e-06 2.11213e-47 4.01035e-11 2.64031e-05 2.7754e-27 1.04042e-10 3.74893e-21 3.73861e-11 4.6896e-52 0.140743 6.57206e-10 3.99427e-22 1.22113e-11 1.19059e-36 1.82785e-31 1.39626e-27 4.5657e-25 1.36917e-10 1.63568e-48
1.44628e-16 0.000205109 3.5547e-36 8.29614e-19 7.68263e-15 0.0258266 1.0571e-36 2.27134e-20 8.79371e-26 1.14807e-39 1.27517e-12 2.09965e-05 1.78931e-17 3.84753e-09 3.33314e-14 6.31607e-06 1.84664e-32 0.222286 1.94972e-06 7.99273e-20 2.60957e-07 2.70805e-23 1.32618e-40 5.66286e-30 1.44342e-21 0.00267794 5.45967e-20
0.13873 6.19794e-14 1.08318e-31 2.0583e-36 6.53759e-25 1.45866e-13 2.82254e-32 0.0670342 3.15823e-16 1.20497e-49 0.0246975 3.4896e-20 3.16406e-07 3.90405e-11 1.34657e-11 1.42356e-11 1.46642e-39 5.30261e-13 2.68248e-15 9.13717e-23 7.1892e-10 1.97113e-34 1.2922e-48 0.0686511 1.1558e-31 3.76504e-09 3.47051e-17
6.96467e-36 0.000584146 1.14565e-37 1.70042e-34 3.18805e-40 8.39638e-18 9.82405e-39 7.34022e-25 0.036942 2.38324e-32 6.27974e-07 1.84134e-21 1.67727e-15 7.26643e-24 6.24209e-07 8.4071e-10 3.92056e-42 1.27806 8.33013e-11 4.05736e-19 9.20927e-06 7.86271e-19 2.31124e-43 5.67408e-11 1.52052e-29 0.00289728 1.23362e-45
1.91515e-14 1.00124e-26 0.00308028 0.12295 3.02881e-18 8.06648e-08 0.0223239 0.105051 1.75908e-10 0.00422737 5.73189e-17 2.8011e-13 0.0152207 1.23654e-18 1.17239e-13 1.02103e-19 0.113369 0.033656 1.49984e-10 0.0105143 0.00787029 0.0952951 0.634627 7.40467e-14 0.0428917 4.34829e-15 0.0518366
1.09076e-25 0.0737971 4.98712e-28 1.54369e-37 8.88517e-36 4.6778e-17 2.87921e-36 1.12143e-19 1.05882e-24 2.28517e-51 2.93446e-15 3.72002e-18 1.81598e-22 1.97389e-06 4.35338e-24 0.000354866 3.27229e-42 1.59517e-09 9.23978e-07 5.91877e-06 4.50319e-15 1.84671e-14 9.57827e-19 3.42649e-32 2.3794e-22 5.15324e-23 2.63426e-49
