7.81037 0.0766327
2.29265e-37 2.88703e-54 1.04344e-19 7.91797e-26 9.85083e-54 2.69226e-54 3.14333e-11 1.02595e-15 2.94887e-91 8.99081e-98 2.32409e-26 3.60817e-27 2.28645e-41 7.25074e-44 2.47779e-95 1.89663e-52 1.0336 1.77765e-05 1.2794e-28
6.36245e-19 1.50926e-71 6.43563e-49 4.29022e-26 6.9596e-89 1.27081e-60 7.19125e-05 2.58234e-36 7.11682e-17 9.63053e-77 2.33147e-42 2.12565e-20 0.0879082 1.23443e-44 1.40133e-40 4.22803e-15 5.03957e-32 3.5141e-09 5.27888e-11
1.38677e-37 2.82793e-70 2.25679e-05 1.00848e-07 1.67915e-41 0.0123371 2.98832e-44 0.181942 7.21093e-59 3.30278e-26 1.16665e-66 0.0459929 2.50689e-20 1.14307e-25 5.36401e-47 2.32099e-37 0.506457 3.14416e-31 1.2565e-61
2.09603e-51 4.38094e-36 4.97069e-26 5.77668e-12 1.79664e-16 6.52655e-39 0.123191 1.95049e-44 3.41269e-45 8.14617e-85 8.87137e-80 1.29528e-40 1.20983e-28 3.75993e-41 6.0951e-65 0.149444 2.18285e-33 0.120152 1.14489e-31
0.000623744 3.79571e-20 2.4463e-34 1.12245e-05 7.02098e-33 6.58487e-56 2.04441e-33 2.1877e-50 3.07829e-36 9.21871e-67 1.76861e-44 3.67765e-50 0.258949 2.1184e-47 1.01485e-67 9.10436e-32 1.36299 1.16627e-27 2.82545e-17
1.46769e-08 9.00503e-68 1.91137e-41 4.07707e-22 4.59818e-78 1.75707e-62 1.90923e-35 3.59482e-49 2.67951e-22 0.0165248 0.178467 3.32721e-07 6.62365e-24 7.41986e-57 0.0717259 8.32347e-57 7.57518e-39 0.305703 1.05022e-37
3.18689e-20 0.156869 2.80602e-38 3.98818e-05 4.48779e-91 3.27202e-22 2.64819e-27 1.10662e-20 3.19964e-88 1.11388e-91 6.57917e-51 1.15534e-20 0.541239 1.21851e-53 3.06997e-42 1.2722e-26 4.41291e-38 1.22618e-16 3.43424e-13
8.82685e-13 4.72303e-88 8.50319e-32 1.30097e-37 2.85651e-06 4.86975e-51 2.71752e-54 1.34667e-08 2.14874e-97 1.14241e-49 7.70194e-68 1.19272e-35 1.11261e-32 9.12445e-40 9.15112e-30 0.0440862 4.03156 1.84054e-58 0.0395806
3.04633e-16 1.02413e-11 7.70332e-14 0.00620757 7.01977e-91 1.4125e-33 2.4085e-48 6.1894e-13 1.25575e-34 4.71043e-75 4.01311e-24 2.70107e-07 0.106965 1.66496e-54 3.92465e-46 2.77685e-13 1.38871e-40 2.18953e-66 0.0118347
1.65847e-57 3.32805e-22 0.105252 0.00330952 7.07893e-45 0.0255706 1.73744e-28 9.86422e-33 0.184853 3.13358e-08 0.00435011 1.02962e-22 2.32777e-31 0.115037 5.84403e-93 3.2851e-38 1.30634e-31 1.38229e-12 7.78404e-60
0.0247092 6.31828e-15 0.000250685 2.21382e-26 0.0721607 3.13725e-28 3.58089e-36 0.00019011 9.34246e-93 4.40403e-99 3.84031e-32 5.86261e-07 3.342e-21 4.66245e-14 8.99789e-60 5.52144e-29 0.59161 1.40757e-32 0.000100166
