2.89857 0.103136
6.77437e-43 1.0797e-07 5.95801e-47 1.12475e-93 1.66418e-79 5.78659e-73 1.58601e-77 0.0744711 1.35284e-77 2.0154e-110 2.29598e-74 4.72884e-73 2.57119e-103 6.2855e-50 3.86044e-96 3.31246e-99 1.31886e-136 4.38071e-32 2.3956e-61
3.64202e-49 3.0907e-35 8.91907e-30 2.16128e-92 1.01921e-56 9.68737e-112 3.75985e-52 0.349805 5.71561e-100 1.26928e-97 1.54372e-49 1.87541e-43 2.37249e-112 2.72922e-36 1.1258e-101 1.82124e-150 2.17076e-104 0.490303 6.91075e-72
3.27308e-53 1.83484e-32 0.0398907 1.70328e-99 0.934353 3.01142e-85 1.20612e-24 1.3571e-17 1.06543e-92 1.59147e-100 4.01259e-78 3.24726e-90 3.2031e-36 1.81449e-45 1.99107e-17 1.73845e-141 3.67602e-120 9.24687e-18 0.136941
0.0403593 2.72696e-25 4.99938e-24 2.46523e-132 8.55988e-66 6.79678e-106 8.57488e-104 1.73697e-14 6.62913e-114 6.03923e-90 7.66993e-93 3.0226e-85 5.74332e-116 1.15913e-75 2.57655e-83 4.63803e-144 1.33521e-129 3.25903e-38 1.07776e-101
8.42228e-10 8.51556e-21 2.42996e-43 0.0710342 1.04557e-09 5.34901e-33 3.85839e-09 0.098914 8.54066e-115 5.56227e-38 1.52697e-23 2.8053e-38 1.07507e-24 0.155627 0.308638 6.68992e-123 2.14617e-136 7.16159e-23 5.35687e-109
1.27944e-25 0.083573 8.93747e-08 6.55194e-96 2.25872e-50 8.79273e-77 1.40443e-109 7.19269e-14 7.92519e-88 1.24441e-88 2.78303e-91 7.47595e-79 5.47327e-122 2.24674e-44 1.81628e-93 6.87104e-147 1.75376e-160 0.157965 3.68885e-103
8.03043e-57 2.80354e-124 1.33486e-20 6.90458e-61 7.42886e-70 1.35708e-77 0.0710846 0.112883 2.778e-39 2.4867e-66 0.053032 1.49009e-87 0.0764158 9.04892e-51 8.92902e-23 1.41773e-34 0.111369 1.24956e-29 1.21723e-20
8.39905e-93 3.2022e-129 1.46304e-92 8.85721e-117 0.147908 0.474631 6.58441e-38 8.68476e-32 0.121651 0.197651 5.5227e-64 2.99833e-57 1.47053e-60 3.65098e-62 7.96184e-105 0.378509 4.82827e-52 5.4238e-18 1.00252e-22
6.9655e-17 1.53231e-37 4.78864e-62 1.12895e-15 0.0270114 1.32357e-31 2.44623e-80 4.36545e-13 1.3859e-92 3.21943e-08 7.63215e-29 3.09286e-73 0.0578193 4.24909e-56 6.44161e-42 1.91402e-149 1.32498e-101 1.44324e-34 6.4035e-98
9.86689e-45 2.19959e-39 0.0536157 5.62943e-127 4.82191e-21 2.22433e-28 3.05047e-85 2.68731e-30 1.12534e-101 2.20792e-60 8.08418e-77 0.0295726 6.22863e-77 4.87032e-07 0.0237388 1.02323e-94 4.27737e-41 1.39457e-36 1.42801e-60
2.324e-19 0.00317932 0.0162827 3.51984e-118 1.42242e-57 8.40878e-86 1.21902e-80 1.18487e-32 1.70377e-86 8.75189e-89 2.77492e-89 6.5684e-46 4.21806e-66 1.37717e-41 5.47264e-46 1.0174e-114 6.70569e-104 0.617129 5.81891e-77
