4.98655e-253 3.70833e-19 1.07845e-57 4.72469e-12 2.98739e-153 0.889998 3.61893e-141 0.563096 1.95556e-155 9.91024e-56 4.86311e-47 1.70339e-171 0.363886 0.120903 8.13501e-21 2.70094e-132 1.83585e-246 1.33189e-154 5.07557e-72
6.47339e-230 1.67807e-58 1.6438e-18 0.476839 2.71523e-213 1.21629e-112 3.3459e-72 4.54591e-181 2.23715e-87 1.94288e-45 0.344868 5.59392e-156 9.83694e-278 2.2659e-176 0.562582 1.5642e-139 8.73172e-134 1.22109e-97 5.79332e-87
7.18648e-261 7.10389e-31 7.57498e-181 2.54297e-65 1.20733e-229 1.81822e-96 0.158496 0.894168 3.14466e-46 0.192598 3.1406e-31 4.61486e-147 9.84397e-99 1.17069e-313 3.13022e-33 1.19704e-93 9.77499e-171 4.06721e-294 0.181445
7.03083e-265 8.40745e-181 3.37069e-246 9.65109e-36 5.12617e-213 1.93128e-107 1.18263e-151 4.66562e-113 4.00052e-276 9.82276e-136 9.55962e-10 0.167027 1.1253e-289 2.37946e-110 5.19435e-204 6.57219e-217 5.03493e-126 1.13752e-312 6.35398e-85
1.05152e-188 2.6771e-150 0.0726855 8.82609e-191 3.02065e-162 0.236874 1.32813e-98 1.02562e-79 2.00187e-83 2.67393e-135 5.73941e-22 4.00876e-40 2.46565e-89 2.19913e-174 0.788272 1.52623e-56 1.82166e-152 6.30745e-219 4.92747e-73
9.18962e-322 1.92356e-130 9.75008e-50 2.31143e-66 0.964507 8.27856e-160 6.69033e-127 0.0708892 0.18461 6.65179e-07 2.83005e-46 6.21519e-13 2.52601e-216 1.80509e-232 5.36898e-195 0.290357 0.147607 0.283628 2.98105e-38
4.80785e-248 5.89167e-145 5.99971e-55 1.42287e-314 9.86279e-294 1.99798e-129 3.07943e-66 3.69978e-87 8.47058e-62 1.56536e-23 3.22314e-42 0.210606 4.50182e-272 2.12509e-115 1.44691e-103 8.6457e-315 1.60824e-262 3.92263e-143 1.34942e-150
4.71447e-201 1.98636e-209 2.18129e-179 2.12351e-20 2.47327e-160 5.13144e-163 1.96186e-100 1.38372e-28 1.66335e-42 6.82468e-22 2.17299e-68 0.263571 4.81111e-199 4.5454e-322 2.81182e-61 6.15613e-59 4.46592e-158 2.95062e-143 0.0224965
0.00988172 0.0613481 0.00219031 8.95309e-307 7.25802e-312 5.03879e-157 5.41775e-173 5.14998e-195 2.36229e-273 2.02017e-164 5.2118e-233 1.04454e-191 4.2357e-315 2.47033e-323 7.45298e-218 6.42285e-323 1.70239e-284 4.44844e-318 3.32559e-162
7.66831e-110 2.48032e-203 1.93883e-70 5.40036e-222 7.14767e-286 8.96494e-118 1.63957e-80 3.29518e-65 4.49849e-164 9.86582e-75 4.19813e-209 0.0678446 1.7142e-152 5.08508e-185 4.78966e-185 2.72565e-85 1.59319e-249 5.99829e-157 2.23498e-98
2.89083e-315 1.06041e-215 2.09048e-12 2.22233e-300 1.02863e-189 1.65131e-158 9.88999e-101 5.77378e-31 0.0649267 1.4758e-104 1.02744e-06 1.50609e-120 5.83967e-72 2.71114e-137 4.57931e-195 4.9603e-230 8.88776e-128 2.51362e-187 3.02754e-66
