7.45906 0.219897
8.43891e-80 2.75833e-122 6.61174e-250 2.70054e-129 2.09689e-07 2.42761e-165 6.08524e-146 5.78966e-105 6.8228e-33 1.3488e-321 1.65201e-276 2.31433e-153 8.93117e-217 7.23907e-227 0.373656 1.01457e-71 1.73373e-105
2.48904e-171 1.63941e-120 8.68015e-255 1.33548e-104 1.40803e-182 6.06428 1.36328e-124 5.97934e-21 1.66118e-33 1.83588e-62 1.29612e-95 1.14623e-321 0.223791 1.04037e-144 4.33364e-33 0.367161 0.458385
0.0221413 0.00428458 0.00600006 0.0025929 0.00732776 5.81477e-298 4.4995e-183 7.25702e-186 4.49356e-75 2.47033e-323 6.66071e-308 9.88131e-324 1.30001e-302 8.39738e-299 3.24007e-160 4.17951e-145 7.66314e-263
3.00961e-54 4.29436e-94 1.74614e-152 4.78711e-61 2.46344e-14 1.81353e-213 2.38931e-108 4.23196e-82 0.378602 9.7825e-322 6.95697e-236 5.03947e-322 9.10288e-184 8.11939e-255 1.14283e-47 8.85964e-115 2.43945e-216
9.05897e-74 2.53296e-79 1.25217e-46 3.04995e-74 7.45962e-36 6.79055e-259 2.75143e-127 8.94302e-108 0.0519135 9.88131e-322 8.6694e-257 4.84184e-322 2.48754e-171 2.28138e-260 1.32168e-97 5.14635e-130 1.30915e-261
3.8991e-104 4.09582e-123 7.83425e-270 1.78341e-183 7.11141e-147 8.81675e-189 2.61358 5.05649e-175 2.63409e-39 1.8231e-321 1.52765e-47 1.89801e-305 1.12055e-68 0.160031 4.73209e-56 7.99017e-14 3.0267e-214
5.70396e-126 2.03047e-207 4.65235e-122 6.22307e-123 3.92092e-100 2.05477e-242 6.29836e-97 1.39952e-101 3.03388e-34 2.32705e-321 19.5471 6.4631e-244 4.23897e-194 2.48063e-159 1.3812e-159 2.70524e-30 9.3136e-78
1.16437e-114 5.50734e-265 5.37746e-229 6.66598e-69 7.6202e-165 0.109524 9.57683e-06 0.253793 1.33915e-41 0.531036 3.02929e-16 0.268723 1.63463e-41 5.83715e-137 2.50603 1.60071e-136 5.06927e-215
3.93825e-174 7.50367e-90 1.11708e-90 4.52749e-68 2.84915e-41 6.97951e-60 2.06896e-128 5.33706e-60 0.870297 3.4006e-242 1.78089e-256 1.08424e-178 2.36852e-91 1.44058e-110 4.44459e-151 2.6359e-120 8.16137e-145
