3.26149 0.577124
2.3612e-175 2.51302e-231 5.75947e-195 4.64422e-322 1.54866e-303 4.37742e-321 3.75984e-321 2.47686e-134 2.17389e-321 1.43773e-321 1.08232e-28 2.41746e-320 1.81675e-166 3.40411e-321 3.20155e-321 0.0530008 1.27172e-320
2.84068e-289 2.46539e-321 9.36253e-160 2.64209e-56 4.52564e-321 7.94259e-196 6.26475e-321 4.17945e-215 1.01705e-182 1.86757e-321 3.90484e-281 8.34903e-177 0.109354 4.14027e-321 6.54637e-321 6.4525e-321 1.60225e-320
0.00240903 0.00276217 0.00279872 0.000857303 0.00749958 1.4822e-323 2.47033e-323 1.4822e-323 9.88131e-324 9.88131e-324 9.88131e-324 1.43279e-322 1.4822e-323 1.4822e-323 1.97626e-323 2.96439e-323 6.42285e-323
1.49208e-321 2.00591e-321 2.50491e-321 8.2509e-322 4.35766e-321 2.8676e-235 6.56119e-321 0.354186 6.59503e-177 2.13436e-321 4.68386e-274 2.62664e-76 1.67299e-249 7.98904e-321 5.42484e-321 7.32883e-65 3.0138e-320
1.58595e-321 2.38892e-177 2.7758e-207 3.90312e-322 8.46334e-321 3.37914 4.58864 0.193944 1.12525 1.11676 9.35197e-111 14.1487 1.09369e-145 2.78862 3.52594 9.96023e-177 12.807
1.49706e-71 2.4644e-320 3.75577e-158 3.35965e-322 4.20413e-245 3.50787e-321 4.39718e-321 0.277147 2.34187e-321 1.83298e-321 3.42511e-104 1.38133e-277 6.97996e-229 3.37941e-321 2.31223e-321 2.28029e-260 1.00444e-320
1.80206e-89 8.64342e-41 7.24999e-36 4.34778e-322 3.99294e-80 2.28258e-321 3.34977e-321 7.69681e-116 1.3335e-226 1.35374e-321 0.186333 1.86312e-320 1.76324e-287 2.18871e-321 1.73417e-321 3.03756e-154 8.32995e-321
1.0573e-321 2.06519e-321 2.40116e-321 6.42285e-322 4.32307e-321 5.30132e-321 1.31224e-320 1.43955e-247 3.46834e-321 3.67585e-321 5.69857e-235 8.50884e-36 1.10648 5.48413e-321 8.8586e-321 2.28534 3.68178e-320
2.50277e-87 1.99108e-321 1.07578e-242 5.50469e-237 1.26679e-162 6.07207e-321 6.40309e-321 2.02199e-273 3.67585e-321 2.5395e-321 2.02073e-321 0.279627 7.34774e-177 1.43968e-27 6.26475e-321 6.57136e-274 3.09019e-165
