6.32294 0.0546397
2.17295e-35 1.10269e-42 2.10517e-71 2.32266e-19 2.36848e-06 2.99026e-28 2.75248e-12 1.91793e-46 1.01196e-38 6.64112e-43 2.64161e-36 0.0116952 0.257298 6.52254e-62 5.44418e-56 7.85311e-07 2.34774e-10 1.79537e-54 1.73152e-98 2.17134e-50 3.60947e-16 0.12368 5.42078e-44 3.52323e-52 2.50936e-51
2.20008e-09 1.62017e-96 2.92346e-61 0.0326203 0.0182579 7.48417e-22 2.73893e-95 2.40655e-21 0.22132 2.29255e-17 0.0472132 7.83428e-27 0.929007 7.74452e-26 3.25241e-54 4.7648e-18 6.19266e-35 6.45715e-53 0.0128507 4.61835e-29 0.314615 0.000950297 0.183426 2.10961e-48 3.81681e-60
0.000198506 2.68167e-08 0.00410185 1.61636e-07 1.47022e-05 6.49834e-05 0.0175001 0.033586 2.58948e-60 5.29547e-70 8.49587e-101 3.2872e-31 5.52474e-26 1.10884e-63 1.37162e-66 3.15245e-27 1.22162e-59 6.35595e-91 1.07889e-109 5.06553e-56 4.40671e-57 2.04597e-54 2.58225e-120 1.33464e-62 3.26988e-70
0.000111723 0.00519567 4.21219e-10 0.00151139 4.85875e-19 4.04281e-37 0.0014232 2.17306e-15 1.43741e-33 2.08399e-48 8.74858e-93 3.88779e-25 0.101135 1.71086e-37 1.43033e-42 1.89631e-16 2.7182e-41 4.04592e-87 4.48814e-79 9.39854e-33 2.39166e-52 3.42757e-22 1.1061e-74 6.37918e-39 1.5431e-60
8.11674e-61 5.10709e-14 3.98814e-78 8.57259e-40 3.93581e-34 7.81543e-65 7.21319e-08 1.4995e-25 2.55873e-35 0.0869006 8.50845e-29 2.02194e-24 1.13675 0.179 4.9707e-28 2.51402e-18 2.07382e-18 1.1989e-29 1.52005e-34 8.45346e-26 6.6333e-05 9.71438e-27 5.17236e-50 1.53766e-22 5.34728e-08
8.45235e-15 8.96098e-22 4.92777e-45 2.1802e-12 8.79955e-46 9.3569e-68 3.01698e-74 2.85928e-60 9.81258e-51 7.87484e-10 6.29888e-73 7.33684e-31 2.46299e-09 0.00030383 0.114014 2.57459e-13 3.22428e-25 7.27486e-64 5.53448e-92 0.0154643 1.45081e-43 6.30109e-39 3.76328e-59 0.0059948 1.92429e-55
1.47209e-14 2.86662e-25 5.52713e-12 1.93967e-17 3.02409e-11 1.0641e-21 0.000795964 4.59331e-21 1.71872e-64 3.52177e-50 1.14733e-77 2.03431e-30 0.274193 5.83647e-64 7.68316e-62 9.37831e-11 2.33901e-45 1.8084e-76 2.0827e-96 4.56737e-58 1.19307e-53 1.02698e-53 1.20337e-116 7.14116e-63 1.64376e-45
1.72695e-18 9.19723e-31 3.50061e-14 1.36634e-14 4.39163e-11 0.00140178 3.72197e-40 1.36601e-07 8.33215e-42 1.75417e-65 4.33602e-99 1.23049e-24 0.672201 5.49517e-43 8.38755e-50 1.0093e-08 2.11319e-52 2.64021e-91 1.8742e-87 6.9435e-32 6.83329e-35 1.66444e-59 1.10691e-122 1.42755e-54 6.3327e-50
2.442e-76 5.24411e-33 2.99064e-45 1.93341e-61 3.0437e-60 3.27332e-60 2.40244e-62 1.99528e-47 3.20723e-05 7.49194e-13 1.48942e-33 2.6447e-09 9.41865e-16 3.9609e-10 5.28042e-27 0.406404 0.127968 0.0162308 7.94468e-10 0.0281242 1.94862e-57 9.12205e-59 1.9041e-13 0.0566197 0.227312
9.42555e-14 0.0010259 4.96182e-10 1.43189e-39 4.68225e-05 1.44842e-12 4.27377e-30 5.85608e-38 7.41775e-65 6.97519e-44 1.15447e-90 2.05598e-18 1.81887 4.41112e-55 2.37017e-51 1.35797e-24 3.45232e-48 1.15834e-79 1.20328e-76 1.82103e-41 3.88535e-20 6.21056e-42 5.99421e-120 1.44705e-58 2.74113e-53
2.519e-09 2.07493e-35 2.60206e-05 0.00138023 1.29209e-11 5.27967e-45 3.12805e-44 2.0237e-47 2.6408e-13 1.41237e-39 4.77684e-44 3.99573e-05 0.353592 2.24276e-46 9.89179e-41 3.72128e-24 8.33221e-46 5.18979e-85 4.62066e-86 1.16634e-50 9.41655e-15 1.36428e-61 4.44342e-61 8.01833e-43 1.02783e-65
1.37861e-06 1.38183e-30 5.73945e-20 6.34396e-38 9.1208e-19 2.39631e-07 1.66436e-40 6.87358e-36 7.21495e-35 5.11007e-57 5.03262e-77 0.0135557 0.130887 9.41179e-55 5.77019e-43 5.63126e-22 5.97265e-56 3.08271e-84 1.26914e-104 1.02158e-50 3.82877e-33 4.29036e-19 2.56375e-85 3.21977e-38 5.02794e-68
1.24484e-46 1.61818e-55 5.36328e-23 2.82647e-63 1.54611e-06 5.53391e-48 8.67493e-34 2.25531e-28 5.27225e-62 1.71811e-25 1.02637e-102 4.58782e-11 0.295867 1.70391e-66 7.18992e-42 1.02932e-14 6.11753e-17 1.11042e-47 1.596e-66 1.33648e-48 1.40488e-36 2.35655e-59 2.38769e-103 1.08354e-11 1.05076e-19
0.0236735 1.29325e-12 2.04054e-20 1.57637e-18 0.0298755 2.73032e-18 1.42636e-09 4.47244e-24 7.34967e-39 2.12417e-51 3.93202e-104 1.23528e-29 0.27125 2.04518e-44 7.14606e-61 2.76259e-08 9.81063e-59 3.95931e-78 1.21191e-88 3.93057e-46 3.77347e-34 3.14697e-53 6.20444e-121 7.47997e-60 1.80284e-46
