1.07965e-158 3.72799e-70 7.22388e-168 5.63235e-322 1.17869e-95 2.47487e-58 1.29939e-321 1.28457e-321 8.44349e-175 1.06718e-321 2.03754e-76 2.53927e-181 3.38148e-124 0.0833468 1.17094e-321 2.20353e-321 1.4901e-320
5.67417e-43 9.49769e-100 2.31223e-321 6.37345e-322 7.0285e-73 1.51426e-149 1.72923e-321 1.665e-321 3.44092e-112 9.63428e-322 1.27382e-216 0.10196 4.93893e-27 3.48213e-147 9.28843e-322 8.98239e-284 9.65898e-321
4.31338e-312 3.24268e-233 2.89736e-254 8.08976e-269 0.000750709 8.16784e-71 1.65018e-321 1.63042e-321 4.51578e-194 1.59089e-321 0.0803321 6.79089e-76 3.40094e-114 2.38488e-188 1.30433e-321 1.23906e-113 1.24554e-320
6.14683e-122 1.07577e-113 1.60351 0.414597 1.5636e-121 1.54036 1.43136 1.37232 1.27606e-86 0.868934 0.176794 3.48068e-07 5.94951e-151 1.93501e-186 1.19805 1.52137 6.29846
1.86381e-165 1.24657e-116 5.25359e-126 7.5592e-322 0.0242043 1.32603e-29 5.74527e-303 1.21898e-318 5.87685e-187 1.55631e-321 1.20116e-183 2.25728e-248 6.75205e-176 6.58133e-70 1.6897e-321 1.90465e-289 1.38536e-320
7.85564e-322 6.51387e-169 2.02721e-142 2.71285e-281 7.43567e-158 4.83309e-150 2.71242e-321 2.84582e-321 3.4701e-172 1.50465e-305 1.81566e-14 8.06746e-222 0.19874 1.98463e-95 1.99603e-321 7.33365e-81 1.22331e-320
1.64651e-289 1.7675e-151 8.18008e-166 6.17582e-322 7.31429e-12 1.12098e-188 1.38832e-321 1.21046e-321 1.26223e-163 7.41098e-321 3.73148e-236 6.14454e-111 0.890541 2.21698e-162 1.30433e-321 6.28633e-196 3.9505e-293
5.61382e-190 1.05902e-43 7.07956e-238 9.68369e-322 2.78773e-08 1.76713e-142 1.04609e-289 1.93052e-268 1.1984e-72 1.38526e-157 0.782352 6.08287e-236 0.257385 2.23695e-55 2.02073e-321 3.65115e-321 1.3072e-212
5.38754e-71 0.484528 9.26818e-235 5.18769e-322 1.15781e-167 1.95299e-133 1.2401e-321 1.36362e-321 6.12817e-107 9.48606e-322 8.64743e-61 4.07754e-141 7.07161e-65 5.44281e-155 8.00386e-322 2.06025e-321 7.90999e-321
1.95258e-318 8.94992e-264 5.3024e-87 8.3003e-322 0.365601 3.30638e-90 8.24413e-281 2.43574e-321 1.05617e-48 8.60781e-319 2.42188e-96 0.0142037 8.06165e-155 1.46881e-80 1.66994e-321 1.73722e-239 4.22777e-219
1.96007e-121 3.64341e-157 2.91499e-321 3.87031e-253 7.81129e-48 2.01988e-45 2.03555e-321 1.73417e-321 1.0187e-19 1.23845e-310 1.43506e-289 0.123514 2.41094e-56 0.0608533 1.18082e-321 5.52993e-189 7.98096e-167
5.61346e-41 4.84078e-20 2.64819e-321 3.84825e-243 3.24979e-15 3.357e-82 1.70947e-321 1.80828e-321 0.234082 4.16303e-276 3.61488e-290 2.32093e-68 1.98391e-152 0.201208 1.39821e-321 1.98097e-126 1.07064e-320
