9.90433e-52 1.21689e-76 1.66244e-108 0.166435 9.29852e-123 2.31634e-39 2.1432e-91 6.36504e-210 1.00295e-321 0.0827078 3.34459e-23 1.48967e-64 1.24083e-142 6.14898e-132 0.00165799 6.8486e-21 1.72127e-78 1.13702e-52
3.08934e-83 1.55002e-79 6.22434e-23 5.07205e-110 1.52045e-128 0.627238 6.75535e-104 5.43472e-322 7.11455e-322 6.15375e-33 2.49733e-20 1.81629e-87 3.37985e-210 1.98656e-123 9.79238e-53 1.1405e-64 1.06137e-90 1.7797e-77
3.5155e-28 0.00336879 0.106044 1.26526e-108 5.79266e-144 2.84168e-80 1.99295e-101 6.5063e-317 1.92686e-322 8.08357e-107 3.28601e-111 8.18047e-133 5.0581e-201 2.25801e-148 4.72113e-88 1.04897e-99 9.66035e-99 1.29212e-91
1.0961e-82 1.89958e-50 5.58373e-17 1.09744e-126 1.84947e-137 5.09257e-30 5.10732e-75 8.98593e-202 1.38832e-321 1.68885e-72 8.57167e-105 4.81478e-59 1.46089e-194 4.05528e-69 1.32548e-50 1.49994e-93 0.0933329 2.38048e-53
2.28982e-11 4.53319e-15 1.57261e-19 4.08241e-93 2.2626e-59 1.23701e-13 7.40581e-102 6.01376e-315 1.3488e-321 5.1589e-14 1.34621e-59 8.44381e-98 3.94577e-173 6.85612e-144 0.0882689 1.19182e-69 5.56597e-115 8.98856e-38
0.109925 4.09762e-174 9.56859e-17 2.34651e-31 3.88476e-08 9.04654e-14 5.40356e-142 1.61714e-229 3.3315e-235 2.58537e-120 0.156134 7.13498e-12 1.16168e-140 1.34333e-116 0.0539871 1.30478e-23 3.01168e-65 3.38437e-27
8.95755e-19 2.66795e-322 2.72042e-289 8.07897e-13 0.267088 1.27133e-77 1.30651e-09 0.470349 0.810339 1.59583e-108 1.59789 0.281065 3.47834 1.17546 1.56925e-27 0.81813 0.653047 2.68275
9.31379e-144 3.62723e-62 1.16621e-103 3.66778e-124 2.81216e-108 1.03678e-46 2.39496e-17 2.78365e-215 8.45593e-320 0.0749389 6.1409e-40 2.8753e-95 1.34928e-149 2.15869e-160 5.90228e-23 1.55336e-48 0.15294 1.86545e-70
4.09315e-61 2.13775e-31 3.03054e-83 2.06775e-98 2.69952e-107 0.0190099 0.0346439 8.03291e-270 1.23516e-321 4.53006e-34 1.47173e-44 3.81678e-45 1.56327e-204 7.48709e-80 3.18673e-65 2.34691e-39 1.84444e-56 4.78721e-17
3.36169e-15 2.80202e-53 3.60759e-15 1.84975e-54 4.78729e-119 0.271079 1.42251e-102 5.70257e-316 7.60861e-322 3.91845e-87 3.04001e-40 1.20248e-84 2.23825e-218 1.79148e-153 1.86863e-49 1.36665e-56 8.46436e-66 2.10173e-64
8.84394e-36 2.191e-98 1.19157e-143 4.65377e-42 2.8912e-79 8.44513e-45 0.196795 5.15095e-282 5.02317e-320 2.36788e-114 1.75672e-21 1.14766e-69 4.04569e-155 2.03767e-148 1.87409e-26 5.44025e-27 3.72513e-27 2.05423e-50
2.28014e-70 5.07137e-101 2.74786e-57 6.05498e-69 3.68985e-133 0.939835 6.29635e-55 2.1735e-308 9.53547e-322 9.81209e-26 4.6238e-63 8.18176e-66 4.44504e-203 5.08711e-94 3.53154e-100 1.07281e-84 3.32845e-78 1.22942e-37
4.03371e-37 2.03098e-17 3.85494e-31 1.56702e-60 2.053e-156 0.0895735 2.18858e-27 8.1668e-270 8.20149e-322 6.41892e-116 2.95629e-13 1.77797e-127 1.47043e-160 2.22115e-92 2.87928e-79 2.06036e-93 9.99867e-25 1.4956e-26
4.56259e-14 1.94541e-20 9.10326e-45 4.73276e-108 1.7276e-82 0.050615 7.8994e-70 3.28941e-228 8.3003e-322 7.14585e-76 2.0418e-05 5.03743e-106 5.3576e-186 2.30818e-95 1.45823e-39 2.99678e-47 2.43285e-27 1.92856e-51
0.0348516 2.19718e-24 8.28968e-11 3.48188e-106 2.7192e-114 0.228521 1.13026e-126 3.08785e-259 9.0414e-322 1.56362e-122 1.54054e-45 7.54386e-78 3.66945e-222 1.11096e-73 2.45769e-63 2.35315e-84 1.94488e-66 9.41107e-47
