6.81811e-322 2.82606e-321 6.7153e-269 1.08602e-302 1.4345e-185 1.42291e-321 2.54938e-321 4.51082e-321 6.26433e-06 5.1376e-306 2.37489e-270 1.22209e-58 2.60373e-321 3.23613e-321 1.0258 4.20944e-321 8.81472e-264 4.28783e-40 6.40293e-188 7.97422e-321 8.63133e-321 1.23359e-235 5.76575e-321 1.03013e-320 5.38596e-130 1.4807e-285 5.92879e-321
7.16395e-322 2.32705e-321 1.64524e-321 9.78301e-311 1.94662e-321 1.29445e-321 3.90312e-321 1.76531e-143 1.70386e-76 1.80087e-320 4.56953e-314 3.96735e-321 7.60835e-119 2.36163e-321 2.98416e-321 2.6981e-05 1.26241 6.07395e-231 2.45082e-282 5.43692e-94 2.19285 2.13039e-194 1.12785e-96 1.09485e-320 1.08062e-10 6.41853e-182 4.00193e-321
6.34985e-28 7.63165e-09 3.64035e-21 9.43459e-22 5.72778e-19 0.0102533 0.0312197 9.21456e-10 1.3523e-14 2.23366e-27 6.05426e-18 4.93293e-31 0.0280137 8.89318e-323 9.88131e-323 8.39912e-323 2.37152e-322 1.43773e-321 3.95253e-322 2.86558e-322 3.26083e-322 1.43279e-322 1.72923e-322 3.95253e-322 8.84378e-322 6.66989e-322 1.5316e-322
6.91692e-322 2.6587e-287 4.21293e-212 8.02857e-321 1.89227e-321 9.63428e-322 1.36091e-30 2.99115e-164 2.04614e-210 1.4318e-320 5.99948e-54 4.19956e-321 1.63042e-321 1.87251e-321 1.48298e-159 2.07508e-321 6.37839e-321 1.06681e-286 1.73466e-320 0.119241 8.79437e-321 2.71736e-321 4.05134e-321 5.67419e-116 2.44706e-71 5.34789e-88 7.65406e-199
0.00140944 0.0054587 0.00280692 0.0202871 0.00555165 0.000655542 0.000890355 0.00612681 0.00377057 0.0250342 0.0103836 0.0133184 2.6007e-08 1.4822e-323 1.4822e-323 1.4822e-323 3.95253e-323 2.32211e-322 6.42285e-323 4.44659e-323 5.43472e-323 1.97626e-323 2.96439e-323 4.94066e-323 1.38338e-322 1.03754e-322 1.97626e-323
8.39912e-322 3.20649e-321 4.55926e-06 9.491e-321 2.37646e-321 7.41098e-322 2.6976e-321 2.44796e-219 2.06025e-321 7.14766e-277 6.3806e-44 2.5395e-278 5.23854e-80 2.63337e-321 3.5968e-321 3.56221e-321 8.71451e-292 0.359651 8.37441e-321 3.86092e-165 1.28012e-320 2.34806e-104 1.27763e-90 2.38294e-124 1.14414e-95 1.31267e-211 4.16497e-321
2.73409e-21 2.95945e-321 1.71935e-321 5.34324e-95 1.22855e-303 1.42526e-73 1.37772e-232 2.315e-303 1.17751e-121 9.57005e-321 5.70646e-321 5.41002e-321 1.44761e-321 2.95024e-263 3.79936e-321 2.67784e-321 7.33687e-321 6.33778e-35 1.05532e-320 8.44625e-109 8.36453e-321 3.10273e-321 1.40149e-81 1.31383e-236 6.12377e-26 0.139448 3.92782e-321
5.58294e-322 3.07803e-321 1.71369e-26 6.14618e-321 2.8967e-102 6.71929e-322 2.82833e-87 1.39728e-224 2.37646e-321 1.37795e-320 4.38329e-46 2.32789e-24 5.21355e-227 1.02624e-54 4.70845e-321 9.93355e-283 0.250475 3.84778e-320 1.873e-320 0.449731 1.19613e-320 4.76656e-156 5.13828e-321 2.46228e-219 2.13418e-133 2.23626e-211 7.73707e-321
7.83829e-30 2.84496e-125 1.44267e-321 1.64312e-40 2.61855e-321 8.64615e-322 2.4308e-321 1.34505e-165 1.84286e-321 4.28303e-222 8.77461e-321 5.25686e-321 4.70472e-83 4.21438e-321 3.03356e-321 1.15602 4.65438e-206 7.11277e-245 1.02568e-320 3.20263e-222 2.21143 6.62116e-174 5.36061e-321 2.53881 1.61093e-83 2.08842e-320 3.35746e-26
6.0276e-322 3.71537e-321 2.72903e-210 3.37767e-289 1.7984e-321 1.32061e-168 1.69045e-64 7.95731e-198 2.248e-321 1.35176e-320 6.75388e-321 5.46437e-321 2.1483e-253 3.8883e-321 3.85371e-321 3.92261e-207 0.494592 4.00341e-320 3.02818e-270 1.20327e-172 2.04593e-320 2.82356e-152 7.88529e-321 3.6886e-92 1.10815e-295 3.54219e-05 4.35766e-321
7.06597e-50 5.02465e-321 1.93674e-321 1.35473e-320 1.30071e-72 7.70742e-322 2.55432e-321 3.08709e-76 3.60668e-321 9.00682e-321 8.75558e-238 5.65249e-117 3.0138e-321 4.54046e-321 4.3783e-266 3.16696e-321 9.3576e-321 10.2931 6.24206 4.27749e-176 2.37102e-320 4.61457e-321 6.22029e-321 1.88437e-320 4.97218 6.07575 1.9219
7.56203e-277 1.37507e-108 9.81735e-291 8.56817e-187 8.89137e-313 6.66989e-322 7.93451e-33 3.83889e-321 2.3814e-321 5.32615e-288 5.1037e-321 3.69388e-160 5.77025e-277 4.44659e-321 2.91499e-321 1.47144e-255 4.11095e-44 6.74821e-105 2.39078e-320 2.92717e-158 1.1991e-320 3.6462e-321 5.34735e-312 0.741267 7.9832e-171 1.83941e-320 5.4199e-321
4.79244e-322 2.49812e-256 1.39821e-321 1.22744e-115 1.14479e-115 1.82073e-214 3.47328e-321 3.15708e-321 1.97626e-321 1.13975e-226 3.57944e-25 3.9377e-321 1.58595e-321 3.28912e-168 2.56128e-46 2.45551e-321 3.59178e-123 2.09649e-199 1.09781e-320 7.6695e-202 8.30909e-130 1.97694e-87 4.18474e-321 1.04742e-320 9.47646e-196 0.257253 4.6788e-321
7.16395e-322 2.64325e-321 1.47985e-176 9.47124e-321 2.47826e-222 1.15611e-321 1.36314e-185 8.22962e-217 8.79783e-299 1.61129e-216 2.02995e-275 1.15727e-305 2.30235e-321 0.795215 1.02032e-194 3.22131e-321 1.05465e-289 8.06111e-231 6.97372e-174 0.921327 1.13388e-320 4.85371e-60 1.94357e-189 9.57993e-321 0.424063 1.83595e-320 3.50293e-321
6.47226e-322 5.2008e-313 8.07322e-199 2.88511e-167 2.39128e-321 5.78789e-107 3.47328e-321 1.45834e-46 1.92192e-321 1.39821e-320 5.26674e-321 4.57011e-321 2.91499e-321 1.19523e-170 4.93193e-32 2.81123e-321 7.44557e-321 5.58452e-150 1.998e-320 6.77858e-321 9.33784e-321 5.67588e-154 1.39421 0.615983 1.27142e-253 3.11246e-269 4.92021e-264
5.58294e-322 3.00392e-321 4.10965e-280 1.07064e-320 1.80273e-311 3.79512e-53 2.40116e-321 3.60174e-321 5.71734e-146 1.05849e-271 6.27957e-321 4.02169e-321 5.4072e-82 2.72794e-84 2.8557e-321 1.55912e-225 4.55529e-321 3.16251e-320 1.40117e-320 9.39257e-102 9.1748e-321 0.350579 3.90702e-181 7.72225e-321 5.46788e-43 4.30178e-81 5.22721e-321
8.49793e-322 4.84438e-174 3.39886e-205 1.08102e-320 1.89227e-321 7.75683e-322 2.37646e-321 1.69012e-56 7.20783e-139 2.61728e-165 1.58435e-23 6.28452e-321 2.0899e-321 5.95444e-240 2.55926e-321 2.74206e-321 6.3438e-321 0.0198209 7.84576e-321 9.44048e-294 1.1072e-320 0.322482 3.56309e-208 1.12202e-320 7.1117e-228 1.16115e-19 3.12744e-321
1.26563e-266 5.72423e-261 1.40809e-321 7.31711e-321 3.05998e-217 9.43665e-322 3.23119e-321 3.62644e-321 1.90215e-321 4.99892e-192 1.18669e-34 4.53058e-321 6.77307e-34 2.27764e-321 3.0138e-321 2.1474e-208 8.88183e-248 5.02715e-180 1.23665e-320 8.56196e-48 7.8507e-321 5.37642e-320 4.24402e-321 8.42237e-294 0.555651 6.0501e-316 5.47425e-321
