4.59203e-23 5.01556e-06 6.70726e-48 1.30842e-39 2.79682e-05 4.54318e-10 8.48884e-153 4.52348e-173 1.89897e-71 1.23311e-30 1.79253e-39 0.271683 2.11418e-87 6.12038e-40 2.47323e-38 0.45023 9.05167e-113 2.79383e-42 9.71132e-96 6.15284e-151
9.59651e-91 5.16199e-29 0.394836 8.38431e-133 3.4399e-133 0.272653 1.01268 1.08651e-41 2.142e-77 1.70765e-150 0.000204814 2.66346e-110 2.36108e-34 0.199993 0.398209 9.68959e-48 1.18683e-117 1.66708e-147 7.17736e-36 2.12019e-150
0.000101025 6.46517e-78 4.67945e-89 1.23098e-05 1.86747e-142 5.51242e-103 0.818173 1.5666e-43 4.23356e-117 3.02641e-127 0.0758075 4.48365e-66 3.13418e-138 5.70202e-166 7.78622e-69 9.8611e-131 2.15557e-49 0.127643 4.72437e-70 1.01566e-84
0.143759 4.98124e-109 0.135933 5.31379e-124 2.86624e-115 1.03588e-76 4.84933e-117 0.398299 8.43207e-26 1.7541e-233 2.21029e-90 6.39527e-84 1.11069 2.33963e-222 1.26818e-117 1.80887e-120 1.0641e-35 2.16482e-110 0.322001 1.05702e-133
9.49311e-53 4.26593e-13 8.82224e-135 2.7315e-97 9.00153e-97 1.68168e-129 1.803e-08 3.68763e-89 5.40465e-196 1.349e-78 5.5586e-103 1.08159e-75 0.290674 5.63688e-72 3.11137e-121 3.64576e-60 3.71875e-21 9.8679e-50 5.48754e-85 1.49766e-137
9.58507e-18 2.20489e-118 1.30872e-102 2.42094e-162 2.96386e-88 8.79865e-88 2.4758e-120 1.25104e-152 1.63652e-112 3.4533e-152 0.152421 2.08774e-101 2.1796e-136 1.89123e-117 2.5556e-104 1.82017e-98 1.9184e-97 2.7219e-108 1.77807e-108 1.85579e-75
1.76811e-72 4.40106e-37 1.49677e-20 2.34643e-33 6.27846e-51 1.54695e-114 0.163359 2.06992e-14 6.82151e-121 0.208927 4.62539e-105 6.83014e-129 1.57354e-54 1.21175e-204 8.70037e-15 6.64461e-125 2.63494e-116 6.44988e-19 2.69183e-120 3.91352e-61
4.76638e-107 1.74181e-99 1.4977e-58 0.214065 3.06339e-116 1.0804e-147 1.53479 1.1666e-185 0.350068 1.67603e-116 2.75613e-05 1.14094e-117 1.49252e-77 5.33271e-87 2.04928e-12 1.26637e-77 0.196631 1.32551e-79 7.20679e-103 0.00258782
0.457734 2.1807e-87 2.95851e-54 6.64357e-126 0.0620748 4.31433e-64 3.15817e-132 4.02733e-32 2.95446e-173 3.00888e-205 2.20141e-79 7.76601e-130 3.11224e-86 2.16722e-76 1.49835e-83 5.12756e-156 2.99249e-112 2.81852e-174 1.15437e-92 3.26556e-149
1.21814e-24 0.964335 2.24019e-33 1.47984e-106 1.78263e-156 8.04311e-87 1.25549e-05 6.8205e-72 5.99379e-75 6.36749e-168 5.28797e-47 0.000102305 4.89742e-125 1.70593e-207 1.00814e-105 4.94921e-74 2.19904e-106 1.31743e-43 8.40575e-54 0.236874
