0.0452017 1.4286e-72 2.05258e-29 1.93867e-51 1.1598e-67 1.1438e-33 4.77292e-28 2.58096e-33 2.30873e-82 1.53191e-97 5.18742e-40 5.47712e-108 6.21887e-67 4.20204e-74 1.29869e-34 1.51471e-45 0.0970964 2.06168e-37 1.30858e-37 9.43248e-58
1.35506e-58 2.60193e-48 9.27935e-80 1.46911e-60 2.53708e-63 1.36408e-55 2.38238e-48 4.15764e-69 5.43351e-91 7.11357e-64 2.68122e-78 6.95047e-28 4.21694e-69 6.94908e-65 4.80677e-26 7.21137e-99 0.43478 6.4987e-97 4.64928e-64 2.44914e-114
5.99013e-35 1.68133e-45 9.68653e-30 3.43086e-61 2.42779e-106 0.0240978 3.82506e-77 2.27635e-16 2.17738e-39 5.41835e-89 8.36905e-66 2.31941e-19 6.30808e-36 9.09654e-55 7.33935e-67 0.0462381 4.04329e-44 1.55941e-29 6.55277e-30 1.11152e-93
1.79497e-61 2.1036e-101 1.10186e-78 4.31925e-50 9.5391e-96 1.0044e-24 0.00817927 9.03666e-63 6.26893e-91 6.97892e-76 2.63205e-61 7.90424e-94 6.82712e-68 4.91176e-103 8.58142e-51 4.50284e-75 1.03544 3.35045e-62 5.77079e-84 4.15574e-114
3.15164e-25 1.07759 8.20547e-81 0.346559 7.53604e-76 6.75464e-99 3.08912e-29 2.29161e-42 0.141539 0.146509 0.0400309 0.000290482 1.82935e-20 1.07536e-93 3.37834e-87 3.03584e-49 1.05768e-67 1.50688e-59 3.42669e-66 9.80901e-108
1.39026e-10 6.4443e-75 0.122141 1.84828e-38 1.54979e-126 4.81514e-89 1.15038e-97 7.26537e-56 1.9537e-66 4.45904e-37 1.72356e-77 3.23842e-12 6.96613e-48 1.65975e-37 1.1701e-42 6.49666e-128 6.09866e-45 5.40167e-57 0.0626776 0.265937
2.55664e-19 1.21965e-70 8.63236e-42 1.37335e-55 2.20983e-118 9.9297e-120 3.90754e-19 3.74577e-66 8.70163e-31 8.408e-116 7.724e-17 2.19762e-15 3.97206e-68 5.25196e-25 5.72052e-37 2.46123e-102 0.0484516 4.59416e-54 7.96419e-111 7.0969e-61
2.20985e-14 3.98478e-25 1.00574e-20 3.6199e-43 6.86363e-27 0.040476 4.55203e-74 7.932e-15 2.19074e-62 8.09476e-27 6.1182e-73 1.67256e-27 7.88601e-77 0.19008 0.0849504 9.11558e-109 2.56651e-38 3.6311e-42 3.70337e-41 2.50029e-78
0.0010285 5.37252e-55 4.55162e-16 4.21309e-38 9.63952e-124 4.38569e-58 0.388946 0.101382 9.54568e-48 9.07524e-113 4.23511e-16 0.0730494 1.17367e-70 3.50778e-92 8.60453e-40 1.89464e-14 1.90831e-68 1.13345e-51 2.22329e-38 5.9072e-88
4.05402e-71 3.1224e-30 0.0306491 9.51274e-43 0.0536635 4.51288e-52 9.50413e-13 1.4007e-06 2.65214e-47 7.43737e-84 4.65205e-43 9.52459e-68 0.216225 8.22224e-93 0.13001 7.29393e-131 4.90708e-40 0.53401 5.04432e-129 1.60021e-90
