3.99727e-10 1.07138e-46 3.47678e-30 1.04449e-13 5.35332e-92 1.17281e-18 4.34452e-34 2.76144e-28 3.21616e-58 5.93857e-27 5.96038e-90 3.35694e-35 3.07626e-27 4.22871e-39 5.24392e-57 3.48559e-102 7.44316e-50 5.90697e-76 6.44163e-15 2.31325e-46 1.83875e-31 0.0703447
0.011394 1.1251e-07 0.233918 1.69303e-37 4.49555e-33 6.17781e-59 0.0724113 1.83224e-46 4.87793e-35 1.59135e-101 1.0977e-50 5.11777e-54 7.91082e-120 1.83164e-65 1.2387e-37 2.03593e-72 1.3913e-98 2.83552e-67 1.60595e-36 1.98172e-83 2.27014e-69 4.0038e-16
1.21524e-49 9.39386e-41 7.79188e-41 0.000116397 1.4304e-12 4.95981e-26 1.1227e-16 3.73157e-59 3.02371e-35 7.83864e-47 2.85421e-52 3.99004e-17 6.62044e-25 3.68038e-49 4.85054e-33 5.34796e-62 6.23349e-53 0.61665 1.24963e-31 3.91071e-34 3.38659e-86 4.59424e-23
0.0838333 2.67232e-34 8.19076e-78 4.27258e-45 1.32828e-15 0.011102 1.91455e-82 9.03309e-44 4.28205e-92 1.31824e-63 7.3305e-56 4.90313e-69 2.12986e-105 5.84826e-106 5.0208e-38 1.2212e-106 1.7422e-32 2.78975e-27 1.85752e-71 3.01612e-41 9.76858e-44 0.284555
5.08707e-74 0.00216496 4.8224e-16 3.17974e-109 1.2335e-49 4.58685e-66 7.78008e-45 2.53894e-11 4.14709e-62 0.205156 1.0941e-19 1.2018e-25 1.64614e-21 2.7246e-74 5.54705e-42 1.17863e-100 2.35436e-78 8.87363e-19 0.00370211 1.34598e-39 1.65676e-31 0.820788
6.11323e-51 7.70122e-49 2.76705e-13 4.83467e-137 2.49398e-115 3.05343e-21 5.40514e-143 6.2186e-43 1.93144e-27 1.23196e-08 1.59041e-43 1.1717e-11 0.0314123 1.0257e-99 1.94336e-69 5.87622e-64 5.58277e-11 2.37028e-31 7.29543e-17 2.89306e-57 0.124427 1.31643e-37
1.07848e-72 1.63291e-46 1.72103e-71 2.80834e-82 2.01075e-31 4.06686e-31 1.62988e-87 0.175648 5.52771e-83 1.80816e-22 3.56385e-66 8.2127e-36 1.91111e-88 7.0967e-92 2.96113e-17 1.01177e-123 2.9729e-37 7.17707e-53 2.91705e-15 1.76768e-23 3.88523e-59 1.91917e-08
3.77058e-71 1.34555e-05 6.87871e-26 2.75204e-10 0.053197 4.7022e-41 3.49554e-40 8.76134e-35 2.72313e-88 3.06519e-89 4.90509e-52 0.000156581 1.6345e-33 6.78178e-69 2.06369e-10 3.14648e-115 6.61726e-82 0.00155685 1.82195e-65 2.06306e-41 8.1547e-43 0.293117
1.57562e-51 2.71631e-37 1.65422e-82 1.16853e-11 2.36471e-71 2.10359e-19 4.69409e-89 9.45773e-32 8.74e-51 1.15365e-89 6.99036e-15 3.5544e-61 1.22222e-31 2.43993e-111 0.060608 1.30985e-45 0.00479915 1.28902e-59 8.34942e-39 1.84366e-68 9.84554e-21 0.174588
2.45036e-05 2.91196e-35 7.26476e-112 0.0576207 9.13607e-12 3.11016e-77 7.99694e-100 2.18314e-05 0.0880018 2.83124e-98 0.243938 0.153205 4.02201e-40 2.48e-31 1.25701e-06 0.0838865 0.292519 2.79631e-73 7.20298e-55 0.12615 1.13008e-82 4.8753e-55
4.8762e-75 0.0911396 6.23168e-21 2.75925e-76 1.82349e-39 1.62216e-20 2.0743e-22 5.47374e-59 2.92776e-31 3.37991e-79 2.24259e-81 2.73385e-15 2.68785e-89 0.225726 6.5332e-41 6.59282e-49 1.35054e-98 5.88972e-47 0.447763 2.04348e-08 3.2483e-64 4.49191e-54
3.05222e-36 0.000144533 5.44112e-09 9.7748e-83 6.0984e-43 4.16375e-32 4.21049e-66 1.49464e-07 5.73289e-75 5.38757e-47 1.87141e-89 6.80997e-24 1.38826e-73 1.22241e-39 4.3597e-40 3.68747e-121 2.5068e-111 0.422916 1.01297e-43 2.1172e-82 2.97917e-99 3.41908e-52
