2.1518 0.130107
3.5716e-96 3.4699e-45 1.74394e-47 2.32652e-91 6.2928e-109 8.92506e-106 2.75744e-128 7.02527e-62 4.08844e-77 6.59426e-66 1.05055e-30 1.38804e-102 2.45408e-101 8.29689e-170 7.242e-119 2.13905e-59 4.5056e-49 1.10377e-160 1.17889e-135 2.63371e-186 0.0262571 1.15917e-109
1.69389e-69 1.98264e-89 2.63236e-135 7.66589e-171 4.4365e-82 8.91761e-52 1.3417e-100 6.3477e-125 2.40351e-21 3.43221e-147 7.26014e-13 2.58221e-34 0.0320025 2.38642e-148 1.23311e-94 1.15167e-54 1.97489e-17 4.17209e-28 0.102349 1.15052e-93 8.44679e-119 9.7631e-09
1.50554e-07 1.0581e-111 0.059368 2.84049e-57 5.59073e-37 2.11501e-19 0.201288 5.04452e-73 0.270083 2.17705e-100 8.15186e-12 2.02554e-53 1.04638e-50 7.4058e-60 0.108178 0.180243 0.991056 0.218832 8.77141e-47 5.80916e-76 1.49092e-09 1.81382e-46
4.9377e-55 3.34459e-119 1.31251e-35 9.30014e-170 8.6983e-100 1.46008e-32 1.54568e-132 1.35476e-95 3.82799e-73 8.06892e-110 0.143014 3.02791e-110 5.28231e-62 1.15708e-67 7.49275e-116 0.010929 1.71225e-103 4.82656e-186 2.74294e-156 3.03333e-212 1.84655e-69 6.69294e-86
0.107056 0.00600656 2.76356e-06 3.51938e-192 1.74395e-146 5.85554e-118 6.03868e-159 6.43805e-119 1.81666e-78 4.87181e-149 4.29501e-72 7.24442e-117 4.89673e-140 6.52092e-185 3.37693e-134 1.14889e-100 4.02146e-106 4.23025e-181 1.40081e-155 3.52459e-209 7.52174e-113 3.76534e-141
3.74713e-157 1.12285e-136 1.48154e-150 0.0336238 0.224217 0.130412 1.61836e-163 1.44222e-05 5.34665e-58 0.290312 7.81236e-19 5.79634e-76 0.168154 7.91864e-103 1.31914e-32 2.69936e-94 4.19026e-10 1.30833e-71 1.67707e-110 1.70033e-172 1.92886e-105 0.0892718
4.92674e-13 1.98642e-109 2.74987e-113 7.94671e-105 4.03121e-67 2.36087e-67 1.66872e-141 1.05904e-88 1.69554e-16 2.2375e-106 4.57755e-29 1.61142e-78 1.18217e-51 1.28165e-91 1.00923e-58 0.0927188 6.16027e-25 1.02842e-13 3.07281e-106 4.82794e-188 1.5962e-78 5.95133e-129
4.45834e-75 5.644e-98 3.81788e-121 6.583e-137 6.94802e-108 3.48748e-108 3.80993e-48 7.00913e-100 2.27365e-34 5.32188e-72 0.12261 2.15437e-58 7.78596e-142 9.76931e-89 5.1761e-25 1.28323e-97 4.47053e-16 3.26357e-173 1.54096e-159 3.17229e-215 1.32019e-113 4.31359e-114
4.62325e-50 4.19794e-08 4.76142e-54 7.56887e-172 5.44707e-75 4.35109e-87 2.49459e-149 2.91621e-27 6.34486e-23 2.01339e-102 0.367627 7.92809e-108 4.39327e-123 8.95084e-171 7.01056e-107 5.36966e-51 5.68393e-62 6.08608e-111 3.33912e-125 6.53947e-185 1.10091e-105 1.36319e-127
6.2038e-38 1.57105e-86 1.48507e-122 2.39693e-192 1.98929e-133 1.64786e-59 1.57742e-42 6.91385e-78 1.75206e-26 8.48084e-51 2.75433e-55 2.63699e-96 4.21639e-33 2.98058e-27 4.81704e-134 5.35936e-73 0.33814 1.06495e-52 6.52667e-77 4.92783e-103 1.70022e-64 2.60708e-135
5.20617e-120 2.22554e-38 1.4172e-70 0.568162 4.48223e-77 1.81156e-105 2.40527e-94 0.27144 9.88958e-30 0.125428 7.36468e-59 0.0849333 1.45164e-53 0.139359 1.39288e-129 3.93343e-84 1.19721e-47 2.3868e-78 1.75321e-117 0.144603 0.1996 1.11121e-40
