6.66331e-67 2.9122e-94 2.73134e-23 7.57757e-85 3.42469e-141 1.63441e-34 9.97453e-20 4.06985e-222 8.77081e-152 1.42353e-25 1.52853e-235 1.1418e-163 3.55938e-72 1.43483e-111 8.53481e-106 1.45998e-101 6.63875e-214 2.76212e-103 4.34825e-109 0.135913 1.14869e-165 1.19405e-102
8.44687e-56 5.2137e-93 5.25648e-63 1.14156e-72 8.18167e-268 1.08495e-104 0.103729 1.1794e-198 1.79119e-128 7.89333e-88 1.53255e-187 3.81051e-179 7.60345e-144 2.76362e-119 1.72478e-112 0.0886363 4.16605e-170 1.02481e-80 8.06977e-107 0.0730405 4.8468e-99 8.6676e-39
2.48227e-109 2.06543e-141 4.61924e-77 1.87177e-70 0.437713 5.30509e-106 5.40034e-49 0.36138 5.30268e-05 5.77082e-72 0.260371 0.524552 1.78796e-168 0.263574 12.5319 6.90467e-108 1.3173 0.902488 0.138228 2.10892e-86 0.145426 1.25084e-25
0.0972011 0.0143169 0.00224057 1.82419e-178 4.04925e-263 5.23317e-107 1.21321e-89 8.43647e-266 8.05301e-191 1.71279e-92 6.57696e-236 7.17069e-181 2.84555e-163 6.01506e-194 1.72256e-173 5.02482e-121 3.76429e-231 4.61653e-153 1.72017e-185 2.83475e-104 6.41655e-180 1.17335e-122
1.53988e-135 1.91989e-127 2.49905e-91 1.18592e-100 1.18785e-95 2.02641e-40 0.133523 3.46687e-169 1.13768e-165 9.89906e-50 3.4871e-43 2.02035e-81 2.49271e-36 1.45243e-135 9.61124e-123 2.69268e-25 8.52885e-225 3.87915e-100 1.90804e-84 2.02665e-56 2.10299e-43 8.17344e-43
6.29045e-79 2.20092e-121 2.36442e-86 2.00856e-75 1.65322e-204 2.05553e-32 0.340341 7.86073e-255 5.74298e-187 6.30512e-53 4.88425e-129 3.10608e-151 1.43527e-100 1.07972e-179 1.7153e-131 8.60934e-11 7.5374e-116 8.92377e-120 4.4682e-123 4.8783e-91 1.00957e-65 7.70046e-89
1.85905e-45 2.73638e-90 2.07147e-86 1.8309e-86 3.64755e-105 3.72228e-34 5.30335e-09 2.08963e-228 3.42287e-36 0.620414 1.95202e-239 6.80938e-60 2.97348e-89 1.33926e-56 1.00647e-85 1.53314e-29 6.25113e-158 6.16023e-108 4.71189e-50 1.15944e-32 3.46477e-159 0.309045
6.2187e-71 3.33245e-79 0.183743 1.95409e-106 3.01711e-126 1.38323e-90 5.88305 1.76863e-181 2.64906e-148 7.79951e-76 6.24132e-159 2.13966e-139 1.00647e-36 1.92525e-175 5.79785e-124 7.91616e-43 4.87664e-174 1.81849e-100 1.37411e-114 9.64326e-100 4.40496e-110 2.18576e-78
1.47089e-102 2.31815e-76 5.57408e-11 3.89014e-140 1.27214e-210 3.38602e-71 3.26505e-66 9.33506e-253 8.98946e-95 4.74248e-47 9.70253e-138 1.02861e-137 2.83181e-72 2.91323e-118 1.05273e-120 3.3519e-67 6.28342e-167 3.20183e-90 1.28588e-150 0.204233 9.55157e-167 1.40255e-58
1.56604e-20 1.46996e-148 2.68848e-137 7.47869e-173 7.90429e-148 0.20765 3.57387e-08 1.95047e-186 0.138899 7.63122e-08 2.97724e-127 3.98581e-106 2.01512e-13 2.29884e-84 8.51372e-182 2.95652e-45 9.91651e-236 3.8281e-140 9.38538e-54 2.28227e-54 3.70012e-05 4.12076e-18
1.40484e-220 4.79726e-33 3.02311e-62 0.723315 1.49394e-112 0.00240234 5.12002e-05 1.28652e-101 1.16794e-151 0.0709374 1.64766e-135 5.39677e-68 0.212186 8.6774e-151 3.29832e-20 5.7256e-78 7.27028e-152 2.9643e-118 5.94373e-94 2.46424e-109 0.0780227 1.38773e-120
