3.33801e-163 0.000496038 3.74049e-206 6.64887e-84 9.7221e-185 4.3354e-36 4.17272e-159 5.0777e-133 4.0295e-91 1.51133e-58 1.20507e-147 0.659403 2.20349e-18 3.72942e-229 2.73218e-321 1.16899e-38 8.82409e-154 1.54298e-91 1.68476e-321 4.30348e-103 1.16599e-321 0.435788 1.76381e-321
8.15902e-69 2.11218e-71 5.04504e-44 1.01445e-81 5.23355e-115 2.98088e-86 1.1663e-40 3.01599e-40 1.03804e-65 3.0912e-115 7.60814e-65 2.34198e-197 0.0366158 2.53048e-237 1.13635e-321 4.41345e-209 1.92841e-268 3.00265e-182 7.36158e-322 6.52504e-315 4.10074e-322 6.38364e-262 1.10671e-321
0.000522136 0.000371235 0.000202594 0.000324583 0.00010402 0.00819033 0.00439023 0.000700634 0.000367146 0.00105753 0.000138191 1.41809e-225 2.08121e-104 2.17346e-285 9.88131e-324 2.61785e-244 1.93761e-311 1.34413e-221 0 1.38338e-322 0 9.88131e-324 9.88131e-324
2.40519e-173 4.43046e-46 2.59384e-321 4.39718e-322 1.97626e-322 1.22924e-320 6.70579e-251 3.32012e-321 2.09978e-321 1.17968e-300 5.24266e-203 1.91184e-122 1.61663e-74 0.311723 1.41161 0.613492 1.37605 2.4623e-123 1.29678 18.2898 0.723418 7.59553e-168 1.07685
6.36198e-280 1.02766e-321 1.34055e-187 6.30516e-184 3.81936e-09 7.58693e-76 2.71328e-149 1.63101e-209 7.52128e-266 9.0986e-236 1.40785e-274 0.0567712 5.0907e-15 3.95225e-177 2.95945e-321 3.8224e-69 4.84788e-128 8.47618e-25 2.1393e-321 1.51435e-78 7.37096e-301 6.52045e-222 3.05333e-321
1.44485e-73 1.09659e-171 8.7758e-123 4.39112e-104 1.31075e-160 1.03899e-67 5.61359e-89 1.36063e-52 8.50944e-88 1.78049e-154 6.2519e-09 8.4544e-176 0.176036 1.49726e-222 1.57113e-321 1.32984e-241 2.47083e-214 3.81179e-60 1.00789e-321 9.82676e-255 6.57107e-322 5.28733e-126 1.53654e-321
2.25307e-84 2.36458e-242 1.6422e-151 2.00075e-171 2.2233e-322 3.35754e-142 1.07194e-11 9.5544e-110 1.98615e-267 6.78159e-162 2.73302e-238 0.555093 1.58903 4.43701e-147 3.11261e-321 1.26895e-26 8.41989e-127 1.34042e-25 2.57902e-321 7.48033e-281 1.49208e-321 2.75145e-138 1.49255e-293
6.07065e-29 3.02026e-178 4.34441e-33 2.18832e-135 7.46788e-185 1.28281e-237 2.02613e-28 3.90531e-125 7.99545e-58 4.09595e-30 9.26042e-38 1.63123e-167 0.119629 1.75514e-216 1.85275e-321 1.01806e-204 1.31526e-264 1.10508e-107 1.24505e-321 1.03084e-204 8.59674e-322 8.046e-264 3.00605e-287
5.78773e-230 7.27741e-23 1.02031e-92 8.52381e-140 4.04568e-143 2.21026e-123 3.32969e-122 1.2259e-71 1.6545e-76 5.67287e-100 1.60167e-191 1.42215e-52 1.3141e-37 0.261973 3.16696e-321 1.81192e-155 2.0942e-308 0.213306 2.15907e-321 3.53998e-320 1.20058e-321 1.74838e-177 1.88733e-321
0.393843 2.51576e-316 2.62843e-321 9.72138e-202 7.50056e-259 4.6326e-141 1.51107e-144 6.02361e-143 3.72796e-63 3.08766e-250 6.95173e-26 3.55029e-60 6.6598e-69 2.16271e-100 8.59345e-201 1.15831e-168 2.22285e-168 1.37911e-11 2.47033e-321 3.40987e-124 1.01778e-321 0.0750927 2.19365e-321
3.24726e-105 1.15223e-50 1.13188e-174 2.57922e-128 5.30794e-141 8.93068e-17 3.27535e-42 1.30159e-43 1.09382e-30 1.83336e-50 2.49156e-89 2.551e-108 0.518667 2.30758e-268 1.34386e-321 7.5469e-184 5.42802e-263 1.66162e-140 8.74496e-322 2.0647e-320 4.84184e-322 8.79193e-163 1.00295e-321
7.39357e-05 0.000749705 0.00334966 9.78412e-06 2.3248e-05 0.000396077 0.00757613 0.00103074 0.00109709 3.33583e-05 0.00030659 1.6504e-224 9.7126e-104 6.56124e-285 9.88131e-324 1.30479e-244 7.6364e-312 3.36418e-220 9.88131e-324 2.81617e-322 4.94066e-324 1.97626e-323 1.4822e-323
5.58653e-131 1.98262e-22 1.83618e-149 1.16962e-245 2.11919e-28 1.47889e-110 1.31769e-141 1.05935e-06 4.59662e-22 1.82709e-169 1.97154e-55 7.95146e-50 0.341737 3.0115e-274 1.63536e-321 1.13588e-122 2.01211e-218 2.05571e-150 1.0573e-321 1.68586e-254 6.96633e-322 7.62244e-319 3.30109e-313
7.88692e-29 6.26778e-49 2.32201e-30 4.21043e-203 2.55301e-97 6.83694e-212 2.47788e-46 3.45106e-22 1.23971e-125 6.91543e-169 1.36613e-106 4.72722e-124 0.154131 1.50447e-281 1.27963e-321 1.0893e-135 1.24867e-290 1.10419e-87 9.48606e-322 2.46068e-223 5.38532e-322 1.64392e-193 1.38338e-321
7.88452e-108 9.22843e-129 4.06457e-134 4.8715e-154 2.5725e-100 1.27714e-19 1.10623e-65 2.33718e-08 9.62213e-63 1.06163e-61 2.46768e-37 3.40131e-220 0.215827 8.52758e-143 1.01778e-321 1.40289e-223 1.04293e-271 9.51522e-179 7.26276e-322 2.57781e-282 4.496e-322 6.77781e-250 9.7825e-322
