5.61457 0.0824488
7.99824e-30 0.0428978 2.80983e-47 5.58055e-86 5.18941e-24 9.67327e-68 3.98807e-80 0.0674992 4.19578e-22 2.09981e-34 4.48604e-71 8.83377e-35 3.7153e-38 5.45567e-59 0.00567257 1.37718e-75 4.6799e-19 7.20416e-05 4.54002e-59 4.26554e-91 2.31585e-71 2.09898e-23 8.00604 1.81389e-64 4.58998e-07 0.101232 7.69023e-24 0.0854015 3.23004e-50
2.98257e-45 1.05134e-36 3.92188e-16 7.29148e-63 0.563932 7.55307e-59 1.18969e-64 7.15817e-23 1.81223e-09 3.69764e-24 1.30454e-26 3.44812e-75 4.48872e-33 4.0438e-15 3.69825e-67 1.97414e-71 8.69551e-30 0.0489879 2.79649e-65 2.54623e-69 9.03215e-31 1.06244e-24 4.31628e-08 2.63472e-46 4.33857e-41 2.17932e-55 1.61982e-43 4.77431e-79 7.69191e-65
4.91146e-61 6.45193e-57 3.24184e-19 1.37484e-61 0.386934 2.79185e-33 1.78228e-69 2.3667e-72 5.61789e-22 2.21134e-106 5.67745e-90 1.25351e-77 7.08552e-39 9.59681e-91 2.95453e-51 9.15846e-18 6.38949e-37 7.47536e-66 0.214806 4.93402e-78 4.14287e-39 6.11478e-61 2.68937e-77 1.91912e-61 2.17124e-49 8.12536e-61 2.27313e-51 1.47342e-63 1.44269e-38
9.45453e-60 4.23943e-75 1.53339e-61 0.0435782 9.10084e-41 0.120387 0.0826391 1.10238e-23 1.29227e-66 4.32763e-12 3.22897e-75 2.01275e-74 9.07479e-18 1.40531e-80 4.53499e-06 3.96118e-71 2.32351e-09 1.1251e-78 1.36283e-30 0.190832 7.31178e-66 2.67951e-21 3.30811e-27 0.0491976 0.0050553 3.51004e-38 2.11073e-22 2.08842e-78 4.43309e-54
2.38456e-44 5.22636e-12 1.8372e-38 1.55192e-62 2.32918e-23 1.9991e-36 1.04606e-21 6.69055e-19 4.74779e-75 5.87431e-21 8.66713e-39 4.03229e-35 1.06611e-25 1.64113e-32 7.66669e-39 6.24308e-13 0.0120716 3.37115e-18 2.15107e-10 2.47817e-19 3.33044e-36 1.11824e-69 4.16057e-10 0.00944702 0.0995885 3.16205e-71 1.05582e-63 3.32405e-25 0.0103835
1.89016e-38 0.050135 2.07281e-76 0.933156 1.56877e-29 6.79247e-36 3.57913e-07 2.29917e-24 3.08165e-29 2.17005e-05 0.0272757 7.5622e-81 0.0260572 2.31116e-72 4.49869e-05 3.02015e-47 2.18704e-77 5.26834e-66 7.27087e-21 2.92449e-55 0.0155387 0.0783407 1.21081e-79 1.00167e-37 5.65522e-23 4.24529e-25 7.81149e-46 1.59188e-42 3.92558e-53
3.25104e-38 2.59184e-77 1.68803e-57 2.19832e-62 1.59246e-28 2.71675e-73 3.70978e-23 4.322e-08 6.98807e-66 2.03986e-93 6.33573e-74 4.33174e-15 3.04176e-57 4.62302e-69 0.229959 7.27402e-68 5.44773e-24 1.83158e-74 3.17356e-78 3.38757e-73 9.12344e-68 9.32841e-55 6.09093e-10 1.11674e-54 1.08759e-26 8.54888e-42 1.54966e-19 3.06246e-79 5.07982e-35
4.48983e-20 6.601e-47 1.1383e-44 2.00694e-43 1.85339e-32 2.84186e-85 1.14276e-23 3.83991e-44 3.39382e-70 1.88978e-63 3.87414e-39 0.120042 1.25593e-26 2.84808e-45 2.52343e-18 0.0348605 5.5984e-26 6.14937e-71 8.12906e-47 6.01327e-35 4.09899e-15 3.96836e-40 2.93402e-77 0.208996 1.51901e-08 4.50892e-74 1.07922e-43 4.39557e-64 1.67622e-21
0.220889 2.64316e-60 0.107025 2.08353e-47 2.50514e-31 3.23381e-82 8.87951e-24 9.23459e-22 4.08652e-36 0.363725 1.92332e-07 4.1265e-64 3.1972e-49 0.0676177 6.90839e-62 2.48878e-16 4.96342e-81 3.24406e-10 0.0162851 1.16124e-28 6.14562e-64 5.87491e-44 4.30716e-36 1.31688e-56 1.19401e-13 1.56114e-77 2.0438e-42 2.97163e-57 3.54821e-41
1.3025e-42 2.61798e-49 3.04081e-41 5.46081e-25 0.101697 6.26597e-85 6.3563e-76 7.12318e-29 0.109794 2.97525e-65 2.97958e-29 3.75008e-11 2.52276e-08 4.12923e-91 3.41237e-17 1.21218e-72 2.218e-34 6.72558e-43 1.3e-48 2.6385e-72 4.72813e-56 7.98769e-21 1.18776e-74 2.60573e-32 5.88028e-18 1.40278e-95 0.117699 4.82302e-69 0.0331621
