2.82642e-27 2.5031e-73 3.29712e-51 1.25811e-61 0.0305233 1.75332e-44 2.19179e-81 2.57591e-48 4.23284e-15 8.3662e-40 1.95215e-37 2.15547e-45 4.05078e-16 3.76055e-28 0.0603833 1.23382e-40 5.91451e-40 1.80805e-54 6.95241e-10 1.28321e-16 1.88146e-88 6.35658e-32 1.71314e-14 1.17381e-72 2.61985e-31 1.06883e-55 4.33898e-78 1.75315e-19 3.91873e-74
2.56435e-08 8.58786e-81 9.75036e-20 2.97672e-55 3.47994e-25 1.06624e-67 1.41796e-77 9.41061e-20 3.09668e-26 1.2286e-22 3.18107e-36 1.96885e-10 2.02125e-11 2.6874e-08 3.78705e-15 1.9399e-23 3.2401e-21 4.10744e-13 1.67727e-23 0.379556 7.67955e-26 4.34158e-37 2.65387e-12 2.17286e-35 0.13685 1.34904e-75 6.38595e-38 8.58099e-13 8.42497e-77
1.03144e-41 1.76962e-51 3.94247e-45 9.80542e-52 3.51118e-29 3.24281e-61 2.36439e-64 1.31092e-58 0.000736699 9.94789e-20 1.04861e-52 5.55482e-23 1.45017e-34 3.6853e-45 1.04562e-14 8.30803e-06 1.98555e-39 1.99238e-68 3.12976e-33 1.739e-22 5.86011e-88 1.62628e-31 0.0281319 9.18624e-46 4.27852e-10 6.69969e-79 1.89944e-75 3.22041e-26 1.28547e-80
2.26112e-32 4.72932e-47 0.0270758 8.09551e-93 5.31577e-26 1.54621e-56 9.05286e-104 9.53734e-42 9.29179e-11 0.0184918 1.9736e-62 6.348e-70 2.42433e-34 4.99588e-30 2.91857e-14 3.05521e-13 6.80741e-72 0.253267 3.44511e-28 0.012227 5.74286e-41 3.95821e-05 2.84604e-23 4.35874e-31 0.115873 1.26873e-67 7.79652e-35 0.0885232 9.60779e-70
1.77586e-18 2.83056e-71 1.45601e-15 8.37108e-79 6.93441e-29 6.11647e-72 6.26377e-98 0.0607109 6.51656e-09 2.51734e-44 1.36437e-23 3.76639e-44 4.81177e-38 9.6825e-28 2.05794e-29 0.0567116 2.22029e-50 2.84893e-43 5.35667e-41 7.60157e-06 1.77344e-25 2.13856e-05 1.50261e-22 1.73955e-25 1.37964e-26 5.3893e-87 2.93956e-47 3.09852e-34 3.58745e-37
1.78286e-52 1.22254e-72 3.89697e-37 1.22e-94 1.89331e-30 2.38345e-71 2.57725e-78 3.48824e-25 1.51246e-29 3.90836e-34 4.7164e-32 7.69563e-69 3.45541e-29 5.17523e-44 7.10319e-29 3.13413e-16 1.08465e-42 1.32865e-42 0.0614526 6.58968e-36 1.30566e-89 5.03012e-30 3.54096e-12 3.75097e-58 2.65725e-30 3.79328e-58 1.76643e-104 5.82593e-43 1.15078e-47
0.458561 1.24472e-79 2.89349e-37 1.74268e-29 5.27105e-06 3.39105e-49 0.223915 2.99747e-47 4.55317e-42 0.0315135 0.0917269 0.368866 0.102236 3.04938e-58 2.15476e-10 2.40713e-15 0.0930158 2.29502e-31 7.09619e-24 5.11143e-16 1.2894e-58 8.29401e-39 5.16404e-08 1.78911e-33 1.31725e-30 0.0713481 5.25966e-46 2.92992e-05 7.7895e-24
8.48532e-27 5.92862e-79 8.84131e-39 2.74219e-75 1.08187e-12 1.15783e-78 3.40674e-107 7.64739e-19 0.0117098 3.00972e-31 1.52664e-40 1.88058e-12 1.0483e-05 0.0422912 0.478832 1.5447e-13 4.4689e-69 1.5718e-40 3.82704e-07 5.971e-37 6.42284e-49 1.94575e-22 0.0981844 1.22482e-36 5.14099e-29 8.89702e-71 6.43014e-58 4.95402e-12 3.34135e-67
1.00461e-43 0.029687 2.0785e-34 0.0494294 4.84424e-24 0.194125 3.57536e-12 1.56869e-29 1.38021e-24 8.98499e-54 1.55873e-19 6.46148e-52 1.17133e-34 6.93445e-54 0.108305 5.45817e-29 4.45927e-51 4.06877e-37 1.75893e-22 6.75239e-09 0.039886 0.289424 4.32589e-12 0.0569737 1.19914e-12 6.73664e-42 0.141764 8.18638e-20 0.123363
1.28309e-44 1.08174e-34 1.52939e-58 4.30609e-78 5.68017e-10 1.69844e-39 3.22309e-55 2.5403e-31 1.75633e-21 7.97807e-30 2.02862e-32 1.82678e-54 2.15517e-17 3.94367e-64 1.48356e-21 0.028941 3.10771e-63 1.49545e-62 9.85451e-43 2.29506e-23 4.03099e-81 4.72229e-25 0.0824464 1.55235e-48 2.09972e-06 6.75977e-68 4.84552e-49 1.28998e-10 7.42649e-48
