6.87885e-44 2.42829e-63 2.20575e-46 2.4003e-149 4.0517e-63 7.97406e-224 4.95406e-204 1.78741e-51 1.17563e-236 1.10174e-46 1.89702e-128 1.02436e-108 6.31858e-137 3.63087e-130 1.34903e-77 2.87525e-86 3.10167e-124 3.51841e-50 1.68966e-96 3.50658e-34 4.39444e-163 0.0331765 1.96118e-177 5.53264e-160 3.54123e-157 5.62203e-135 3.47533e-154 6.34108e-145 2.60039e-221
4.92949e-62 7.06975e-62 8.53241e-60 7.33288e-185 1.5348e-71 8.89129e-226 1.22558e-199 8.5992e-21 2.05327e-224 7.07101e-49 8.98207e-117 3.37892e-145 1.66637e-123 1.11767e-133 2.70935e-89 2.6942e-123 2.25459e-138 7.13059e-65 5.89729e-87 3.91569e-34 3.35098e-177 0.0256637 7.17771e-162 2.21073e-176 5.12267e-142 1.89415e-157 1.76489e-169 8.37695e-173 4.72604e-224
5.50538e-38 9.1918e-11 2.2825e-75 8.20955e-140 3.06621e-79 9.57937e-171 6.61437e-218 1.59107e-08 8.42046e-202 7.72853e-37 4.2034e-106 1.56909e-151 8.23458e-132 8.98987e-130 1.29301e-57 3.03598e-110 2.06974e-124 0.00994635 3.81278e-64 4.47635e-20 1.47353e-122 5.73209e-33 1.29214e-138 1.55507e-172 3.41586e-112 1.00181e-144 6.23686e-138 7.44697e-133 2.4366e-181
0.00115307 1.61276e-81 0.0504444 0.169466 7.43395e-10 0.581126 0.324228 5.5435e-33 0.190254 0.0200971 0.442623 0.320078 1.46251e-46 0.306042 1.47929 2.06901e-95 0.447408 7.9173e-39 6.94419e-66 0.338276 0.16618 5.04275e-26 0.350664 5.426e-140 4.47967 2.38292e-69 2.31359e-79 0.361831 0.155108
4.92465e-63 1.28028e-11 1.34741e-17 6.70843e-170 6.45188e-58 8.93274e-145 4.06377e-166 8.90231e-35 5.995e-169 2.05374e-66 4.63227e-48 1.10822e-120 5.86405e-135 1.17259e-128 8.41581e-26 1.92668e-100 7.13946e-131 7.04348e-65 5.78053e-44 0.659758 1.58562e-139 4.14508e-19 1.86184e-195 3.76401e-151 3.72279e-104 1.122e-165 1.8447e-76 1.35987e-120 4.49007e-189
2.41449e-56 1.59978e-27 2.01866e-29 1.28904e-179 7.32958e-37 7.0728e-203 3.2534e-167 2.23371e-42 2.67556e-224 7.47363e-25 5.45893e-87 3.16855e-133 2.0085e-99 2.75074e-121 1.97538e-66 3.49631e-85 2.2895e-108 3.48856e-12 5.09402e-115 8.66137e-23 2.51038e-157 0.0307942 6.34999e-160 3.0345e-135 6.08062e-121 2.47825e-134 3.97426e-122 2.94038e-142 2.97444e-212
2.00905e-66 2.85168e-18 2.09402e-43 1.0698e-176 5.27693e-25 6.18313e-245 9.17753e-125 0.00867367 3.05086e-161 2.01146e-45 4.64605e-128 1.10316e-94 5.96449e-70 3.70498e-131 0.057523 3.11153e-127 3.80736e-113 2.1191e-06 2.2784e-113 8.87003e-26 5.99344e-125 1.62781e-27 5.17212e-127 5.22874e-176 3.40486e-140 7.79658e-132 5.9383e-165 4.79263e-130 4.07456e-196
3.5158e-81 1.6221e-81 3.15659e-26 5.6197e-147 1.12365e-45 1.28528e-172 1.777e-216 2.54461e-23 1.12146e-158 2.04297e-56 2.49845e-85 1.88313e-143 2.30656e-152 3.50341e-144 6.23136e-84 6.70855e-77 2.34246e-79 0.0472061 9.54582e-100 2.33649e-19 2.37594e-169 7.89732e-23 4.19805e-137 3.77048e-91 2.23065e-149 6.23641e-114 1.06866e-130 2.14966e-150 4.35865e-183
0.0414478 5.04995e-44 1.34467e-83 2.06335e-61 0.10909 4.20732e-125 1.96713e-68 8.15724e-22 6.55116e-240 0.185848 3.37347e-23 1.82427e-16 0.202471 7.40039e-69 6.44894e-90 2.25184 3.01408e-128 7.56736e-77 0.0669414 2.11129e-32 2.72249e-64 2.70116e-41 1.01978e-120 0.204419 1.06831e-125 0.256143 0.103629 7.72485e-136 6.38302e-133
1.9799e-34 0.0951234 1.97543e-76 2.25442e-123 4.24028e-30 3.9624e-170 6.68445e-143 1.90854e-38 5.42061e-230 2.45688e-26 1.44105e-69 4.61175e-140 2.50687e-91 4.03837e-122 3.06603e-51 9.31753e-82 6.83375e-123 0.249415 8.66176e-60 0.254358 2.37988e-116 2.23947e-38 2.24582e-149 8.34579e-98 1.04148e-101 3.01279e-178 1.15369e-89 5.26647e-166 2.50275e-235
