2.43103e-16 8.8298e-30 7.45775e-12 1.11104e-14 2.34116e-11 1.57804e-14 1.05218e-15 2.58272e-15 2.39013e-28 0.0266911 0.00955943 4.24625e-23 4.37942e-26 4.32689e-22 9.98509e-07 2.8161e-25 7.8165e-13 8.16937e-13 2.83686e-18 1.60032e-16 4.71655e-25 9.03441e-15 6.79372e-32 3.5019e-22 0.273834 2.49408e-30 6.38288e-11 7.96483e-17 4.29201e-15
1.73095e-12 1.85066e-31 0.0164967 3.49391e-21 1.26919e-12 8.12395e-27 7.41944e-06 1.14396e-26 5.80502e-12 0.00895171 3.69409e-14 1.56322e-20 1.17773e-23 3.97828e-11 3.47882e-14 4.60892e-23 7.50018e-22 1.46929e-09 5.34767e-07 1.70696e-33 5.24437e-12 0.000173729 3.86662e-09 3.42461e-12 4.32048e-23 4.51761e-10 0.0448557 1.24894e-06 1.56971e-20
1.94239e-30 6.63539e-22 0.0171036 3.22193e-26 1.43415e-17 0.0306663 5.96857e-28 1.14152e-09 2.0909e-26 1.89516e-31 9.10989e-24 4.80736e-15 2.17146e-26 7.57462e-23 7.42298e-06 1.06104e-34 2.5096e-18 0.000413093 3.90501e-11 3.77956e-34 0.0435163 0.015697 1.32782e-11 0.0492575 2.10856e-14 9.13533e-18 1.43545e-14 0.0208859 0.0337332
1.08249e-26 4.74419e-20 1.67152e-17 3.04607e-07 4.16598e-09 1.96858e-22 8.87307e-17 2.00087e-17 1.634e-08 2.64621e-13 2.81125e-25 5.8428e-05 0.0384791 2.494e-24 3.82593e-24 6.68439e-17 1.59992e-29 0.330845 8.22694e-23 1.78951e-20 2.92319e-10 2.97927e-15 1.94315e-29 3.3176e-15 0.00329656 3.85569e-23 9.07479e-20 7.72477e-08 1.93713e-16
0.0865664 9.01489e-23 7.73761e-16 4.80565e-24 0.0469554 1.44333e-05 5.51945e-17 2.36528e-05 4.9443e-11 4.03134e-11 0.00861537 1.45277e-06 9.51511e-27 0.018691 0.0117535 2.20927e-12 1.92735e-13 7.35333e-20 1.93895e-08 2.40671e-25 5.85006e-25 2.06855e-12 3.85751e-12 2.7165e-30 0.160488 6.27598e-43 6.02746e-33 5.03072e-10 0.364024
1.48206e-25 4.53757e-06 8.72685e-16 2.57302e-05 0.000958584 1.48627e-18 4.09054e-18 1.79762e-25 3.28817e-05 3.49043e-25 6.7698e-26 0.00486332 6.59139e-05 1.04184e-32 2.4491e-26 1.371e-41 2.38006e-06 0.306752 1.94617e-08 7.54217e-35 1.21609e-23 5.80888e-23 1.04989e-17 0.000151703 0.00106339 4.26395e-42 1.10384e-30 6.56881e-26 3.95951e-22
1.28718e-25 8.892e-32 1.63372e-06 0.00433963 4.83723e-21 1.82469e-13 0.487449 0.00885308 0.0109568 0.398435 3.41365e-06 4.74412e-30 1.29903e-21 1.26728e-42 5.35108e-23 0.0395379 0.0107747 1.0215e-21 7.65783e-18 0.00578188 1.33403e-14 0.0265011 6.79932e-12 8.16115e-10 0.0128619 4.57029e-17 2.71525e-36 2.57147e-30 2.30621e-16
2.74089e-28 5.15688e-10 3.57639e-14 0.0165765 9.89524e-28 2.24521e-20 1.77406e-12 4.89738e-25 1.09487e-13 2.12826e-14 1.23474e-25 4.41034e-19 7.8953e-25 1.29726e-27 3.71594e-23 2.7637e-38 1.17448e-12 5.23911e-18 0.00275876 5.27585e-22 6.4864e-26 8.80942e-21 2.4624e-32 4.1983e-14 0.174282 3.1523e-44 3.46646e-10 1.96087e-11 1.91353e-26
5.51092e-08 0.0409784 1.01927e-13 1.38056e-27 5.61408e-19 6.91581e-23 4.10159e-16 0.0338588 3.93857e-21 5.32656e-09 3.95933e-20 0.0232516 1.88704e-25 1.64961e-41 0.00464109 3.63853e-13 8.17759e-31 1.90194e-15 0.0478523 1.4663e-08 2.96072e-06 5.49656e-27 0.0423898 7.72273e-12 8.22974e-18 0.0412863 6.80743e-12 4.91251e-21 1.37744e-15
1.42557e-26 5.95572e-15 1.44502e-12 1.45538e-11 1.34696e-30 0.0294093 4.16703e-07 2.58577e-25 9.65402e-23 1.11562e-36 9.02166e-25 1.84012e-12 5.62759e-13 4.73473e-26 1.20669e-18 2.40639e-39 0.0516023 5.83094e-17 4.23336e-17 0.0111763 2.17863e-06 2.27063e-22 0.00636532 1.61528e-17 7.41964e-20 2.68199e-25 1.00148e-32 6.63124e-28 1.38116e-06
