1.93347e-256 1.46848e-159 2.47359e-97 4.94621e-53 4.87669e-87 6.19988e-143 1.50639e-67 1.67934e-133 4.15038e-189 4.1865e-185 9.871e-48 5.8403e-115 7.71826e-87 9.44626e-109 7.93667e-162 2.74068e-46 0.701481 2.18839e-144 8.35316e-110 1.94823e-145 1.15058e-69 7.63079e-110 3.00906e-86 2.43793e-45 3.40103e-36 2.10105e-73 2.88243e-80 2.24932e-45 4.86339e-118
5.51125e-247 7.27311e-197 9.47056e-88 6.77405e-87 2.11664e-15 1.88731e-142 1.97168e-174 3.86898e-75 1.13203e-92 1.29568e-42 6.05915e-60 3.45086e-100 3.48752e-65 1.34488e-129 5.58535e-55 9.77475e-69 5.38663e-68 4.96827e-65 0.0628553 2.62054e-165 9.27067e-161 5.19363e-176 2.97432e-34 4.37004e-24 3.44536e-23 3.61259e-125 9.37394e-206 5.34476e-130 2.74104e-08
2.28058e-176 1.37034e-166 6.76688e-115 0.0794446 6.48865e-168 0.668804 7.30401e-86 3.96966e-161 1.13272e-150 0.11263 6.31033e-180 2.03722e-94 2.23884e-230 1.86461e-85 2.33412e-176 7.18069e-141 8.66319e-96 0.217236 3.16496e-15 3.68746e-119 5.07034e-38 2.0423e-13 1.48185e-71 7.92769e-27 0.343213 2.30527e-109 4.1332e-63 8.65343e-72 0.1107
7.11165 2.1203e-233 0.220243 9.47559e-21 0.965382 3.33836e-129 1.6314 3.23169e-161 4.46803e-41 2.66721e-36 0.17359 0.518043 1.49904 4.28883e-44 0.162871 1.22786 7.46946e-62 2.5033e-127 9.4773e-60 1.34602 0.332004 1.24314e-125 3.09355e-47 0.00121151 6.3435e-95 1.00521e-96 4.23311e-38 1.10123e-19 1.49653e-15
3.49851e-120 1.81156e-81 7.24468e-112 1.47596e-107 2.09949e-135 1.51387e-227 8.86524e-155 3.23221e-143 2.58484e-158 4.32999e-239 1.00845e-182 4.42581e-305 2.84909e-147 2.609e-44 3.52744e-83 1.92126e-65 1.75426e-06 1.83572e-80 3.58405e-13 6.10469e-105 4.24851e-112 7.5093e-115 1.87333e-83 0.366236 4.44465e-111 8.44459e-186 5.78228e-94 3.17846e-160 8.76672e-09
1.06631e-252 2.10721e-151 2.09417e-73 1.8674e-110 4.08546e-13 8.80636e-247 2.00714e-51 1.48796e-166 2.93722e-176 1.5845e-28 2.99258e-170 1.76241e-57 2.73625e-124 2.39956e-124 6.66958e-142 0.0220471 1.03479e-36 4.10804e-143 1.47871e-88 1.19775e-229 3.51808e-64 3.05031e-190 7.00398e-21 4.45536e-88 6.35438e-168 1.47243e-85 7.39406e-171 1.23593e-133 1.3002e-71
9.57755e-214 2.50207e-232 1.5737e-109 6.85727e-96 1.35316e-157 1.86716e-104 1.60023e-57 3.06524e-100 2.0225e-52 1.67293e-125 5.6852e-107 2.87466e-306 2.93104e-204 7.49854e-105 5.87292e-46 4.54243e-145 1.53324 3.4709e-138 5.21193e-40 5.27443e-98 7.66757e-48 2.22523e-223 7.64534e-80 0.76833 3.00572e-149 9.8234e-42 1.14955e-208 1.05997e-180 7.76694e-101
9.28248e-151 6.36751e-233 8.48233e-50 1.44411e-111 0.15522 7.87144e-84 9.25929e-107 8.17563e-91 1.36924e-45 8.68693e-243 8.11995e-25 6.59451e-195 1.37719e-150 3.44785e-35 2.82615e-132 1.06582e-133 3.96569e-56 4.51281e-46 2.39986e-70 5.04944e-55 6.17379e-32 7.41715e-85 2.02695e-86 3.9376e-102 1.19312e-12 8.15854e-89 7.0929e-132 3.03736e-87 0.332366
4.44764e-196 0.30232 6.28992e-61 2.82755e-68 1.05293e-16 0.0828772 3.06988e-141 0.305599 0.203079 3.18182e-180 4.58827e-195 9.26807e-122 7.46304e-32 0.377369 6.82577e-25 9.29603e-54 5.13428e-88 2.98793e-104 0.170715 9.9794e-148 7.20866e-116 0.0968702 0.86569 8.75061e-110 5.94139e-50 0.24249 0.238271 0.239223 6.48075e-16
1.49108e-72 3.41319e-85 3.57661e-33 1.27647e-94 5.13354e-50 0.0895627 8.15279e-30 6.83864e-131 2.94497e-199 3.92345e-30 0.33677 2.521e-298 6.63076e-70 6.00344e-97 2.07442e-111 7.77747e-16 2.05302e-58 4.93212e-140 1.23562e-94 3.39172e-80 1.57535e-145 1.34007e-111 1.02037e-12 2.12432e-21 3.44635e-62 7.32079e-53 2.06306e-105 7.61342e-160 1.10783e-130
