1.44253e-71 6.6926e-148 3.38766e-100 9.00641e-139 9.81188e-139 2.40577e-68 9.88931e-147 2.93454e-44 1.80419e-160 4.28505e-41 4.35688e-31 1.43803e-38 1.45355e-19 0.12251 0.255742 0.106165 1.15604e-28 3.04454e-156 4.46228e-27 1.98829e-45 8.23149e-45 4.31957e-143
2.0629e-32 1.77106e-15 1.02645e-17 6.22449e-29 4.35874e-51 6.29628e-44 6.53464e-171 6.07478e-100 5.17356e-116 3.36992e-116 4.34437e-146 3.14427e-42 4.24323e-66 5.44496e-109 8.41814e-07 1.6557e-168 2.85565e-75 2.74537e-127 0.320113 1.69537e-98 7.64994e-88 4.34946e-22
6.12363e-83 4.43077e-81 3.04276e-70 2.33615e-18 2.83029e-81 3.54107e-108 2.01816e-152 3.35734e-65 2.12383e-173 2.53721e-129 2.56875e-124 4.2164e-30 2.52066e-94 4.29746e-147 0.076585 2.59806e-62 1.28894e-105 1.22532e-84 2.55547e-06 7.31555e-145 3.94447e-61 1.29035e-140
0.0212621 7.59391e-152 7.72114e-38 2.96226e-125 2.21211e-143 1.04114e-59 7.20618e-99 1.25977e-93 2.49493e-66 0.119008 1.70397e-102 3.10323e-57 3.7261e-78 9.89242e-136 5.04577e-27 5.51387e-139 1.41501e-61 4.67699e-42 7.67943e-10 6.57353e-95 1.14618e-59 0.000236895
3.28049e-20 2.64452e-35 5.11192e-10 3.3057e-103 2.19498e-145 7.7971e-101 1.60784e-60 4.43845e-99 9.79692e-77 0.0504365 1.42123e-07 6.41897e-83 5.95893e-98 1.84698e-157 2.76733e-34 8.26935e-117 4.72673e-41 0.200418 1.46031e-29 1.10909e-127 2.71858e-146 6.95364e-86
1.8446e-39 1.74365e-191 0.000146802 4.57225e-108 5.10253e-109 3.72725e-92 7.93353e-160 2.07966e-64 1.32748e-75 2.91178e-81 8.58725e-43 9.8816e-33 8.46043e-95 7.03788e-89 1.43866e-48 2.44211e-151 2.39783e-20 4.39306e-131 0.61696 8.5578e-145 4.99924e-79 5.07724e-90
3.18792e-115 6.45829e-73 1.61108e-38 9.85965e-82 8.6961e-59 1.24011e-42 2.48415e-164 2.9705e-16 9.97585e-61 1.43535e-83 1.34097e-43 1.32182e-51 2.09343e-94 1.12315e-138 0.206927 4.70439e-184 3.28076e-49 8.77188e-49 3.386e-54 1.10254e-52 9.03178e-77 1.21428e-31
1.00037e-106 1.99364e-107 0.0672126 1.29653e-115 2.85908e-74 1.031e-100 5.04462e-146 1.17193e-99 3.28605e-128 1.13062e-38 1.09336e-49 8.93839e-67 0.173697 1.06574e-65 8.20581e-48 3.23236e-51 3.15126e-74 9.17308e-56 3.63343e-77 1.38904e-143 9.81401e-112 1.0901e-48
1.7641e-23 1.05422e-42 4.86443e-81 1.00566e-135 3.80812e-93 2.2656 1.54669e-75 0.0107868 4.56386e-108 3.77022e-134 1.96856e-80 9.56234e-53 0.07757 3.60686e-51 1.86773 3.0215e-153 5.89277e-100 2.30198e-06 1.17797e-51 1.58336e-109 1.45612e-93 9.07683e-145
2.49482e-201 0.244984 1.90903e-73 1.84566e-150 2.53306e-55 9.36794e-93 0.124623 1.18469e-67 0.2022 8.40443e-113 2.81776e-96 6.57186e-71 6.00273e-39 1.14726e-65 2.34376e-80 1.37831e-43 2.09232e-52 8.13889e-05 2.84383e-50 1.38153e-121 7.13214e-112 7.85152e-107
5.76604e-06 7.09164e-110 2.0745e-53 9.40273e-86 1.7324e-143 2.52769e-60 9.43419e-114 1.35164e-46 4.41313e-70 3.06348e-62 1.06235e-75 1.22795e-55 1.26184e-92 6.31858e-71 1.97367e-51 2.78302e-77 2.10743e-100 7.25647e-118 0.158028 2.56697e-32 1.18764e-148 1.50383e-68
1.1887e-62 4.99161e-73 6.07096e-54 1.03175e-102 0.00807479 1.39553e-40 5.50239e-76 0.0656777 2.97534e-45 4.0165e-34 0.128522 2.29138e-16 1.6925e-52 2.24062e-18 5.32736e-88 1.41737e-198 4.55535e-33 1.0258e-58 6.03021e-07 0.105787 1.03202e-108 1.39918e-20
3.09804e-23 1.45733e-48 1.84373e-80 3.68315e-35 5.217e-88 2.67334e-69 1.58008e-52 4.58351e-30 1.309e-75 7.64162e-110 2.23777e-105 8.26032e-80 2.54533e-50 1.57772e-76 0.0128721 3.24714e-57 8.49862e-80 3.91083e-84 2.07058e-39 1.42759e-25 1.00048e-69 0.0938456
0.0460304 7.85786e-139 1.18987e-49 0.357379 1.31057e-124 2.09221e-49 4.06786e-44 2.48261e-14 8.0718e-95 6.16157e-61 5.7406e-45 7.50275e-79 5.29376e-92 9.20405e-92 3.97691e-40 1.35219e-91 3.02135e-40 2.99126e-61 5.95051e-07 1.4722e-40 3.01639e-43 7.65227e-139
1.09342e-104 4.0099e-193 8.00286e-31 0.000261099 0.162918 0.420773 8.35811e-20 9.43053e-18 1.23348e-138 1.8801e-79 3.66067e-148 5.59441 3.62918e-48 3.8019e-32 1.83057e-46 1.40297e-24 0.282455 4.2184e-87 1.61737e-41 1.60083e-37 8.28974e-143 5.63747e-128
9.3539e-66 5.21201e-17 5.78508e-66 3.4936e-40 2.21074e-80 7.08504e-67 8.2529e-151 8.8436e-98 5.74955e-149 3.10412e-82 5.13926e-100 5.54687e-52 3.87445e-60 5.49313e-60 2.15176 4.9063e-169 2.43936e-39 1.23611e-62 0.583864 2.15048e-158 3.14653e-53 1.30414e-87
1.66764e-37 1.38743e-111 5.52206e-58 9.16103e-77 8.79877e-148 3.79256e-10 3.07627e-101 0.000379768 1.24687e-172 4.03821e-124 1.24371e-75 1.36909e-104 5.95613e-62 1.64948e-73 5.68259e-74 7.02493e-14 8.49462e-113 1.80653e-55 0.077359 7.51346e-25 0.240125 1.47954e-40
