1.95908e-85 0.0322582 2.23285e-70 1.36828e-08 2.02713e-99 5.61157e-29 6.14005e-67 4.02343e-128 1.80147e-92 1.27627e-76 3.45331e-36 0.0518795 5.95832e-44 1.14158e-54 1.45991e-19 3.89225e-76 9.8626e-86 6.28102e-42 5.66026e-14 1.37975e-58 1.49804e-144 3.06558e-71 1.05863e-09 1.83702e-92 1.53068e-38
3.36909e-20 1.01447e-10 2.07966e-27 1.24865e-05 1.44275e-74 4.51215e-58 9.88147e-91 3.2305e-119 2.65134e-72 1.72752e-97 1.30465e-06 1.30647e-05 3.5633e-19 1.79397e-61 3.87989e-30 5.83978e-50 2.22601e-79 3.53348e-48 1.33943e-09 2.85234e-36 1.69196e-138 3.42683e-15 1.81012e-79 2.02404e-73 0.0998329
2.07333e-19 0.0909215 8.30611e-67 8.78797e-45 3.14278e-122 0.000141518 1.20956e-71 5.71842e-58 2.34412e-135 1.88571e-47 6.29983e-51 9.18905e-39 2.80287e-66 1.28135e-69 4.287e-60 1.26151e-79 1.30379e-119 1.28945e-72 1.48608e-51 3.79999e-46 1.10692e-133 0.501527 2.36422 1.0613e-25 1.24336e-73
5.62779e-93 7.6012e-100 5.15675e-38 9.71763e-135 0.0316968 0.0935463 0.0623138 0.134603 0.0463711 0.0262552 4.16822e-35 0.000973798 3.10467e-68 5.93726e-13 7.73444e-79 7.95404e-38 1.85601e-15 0.000706318 7.21335e-45 1.02385e-60 0.070631 1.32243e-44 1.50359e-70 8.73042e-34 8.67223e-53
2.88022e-98 8.65619e-06 4.89719e-11 4.0695e-48 1.46172e-66 3.67329e-62 1.5626e-82 2.78318e-45 9.475e-88 1.97108e-46 5.6613e-16 5.21214e-49 7.60526e-79 0.0262164 1.26628e-89 3.07409e-44 1.6264e-104 4.2918e-23 0.0401296 2.77917e-97 2.56358e-87 3.03969e-60 0.603667 1.2142e-43 4.74447e-64
1.38568e-21 5.3351e-11 4.63021e-106 7.77452e-56 3.06378e-31 3.48e-21 5.84388e-66 1.56791e-35 9.91586e-109 4.03712e-88 4.78628e-52 2.64066e-40 9.63158e-103 2.53908e-77 0.0433983 3.30796e-80 3.13184e-119 0.0160903 2.14915e-34 0.0998371 1.28114e-39 0.279596 3.9827e-29 0.00130939 0.0436927
0.00790563 5.72023e-12 0.143663 6.32939e-12 1.90374e-112 2.42331e-65 5.30388e-81 2.23418e-125 7.33017e-124 4.43481e-117 1.61111e-61 3.39349e-43 1.77658e-96 2.73935e-60 1.84228e-83 1.63601e-58 8.19542e-120 3.67163e-63 1.27876e-48 8.92558e-83 7.17414e-128 3.28082e-74 3.82017e-68 1.51669e-77 1.12606e-54
2.66552e-78 5.5186e-29 2.54451e-37 1.84114e-36 1.18274e-115 2.5905e-38 7.08368e-90 1.13584e-75 2.28869e-80 3.12189e-50 0.0734296 8.86857e-39 3.49318e-49 1.34688e-38 1.61064e-33 1.53821e-11 2.66665e-29 2.95678e-69 0.000143267 1.30272e-74 2.0476e-102 1.56769e-07 0.389492 3.48516e-70 4.92768e-68
9.68225e-57 4.04431e-34 1.98436e-70 1.04201e-13 2.87148e-111 5.63262e-30 1.46498e-96 5.40523e-117 1.87237e-120 1.72975e-109 2.2807e-18 0.0651243 5.38415e-85 3.931e-12 4.30331e-24 3.49058e-79 1.30027e-49 1.89997e-25 4.03805e-22 1.01784e-85 3.18531e-71 7.67974e-08 5.04863e-77 2.0499e-34 2.91423e-15
8.97035e-35 1.00412e-48 3.84298e-33 1.78499e-35 8.12428e-111 3.30912e-54 2.10736e-53 7.3249e-75 2.47211e-90 1.80693e-86 2.80819e-62 0.4804 1.91908e-31 3.9393e-67 3.40515e-15 6.39457e-76 1.03471e-76 1.22145e-65 3.98661e-46 6.22076e-88 5.76001e-75 8.65969e-26 0.0621756 3.76333e-23 3.10241e-48
1.97147e-37 8.81774e-55 4.0313e-62 2.5852e-64 5.02128e-107 3.16761e-19 2.99236e-70 9.27016e-79 3.55006e-69 5.24527e-79 2.31348e-56 1.27379e-15 1.33002e-74 7.11687e-77 3.59486e-74 0.0672099 1.50008e-78 1.37683e-60 3.02166e-53 7.3776e-58 4.01239e-151 1.48033e-10 8.11481e-76 1.11605e-58 0.093353
2.94894e-14 4.16273e-72 2.82426e-55 7.62304e-51 2.3295e-97 0.0951053 2.11751e-51 3.99564e-94 5.03607e-135 2.1299e-37 9.36453e-58 1.89975e-11 0.112952 1.14672e-73 3.36087e-75 9.74155e-32 0.0551517 4.29463e-39 4.09175e-50 1.14055e-42 8.60481e-98 1.23178e-33 1.95933e-28 0.294468 2.40417e-37
