1.62034 0.0864846
1.71324e-83 2.05348e-39 4.52494e-68 1.1356e-43 1.8857e-47 7.19315e-62 7.16853e-86 1.736e-103 8.63391e-98 0.0961359 8.43278e-94 2.38737e-30 5.11433e-34 1.55149e-62 0.0959518 4.85274e-42 2.6578e-12 5.61128e-52 0.0282162 4.76898e-55 8.05954e-103 5.97706e-65 3.33074e-112 0.0454513 5.21254e-14
3.67505e-78 0.27075 4.72432e-98 2.71408e-11 5.64271e-42 5.22842e-78 7.88573e-09 2.50842e-09 0.065566 5.55709e-33 6.94604e-86 3.00048e-94 1.84616e-22 3.58593e-60 2.92218e-23 9.73093e-73 3.31802e-30 3.11354e-57 1.9109e-18 0.243695 8.96823e-72 4.59944e-08 1.39457e-70 3.72379e-21 0.000130617
5.21876e-76 1.43598e-67 5.86377e-42 1.70396e-60 0.000145435 1.66553e-68 2.74047e-92 1.88296e-16 3.08103e-57 0.0676744 0.115905 1.76717e-88 1.24096e-37 1.38101e-43 2.2935e-30 1.00514e-59 1.74203e-45 0.121488 6.67172e-42 6.81343e-32 1.15178e-63 2.50388e-55 0.104197 2.54418e-06 8.78126e-66
7.11016e-43 5.65901e-55 1.59742e-79 0.0783023 1.56944e-80 4.47385e-87 5.57977e-59 0.222479 2.50725e-72 8.28143e-06 2.11034e-67 0.174111 0.314978 0.0525945 1.35103e-93 2.27605e-25 0.0010384 1.41799e-105 2.00114e-35 1.34831e-56 4.30337e-30 7.64003e-56 1.38969e-129 1.55717e-48 2.41947e-31
4.68074e-45 1.9031e-104 7.11918e-81 7.84323e-70 4.17324e-48 2.49958e-80 3.6681e-59 8.52938e-70 2.31124e-106 5.8827e-45 5.80625e-87 2.59312e-64 2.17183e-97 2.27249e-107 2.15084e-99 3.43632e-42 1.75531e-103 1.04391e-81 9.40764e-21 1.6532e-69 3.00504e-64 0.0896605 8.71492e-137 0.032677 6.77197e-08
2.50038e-71 1.79044e-07 3.97826e-23 1.0218e-65 2.42784e-29 1.82965e-50 1.28376e-15 9.72203e-73 6.62285e-78 0.0458377 8.57368e-63 4.40032e-72 6.89898e-47 1.96539e-76 1.19194e-95 9.15242e-34 2.65683e-30 1.08189e-68 8.78125e-23 2.59574e-65 0.105537 1.61813e-29 5.07176e-68 1.49942e-60 1.83769e-08
0.11711 4.62851e-42 0.0227767 1.26206e-73 3.11399e-17 1.92244e-34 3.85083e-14 0.000173529 8.5019e-72 6.3558e-15 7.11478e-69 2.00969e-18 7.13825e-85 1.00668e-51 0.0397617 0.0525071 0.0740649 1.22178e-122 2.47272e-33 1.80092e-23 1.05217e-33 1.48085e-61 2.68078e-124 3.49981e-42 1.04422e-41
2.2897e-88 2.84368e-32 8.55943e-64 6.81656e-51 1.9596e-77 9.89628e-29 3.8851e-58 1.82535e-48 2.55512e-107 0.267072 4.55235e-98 2.07312e-72 5.03859e-60 7.54894e-59 2.56362e-52 1.28062e-78 4.42198e-43 6.66476e-127 1.60664e-17 1.00778e-64 7.25956e-118 0.000805753 3.38614e-104 1.63542e-40 2.53481e-30
1.24112e-109 1.13212e-105 1.89683e-99 1.33286e-86 7.9874e-106 2.66488e-90 3.4445e-100 5.60059e-103 1.70528e-112 2.15006e-57 1.16422e-102 4.11647e-97 2.46331e-98 5.20908e-115 4.6889e-110 7.14654e-81 9.48247e-103 2.99233e-136 3.13379e-58 5.62792e-73 3.26492e-119 8.26111e-80 1.19529e-139 4.53491e-73 8.57458e-74
4.93233e-43 1.24596e-61 1.14515e-52 5.99273e-71 0.161435 0.176904 0.133132 2.57301e-08 1.09803e-61 0.0122757 2.80545e-78 5.5308e-12 0.0925183 9.13447e-86 3.74027e-23 1.54701e-11 1.07544e-10 6.86086e-112 0.0349886 2.10424e-53 4.91475e-65 3.35684e-09 4.16761e-126 1.66687e-67 0.537048
7.24773e-75 4.70894e-93 5.38557e-66 2.62858e-52 1.51897e-58 1.0924e-37 4.17019e-66 1.89499e-31 9.20423e-82 1.33789e-17 8.92881e-98 4.05048e-29 8.53685e-80 4.65398e-49 4.02371e-99 3.36886e-44 1.46002e-93 1.75826e-114 2.61451e-27 1.52362e-56 5.30909e-80 0.0166587 4.03939e-110 4.17021e-28 3.67246e-19
