2.92008 0.387677
1.2023e-270 4.32486e-92 4.81714e-321 8.76006e-212 7.62083e-268 1.42854e-65 4.71833e-321 3.51194e-279 1.64699e-116 3.53751e-321 2.76677e-321 2.46034e-146 4.92842e-151
4.15682e-134 1.15611e-321 0.695967 3.197e-235 2.24575e-186 1.23052e-81 1.58598e-311 6.0969e-82 4.41077e-96 6.69304e-137 3.66103e-223 1.14475e-320 4.04831e-124
2.28513e-23 1.14129e-321 7.17383e-321 2.47407e-226 2.29246e-321 0.356848 1.26465 1.12747e-272 1.3928e-182 6.11092e-33 4.6287e-86 7.89069e-82 2.95451e-321
0.39998 2.69989e-47 7.5592e-322 5.38007e-225 1.72923e-322 1.05781e-297 6.22523e-322 2.2727e-322 1.73395e-306 2.28394e-318 3.45846e-322 1.15117e-321 2.91499e-322
4.86419e-247 2.56713e-229 0.0244402 3.07768e-117 1.90215e-321 1.68165e-105 6.46238e-321 5.00652e-90 7.37249e-224 1.06176e-311 4.72821e-321 2.2968 0.77759
1.56767e-320 1.65309e-154 7.6702e-55 1.52004e-38 2.86631e-230 1.75623e-264 6.08603e-84 6.9225e-144 4.89894e-227 4.73809e-321 1.3321e-221 0.158422 2.21109e-143
2.9167e-136 1.7737e-321 6.99457e-140 3.2651e-192 1.52822e-283 6.02525e-234 0.142069 7.08752e-136 5.69503e-209 2.18769e-120 1.56049e-195 1.18724e-320 6.27094e-103
1.45799e-320 1.15277e-29 0.273809 2.11497e-172 1.80828e-321 1.19712e-320 9.02672e-43 6.85215e-167 1.08697e-84 1.95125e-87 4.57011e-321 1.10151e-127 2.75689e-321
1.63112e-56 3.44908e-218 1.50666e-05 0.82324 2.26776e-321 1.64018e-149 1.42984e-169 3.21452e-84 1.04888e-12 0.995117 3.07292e-151 1.2905e-320 1.03181e-260
1.25286e-196 0.213905 2.82941e-224 8.37682e-209 1.28951e-321 2.4955e-264 7.35848e-300 8.36297e-108 7.981e-177 1.16906e-119 2.17883e-321 9.03646e-321 2.03659e-291
1.92784e-320 1.66994e-321 1.16847e-320 1.94286e-177 0.724373 1.22053e-227 1.33423e-295 0.453595 0.718634 3.24513e-214 1.30895 1.07241 1.11159e-246
8.73365e-296 1.36856e-321 0.0945148 6.18459e-120 1.94655e-278 9.346e-26 3.44362e-208 9.23097e-251 6.21828e-43 4.01364e-80 3.84383e-321 2.2457e-210 2.91993e-321
3.6045e-169 2.23774e-261 0.025672 1.43759e-207 1.90215e-321 1.90027e-203 6.1322e-203 3.42183e-262 1.64034e-214 0.103705 3.02368e-321 1.18429e-49 2.41598e-321
1.38378e-249 1.29445e-321 7.00091e-321 2.53437e-50 1.18201e-198 2.79099e-295 2.4679e-32 0.152845 2.03991e-128 4.27768e-268 4.01324e-129 6.62008e-257 9.30673e-47
8.87423e-310 1.38336e-205 0.686502 2.02441e-54 1.81816e-321 9.92669e-129 6.68965e-321 6.08628e-146 1.00881e-199 2.51943e-74 4.01675e-321 8.00223e-64 3.75984e-321
