3.72517 0.161538
3.92169e-124 5.96171e-68 2.75229e-12 7.71671e-144 2.42178e-126 5.10462e-64 4.17637e-80 2.48125 1.62923e-114 8.00485e-79 8.83209e-143 5.44049e-275 5.94702e-261
1.84654e-79 1.95114e-94 9.84322e-84 1.01288e-95 4.736e-76 1.49111e-35 1.01635e-70 1.54516e-76 1.02567e-20 0.674966 8.79139e-136 2.51137e-183 1.59814e-248
3.25255e-187 3.74119e-11 3.07155e-42 1.65045e-206 0.169872 1.48174e-64 0.0960294 0.0711482 0.135516 2.09586e-18 5.07151e-166 2.71746e-30 2.55058e-49
2.17386e-09 3.78449e-36 6.41838e-55 4.27476e-13 1.01445e-124 8.0734e-58 7.90212e-118 0.391725 2.10121e-70 7.33604e-19 1.85044e-27 4.87841e-255 1.46501e-226
6.80393e-77 6.07325e-74 0.000956344 5.92707e-121 2.47781e-46 0.615623 1.05447e-122 3.5622e-67 8.19129e-125 5.25019e-50 1.49171e-165 1.73291e-217 5.86263e-145
0.0195014 0.00485344 0.0635103 1.06527e-13 5.41034e-136 1.38273e-58 1.645e-166 4.82109e-102 2.39257e-134 2.72265e-131 6.76951e-187 3.75172e-269 5.11508e-270
1.8456e-194 8.83153e-235 1.52622e-113 3.94489e-60 6.23098e-06 0.933907 1.17963e-103 1.76864e-67 9.75756e-65 1.40336e-96 5.47527e-63 0.577746 0.272109
3.77833e-177 2.09975e-111 6.00901e-94 7.11184e-138 2.3465e-39 1.59715e-62 1.45929e-72 0.186666 2.62736e-61 9.10728e-94 0.323867 3.12118e-183 6.0875e-156
4.12502e-11 4.30869e-84 7.77517e-71 0.303039 2.66308e-136 1.24276e-60 2.65897e-150 3.15806e-72 2.44504e-35 0.0866373 1.84416e-56 1.14412e-183 2.07998e-90
2.34475e-15 0.0236625 0.00137359 8.25388e-07 1.60339e-135 6.20822e-59 2.04342e-168 1.19657e-99 4.56055e-132 1.89576e-136 1.85157e-172 2.92757e-280 2.76166e-265
