1.62608e-64 1.69897e-134 1.31956e-134 1.35014e-117 5.46104e-12 1.89997e-184 2.9272e-41 6.89276e-12 0.275499 1.45593e-58 3.27298e-92 4.5393e-105 3.02665e-35
7.06883e-85 8.38265e-22 2.53321e-93 9.27826e-93 0.17983 1.97326e-67 6.30178e-45 0.000666533 4.62134e-19 2.61738e-25 1.73643e-57 3.022e-119 9.98046e-64
1.26494e-94 1.7678e-08 3.27948e-136 5.48799e-61 8.62987e-46 0.0624268 2.63341e-62 1.0759e-85 8.59413e-08 1.44971e-76 6.04079e-54 1.86134e-111 0.173205
2.71641e-188 6.82782e-25 3.06757e-42 1.5955e-80 1.18885e-114 3.0421e-57 0.0695867 0.0700137 7.16823e-16 9.7955e-79 0.602871 0.311067 4.65116e-43
4.41538e-08 0.436694 2.91973e-15 9.14915e-08 6.05544e-118 1.1434e-186 2.00139e-63 2.53014e-85 3.62665e-119 1.81431e-74 1.42099e-96 5.62734e-148 5.29057e-83
0.338233 3.13054e-41 8.4441e-139 1.93072e-28 0.0183073 1.58733e-17 0.408894 0.02189 0.0110275 8.39121e-57 4.13774e-60 1.1705e-30 3.9869e-07
1.23301e-86 1.04515e-20 5.21127e-122 1.65248e-58 6.20833e-40 1.26265e-136 3.90962e-16 9.13894e-87 4.66138e-77 0.422531 3.66599e-45 3.0078e-77 1.64534e-89
5.68705e-34 2.64056e-108 1.44925e-56 4.34226e-49 2.1012e-75 4.01501e-100 0.406153 6.01083e-38 1.3177e-32 9.96219e-29 4.65773e-72 1.79678e-152 3.2757e-96
8.4801e-05 4.1828e-83 1.95239e-70 5.7708e-77 1.05906e-108 3.696e-47 0.167101 1.16781e-64 1.27202e-114 6.28038e-16 9.25218e-15 4.09509e-105 3.65898e-44
1.78291e-40 1.54599e-74 5.99985e-13 1.26528e-46 2.34514e-69 4.66032e-119 0.0770559 3.212e-59 1.60953e-86 8.60371e-38 5.7727e-47 1.18398e-64 1.5548e-21
