1.18161e-90 2.11919e-251 6.89677e-29 2.86705e-176 2.56187e-118 6.18925e-148 4.21253e-243 1.56205e-208 9.21691e-258 4.74066e-100 1.80334e-321 1.78804e-85 3.53971e-29 3.31808e-124 0.0462839 0.150828
1.12128e-120 9.89208e-29 7.32125e-05 7.28278e-38 1.28714e-59 3.57199e-112 1.6536e-168 1.02464e-165 0.412808 1.8273e-28 2.17643e-240 1.47883e-86 0.0247445 5.64418e-81 4.40235e-05 1.00986e-142
7.1748e-133 2.24779e-93 2.12188e-42 2.63672e-163 2.25359e-28 7.81164e-214 2.81527e-146 2.73225e-86 7.00089e-60 0.234531 9.95933e-265 4.65082e-73 8.29211e-92 1.27645e-164 4.81765e-59 8.19638e-42
0.000188357 5.76998e-88 2.39258e-85 1.42976e-15 3.24855e-143 2.01415e-188 6.58397e-295 7.63537e-55 2.86701e-241 2.52208e-20 1.07976e-159 1.34757e-23 1.17136e-149 9.86953e-105 2.25192 2.6043e-77
1.46035e-81 4.13859e-58 2.09707e-150 1.14306e-66 5.06926e-43 9.8212e-34 9.47729e-180 3.26212e-99 1.83866e-269 1.10985e-105 1.27248e-274 7.89183e-141 7.07972e-94 1.06108e-124 0.316512 1.86845e-168
1.30063e-80 9.37239e-133 6.43893e-52 2.01535e-80 6.39435e-47 1.17671e-24 6.81014e-172 3.49805e-154 4.67117e-139 0.0989783 1.28444e-258 1.38652e-24 1.83782e-73 1.66366e-132 6.77147e-180 3.96896e-225
0.0806983 0.00939035 0.000950698 0.00175702 0.00189343 0.00260705 0.00126322 0.000941042 3.32068e-308 3.40453e-140 4.94066e-324 3.00253e-165 3.12871e-230 1.01643e-190 3.40294e-183 8.2275e-271
2.7371e-154 2.21569e-163 3.14555e-168 1.94241e-180 8.74173e-250 4.72934e-64 4.25391e-143 1.0326e-321 1.83985e-149 7.2235e-109 6.5372e-21 0.470408 2.38864e-111 2.67014e-101 1.93543e-62 5.16986e-256
0.00490943 0.147076 1.07396e-13 1.18415e-06 8.40182e-07 3.38646e-11 0.000869725 2.99075e-14 2.49929e-295 1.16769e-137 2.12448e-322 2.49762e-161 1.85547e-226 2.24972e-190 1.14681e-172 3.40088e-260
4.65793e-206 7.78207e-67 4.40805e-189 1.51515e-44 2.08002e-321 0.0494348 1.84776e-116 1.69503e-204 1.58758e-42 0.142466 0.47028 0.000221147 1.35107e-96 0.432145 1.01504e-06 1.06863e-215
4.83776e-241 3.2001e-199 8.78771e-136 7.3626e-197 7.33564e-137 1.97105e-193 0.004683 9.68369e-322 7.83445e-214 4.7382e-106 1.76533e-272 2.54381e-104 0.469788 0.0645916 3.35483 6.15825e-233
