0.000286135 2.80742e-05 0.001036 2.6952e-05 0.000570143 0.000375611 0.000660275 0.00017496 4.08917e-112 4.0992e-277 1.3147e-142 1.12124e-72 3.55192e-131 1.2846e-101 8.44538e-84 6.19051e-141
1.12427e-34 1.1107e-64 1.63893e-53 0.0036666 3.41324e-61 1.74698e-60 6.06887e-113 2.4332e-22 8.3331e-103 1.35107e-234 4.11463e-102 1.3221e-65 2.4915e-105 7.19199e-31 0.144723 1.80724e-136
1.1547e-90 8.47395e-76 1.70232e-43 4.77838e-42 8.48833e-32 3.91552e-46 6.3728e-50 1.03137e-70 1.6616e-98 2.15465e-252 7.71316e-76 0.359604 5.03912e-48 0.0438929 1.3198e-70 2.47306e-109
1.22032e-64 3.4764e-52 4.82332e-11 4.17153e-08 5.18178e-49 6.10549e-86 2.66148e-84 2.21351e-11 1.23071e-32 4.58406e-224 1.29554e-74 1.65809e-06 4.48723e-31 3.20223e-34 0.571599 2.49958e-93
1.5196e-76 6.70551e-61 2.94643e-65 2.89565e-39 3.84337e-46 3.89465e-72 7.85378e-76 3.32513e-07 0.131403 4.7434e-160 3.05373e-85 0.0147721 2.33033e-19 9.87274e-36 1.81689e-50 9.35348e-118
1.06777e-93 2.07753e-08 1.11196e-46 0.00130117 5.37397e-22 1.05245e-26 8.03825e-73 1.57892e-06 4.11989e-46 3.1161e-235 8.2823e-84 1.32642e-14 7.79071e-81 9.70471e-39 0.092891 1.55978e-135
5.61286e-103 1.9933e-45 5.96728e-71 1.23719e-25 9.79572e-124 6.95011e-33 2.90665e-18 3.72636e-05 0.0901365 6.90582e-182 4.07052e-45 2.65987e-55 4.98075e-14 0.0153411 3.8807e-55 3.66195e-84
4.61783e-58 7.59415e-18 3.94393e-68 9.66812e-79 4.66277e-98 1.14703e-60 2.10443e-91 3.02361e-06 6.90647e-96 1.01386e-163 4.32209e-16 2.30687e-37 7.58576e-68 6.01858e-51 0.363581 2.45097e-110
2.95078e-83 2.05321e-58 7.30865e-57 1.84923e-17 2.75818e-31 1.99874e-09 8.98626e-59 4.44682e-29 2.38836e-87 3.00008e-185 1.11597e-38 7.47751e-39 3.9109e-36 1.08916e-77 0.409934 1.30785e-124
1.37677e-182 1.8368e-144 1.66844e-99 9.49712e-164 1.85374e-128 3.50523e-207 5.17289e-176 4.42955e-175 1.87613e-105 0.212251 0.0330564 2.80526e-35 1.81342e-57 1.16668e-87 2.64199e-63 0.307398
2.5526e-120 6.0963e-45 1.52312e-61 9.44722e-57 2.00926e-88 1.22494e-08 8.14102e-121 9.01322e-96 3.69998e-105 3.85515e-186 3.28118e-104 0.408042 0.317985 1.7277e-18 0.109826 1.48415e-86
