1.77022 0.224232
0.36865 3.71152e-51 7.11371e-177 1.89872e-111 7.7882e-75 1.79554e-197 8.55473e-101 7.72236e-55 7.41792e-162 0.178727 7.10355e-87 1.2173e-239 8.33919e-74 2.5193e-223 9.60644e-86 3.28306e-86 9.35161e-275 1.94555e-23 7.33831e-112
6.09101e-203 2.3461e-19 1.75281e-192 3.14838e-187 1.07954e-171 1.72354e-212 2.08076e-159 0.0881427 1.30567e-159 6.61213e-152 1.6765e-132 1.12312e-264 1.30945e-126 8.27578e-211 0.297124 1.43954e-69 7.80336e-194 4.52758e-194 1.94752e-168
4.9091e-220 2.11033e-135 3.5197e-130 8.51354e-50 5.84315e-140 7.69583e-199 3.62553e-88 0.215719 1.54136e-148 4.303e-175 2.48653e-224 1.68617e-125 9.35389e-263 1.95199e-166 2.50129e-193 0.495012 3.31356e-178 2.09775e-119 5.491e-70
3.87057e-190 4.72196e-223 2.97398e-32 9.41921e-43 4.6121e-82 3.63486e-85 7.99408e-26 1.48313e-17 0.967544 4.51828e-150 1.56631e-180 1.00965e-46 5.02568e-200 6.14899e-202 9.61107e-96 3.42737e-122 6.98032e-64 0.145413 5.48145e-129
1.69971e-95 6.68088e-241 2.64757e-182 2.54807e-89 1.27637e-56 5.77964e-44 8.88883e-138 1.34277e-115 3.87044e-24 0.20615 4.26886e-177 4.54347e-53 7.55923e-122 0.0887654 1.57218e-126 1.6513e-79 2.0948e-234 6.66601e-188 0.310317
1.32379e-101 1.45236e-228 8.60943e-134 6.1883e-205 2.70749e-98 1.83224e-135 8.25606e-53 3.79425e-130 3.45922e-78 8.83578e-142 2.00321e-221 0.340474 2.46154e-198 3.929e-75 2.86862e-80 6.94682e-46 8.82197e-90 9.34069e-96 0.532474
8.27474e-133 6.23299e-211 0.270619 1.03236e-54 2.75526e-93 4.35936e-195 3.57953e-89 3.55975e-83 0.272707 4.99093e-176 1.33538e-60 1.2755e-101 1.88804e-121 2.3212e-35 1.86114e-148 3.90371e-05 0.112125 3.02288e-59 2.45114e-122
9.01828e-203 4.61905e-261 3.29093e-196 0.215859 1.08381e-127 3.37571e-42 0.0692282 7.24649e-120 2.99078e-131 7.0107e-191 5.00134e-108 8.98102e-244 1.85345e-257 3.02066e-186 3.18887e-164 3.50496e-22 4.37853e-234 6.73573e-221 5.76739e-95
3.29297e-76 0.121571 1.16735e-23 6.19429e-262 3.79837e-176 2.00782e-221 4.00872e-165 4.8871e-169 4.16586e-182 2.34726e-210 2.69456e-187 1.13821e-214 4.95565e-280 1.03198e-213 1.50782e-172 1.09122e-135 3.60185e-235 5.16212e-217 1.09751e-161
3.90535e-173 1.02605e-236 3.68154e-120 7.04965e-251 1.80386e-69 5.91675e-138 2.66468e-37 3.52817e-98 2.33136e-171 1.36291e-192 1.90885e-147 1.04767e-67 1.99923e-160 6.58525e-08 3.25863e-61 1.56893e-10 2.25107e-123 0.310943 1.35108e-85
1.60775e-187 4.58885e-209 1.87302e-130 3.94598e-45 1.49683e-122 3.02415e-126 1.73496e-179 3.43905e-77 0.031002 2.21537e-220 4.13631e-212 2.90349e-183 2.13142e-141 1.99369e-169 7.29683e-192 1.95972e-49 1.88201e-256 7.40773e-83 5.56351e-98
2.22824e-321 5.12222e-244 6.57778e-223 3.68037e-78 0.131108 0.575905 4.50835e-181 1.42843e-135 0.362627 4.24243e-52 0.721467 4.47562e-216 0.283103 4.42614e-134 3.86916e-216 0.000286132 4.05324e-138 4.88457e-11 0.255839
