9.5615 2.66917
1.28457e-322 1.20552e-321 1.91697e-321 6.27463e-322 2.37152e-322 5.07899e-321 6.17088e-321 1.89721e-321 2.17389e-322 0.305653 6.42285e-323 6.57107e-322 6.91692e-323 2.07508e-322 2.83789e-81 9.88131e-323 1.87745e-322 1.18576e-322 8.89318e-323
2.12448e-322 1.96638e-321 2.46539e-321 9.93072e-322 3.80431e-322 7.61849e-321 1.80981 3.03356e-321 3.11261e-322 9.43665e-321 9.88131e-323 1.10691e-259 1.08694e-322 3.35965e-322 4.83791e-173 1.4822e-322 3.06321e-322 1.92686e-322 1.43279e-322
1.08694e-322 1.02272e-321 1.8231e-321 5.2371e-322 1.87745e-322 3.95253e-321 4.35272e-321 1.51678e-321 1.67982e-322 0.367348 4.94066e-323 4.84184e-322 5.43472e-323 1.67982e-322 3.26429e-320 7.41098e-323 1.5316e-322 9.38725e-323 5.92879e-323
1.72923e-322 1.27981e-242 1.97626e-321 8.34971e-322 3.31024e-322 6.77364e-321 1.28902e-320 2.65313e-321 3.11261e-322 0.284035 9.88131e-323 7.90505e-322 1.08694e-322 2.91499e-322 6.19064e-320 1.4822e-322 2.71736e-322 1.67982e-322 1.18576e-322
8.39912e-323 3.84053e-149 1.93076e-288 4.19956e-322 1.43279e-322 3.10273e-321 4.6788e-321 1.13635e-321 1.18576e-322 3.07803e-321 4.94066e-323 3.50787e-322 5.43472e-323 1.23516e-322 3.50379 7.41098e-323 1.18576e-322 7.41098e-323 5.92879e-323
1.92686e-322 2.47033e-323 3.11261e-321 3.06033e-211 3.80431e-322 7.90011e-321 9.21432e-321 3.03356e-321 3.35965e-322 0.640918 9.88131e-323 8.74496e-322 1.08694e-322 3.35965e-322 1.11729e-151 1.4822e-322 2.91499e-322 9.22081e-250 1.43279e-322
4.40186e-120 8.54734e-322 3.22349e-301 4.19956e-322 1.43279e-322 3.38435e-321 6.07701e-321 1.3241e-321 1.43279e-322 4.16497e-321 4.94066e-323 3.95253e-322 5.43472e-323 1.23516e-322 0.437821 7.41098e-323 1.38338e-322 8.39912e-323 5.92879e-323
1.72923e-322 1.66006e-321 1.93674e-321 7.85564e-322 3.31024e-322 6.49202e-321 2.63344 2.46539e-321 2.66795e-322 7.67778e-321 8.39912e-323 3.13446e-139 8.89318e-323 2.91499e-322 6.12651 1.23516e-322 2.56914e-322 1.58101e-322 1.18576e-322
5.08888e-322 1685.57 1.34386e-321 228.017 206.139 1229.53 2.55841e-241 825.526 104.698 9.98754e-320 71.6062 190.81 77.8149 182.108 1.71044e-104 108.49 74.1897 52.3513 126.866
0.304918 1.32865e-52 0.00138887 0 0 0 0 0 0 0 0 0 0 0 5.92879e-323 0 0 0 0
6.29195e-183 2.41662e-235 2.29463e-235 4.19956e-322 1.43279e-322 3.10273e-321 1.85299e-298 1.13635e-321 1.43279e-322 2.34681e-321 4.94066e-323 3.50787e-322 5.43472e-323 1.23516e-322 0.559773 7.41098e-323 1.18576e-322 7.41098e-323 5.92879e-323
1.08694e-322 1.04742e-321 2.00591e-321 5.2371e-322 1.87745e-322 3.95253e-321 1.62907e-196 1.51678e-321 1.92686e-322 0.167809 4.94066e-323 4.84184e-322 5.43472e-323 1.67982e-322 2.21308e-136 7.41098e-323 1.5316e-322 9.38725e-323 8.89318e-323
