2.18238 0.123275
8.48367e-106 3.52873e-11 3.15102e-37 1.06394e-159 1.7633e-76 2.7839e-79 4.16542e-11 1.6117e-88 3.60101e-71 1.63801e-12 0.491366 1.1162e-140 8.27773e-70 2.8931e-117 4.3831e-138 1.68153e-72 1.4411e-111 2.97327e-87 1.87976e-52 5.92406e-121 4.95993e-106 6.07543e-81 5.8514e-67 6.66313e-30 1.15158 4.23199e-38 4.64918e-90 3.87245e-34 2.57112e-48 4.31498e-31
5.28076e-88 1.43079e-88 6.82867e-92 3.22087e-167 1.84673e-44 9.62041e-65 3.7127e-31 2.99991e-35 3.47091e-62 6.09625e-39 3.12211e-58 1.41788e-62 5.73685e-61 3.60673e-136 5.51968e-131 0.188196 5.13739e-28 4.93895e-86 4.65539e-108 2.22867e-124 4.35562e-82 4.1397e-133 7.63282e-24 5.82603e-59 4.50944e-56 0.0640332 5.17323e-71 1.22455e-43 3.43896e-47 2.03132e-57
0.0981457 0.00428638 0.159474 0.167056 8.69451e-106 0.192455 1.34025e-26 8.68867e-50 9.84646e-69 2.64302e-34 1.1192e-62 1.21045e-91 1.95987e-28 3.04952e-135 2.93196e-72 0.121632 3.08061e-80 9.15837e-154 1.08316e-64 7.27329e-128 0.106134 0.256103 3.31219e-72 4.16056e-122 2.14956e-68 4.81577e-105 7.64267e-86 3.36066e-83 0.129547 0.127757
2.06895e-135 1.24482e-47 4.0247e-95 2.06932e-47 2.23407e-58 2.52156e-59 2.29597e-47 4.46786e-33 3.78565e-120 1.26399e-11 1.11755e-25 7.72842e-83 0.287175 3.26392e-64 9.33038e-79 3.35501e-70 4.10591e-91 3.16816e-42 5.6466e-76 1.05573e-75 2.96328e-32 3.67002e-127 4.80185e-32 4.00373e-59 4.90124e-87 8.9637e-128 1.06031e-64 2.62575e-34 8.39821e-116 2.68867e-44
3.118e-150 3.08892e-47 1.84273e-28 7.79153e-95 6.41204e-15 3.74781e-100 0.0994673 6.4192e-57 6.12365e-70 0.0630973 2.55201e-75 2.60923e-122 0.944207 5.65703e-138 3.64894e-29 1.16668e-45 1.1382e-104 1.31349e-67 0.009646 2.51266e-102 1.25408e-49 1.62998e-95 9.0409e-75 1.34096e-48 2.1646e-12 4.8291e-43 8.76748e-46 1.53815e-91 1.65219e-89 0.0109708
3.3278e-49 1.12303e-85 3.1259e-45 1.48735e-24 1.75594e-17 5.54289e-114 1.42584e-41 0.0007924 2.6026e-123 1.21873e-77 4.97456e-63 1.87758e-133 6.31711e-57 1.34656e-135 0.240547 8.4741e-81 0.00451633 4.53063e-112 4.92065e-22 6.47946e-148 6.97652e-74 4.47159e-137 7.26098e-30 5.9398e-38 1.88154e-43 5.24579e-132 2.07555e-45 2.17432e-89 1.78778e-56 6.09691e-27
2.79897e-148 2.44136e-40 2.33606e-32 6.31915e-08 5.72237e-38 6.40693e-79 1.43089e-105 0.0577737 0.0889554 5.05049e-33 1.29771e-44 0.123562 3.23274e-33 3.60482e-48 1.63836e-37 6.61836e-75 0.0342669 3.96276e-65 1.37592e-78 4.76523e-141 2.42404e-47 3.98777e-75 1.42935e-65 1.43313e-118 3.33226e-96 2.38725e-28 2.09975e-71 1.00619e-67 3.3197e-119 1.38664e-47
4.71899e-184 1.32732e-89 6.05408e-100 1.75434e-22 1.8798e-26 2.16026e-159 7.86119e-09 1.74864e-27 9.19472e-90 1.87411e-22 0.0442614 1.22872e-102 2.14076e-53 2.93127e-136 1.12647e-58 2.62567e-53 3.6109e-43 2.84517e-139 8.97547e-115 5.00719e-125 4.47471e-45 3.61097e-48 9.98673e-74 7.74397e-37 2.87433e-59 7.66546e-49 2.58094e-94 0.111093 2.29534e-30 3.60291e-51
5.5703e-52 0.0738972 5.74504e-13 2.11292e-08 1.30779e-18 1.08512e-51 0.221203 3.15328e-11 2.92518e-31 8.32099e-07 9.52314e-34 1.76525e-18 8.56278e-75 9.56422e-39 1.88187e-137 7.12105e-05 1.44437e-31 4.80835e-43 2.80397e-30 1.22461e-64 2.50032e-66 6.08746e-48 0.202795 0.106704 3.08539e-99 1.54171e-102 4.41856e-14 3.90763e-117 1.64599e-77 4.29275e-12
4.67091e-130 6.25094e-54 1.27524e-85 1.43874e-87 1.75523e-88 3.20998e-148 6.57852e-65 1.4316e-09 4.92352e-61 8.54076e-78 7.7065e-10 3.07114e-94 0.127997 4.40799e-59 6.52472e-69 2.2212e-14 3.45737e-102 2.29667e-151 1.93061e-62 9.93173e-107 2.69874e-73 2.82973e-55 2.58078e-36 2.07876e-125 1.14316e-24 1.44366e-99 1.65974e-91 4.82478e-76 8.04581e-62 2.42853e-29
8.47535e-128 9.15256e-64 1.02059e-88 2.80982e-66 5.14374e-64 2.51663e-67 2.82562e-94 0.0173527 1.47774e-39 2.2751e-35 6.2389e-54 1.58227e-137 3.01502e-14 1.04682e-57 5.61716e-88 0.0213575 1.55928e-126 3.92574e-103 1.06634e-103 3.79665e-130 5.31986e-117 1.41319e-113 1.53054e-18 7.37381e-16 3.59985e-40 0.0754868 4.86549e-80 1.4286e-85 5.28532e-72 2.5667e-77
1.65861e-132 9.98734e-43 1.48364e-112 9.38622e-66 2.88043e-22 2.05206e-52 1.50495e-48 1.87723e-69 9.26667e-57 2.41863e-59 1.93447e-22 9.08088e-87 6.13228e-13 1.66624e-39 6.26938e-26 3.95109e-35 6.94476e-122 1.92881e-115 8.67177e-47 1.18041e-141 2.61866e-116 1.0016e-88 1.80819e-09 5.51284e-90 0.167782 2.03278e-57 2.71954e-29 4.25999e-34 1.32936e-93 2.70385e-25
9.48349e-83 2.00158e-52 2.26676e-78 2.2707e-80 1.5328e-112 1.60101e-46 1.16408e-35 0.480376 2.28879e-12 2.88314e-69 2.52318e-60 3.77369e-39 1.43119e-81 1.32759e-146 0.0826251 6.73954e-34 3.71861e-23 1.05441e-88 1.8689e-18 4.91819e-13 8.032e-87 4.93038e-79 1.78133e-64 6.2845e-52 2.17717e-121 2.95472e-119 4.9553e-82 6.78832e-82 5.82757e-41 4.88139e-66
3.93428e-190 1.29198e-24 1.35624e-103 3.9317e-81 3.40575e-18 6.58786e-67 4.47063e-29 8.51768e-77 9.4589e-117 2.12421e-21 2.56178e-70 3.15416e-48 0.493539 6.19976e-147 1.43845e-141 1.36695e-08 0.0638603 0.0623393 5.07283e-17 5.16526e-117 4.128e-41 3.72171e-52 2.31443e-59 1.65596e-121 3.16594e-93 4.46155e-101 0.0954799 3.65684e-111 6.81618e-94 1.28889e-60
6.28935e-167 4.52436e-35 3.331e-71 1.91885e-14 0.196255 6.4456e-106 9.77693e-77 0.16583 9.90503e-23 2.11911e-10 9.14848e-32 7.51705e-138 4.06691e-72 0.0381595 6.20778e-44 4.79987e-71 4.45389e-33 3.0765e-125 2.51618e-61 0.0946732 1.28621e-103 9.85605e-83 1.65518e-19 8.97857e-81 1.2847e-113 1.59035e-55 1.3881e-23 2.29346e-48 4.99255e-104 1.40713e-49
2.27312e-107 3.17232e-75 3.99502e-123 4.7952e-64 6.02801e-112 6.37057e-150 1.89541e-11 1.02152e-88 4.11763e-40 0.0192373 4.05535e-49 1.79196e-139 9.39922e-50 9.44971e-124 3.47711e-113 5.44486e-16 8.39629e-54 1.20732e-124 3.44787e-27 2.54416e-49 4.90839e-89 5.64051e-43 8.48763e-40 8.45007e-16 1.53079e-80 3.64585e-123 1.5777e-72 1.61601e-100 1.40305e-43 8.88267e-18
2.41227e-195 4.85317e-88 4.55618e-130 4.34982e-81 2.55558e-120 2.56948e-114 3.40262e-25 2.18403e-10 3.10386e-134 8.61558e-80 7.7565e-72 8.85463e-55 0.0571974 1.63711e-91 2.56473e-65 4.91027e-18 1.42091e-115 2.21144e-82 0.021784 2.01554e-116 2.00887e-52 1.96106e-49 2.20527e-45 2.37774e-80 9.77652e-119 2.99028e-117 3.18839e-07 1.12407e-30 3.46512e-119 1.91013e-09
1.8294e-145 2.8693e-88 1.50529e-88 1.11608e-49 3.00692e-57 4.41599e-150 1.6692e-76 4.1044e-17 6.32433e-48 9.57603e-54 6.67715e-06 3.07441e-37 2.01843e-70 5.00118e-27 1.48851e-48 2.71401e-52 1.61205e-89 9.5847e-98 0.0791749 1.26338e-146 9.86619e-105 3.49039e-51 9.22912e-76 9.15019e-87 4.9477e-24 1.27745e-96 1.02276e-88 7.8801e-96 1.57228e-112 3.38257e-20
