2.54405e-46 1.26595e-11 2.73792e-30 2.91662e-68 7.60613e-50 2.09193e-87 1.53665e-32 5.02961e-94 2.18744e-106 8.89054e-58 3.84737e-48 4.86124e-54 8.87876e-44 2.33194e-58 0.0106494 2.27253e-83 2.49299e-19 3.78244e-47 2.28307e-61 7.49745e-72 3.69853e-25 3.37152e-09 1.25352e-20 4.24013e-49 4.64852e-68 5.19537e-33 4.07414e-07 6.1808e-98 4.25903e-43 1.12839e-48
6.47494e-25 2.61062e-48 4.30576e-24 3.20449e-26 2.44174e-10 0.155501 8.63328e-31 1.2542e-44 9.48019e-87 3.15371e-48 1.81352e-76 0.083218 0.000182482 6.32017e-85 1.43646e-85 0.133067 7.93099e-47 1.3224e-85 2.27117e-06 8.59202e-49 1.41671e-16 9.33489e-25 4.12834e-21 5.08877e-60 3.19752e-45 2.68828e-45 1.06674e-59 1.8385e-103 4.26475e-96 1.03379e-23
6.2472e-95 9.39716e-39 2.49083e-25 7.38141e-96 7.95553e-54 2.60085e-57 1.6586e-51 7.11684e-50 5.16935e-66 5.0483e-31 3.76422e-68 3.18801e-68 0.00161061 2.5362e-70 1.08026e-60 8.00501e-33 7.18985e-100 5.04569e-26 3.45764e-44 6.49839e-54 4.52725e-82 1.30762e-12 0.00805227 2.37839e-39 1.04899e-109 1.23502e-75 1.29463e-86 2.32669e-82 5.26894e-24 2.85436e-12
8.94597e-27 0.262396 1.36904e-71 5.98204e-17 2.24849e-56 9.29055e-23 3.3732e-38 2.22346e-69 7.64702e-113 4.09609e-16 2.46866e-40 2.54776e-16 2.13882e-05 2.519e-78 1.82427e-55 2.86457e-26 1.89375e-93 1.96804e-59 1.34612e-56 1.77988e-67 2.18635e-26 3.34338e-38 6.45581e-21 4.78192e-72 1.01758e-82 7.68595e-87 1.63544e-72 3.00812e-53 3.84533e-44 9.13093e-06
5.44677e-45 0.0955996 2.43623e-43 3.58592e-40 1.55443e-97 2.6489e-86 1.3482e-37 2.07929e-31 1.34321e-85 0.00665298 2.42255e-74 1.88879e-59 7.43714e-37 1.96818e-86 1.13763e-74 5.73227e-32 1.5799e-79 3.21435e-30 2.34687e-47 3.02562e-46 2.67981e-70 3.60569e-50 2.01138e-29 5.38839e-18 5.59727e-36 9.72082e-86 0.0259014 0.0433419 2.36106e-29 2.48559e-21
1.20748e-30 7.64823e-24 0.109778 6.70707e-06 0.19101 6.89036e-65 0.782375 0.109548 0.0537167 6.46164e-49 4.66202e-53 2.21349e-10 2.29777e-52 2.56199e-06 4.09615e-81 1.29559e-28 2.06525e-59 1.16987e-49 2.25758e-53 0.49371 0.1252 1.45143e-42 7.52833e-31 0.0246455 7.9195e-46 1.8861e-76 1.01203e-46 0.113183 6.38402e-67 0.000265299
7.79004e-51 4.08843e-24 1.31496e-53 7.85766e-94 2.41645e-16 2.29046e-104 1.12329e-28 5.34308e-104 4.24396e-57 2.73865e-20 1.12432e-45 3.47794e-70 8.3044e-53 0.120345 2.64108e-53 7.32552e-65 2.04264e-56 0.445882 0.080249 0.0142818 1.40984e-25 0.117469 3.80882e-19 1.03698e-20 0.200055 1.73912e-72 2.41509e-61 9.01192e-59 0.112217 1.04255e-09
4.8821e-42 2.58358e-49 9.44294e-87 9.06015e-45 1.08527e-24 8.14168e-104 4.35837e-23 7.88762e-80 2.10839e-113 1.32152e-66 2.50558e-46 1.23656e-38 3.05128e-52 2.33975e-26 3.02255e-66 4.70205e-28 0.0522553 3.20077e-22 8.9467e-20 5.56258e-75 3.242e-79 1.11617e-47 0.055489 1.50873e-61 4.91831e-73 1.66152e-55 1.69093e-90 1.25507e-95 5.60319e-06 0.120596
1.32785e-80 0.0195818 9.50545e-79 5.07562e-95 1.46378e-95 1.73948e-100 4.1229e-39 5.79189e-74 1.70104e-82 3.28964e-66 1.52925e-36 7.56606e-38 4.17464e-14 3.0562e-86 4.9415e-33 4.6819e-35 7.86241e-70 4.28163e-78 1.61283e-59 2.94115e-42 3.49419e-63 3.14496e-30 2.38636e-33 1.2029e-38 4.72234e-97 3.12114e-70 1.15522e-80 1.64825e-103 6.40684e-54 1.32977e-48
3.77447e-89 3.61031e-57 1.39393e-17 0.171126 4.08364e-47 2.45603e-100 1.44023e-55 1.1619e-85 4.27694e-73 0.0625933 7.50283e-27 1.95293e-62 0.00122493 2.94048e-07 5.9295e-39 6.13563e-20 0.000113316 2.7261e-24 2.80701e-05 5.84375e-59 1.95204e-12 1.44092e-29 3.28837e-27 3.53571e-52 9.87839e-100 2.76587e-08 5.56602e-11 1.73784e-64 1.45515e-66 0.000267344
2.348e-76 5.3143e-22 5.70736e-70 1.52176e-62 6.39509e-26 1.17176e-83 9.69451e-62 1.54262e-69 2.53373e-108 1.07701e-08 2.92221e-47 6.46894e-70 2.39379e-07 4.23222e-69 7.08603e-70 4.09392e-87 4.25293e-14 2.36552e-42 1.93672e-33 2.0154e-65 8.96042e-34 3.12562e-57 2.94496e-40 7.02079e-71 2.64298e-90 3.68408e-71 0.100337 2.0745e-92 2.22805e-41 4.63502e-05
1.90036e-64 0.518998 2.62181e-24 1.60058e-48 1.16378e-110 1.16454e-06 1.05431e-15 1.14523e-84 2.80857e-65 1.58571e-20 4.99654e-32 0.200026 8.28154e-19 1.47314e-32 1.15108e-96 1.45754e-09 1.3047e-52 8.86419e-60 3.6089e-31 1.0583e-30 5.56162e-52 1.87088e-54 2.50076e-22 8.91849e-67 7.38082e-108 3.25954e-61 2.72584e-54 5.22878e-51 2.29494e-101 4.21013e-27
1.88918e-73 1.1493e-24 4.67848e-47 7.35919e-73 4.92827e-102 5.23103e-98 8.83871e-29 8.95117e-77 2.82994e-62 1.43483e-58 5.21266e-59 1.65832e-54 1.63318e-08 7.63752e-37 1.90066e-91 2.94238e-57 8.06032e-33 2.9937e-85 3.35931e-19 2.10303e-22 3.72432e-23 1.61328 1.06752e-26 5.50099e-49 4.44844e-39 0.0153976 5.37431e-08 8.29394e-64 7.87118e-24 3.03947e-42
3.5187e-31 0.170005 1.97241e-71 3.04456e-48 6.36901e-46 2.32866e-08 2.31234e-58 1.66622e-11 7.0258e-115 8.37939e-57 4.42579e-79 5.90879e-50 6.07921e-33 2.90721e-105 0.0377393 2.14974e-55 9.96828e-64 3.39617e-31 6.91279e-41 1.8981e-48 3.02565e-75 6.04746e-40 1.80844e-54 5.24438e-46 2.37722e-107 9.99254e-49 2.5495e-17 4.33242e-29 3.66186e-47 3.36545e-15
7.86537e-55 0.124649 3.03851e-77 3.78789e-92 5.109e-64 4.03504e-89 9.20375e-32 1.08032e-64 2.98103e-78 4.61627e-17 1.47415e-50 1.92979e-40 2.92914e-31 5.26781e-75 9.17378e-45 3.87936e-81 1.86641e-74 9.213e-50 2.77144e-42 8.54755e-77 2.01381e-68 9.0514e-49 4.99055e-56 5.37203e-32 2.67971e-77 1.02965e-62 1.45275e-74 2.06868e-76 1.36513e-48 4.5329e-49
0.126362 2.63604e-27 4.74573e-38 2.85064e-44 1.70134e-55 8.28973e-72 6.29347e-73 1.00399e-98 1.50538e-30 3.24395e-34 0.125052 1.04969e-07 2.43291e-17 2.40776e-62 1.79257e-70 1.59058e-86 8.94996e-87 2.75883e-66 9.85695e-62 2.67921e-21 1.74558e-25 0.48845 9.00988e-18 6.14419e-16 1.43944e-48 8.72144e-60 6.87851e-83 3.83656e-22 7.41239e-06 9.78764e-08
2.01476e-38 2.14262e-33 1.37667e-87 6.76514e-50 5.07616e-109 1.20113e-77 1.23016e-30 3.79699e-33 1.30542e-100 1.04223e-60 0.00039246 1.90309e-65 0.0447303 8.72455e-63 3.07353e-09 4.76216e-65 1.64136e-72 4.04146e-49 1.43461e-49 7.53534e-17 2.35417e-55 0.293557 6.76418e-48 7.90051e-17 8.80296e-52 2.3394e-67 4.40813e-66 1.97408e-59 5.82071e-46 2.05094e-26
1.9011e-70 2.8543e-13 5.02644e-72 5.58858e-13 1.06586e-52 1.04491e-61 1.66874e-53 1.59463e-75 4.82673e-72 1.9184e-25 1.00117e-50 1.88236e-38 3.00593e-42 4.00753e-52 3.16457e-20 4.02941e-30 1.83653e-90 2.96533e-81 2.59175e-50 5.64279e-70 8.33028e-83 0.0175166 1.50312e-51 2.19572e-41 1.87183e-54 7.7637e-13 0.0227291 8.00898e-91 2.67308e-42 8.42165e-47
