3.6327e-25 1.61488e-86 7.86435e-59 3.26661e-43 2.94446e-10 4.10222e-101 1.68083e-64 3.30095e-46 5.17767e-53 3.93133e-90 4.65852e-27 9.74422e-44 2.44237e-40 6.45805e-49 1.54371e-35 4.9925e-47 9.93935e-60 1.99806e-51 0.000814027 0.0512112 2.773e-09 0.0320588 1.7144e-67 4.76144e-28 1.66982e-52 1.0614e-62 1.07738e-97 1.43349e-55 2.45185e-68 1.37101e-14
1.05653e-18 1.44308e-27 1.32225e-41 0.0803846 2.34091e-31 5.38535e-15 3.93762e-63 2.23573e-16 1.21287e-58 1.05529e-29 0.022935 2.44758e-52 3.43299e-65 4.73765e-63 2.41063e-49 3.70732e-53 8.11662e-67 3.43365e-22 1.2764e-75 3.10024e-60 0.0798237 2.56276e-22 1.10456e-17 3.12249e-36 7.03679e-61 2.34987e-28 1.8188e-36 1.39331e-30 2.08898e-80 0.229708
4.19341e-36 3.1681e-08 2.22278e-70 8.32696e-82 5.62443e-24 3.87442e-88 4.53122e-55 4.54104e-45 1.40413e-50 2.3315e-09 4.46147e-07 1.55657e-22 7.3835e-46 2.14602e-46 5.87283e-13 2.71367e-46 5.1742e-42 7.02014e-56 3.86859e-30 5.02076e-21 5.93923e-27 1.34931e-30 6.42336e-67 0.0964539 3.45384e-42 1.36486e-50 8.7646e-73 0.097029 2.39494e-27 1.58885e-21
3.70353e-23 1.60841e-77 5.83685e-62 6.55472e-118 1.95029e-61 4.54412e-102 7.59447e-68 3.63888e-55 3.28013e-36 8.25874e-32 1.689e-18 0.136828 8.80817e-52 5.46349e-75 0.0676415 0.200687 1.37096e-72 0.110554 6.10703e-46 5.34759e-40 0.0433728 1.24187e-52 0.666493 0.0109626 0.139655 6.53708e-27 0.100168 4.96341e-57 1.58323e-50 1.14705e-81
6.60384e-05 1.00667e-29 8.31761e-33 2.62914e-21 9.38044e-06 4.21187e-57 0.0443594 3.22838e-06 7.85013e-72 9.17607e-56 2.48989e-28 1.12793e-55 0.0867074 9.55939e-08 0.0107329 3.13172e-21 1.42843e-22 9.19863e-48 0.383108 4.53486e-16 2.19344e-17 4.33673e-05 0.0817243 2.54313e-26 1.66147e-18 0.059792 3.34804e-98 2.20247e-15 5.73625e-11 2.14021e-30
2.78653e-07 2.22912e-49 3.13697e-55 5.60515e-43 3.7472e-15 2.84783e-56 1.27771e-05 2.25669e-40 1.00254e-38 3.05749e-33 1.59662e-22 3.33948e-30 8.29175e-51 1.73856e-55 1.84076e-19 7.06158e-47 3.28961e-41 1.50201e-39 4.96171e-80 1.88314e-14 0.121384 2.12887e-06 4.49988e-55 3.65733e-07 4.52662e-36 4.24512e-41 4.46051e-52 3.33377e-67 1.24649e-73 1.02728e-29
1.34786e-07 1.47673e-50 3.15059e-07 7.11136e-81 2.40718e-07 5.36588e-33 2.18051e-66 3.12507e-29 8.45795e-66 9.62948e-93 4.10453e-05 0.000140315 1.87849e-24 0.0110464 4.67408e-44 3.32e-60 0.0104911 6.81448e-44 7.27454e-84 6.98741e-65 0.000905138 2.5288e-16 5.36954e-45 1.1987e-54 2.56436e-40 0.142996 7.88381e-24 1.1356e-33 1.04271e-15 8.39518e-41
2.92235e-40 2.57129e-18 2.51751e-42 7.18961e-24 1.27237e-40 1.65977e-59 1.00109e-55 6.49299e-50 3.82951e-64 7.42572e-23 2.76143e-36 4.37818e-20 6.1789e-14 0.0290185 1.0061e-35 5.5476e-17 3.26749e-58 6.89715e-65 1.94507e-64 7.43867e-08 0.109918 3.41013e-32 0.0109303 5.48225e-22 7.41014e-34 2.79909e-15 3.65038e-70 1.23903e-15 0.288512 5.75958e-67
2.38988e-53 2.76692e-31 1.56488e-66 2.0573e-24 1.76729e-16 2.52865e-81 1.66098e-39 3.93237e-08 5.84741e-61 1.67743e-69 0.0515791 3.81899e-35 6.20597e-18 5.82971e-26 3.08835e-12 7.81304e-47 0.103291 1.12889e-41 4.80412e-06 4.51191e-13 3.00587e-46 2.5514e-38 2.02325e-62 3.4709e-33 8.71938e-51 1.69451e-50 1.49092e-51 2.21596e-12 1.51785e-15 1.12608e-39
0.00157562 0.00316756 0.000958827 0.0003869 0.000549353 0.00577345 0.00119262 0.00317168 0.0043019 0.00193376 1.94289e-70 1.4645e-67 3.66223e-68 5.24315e-77 2.14072e-56 1.54951e-66 2.58055e-91 1.25591e-67 4.74554e-88 6.84903e-68 5.95397e-54 5.71567e-55 9.10968e-72 5.31267e-56 4.46268e-69 1.1825e-68 2.4568e-99 4.19759e-70 4.86942e-87 2.45135e-86
