2.82878 0.388686
1.35374e-321 2.31223e-321 2.634e-64 7.70742e-322 7.98162e-189 1.13476e-70 4.47623e-321 8.33548e-26 5.17287e-321 4.45566e-228 9.84162e-275 7.41098e-322 1.0326e-321 7.66959e-304 3.41893e-321 1.76474e-86 1.24999e-321 0.181237 3.12743e-231 6.48527e-278 4.40816e-224
1.32904e-321 2.29246e-321 1.28812e-235 8.94259e-322 2.22526e-146 1.92351e-35 2.35175e-321 7.58388e-169 4.56023e-321 3.80526e-283 7.1623e-310 7.36158e-322 9.7825e-322 3.83255e-276 2.25294e-321 1.00872e-252 1.15117e-321 4.12142e-237 8.93763e-242 9.91451e-157 3.37976e-184
1.66994e-321 2.81617e-321 1.49095e-24 9.18962e-322 1.99633e-314 1.78323e-144 4.19462e-321 2.67864e-22 7.20842e-321 0.135217 2.74077e-238 1.05236e-321 1.22528e-321 4.93298e-207 2.46539e-321 1.54883e-120 1.45255e-321 5.03239e-259 1.93992e-144 3.53685e-187 2.94758e-191
1.57607e-321 3.05333e-321 8.32501e-162 9.53547e-322 0.290804 1.14217e-33 4.22426e-321 4.00876e-53 7.69754e-321 1.97589e-31 8.83573e-316 8.84378e-322 8.34971e-322 2.72106e-197 1.87251e-321 2.33302e-138 1.27963e-321 3.37473e-274 0.131032 1.44989e-298 8.69576e-188
1.31421e-321 2.54938e-321 3.69544e-237 7.85564e-322 1.20058e-321 1.57468e-95 3.41399e-321 0.341417 5.21239e-321 4.0562e-139 5.48413e-321 8.54734e-322 9.23903e-322 6.24393e-189 3.03356e-321 1.26756e-86 1.2154e-321 0.335724 2.09887e-194 1.20708e-76 8.11732e-150
2.91499e-321 3.68573e-321 7.18075e-236 1.35374e-321 6.25558e-86 0.0616453 1.0875e-307 0.182822 1.12845e-320 3.2145e-266 1.04104e-311 1.10177e-321 2.10472e-321 8.59011e-299 2.77665e-321 0.440593 1.94168e-321 8.66296e-60 2.77043e-166 4.88127e-119 0.224378
1.51184e-321 2.45551e-321 1.67182e-192 8.69556e-322 5.94151e-41 4.98727e-46 3.19166e-321 0.250439 6.19064e-321 3.12946e-182 5.95349e-321 9.28843e-322 1.16599e-321 1.4295e-316 3.7549e-321 3.96325e-76 1.51678e-321 2.89611e-14 3.7329e-246 3.77193e-171 7.5592e-322
1.60077e-321 3.01874e-321 9.39234e-48 9.53547e-322 2.29072e-09 1.28463e-44 3.63632e-321 0.00895596 7.00585e-321 1.00841 1.02775e-146 6.57107e-322 9.38725e-322 2.11506e-206 1.7984e-321 3.80324e-20 1.39821e-321 0.0201266 0.00366181 3.19304e-56 4.82795e-196
1.71935e-321 2.34681e-321 5.0143e-213 8.49793e-322 1.28951e-321 0.145272 2.96933e-321 4.12917e-156 5.41496e-321 1.56718e-320 5.31121e-321 7.46039e-322 9.7825e-322 9.33784e-322 2.35175e-321 2.25165e-128 1.06718e-321 2.5598e-19 0.589972 5.99975e-306 6.86751e-322
2.66862 3.66988 2.79578 1.61006 4.00193e-321 0.0905466 3.22604 3.20717 8.27396 8.27644 3.84017 1.01076 1.49068 0.649543 2.51659 7.83154e-116 1.43455 1.49338e-41 4.29784e-05 1.44027 2.14424e-321
