1.39952e-135 5.074e-85 3.06573e-257 1.89644e-28 8.04262e-29 2.36735e-133 4.53769e-24 1.53578e-145 0.000207164 6.37104e-58 3.78044e-267 6.63919e-114 1.76185e-63 2.21744e-226 4.60278e-136 1.29625e-20 8.50774e-40 1.10378e-52 0.347492 5.51743e-101 0.168376
1.09078e-119 1.94114e-103 7.27929e-253 0.145347 3.51466e-135 1.18719e-109 2.05303e-19 3.24166e-185 3.00467e-24 4.63971e-29 9.16678e-213 2.36517e-119 3.49923e-121 2.51351e-246 3.85149e-147 0.124995 2.72989e-100 0.104767 9.07279e-59 4.97522e-153 4.22982e-47
1.41802e-120 2.40293e-06 3.7794e-253 5.40204e-12 2.77268e-32 7.87808e-129 2.99356e-30 1.42971e-135 8.71783e-94 6.39434e-83 1.46357e-254 3.36462e-179 8.79532e-91 4.04925e-179 1.03327e-89 1.18822e-91 3.27499e-60 1.17594e-123 9.29169e-84 2.05033e-165 0.0498156
2.83859e-162 1.05638e-43 3.80115e-235 0.015109 4.5237e-53 9.12156e-140 1.25234e-121 9.64777e-180 1.97763e-96 1.27702e-40 2.27136e-192 1.2652e-200 1.16216e-110 1.35787e-296 1.98442e-137 1.02235e-89 3.00349e-77 4.63553e-43 1.81838e-74 1.49247e-160 2.97527e-96
8.60168e-135 8.25812e-39 1.26788e-291 3.40558e-72 3.32716e-89 4.73103e-152 0.177209 6.32634e-177 0.0426678 0.000114445 2.11033e-266 4.57191e-173 1.38786e-61 2.21648e-181 2.74901e-155 1.01698e-39 9.91089e-66 3.70539e-107 1.17304e-77 1.15449e-166 0.28617
2.52728e-81 5.21739e-29 1.47949e-172 6.92655e-110 2.28084e-63 1.38686e-78 2.74162e-63 6.51295e-223 3.03049e-91 3.64983e-74 2.16574e-276 3.2168e-219 7.43525e-116 1.63275e-203 1.25552e-184 7.48184e-17 3.27766e-55 2.27809e-47 0.19247 1.05285e-175 2.33145e-81
1.24187e-107 0.11408 8.04522e-211 1.58361e-106 8.85506e-80 6.38103e-134 1.31394e-35 5.92671e-197 3.09113e-98 5.15813e-18 8.68714e-270 5.50904e-173 1.42228e-97 9.87054e-250 1.99202e-166 0.025364 7.61426e-118 1.35721e-71 8.97162e-90 8.34779e-79 8.34103e-12
2.31857e-155 8.27917e-65 7.96173e-215 2.08483e-74 8.11699e-97 3.99516e-88 3.24113e-21 1.34821e-205 1.82808e-09 0.120932 3.88241e-249 2.43475e-145 4.08015e-48 2.41571e-296 5.2716e-106 9.04569e-28 3.59424e-62 1.78757e-122 9.90934e-16 2.83923e-106 0.305158
0.392852 3.72645e-91 0.449993 0.249339 3.79991e-52 0.389549 1.42009e-115 0.381094 4.4974e-51 1.94126e-38 0.124525 0.239316 0.11985 1.13543 0.152363 1.76859e-65 0.168558 6.66805e-110 2.20312e-05 2.96202 8.9661e-12
3.98198e-160 2.7387e-21 6.10634e-216 4.78182e-108 0.0955776 2.53556e-189 2.20014e-65 4.10669e-109 1.28837e-90 3.89226e-49 5.72103e-241 1.37671e-127 4.0833e-144 8.96034e-221 1.39251e-188 5.30392e-90 2.83744e-72 0.00277868 1.20613e-27 9.41481e-120 0.259588
