0.415309 2.07641e-53 2.00089 3.15793e-38 8.80987e-93 9.40231e-97 0.566966 5.56175e-75 2.4899 2.12199e-121 2.448e-44 0.171044 1.76328e-127 2.37659e-151 1.17331e-94 0.752115 3.25689e-191 0.0687509 0.292272 0.531755 8.74554e-195
9.41143e-20 3.38491e-46 5.56832e-282 3.68811e-155 1.64123e-08 0.881636 4.50525e-32 5.16861e-05 4.35209e-254 0.256394 2.67153e-50 6.13397e-274 0.861596 1.22802e-42 6.84784e-103 8.85888e-162 0.182822 5.16125e-24 2.68235e-173 3.51694e-66 1.0043e-268
4.57628e-169 6.93154e-47 5.65858e-296 0.0480064 0.0352411 1.15924e-29 1.16564e-112 1.05509e-70 2.84072e-123 2.11598e-06 4.23197e-80 1.42737e-237 4.1537e-135 3.22207e-134 2.8164e-142 2.80794e-121 9.89506e-133 5.34998e-38 1.81043e-206 3.2213e-198 1.05566e-111
2.32302e-74 2.13197e-49 5.29464e-66 1.76149e-51 0.2134 1.35886e-173 1.98549e-59 1.79061e-75 2.29724e-148 1.24492e-21 3.48232e-18 6.01022e-255 1.70572 0.248691 1.42817e-73 3.06335e-42 1.82807e-13 1.7129e-102 5.66993e-13 1.62446e-129 0.695604
2.94486e-157 2.41804e-08 4.41543e-263 1.61098e-150 1.54269e-82 3.76569e-33 1.08084e-23 2.9825e-161 4.05296e-42 1.89787e-81 2.43943e-113 2.57006e-244 6.26189e-10 2.10765e-71 5.0891e-117 3.37907e-120 5.56159e-113 0.884937 8.7047e-23 1.74836e-167 8.16191e-188
1.20248e-220 2.31558e-20 3.33524e-276 0.200224 2.9167e-67 7.8556e-197 1.29838e-30 3.90895e-151 1.33135e-129 1.61426e-121 0.293477 1.66846e-93 4.22363e-155 7.44106e-160 1.65316e-117 1.25651e-231 1.70326e-173 2.09832e-100 9.57558e-111 2.60408e-157 3.99577e-93
4.61478e-83 0.285888 3.39566e-148 3.72152e-36 3.10732e-50 0.0679864 8.89994e-153 7.79004e-22 8.68563e-48 2.07309e-05 3.2385e-65 2.7591e-230 1.74641e-79 7.78653e-219 3.00506e-39 3.07169e-215 4.21797e-108 2.0679e-72 6.87706e-84 2.28671e-205 1.2746e-269
5.10483e-179 3.99183e-107 6.88499e-258 1.74254e-16 0.21302 6.52466e-170 2.407e-144 0.0637375 4.32125e-236 7.84073e-138 9.13562e-38 2.99459e-147 1.85135e-24 5.96742e-157 0.150369 1.20491e-108 7.86464e-230 2.99884e-103 7.92753e-155 4.90781e-240 6.87901e-153
9.92303e-247 9.36255e-05 1.36832e-255 1.17261e-96 8.35127e-45 3.14368e-105 2.16043e-115 8.30822e-121 2.90407e-189 6.94616e-87 8.66385e-09 6.31028e-240 1.31108e-62 1.41046e-118 1.56401e-42 6.68005e-226 1.0437e-110 0.968617 1.05119e-195 2.11541e-226 1.26797e-268
1.19841e-192 4.32254e-88 1.50749e-158 4.63635e-132 2.52671e-44 0.0907115 9.36571e-98 5.00873e-132 1.77837e-183 4.43687e-89 3.4482e-47 2.77132e-104 7.19493e-80 3.11619e-73 3.65429e-74 6.99634e-43 1.57282e-78 6.70977e-18 1.76779e-98 5.32089e-121 1.19853e-240
