2.92435 0.114057
0.257333 3.83955e-126 0.850073 1.66253e-08 6.20519e-52 9.14268e-66 2.47898e-137 8.54367e-07 5.24592e-80 0.304923 7.50094e-180 0.0949396 5.63338e-73 2.896e-53 1.27545e-24 1.94402e-212 7.31613e-42 4.93845e-87 2.01789e-49 1.52929e-161 5.00004e-121 8.04705e-65 1.81114e-140 6.27487e-29 6.0445e-64 4.1884e-34 4.93683e-33 2.48723e-72
7.33027e-62 6.75967e-237 1.38562e-44 4.33668e-132 2.44713e-34 6.79121e-173 1.19085e-71 4.22367e-74 1.04911e-108 3.56291e-80 2.43483e-226 2.31794e-58 9.4548e-119 1.57091e-47 0.000455387 5.68874e-260 4.04025e-07 9.37495e-79 1.27823e-05 2.63956e-118 4.83461e-130 7.14506e-183 1.86291e-42 2.56722e-13 8.98014e-123 5.2212e-15 4.60657e-143 0.340837
3.6256e-70 3.98255e-170 1.69047e-97 1.09461e-110 4.03514e-71 3.63218e-170 4.50385e-184 3.39499e-61 1.31833e-116 1.6573e-111 3.31938e-259 6.52892e-73 3.72129e-85 3.77773e-92 1.15096e-72 1.40912e-238 1.42014e-66 1.12642e-107 1.76192e-130 2.22008e-158 2.1579e-126 8.66186e-187 3.46918e-98 3.70957e-56 4.45857e-180 0.134379 1.14632e-120 5.16248e-30
2.15463e-22 6.53121e-182 1.78105e-50 2.54987e-61 6.9444e-12 1.89853e-185 4.91667e-40 8.24832e-24 5.72352e-36 2.39497e-111 9.51082e-253 1.70281e-42 0.196885 8.17639e-123 3.01395e-86 3.15651e-250 6.46362e-06 2.61938e-104 2.36562e-56 3.91838e-138 1.36426e-69 3.20265e-193 5.51155e-75 1.07053e-70 7.66352e-171 1.63076e-12 8.70038e-76 2.96585e-12
2.11312e-39 4.83469e-210 9.36974e-101 6.22264e-70 0.292152 1.08684e-162 2.52274e-124 2.24254e-64 1.42131e-93 1.90814e-56 6.95682e-199 1.92898e-80 1.50903e-118 9.68079e-133 6.75809e-90 3.21908e-231 3.71359e-39 1.61708e-93 7.04217e-66 8.74141e-137 5.47721e-98 3.08415e-213 5.20516e-129 1.43992e-89 4.95572e-135 1.97724e-27 4.43704e-162 0.00014818
0.0403264 6.5319e-91 6.89554e-38 1.70637e-143 6.52456e-82 2.82823e-118 5.64509e-141 2.29192e-70 4.60984e-102 4.57993e-09 3.37077e-155 2.08697e-65 5.41301e-09 1.93671e-91 3.05753e-89 3.36538e-213 1.88715e-84 5.25498e-82 7.5379e-78 4.74151e-51 9.03599e-111 4.92022e-133 5.26966e-23 6.94807e-19 2.39498e-142 3.42752e-11 2.60139e-140 2.42327e-15
8.34285e-102 2.63657e-241 7.6394e-70 1.11248e-117 4.72087e-81 1.40747e-140 4.32036e-163 4.43986e-78 9.54239e-121 1.8564e-96 5.71516e-266 5.3168e-47 2.11236e-103 9.53688e-74 6.96252e-83 3.96521e-200 4.80452e-35 2.63622e-93 2.75087e-79 2.84782e-132 3.37738e-121 2.42346e-214 4.17711e-156 5.86331e-74 2.40899e-182 0.627877 5.46736e-159 1.85554e-88
8.24438e-113 1.38547e-205 2.33285e-70 6.05298e-74 2.65694e-53 2.21059e-176 3.65525e-123 3.99171e-59 1.11868e-120 4.51365e-98 6.3333e-218 9.01906e-48 1.48732e-82 1.82416e-86 6.44404e-72 1.60886e-277 1.41417e-50 1.78146e-113 3.14629e-93 3.07445e-128 3.71806e-99 2.04143e-172 1.36162e-122 1.40973e-70 2.56583e-170 0.0679272 1.5368e-125 1.58735e-43
8.24883e-61 0.0679915 4.02257e-80 0.0734763 1.07765e-45 0.171032 0.950339 2.83461e-66 0.294927 7.62329e-48 0.343591 2.46225e-48 6.83181e-20 0.416455 7.9014e-85 2.14079 0.868341 0.123622 1.04617 0.0482469 0.194602 0.426829 0.399104 0.304667 0.351676 0.792723 0.195742 4.13415e-25
4.76078e-88 1.28304e-201 2.27293e-95 1.8176e-119 0.69316 1.19797e-169 3.96909e-126 3.81673e-71 7.09718e-124 1.02098e-45 1.12771e-304 6.17829e-53 1.04424e-59 8.9691e-71 1.22839e-79 2.5613e-196 2.77331e-85 4.29244e-62 2.33265e-72 2.32189e-138 3.49968e-59 1.53088e-165 1.44247e-157 1.26928e-74 1.25894e-127 4.99058e-16 4.05188e-111 9.19104e-34
4.98087e-89 1.93861e-113 2.76277e-78 3.35381e-63 2.86835e-48 5.32441e-138 6.05941e-50 0.153392 1.51878e-71 1.6252e-61 7.60256e-214 2.98961e-71 7.18326e-18 1.04214e-38 3.5246e-38 1.44144e-194 1.39624e-70 2.8751e-48 1.70586e-87 1.29397e-107 1.17934e-38 5.95311e-99 4.84258e-45 2.73709e-77 9.83016e-108 0.0448594 7.98487e-140 1.15799e-80
6.31792e-13 7.2393e-153 2.08329e-63 1.02193e-107 2.19839e-40 1.92573e-116 2.61169e-180 2.04808e-84 5.72222e-14 2.12148e-104 3.27418e-222 0.0322887 0.214017 1.73245e-62 0.129986 7.04824e-238 8.84113e-64 2.80449e-131 5.25843e-125 2.24596e-126 1.55213e-95 6.24886e-194 3.16036e-83 4.20052e-70 1.02533e-143 9.82632e-20 4.32957e-111 1.41195e-05
6.16895e-104 2.89269e-159 1.40063e-75 3.28993e-76 6.26352e-48 3.47667e-163 3.79811e-162 8.05502e-79 5.40561e-73 2.1061e-73 2.24588e-229 1.05702e-84 1.20956e-73 4.85047e-106 1.05797e-30 6.02904e-251 2.27386e-20 4.40901e-123 1.50052e-55 1.81899e-166 1.18433e-59 1.51589e-154 7.62619e-96 1.1201e-87 2.47986e-115 0.046501 1.63422e-100 1.55722e-66
2.83529e-43 4.3264e-178 6.34052e-104 1.35175e-86 9.65361e-80 3.24199e-165 9.38899e-143 2.08564e-65 4.78345e-76 1.11113e-93 5.59712e-219 9.82029e-61 1.48536e-127 6.05261e-79 2.14577e-84 2.3211e-195 3.50216e-62 1.26046e-132 1.37669e-120 5.43612e-113 2.41886e-76 3.35513e-141 2.16584e-125 2.30324e-88 6.54547e-162 1.79472e-39 2.87652e-148 0.0987385
1.42052e-110 1.67639e-156 1.16775e-74 1.72832e-146 0.102175 3.93999e-110 1.18347e-115 2.44382e-112 3.29384e-30 6.16299e-64 4.99392e-279 1.0406e-54 8.68769e-64 7.69784e-98 1.39984e-79 1.73436e-230 2.76495e-43 1.94174e-74 2.98013e-43 3.25259e-159 9.80825e-93 4.41672e-173 1.0445e-64 3.63034e-32 1.17629e-162 4.72948e-30 2.84306e-130 0.0357948
