5.89668e-257 5.7751e-177 3.34175e-160 2.03487e-147 1.21156e-20 8.04411e-212 1.55671e-205 1.09264e-164 9.28613e-153 2.84344e-166 8.35435e-255 2.97752e-149 0.281887 2.46539e-321 2.33613e-94 1.83647e-91 1.85294e-65 1.12084e-157 2.60192e-33 1.69524e-75
8.98523e-90 6.37854e-63 1.21609e-243 9.27195e-58 4.15174e-86 3.88905e-25 9.73309e-322 8.42036e-155 1.65794e-163 6.6565e-170 1.04098e-51 1.29619e-194 6.55933e-13 3.21792e-263 9.58787e-08 0.286671 0.233736 1.47025e-174 3.67553e-84 7.83739e-140
3.71122e-193 2.46749e-10 3.10687e-101 9.09221e-71 3.26083e-322 4.53378e-315 9.7825e-322 7.55288e-11 1.36671e-23 4.57943e-137 0.382379 3.86567e-62 2.32481e-48 0.752883 0.628239 4.46627e-149 5.15997e-158 0.897253 7.9584e-117 5.32071e-84
1.81646e-123 1.99571e-05 6.24677e-199 5.45885e-33 5.36296e-41 8.56635e-188 1.44538e-123 1.43009e-30 1.39521e-98 1.0525e-119 3.37687e-248 1.66021e-159 1.67976e-15 7.16669e-103 4.46951e-259 9.05437e-122 2.03309e-154 5.74465e-69 0.126355 3.58372e-20
0.0110126 1.93538e-09 0.048697 7.54006e-06 0.000474861 5.55458e-06 1.27503e-05 0.000822296 5.41148e-07 2.80188e-07 5.5302e-281 1.30588e-203 9.12139e-155 7.41098e-323 1.08694e-322 9.29375e-188 6.91692e-323 4.90321e-209 1.02186e-291 3.48518e-160
1.1324e-263 5.02626e-170 6.08453e-64 2.51282e-05 1.47249e-106 3.701e-29 1.04742e-321 1.51643e-38 2.07176e-181 7.37223e-152 3.53227e-114 3.32617e-79 5.14468e-13 1.2141e-87 9.68068e-233 5.77402e-40 1.03069e-130 2.25987e-202 6.9823e-145 0.358643
7.57152e-15 1.73789e-44 4.21343e-92 9.27399e-88 2.0435e-79 4.54602e-264 5.50777e-236 7.13784e-192 8.50104e-190 1.38079e-125 5.67268e-82 1.1778e-166 6.8234e-80 2.50536e-210 5.92337e-264 8.58599e-151 1.80856e-76 5.33802e-51 0.0314785 2.07806e-107
1.6403e-321 6.32082e-127 2.90747e-107 1.39886e-138 1.75166e-296 6.18392e-120 7.43002e-75 2.07241e-154 3.25191e-80 7.36782e-174 2.09149e-268 6.85319e-88 1.05425e-22 7.71844e-255 0.214107 4.01181e-103 0.151974 1.2803e-146 0.018873 5.96273e-161
8.31288e-237 1.59704e-202 4.06414e-175 1.0409e-152 5.97867e-57 1.65363e-146 1.76812e-271 3.44793e-137 1.88485e-181 2.86036e-78 2.84902e-54 6.48706e-184 7.30167e-36 2.61361e-321 5.40498e-45 4.30615e-160 2.02404e-286 2.28629e-184 5.96589e-212 0.294002
1.55567e-07 9.1276e-264 1.20705e-165 3.75642e-188 4.29842e-117 1.27997e-187 1.39636e-254 8.7906e-54 2.071e-09 2.04869e-155 1.49238e-241 0.116385 4.81389e-30 1.90215e-321 1.58183e-154 3.4447e-39 1.30838e-308 7.73585e-133 1.99796e-163 2.24101e-139
3.07234e-294 5.2371e-322 2.92091e-160 6.97401e-70 3.82715e-84 1.07139e-69 1.29095e-97 1.01785e-120 1.81115e-174 2.27979e-131 8.04429e-115 3.53289e-180 0.0309485 3.77466e-321 1.49778e-73 4.7492e-77 0.111832 1.0508e-38 4.63075e-118 2.43793e-121
1.87076e-283 4.97187e-84 1.02613e-203 9.81357e-152 2.34589e-198 1.79879e-188 1.27705e-170 0.0010741 4.2336e-50 1.7835e-38 2.48896e-168 0.173069 8.25339e-56 7.98761e-127 3.4387e-321 4.71663e-59 6.87071e-314 1.69601e-146 0.0219636 8.84076e-83
1.70219e-163 1.6064e-63 7.10221e-151 1.69661e-152 1.24092e-37 2.09073e-97 2.63469e-32 3.36971e-18 1.23961e-186 9.72645e-22 2.31455e-208 2.42719e-48 8.05295e-151 1.11696e-259 1.53477e-53 1.85308e-77 2.09463e-297 7.43517e-119 0.116415 1.15211e-57
2.98193e-15 6.94788e-78 3.22166e-109 5.06556e-58 3.42194e-205 4.45572e-58 1.22913e-254 9.5925e-70 1.3605e-124 2.58362e-151 2.96855e-187 0.0195034 2.43596e-55 2.49503e-321 2.49618e-276 3.15201e-159 2.28342e-221 1.82214e-182 7.68887e-202 0.146321
5.08526e-05 0.00244904 0.00019271 0.0117509 0.000892923 0.00195365 0.0045738 0.00213639 0.00647074 0.00781631 4.59155e-284 8.38328e-201 4.00584e-155 5.43472e-323 7.41098e-323 3.98568e-189 4.44659e-323 1.20229e-208 2.61662e-288 7.66428e-160
5.90418e-96 6.36956e-317 2.95991e-216 3.14568e-133 1.22667e-248 3.50783e-54 9.62612e-276 2.49009e-52 1.05942e-116 4.29759e-127 0.275445 1.53589e-16 2.83217e-56 3.26824e-211 1.00592e-81 1.60179e-167 1.90937e-204 2.22111e-43 2.70861e-235 1.22056
