1.84542 0.404159
2.80111e-214 1.51925e-320 4.40064e-243 2.93912e-09 1.18576e-322 5.54836e-321 1.45499e-167 3.42357e-110 3.70356e-226 7.0787e-236 2.43926e-240 1.89227e-321 1.21576e-301 0.662065 2.44332e-21 6.7896e-285 2.8804e-321 1.00246e-320 2.04049e-321 4.61483e-144
2.53155e-221 5.69932e-310 2.65313e-321 1.02628e-10 1.03754e-322 4.06341e-92 2.97205e-06 1.0459e-252 8.64934e-231 1.75097e-127 2.93952e-214 3.08791e-321 0.279443 7.38672e-66 9.4418e-71 1.11886e-179 2.5642e-321 2.43165e-180 4.33296e-321 2.52831e-185
0.00119236 0.0364879 0.00619398 0.00211346 0.000302887 0.00208555 0.00309093 0.00776179 0.00402407 0.00115699 4.44659e-323 2.47033e-323 2.47033e-323 1.69446e-315 9.89032e-215 1.97626e-323 1.97626e-323 1.08694e-322 1.4822e-323 1.13582e-302
4.29837e-322 3.46045e-149 2.747e-321 1.38719e-255 1.23516e-322 3.33988e-321 5.84585e-237 2.16401e-321 1.57596e-291 4.44595e-45 1.12397e-261 5.39452e-130 0.575607 0.48694 4.72787e-212 1.00332e-126 3.71537e-321 3.32606e-119 1.81732e-274 1.03182e-77
4.64422e-322 1.18279e-320 2.4061e-321 3.16731e-242 1.28457e-322 3.08791e-321 4.29917e-160 3.04839e-321 7.43107e-61 4.89125e-322 0.156676 9.15457e-249 3.42882e-321 7.68504e-194 0.431602 2.09484e-321 2.26282e-321 4.48747e-195 5.96887e-211 3.77576e-140
2.55202e-20 4.77048e-66 2.26282e-321 3.6928e-256 1.03754e-322 2.81617e-321 1.22614e-203 2.34187e-321 5.97858e-35 1.44444e-23 1.05718e-72 1.46277e-193 2.15221e-293 0.319188 2.38515e-160 2.07854e-122 2.248e-321 2.5382e-59 1.84286e-321 1.65447e-156
2.57904e-68 7.64869e-148 2.59289e-212 3.78044e-10 2.82438e-10 3.55431e-320 2.10852e-15 4.58858e-45 2.28801e-242 1.67713e-47 0.213302 3.64537e-317 2.2727e-321 1.20816e-52 3.02345e-177 1.87945e-194 1.98014e-212 5.04112e-71 3.02368e-321 3.32676e-236
3.70549e-322 4.03124e-50 2.57408e-321 3.7611e-36 1.65466e-304 5.02232e-112 2.47789e-279 5.30052e-234 1.2554e-82 2.28909e-97 0.0489161 0.708638 7.27698e-197 1.17361e-31 4.77827e-73 1.1324e-127 1.45437e-169 2.87834e-114 2.36163e-321 8.85105e-65
3.45846e-322 1.50217e-175 5.40768e-41 1.61505e-147 4.58374e-319 3.50293e-321 7.06209e-230 3.87842e-321 1.38279e-140 2.90137e-264 1.26805e-111 4.52112e-74 5.04935e-321 6.80289e-217 1.20455e-186 3.04839e-321 1.01787 2.90548 1.17061 5.66803e-182
1.13835e-16 2.96365e-44 6.20018e-37 5.02229e-31 3.30463e-25 0.0714897 2.92582e-26 2.32061e-48 1.97777e-17 3.27765e-13 1.25655e-301 2.96439e-322 3.06321e-322 7.70295e-305 4.49407e-188 2.37152e-322 3.11261e-322 1.57607e-321 2.47033e-322 2.50792e-292
8.70018e-40 2.85722e-96 1.1969e-148 1.90589e-113 1.03754e-322 1.99295e-297 5.08395e-109 3.39767e-45 4.68763e-133 2.19461e-200 4.72315e-88 1.78358e-321 7.02836e-224 0.33875 6.50706e-120 1.08493e-229 1.43279e-321 2.18373e-295 2.21835e-321 3.427e-236
3.83353e-271 1.20651e-320 2.47329e-275 2.51013e-242 3.10336e-291 2.43574e-321 8.26909e-159 2.84545e-164 1.13269e-217 4.62208e-244 3.12091e-167 1.52027e-292 1.81322e-321 0.0941398 9.55657e-42 1.29445e-321 1.67982e-321 3.05054e-262 1.96144e-321 5.92472e-72
4.15015e-322 5.55614e-283 3.85994e-292 3.29906e-166 8.15236e-103 6.51311e-162 1.59089e-321 2.99404e-321 1.15326e-48 1.32115e-65 2.71727e-61 3.40411e-321 2.92981e-321 5.75302e-66 9.28195e-52 0.13374 1.17127e-90 1.53625e-189 1.93674e-321 7.4382e-228
1.29166e-74 8.22232e-38 2.85682e-290 4.01787e-82 2.09852e-25 4.08694e-83 5.34431e-153 3.52459e-229 2.96404e-208 4.35644e-271 0.499177 3.39849e-272 2.62843e-321 1.04268e-36 8.36617e-207 5.94623e-245 8.83887e-267 1.20261e-67 2.10966e-321 1.19027e-166
1.81887e-297 1.24603e-320 5.51227e-53 5.50193e-201 6.13949e-172 5.70426e-159 1.30738e-39 2.27117e-268 7.16965e-15 2.20088e-262 1.27614e-175 6.9541e-298 2.00097e-321 1.46218e-148 3.31496e-135 0.429075 7.64047e-176 4.28353e-152 8.35194e-316 3.71896e-60
5.53354e-322 1.74059e-320 5.31225e-06 4.46451e-173 3.65303e-316 3.49738e-254 3.66609e-217 2.99672e-250 3.181e-162 5.08888e-322 4.33296e-321 3.05333e-321 3.67498e-172 1.75476e-214 0.074164 2.02073e-321 2.831e-321 0.508458 1.75887e-321 0.343105
