2.15038 0.102535
1.98527e-47 1.71207e-72 3.78607e-49 2.95479e-60 1.75196e-63 1.53512e-37 0.399492 1.51847e-29 2.64525e-133 7.14602e-55 7.99444e-87 7.26713e-16 0.0683324 0.282593 8.4262e-83
2.80589e-26 7.22795e-10 1.56649e-147 1.36943e-44 4.12855e-68 7.54566e-13 9.86912e-30 3.65461e-84 1.08139e-69 1.03803e-41 2.80574e-65 0.3045 4.456e-16 2.94475e-97 2.20375e-09
7.11061e-51 5.95113e-51 1.21894e-70 4.36467e-31 3.62334e-68 0.0552619 4.10124e-22 6.90273e-19 2.2508e-139 1.9441e-47 3.06019e-51 2.81e-66 1.40949e-53 2.79988e-15 0.0649115
1.84535e-11 7.06837e-25 5.36068e-114 2.14325e-55 0.0761422 6.91905e-29 6.85098e-43 4.14923e-52 7.55239e-127 4.94554e-52 1.53138e-52 1.29024e-27 6.35114e-29 6.23684e-22 1.13735e-100
5.08157e-57 0.178546 2.96867e-136 2.27633e-60 0.495565 2.42557e-18 1.28939e-23 4.57801e-84 3.07676e-129 3.3059e-41 4.37336e-130 3.0711e-28 3.22709e-65 1.07351e-83 0.0204394
4.4096e-62 1.41405e-27 0.208909 0.454768 3.60005e-65 2.53249e-52 1.17981e-49 0.214117 0.160575 0.0531025 0.0598523 1.19283e-70 0.0746612 2.40404e-56 4.4513e-25
7.10035e-24 1.89143e-19 0.332536 1.20392e-51 3.70211e-58 1.15602e-15 6.98124e-28 6.38921e-81 2.17324e-110 2.24052e-39 3.36716e-61 9.55286e-26 7.6663e-33 2.18599e-99 8.08397e-13
0.0720666 7.88838e-79 5.14865e-147 1.34161e-30 1.51095e-68 0.052528 1.9567e-43 7.3065e-87 9.12422e-89 1.27153e-72 2.24033e-50 8.6e-09 2.65828e-81 4.24389e-23 8.47031e-83
7.9064e-52 4.93397e-16 1.84735e-93 3.49679e-83 7.6951e-05 4.86144e-21 3.97652e-37 7.77393e-66 6.97135e-141 1.78322e-54 1.67375e-109 2.20559e-08 2.1054e-39 5.73387e-93 0.00731965
