2.0663 0.18896
0.349195 4.56126e-20 0.097955 4.42316e-69 0.264242 1.03604 1.97809e-100 1.93354e-74 1.58989e-132 0.341473 1.05944e-79 1.85705e-55 1.41472e-48 0.192921 0.158869
1.04964e-141 0.706074 6.69883e-89 4.75521e-17 3.61762e-255 4.1043e-17 7.4203e-30 1.95174e-195 3.29924e-104 6.28823e-167 9.07366e-136 5.82359e-132 3.54749e-40 6.7972e-52 1.50602e-164
1.95996e-189 5.47859e-108 5.58726e-73 6.99131e-34 2.31433e-137 2.67006e-17 2.79587e-40 1.44496e-186 0.210681 9.4308e-34 0.214718 1.71705e-12 1.91167e-50 0.407125 4.39531e-225
3.50248e-175 2.80164e-83 1.39603e-147 0.033068 3.26929e-148 1.72947e-79 7.77219e-29 9.75618e-105 2.66929e-234 9.08689e-100 4.79836e-123 1.01145e-109 2.67313e-61 1.1212e-71 5.52949e-231
3.93877e-205 0.00414566 1.88387e-62 0.0190987 1.379e-104 5.19623e-75 1.6768e-102 7.7187e-49 4.51839e-76 1.33269e-88 1.71764e-140 1.95246e-49 1.35058 1.81581e-109 3.42381e-237
1.05301e-12 6.75007e-49 2.14874e-85 1.34038e-33 8.38574e-11 1.06075e-15 0.0257267 9.99195e-44 1.49367e-200 2.12483e-162 2.94289e-100 1.6728e-32 2.69479e-05 4.12183e-29 4.51209e-173
4.00871e-102 2.3178e-105 1.29144e-102 0.198978 1.09038e-232 1.65577e-121 1.56321e-116 0.115876 5.53279e-109 7.56198e-127 1.2645e-26 0.167922 3.74898e-44 3.57035e-113 4.72003e-92
2.33904e-96 1.17059e-59 1.17603e-112 1.04522e-74 3.45567e-79 8.53656e-76 0.039607 4.74477e-192 1.85295e-217 3.51191e-144 1.9195e-87 2.55187e-19 0.0743442 2.89088e-100 5.63887e-93
6.70413e-178 0.0590793 1.86782e-92 6.90004e-27 2.35993e-160 3.11217e-47 3.11305e-118 1.45122e-116 1.5538e-220 7.89048e-129 1.78647e-42 4.74646e-134 9.458e-30 4.91533e-111 1.56784e-88
