6.98445 0.0784515
0.339019 1.57152e-10 0.00330255 1.13461e-09 1.92042e-29 3.43955e-71 0.922828 3.45307e-86 7.89341e-35 3.06021e-32 0.0634738 1.00515e-27 1.74984e-12 4.44136e-23 1.31855e-18
6.60479e-37 2.89217e-55 0.0771884 1.75386e-60 2.92374e-54 2.50529e-37 1.48232e-53 3.31738e-86 1.75966e-25 2.96388e-33 6.70346e-38 8.42247e-29 9.59542e-52 2.50149e-24 9.27504e-48
4.38282e-40 0.072316 2.19794 5.86158e-45 1.6412e-37 2.43712e-80 1.20532 1.09727 0.0377973 7.50614e-17 8.78987e-47 2.17707e-23 1.73638e-44 1.39315e-42 0.0156743
0.0366393 8.50321e-49 2.98141e-34 5.00503e-38 0.150462 9.60437e-70 7.96548e-40 1.58189e-52 1.39209e-24 0.346155 4.80492e-19 4.06305e-15 1.58566e-39 1.06002e-34 2.47756e-73
1.52119e-48 0.066396 1.22098e-49 0.0140414 2.65739e-38 2.1614e-58 1.00319e-28 5.03941e-81 1.03189e-49 0.959417 2.35687e-49 4.66523e-62 1.97356e-45 1.95733e-32 2.6507e-27
2.12492e-46 4.59904e-24 1.21812e-26 0.0996362 1.303e-17 0.00154196 0.0481721 6.39708e-21 1.87027e-25 1.05681e-31 3.28572e-18 9.529e-61 1.94001e-60 4.52977e-32 3.16001e-47
2.74988e-19 2.67036e-07 7.03871e-56 7.01766e-60 1.62736e-28 1.85799e-45 3.27731e-23 5.71709e-71 7.63302e-50 0.12385 3.76064e-12 6.3022e-69 1.06407e-57 5.87571e-45 3.97802e-28
4.49516e-50 1.06134e-14 2.89669e-60 1.19459e-40 0.00635102 0.137188 2.86092e-26 1.15992e-38 1.56089e-10 6.6884e-25 7.6611e-28 0.0278756 0.350875 0.776327 5.81876e-43
0.0233747 9.70976e-52 6.54298e-73 1.17043e-47 0.183603 1.95551e-18 7.59487e-61 3.67445e-32 1.16116e-22 5.29851e-40 2.41314e-29 8.25357e-11 3.6677e-35 8.89976e-14 6.00455e-39
