2.87809e-67 2.25215e-24 1.25576e-93 4.83069e-24 1.66297e-18 3.07042e-56 1.79896e-27 8.44661e-36 4.42749e-24 2.73087e-13 1.17798e-36 7.20516e-60 3.23894e-40 0.000341224 8.24533e-116 0.0803407 1.8304e-24 5.69374e-10
8.30059e-75 3.1728e-21 2.53586e-82 4.28326e-08 1.11808e-12 1.83393e-46 9.47545e-08 1.40266e-30 0.229624 5.34655e-22 1.19397e-15 4.76542e-66 5.10029e-15 4.93966e-17 6.81755e-118 4.55811e-07 3.53839e-34 5.10741e-34
1.27071e-87 3.14706e-34 2.26475e-79 7.42685e-34 1.10771e-36 2.21421e-57 2.88028e-30 7.72367e-44 5.06975e-22 1.4134e-29 4.76402e-38 4.75343e-76 2.7853e-37 8.30188e-16 4.84468e-103 2.48689 1.2323e-30 7.33085e-39
5.91155e-99 1.24252e-36 3.60302e-88 1.88642e-25 1.24241e-31 1.03747e-54 3.94228e-21 2.75835e-56 9.35709e-22 2.89975e-25 1.10134e-34 4.31021e-77 2.10939e-26 7.1139e-16 1.86898e-98 1.01011 3.1839e-39 2.79473e-32
5.9902e-79 1.93533e-34 1.44361e-85 3.30659e-19 2.04578e-40 1.45319e-43 3.21029e-12 2.63606e-54 0.0852646 8.21567e-18 4.91026e-23 6.18031e-62 1.38842e-22 2.75117e-22 6.35754e-110 0.102557 1.84288e-22 1.30405e-29
1.28708e-88 1.42473e-36 1.39431e-78 1.38107e-18 1.5047e-35 5.38674e-53 4.71121e-16 6.09911e-53 1.1583e-24 2.88717e-23 2.21828e-30 6.38477e-80 3.2637e-27 1.13117e-08 1.52098e-109 0.796214 2.00275e-32 1.02608e-34
3.86906e-97 3.25581e-32 1.99587e-81 2.58272e-33 7.8719e-40 3.95537e-46 2.13432e-30 1.06261e-50 0.0137913 1.45877e-27 5.61367e-36 1.03845e-71 1.3761e-23 8.11118e-06 1.76135e-86 3.26853e-10 1.63972e-37 6.14454e-30
9.43971e-89 3.83796e-21 2.54883e-78 0.00418947 2.73936e-17 1.14716e-49 1.04403e-07 1.69663e-43 0.63719 8.51328e-17 3.02881e-29 2.98756e-63 1.75611e-19 1.33815e-18 1.26668e-90 0.0541825 2.91469e-38 1.09851e-22
5.69377e-72 1.37359e-40 2.30163e-75 1.44797e-26 2.87323e-30 3.86456e-57 0.000502553 1.20434e-40 1.27045e-18 7.42976e-29 6.14075e-18 1.62059e-69 7.65943e-22 8.37998e-06 1.99841e-104 0.29092 3.25771e-21 6.32261e-21
9.62177e-69 1.82813e-35 2.48211e-66 1.96854e-10 1.50065e-27 6.34055e-43 2.6969e-23 6.80307e-52 0.163453 1.72544e-27 7.72026e-38 5.35475e-73 7.26657e-24 0.0714336 2.23813e-96 9.95548e-11 7.13652e-22 1.60174e-12
1.6534e-94 7.82981e-30 1.40127e-87 5.5384e-33 1.60628e-13 2.20199e-42 4.59928e-31 4.83034e-53 1.48899e-05 0.515988 1.53086e-07 4.47779e-80 0.028034 8.06288e-12 1.67563e-99 1.07949e-11 0.0769005 1.16428e-15
7.13254e-83 6.77368e-39 5.93396e-86 2.37319e-27 1.27063e-22 3.23478e-58 5.23085e-27 4.81787e-50 0.5258 3.03389e-24 4.05845e-23 6.53188e-77 1.04401e-27 8.68329e-16 2.64871e-86 8.61325e-08 2.05996e-18 1.0607e-17
0.120948 0.0901609 0.184262 0.292378 0.0797713 0.872873 0.0728462 0.23949 0.960402 1.02854e-11 0.0880405 0.145432 6.08504e-31 4.24127e-20 0.0618403 9.61258e-09 0.00852996 1.54346e-23
2.44896e-83 2.34935e-37 1.80521e-89 1.05118e-32 1.90739e-35 5.74503e-48 2.68265e-30 3.51289e-51 2.32061e-19 8.23524e-24 2.54797e-38 1.16709e-74 3.93507e-30 7.26935e-11 3.35347e-110 2.10813 6.77351e-41 4.18184e-29
2.36681e-85 3.53413e-41 5.52297e-72 5.79218e-31 9.29769e-45 7.45884e-53 5.23376e-26 1.58435e-47 4.46949e-23 1.49482e-16 3.80825e-40 7.93496e-65 2.11642e-33 7.98999e-21 1.04766e-119 0.967368 9.32503e-28 1.01351e-37
1.8129e-72 2.80544e-21 6.02395e-71 1.12035e-08 1.08164e-29 2.97535e-50 0.00617353 1.43217e-27 4.36573e-16 0.000321062 0.124189 1.04268e-78 0.00388276 1.09453e-16 1.12491e-92 2.27068e-10 1.0233e-40 0.0386225
6.49311e-89 3.13114e-38 7.16837e-86 2.56707e-26 1.5747e-37 7.51902e-56 3.21402e-28 2.48343e-45 1.55868e-15 6.18752e-22 4.92072e-31 1.0524e-72 1.16552e-32 2.50317e-15 3.05063e-116 0.320319 2.26616e-32 7.84935e-37
