1.13772e-169 3.04159e-151 1.35352e-82 1.20547e-182 2.14785e-253 1.38714e-212 1.34661e-155 2.00272e-07 6.864e-115 9.35825e-125 0.0523647 8.77145e-218 4.03733e-89 1.97777e-212 4.51987e-17 7.32355e-34 6.36307e-29 1.80756e-74
0.214789 1.16203e-135 1.1401e-212 6.30015e-99 8.26328e-282 4.27455e-166 1.2138e-74 2.15828e-96 4.5231e-186 3.30018e-106 1.21878e-130 2.32796e-174 5.12917e-94 2.37457e-256 9.13534e-227 2.0495e-99 1.18815e-59 1.76763e-168
3.17809e-169 3.33704e-166 1.4415e-125 3.6924e-25 0.440218 0.0258896 2.8892e-237 8.86413e-196 8.25268e-198 1.00089e-140 3.87355e-117 1.13704e-176 7.38516e-55 1.72042e-266 1.28755e-80 3.98948e-227 4.46863e-49 1.59177e-161
0.134699 2.61023e-09 3.52242e-146 1.55861e-276 5.35403e-283 3.65976e-242 2.47734e-71 3.37655e-116 1.32622e-62 1.00728e-15 6.65585e-22 6.96765e-193 2.8626e-138 8.65666e-110 3.39238e-105 6.32041e-137 8.83873e-186 5.64093e-76
2.1453e-219 4.95109e-201 1.47138e-97 7.04949e-42 8.63377e-116 3.34074e-61 0.299221 0.416217 0.431065 3.11e-121 1.23183e-31 8.48379e-05 7.04624e-162 0.39834 0.301749 8.61071e-15 7.36044e-14 2.75989e-185
0.173087 1.60362e-151 2.63654e-188 1.66537e-109 5.98716e-118 1.14254e-315 9.01092e-257 3.67398e-165 1.04702e-165 2.4164e-41 1.21224e-11 5.2643e-156 1.34753e-20 2.17687e-215 1.0859e-117 9.76936e-89 6.00424e-212 4.05207e-54
4.18318e-38 4.80291e-112 8.54531e-50 7.55759e-264 5.16433e-208 1.86515e-173 1.15357e-310 2.05848e-130 8.41195e-158 4.85336e-83 3.64935e-171 9.56409e-116 4.05553e-194 3.75022e-74 2.70341e-94 0.00590456 6.89008e-233 8.81625e-194
7.40053e-166 9.50331e-136 1.98167e-227 1.77364e-123 9.4253e-276 9.63988e-163 8.19729e-262 1.6897e-321 3.50085e-184 3.54998e-53 2.36213e-99 1.84759e-269 9.95852e-206 2.08177e-316 8.40106e-37 0.285953 9.68516e-203 3.06752e-111
6.65845e-174 7.33833e-209 2.49941e-163 0.00962128 0.204031 4.33296e-321 1.73417e-321 1.96144e-321 2.26643e-86 2.76713e-135 7.15654e-46 1.53929e-11 2.55465e-174 1.51069e-301 2.20571e-57 3.6416e-112 0.000675796 2.62169e-186
1.16635e-173 3.91697e-93 3.09305e-78 4.08665e-50 1.18365e-84 3.85007e-247 3.85561e-82 1.66031e-303 1.46592e-84 5.98755e-107 0.234426 5.01445e-277 3.64675e-173 4.49899e-206 9.24395e-86 6.42511e-18 1.09557e-110 5.43106e-174
0.11988 7.43855e-195 0.928573 7.06986e-128 2.59417e-287 6.11609e-304 2.06015e-79 1.76725e-61 1.00411e-97 2.40738e-17 2.97061e-122 2.81693e-36 2.88581e-52 1.23811e-307 4.45749e-189 3.60914e-202 1.47144e-225 0.393564
6.71471e-40 0.132811 2.6515e-188 1.43979e-254 2.49481e-278 0.913429 4.02918e-253 1.04335e-50 3.10906 4.20902e-147 0.370943 3.88702e-162 1.61735e-79 1.4514e-294 1.90854e-23 0.173112 0.365431 3.12729e-41
9.38421e-126 9.60906e-100 4.76593e-129 0.361564 6.70444e-85 2.15697e-284 9.48797e-124 1.26542e-96 8.9051e-47 4.98039e-69 4.26063e-30 9.89875e-101 9.63928e-168 1.33362e-316 2.14657e-265 1.76843e-163 1.6135e-152 3.54833e-59
0.316176 6.75891e-92 2.30288e-184 1.32457e-102 1.07483e-128 3.56343e-51 1.94479e-07 2.90691e-282 9.98874e-49 0.574545 7.65956e-26 0.306046 0.325739 2.68473e-152 9.00335e-121 0.0270683 3.132e-190 1.37596e-15
3.20505e-82 1.23524e-135 3.2352e-106 5.74714e-212 5.67304e-107 1.70725e-196 8.84114e-273 1.16233e-143 7.55594e-138 3.49127e-65 0.00012323 5.43384e-135 0.00138577 8.45983e-77 9.37863e-158 0.0709225 5.83821e-139 2.58861e-156
9.27784e-149 6.58786e-206 2.34913e-218 0.00033908 2.71327e-219 9.32732e-249 0.0628535 1.25799e-129 7.09458e-63 9.40405e-87 2.15082e-93 5.04758e-37 3.87997e-164 3.53418e-125 1.24085e-184 1.52868e-115 2.72856e-134 2.55205e-69
0.142715 4.76145e-58 5.29627e-106 2.1971e-12 1.31152e-31 1.13753e-148 2.37218e-06 1.13548e-64 6.8145e-203 5.96044e-46 5.45427e-51 2.80204e-232 5.32632e-170 2.47939e-267 6.82122e-112 1.29607e-93 0.000671654 9.02202e-59
