6.38017 0.339386
3.83751e-164 5.3741e-77 7.85958e-81 3.54106e-140 1.89815e-120 4.22918e-48 4.15365e-80 4.34526e-43 1.08884e-185 1.73381e-117 2.36287e-92 7.49104e-219 0.0491416 4.30602e-115 4.10007e-169 5.70064e-223 2.85185e-263 5.56882e-53 2.80963e-222
3.02296e-127 2.09149e-107 1.22733e-43 4.50998e-125 7.24946e-31 1.17663e-123 1.12763e-05 1.34097e-180 1.03176e-90 9.25673e-25 4.55377e-64 5.39815e-77 0.256153 1.82653e-131 3.47682e-181 1.85303e-125 3.77536e-309 1.05261e-111 1.9297e-281
7.42605e-64 4.77449e-126 6.11038e-97 2.0807e-99 1.86729e-123 6.26172e-106 1.78238e-73 4.21917e-114 1.91471e-151 0.367791 1.81086e-57 8.307e-61 2.03891e-95 1.51859e-122 2.09006e-32 1.13702e-137 2.03235e-247 0.111272 4.59129e-205
6.48431e-75 1.19881e-100 3.46213e-163 3.19133e-192 2.34274e-132 4.82263e-178 1.10044e-132 4.45011e-05 3.50778e-283 2.09273e-110 6.14793e-184 1.88255e-198 5.78866e-50 5.36808e-230 0.0802821 3.63681e-81 1.77577e-246 1.90216e-203 1.99603e-321
9.44768e-117 1.5492e-46 4.9626e-39 9.01697e-134 3.98001e-57 1.51344e-96 1.08125e-58 1.90332e-92 8.77523e-66 1.09056e-104 2.72425e-193 5.00371e-156 0.355446 4.87377e-195 1.48071e-175 2.40638e-145 1.08239e-264 3.7044e-130 1.52928e-297
0.00925548 0.000141489 0.000849377 0.000131249 0.000510903 0.000210401 0.00193821 0.000342888 0.00475849 6.02189e-183 1.08025e-214 1.74522e-238 3.70599e-136 4.627e-247 4.20425e-217 2.04403e-239 4.94066e-324 7.05954e-255 9.88131e-324
8.30701e-226 4.09784e-150 4.27712e-153 5.50098e-258 3.25013e-39 3.75035e-107 4.05011e-253 5.68175e-322 2.67696e-257 8.99707e-131 1.5649e-105 1.04582e-226 2.14368e-129 6.7575e-12 1.78213e-84 3.16177e-72 8.52413e-265 0.583176 2.65429e-199
4.20259e-104 4.23053e-20 5.87556e-59 1.1856e-79 1.10561e-152 1.58118e-114 5.21334e-126 5.30641e-233 5.00849e-115 1.5507e-115 0.397755 1.0849e-155 1.37002e-83 9.21224e-40 12.2741 0.59205 1.15149e-182 0.807087 9.56172e-236
6.69977e-05 1.65743e-84 2.71223e-86 3.54012e-36 1.98104e-182 4.64434e-05 0.0167674 6.17984e-199 9.85331e-72 2.33692e-125 7.36606e-156 4.65168e-81 0.341806 1.52162e-214 1.00098e-140 6.04493e-114 9.33784e-322 1.35555e-205 2.56815e-320
1.92455e-146 1.7764e-59 5.65495e-142 2.38211e-50 5.82565e-150 3.33433e-196 1.3829e-53 1.50631e-270 9.33226e-105 2.54574 6.27956e-55 0.297181 2.4339e-06 0.210628 5.31503e-09 9.70875e-80 1.05463e-226 9.22432e-240 5.15408e-285
4.77273e-56 7.11848e-24 0.000646757 4.69654e-16 6.77845e-08 1.05888e-61 2.39334e-74 8.86789e-48 0.43831 1.34498e-159 3.41027e-169 1.0567e-220 3.06402e-120 3.34734e-194 2.05916e-185 2.87145e-189 3.16202e-322 2.48104e-179 2.38707e-286
7.81595e-178 0.00105927 4.60382e-175 3.81699e-101 3.95624e-38 7.17006e-33 3.00554e-61 7.80545e-106 4.50347e-261 2.25389e-66 2.20361e-123 1.84917e-23 3.67041e-77 0.213298 1.65729 1.59149e-195 2.05246e-249 4.43282e-37 1.96144e-321
2.45737e-18 3.05433e-31 3.3196e-113 3.14553e-166 4.43439e-214 2.99913e-14 4.51114e-56 3.03238e-167 3.15232e-236 0.366762 1.00534e-45 7.76423e-140 1.30184e-108 2.34165e-126 1.80263e-88 3.65292e-135 3.41657e-308 7.27788e-71 9.38056e-249
4.09666e-64 1.55419e-20 6.38838e-99 3.41975e-73 1.24755e-36 6.60375e-33 1.57458e-33 9.95752e-14 1.15769e-10 2.0482e-48 1.43698e-107 1.98662e-196 2.3211e-99 1.40393e-245 3.41084e-99 7.67183e-110 4.19727e-288 1.2782e-120 2.55388e-273
9.33182e-257 3.95253e-322 8.87265e-123 3.35965e-322 1.18201e-128 4.94066e-322 4.82702e-321 8.2509e-322 8.54719e-98 1.38968e-64 3.93122e-169 1.61344e-233 3.7144e-122 1.17888e-72 2.66192e-206 6.85327e-08 0.643427 3.02035e-63 0.948568
5.03502e-101 3.71817e-74 2.34483e-51 1.74976e-76 1.17201e-36 4.223e-40 2.81806e-38 8.4719e-224 2.59441e-174 1.07416e-90 2.84841e-78 3.78076e-110 1.84592e-117 1.7377e-156 3.03124e-205 5.54851e-173 5.86956e-247 0.341894 3.5813e-231
1.24702e-63 8.30328e-71 4.495e-108 3.83717e-90 2.65487e-204 1.70291e-149 8.91922e-196 1.18651e-146 2.11441e-25 3.3714e-33 6.83506e-170 3.20863e-147 0.462304 8.834e-73 6.16683e-77 3.95206e-205 7.03367e-224 3.06917e-103 8.87767e-279
