1.65419e-66 6.68014e-85 1.20273e-86 6.55267e-73 0.207264 5.27372e-153 2.42546e-38 5.41838e-60 1.88011e-154 5.61776e-166 2.56502e-81 0.0084495 7.79467e-18 6.38344e-06 5.25597e-203 0.0240367 1.79048e-36 6.8872e-100
1.13242e-41 1.58639e-19 1.4907e-30 5.37084e-145 3.75247e-90 2.1957e-59 4.84946e-60 3.46149e-81 1.68923e-91 2.95679e-153 3.25076e-61 0.358285 2.91405e-73 9.14076e-35 5.10818e-205 1.13081e-100 9.74864e-67 1.58607e-138
1.33806e-83 1.14325e-32 0.105464 3.19469e-103 7.26831e-95 4.78267e-99 9.2221e-64 1.74881e-75 2.18651e-19 7.70954e-54 9.6548e-87 4.0829e-30 6.5498e-39 1.98987e-10 2.39528e-201 4.36387e-60 0.0810299 4.07047e-110
1.38113e-57 7.20671e-69 5.63365e-34 7.2179e-05 1.04123e-71 1.03422e-06 2.01663e-102 1.41873e-25 1.16609e-33 9.33864e-156 3.48863e-111 0.437806 2.52049e-91 3.17633e-08 2.57323e-252 1.55702e-89 5.41483e-47 5.20748e-136
7.61592e-10 4.67543e-57 9.53946e-91 2.3374e-105 7.12502e-24 2.77722e-80 1.48475e-46 7.15811e-39 6.30747e-25 1.75084e-115 1.22457e-69 1.02828 1.40669e-73 2.12967e-45 8.50431e-290 3.71925e-153 6.01389e-40 1.8941e-57
4.99677e-30 7.69193e-30 1.00475e-71 0.0663261 9.6888e-45 8.11852e-42 1.36837e-29 2.60931e-56 4.60424e-39 7.01935e-131 3.96016e-127 1.37002e-96 1.52141e-117 1.31974e-115 1.18018e-305 1.52055e-131 1.73285e-47 1.32765e-102
5.80945e-139 2.12345e-120 6.04429e-81 9.02646e-31 2.34605e-132 1.00429e-43 2.86747e-77 3.99152e-134 4.98496e-129 1.75965e-135 3.16295e-35 0.513312 3.02108e-106 3.04894e-22 7.54049e-195 0.121896 4.11068e-08 9.96772e-23
1.33116e-47 2.75864 2.53774e-59 1.2322e-112 1.27974e-66 4.13715e-36 1.16854e-20 2.58182e-118 0.0595122 5.76653e-98 1.84718e-64 9.6748e-11 2.1681e-54 3.25226e-118 9.23069e-232 6.74128e-58 7.38831e-96 3.75847e-102
0.047916 5.50504e-116 5.24084e-158 1.47395e-196 8.40733e-24 1.55946e-69 0.18577 1.32012e-55 7.02892e-26 1.06484e-86 1.11652e-102 1.63515e-70 2.9459e-23 0.0888779 5.03236e-318 3.06541e-97 3.00958e-44 7.52729e-38
3.48984e-254 1.679e-134 2.13785e-175 1.73272e-187 3.05374e-78 2.30031e-41 2.82229e-257 1.50284e-136 2.76523e-80 2.22207e-84 1.7449e-85 1.51965e-93 0.163723 1.6177e-80 0.122458 0.408851 3.09959e-92 0.265989
2.46104e-138 2.89718e-82 5.12074e-190 2.03302e-15 7.68499e-07 0.0204242 3.89916e-174 9.59121e-67 1.00255e-164 5.32778e-100 4.5878e-06 3.21291e-89 4.2503e-133 0.0607375 3.92432e-124 5.69441e-152 1.47948e-16 0.0785013
2.71805e-10 2.43205e-29 1.60024e-158 2.06054e-38 1.04877e-115 1.0449e-56 3.76419e-175 1.62809e-113 3.25674e-67 5.70111e-152 0.249865 4.38127e-108 1.55639e-24 6.54166e-111 1.83392e-305 6.35666e-152 0.0279585 2.31338e-125
1.60502e-155 2.39943e-42 3.01648e-05 6.32375e-08 7.25564e-30 1.49723e-104 9.78161e-205 3.57355e-153 1.99991e-131 0.24669 2.78524e-31 2.06624e-55 2.87531e-84 1.3689e-121 9.61102e-164 0.158952 0.174508 3.70453e-152
3.94206e-66 5.05725e-116 7.25367e-125 4.52643e-29 3.97118e-126 1.64756e-74 1.34207e-103 3.11411e-34 2.98793e-79 6.53637e-166 7.91106e-133 1.78291 4.71657e-09 5.80015e-111 4.28931e-193 4.02918e-120 8.49549e-58 3.27204e-15
5.98844e-103 3.98224e-27 1.65672e-84 8.04792e-161 2.53878e-68 3.31517e-06 2.9583e-88 2.85935e-78 2.32242e-64 1.48379e-129 0.0229569 0.0832007 1.52506e-62 5.02764e-41 9.04721e-256 4.74665e-50 3.04267e-64 6.24678e-101
