2.18668e-49 0.486552 1.20899e-78 8.9051e-56 7.70521e-122 0.104439 4.67086e-105 4.74021e-21 1.0084e-35 5.43394e-99 2.84035e-18 2.63639e-31 1.73535e-119 2.30465e-19 6.46071e-10 0.127717 2.24641e-25 5.61612e-93 1.80203e-15 8.13448e-91 1.094e-15 2.62027e-118 6.49435e-96 1.4408e-31 1.17276e-70
0.0704237 8.71119e-29 6.15412e-66 3.25096e-27 7.61033e-13 4.35242e-43 4.25586e-51 5.14197e-44 8.87626e-71 4.98595e-43 0.03624 1.11231e-56 1.01175e-54 2.17747e-65 1.12983e-110 2.93458e-37 0.772699 9.11473e-125 2.16637e-29 8.14228e-09 0.0418588 9.42337e-12 7.76801e-17 3.57079e-49 0.148269
1.67445e-91 8.67576e-41 2.73941e-64 1.08025e-52 5.9779e-104 1.18321e-71 1.17897e-104 3.53744e-72 5.43985e-89 4.15938e-102 2.61567e-73 0.362509 3.35975e-69 1.7099e-76 1.06264e-138 9.71651e-103 1.52804e-84 1.22486e-115 8.51982e-14 3.83265e-102 1.44056e-69 2.90824e-91 1.99221e-94 5.16026e-45 8.06745e-115
5.68147e-33 9.65391e-48 1.26228e-71 2.68108e-50 4.23588e-91 3.30426e-39 5.97078e-99 3.08975e-17 1.40244e-78 5.2541e-100 1.14112e-11 2.16745e-10 0.45068 6.31657e-78 6.84345e-121 0.037527 2.94534e-51 1.07059e-96 8.36961e-58 1.34666e-65 1.20119e-46 6.63252e-12 3.0922e-49 0.0533581 7.82406e-37
1.11505e-79 1.59435e-52 1.03942e-43 2.94381e-68 1.26331e-15 0.0638216 2.46968e-17 1.02469e-87 6.13512e-83 3.4557e-60 3.30869e-82 2.67933e-58 0.00116997 2.59077e-44 1.77166e-150 4.82734e-26 0.136804 1.66086e-134 8.68839e-47 1.19343e-24 1.11843e-83 2.24721e-87 0.0946046 5.07567e-72 4.17261e-26
5.05467e-89 4.83603e-58 3.78931e-66 1.37302e-51 2.03944e-46 3.86076e-23 6.65652e-62 8.58668e-33 2.35387e-55 0.187759 1.7203e-24 3.28987e-61 3.14781e-40 1.80613e-62 2.04696e-89 2.80038e-90 2.96028e-07 2.56201e-158 5.69205e-71 1.15363e-80 1.53227e-32 2.33851e-74 0.309462 5.68801e-13 2.45247e-08
2.16566e-101 4.55612e-63 1.73682e-82 3.42874e-80 3.11562e-152 1.22175e-87 5.39593e-111 1.63954e-141 1.54129e-110 2.91528e-131 1.2361e-116 2.7014e-63 1.15682e-127 1.06874e-101 6.7009e-147 3.24253e-119 5.49256e-85 4.27412e-164 9.33321e-67 2.3546e-110 1.64641e-85 8.1036e-131 7.40253e-139 5.17398e-97 2.97418e-153
1.73622e-103 1.06336e-34 7.49183e-77 1.27697e-86 2.21045e-111 1.14379e-43 2.60897e-96 2.35977e-90 1.06588e-76 6.23793e-82 1.50772e-59 0.403493 1.1171e-76 1.91512e-96 1.83554e-108 2.92025e-87 9.92236e-87 1.6194e-131 4.87763e-72 2.78395e-52 1.09214e-42 4.69535e-108 1.20713e-113 4.51232e-66 1.28621e-156
5.67511e-66 6.11748e-37 5.89381e-52 2.92223e-36 4.44806e-56 2.91151e-59 4.4758e-56 2.65989e-71 1.82481e-69 2.16537e-108 7.53575e-78 0.345544 4.45599e-44 2.03834e-62 3.91154e-132 1.66916e-28 2.45467e-40 3.22477e-114 5.02733e-43 5.36557e-92 3.07504e-33 3.2859e-48 7.25794e-115 7.84051e-86 1.09512e-99
5.68901e-58 1.53751e-41 4.23259e-22 0.0367669 1.17756e-61 9.47564e-40 4.97645e-25 1.82306e-24 1.5898e-21 3.22392e-91 3.6727e-98 1.78716e-12 2.18539e-08 4.84292e-83 3.43778e-113 0.127816 2.70317e-65 2.6248e-152 2.07398e-11 2.4268e-61 1.20054e-55 0.154756 7.79181e-116 1.31736e-67 1.57323e-126
1.0631e-69 2.29547e-16 7.15998e-77 2.48583e-81 5.6922e-127 3.30428e-72 2.29672e-95 8.03152e-96 4.07028e-72 3.34642e-125 7.34875e-59 0.0500134 7.04015e-98 1.31597e-92 2.89065e-86 5.49787e-116 2.91443e-64 5.32767e-148 6.44913e-50 5.92658e-47 7.09411e-67 9.26327e-78 1.84901e-86 2.94339e-49 4.31563e-115
1.43206e-66 0.000484712 1.52591e-57 1.94742e-19 0.235796 3.74476e-10 1.56387e-18 0.173982 7.14881e-112 7.22208e-97 5.79076e-05 2.62376e-67 3.05909e-05 0.483369 3.1205e-14 5.61343e-57 4.56339e-56 0.136043 2.2545e-08 6.1245e-62 2.1668e-55 6.05454e-111 1.11454 2.74609e-12 0.0772924
0.118695 3.54154e-58 0.0550882 9.61138e-40 8.94813e-43 4.51066e-21 0.45501 4.95606e-18 0.13573 1.48455e-22 1.40283e-84 0.368472 7.16201e-105 1.01507e-96 0.154465 2.38403e-41 8.10651e-45 8.31359e-39 0.392669 0.195058 4.47194e-50 5.89835e-95 1.16888e-29 5.70961e-91 3.36962e-107
