3.03725 0.0365729
0.0790705 7.42689e-23 6.92432e-26 1.75463e-08 1.19489e-30 6.53783e-38 1.28335e-21 1.27679e-11 9.2317e-22 1.05145e-05 1.52492e-34 3.98363e-15 4.99356e-06 5.45189e-07 3.82821e-11 1.44841e-37 1.54098e-14 4.26006e-12 1.92401e-35 4.39221e-10 1.5267e-13 1.36812e-19 0.0253971 1.83018e-20 6.82805e-25
1.71088e-15 2.45199e-25 7.57958e-09 6.62989e-19 9.86083e-38 4.3014e-35 9.72788e-23 2.42181e-11 1.08347e-20 1.37189e-17 3.4839e-36 3.57794e-37 1.00167e-27 1.48027e-23 0.00600434 5.94789e-27 3.86238e-24 4.63745e-34 1.3705e-21 2.03135e-30 4.08207e-24 0.0125414 5.86755e-26 1.53494e-29 8.6314e-29
1.57935e-18 5.20354e-27 6.15136e-32 0.0290826 5.91861e-33 2.32623e-45 0.28516 1.3437e-29 5.07186e-16 3.36521e-11 1.32493e-36 3.53336e-13 1.09306e-05 9.23097e-22 1.56817e-08 3.06708e-14 2.5652e-33 1.98755e-27 5.62095e-48 1.20277e-26 0.290448 3.39131e-12 1.52853e-08 1.24311e-35 1.37369e-18
3.42203e-06 0.00636436 2.40432e-07 3.98668e-13 2.12704e-50 0.00284054 3.30116e-18 0.0386766 4.28595e-11 4.37701e-12 1.02834e-18 4.43167e-12 1.74058e-28 0.0348147 0.00174808 7.46364e-47 1.22638e-18 2.1999e-26 5.08798e-17 2.78482e-08 0.510316 3.02756e-13 0.000132576 1.51109e-41 1.18924e-20
2.60764e-06 0.00169439 4.7608e-11 6.65682e-19 8.81922e-40 9.24088e-31 0.133733 3.50403e-18 2.13318e-16 7.74315e-11 9.91502e-14 6.33512e-21 3.40855e-12 1.40741e-19 0.000136146 4.96382e-23 1.67794e-07 9.26892e-46 9.99034e-52 5.44506e-19 0.0495792 4.29151e-11 2.48847e-17 4.99926e-28 4.07133e-14
7.58187e-37 5.60468e-33 3.87022e-33 7.97853e-32 8.23012e-41 0.0461006 1.15672e-27 4.39502e-12 4.80907e-41 0.0253864 0.0538337 0.0691096 1.76454e-18 3.47735e-18 4.1253e-15 0.01482 5.35555e-12 0.00661486 5.34354e-22 6.82493e-18 6.39524e-11 9.4925e-08 1.36761e-16 2.33655e-19 7.90648e-32
0.000126777 4.93011e-32 1.58597e-08 3.64423e-31 0.111062 2.16095e-35 0.213808 3.53792e-08 9.11193e-20 0.0140519 4.35382e-15 4.43378e-16 0.0491483 1.77116e-20 2.28797e-05 1.73495e-20 1.8907e-08 2.10044e-25 0.0864695 0.0121795 0.00479511 1.81989e-20 1.55648e-13 0.0224862 1.57754e-17
3.30028e-24 5.9999e-17 6.4993e-36 6.13722e-21 5.00684e-30 2.0985e-05 2.32249e-06 0.00643107 0.0914784 1.13203e-15 1.8228e-08 2.63752e-21 1.25139e-26 0.0017883 1.88673e-15 1.14554e-24 0.046676 0.160859 2.38895e-19 2.77015e-31 3.25271e-26 7.66915e-08 8.86133e-21 3.24395e-11 0.0634258
1.80349e-21 2.71927e-07 0.00377237 9.55869e-19 4.50556e-42 2.24156e-22 0.185482 1.91604e-05 2.07309e-27 6.81299e-17 1.91954e-34 2.90676e-14 4.02151e-10 6.69506e-07 2.76255e-10 1.5928e-40 7.37068e-23 2.03672e-17 4.74126e-26 4.80772e-35 0.00557806 0.0557843 0.000693542 9.07843e-20 5.45412e-34
