1.25042e-68 6.22256e-32 3.28044e-37 1.09499e-38 3.52242e-16 8.52542e-10 1.48389e-07 7.61568e-50 2.46825e-15 1.26993e-56 2.81997e-52 4.67561e-39 0.0523158 1.21651e-57 8.93244e-45 1.66813e-10
0.250143 4.2885e-33 9.30289e-50 3.49973e-14 9.4406e-61 2.29584e-10 0.267464 4.19735e-55 1.23194e-18 8.02743e-72 1.93156e-48 5.96878e-12 6.23288e-29 4.04728e-25 5.04318e-45 2.72037e-48
2.07387e-37 2.41182e-63 6.69304e-57 6.27819e-30 1.06331e-14 0.406915 4.58945e-10 6.11888e-93 6.84753e-75 8.74769e-65 3.13769e-29 7.54065e-28 1.58745e-13 5.11766e-25 1.4525e-52 8.51282e-41
3.55502e-61 1.7741e-39 0.0467529 0.0559029 1.00324e-32 7.71168e-32 4.8349e-06 1.01434e-102 2.67619e-23 0.251423 0.0857029 1.38456e-47 7.85659e-39 0.0876168 0.0396383 0.000206916
3.38204e-43 3.60176e-59 2.43523e-31 3.34745e-09 5.52296e-09 4.64045e-44 1.92759e-18 1.18427e-82 2.88586e-67 5.23917e-14 2.45654e-38 3.29239e-67 1.4402e-11 0.0744104 6.526e-72 0.044432
1.09938e-07 1.92276e-55 0.265404 3.81936e-21 1.64879e-45 5.73706e-45 3.56822e-19 0.197054 2.45635e-38 3.1379e-26 0.000527841 0.0306325 8.83533e-14 5.42654e-32 1.94046e-63 5.0715e-14
0.0306508 8.4321e-47 2.51675e-42 1.08639e-43 1.10237e-51 3.23555e-47 2.15291e-26 3.2877e-69 1.72176e-51 7.80917e-20 7.11116e-59 1.95663e-24 7.00333e-47 7.34952e-59 3.29421e-39 4.2239e-53
1.14868e-22 1.28004e-59 1.25143e-20 2.84338e-14 4.09439e-34 0.0366665 2.99317e-22 8.92696e-44 1.92077e-55 3.22276e-42 2.71956e-58 1.15021e-29 2.3748e-55 3.98144e-45 1.31849e-61 1.072e-16
8.70425e-27 1.11267e-57 3.2579e-41 1.2735e-31 0.0720872 5.10715e-05 3.05987e-30 1.99977e-81 0.0395414 6.07564e-25 6.18808e-51 4.28861e-76 2.23662e-28 1.65964e-18 1.0836e-33 3.76202e-33
2.39154e-17 0.163615 3.92305e-05 8.10758e-16 7.5075e-54 1.19272e-17 0.106796 3.12066e-70 0.0475766 4.95131e-38 2.29835e-12 1.68737e-48 0.0161703 1.36385e-57 1.48438e-21 1.55547e-52
