1.74323e-22 1.50872e-115 1.72206e-80 0.485916 6.13473e-44 0.000446138 0.215756 0.303109 3.08759e-69 3.88092e-24 0.216328 5.51235e-16 1.57737e-47 1.99884e-27 3.43686e-62 2.35057 0.108986 8.69234e-39 0.0858502 6.50772e-22 0.0599344 1.14701e-21 1.92259e-32
2.35467e-46 2.22447e-54 1.8018e-29 3.36635e-79 7.02612e-70 0.0478415 4.79194e-14 1.2464e-19 2.02858e-25 3.76301e-14 2.17349e-32 5.10896e-50 3.54124e-55 2.39171e-48 1.64523e-40 2.82036e-15 8.38665e-13 8.78418e-44 3.07834e-97 1.56174e-30 4.90928e-22 1.60096e-14 3.74637e-51
1.38232e-16 2.61049e-41 3.36767e-31 2.37743e-69 6.57852e-67 1.94598e-48 1.87691e-44 2.02591e-47 1.77603e-61 2.20838e-27 1.23907e-27 2.16303e-09 3.7278e-76 7.7061e-52 1.59422e-58 0.141888 2.66969e-62 5.72408e-34 6.52354e-95 8.09066e-17 2.95237e-48 1.94214e-09 1.96369e-52
0.025185 8.62022e-16 2.62328e-15 7.67493e-52 7.74442e-81 1.19775e-39 7.79244e-25 1.68474e-56 7.43759e-81 0.0371368 4.86523e-61 0.0483145 2.79869e-53 6.23098e-44 4.9447e-59 0.103145 1.04754e-78 1.29196e-21 6.96534e-77 0.007719 1.40995e-30 9.77658e-12 2.02014e-57
4.0734e-39 9.05725e-65 6.5442e-27 1.7679e-60 4.12933e-44 2.55614e-64 2.07888e-49 4.94928e-22 6.87704e-31 0.000141094 1.36725e-19 0.0988871 0.0842858 0.00932701 0.0999693 0.678194 2.82778e-33 0.035667 1.2463e-101 0.422987 5.52808e-49 2.46356e-27 4.18909e-18
1.6792e-20 0.00639496 1.13392e-25 2.26742e-33 1.98408e-56 2.54204e-41 1.31405e-29 1.25749e-38 5.51175e-70 1.60651e-16 3.31774e-38 4.27914e-49 3.97986e-74 1.80136e-27 4.28914e-30 2.13733 1.65339e-45 7.74784e-41 9.08811e-58 1.71124e-32 1.50295e-53 5.55324e-14 2.38702e-13
4.95863e-36 5.37458e-73 1.73202e-41 2.04732e-38 7.74235e-70 3.93574e-52 9.01875e-48 2.63614e-53 1.27994e-53 3.49473e-24 4.15726e-65 0.0263296 7.21707e-79 1.72756e-55 1.18731e-49 0.000155874 6.6903e-47 2.73804e-42 6.38746e-103 1.95932e-20 4.28969e-13 3.14806e-11 0.0160291
6.45611e-29 3.16771e-14 1.28342e-26 4.58115e-67 8.91839e-64 2.69929e-53 9.33101e-19 6.05423e-59 1.15342e-67 1.98543e-21 6.42517e-42 8.7316e-36 4.95732e-42 1.19419e-38 8.62468e-34 0.295295 5.37832e-59 3.73946e-43 6.30759e-64 1.7904e-36 1.01393e-50 1.0851e-20 2.26941e-42
2.50231e-12 1.16938e-13 2.3167e-30 1.3769e-41 6.68836e-93 3.01355e-44 8.42329e-24 1.9375e-51 1.78189e-40 0.131623 1.23305e-53 1.7331e-57 9.77521e-58 4.9494e-31 7.48518e-65 4.23874e-12 2.16494e-80 3.60947e-54 3.31597e-72 5.08714e-10 1.2618e-53 3.22237e-25 6.17037e-13
2.94838e-79 1.36668e-09 1.03994e-06 1.74227e-74 0.0382528 0.00574711 1.5047e-18 3.54643e-39 0.0486802 2.77199e-20 4.48544e-51 0.00769637 7.20671e-19 4.45291e-44 3.22799e-47 1.88296e-13 0.0880026 0.0375351 3.05992e-57 1.69263e-37 4.77533e-47 9.64758e-11 3.21486e-17
2.05087e-12 1.84596e-19 0.000720746 2.22332e-55 2.59131e-86 4.21817e-34 9.54168e-28 2.49098e-48 1.11643e-74 6.94569e-29 5.19838e-72 6.02051e-53 5.42843e-56 1.01343e-42 8.28919e-73 0.192231 3.92481e-52 3.59891e-39 1.40373e-106 1.27571e-26 2.69627e-44 4.70659e-26 1.18135e-56
3.76556e-12 9.33127e-43 0.0151678 4.93197e-45 1.68197e-77 2.73092e-62 2.23826e-49 3.29611e-50 1.12515e-49 4.26049e-16 3.40821e-74 1.13217e-29 3.45233e-71 1.35403e-42 9.03328e-47 1.60417 3.5921e-57 4.69218e-30 2.65574e-93 1.43554e-15 1.79631e-54 1.99918e-09 2.44497e-38
2.37825e-30 3.93203e-47 2.20416e-11 9.75202e-59 1.14391e-84 2.36473e-14 3.96434e-46 8.3711e-54 1.95591e-52 1.71573e-07 9.27215e-71 1.37323e-24 4.28593e-81 1.00337e-49 7.60883e-48 2.85989e-08 4.58701e-77 1.32885e-24 1.69436e-81 7.53303e-22 3.36321e-51 0.197948 1.11648e-32
1.32538e-35 8.41203e-24 5.38841e-11 6.08272e-29 1.09599e-92 1.06081e-48 2.69579e-28 3.44444e-51 2.91019e-34 9.19862e-10 1.13847e-68 5.9113e-33 1.99208e-48 3.47022e-26 1.42051e-23 5.38683e-19 3.64886e-60 7.98308e-46 2.42703e-80 9.02204e-11 4.97898e-25 0.217661 2.88454e-47
