1.28863e-32 4.1459e-12 1.25879e-38 9.29154e-59 3.81066e-35 0.0638216 3.68186e-36 5.79049e-09 1.69404e-11 1.6408e-72 0.496502 1.31145e-26 2.1302e-114 1.33194e-143 0.100496 1.55921e-12 6.91485e-34 7.84544e-26 1.06079e-32 3.7361e-150
8.21476e-87 0.00602398 1.41245e-23 6.10912e-24 0.569931 3.04491e-65 4.34382e-60 3.22848e-50 4.8072e-51 2.1155e-122 3.09661e-64 8.76786e-82 8.45194e-70 2.02558e-112 0.016317 6.57071e-34 9.70625e-88 0.0114316 2.04774e-50 2.24036e-131
1.05809e-76 1.59607e-38 4.66355e-13 3.78919e-77 1.64481e-25 0.00604671 1.42266e-56 1.42606e-24 1.09917e-41 1.85928e-110 0.000691164 2.93209e-111 2.04949e-46 1.07307e-124 3.67152e-33 0.191295 3.05749e-32 4.07671e-13 1.55663e-30 8.63161e-169
1.46236e-99 9.95114e-33 8.35959e-05 2.70553e-67 8.78218e-43 0.180107 2.58682e-10 9.27697e-35 5.37342e-42 4.66983e-141 1.73713e-32 2.5008e-54 2.62926e-65 2.38517e-95 3.74956e-45 1.2448e-37 4.70877e-28 1.17568e-47 6.7639e-49 1.65987e-174
1.14729e-45 0.00285732 2.92658e-35 3.62487e-86 4.01243e-41 0.004629 1.09609e-17 4.00407e-69 1.39618e-40 4.42569e-168 9.78878e-73 2.39698e-104 3.45466e-123 6.01663e-129 1.29574e-51 1.71307e-30 1.10748e-40 1.26769e-07 2.04394e-08 1.09826e-143
2.5102e-24 3.98765e-40 1.47489e-23 2.21067e-79 9.9951e-24 7.11295e-56 2.05117e-43 0.151075 6.46162e-05 0.0665872 0.425252 5.69085e-36 2.92714e-12 0.208114 2.62092e-48 5.72031e-19 1.31588e-29 0.157821 0.372275 0.20388
0.155214 1.58089e-23 6.47961e-42 0.217545 3.34797e-17 4.70522e-39 0.0459308 5.34073e-57 4.48125e-83 2.56409e-171 4.12764e-53 0.0497417 0.0952215 4.18445e-125 0.0750685 0.00169182 2.41116e-31 3.75989e-25 6.53457e-37 2.02582e-63
3.47606e-51 8.26067e-38 3.67077e-28 7.66067e-08 1.3553e-61 2.20143e-22 3.5084e-49 1.19237e-36 0.191138 5.30928e-129 4.67505e-18 4.92499e-113 1.53148e-40 6.8133e-95 2.88422e-34 3.06936e-34 0.0191138 2.42664e-23 3.26034e-34 3.09718e-89
1.77981e-83 1.16814e-07 0.116765 2.2711e-75 1.57058e-13 4.65929e-06 2.95398e-63 2.25245e-39 3.51241e-06 9.38553e-138 9.11138e-66 1.34921e-63 2.11051e-127 1.10077e-105 9.95641e-62 1.18604e-19 2.34351e-36 5.75272e-57 0.018874 1.50074e-158
7.2128e-73 2.47869e-38 0.0614561 8.25179e-46 4.70997e-57 2.20429e-46 2.07056e-36 5.11431e-16 2.33903e-85 8.38986e-84 6.91506e-63 2.0809e-96 9.46564e-111 7.0548e-103 4.69788e-37 0.125671 2.24729e-46 5.46668e-44 8.27719e-34 3.45325e-125
1.06985e-52 1.7224e-07 3.7636e-09 2.18491e-46 1.00986e-30 8.8719e-38 4.50451e-65 3.31697e-37 7.77854e-70 3.70292e-116 2.04883e-29 1.39929e-52 1.57327e-38 3.74751e-123 1.20119e-58 0.191059 2.6787e-39 3.87526e-50 5.74052e-28 6.77002e-173
