3.71248 0.123987
1.53694e-96 6.21642e-183 1.03442e-153 1.07749e-80 4.06161e-87 5.27172e-22 3.88111e-57 8.26029e-167 6.59829e-22 7.8635e-140 1.07472e-96 6.52068e-112 2.0408e-93 1.32432e-130 1.90704e-19 3.82785e-109 0.0485731 0.125174 0.246435 3.1023e-165 9.22294e-28 2.72438e-44 1.14398e-32 1.30765e-34 9.15619e-84 0.250574 1.08088e-89 2.06965e-56 3.34981e-94
1.51841e-05 4.95914e-14 4.85036e-14 1.46618e-18 2.78579e-15 3.79737e-13 1.40965e-10 5.67144e-07 4.06781e-15 5.60209e-21 2.94878e-07 0.1545 0.0145888 4.57028e-05 1.00847e-140 8.64013e-135 5.57381e-142 1.82087e-67 1.54433e-155 1.94776e-163 4.43214e-156 5.54739e-48 1.13523e-149 1.97772e-110 1.11214e-150 2.09724e-106 2.70412e-179 6.98058e-49 3.46341e-143
9.46719e-58 4.96833e-111 7.32345e-90 5.66303e-28 8.88696e-56 1.14129e-66 6.44713e-97 1.88917e-111 5.77546e-33 1.27548e-73 2.70242e-47 1.00082e-48 2.31452e-98 1.45424e-80 5.74202e-47 1.04164e-36 1.36505e-121 0.054598 1.74304e-112 4.72531e-100 1.95469e-73 7.48955e-35 4.11498e-124 9.06856e-73 1.87914e-147 3.00517e-98 5.61485e-132 0.0458813 8.85547e-71
3.86801e-56 3.31061e-85 5.00105e-27 1.05836e-32 2.71833e-30 3.94788e-13 7.42856e-56 2.04004e-92 7.36513e-87 2.77713e-123 2.83692e-25 1.60806e-05 8.97107e-92 0.0010826 6.68534e-89 2.73679e-92 5.63651e-87 1.01809e-10 6.35242e-146 3.51041e-133 1.21032e-127 0.328777 2.12609e-72 1.37005e-17 3.96259e-119 3.55151e-65 2.58431e-62 4.88249e-36 1.30733e-76
3.6553e-64 0.0305935 1.12752e-96 4.22544e-86 0.0220849 2.61846e-13 2.50762e-95 1.78785e-80 0.00017895 2.31494e-86 1.49367e-54 4.62002e-49 1.7664e-34 8.37828e-46 5.52635e-142 4.25571e-69 6.29607e-76 9.01684e-76 1.58081e-140 1.452e-137 1.62255e-114 0.27927 2.53332e-133 7.12224e-61 6.44441e-119 2.15866e-79 1.40615e-113 2.864e-42 4.30893e-105
8.4715e-08 3.58673e-125 7.8659e-14 9.38577e-69 1.24054e-74 4.69452e-60 1.14759e-138 1.06149e-45 5.76129e-62 4.73711e-33 1.9302e-101 7.20767e-05 2.34256e-42 9.03693e-40 7.32778e-14 0.219063 2.15415e-88 2.03762e-54 2.09924e-109 5.52622e-157 3.55869e-87 0.962259 8.9158e-146 1.87914e-21 2.00804e-85 3.95897e-64 1.33852e-170 3.90562e-47 1.85795e-117
4.6067e-05 0.00010848 0.000329468 0.000299617 9.47917e-05 0.000124123 0.000191755 0.000271471 5.82466e-06 0.000209354 0.000492021 0.00725006 0.000683755 0.000379069 3.91154e-145 2.69782e-145 1.36891e-150 1.35188e-81 4.41329e-159 7.67378e-169 4.51306e-170 2.23865e-53 1.26319e-156 6.68224e-119 3.97711e-171 7.13635e-112 2.82752e-192 1.76636e-63 1.15052e-153
1.37673e-179 2.94543e-99 2.63047e-144 1.06449e-152 7.01787e-40 8.28885e-28 4.97623e-202 7.48209e-160 2.53923e-109 9.06649e-10 1.71555e-05 4.38812e-31 3.82214e-94 2.94206e-129 8.80679e-80 8.37654e-89 2.03331e-06 2.8832e-29 9.5673e-74 2.21509e-55 1.08328e-166 6.63307e-15 7.88442e-105 0.464483 0.289105 4.87679e-20 0.154942 3.01926e-43 1.08282e-06
2.27649e-22 1.78114e-182 2.83583e-99 5.60486e-15 3.98606e-121 1.23638e-160 6.97864e-77 1.65941e-67 9.68032e-95 4.37008e-111 3.49845e-15 1.51095e-98 1.0718e-78 3.66138e-133 0.0592391 1.80825e-47 4.42211 1.84739e-40 1.22525e-145 0.123359 1.48541e-117 1.2781e-49 0.160393 3.98598e-89 4.90218e-51 1.20956e-108 0.0414074 0.224743 1.05065e-145
1.36191e-18 4.19107e-06 7.5185e-08 1.74355e-12 1.14902e-42 9.11598e-14 2.4411e-13 1.46502e-43 4.26374e-29 7.90423e-30 0.0578647 1.96024e-07 4.99119e-18 3.39385e-21 1.55248e-128 1.29008e-104 1.29856e-119 1.78141e-45 5.2201e-129 1.69104e-155 2.23065e-150 8.79502e-29 9.98998e-136 3.02452e-99 1.71661e-125 3.17352e-81 6.04363e-179 2.32777e-53 1.56093e-119
2.46372e-72 2.1275e-21 1.41932e-17 1.23833e-54 2.53801e-30 2.98079e-29 5.28224e-53 4.94532e-60 1.49532e-20 1.81198e-27 1.538e-23 4.0074e-67 3.18133e-84 1.9943e-101 1.15481e-05 2.0298e-67 5.22154e-138 2.5715e-30 2.62239e-120 1.31226e-156 3.03305e-128 2.84682e-09 0.15883 2.78315e-80 8.43064e-20 3.26738e-50 1.02835e-186 1.06313e-19 3.77388e-127
1.91665e-42 1.02331e-67 3.97167e-106 2.1206e-157 1.84033e-142 6.93985e-12 1.40673e-76 9.18861e-65 8.57947e-25 2.4059e-88 6.73915e-154 5.99905e-126 4.66662e-157 4.06495e-62 0.00991153 1.12467e-55 3.59949e-89 7.64005e-55 2.13915e-73 0.000644295 0.411176 6.19354e-45 2.42082e-11 8.81304e-106 2.37355e-71 8.8686e-70 1.03649e-101 1.18904e-15 3.47854e-20
5.39185e-127 7.701e-135 1.15445e-98 4.96853e-73 1.29303e-96 1.31601e-22 3.4538e-45 1.36498e-82 6.29696e-74 1.07404e-42 3.87954e-09 8.80067e-33 3.81485e-88 1.48869e-105 6.84692e-127 0.118411 1.21001e-110 3.36983e-27 3.13239e-134 7.51418e-150 2.02399e-61 2.50221e-08 7.67271e-140 4.76151e-72 8.34641e-115 2.6059e-101 6.54609e-69 1.98424e-59 0.146389
4.10407e-74 1.50241e-23 5.52397e-60 9.77405e-74 1.19312e-68 3.30963e-114 1.53131e-105 4.31258e-15 1.25595e-59 9.61935e-120 3.59822e-36 1.37349e-25 4.32498e-16 1.66643e-30 5.13871e-69 4.62429e-19 4.00505e-71 0.359027 1.58801e-94 5.5946e-98 1.32918e-70 9.49434e-34 5.95187e-104 1.82092e-70 7.52404e-144 9.44751e-22 2.31665e-79 7.56379e-36 1.08082e-15
