2.44212e-07 1.46177e-14 7.06144e-11 1.08193e-18 6.82287e-22 0.000111369 2.53264e-17 4.54147e-11 0.000416655 8.20497e-14 2.30177e-06 8.32616e-13 0.00485871 1.26058e-13 3.5179e-37 8.97653e-32 4.2845e-28 0.000239443 3.26487e-37 9.79807e-13 0.0516366 2.26013e-34 1.28872e-26 1.43721e-30 8.12531e-33 8.42752e-24 2.63083e-26 6.2371e-14 7.9501e-16
1.16447e-07 3.4254e-16 3.63518e-26 3.45133e-33 1.39032e-21 5.10726e-20 2.16455e-09 1.20031e-19 6.92032e-20 1.71588e-08 2.01731e-21 6.73167e-13 4.93528e-25 0.001515 4.68177e-33 1.25717e-19 0.127608 0.389869 1.53763e-24 6.12656e-17 0.0390536 4.4902e-27 1.75014e-20 3.58215e-13 0.00431581 0.0104033 1.08393e-15 0.00218846 7.94574e-06
5.28329e-15 2.98055e-05 4.7858e-21 2.1674e-12 3.22985e-14 2.5263e-11 1.29228e-14 8.35529e-12 1.01572e-20 1.58423e-13 2.06253e-16 3.75666e-12 1.16197e-12 9.07326e-07 5.84524e-18 3.17273e-33 2.01101e-12 1.94763e-16 2.90977e-45 8.16495e-12 0.366452 5.31429e-17 5.29278e-28 2.36403e-27 2.66841e-11 1.54323e-28 4.69159e-18 1.14543e-07 4.73964e-13
0.00984549 7.68032e-17 7.0032e-24 1.74084e-34 1.07426e-07 9.12692e-06 1.27776e-09 5.44983e-19 6.11787e-30 3.14025e-23 2.6563e-05 2.12953e-24 6.17158e-22 2.77999e-15 0.0670066 3.67677e-15 1.0426e-15 6.03489e-08 3.32661e-34 1.6423e-25 0.0779549 8.45676e-10 0.0501361 1.15354e-16 1.31865e-21 1.23004e-14 5.33483e-11 3.37275e-15 0.0100142
0.00113398 0.00116373 9.0954e-06 9.50246e-05 0.00160534 0.000521884 1.46707e-05 0.000129615 1.07207e-05 0.0011702 0.00200289 0.000217032 0.0010449 0.000353572 2.41667e-40 4.32722e-39 1.0032e-30 7.02891e-22 1.40289e-47 1.00649e-30 5.63653e-11 3.91132e-38 1.32643e-33 4.6833e-45 9.6005e-34 1.0378e-29 1.50474e-27 2.09696e-21 4.87902e-24
0.00364152 0.000558463 3.38502e-15 6.36379e-05 5.79351e-07 2.25755e-13 7.77575e-07 6.29311e-12 6.52242e-07 2.73225e-13 8.24869e-05 2.87902e-10 1.1627e-09 1.04191e-07 1.29556e-27 6.3225e-23 6.61903e-26 3.74594e-08 3.40844e-36 1.23496e-27 0.500956 8.4587e-36 1.17993e-31 7.48984e-36 7.686e-32 3.80183e-22 1.18431e-24 2.63958e-09 1.27439e-15
7.74377e-14 0.000177134 4.97644e-09 1.46137e-16 1.28427e-15 6.24932e-05 2.10526e-17 3.6421e-06 3.23698e-26 1.83525e-19 0.00939447 1.53676e-13 1.49156e-16 1.34924e-10 1.93108e-31 2.38833e-23 1.02969e-25 1.08717 7.32258e-34 3.43136e-12 8.02521e-09 1.45284e-22 3.20562e-21 2.32657e-27 1.85003e-25 1.35788e-09 3.25928e-18 0.00662858 8.4445e-14
9.23689e-07 1.0556e-06 2.89652e-28 1.44372e-07 3.04655e-31 5.28215e-22 8.83519e-23 6.01174e-15 3.3245e-31 2.49045e-10 1.87895e-08 0.00402078 1.54463e-07 1.41039e-05 1.50595e-30 6.03191e-28 1.28167e-15 5.74816e-17 1.05477e-44 0.130221 0.391021 3.47188e-28 4.25021e-11 3.92877e-29 1.25031e-12 2.76527e-20 4.38558e-22 0.000238875 6.25138e-18
6.86385e-15 9.16622e-10 1.99011e-42 2.85198e-29 2.75917e-23 1.47435e-12 1.20032e-24 2.54923e-29 1.4585e-29 4.13916e-05 3.45323e-21 4.76786e-31 4.4746e-28 1.46566e-18 4.74119e-37 0.00366824 7.48434e-14 0.427495 0.0416859 1.15861e-17 0.00740467 7.01054e-30 2.2162e-18 0.0264694 1.05175e-05 3.93583e-12 3.94073e-20 0.0360925 8.79653e-05
3.78079e-33 2.21333e-15 5.64698e-05 2.216e-37 2.85188e-14 2.07538e-17 0.00439195 0.000161031 2.19815e-13 2.58412e-26 1.61088e-25 5.42608e-26 9.00378e-46 3.71043e-13 2.25179e-06 8.59928e-09 5.97665e-18 0.9918 1.0735e-30 2.04065e-07 6.25569e-09 0.0136958 7.41258e-24 4.2946e-06 0.0197672 3.53379e-26 0.0204762 6.93484e-12 2.86723e-20
8.2545e-05 3.77894e-08 4.41424e-06 0.000126766 8.80504e-06 0.000762759 4.67506e-06 0.00523097 5.23786e-11 1.37204e-10 3.55566e-08 0.000568916 1.24372e-06 5.90971e-05 4.41836e-35 8.00444e-39 3.90017e-30 8.5908e-20 4.38776e-43 1.33218e-21 0.0192945 5.17141e-32 8.4045e-29 7.17238e-42 7.92521e-33 1.75229e-27 2.39252e-21 9.22395e-19 1.80562e-17
1.29527e-15 0.0095724 6.22502e-08 1.38642e-09 6.49356e-06 8.87841e-17 6.01254e-10 1.67301e-16 7.59194e-05 6.85423e-10 1.66064e-09 6.7373e-15 4.07833e-20 8.7063e-11 4.20773e-21 2.80766e-32 4.6286e-24 3.92865e-18 4.27805e-28 5.35738e-19 0.0657808 7.84016e-34 1.16032e-17 3.38281e-36 3.14596e-14 2.19018e-14 4.07112e-19 1.2102e-13 1.56918e-15
1.28955e-08 2.97051e-07 4.93306e-20 9.55562e-25 1.53851e-05 2.25053e-09 8.91189e-10 0.000903367 8.17291e-26 1.29882e-08 7.2268e-21 4.07547e-21 3.4282e-18 4.14202e-17 2.71728e-20 1.08418e-35 3.3776e-27 1.30275e-05 1.1155e-23 3.44317e-22 0.1171 1.29045e-20 2.58514e-31 2.65227e-38 6.32797e-05 1.40976e-22 4.68391e-23 0.000164439 2.31965e-09
0.00982282 4.49153e-07 6.25533e-25 3.27768e-18 6.70139e-26 0.00120349 5.07097e-17 0.000452757 5.51042e-21 4.30072e-17 6.27906e-14 8.41392e-20 1.38515e-10 0.0025275 5.13208e-30 1.77602e-19 3.02607e-08 0.274606 7.42642e-29 2.49746e-10 0.218626 5.3193e-26 4.05391e-15 2.09529e-26 3.2441e-13 8.85683e-16 4.76562e-16 3.30822e-10 5.97761e-14
