5.0676e-65 3.73642e-10 3.08838e-130 1.27847e-38 5.27677e-94 1.38341e-81 1.02054e-72 9.92012e-19 2.52667e-87 5.05385e-40 1.19996e-46 9.81948e-29 4.94761e-75 9.28261e-27 0.0612703 5.2554e-56 0.0899587 0.155816 2.17117e-14 5.89909e-34 2.4094e-20 2.7622e-37 0.11253 1.07559e-103 1.49469e-99 1.30137e-59 1.50044e-06 1.16204e-39 8.81378e-35
0.000112313 8.06175e-07 0.00352814 2.38225e-05 0.00200541 0.000648597 0.00597504 8.84022e-06 0.00637723 0.023697 0.000481375 0.000154345 0.00481578 3.00196e-07 7.38067e-93 2.22998e-70 6.30089e-93 1.52538e-59 4.02766e-64 3.31941e-62 9.12486e-53 1.22106e-61 6.33678e-81 1.82025e-108 3.7208e-113 2.2883e-72 3.24037e-60 6.34973e-78 3.06039e-52
3.05967e-09 4.32697e-10 0.000123845 3.76362e-06 2.39261e-08 4.96127e-07 1.52844e-05 8.34523e-05 5.45384e-07 0.0808206 0.000958224 0.0143758 1.41711e-06 4.9242e-10 1.68418e-82 1.50106e-65 1.97566e-88 5.3072e-60 1.06894e-59 6.72015e-59 4.51061e-53 1.56012e-61 4.69576e-81 4.09067e-108 4.32905e-110 2.85952e-69 3.39731e-55 5.49653e-70 2.7806e-52
1.40607e-22 1.04491e-71 1.30494e-98 3.65729e-18 4.88067e-90 3.90088e-104 2.9087e-83 9.64344e-09 3.11574e-40 1.2851e-25 1.97382e-05 3.84681e-33 3.71733e-23 1.0461e-60 0.0471953 3.07517e-37 1.52864e-34 8.15954e-28 1.9901e-12 7.81558e-38 8.54354e-07 3.17821e-21 3.80257e-79 5.33077e-15 1.18671e-24 7.20385e-30 0.00293377 0.0217869 0.168685
2.17955e-05 0.114822 7.56794e-18 3.31511e-12 6.62328e-10 0.00021646 2.33624e-18 0.00281499 5.78497e-08 0.000309254 0.000896908 1.61409e-07 7.68387e-14 0.000240935 1.73987e-89 5.73949e-59 4.16005e-93 1.1315e-57 8.34706e-62 9.05117e-49 3.23325e-51 1.43137e-51 1.46991e-70 5.36233e-111 7.01031e-107 1.9679e-61 4.82377e-60 7.47449e-63 1.55375e-44
3.54514e-65 1.69976e-36 6.86567e-11 6.21607e-73 6.07894e-106 6.49388e-33 1.75028e-39 4.80496e-86 1.26862e-54 3.09351e-40 4.826e-28 2.57723e-52 1.023e-23 5.04766e-10 2.42167e-42 2.9624e-51 3.82853e-24 5.07931e-37 1.55147e-26 8.85114e-12 6.09825e-15 5.98167e-07 3.53012e-31 1.14147e-31 0.0670808 1.19124e-11 1.51372e-23 3.0453e-67 1.87562e-24
0.0728016 3.60244e-54 8.21523e-61 8.12437e-71 4.46429e-88 6.75648e-41 2.28685e-25 7.74355e-77 9.89352e-07 9.31057e-40 9.21647e-26 0.00253307 2.82267e-13 2.31109e-56 9.33757e-19 0.00486988 1.22102e-35 2.11481e-32 6.13935e-34 1.55849e-13 6.83792e-37 9.29919e-36 5.93368e-58 8.03012e-66 4.03046e-44 4.39891e-40 7.79433e-19 0.000146483 0.145969
6.01343e-15 8.06269e-24 2.31036e-30 3.77182e-11 7.7679e-27 5.59281e-16 1.71219e-16 1.40671e-07 0.02612 0.0141665 2.8173e-16 9.81395e-09 2.00717e-19 2.60291e-17 3.7525e-87 1.84768e-60 7.98477e-74 8.77746e-43 3.7854e-53 1.30024e-48 3.02347e-43 6.69173e-57 4.04686e-66 1.46424e-86 4.49191e-111 2.50381e-68 1.09528e-42 8.23738e-48 5.62988e-38
9.49071e-10 3.63199e-42 6.78973e-20 4.94874e-83 1.61802e-102 9.04339e-65 4.00325e-07 3.77617e-24 1.22091e-06 1.71037e-32 4.05214e-68 1.06348e-54 5.53173e-27 3.25656e-71 5.03588e-73 1.42087e-43 1.37869e-64 7.42863e-22 0.0616808 2.44976e-57 2.0732e-24 3.43118e-53 4.96126e-13 0.0543041 0.00014469 9.18597e-59 6.45964e-45 0.0394651 8.51995e-48
8.02714e-07 0.00246427 0.0140835 0.0381758 2.9586e-06 1.36785e-07 7.70624e-06 0.0008759 6.03908e-06 5.85473e-07 0.00649288 0.0040166 0.0129837 0.00132076 2.87412e-85 3.92949e-66 1.18824e-86 3.46604e-54 1.65302e-60 7.12202e-63 5.63024e-49 6.97102e-59 1.89805e-75 7.641e-105 1.25777e-109 3.18261e-73 1.3175e-56 9.77016e-69 5.83307e-47
5.83271e-41 2.32987e-58 2.8295e-109 4.78707e-102 3.28137e-09 1.56388e-94 0.00617069 1.21723e-18 3.18733e-119 7.40794e-23 2.00467e-12 8.35665e-53 2.27131e-69 9.27955e-40 8.07695e-42 2.71692e-18 1.86454e-49 2.17879e-22 2.41505e-17 7.08545e-54 2.482e-25 0.456913 6.69212e-37 1.08991e-40 2.03007e-53 6.78266e-56 1.73147e-59 0.000325378 3.52936e-06
1.06396e-73 5.67109e-84 2.02146e-48 2.06791e-45 3.90764e-06 0.109132 3.56392e-91 6.19409e-77 3.9968e-09 3.59166e-20 1.08704e-23 4.46308e-30 5.48221e-59 6.43324e-82 6.74999e-68 0.00386953 2.01088e-56 2.0128e-17 2.05158e-26 5.37698e-40 1.35178e-31 1.15538e-37 0.0142812 2.97733e-90 4.46257e-83 1.9085e-61 2.17686e-50 0.0316858 2.48988e-23
5.86186e-33 1.86576e-55 2.51588e-36 1.27284e-83 1.34473e-13 1.38489e-103 2.60479e-100 0.00200643 2.54847e-109 2.98213e-60 6.4377e-46 0.00878805 2.01164e-51 2.6116e-28 3.57975e-79 4.21008e-61 4.93019e-66 2.03155e-45 7.33726e-54 0.0658137 3.62976e-17 7.71513e-37 1.07008e-48 1.56528e-24 4.40787e-50 0.102319 0.146438 0.00321082 1.46386e-48
8.72616e-63 1.07602e-87 1.68674e-24 8.03098e-45 1.69882e-57 3.66896e-49 1.07302e-101 1.23685e-40 2.32487e-27 6.28551e-59 0.015702 9.18344e-19 6.22634e-45 8.22061e-69 2.29188e-34 0.00562776 1.68461e-88 9.62336e-34 1.92429e-54 3.83249e-36 0.0554684 1.47006e-24 1.95344e-71 1.74845e-60 0.184968 1.68629e-61 1.239e-30 1.22848e-51 4.15342e-25
