8.791 0.0556284
2.48524e-22 0.00543523 7.78604e-30 9.34957e-79 2.20759e-40 3.49595e-81 1.84571e-23 1.29045e-62 3.31276 5.67174e-07 6.88452e-24 5.41394e-34 4.61581e-29 1.37015e-12 1.03966e-63 1.26991e-30 8.01982e-25 6.32617e-83 4.59356e-32 1.54605e-132
0.0287645 4.84012e-22 2.65841e-07 1.70016e-60 9.84044e-50 9.67397e-72 2.47885e-51 1.42724e-83 0.110067 1.02545e-34 2.19258e-47 2.71269e-45 2.69795e-43 3.465e-27 4.48743e-72 1.32704e-52 2.05767e-42 4.43342e-75 4.06599e-39 7.34133e-119
3.08101e-19 3.79871e-126 2.47715e-70 0.0506119 2.82783e-20 0.0655985 0.027238 0.0701562 4.87055e-08 6.8022e-41 0.0187973 4.57753e-38 0.00201481 4.51241e-30 4.05252e-49 7.05667e-07 1.6084e-34 0.142801 9.1649e-34 0.0586894
2.86403e-22 2.0957e-28 0.113345 2.71695e-52 6.74616e-71 1.93103e-47 3.61639e-60 1.48991e-91 0.114776 7.24272e-18 3.97521e-34 1.02767e-28 2.39507e-44 9.94627e-44 1.42784e-72 1.56591e-39 2.30598e-10 1.61865e-88 1.53338e-20 8.41057e-122
1.06477e-23 3.26237e-34 5.00882e-39 1.50136e-63 3.20944e-16 2.30195e-26 5.6798e-63 6.67214e-94 0.556413 3.52868e-08 5.45197e-32 1.12617e-53 1.70529e-40 9.34083e-14 3.69012e-89 1.75777e-55 2.43428e-27 8.76839e-80 1.55253e-25 7.34407e-87
8.25798e-23 2.95645e-21 2.46405e-34 2.14462e-54 2.78748e-74 1.89549e-47 1.11072e-56 1.33027e-66 0.120194 3.15916e-07 1.48816e-35 2.50564e-50 1.16286e-44 4.8e-37 6.38716e-85 2.05056e-51 7.04176e-10 1.4028e-84 1.16929e-29 3.84603e-93
0.000262771 3.58326e-34 5.23064e-42 3.80068e-37 0.112487 2.38342e-56 1.28365e-15 3.00149e-80 0.856112 4.55239e-32 7.54774e-10 0.00403797 4.58657e-31 1.53277e-09 8.64772e-78 5.92781e-35 5.04346e-54 5.77481e-79 6.37483e-18 1.4451e-71
3.00769e-31 0.0129148 1.97591e-15 6.78358e-66 2.06305e-60 2.1826e-48 6.70091e-42 1.64004e-85 0.687352 6.03655e-48 2.61987e-37 1.7145e-59 7.24281e-48 6.83625e-26 7.04625e-99 1.06611e-43 8.82191e-25 9.08447e-85 3.01934e-44 2.41735e-99
3.45354e-58 3.33131e-70 2.64616e-77 1.13241e-37 0.0315185 1.38154e-47 7.99819e-27 3.46019e-79 1.66932e-12 0.0219602 0.0283901 2.66254e-22 3.20033e-29 0.337959 1.5326e-59 8.04882e-07 0.11314 3.83821e-39 0.000794689 2.04093e-65
6.13726e-36 1.70855e-22 1.30479e-23 2.99564e-64 6.26639e-72 3.02958e-82 9.33651e-59 5.15899e-71 0.146456 9.70701e-23 4.80916e-26 7.41023e-30 3.55459e-44 1.95459e-28 1.60518e-96 1.11619e-39 3.96317e-55 6.83434e-86 6.02842e-46 2.8956e-127
1.90751e-35 2.24865e-08 3.03236e-84 1.34672e-31 1.59023e-30 1.4679e-42 2.81918e-06 3.36824e-92 5.38427e-31 1.92778e-36 1.08869e-06 3.16916e-27 0.0260914 1.01197 0.541546 0.03234 0.000144133 6.02944e-29 0.139335 8.41427e-114
