3.80695e-168 1.09961e-59 3.21133e-47 1.60004e-112 1.01079e-66 1.52172e-321 4.68771e-182 4.59212e-50 4.22428e-247 1.35374e-321 9.38517e-101 5.16029e-175 1.2594e-103 5.70431e-286 6.14525e-136 7.2174e-84 3.81481e-200 1.85537e-112 0.258893 5.99868e-262
1.30587e-203 8.54121e-50 6.67444e-76 2.04898e-132 1.11226e-189 7.85056e-08 1.13535e-71 0.942745 6.68227e-260 1.10872e-216 1.9428e-172 1.49918e-177 0.39817 0.420217 8.29775e-198 9.20145e-192 7.44815e-29 0.435529 9.8517e-23 3.13445e-145
3.4007e-167 3.10999e-100 8.57856e-147 2.92964e-232 0.181996 2.76183e-321 6.35297e-07 3.92362e-131 3.61976e-259 1.61096e-314 6.6195e-63 8.38723e-191 4.07684e-301 1.11554e-290 0.209035 3.21869e-62 1.24755e-133 1.25873e-63 0.62754 6.92268e-242
1.89076e-172 1.2747e-110 1.54489e-130 0.587161 1.0779e-190 8.57016e-132 0.0108192 1.31368e-167 4.07487e-146 1.3735e-321 8.67992e-95 1.14901e-190 3.44704e-39 2.14817e-173 1.16211e-51 2.63326e-119 1.33137e-149 8.43316e-184 6.145e-204 2.22778e-249
4.2045e-321 1.20552e-320 8.64615e-322 5.88303e-94 3.97615e-201 1.31253 0.532236 5.12756e-11 0.597716 0.9872 1.19449e-65 1.83924 1.28714e-65 0.000355804 4.07935e-53 0.234393 1.91792 6.5738e-112 1.25014e-166 3.66489e-137
3.73047e-37 0.201787 1.86999e-10 1.27552e-250 1.05126e-200 2.76677e-322 2.06392e-226 4.22004e-178 1.4822e-322 1.5316e-322 2.82923e-172 4.39718e-322 2.12448e-322 2.17389e-322 5.02957e-297 2.91202e-318 2.72597e-282 2.2233e-322 1.99258e-179 3.96026e-309
0.0579 1.3922e-08 0.00921663 1.92575e-254 4.44066e-200 1.77864e-322 1.11344e-232 1.32684e-196 8.39912e-323 8.89318e-323 3.18126e-197 2.61855e-322 4.97491e-311 1.28457e-322 1.17826e-299 3.31024e-322 7.107e-292 1.28457e-322 6.96489e-200 1.07932e-303
3.83602e-09 1.48739e-28 2.76898e-181 2.52591e-88 1.54146e-174 3.60009e-102 1.14446e-121 2.00462e-49 1.69893e-136 1.67488e-321 2.21152e-179 5.45593e-276 2.72482e-319 4.00571e-225 4.64548e-301 0.713461 1.77925e-285 3.19383e-140 7.47676e-167 5.21684e-19
1.77276e-25 3.78448e-120 9.24705e-193 5.52672e-167 1.35498e-81 4.57921e-182 9.0125e-170 1.58199e-84 1.09906e-246 3.94509e-258 0.290609 3.34294e-196 2.8387e-45 3.18849e-07 7.69234e-125 6.39554e-272 8.39499e-295 3.38428e-224 2.72831e-141 0.623046
9.70584e-222 7.17768e-57 3.71391e-60 1.58141e-142 8.85157e-40 4.26926e-203 2.28554e-202 3.57539e-39 5.21466e-279 1.2154e-321 4.63475e-10 2.83934e-271 1.72814e-226 2.36896e-135 3.73496e-303 3.53257e-321 7.11009e-164 4.71258e-77 0.446449 8.85175e-45
4.94027e-203 4.20686e-146 1.45264e-158 3.76188e-194 3.66942e-106 7.26272e-128 1.41003e-40 4.72207e-124 9.32467e-169 1.66994e-321 2.64576e-91 2.55783e-185 4.30353e-58 1.93674e-321 0.181193 1.05323e-102 6.76328e-70 5.57134e-70 3.48337e-114 0.100662
