1.19819e-51 2.04121e-47 3.92975e-69 1.89466e-21 1.4196e-50 4.24591e-119 9.25838e-170 4.18901e-38 1.84322e-60 0.00014281 1.14272e-186 3.81703e-15 0.0536012 9.57718e-37 2.00053e-49 4.23064e-30 1.65463e-05 1.85881e-54 0.107388 1.80472e-25 6.86156e-45 2.37542e-65 2.22332e-55 1.96378e-85
2.92414e-45 2.44411e-106 2.31336e-150 9.18702e-61 1.08407e-72 4.36525e-22 1.82196e-06 2.88774e-46 4.92691e-64 3.22821e-76 1.46773e-189 2.94567e-57 4.00766e-69 0.0857707 0.410832 2.8522e-50 2.25426e-27 3.10052e-90 3.19454e-74 6.8296e-77 3.06298e-154 3.78998e-22 3.2923e-169 2.12423e-11
7.26439e-22 0.0364437 5.04634e-167 1.08826e-58 2.73191e-43 2.44318e-24 0.0189163 4.93623e-147 3.53727e-49 0.0966721 4.26167e-62 1.66504e-11 1.33827e-99 1.70013e-157 4.07629e-149 0.166114 0.152579 0.34895 1.09008e-05 3.99917e-08 8.856e-141 9.07068e-36 1.71473e-93 1.31686e-24
1.03379e-35 0.475598 2.66364e-84 3.38618e-47 1.04729e-65 2.64993e-81 1.54381e-57 7.04513e-80 6.04898e-115 9.58446e-37 1.76595e-121 1.63296e-49 1.67308e-53 1.71669e-144 2.50711e-42 2.03506e-53 1.02456e-190 7.32799e-71 1.10497e-38 2.80023e-85 4.26612e-131 3.3365e-64 4.51241e-171 1.33364e-74
2.02099e-189 2.76493e-05 1.99965e-77 1.33147e-45 4.19256e-41 4.81682e-70 8.95968e-160 6.35659e-176 7.29989e-263 3.25386e-162 1.18898e-177 3.71743e-121 1.76247e-84 3.88577e-158 3.57918e-129 4.14617e-67 5.59568e-26 1.41726e-13 2.03416e-67 1.48527e-85 4.49977e-29 0.325034 0.310771 5.51038e-46
5.58688e-218 2.03642e-110 9.12093e-20 5.61382e-69 1.80136e-141 9.10006e-40 2.20219e-16 2.53751e-137 1.65432e-51 9.10403e-140 1.36206e-89 0.00176143 0.110014 5.59699e-145 3.32083e-139 2.23768e-21 8.2212e-77 2.07996e-63 3.1878e-72 3.99904e-06 1.41159e-24 1.29341e-81 5.49487e-216 5.39041e-71
8.6084e-132 5.26241e-87 1.11949e-178 1.39855e-147 6.59713e-67 1.03321e-28 1.36293e-16 2.3598e-76 6.60591e-156 1.69996e-15 4.21947e-175 1.4489e-14 0.0587239 2.24128e-142 1.20169e-144 0.139321 3.29525e-61 1.58236e-76 1.75076e-16 0.236983 3.98089e-95 5.79599e-32 6.0959e-190 0.110496
6.12595e-191 2.27034e-83 3.78092e-159 4.54731e-130 7.36246e-24 0.00114412 5.94844e-141 2.62932e-11 4.09416e-125 2.3109e-85 1.9844e-47 1.53706e-99 6.87034e-41 2.42342e-139 1.93095e-88 9.65096e-89 1.9809e-124 2.18544e-87 9.5618e-37 6.52439e-17 0.362665 5.36457e-72 5.83425e-73 0.00117923
2.2951e-51 2.84716e-98 1.15911e-13 9.29419e-70 3.2727e-130 1.28408e-88 8.8085e-67 7.05622e-141 2.86776e-45 1.33094e-34 1.52486e-16 2.11563e-50 4.41894e-44 2.80339e-149 1.47123e-86 1.78642e-86 5.10264e-42 3.02387e-22 1.42992e-17 0.316426 5.03414e-33 3.84708e-20 8.4185e-163 3.41485e-95
0.00150412 0.00299149 0.000502669 0.000432553 0.00517499 0.0122711 0.000247498 0.00055076 3.08986e-06 0.000620736 0.00105626 0.000968976 8.91495e-130 3.77936e-163 1.44609e-154 1.22667e-93 1.23898e-195 8.03565e-175 4.78066e-82 1.29602e-121 2.59709e-168 4.05078e-128 2.43614e-226 4.94534e-106
