5.41693e-150 3.20645e-67 2.8923e-101 2.49355e-104 1.17442e-60 3.44978e-120 1.58474e-158 2.15199e-112 7.51487e-213 5.89224e-43 4.13082e-226 1.53259e-85 2.04492e-65 3.54194e-119 1.25635e-101 2.07641e-09 2.83828e-239 5.92764e-37 2.11207e-64 7.41916e-115 2.47528e-40 7.62053e-109 0.204363 3.75612e-97
1.74961e-84 1.10175e-81 1.13236e-41 6.97699e-58 6.31455e-47 0.467743 1.86914e-143 1.37099e-108 3.3744e-179 3.72349e-82 3.53585e-36 4.27712e-138 0.176116 3.13817e-90 0.147207 2.97472e-09 0.136191 1.94025e-62 2.26719e-73 6.89968e-23 0.129702 4.41909e-163 3.66851e-37 1.39757e-149
5.53187e-89 1.86631e-23 3.84025e-87 3.83393e-121 1.19423e-122 1.88705e-28 2.93918e-83 1.09533e-116 7.46659e-157 4.56945e-72 5.00287e-236 3.08025e-115 2.32819e-125 1.79976e-135 6.11852e-129 1.46447e-58 2.27323e-202 0.269597 1.28334e-98 6.20732e-149 1.01073e-99 9.75688e-56 1.84499e-95 5.25966e-44
9.57222e-191 7.20441e-144 0.0672355 3.8336e-33 0.43529 9.28719e-134 4.78128e-82 0.61103 3.71819e-228 7.5908e-127 0.214027 1.82801e-21 6.4357e-32 2.02041e-66 5.17082e-196 2.46158e-58 9.823e-224 0.17874 7.58675e-75 8.78031e-61 5.59203e-35 3.43888e-83 2.80372e-86 1.09082e-67
2.17905e-128 5.85286e-175 4.43706e-175 4.74611e-47 0.0272274 1.53503e-47 1.04387e-89 1.97755e-63 2.47089e-202 4.68473e-70 1.0131e-152 9.11892e-121 2.10723e-152 1.09427e-216 3.49833e-73 6.16288e-47 4.21661e-123 1.27571e-126 4.15399e-50 2.59995e-123 6.63881e-57 3.84029e-06 3.95526e-44 1.92651e-112
7.27291e-100 3.17985e-126 1.61857e-21 0.204719 5.97834e-83 5.60663e-166 5.79279e-120 4.02325e-38 2.3609e-264 4.18769e-97 2.0609e-237 6.33007e-129 1.57428e-69 0.447332 1.30881e-136 1.82537e-89 3.01496e-38 7.57411e-133 0.0885104 3.48614e-10 1.93597e-111 0.242866 1.17542e-77 5.69837e-72
2.58303e-56 4.08346e-133 2.86222e-67 6.86851e-150 0.730865 6.15521e-79 2.28717e-93 2.46893e-44 1.28844e-251 8.53811e-84 6.50645e-105 7.44763e-141 5.71768e-193 7.56896e-64 2.73055e-130 0.000426117 8.72942e-96 1.65654e-124 1.23715e-44 3.66548e-86 1.77687e-184 7.63284e-146 5.4044e-66 1.37879e-95
6.90363e-68 0.25374 3.16163e-114 4.75475e-78 7.08913e-120 3.07722e-108 9.60449e-178 9.68259e-18 0.201323 5.6313e-88 4.28555e-96 1.07028e-09 3.06729e-76 3.46104e-121 3.00871e-197 4.73661e-56 9.93307e-10 6.29632e-23 2.15296e-89 4.70997e-26 0.25927 4.0698e-111 1.37714e-28 1.0082e-88
5.13013e-187 4.92458e-15 0.138222 2.30208e-13 2.69899e-59 3.54411e-11 2.94244e-118 5.8717e-26 3.32123e-97 0.214297 3.77101e-220 0.349342 4.01691e-140 1.32562e-74 1.74959e-120 1.29624e-64 0.266336 4.50407e-96 1.79521e-67 0.315852 1.91919e-102 3.0876e-110 0.629888 0.300781
0.0582698 1.16503e-53 5.36978e-127 1.54997e-135 0.0417152 9.44203e-120 0.231361 1.11118e-46 2.72928e-147 1.14207e-54 3.86257e-113 2.13633e-116 2.17136e-187 1.82706e-151 7.28344e-142 1.92703e-56 7.94495e-220 2.75795e-33 1.24625e-10 4.29968e-136 1.09989e-67 0.165987 8.25372e-46 9.82308e-109
0.131912 0.0295505 2.49658e-167 4.46353e-56 1.79482e-35 6.0055e-16 8.82187e-151 6.78182e-45 1.72727e-188 5.43677e-106 4.18754e-184 3.43316e-25 1.50333e-156 1.22481e-84 2.23817e-153 3.74954e-58 1.69963e-185 1.72246e-78 9.89581e-122 2.87577e-102 3.27899e-146 2.90071e-63 1.5477e-125 1.06303e-63
4.01188e-199 2.30355e-59 5.68553e-154 1.93644e-131 2.91088e-35 5.61458e-112 1.65321e-127 2.34853e-141 9.76358e-250 1.35586e-89 4.70808e-115 0.000745426 3.43358e-106 8.43395e-159 7.11401e-103 0.23914 3.72863e-133 1.37557e-72 5.53014e-91 6.74896e-52 3.02374e-65 1.17422e-127 1.55266e-63 1.07639e-95
2.21726e-115 1.79178e-83 1.78171e-172 3.63081e-102 2.6982e-55 8.05558e-106 2.84679e-55 1.52577e-90 2.27865e-190 4.53946e-88 1.86553e-106 1.32015e-12 2.33166e-151 2.59592e-168 7.60749e-121 5.54257e-51 5.37452e-240 1.032e-98 1.97843e-39 4.68531e-54 6.7159e-190 9.03943e-52 0.333266 3.19412e-96
