4.1645e-101 2.09317e-50 9.44779e-63 6.21186e-143 3.63051e-110 2.53255e-72 5.43321e-164 1.45367e-166 3.31238e-149 8.0362e-117 6.76348e-32 1.89254e-55 3.63501e-49 2.23416e-130 2.37909e-153 0.322366 9.09227e-94 1.03072e-32 0.0251444 3.33749e-139 1.60225e-29 2.27163e-78 2.14201e-128 5.37044e-90
6.30511e-75 1.21431e-112 7.53804e-62 8.09207e-172 4.18353e-234 3.03498e-289 1.35745e-71 0.260371 2.51519e-165 7.03589e-58 3.96837e-95 2.00887e-151 7.94767e-142 9.44263e-164 3.74585e-63 1.08084e-198 8.04917e-102 4.13102e-85 8.0289e-123 5.68809e-228 1.20665e-37 2.2875e-173 5.64365e-59 5.4345e-142
6.97546e-184 1.07747e-20 1.01428e-48 5.09862e-215 1.35395e-18 4.94894e-122 4.02521e-98 7.21118e-21 2.58787e-254 0.260976 2.94996e-71 9.46518e-52 1.52705e-74 1.27183e-225 1.6789e-160 2.45292e-27 4.59345e-101 2.15526e-215 1.02755e-44 4.04253e-159 5.72707e-38 4.55496e-236 0.35298 9.04369e-142
1.31669e-26 1.9253e-99 1.11978e-91 4.96908e-124 1.20007e-230 1.00288e-186 2.06515e-201 0.182904 5.6757e-55 3.84391e-91 3.25989e-126 3.96292e-34 0.206033 2.22589e-94 1.41468e-126 5.01421e-242 2.77207e-217 0.312483 5.40967e-169 3.41569e-150 2.43233e-11 4.51967e-256 2.679e-28 0.289459
0.145044 1.48866e-127 1.92976e-170 7.10356e-160 4.53802e-180 5.33879e-162 2.76485e-195 0.250679 1.23498e-125 1.06011e-73 4.3476e-141 4.01072e-108 4.67357e-39 2.75804e-165 1.48471e-119 1.23052e-174 6.87227e-115 3.46469e-158 3.87217e-125 1.08039e-62 8.26823e-06 2.18057e-115 5.665e-90 6.10445e-20
3.67183e-152 6.91248e-136 5.31461e-79 3.49355e-109 2.04093e-178 5.16396e-277 2.64874e-43 0.535656 6.05519e-73 1.839e-51 8.48392e-126 6.32067e-98 7.21314e-48 1.63252e-48 4.97435e-96 2.33923e-246 5.15324e-44 1.04319e-34 5.20894e-217 1.78197e-225 3.07227e-192 3.39337e-134 4.37974e-05 1.17865e-98
7.32732e-236 1.27667e-94 8.43549e-164 1.88816e-73 0.0744263 1.32572e-146 4.3198e-92 4.84872e-46 0.246847 2.45849e-53 4.01009e-215 5.11835e-160 1.08236e-155 0.127718 0.160649 2.04243e-07 1.9898e-98 5.09353e-160 3.69156e-128 6.75374e-172 5.54487e-143 2.73758e-151 7.28859e-102 4.03224e-75
8.8294e-40 9.12679e-113 5.55428e-185 1.28581e-74 8.92362e-210 2.15652e-267 8.51648e-87 5.74534e-95 3.13094e-123 5.22719e-93 1.06371 5.70583e-98 2.09668e-135 1.71173e-35 1.21774e-64 2.2735e-257 1.43717e-277 1.03804e-64 1.50596e-191 3.90804e-179 6.92884e-39 4.14939e-176 2.29549e-44 4.59784e-201
1.29183e-119 9.28678e-146 0.347909 0.162905 1.39445e-127 1.88836e-205 0.363442 5.67516e-143 5.49333e-56 2.24535e-17 6.25254e-29 3.64249e-149 4.00508e-154 7.61453e-135 1.43741e-90 7.15772e-246 0.471127 0.00076502 6.6413e-67 8.4667e-204 0.330823 2.16163e-87 8.4941e-11 9.24145e-58
8.9427e-96 1.06178 7.03129e-100 1.94428e-113 0.025114 0.762245 1.33249e-38 2.03878e-142 3.19575e-08 1.17431e-36 2.22878 0.225424 3.44816e-15 1.35025e-37 6.78425e-19 2.85571e-104 3.25827e-184 7.06603e-66 2.7257e-225 0.805014 1.72416e-88 0.986657 0.489723 1.2489e-140
2.38112e-100 6.03493e-66 6.67932e-110 8.68238e-168 4.40348e-93 1.83667e-185 4.67762e-16 4.12166e-84 5.77339e-230 1.05735e-17 1.37021e-179 3.30792e-172 2.9179e-51 4.19468e-119 7.10199e-108 1.38865e-62 4.71038e-189 3.36648e-160 0.243104 3.8067e-67 2.38175e-195 4.51429e-250 4.84646e-86 3.41418e-205
3.33755e-22 5.52442e-50 7.54889e-30 3.14878e-49 1.13131e-230 1.08236e-151 1.36583e-133 8.89447e-116 6.07789e-205 1.49403e-70 0.11913 5.18344e-27 1.53331e-55 3.83603e-172 2.29567e-200 0.339396 6.97141e-34 1.71023e-103 5.49215e-73 2.21651e-29 1.5554e-157 5.61701e-217 3.75486e-167 2.73671e-45
5.61986e-203 1.57793e-87 5.38402e-67 1.48358e-198 2.84178e-101 3.81233e-306 6.32983e-178 1.87863e-147 5.94317e-12 5.37537e-106 2.51526e-87 3.72024e-81 5.81551e-163 3.13323e-94 3.47497e-63 1.66785e-210 3.36144e-67 2.31616e-107 6.22622e-156 7.75302e-75 4.72192e-124 2.04367e-70 3.10383e-93 0.110141
