3.70628 0.404197
3.84383e-321 3.64126e-321 5.30647e-201 4.13641e-51 1.57798e-192 0.0321865 5.90593e-53 3.1472e-321 0.0929999 6.15623e-290 4.92533e-277 4.15495e-194 3.35965e-198
4.47491e-171 3.41399e-321 2.081e-319 6.28291e-146 1.40133e-109 2.66389e-111 0.389051 1.92686e-321 2.13238e-95 8.94259e-322 2.47033e-321 1.05236e-321 4.55387e-218
0.739927 2.25247e-282 5.27728e-16 9.20485e-121 1.28382 6.62649e-32 2.9271e-211 2.15858e-26 5.19467e-28 6.52236e-179 3.18672e-321 1.50272e-151 1.61559e-321
5.52701e-316 4.20944e-321 4.9435e-49 2.6728e-259 9.30124e-287 3.72203e-33 0.0102021 2.54524e-239 1.15216e-320 1.29664e-307 2.08496e-321 1.71441e-321 6.97937e-98
1.04989e-272 3.62907e-242 4.06246 1.05394e-197 8.20663e-175 1.19072e-115 4.99489e-238 2.35942e-166 5.27312e-303 1.36362e-321 8.4703e-234 2.25294e-321 1.76653e-55
8.68205e-105 3.12744e-321 1.2171e-139 7.30294e-56 6.67395e-267 1.76865e-23 0.426625 1.09129e-208 1.70439e-305 1.49702e-321 6.10565e-312 7.8566e-247 5.99224e-87
0.401795 4.88137e-321 1.03318e-255 6.00451e-257 7.52997e-280 9.05387e-223 6.20268e-193 5.40103e-221 9.34176e-46 5.78427e-206 2.54842e-81 3.37941e-321 1.25793e-292
7.15916e-211 3.00886e-321 1.95156e-320 1.83559e-72 1.93788e-195 0.455593 1.49604e-86 2.20847e-321 4.05712e-319 6.85288e-178 2.10472e-321 1.91697e-321 3.48373e-299
7.86177e-293 3.04839e-321 1.7485e-320 1.35809e-19 5.70457e-26 1.57293e-23 1.22248 1.78288e-179 4.06675e-09 1.06224e-321 5.51113e-261 1.42785e-321 2.96516e-15
5.10944e-242 4.35272e-321 0.461416 0.288353 1.39679e-52 5.60471e-70 3.05983e-57 8.99085e-92 1.58519 1.082e-321 2.66301e-321 4.99585e-316 6.72028e-65
6.38507e-153 2.46539e-321 5.80744e-93 2.33041e-110 1.17756e-206 3.79587e-285 0.0804351 1.63536e-321 6.50167e-179 1.32895e-244 1.77123e-242 1.2154e-321 1.69686e-140
4.83987e-82 3.07309e-321 1.81619e-320 3.70009e-140 5.88296e-191 0.231581 8.68028e-192 3.24741e-66 1.72986e-92 5.45052e-229 2.7605e-187 1.3241e-321 1.93168e-302
7.78763e-134 5.72622e-321 2.27814e-320 1.15273e-188 1.8165e-09 6.73286e-246 4.47861e-131 2.76183e-321 1.25003 1.88239e-321 2.97922e-321 1.6114e-214 6.37458e-317
2.46539e-321 2.79641e-321 8.28033e-200 5.39792e-177 6.52249e-251 7.51187e-99 0.051117 3.50779e-279 1.34475e-137 9.0414e-322 1.57113e-321 1.30433e-321 1.3972e-181
0.0229842 1.70038 3.11558e-320 4.6609e-216 9.61212e-39 1.1323e-201 1.25874 0.91776 4.04811e-146 0.613574 1.23402 0.808564 0.388625
9.33948e-161 2.97501e-226 2.5306e-320 1.91517e-29 0.44069 6.5557e-52 1.15729e-186 3.1288e-178 5.13721e-87 1.55631e-321 3.1966e-321 4.45383e-235 4.44478e-19
8.51257e-84 3.98217e-321 6.52394e-21 0.309359 1.03504e-213 5.27323e-278 1.22521e-221 3.53647e-142 1.64728e-156 1.40809e-321 2.00988e-268 1.42785e-321 8.20032e-110
1.89173e-83 5.3314e-300 1.09835e-239 4.06126e-261 0.862843 8.32039e-208 2.46149e-23 4.65169e-283 2.54676e-235 1.08141e-319 1.78375e-256 2.5046e-310 1.36802e-173
