7.87142 0.219757
1.71751 2.05254e-131 1.33192e-172 1.9812e-321 2.15483e-159 2.49239e-118 7.11372e-89 1.42885e-235 1.38769e-160 3.37883e-67 3.03468e-100 2.74582e-114 2.39684e-45
9.91609e-94 3.3315e-186 4.49552e-198 1.57142e-294 7.31051e-36 2.18158e-54 7.60473e-92 3.29485e-275 1.61273e-36 1.07393e-164 2.51304e-220 2.90158e-124 1.32754e-07
0.825107 2.55144e-177 5.30186e-234 1.22789e-274 4.88985e-150 7.42007e-20 4.69682e-20 3.49473e-278 5.37597e-40 2.78166e-117 2.22157e-231 2.96595e-59 4.1672e-45
0.9776 4.35443e-35 1.40442e-196 6.41547e-255 2.57902e-321 7.67724e-85 7.2975e-17 1.55123e-125 8.35995e-44 5.2088e-171 4.47262e-218 0.536236 2.44379e-46
1.82686e-55 0.00694751 3.70985e-34 3.56672e-157 2.45033e-144 1.06104e-159 1.00692e-54 8.46114e-210 4.36096e-109 8.66962e-46 1.52961e-192 1.76381e-41 0.225047
0.560584 2.98158e-130 6.00882e-102 1.97132e-321 2.99117e-245 2.56369e-77 2.40889e-52 1.60305e-254 6.56639e-55 1.03616e-144 9.18383e-288 1.26134e-103 2.5559e-118
0.922075 1.32035e-95 1.89525e-166 7.12464e-263 5.34957e-272 5.42536e-190 3.00884e-100 1.89615e-147 4.5712e-58 1.80347e-170 4.28015e-208 1.25047e-104 2.01325e-48
0.80067 2.09379e-56 1.54895e-97 2.56585e-209 1.00097e-230 1.05239e-133 4.50699e-98 1.45629e-277 2.71531e-121 6.24126e-60 3.11455e-269 8.24289e-55 3.01555e-43
1.11336 6.16221e-139 2.41671e-245 1.01565 1.29139 7.75858e-06 0.503605 0.164712 2.09179e-141 1.03241e-22 0.305095 1.02959e-85 0.0515907
1.11456e-97 6.58149e-18 0.10719 4.78228e-226 1.69811e-164 2.07977e-39 1.15404e-40 2.43641e-281 0.063384 0.214107 6.40393e-96 9.00963e-110 2.25252e-84
4.77389e-84 0.156472 5.06781e-102 1.43196e-262 5.9246e-111 2.52768e-61 9.87101e-92 3.48243e-115 3.63705e-114 1.06185e-126 2.31347e-252 4.7622e-47 3.37811e-88
2.47656e-99 4.21741e-139 1.81794e-210 6.72671e-212 6.29241e-63 9.88033e-63 6.80221e-43 1.50671e-126 8.48277e-201 1.97756e-112 0.286864 4.64534e-115 7.10821e-22
3.17295 5.4215e-145 1.04343e-211 3.39932e-289 7.27565e-200 3.92636e-91 3.12988e-36 2.70448e-231 6.29882e-87 1.28641e-82 4.01267e-166 1.93248e-121 3.18916e-74
5.73184e-155 1.52244e-157 1.68444e-198 5.74058e-310 2.76668e-287 2.5668e-120 0.0301394 5.9668e-161 1.08158e-163 4.61244e-184 3.04715e-186 1.41809e-78 1.64404e-105
0.681371 3.5874e-134 3.31466e-199 1.57178e-218 3.1517e-287 4.45286e-94 5.94677e-15 9.77239e-200 1.84161e-111 5.75664e-129 1.2721e-269 2.76434e-114 1.80457e-111
1.04147e-128 2.68027e-74 7.06356e-117 3.07309e-321 3.60124e-111 8.7892e-150 9.93834e-100 1.20708e-163 0.28059 1.40886e-173 1.8962e-58 0.0033655 5.52883e-115
0.317934 2.91821e-92 6.65851e-230 1.66994e-321 5.70076e-305 5.04025e-145 2.64506e-77 3.22693e-248 4.70556e-131 2.72479e-120 4.68616e-250 9.02374e-94 5.3223e-127
5.44023 8.13607e-34 5.82851e-97 4.14105e-169 1.42812e-136 0.499019 1.09033e-20 1.91575e-270 1.42182e-175 1.41377e-174 9.37631e-230 3.83134e-60 0.033368
