5.33618 0.543942
1.52666e-321 1.51678e-321 2.09484e-321 0.158791 3.32012e-321 9.43665e-322 3.30218e-233 2.31223e-321 4.71848e-282 2.05531e-321 3.87842e-321 2.37913e-258 1.707e-320
3.74996e-321 2.35911e-16 6.60566e-321 3.64905 1.22232e-320 2.91597e-09 3.0337e-219 1.61948 1.28529e-157 3.87023e-106 2.20281 3.2854e-226 4.0686e-295
1.81322e-321 1.23026e-32 3.7549e-321 0.0331923 1.55424e-169 1.40315e-321 2.84829e-320 7.86867e-298 0.318861 1.14573e-270 5.1531e-321 7.0445e-107 8.6682e-243
6.06567e-219 1.08095e-07 3.55233e-321 6.08676e-68 0.337246 2.21538e-97 2.80903e-81 4.87136e-137 3.6619e-285 1.00706e-106 1.50292e-262 1.30285e-320 2.45397e-301
2.41104e-321 3.52961e-107 3.82095e-212 2.85047e-127 4.90607e-321 2.93475e-321 2.6724e-320 5.37602e-167 2.47644e-47 3.0138e-321 2.47428e-263 0.0270981 3.95338e-307
3.81236e-15 6.22946e-249 0.475963 7.37233e-42 6.54092e-287 2.88534e-321 9.29534 5.56318e-321 2.95384e-249 1.08679e-260 6.30428e-321 4.36462e-164 8.07967
2.80245e-218 1.40204e-35 8.62293e-239 2.47756e-148 7.80841e-183 2.66301e-321 1.15016e-157 4.02664e-321 2.89787e-213 6.62466e-266 6.38827e-321 0.0443292 2.35867e-320
3.06815e-321 8.86863e-203 5.3952e-321 6.16595e-96 7.13925e-321 0.790101 3.75962e-318 2.66263e-187 1.97222e-249 0.843137 2.04241e-142 9.31071e-194 3.99327e-213
1.00987e-320 2.78558e-274 2.23318e-321 0.781839 3.49798e-321 1.48714e-321 1.95551e-320 1.48833e-262 4.1196e-268 5.5072e-213 3.4634e-321 9.14021e-321 1.60917e-320
1.88733e-321 2.12942e-321 4.07604e-321 1.57161 4.32912e-239 1.5316e-321 2.32754e-320 3.44364e-321 7.60789e-174 1.17237e-166 3.90806e-321 1.49144e-304 1.71175e-299
5.87165e-215 5.17573e-187 0.857543 1.71384e-53 1.05125e-223 6.5961e-96 3.50866e-09 2.21947e-198 1.26272e-297 1.52017e-53 1.17207e-116 3.16599 1.75585e-274
1.41303e-321 5.25965e-159 2.7223e-321 0.39066 3.44858e-321 9.58487e-322 1.22199e-184 1.1798e-267 3.04879e-302 2.38634e-321 4.26873e-321 1.19764e-173 9.49661e-221
1.65778e-267 2.411e-229 1.17115e-279 1.88482e-112 4.67208e-293 7.08758e-79 3.51824e-320 5.07405e-321 1.01002e-154 3.46338e-117 5.16363e-104 7.30184e-15 0.793477
4.43853e-14 0.028434 4.48118e-321 1.25375e-123 8.32007e-321 4.56374e-235 3.92436e-320 1.08736e-185 2.22769e-160 1.91177e-248 8.41394e-321 9.53944e-197 2.00196e-123
4.51837e-175 0.589441 3.82901e-321 4.87796 0.876614 2.18785e-274 6.33935e-264 4.05628e-321 7.55599e-273 5.17956e-27 7.84576e-321 3.45758e-192 1.65365e-46
3.56106e-190 5.27607e-251 3.27566e-321 5.21391e-179 0.572009 2.17883e-321 2.48317e-320 8.84448e-157 1.29914e-296 3.15708e-321 6.04242e-321 7.42631e-71 2.46829e-105
3.22131e-321 7.04826e-282 5.46931e-321 6.65671e-172 1.49469e-197 8.37949e-133 3.70105e-320 3.60668e-321 1.40972e-30 0.107601 1.00565e-225 1.46589e-320 1.40056e-59
0.684797 2.83973e-99 3.29174e-268 7.35974e-244 9.38725e-321 1.66006e-321 3.81452e-190 2.13884e-213 0.656864 4.79142e-237 7.41593e-321 3.17475e-195 3.10125e-320
