4.32138e-123 5.14418e-165 8.379e-64 4.52728e-112 1.28457e-321 9.40784e-155 2.0073e-89 0.101118 2.7495e-274 1.0162e-30 1.82555e-140 4.86591e-269 8.71849e-105
6.10649e-38 1.99872e-115 8.89246e-26 0.402024 9.65901e-153 6.22618e-58 3.20134e-153 8.4827e-121 1.95904e-216 2.01817e-138 1.31507e-28 1.55631e-321 5.17095e-126
3.30506e-268 1.78763e-67 0.163101 1.82531e-15 1.53445e-29 1.4189e-64 4.15919e-68 6.86099e-77 2.75514e-45 7.9421e-103 6.4129e-69 3.78112e-297 1.62442e-195
6.69887e-186 4.10352e-132 0.0577021 4.50445e-140 1.33451e-295 6.60877e-212 3.01082e-177 2.13649e-49 6.71844e-174 9.70808e-101 3.97057e-80 1.02498e-180 6.19164e-149
2.34183e-157 4.18076e-71 0.148046 9.37651e-179 2.10096e-266 1.13728e-205 2.53314e-54 1.42929e-117 3.19947e-198 2.01215e-55 2.7749e-116 8.70854e-307 1.43554e-223
6.88455e-19 2.06847e-100 0.550586 8.45099e-81 0.22847 0.146223 0.335374 1.08739e-111 5.46933e-259 1.18532e-06 5.1659e-39 1.4858e-289 1.69853e-118
1.14329e-212 1.59188e-141 1.03889e-23 0.116556 9.39416e-136 7.56104e-39 1.00934e-12 8.62694e-29 2.63908e-43 5.00191e-204 1.49133e-197 2.06677e-278 3.39947e-249
2.24717e-45 8.07192e-221 1.49244e-25 6.29044e-26 2.56934e-57 1.53674e-172 6.187e-50 8.40921e-103 6.66174e-85 0.624119 0.00596668 0.427773 6.49311e-47
9.86462e-114 1.3733e-214 1.37717e-125 8.96336e-68 4.90344e-94 3.44833e-119 1.78727e-172 0.148716 1.43713e-138 8.08196e-93 1.15338e-31 1.4074e-176 5.16e-276
2.0643e-24 2.23861e-219 0.216996 3.66097e-176 2.30764e-155 5.4622e-49 4.22442e-52 6.55094e-183 1.64336e-212 2.9131e-133 3.01786e-78 2.83362e-215 1.3695e-55
1.00246e-65 5.51746e-133 6.77407e-224 0.182421 9.41396e-76 1.68422e-109 1.57143e-118 1.18454e-126 1.50742e-281 6.0753e-239 5.26258e-58 1.33398e-321 2.84183e-124
0.336914 1.43097e-62 4.19754e-179 2.5559e-133 2.97722e-280 0.08839 7.0017e-86 7.30996e-60 4.0019e-42 4.9767e-58 5.19958e-196 9.51691e-100 4.93361e-21
4.88775e-114 3.4928e-131 1.10573e-155 5.27555e-10 1.33911e-94 1.07148e-80 6.9044e-54 1.34878e-37 1.82153e-26 5.25743e-157 7.29554e-151 2.06025e-321 0.819491
1.54682e-32 3.82189e-171 1.00582e-50 1.18586 5.13453e-187 1.60008e-118 3.69276e-130 4.73751e-169 0.161043 2.33257e-145 8.44418e-19 7.62647e-183 4.60217e-98
5.17868e-249 6.84853e-221 2.39158e-131 1.2125e-113 1.9519e-142 3.75648e-232 2.32873e-116 9.30689e-40 1.76026e-40 4.97103e-108 0.139081 1.26481e-321 2.22085e-148
0.0650017 1.05265 1.37509e-170 5.19457e-45 0.0580655 1.94217e-226 1.57307e-177 0.590127 2.63118e-141 7.68569e-50 0.00646672 3.08383e-14 9.12812e-65
1.36277e-93 2.02434e-263 4.5053e-96 1.14452e-104 3.53436e-07 6.11269e-199 1.48712e-78 1.5489e-112 4.44771e-106 6.58768e-104 1.11837 1.32185e-107 3.96567e-165
1.87089e-287 1.17765e-275 5.5218e-228 2.76206e-175 9.34033e-313 1.05619e-245 1.13098e-183 5.61222e-196 3.39211e-273 5.14858e-242 8.55979e-204 9.38725e-323 1.81109e-281
