1.68801e-43 1.03968e-22 3.55343e-18 2.13342e-32 1.23802e-41 3.50014e-28 1.78917e-28 2.85364e-07 2.98581e-44 0.0457423 1.07782e-269 1.97626e-322 1.15728e-157 7.2018e-94 1.11386e-210 3.21143e-322 4.5454e-322 5.53354e-322 1.5518e-278 7.06514e-322 1.60496e-304
4.81586e-61 8.10739e-65 5.12391e-19 1.35298e-100 6.18411e-94 1.64297e-60 9.93461e-109 5.30604e-170 6.68487e-145 3.33056e-103 6.79956e-190 9.65901e-311 2.17566e-29 6.52494e-68 0.0211407 1.24505e-321 1.44267e-321 2.26776e-321 2.88701e-134 4.57085e-318 1.66076e-127
5.38035e-67 1.52506e-77 1.06376e-185 4.67382e-101 1.20596e-79 4.45596e-214 2.4928e-118 6.99792e-105 3.65675e-21 1.70255e-255 2.35794e-171 3.34991e-164 1.76553e-07 3.44515e-41 0.110233 1.91697e-321 2.19365e-321 2.19267e-251 5.62372e-70 2.77665e-321 7.31633e-93
3.98026e-05 0.000704841 0.000322183 0.013534 0.00525624 0.000707237 0.00358987 0.000776104 0.000370137 9.04544e-05 2.23466e-320 4.94066e-324 6.39192e-174 3.84359e-144 4.17762e-250 9.88131e-324 1.4822e-323 1.4822e-323 1.23486e-308 9.88131e-324 3.65609e-322
1.48306e-187 2.42769e-101 1.72852e-145 2.78632e-156 4.28677e-06 4.24423e-215 7.65615e-180 0.150007 1.47786e-254 1.47358e-71 2.28428e-222 1.46737e-321 1.10373e-17 0.710722 9.57787e-131 3.33776e-264 2.13005e-189 3.56715e-321 2.36426e-26 6.5399e-42 0.116389
5.36661e-213 1.50066e-121 2.00454e-156 9.6127e-173 3.24875e-133 2.58199e-85 3.59083e-15 5.23836e-207 3.31893e-129 3.72946e-223 9.3069e-50 6.15829e-211 2.97336e-27 5.57527e-34 9.85554e-108 1.5316e-321 1.86263e-321 2.6976e-321 0.206648 3.51626e-188 3.18022e-159
1.65238e-116 9.98999e-112 1.56722e-68 1.82893e-96 2.87463e-26 8.13379e-134 3.30356e-84 1.45764e-142 8.9008e-42 1.30676e-178 4.07984e-126 5.18769e-322 4.19075e-164 0.2233 6.16906e-72 8.00386e-322 1.06718e-321 1.60571e-321 4.41797e-270 1.12965e-235 4.16598e-230
8.65062e-231 8.21431e-67 2.29435e-192 1.63219e-18 1.13297e-21 5.71583e-163 1.21133e-30 9.28812e-132 1.04709e-34 9.43665e-322 4.5398e-232 3.35599e-247 1.89248e-67 0.664509 1.95778e-101 1.34386e-321 3.04344e-321 2.38634e-321 8.30863e-169 2.74206e-321 1.95823e-88
6.07105e-135 9.24106e-89 3.47497e-38 6.48546e-92 2.82225e-66 2.79608e-115 9.54612e-120 8.06371e-87 8.18725e-139 5.63315e-204 3.84251e-288 2.30996e-217 1.0776e-154 0.642223 2.27911e-59 1.25493e-321 1.34386e-321 2.38634e-321 7.35401e-277 1.11649e-276 2.51869e-257
3.84989e-05 3.69577e-57 1.03503e-86 4.77732e-46 7.8441e-201 8.21821e-197 2.16432e-09 9.01661e-96 4.1961e-93 3.88568e-307 1.02272 3.2911e-270 8.51077e-60 0.452922 3.15111e-104 1.47726e-321 2.95451e-321 3.12105e-303 2.91109e-53 2.67784e-321 3.60266e-122
3.08547e-70 4.42949e-143 5.59653e-137 1.69652e-141 1.52856e-92 1.48246e-173 2.29537e-62 2.67515e-17 7.79592e-128 7.40661e-14 2.87598e-103 6.52167e-322 1.08511e-168 0.451612 3.39671e-246 1.23516e-321 1.32904e-321 1.45342e-312 2.89433e-149 2.01579e-321 2.86148e-176
3.36913e-133 1.1617e-27 9.57463e-32 7.89629e-135 4.47256e-106 1.89506e-61 3.95195e-30 1.33488e-60 2.02523e-221 6.98112e-262 7.34849e-317 7.06514e-322 1.23371e-83 0.123139 6.60044e-248 1.10177e-321 2.15413e-321 2.30729e-321 5.82204e-195 3.65822e-216 1.41266e-239
2.62817e-76 1.20291e-21 4.28654e-128 1.3323e-117 6.04796e-07 5.05968e-148 3.12964e-85 2.17243e-32 0.046394 6.68793e-205 7.83438e-145 6.32404e-322 8.16932e-169 0.379081 3.93544e-108 1.01778e-321 1.73911e-321 2.35669e-321 4.31455e-164 1.12831e-255 1.33328e-302
2.97017e-117 5.09215e-91 6.66895e-46 2.05163e-180 3.01738e-83 2.08515e-101 1.24105e-109 6.92675e-211 3.14833e-206 1.35529e-181 3.69161e-70 7.80624e-322 1.55411e-38 1.68238 3.04131e-230 1.57113e-321 1.81322e-321 4.66969e-212 2.41009e-58 1.168e-276 1.57138e-168
6.2191e-209 1.16685e-236 6.45692e-214 1.86757e-320 6.97677e-222 2.90879e-15 2.32466e-11 7.63627e-162 9.48606e-322 1.10177e-321 1.82308e-49 0.310202 0.446101 1.84151e-121 1.64305e-243 2.49589e-165 4.16003e-321 1.19403 4.02209e-131 1.02025e-143 2.67982e-303
7.63333e-159 1.16549e-191 9.55476e-87 2.92726e-176 1.6342e-118 3.34617e-237 5.80084e-40 4.03366e-256 1.50716e-46 3.93627e-206 5.87242e-103 5.71098e-167 1.09031e-108 5.96479e-78 4.81597e-123 2.05037e-321 3.00392e-321 9.90066e-172 4.4687e-258 2.22787e-105 0.0872241
6.42285e-323 6.69599e-240 8.02746e-25 2.27715e-320 1.73314e-72 1.71831e-284 4.09035e-51 2.59796e-116 9.19083e-63 1.41797e-321 4.8084e-286 2.96191e-05 2.35468e-126 2.2848e-30 2.02482e-113 1.02176 1.54088 1.74216e-130 0.772565 1.33931 1.97289e-155
1.58308e-67 1.46447e-14 2.77487e-121 1.52782e-153 3.13355e-127 1.13704e-203 4.82527e-105 4.29247e-111 7.18334e-102 6.61044e-24 5.52349e-190 4.13512e-248 1.26382e-46 0.410518 0.0526662 1.29445e-321 1.62054e-321 2.43574e-321 5.61357e-308 2.65313e-321 2.64189e-203
