0.012151 0.0017116 2.5557e-34 0.117105 2.76173e-30 3.5521e-15 8.62428e-21 2.18123e-38 3.85259e-11 1.0196e-31 8.02987e-39 6.65058e-32 2.47127e-31 2.98535e-28 5.72105e-14 4.52558e-15 1.05186e-23 7.02878e-46 3.48822e-30 8.1106e-35 0.000600483 6.31528e-16 1.67697e-31 2.01519e-15 5.23666e-29 5.23825e-25 6.98317e-50 1.2845e-17 3.15129e-62 3.76863e-43
8.46954e-06 1.3713e-29 7.29696e-28 1.71624e-27 1.85311e-37 5.67732e-30 1.50599e-07 7.72434e-44 8.2905e-11 1.00476e-16 7.12492e-39 1.8599e-26 1.76607e-11 4.6514e-27 0.0260333 6.14597e-14 5.12518e-35 3.58422e-15 7.42353e-28 4.55185e-37 2.49284e-25 1.19381e-35 2.38689e-13 1.09736e-17 5.26215e-42 4.33904e-21 7.37283e-39 1.12123e-05 1.12635e-68 2.51833e-26
2.0873e-34 8.44492e-28 1.62079e-39 1.31545e-41 1.26126e-16 3.47073e-33 4.02608e-28 1.06242e-23 1.33712e-26 1.42063e-22 2.25045e-46 1.17935e-49 3.5512e-12 4.45162e-14 1.29762e-05 0.0080348 1.59046e-20 0.0141318 0.22751 6.86003e-64 6.73094e-27 5.27392e-17 1.66535e-30 3.07516e-27 4.73966e-21 1.67744e-12 0.00010079 3.08442e-22 1.86964e-05 0.000550851
3.8547e-15 0.0146313 1.00237e-15 2.4753e-07 5.58091e-13 7.35072e-39 7.97738e-25 3.4059e-51 1.05566e-26 3.21836e-32 3.05914e-51 2.31915e-47 1.89792e-45 4.52106e-33 4.44728e-27 3.23874e-28 2.61901e-51 6.80612e-40 5.6791e-40 4.17842e-50 2.64437e-25 1.08727e-37 6.0834e-26 2.88424e-36 1.30722e-40 5.122e-16 2.69662e-45 8.20536e-33 1.50424e-58 1.36358e-45
8.39951e-35 1.94252e-60 2.75205e-39 1.80325e-28 0.0988598 1.18032e-36 2.88999e-31 0.233657 1.48299e-08 0.0149822 4.98086e-42 4.02015e-18 1.59096e-32 0.0550629 5.65235e-31 1.96095e-18 0.258874 3.62576e-46 7.25965e-12 0.19145 8.54809e-27 0.0439589 3.84138e-26 3.24672e-32 0.0730708 0.00622175 8.1296e-56 2.66435e-37 1.1076e-47 1.43433e-15
1.00633e-18 4.71711e-19 4.12237e-45 2.89569e-05 7.83905e-25 1.17799e-34 6.72501e-14 6.48759e-29 0.0146992 1.03192e-15 1.00934e-40 2.04856e-44 1.02109e-46 1.83461e-25 2.96818e-22 6.52886e-23 2.78719e-19 2.18701e-31 8.22326e-48 6.36802e-60 8.4246e-05 2.86386e-29 8.7095e-08 5.60769e-22 2.39645e-21 0.138688 2.38269e-34 3.47231e-17 1.49547e-37 1.57989e-21
8.40334e-23 3.15218e-12 1.44349e-39 2.83932e-41 8.98986e-43 0.0233044 8.05303e-24 2.8564e-07 3.2495e-25 0.0405137 0.136713 0.0472343 0.0283414 5.81586e-33 1.94608e-25 2.58767e-06 7.09293e-17 6.95894e-12 0.0120386 5.31224e-29 6.14783e-39 5.33609e-10 1.68614e-37 0.0913805 2.13599e-20 3.64618e-24 0.229606 0.0522273 0.102012 2.0425e-39
8.89078e-30 1.62396e-38 5.78204e-12 3.56148e-10 2.21856e-33 9.68303e-23 1.04069e-27 2.99208e-39 4.32761e-18 2.39445e-27 8.99709e-55 1.21721e-39 3.31207e-37 7.22573e-25 1.1028e-39 5.0958e-19 9.76632e-18 0.115385 1.1631e-43 9.4433e-32 3.70398e-09 3.56428e-15 0.0211598 4.00723e-43 4.41256e-15 1.16208e-21 1.40041e-53 2.51252e-26 3.22139e-51 3.83305e-25
5.9272e-10 4.54043e-40 1.29233e-16 8.49376e-07 2.11971e-22 2.37531e-43 1.93964e-14 1.7201e-53 1.00846e-13 1.21258e-09 1.67152e-47 3.98297e-59 2.52305e-10 1.48151e-24 1.08209e-39 1.88929e-14 8.51073e-17 8.644e-18 7.1829e-54 3.68457e-51 2.19139e-45 7.89205e-13 4.27597e-08 0.00139828 7.60479e-30 0.0522365 2.45897e-46 1.00769e-08 3.37376e-42 3.93563e-12
0.000359745 7.67793e-08 5.57181e-64 2.86657e-24 7.18611e-43 6.27531e-39 0.0175699 5.49491e-52 1.43533e-07 0.000224823 3.49478e-69 5.53567e-22 2.6645e-16 3.02934e-16 6.54592e-33 2.26854e-21 6.35669e-46 3.5743e-18 2.0693e-10 8.22142e-08 1.4788e-25 4.86328e-12 5.96279e-13 1.07544e-23 3.55185e-13 0.132586 2.77741e-25 1.51728e-17 2.45721e-46 9.3723e-21
1.48642e-12 5.64708e-07 0.0461986 1.39073e-32 1.20985e-10 4.63424e-42 2.07853e-14 1.50349e-22 1.9161e-14 0.280327 1.89547e-30 2.24473e-35 1.29669e-38 9.11771e-08 5.59898e-41 2.94753e-11 1.18168e-50 4.48335e-30 9.85144e-38 6.20849e-14 1.82343e-06 5.8192e-09 1.9483e-07 0.000952228 6.20852e-41 2.80585e-18 1.16957e-20 1.02156e-37 2.51984e-53 0.0824286
8.49984e-20 5.52783e-15 2.89669e-47 1.00629e-32 2.11024e-39 9.69076e-42 1.41668e-19 2.74266e-46 7.68372e-23 8.39203e-26 1.63072e-26 5.84624e-43 7.21837e-13 1.63544e-11 0.0288637 1.82112e-31 2.65485e-23 4.11507e-15 5.21427e-46 1.94653e-51 0.0367981 1.46165e-17 6.44292e-38 0.0208498 1.03094e-44 0.787445 3.28767e-13 2.60599e-21 7.43772e-45 8.11102e-29
