3.0231 0.214365
1.17523e-60 3.89676e-125 0.0712576 7.84137e-50 3.73176e-89 6.27463e-322 2.20014e-287 2.05037e-321 7.90505e-322 1.90081e-159 3.38534e-269 2.93475e-321 1.36763e-53 5.01138e-278 2.19291e-79 2.69633e-245 2.0893e-41 1.88696e-53 1.79528e-11 2.88542e-117 4.12803e-152 1.2895e-272 1.14883e-263 1.28285e-110 2.87795e-100 3.58762e-263 3.2806e-321 9.7825e-322 3.03312e-38
1.516e-37 0.213085 3.61911e-60 4.85447e-121 0.0242381 5.38532e-322 1.59089e-321 3.48285e-283 8.00386e-322 1.70488e-102 6.24558e-208 2.63337e-321 9.43386e-140 4.38066e-221 2.02972e-110 5.22227e-321 1.55267e-39 0.020062 2.53639e-49 1.38939e-99 1.17744e-147 2.56729e-180 1.04742e-321 1.07906e-38 1.97186e-250 1.24544e-288 3.06815e-321 8.79437e-322 3.1336e-140
2.52206e-61 5.26166e-157 2.37876e-135 8.51544e-22 4.44932e-08 6.37345e-322 1.35868e-321 1.32665e-305 9.88131e-322 3.01461e-239 5.334e-299 2.77665e-321 2.05657e-50 3.12183e-311 1.00505e-217 4.20465e-278 1.20534e-43 0.176256 0.157905 2.73011e-209 3.95797e-12 4.60994e-318 1.41797e-321 1.49031e-102 2.81588e-166 1.61679e-239 3.21143e-321 6.81811e-322 4.84484e-151
3.3414e-32 5.99852e-159 1.87426e-36 3.90875e-167 7.04037e-193 5.58294e-322 1.12647e-321 1.84286e-321 1.06805e-316 7.09024e-105 3.31257e-259 2.76183e-321 1.18051e-131 2.62693e-299 6.57019e-164 9.49336e-287 8.4332e-51 2.1381e-208 4.26119e-39 6.11889e-138 2.76908e-117 2.20933e-269 1.18082e-321 0.978097 1.50539e-247 2.70711e-173 3.49304e-321 6.81811e-322 1.52888e-139
1.86822e-99 4.324e-65 2.34067e-62 6.11724e-80 1.03972e-88 5.33591e-322 1.16105e-321 4.02421e-319 8.00386e-322 1.89347e-156 5.05808e-209 1.61065e-321 8.77324e-117 5.16458e-306 2.05667e-97 3.14226e-321 2.68252e-59 5.44569e-210 0.166788 1.6034e-112 7.29504e-46 5.46342e-314 9.88131e-322 2.95656e-40 1.41479e-186 5.8914e-235 2.56754e-313 5.2865e-322 1.92943e-66
4.56771e-60 1.29761e-107 1.76028e-111 1.74152e-212 0.339451 5.2371e-322 1.20552e-321 1.56125e-321 8.34971e-322 8.61352e-146 2.07998e-299 2.32705e-321 4.30076e-12 1.06159e-252 5.73327e-118 4.03851e-281 9.53473e-91 1.90796e-156 1.59507e-46 1.7904e-151 2.35686e-119 9.14425e-314 1.35868e-321 1.16314e-68 7.73754e-120 1.02766e-321 3.6215e-321 5.2865e-322 2.0264e-109
1.21109e-141 1.20875e-197 3.51046e-194 3.95908e-98 5.84065e-176 4.29837e-322 1.082e-321 1.23022e-321 5.63235e-322 5.17906e-172 5.77734e-228 1.62548e-321 5.32976e-63 2.70889e-316 5.18212e-183 2.70748e-321 1.13343e-86 5.43521e-154 0.0428004 3.82574e-245 7.94736e-70 4.4144e-315 8.64615e-322 3.32304e-32 1.40983e-196 5.88377e-303 2.26282e-321 4.15015e-322 1.42771e-75
2.63128e-66 8.05745e-239 1.35082 1.25921e-06 1.56069 5.82997e-322 1.45255e-321 2.75219e-267 9.7825e-322 0.24363 6.49288e-204 3.14226e-321 2.14703e-137 4.82694e-281 1.75738e-82 3.85567e-253 1.99165e-74 1.82891e-187 2.75115e-109 3.60481e-228 1.06332e-95 9.43171e-321 1.29445e-321 8.46116e-112 4.63007e-251 1.49263e-291 1.43998e-295 1.03112e-320 0.205165
0.196597 2.40442e-20 2.4076e-22 4.14175e-156 8.53696e-172 1.56987e-282 8.58439e-297 1.92192e-321 9.33784e-322 2.06105e-72 1.27691e-209 1.99603e-321 5.99878e-163 2.59137e-319 4.43153e-54 1.1179e-305 2.21399e-70 4.18028e-54 3.91041e-71 1.23066e-132 6.41735e-54 1.03645e-194 1.44267e-321 2.20882e-25 3.71249e-272 1.10671e-321 1.32948e-166 6.66989e-322 2.17623e-49
3.15386e-125 5.96235e-121 2.95657e-159 7.77561e-246 1.37046e-121 3.71483e-312 8.34971e-322 1.07212e-321 5.68175e-322 6.96223e-215 7.5293e-252 1.41797e-321 1.86783e-71 8.84378e-322 7.70402e-212 3.04839e-321 6.46985e-101 1.27849e-82 0.374696 1.01998e-291 1.96922e-84 7.26276e-320 7.65802e-322 1.10077e-31 3.96938e-157 3.51669e-316 5.93757e-302 3.45846e-322 4.68095e-80
1.17624e-125 2.26222e-107 3.82783e-109 6.34235e-148 5.833e-65 1.58496e-320 1.06224e-321 1.07212e-321 5.92879e-322 1.31599e-319 3.51689e-254 1.29445e-321 1.36806e-67 1.22034e-320 7.6485e-184 2.5642e-321 1.08906e-82 1.42076e-116 0.193245 2.26007e-159 5.76766e-132 2.38166e-240 8.44852e-322 1.62745e-68 9.13916e-260 9.85275e-296 7.25945e-258 3.90312e-322 9.11824e-74
2.52484e-148 6.64828e-51 6.3082e-112 5.02282e-111 1.55499e-46 5.48413e-322 1.43279e-321 2.01085e-321 1.06224e-321 1.13753e-125 4.00319e-191 2.20353e-321 2.87395e-33 5.90657e-228 1.3082e-118 3.76972e-321 8.65083e-41 8.62473e-179 3.13384e-06 3.19451e-193 2.27566e-33 5.04243e-320 9.98013e-322 0.313803 1.28631e-95 1.2469e-304 2.40188e-220 5.58294e-322 4.081e-38
4.33976e-64 9.15238e-184 2.97749e-164 1.4419e-75 2.84138e-17 4.39718e-322 1.0326e-321 5.55923e-298 7.36158e-322 1.75971e-240 1.81289e-194 1.99603e-321 1.52224e-122 1.0058e-307 3.95717e-231 4.86314e-291 1.00463e-51 2.27692e-123 0.157631 1.99736e-253 1.55353e-75 7.13925e-321 1.04742e-321 1.22857e-59 1.40118e-120 3.06002e-251 3.12249e-321 7.21336e-322 8.99128e-40
1.98508e-123 2.4959e-147 6.23963e-229 7.46172e-196 4.20468e-162 8.37909e-310 8.99199e-322 1.082e-321 5.97819e-322 9.61034e-155 1.19924e-243 1.24505e-321 1.94802e-48 9.0661e-321 3.58957e-170 3.43376e-321 1.98379e-15 3.36827e-91 0.371214 3.94147e-242 6.07154e-151 6.51416e-273 7.16395e-322 1.63384e-92 2.75587e-239 1.05806e-211 2.08496e-321 4.44659e-322 1.19813e-80
0.866224 1.97247e-49 4.75158e-32 1.92418e-105 1.10506e-146 3.04804e-251 9.51352e-291 2.07014e-321 8.89318e-322 6.30065e-272 4.65775e-299 1.91203e-321 4.74872e-125 1.16188e-302 5.41501e-100 3.34082e-309 1.51107e-55 1.07484e-53 2.26416e-85 9.39019e-194 1.4626e-158 2.13126e-253 1.16599e-321 0.0750532 1.20027e-141 3.50972e-157 3.40411e-321 5.33591e-322 2.00731e-27
4.50444e-40 1.86585e-126 1.51389e-83 1.09383e-148 1.38874e-155 5.18769e-322 1.3488e-321 1.42291e-321 6.57107e-322 3.33654e-276 2.30903e-287 2.04049e-321 1.63889e-43 1.87215e-266 2.10225e-158 3.65115e-321 0.143501 4.72536e-95 9.82284e-12 1.11517e-281 0.0907518 5.38004e-237 1.10671e-321 2.53002e-85 1.6831e-170 2.33042e-177 2.65807e-321 6.66989e-322 5.04434e-128
6.79818e-107 4.77645e-17 5.58305e-98 0.193294 4.9898e-89 5.87938e-322 1.60077e-321 1.74899e-321 9.33784e-322 9.53547e-322 4.1361e-207 2.0899e-321 0.194942 2.07095e-288 2.96216e-92 4.5207e-321 0.391063 1.03731e-135 7.06206e-11 2.16911e-190 2.73713e-75 4.93165e-307 4.59243e-290 2.346e-50 3.2294e-260 3.51005e-151 2.36555e-271 7.16395e-322 1.37841e-146
4.22853e-32 1.86717e-165 5.18163e-219 4.84581e-149 5.94497 0.350948 0.91063 1.1555 0.592111 1.04095e-192 0.54001 1.84233 3.45962e-24 0.755631 0.69263 2.79184 0.00592521 3.7915e-45 3.335e-27 0.492845 1.3527e-23 4.3392 0.761649 1.58827e-61 0.863394 0.587757 2.05934 0.543387 9.76177e-111
