3.07492 0.371411
3.28554e-321 9.82394e-270 0.554335 4.22701e-224 7.67102e-147 1.68476e-321 3.36459e-321 1.94168e-321 5.28409e-285 2.32705e-321 1.07663e-296 2.68772e-321 3.98616e-305 8.74496e-321 1.62548e-321 2.52468e-321 1.20552e-321 1.77984e-179 0.709586 8.83486e-162
4.00193e-321 2.42304e-75 1.47128e-173 9.71375e-34 2.78159e-321 1.29202e-233 4.06122e-321 2.11954e-321 3.24696e-12 8.91339e-100 5.75092e-321 3.22131e-321 4.22426e-321 1.59929e-320 0.751976 3.76478e-321 2.01085e-321 1.8231e-321 7.72511e-300 0.637089
2.21835e-321 1.92192e-321 0.00103333 2.66262 1.59583e-321 1.83298e-321 2.44068e-321 3.93469e-304 4.2309e-104 2.32885e-272 3.33988e-321 2.87213e-288 3.92723e-303 5.97819e-321 1.99108e-321 3.01874e-321 2.12687e-318 7.34614e-108 1.23927e-66 1.75393e-321
2.08002e-321 1.4822e-321 2.82296e-190 1.01054 5.18908e-231 1.5069e-321 3.7302e-321 5.91164e-196 9.03979e-264 4.26823e-320 4.2292e-321 2.55432e-321 2.32705e-321 5.39026e-321 1.48714e-321 2.62349e-321 2.96155e-273 3.3855e-103 2.65335e-33 6.7718e-186
2.55432e-321 1.45255e-321 4.8658e-144 0.177103 2.78592e-245 1.59089e-321 2.33693e-321 3.26831e-260 7.40464e-106 4.27348e-224 7.65356e-82 3.06796e-252 2.18377e-321 6.38827e-321 3.75692e-267 3.29048e-321 1.37408e-300 1.30433e-321 3.09831e-224 6.4907e-161
1.02432e-318 2.12448e-321 1.50283e-27 0.595817 1.13326e-142 2.12448e-321 3.28881e-270 3.23292e-171 5.2902e-264 1.19645e-257 9.87043e-241 2.54444e-321 2.97922e-321 8.87836e-321 7.89745e-176 4.16497e-321 1.96144e-321 1.97187e-142 4.56023e-321 2.248e-321
4.38236e-321 2.29246e-321 3.39506e-188 7.54754e-187 1.12739e-315 9.63903e-267 3.27566e-321 1.75393e-321 5.63669e-53 1.85769e-321 4.74797e-321 4.66309e-265 1.23862e-320 6.97621e-321 1.7737e-321 4.16497e-321 7.75228e-158 3.19341e-315 0.103886 2.10966e-321
2.25335 1.1326 1.40439e-52 8.30208e-189 5.48565e-185 1.11386 2.79684 1.30471e-198 0.735789 4.02664e-321 2.59992 1.42726 1.52253 7.26825 3.68574e-10 2.54897 0.919201 6.14329e-248 1.52431e-174 1.08532e-240
1.75393e-321 1.18041e-297 1.2349e-113 1.28657e-184 1.28457e-321 1.10177e-321 2.77171e-321 1.31916e-321 7.91273e-173 1.665e-321 2.46794e-248 1.45255e-321 1.5069e-321 5.34579e-321 1.35374e-321 1.81322e-321 1.01778e-321 2.15968e-189 1.42413e-96 1.44267e-321
3.22641e-238 2.34268e-235 0.596848 1.60781e-28 6.75282e-140 1.94723e-183 3.86853e-321 2.5889e-321 1.38689e-165 3.08297e-321 2.57517e-05 8.88244e-235 1.77504e-307 1.06026e-320 3.76792e-140 5.4199e-321 2.61182e-259 1.97718e-315 9.98069e-81 1.24443e-23
3.79442e-321 3.58537e-166 0.0323326 6.37413e-168 6.77839e-281 2.29741e-321 2.80629e-321 1.81217e-274 1.36e-289 2.23318e-321 1.16855e-98 4.0585e-255 2.66795e-321 6.88728e-321 1.62548e-321 2.5889e-321 1.58101e-321 2.44413e-80 3.08847e-194 8.21952e-310
2.30147e-296 6.08772e-110 1.11571e-179 1.10356e-27 0.69806 2.84582e-321 4.21932e-321 0.713819 2.84973e-31 0.874753 1.27025e-305 3.35568e-310 3.63632e-321 1.11017e-320 2.07322e-121 1.4803e-295 9.18529e-39 0.49424 3.86957e-166 6.58318e-281
2.73712e-321 4.61667e-214 2.52408e-70 0.251815 1.90855e-159 1.42483e-277 3.57209e-321 4.73065e-115 7.28774e-132 2.36203e-192 4.8122e-321 2.32211e-321 2.77171e-321 7.70248e-321 1.51673e-291 3.11261e-321 5.43885e-259 7.99907e-99 3.7182e-242 2.15907e-321
3.66597e-321 2.17389e-321 2.27228e-65 0.0163121 7.04398e-162 2.17389e-321 5.05429e-321 3.11651e-207 7.43012e-132 2.41171e-309 5.95172e-200 2.70254e-321 3.54592e-269 7.65802e-321 2.0899e-321 4.84678e-321 8.26403e-167 3.81382e-179 6.93702e-173 1.94168e-321
2.01085e-321 1.6897e-321 4.65886e-43 0.0202625 1.47542e-208 1.55631e-321 2.12448e-321 1.58595e-321 2.35768e-203 3.76392e-293 3.4314e-288 1.80828e-321 2.13436e-321 5.25686e-321 1.93664e-277 2.15907e-321 9.63428e-322 2.66612e-283 4.5395e-194 5.47878e-225
2.54444e-321 1.6897e-321 4.73894e-33 0.071955 4.90837e-262 1.89949e-271 3.26083e-321 1.42248e-224 7.72875e-264 1.4822e-321 3.36953e-321 7.65999e-320 1.83298e-321 7.70248e-321 1.01265e-244 2.28752e-321 1.17094e-321 1.13141e-321 1.06236e-305 1.45749e-321
2.47033e-321 1.76381e-321 0.333953 1.063e-208 1.56619e-321 1.91697e-321 4.41201e-321 1.76381e-321 5.71387e-100 2.40116e-321 3.83889e-321 1.9565e-321 2.08002e-321 6.3438e-321 1.06554e-279 2.9891e-321 1.69959e-321 5.53241e-223 4.95515e-149 1.68476e-321
