1.2895e-15 4.75994e-32 1.52997e-13 0.013575 0.0350555 4.54289e-17 6.87946e-14 5.14501e-20 1.16306e-15 6.24075e-13 3.08393e-05 4.94997e-20 4.39978e-18 1.89525e-08 4.3183e-10 6.30904e-10 0.00107871 7.39867e-21 9.1832e-22 3.67119e-41
1.72427e-23 2.02733e-10 0.0809442 6.58085e-23 1.3323e-32 4.26647e-34 2.25627e-06 1.19641e-07 6.70919e-25 1.0236e-24 4.9959e-11 7.62954e-21 1.32254e-33 5.34679e-32 2.90787e-08 0.000196937 1.74426e-06 1.22793e-32 2.77963e-09 6.77074e-27
1.83426e-10 6.29241e-11 1.19781e-17 6.21067e-14 1.27394e-13 0.0480283 8.85711e-09 1.13015e-22 7.17445e-33 2.72853e-28 1.38987e-08 3.16876e-16 5.29788e-13 3.57129e-33 1.61225e-18 3.91143e-25 1.42468e-24 4.27277e-26 2.35709e-17 4.83536e-18
0.0374416 0.127191 3.69599e-16 2.72892e-08 4.78738e-31 5.56494e-15 2.76901e-11 7.59257e-16 0.0190923 0.109679 7.40481e-18 9.68116e-31 1.86691e-19 0.0744093 0.0405012 2.20497e-13 1.00266e-17 1.07471e-22 2.32529e-09 2.02519e-22
2.53226e-31 0.187425 0.0977142 0.0345208 2.4129e-10 1.67555e-33 4.42093e-08 9.00727e-14 4.63399e-23 1.54825e-10 9.39586e-28 2.01695e-08 0.0533466 1.54927e-13 1.78135e-08 8.21863e-20 0.00304599 5.58066e-21 2.70567e-25 8.4141e-11
4.54221e-18 2.37282e-08 6.24184e-09 5.87897e-17 3.34509e-22 8.92396e-11 4.32054e-29 0.166146 1.49778e-21 1.13196e-27 7.69219e-06 4.75921e-14 7.76112e-18 6.32728e-29 1.12215e-14 4.7985e-28 1.42055e-20 1.58741e-06 1.15121e-09 4.98019e-32
3.22992e-32 0.103438 4.83115e-20 0.00014516 2.19702e-18 0.000400417 1.0946e-35 4.1564e-11 1.44692e-28 1.53739e-07 4.53238e-22 3.18473e-16 4.20166e-06 1.04597e-41 1.12336e-15 7.28823e-25 7.84831e-23 1.08097e-13 0.0157227 7.18401e-23
6.04225e-22 4.71629e-26 0.000196748 8.13649e-10 1.00684e-19 0.0498334 9.87382e-25 0.000489591 5.30326e-27 1.17208e-29 3.88558e-11 6.60123e-29 8.59184e-18 6.05426e-22 3.72773e-14 0.329893 1.90957e-25 1.51608e-26 1.78885e-17 2.68216e-21
5.97643e-19 4.81024e-06 0.0345809 4.00237e-23 1.30849e-16 0.00347423 0.00203623 2.75348e-22 1.16517e-13 4.25906e-27 8.64333e-29 0.00860499 1.81127e-26 0.000645759 2.14019e-10 1.33308e-05 4.12331e-14 0.059531 1.21236e-14 3.09862e-32
1.48715e-31 1.09898e-33 1.71318e-15 0.0217372 1.9737e-20 9.0583e-28 1.30131e-29 0.00042123 5.25153e-32 3.56563e-32 6.27925e-20 4.44643e-36 0.0306674 2.34091e-27 5.48105e-10 3.61484e-25 0.00033209 8.71438e-31 4.67336e-22 5.41946e-22
2.16594e-10 2.52394e-30 1.05732e-12 1.75265e-11 4.01327e-24 6.54556e-24 1.19627e-18 2.19288 1.00977e-29 7.52619e-19 6.41549e-24 3.25465e-37 0.00102502 1.26102e-11 7.1495e-05 4.85082e-17 1.14132e-27 0.00358505 7.67772e-11 1.07529e-26
6.10301e-31 1.6567e-09 1.47988e-17 8.16726e-08 3.27597e-24 5.22896e-10 1.45739e-41 2.48699e-25 5.44071e-14 9.53579e-12 0.0087461 2.83691e-30 6.68653e-27 2.22912e-35 2.8412e-22 2.71916e-05 6.54173e-20 0.0593661 3.67813e-17 5.22779e-17
1.465e-16 3.91998e-07 5.66112e-08 2.63217e-19 5.98841e-32 2.95094e-16 3.50237e-42 4.94564e-12 9.53475e-40 3.40995e-16 0.103041 1.58833e-26 7.42795e-08 1.28791e-28 1.335e-20 5.03412e-20 2.11308e-12 0.0213611 4.93516e-15 1.48841e-31
7.80781e-32 3.73399e-15 6.85995e-10 1.24409e-20 8.87365e-35 1.08273e-12 0.000504898 2.43193e-13 1.0207e-08 8.71811e-07 3.85951e-17 1.96568e-33 2.11482e-05 8.03088e-17 3.407e-12 0.549092 1.35639e-09 1.34723 9.67474e-14 0.0446869
2.14982e-31 2.00783e-14 0.0013084 2.98835e-14 5.35844e-17 5.24166e-24 2.93968e-40 0.0161154 3.91186e-20 8.56583e-32 7.48598e-06 9.52134e-19 1.06985e-26 2.61645e-12 2.24008e-13 1.36237e-28 3.34822e-06 1.23377e-10 2.69615e-20 8.31577e-35
1.11593e-27 1.91944e-28 9.90905e-12 6.93213e-11 1.49005e-09 0.000105882 9.04467e-21 5.94719e-13 6.99139e-31 8.30897e-16 6.07448e-15 2.85638e-05 1.90388e-28 1.90452e-12 5.22756e-21 3.82363e-27 2.66072e-19 0.390827 3.2182e-25 1.23501e-26
5.244e-31 0.000265847 0.0533741 4.28746e-13 1.43475e-31 1.42619e-31 3.35583e-12 8.0514e-09 1.09914e-35 1.12641e-24 8.10126e-16 9.02333e-20 1.95535e-09 6.89376e-31 1.82017e-25 5.52808e-30 6.7331e-29 3.90888e-07 0.000821011 5.69404e-26
