4.09617e-198 2.44208e-66 2.19761e-172 1.03844e-209 1.43905e-56 7.25436e-186 4.26724e-116 8.88789e-150 1.20589e-140 3.40801e-56 1.26717e-20 0.217733 3.40915e-59 2.60015e-63 1.4686e-30 6.45977e-126 8.16037e-149 1.99005e-82 3.76395e-167 1.87672e-21 7.28145e-131 1.63382e-120 2.63882e-145
6.12025e-198 4.35296e-154 4.32852e-129 4.40448e-202 9.79184e-155 1.67759e-36 5.77413e-105 1.46256e-10 1.37838e-101 8.83629e-72 1.62843e-23 1.09356e-60 2.57196e-49 1.00871e-134 1.75402e-83 1.93434e-118 1.06926e-50 5.1794e-144 5.85794e-133 0.0397963 9.1724e-54 6.73621e-175 9.07541e-42
1.49836e-71 9.35607e-90 4.34998e-11 0.722788 2.38129e-34 1.67819e-138 0.0944553 2.50745e-42 1.62336e-42 0.325312 2.79249e-125 2.73383e-148 1.37844e-17 4.3026e-09 0.217391 3.68951e-79 3.30131e-40 1.10814e-53 1.15754e-22 5.05669e-53 0.128565 0.422161 6.10109e-35
5.30574e-60 1.03083e-82 1.65901 1.34376e-217 2.31424e-128 2.43626e-133 4.18225e-132 1.25362e-114 0.234594 1.98617e-43 5.30018e-141 1.83566 2.48634e-47 9.66688e-112 0.0350543 0.307438 1.96392e-145 1.60843e-57 3.07234e-97 3.17575e-75 1.13595e-36 9.43366e-76 0.467878
1.12175e-159 2.08898e-19 3.99199e-44 0.262629 0.000134375 0.272775 2.19514e-18 1.78606e-05 5.89056e-115 4.36417e-252 7.45056e-84 4.73665e-132 5.98993e-35 2.99159e-127 5.10066e-143 9.63225e-100 3.66036e-67 3.11871e-42 9.74228e-105 0.936679 1.40088e-173 6.76667e-177 1.8698e-106
4.60531e-133 8.22097e-13 5.69897e-171 3.11227e-141 5.64707e-179 6.09174e-92 1.08802e-141 6.83547e-143 7.83451e-130 4.95719e-217 9.24365e-131 7.16439e-05 6.91307e-109 2.41254e-110 2.97183e-100 1.67272e-127 3.88824e-242 0.114209 1.10536e-120 4.46264e-114 8.7664e-98 1.15791e-160 1.92222e-90
1.31101e-219 0.0930334 2.47891e-53 7.74132e-208 0.0738025 7.94806e-172 2.92319e-15 7.19274e-22 2.31075e-191 1.17394e-131 1.36905e-128 8.02548e-83 5.7475e-130 4.28314e-89 8.73956e-63 1.02696e-55 2.29102e-118 4.65157e-65 4.43283e-143 1.85784e-171 1.98554e-136 9.02393e-131 3.9664e-130
6.25162e-100 7.63479e-55 5.59031e-22 9.19025e-17 7.52794e-59 2.09776e-24 6.78305e-150 4.35743e-46 1.69118e-178 6.06178e-254 2.3292e-53 0.410897 2.14774e-23 1.15615e-133 2.46287e-61 0.0124228 6.22796e-72 1.75534e-148 2.49792e-41 1.82395e-31 6.00216e-90 1.55794e-83 4.52515e-153
1.35006e-70 5.80386e-05 3.25354e-35 1.45647e-18 0.00708782 2.04076e-89 4.94774e-101 1.59496e-50 2.1558e-25 9.79614e-102 0.0520619 3.95251e-75 3.59725e-86 1.09612e-52 5.46743e-110 4.41269e-98 6.56934e-245 4.9436e-45 3.16135e-19 5.94388e-25 3.11546e-93 2.64835e-145 4.44071e-139
1.82153e-148 2.68379e-128 0.372368 4.7117e-86 2.15219e-173 6.3143e-138 1.50508e-98 2.42687e-28 8.09164e-98 1.81375e-59 9.77955e-135 1.94205e-113 1.19575e-144 7.39864e-70 2.39095e-171 1.4343e-97 4.44896e-254 1.71664e-100 3.83651e-15 1.17774e-15 2.40224e-149 1.22769e-145 6.62332e-132
2.34102e-37 6.5031e-133 3.97232e-58 4.17864e-69 4.32476e-159 4.98935e-122 1.56706e-18 2.40523e-142 1.76985e-99 2.0588e-207 5.26368e-88 1.1423e-58 7.98635e-132 0.107475 2.00712e-34 3.79873e-21 1.23801e-99 0.0654302 5.95524e-38 1.33034e-78 8.30431e-145 2.78568e-119 1.73959e-117
6.45906e-153 5.75226e-68 0.138352 1.2576e-43 4.29911e-37 3.24194e-171 1.80231e-84 5.56128e-95 4.482e-65 9.99293e-78 3.63412e-35 4.27194e-63 6.43304e-133 3.88082e-33 2.25179e-63 1.20596e-64 4.87325e-136 1.01148e-185 1.42885e-81 1.25133e-117 8.90812e-190 5.62397e-167 3.6182e-145
0.000704503 1.59491e-23 9.81111 7.62912e-84 2.63014e-52 1.97537e-19 9.62017e-106 1.56047e-159 6.35284e-50 2.53709e-213 5.92874e-44 2.62378e-05 1.72481e-68 1.41078e-93 3.03574e-32 2.8381e-43 0.176769 2.41994e-141 6.31369e-135 2.37347e-57 5.47984e-117 6.9095e-05 1.81838e-121
0.261841 9.61131e-97 3.12587e-87 1.15664e-208 1.25719e-55 1.39195e-35 3.98998e-136 0.551864 2.3291e-17 3.3188e-219 2.21503e-121 3.22752e-107 1.83973e-118 5.55132e-103 1.47086e-165 6.16431e-49 8.26471e-64 6.0782e-112 0.186988 1.09174e-143 1.73304e-210 6.54497e-104 2.50886e-49
7.61381e-214 3.1526e-43 1.20838e-41 3.61798e-134 4.98416e-37 1.24743e-23 9.08774e-139 1.0478e-123 1.6675e-157 8.3536e-146 9.22491e-53 6.15038e-157 0.144167 7.30732e-40 6.38643e-14 7.86237e-119 7.66358e-170 1.25899e-112 4.31792e-111 8.57411e-207 1.77937e-152 1.75263e-126 7.79371e-29
3.23155e-99 1.8081e-96 0.00176101 3.97772e-154 0.120566 8.17079e-50 1.39053e-44 1.1396e-158 2.13825e-141 1.37202e-180 3.24885e-143 5.06454e-47 1.2363e-11 2.3802e-66 2.47964e-116 2.01457e-56 1.01131e-46 2.66094e-76 5.74116e-77 0.0601452 4.94877e-138 4.8795e-173 4.30062e-147
