0.00684284 0.00107001 0.00719411 0.010009 0.00643999 0.00479189 0.001589 9.14224e-05 1.49702e-321 3.45846e-323 1.4822e-323 1.4822e-323 2.47033e-323 9.88131e-324 2.47033e-323 7.90505e-323 9.88131e-324 3.45846e-323 2.47033e-323 1.97626e-323 8.89318e-323 9.88131e-323 7.41098e-323 1.4822e-323
1.56125e-321 8.33895e-283 7.77906e-319 1.94168e-321 2.14424e-321 3.67194e-229 3.65829e-218 2.47033e-323 1.51392e-319 8.22125e-321 1.31421e-321 1.69959e-321 2.6976e-321 1.26975e-321 3.41893e-321 1.46095e-320 4.37633e-309 1.69605e-211 3.03578e-145 2.87546e-321 1.36906e-320 1.0153e-320 8.3003e-321 0.108041
8.22733e-150 3.07678e-123 1.0693e-63 4.33184e-54 5.87366e-76 7.83727e-301 9.17671e-289 1.12424e-49 0.360547 1.65018e-321 6.0276e-322 8.15208e-322 1.47726e-321 6.57107e-322 1.58595e-321 5.15805e-321 5.48413e-322 1.58595e-321 1.26481e-321 1.08694e-321 4.43177e-321 5.04935e-321 3.23613e-321 8.20149e-322
3.50732e-159 3.06131e-176 7.70895e-28 2.0899e-321 1.46939e-125 9.14021e-322 1.50891e-167 1.13583e-218 9.24226e-153 6.30428e-321 1.43773e-321 1.61559e-321 3.85865e-321 1.41797e-321 3.38929e-321 1.44119e-320 8.44852e-322 2.8804e-321 2.59384e-321 2.01085e-321 1.07893e-196 0.394975 1.05779e-320 0.0851724
1.71537e-143 1.89871e-123 2.94833e-134 5.21813e-61 5.59629e-71 1.40111e-49 3.5017e-196 6.12798e-302 0.166484 2.50491e-321 8.00386e-322 1.01778e-321 1.52666e-321 8.49793e-322 2.2727e-321 6.83787e-321 2.66301e-321 1.89721e-321 2.18377e-321 1.29939e-321 5.8942e-321 5.4199e-321 4.05134e-321 9.73309e-322
6.56865e-12 0.21549 7.51901e-38 3.39396e-133 6.38285e-96 1.82828e-96 1.9058e-121 1.21709e-118 1.35692e-286 8.74496e-322 2.86558e-322 3.90312e-322 7.16395e-322 2.81617e-322 5.63235e-322 2.03061e-321 2.2233e-322 6.27463e-322 6.62048e-322 4.59481e-322 2.03555e-321 2.09484e-321 1.63042e-321 1.04604e-230
4.20944e-321 1.11017e-320 2.66301e-321 4.12545e-321 3.13238e-321 1.23555e-53 4.84184e-322 2.47033e-323 78.3154 5.63185 2.73835 4.86932 1.70373e-166 3.39582 2.2507 13.0823 3.99205e-321 3.61461 4.03734 2.36578 7.41852 2.27912e-320 8.03397 0.441781
7.74566e-263 2.69878e-35 3.35088e-257 4.42589e-226 1.79527e-149 9.14021e-322 3.95253e-322 1.97626e-323 0.535361 2.09978e-321 9.09081e-322 1.23516e-321 1.60077e-321 7.21336e-322 2.37646e-321 5.85962e-321 4.33187e-204 2.49503e-321 3.00392e-321 1.49702e-321 6.09183e-321 7.68766e-321 4.6541e-321 1.06718e-321
4.78579e-272 1.01839e-112 6.39971e-105 1.22396e-254 1.49147e-36 1.45448e-145 1.87428e-294 9.70102e-245 0.0998829 2.26776e-321 9.48606e-322 1.16105e-321 2.91005e-321 7.80624e-322 1.56619e-321 6.01278e-321 1.11165e-321 2.28752e-321 2.38634e-321 1.56619e-321 8.25285e-301 6.43273e-321 6.83787e-321 1.363e-91
1.80828e-321 1.15374e-198 3.46834e-321 6.87659e-273 3.25095e-321 9.58487e-322 1.19803e-113 4.22807e-45 2.23517e-18 4.79244e-321 1.65018e-321 2.37152e-321 1.24413 2.39128e-321 4.50282e-67 1.24528e-270 0.438743 5.13828e-321 8.37935e-321 6.56435e-293 6.06234e-191 3.21766 1.35308e-119 2.31932e-31
