5.17452 0.12902
0.130965 3.85361e-66 2.02065e-34 1.118e-86 8.9319e-90 3.71929e-71 1.51633e-171 4.10126e-56 6.84658e-28 5.52664e-171 1.41421e-40 2.45995e-48 9.81919e-154 3.76564e-97 4.66402e-96 6.05145e-79 1.3724e-48 5.60293e-51
5.17551e-89 5.04874e-54 5.30133e-58 3.61363e-150 2.10736e-178 6.81649e-128 2.43455e-157 0.386056 4.25268e-81 2.5286e-69 1.61064e-106 1.07376e-45 2.52542e-98 6.06243e-76 8.64951e-134 4.42669e-81 3.59739e-89 1.26962e-61
2.38304e-60 2.17277e-108 5.12998e-60 8.25549e-112 5.85893e-133 0.170107 7.2053e-100 1.99558 2.86905e-121 5.14072e-97 0.0305658 5.0113e-60 1.13295e-84 3.68621e-99 1.95824e-38 1.40079e-141 8.13408e-96 1.36145e-07
3.24229e-89 1.23399e-104 3.84785e-120 6.18936e-148 5.8543e-157 3.97281e-136 1.04314e-184 3.10496e-68 6.80539e-99 6.93098e-196 6.68874e-78 7.3143e-82 3.59963e-176 5.55753e-148 3.2045e-175 4.47151e-147 8.33717e-110 4.46062e-66
7.2912e-96 1.67354e-35 7.7984e-83 2.54476e-163 8.55631e-79 2.19809e-94 1.1504e-90 0.504332 2.42871e-123 7.42671e-141 8.03995e-82 4.97166e-58 9.26347e-180 1.57815e-106 7.35214e-193 6.77804e-130 1.22018e-74 1.48465e-39
1.36818e-40 2.06638e-89 1.72175e-108 2.30149e-179 1.92924e-167 4.74528e-147 2.64652e-178 0.147747 1.52949e-113 2.37848e-168 2.4428e-79 7.86606e-45 1.66856e-129 1.99374e-116 9.01462e-196 1.18026e-124 1.64118e-86 1.8457e-80
1.41483e-45 9.81209e-97 0.109731 0.155 0.151094 2.62113e-129 0.156226 2.18801e-34 0.281317 9.98394e-191 8.74544e-105 2.05723 2.67634e-75 3.963e-138 0.0673737 5.81192e-130 0.405936 1.23715e-56
0.150698 2.94024e-28 2.51079e-124 2.93812e-69 4.8824e-43 4.53676e-60 7.76258e-63 0.720103 1.94105e-119 1.09017e-38 7.10288e-20 8.21989e-18 3.00428e-28 2.14819e-83 2.79314e-36 1.12293e-110 6.03322e-67 3.35218e-68
5.98999e-56 0.437577 3.58152e-120 7.58689e-142 1.95258e-112 2.17193e-84 9.15167e-79 1.42041e-09 2.11324e-123 3.45927e-166 2.07951e-06 1.41692e-14 1.66969e-141 0.312783 2.14919e-60 9.31427e-125 3.56081e-91 3.76216e-27
0.0624036 4.08337e-99 2.23732e-79 2.16896e-174 9.18824e-149 7.69487e-134 2.87599e-77 1.21479e-46 1.38402e-112 2.76742e-95 3.4123e-60 5.18918e-47 8.61797e-55 2.96479e-13 5.82546e-170 0.219039 3.4203e-53 3.58425e-35
7.4091e-33 1.08796e-47 4.35431e-90 1.20872e-80 4.62451e-121 1.35203e-103 2.34917e-151 0.135349 7.14829e-118 3.71502e-189 1.03597e-38 1.55658e-81 4.55416e-127 3.98376e-116 1.84213e-130 1.98508e-100 4.22486e-73 3.18963e-62
1.77775e-32 1.09788e-92 1.56299e-123 8.34263e-134 2.48762e-173 3.76498e-102 4.85029e-115 1.98213 4.25591e-71 5.53081e-174 7.65116e-72 4.56369e-79 3.162e-96 7.40975e-94 3.12803e-143 2.46077e-151 3.59768e-116 4.69774e-23
1.30286e-12 2.43169e-38 5.71054e-129 1.39849e-101 1.24437e-10 1.22596e-124 1.28114e-129 5.13653e-20 3.44631e-39 0.446859 2.58575e-26 0.0409325 3.85366e-155 9.6952e-142 1.53537e-125 2.67804e-18 3.23663e-79 4.59861e-30
4.11834e-53 0.177197 2.26449e-125 7.37196e-27 6.98283e-06 1.10437e-145 5.37545e-186 3.5009e-55 2.09341e-94 4.22948e-15 3.29833e-13 0.734968 4.02041e-133 5.16229e-33 4.82196e-185 2.2271e-35 3.92693e-124 0.0418116
6.12318e-88 3.83625e-67 3.4823e-36 1.94794e-167 4.12021e-154 1.95776e-133 9.11792e-130 3.06933e-48 2.68272e-42 0.292287 1.17142e-27 1.19412e-79 0.0550456 3.74155e-53 6.61664e-213 1.39701e-39 2.05494e-79 3.49474e-66
3.80665e-63 2.73587e-71 8.61884e-134 1.44062e-81 1.52794e-42 2.46045e-78 6.80907e-133 3.95579e-13 1.26387e-64 1.78014e-107 3.18824e-23 0.353808 4.8628e-94 4.78809e-47 6.41533e-143 1.41102e-87 3.23989e-68 2.87433e-22
