4.83838 0.0846159
4.00831e-82 3.1834e-61 4.92038e-37 2.10142e-54 0.263089 7.85162e-15 7.11942e-154 9.7883e-74 0.10947 2.12834e-93 3.33991e-22 1.03628e-43 2.94809e-44 0.0614913 1.59638e-45 6.67928e-72 5.43448e-101 0.000205968
6.12045e-47 6.3613e-97 6.27005e-17 1.94075e-84 0.0686305 4.89486e-33 1.40116e-77 0.608424 6.78202e-43 8.99889e-74 6.8663e-82 9.70156e-72 1.77287e-37 6.33425e-104 2.63112e-105 5.36892e-78 2.22662e-59 2.6878e-05
9.96139e-98 4.46912e-99 6.18958e-10 4.9244e-76 0.295645 4.31552e-63 2.0965e-88 2.7636e-85 4.21388e-09 1.99844e-93 3.69116e-40 1.04005e-59 6.04221e-72 2.20671e-110 1.89172e-108 2.23582e-63 1.20375e-88 9.83075e-45
2.07187e-77 8.0337e-61 0.195436 0.123604 1.16046e-25 0.0544281 3.02553e-83 0.59384 5.54997e-31 3.45242e-53 9.6203e-07 5.31233e-46 1.14215e-13 1.05694e-70 1.1648e-92 8.61909e-25 1.64486e-70 1.17984e-21
5.10654e-72 1.7831e-60 0.143549 9.88666e-62 9.13769e-69 4.86736e-70 8.23301e-109 1.08331e-47 3.3146e-43 7.04155e-63 6.95152e-67 1.44422e-91 5.11663e-74 6.84669e-110 4.94159e-134 4.68397e-43 1.46841e-96 7.52417e-48
0.161218 0.0689925 5.4068e-21 4.2927e-59 1.27911e-89 4.26598e-63 1.02994e-50 3.89348e-35 8.11624e-31 0.13491 3.67565e-57 3.30271e-23 1.15683e-50 1.90045e-15 0.19975 1.84938e-37 6.05107e-44 1.67054e-32
4.35469e-73 8.80072e-84 0.0126707 8.307e-102 2.82394e-46 2.44647e-70 1.02309e-109 9.49924e-69 3.44621e-19 6.3751e-72 2.44866e-55 1.13021e-77 1.04009e-60 3.61271e-66 6.89722e-84 8.99932e-80 6.22248e-79 5.03193e-47
7.38676e-110 2.6212e-89 0.149094 4.19149e-92 1.48785e-29 3.13406e-56 2.98214e-116 1.16186e-86 1.42383e-21 2.2679e-128 8.07198e-50 2.41796e-42 3.27757e-70 4.2995e-112 1.68882e-83 5.32641e-41 4.42634e-112 2.02753e-49
2.35761e-67 7.24093e-63 0.0818988 6.86564e-93 2.46395e-55 6.43864e-69 2.43804e-134 2.06696e-92 1.09681e-24 1.3738e-76 5.78604e-53 1.11275e-40 6.79714e-96 2.16099e-68 3.4452e-100 1.73926e-60 9.1341e-78 8.26618e-29
0.000736128 1.97928e-102 1.70642e-23 4.20848e-31 1.61443e-27 6.59899e-27 0.143072 0.407295 5.85416e-24 0.00102505 0.131389 2.08213e-79 6.79038e-79 1.6365e-48 4.36821e-27 0.124337 0.0625932 1.38943e-31
5.36403e-94 1.88997e-76 0.144204 3.48612e-91 1.82451e-59 2.94879e-46 5.73861e-75 1.01214e-84 3.81863e-27 2.82275e-100 1.41396e-36 5.68379e-63 1.06526e-66 8.89366e-65 1.24401e-69 3.10975e-73 2.61508e-91 1.53635
4.64127e-109 1.4027e-77 0.755572 2.14222e-104 3.37013e-62 3.78777e-81 2.75644e-87 6.62871e-29 3.41478e-18 3.00098e-106 8.42631e-50 5.31248e-42 2.06689e-58 1.14869e-80 7.34732e-70 4.64343e-75 7.30427e-65 8.06748e-06
1.4707e-29 9.81834e-92 1.56274e-42 2.78889e-38 2.99351e-15 1.10601e-38 2.18564e-62 5.08614e-35 5.06549e-10 1.09091e-61 4.51067e-79 0.271852 2.25902e-68 5.37422e-86 9.20194e-71 2.51865e-72 2.61549e-100 9.81212e-07
1.91427e-98 9.91801e-67 0.000733302 9.04568e-54 1.25475e-18 1.5594e-27 9.29754e-41 1.49479e-59 8.15346e-45 1.56105e-105 1.36402e-63 4.85386e-34 0.0215662 5.61614e-54 8.09921e-14 1.76258e-53 1.89551e-20 0.0801496
1.51143e-55 6.33879e-98 0.213014 1.92816e-44 7.75324e-48 1.13507e-73 5.34636e-84 2.00892e-31 2.02501e-36 5.5494e-96 8.12004e-64 5.39576e-53 4.52828e-98 6.23602e-57 1.46367e-89 2.2831e-36 2.70813e-81 8.27606e-12
3.79361e-52 5.42263e-36 5.03223e-17 1.95913e-112 6.27439e-44 9.24867e-33 6.00777e-79 1.08916e-41 5.80351e-46 2.07874e-106 1.86331e-30 2.32966e-81 6.67329e-87 2.93006e-27 6.26036e-93 1.27395e-70 6.8463e-66 0.262984
