3.98996e-223 5.80883e-33 0.164787 0.0761667 0.0738998 1.65957e-58 1.13366e-230 0.000189774 1.0604e-71 1.17441e-85 9.0067e-97 3.24843e-250 4.08455e-266 1.79252e-27 1.97139e-61 0.444581 1.10544e-131 2.27464e-175
0.0227443 2.88876e-193 1.71268e-101 9.50068e-91 3.55522e-127 2.89776e-17 4.42256e-173 0.145712 0.157651 4.93152e-117 9.90468e-122 9.14784e-152 4.50209e-292 2.45536e-57 2.25414e-102 2.46272e-191 1.76067e-96 4.06284e-249
9.61779e-262 4.70125e-220 3.48939e-44 5.20948e-319 1.31727e-36 0.0163406 0.238858 3.50794e-109 3.94055e-117 2.21492e-213 7.31748e-81 3.75085e-226 2.22669e-191 0.41195 2.16574e-133 2.56098e-221 1.09211e-137 3.65602e-64
6.09947e-278 3.84022e-20 3.02334e-114 2.18663e-213 4.47058e-100 9.03097e-130 1.43197e-255 0.0559157 1.52023e-84 9.81044e-223 1.32417e-100 4.54516e-131 5.32255e-267 5.21932e-38 5.64477e-44 1.02198e-219 1.24888e-113 3.0227e-211
3.45754e-26 9.98052e-101 7.82124e-166 4.07843e-318 2.27398e-51 1.95854e-52 3.68096e-70 0.079725 4.15543e-137 1.72693e-186 4.62944e-200 1.55537e-66 9.02112e-148 0.154783 9.80116e-196 5.21414e-198 0.0290641 7.94606e-110
1.99795e-115 3.15186e-126 1.00953e-141 4.20897e-274 7.36051e-132 4.15529e-96 1.55093e-127 3.49274e-59 2.34942e-170 6.59387e-229 1.27254e-170 1.04881e-222 4.74611e-220 0.343301 2.16069e-136 4.4961e-116 7.08877e-136 2.92807e-177
4.98823e-82 2.30043e-60 1.04206e-98 1.20058e-321 1.26097e-134 1.90687e-135 3.35828e-229 0.238425 6.29367e-76 2.20584e-86 8.14367e-132 3.23693e-239 4.78638e-235 1.92827e-58 4.84288e-83 1.86909e-178 3.86404e-103 1.18624e-111
1.4107e-169 0.193284 3.56828e-147 2.70127e-304 0.227016 2.98309e-114 5.27257e-43 1.70548e-95 2.12403e-97 1.85895e-160 2.94156e-174 6.38366e-118 6.8896e-75 1.22845e-45 1.64934e-109 3.49385e-112 8.36923e-63 1.09402e-173
2.57093e-160 2.39525e-183 1.37249e-146 5.71116e-227 1.48469e-97 5.42212e-105 2.88602e-268 4.31436e-119 2.31736e-154 3.62637e-212 3.28925e-158 2.37375e-171 1.9429e-215 0.186733 3.62633e-177 1.24926e-208 2.60626e-106 4.91529e-198
1.64239e-213 3.82381e-71 3.90673e-89 0.29052 4.00053e-25 2.53677e-149 3.89434e-43 9.98158e-100 5.57861e-153 1.48317 0.947048 0.30732 0.224975 3.60838e-51 0.227861 7.20318e-102 0.322831 7.13885
5.63962e-212 5.09826e-158 5.71959e-122 2.94818e-301 4.44236e-121 4.9461e-128 7.91336e-180 2.49293e-92 2.0212e-132 5.29432e-210 1.15602e-168 2.03654e-231 2.9772e-279 0.113318 7.63883e-263 1.14233e-201 8.11129e-88 1.70967e-229
3.35189e-84 1.43922e-191 5.28274e-134 2.39293e-217 7.34365e-101 4.41947e-06 4.23828e-257 1.27918e-48 1.88038e-118 1.98351e-205 1.1514e-118 4.17303e-245 2.24364e-259 0.823149 7.05065e-206 1.47065e-100 2.34933e-92 1.65066e-268
1.43599e-165 1.53476e-146 4.9622e-125 5.2865e-322 1.08799e-106 1.55739e-124 1.32264e-214 5.16379e-113 2.88265e-155 2.97391e-187 4.90674e-182 2.84133e-243 1.12569e-306 0.0803301 5.71037e-178 4.55608e-151 1.13835e-95 1.34353e-242
3.80887e-194 1.437e-46 1.65082e-98 4.70927e-268 3.23498e-72 0.0724128 9.71259e-228 4.42557e-42 6.82088e-94 6.32221e-147 3.98467e-95 1.08399e-183 2.29846e-89 1.48918e-30 2.79923e-181 6.89038e-90 1.42191e-111 1.73343e-180
0.18549 5.58199e-187 1.9872e-100 1.61207e-249 4.82328e-107 2.46133e-125 1.50415e-244 0.0153937 2.82283e-113 5.26728e-67 3.92705e-72 2.29458e-140 3.21785e-174 1.0484e-48 3.48813e-116 9.44331e-164 0.0204835 6.14049e-215
2.97962e-106 4.86281e-139 1.34097e-128 5.30756e-218 4.0922e-122 6.79764e-90 6.37305e-262 1.16653e-61 8.80764e-97 5.15588e-208 6.54194e-163 1.64808e-249 1.08626e-230 0.0400599 3.91832e-129 4.37358e-117 1.37067e-89 2.91591e-302
