3.62507 0.205739
1.11877e-54 6.38036e-89 1.30198e-153 2.57073e-164 5.18286e-144 8.72447e-114 1.53492e-142 4.20817e-202 0.246907 6.0075e-54 1.97417e-54 1.16182e-132 1.22226e-159 9.61731e-122 4.96573e-120 4.30626e-94 2.39274e-130 1.96057e-144 8.82713e-134 2.15992e-117 1.071e-67 3.2044e-122 4.87924e-260 1.04774e-37
9.37645e-82 5.82142e-56 5.13446e-138 1.88012e-147 1.50785e-87 7.59973e-38 6.44218e-169 5.98558e-133 3.56707e-90 2.78331e-149 0.0568552 3.01444e-117 4.89107e-176 1.05655e-293 2.18878e-68 3.5811e-27 4.24773e-83 4.25996e-74 1.62899e-183 1.22715e-150 1.84112e-150 1.05375e-147 8.54918e-291 0.234868
1.82915e-46 5.56329e-25 1.67661e-191 3.13483e-137 5.18011e-24 1.99616e-216 1.28591e-131 3.59865e-193 5.74341e-59 8.70985e-144 3.4995e-155 3.10265e-124 1.11044e-195 8.50947e-230 1.39662e-53 2.48732e-53 1.50185e-73 7.66449e-159 0.195823 4.33052e-101 2.27486e-52 2.10262e-140 5.68686e-120 1.35539e-75
7.06851e-88 1.16434e-127 4.75464e-76 1.28051e-240 1.2493e-18 5.90992e-189 3.92934e-165 2.82134e-87 3.97498 2.56841e-156 5.72275e-09 2.04592e-144 8.58352e-285 1.48077e-263 0.244308 5.47429e-79 4.36081e-173 1.04612e-65 5.55748e-86 1.36143e-59 0.108547 3.22335e-74 4.25098e-306 4.1644e-13
6.75195e-23 4.675e-117 0.476248 1.62986 2.05674e-134 0.377433 0.253233 1.66066 4.67829e-62 3.37272e-190 1.58778e-15 0.574279 0.366101 0.179724 2.03219e-20 0.000199264 8.38247e-28 2.1438e-81 0.000318867 4.22733 5.99664e-88 2.93263e-58 8.12586e-45 7.16803e-09
2.17246e-68 4.27078e-133 1.8959e-161 0.0152355 1.35134e-137 1.41186e-75 0.00133514 6.83063e-151 1.35633e-70 2.66499e-172 7.65153e-153 4.19247e-116 1.19558e-166 8.70839e-141 3.73812e-91 7.43743e-58 1.16716e-153 0.409421 8.00864e-173 2.19075e-27 2.94472e-189 2.34958e-85 8.6249e-115 4.58327e-113
1.45091e-116 1.55057e-129 2.15312e-211 3.80972e-241 0.0693146 2.16169e-207 6.10801e-99 1.5334e-228 2.60533e-55 6.45171e-155 9.38402e-152 8.76739e-96 2.96546e-235 4.03401e-250 6.17587e-101 3.00989e-97 4.46517e-72 8.13174e-46 4.97188e-143 2.3354e-115 6.61122e-144 1.12711e-114 8.30037e-228 4.19473e-103
1.37303e-78 1.02527e-12 9.23657e-127 1.46229e-65 7.51202e-115 9.18153e-97 1.19187e-171 4.11971e-107 1.07188e-09 3.2335e-70 3.20659e-124 1.18376e-98 1.28664e-219 4.41073e-208 1.56186e-62 3.78545e-87 3.98573e-54 8.13707e-83 0.277301 3.16899e-59 2.63922e-192 0.00650446 2.90445e-247 3.98196e-34
3.85766e-103 1.21465e-08 6.05742e-161 3.78001e-76 3.0043e-140 7.37598e-283 2.78487e-174 6.62569e-97 0.931929 3.95632e-140 1.71756e-102 2.78662e-90 2.08665e-158 2.72008e-259 3.07114e-21 2.05642e-158 2.49502e-91 9.08802e-135 4.41022e-158 6.84612e-114 7.13825e-150 1.67374e-37 4.49062e-266 3.94056e-98
0.106041 7.28728e-09 3.15262e-54 9.95062e-216 5.34497e-136 4.01409e-61 0.387649 9.05642e-126 7.27377e-115 0.940806 5.05045e-76 4.8588e-161 3.25543e-273 4.86048e-102 0.000104184 4.41648e-67 1.42197e-26 1.57942e-133 1.12226e-146 9.83122e-06 2.06521e-119 5.63022e-175 0.554445 6.88646e-80
0.398135 2.0736e-57 1.19934e-111 4.29991e-113 6.5949e-157 4.02342e-238 5.45821e-73 1.97274e-180 3.34146e-80 1.38244e-180 2.13566e-75 8.34779e-39 5.56822e-167 4.3029e-203 2.85102e-76 0.853693 0.0893788 1.15017e-79 1.31642e-120 4.9253e-95 1.4034e-176 1.32468e-67 7.37531e-224 7.11627e-93
0.243849 3.71034e-54 8.0205e-153 2.82378e-75 3.3622e-145 6.9948e-159 3.10186e-83 1.66682e-227 8.90981e-99 2.38025e-152 2.57481e-139 4.52087e-69 1.27623e-216 3.42103e-246 2.48906e-99 1.66182e-132 4.98594e-46 5.55239e-41 1.17495e-84 7.46316e-130 2.59408e-132 3.10631e-101 3.50677e-308 2.39794e-76
3.5636e-123 2.61236e-43 9.89378e-89 3.67971e-121 0.0426821 6.14494e-248 1.81301e-123 4.47823e-143 2.95169e-18 2.99419e-123 3.59108e-122 2.84968e-69 5.41464e-161 4.1306e-143 9.10877e-51 0.0403221 1.40401e-59 3.44419e-66 7.82205e-143 1.01525e-50 1.14911e-122 2.5644e-15 1.17305e-311 1.75362e-05
1.31444e-58 2.17242e-16 2.95022e-203 9.23124e-103 1.25039e-115 1.82713e-191 2.3173e-81 3.48919e-247 0.0438879 1.13407e-66 2.13524e-81 5.00899e-77 1.38604e-80 8.02125e-137 2.75016e-46 1.34962e-82 2.38315e-142 1.3132e-25 1.75536e-184 1.89494e-139 2.31975e-131 0.181092 3.35314e-235 2.12678e-45
3.82653e-100 3.57835e-72 2.71093e-140 3.37022e-51 0.290601 2.35811e-197 9.21392e-83 1.74624e-64 3.39512e-60 8.10326e-92 7.83638e-41 3.30329e-127 1.58968e-80 5.26868e-281 1.54897e-125 5.34313e-123 4.31297e-120 2.96832e-33 1.85344e-59 9.5164e-63 5.56406e-114 5.69025e-56 2.04392e-164 4.72407e-98
1.53787e-07 8.342e-49 5.05059e-111 1.84415e-191 0.158344 4.15147e-196 3.19763e-24 2.4339e-234 0.0716814 2.29668e-142 1.9237e-50 1.85686e-136 6.91227e-279 1.74627e-238 9.81456e-112 9.19647e-120 6.60109e-66 3.3686e-58 3.16041e-13 5.34664e-53 2.66163e-107 1.3596e-157 2.25664e-319 1.77728e-55
1.36255e-28 0.0553389 3.23539e-186 5.11122e-34 9.52713e-74 5.10288e-75 3.35391e-76 9.81155e-247 8.87141e-105 2.11385e-82 1.74516e-138 5.56358e-88 6.36018e-187 6.68686e-183 1.1208e-131 7.89961e-149 0.213544 6.11628e-113 6.16534e-54 6.76302e-66 5.62481e-27 2.73874e-11 2.62887e-269 1.07668e-70
