5.82154e-06 3.82636e-84 1.71841e-129 4.91307e-207 2.24407e-270 9.74644e-238 5.453e-43 1.4728e-266 9.14021e-322 4.0213e-207 2.8557e-321 1.6025e-122 1.29265e-53 6.74568e-47 9.80739e-235 1.50855e-193 2.03941e-150 0.71888 5.67705e-170 8.3746e-182 9.68064e-201 1.62418e-140 1.02124e-102 0.0303623
1.17322e-170 1.16444e-26 3.18076e-265 9.52946e-262 5.00031e-105 8.45956e-49 5.75646e-189 5.89961e-250 1.69192e-288 3.2868e-160 1.43411e-248 1.17892e-170 1.47962e-148 9.74456e-61 7.01758e-144 6.55376e-30 8.30767e-274 4.83315e-127 1.97026e-44 1.75049e-84 0.3678 2.6729e-321 1.65469e-245 1.41295e-55
2.91754e-169 2.46367e-115 5.95074e-224 2.06228e-109 2.91341e-177 5.7557e-65 6.58607e-198 4.48379e-125 6.81811e-322 2.14424e-321 4.53566e-172 1.38842e-107 2.32361e-128 0.19094 1.76849e-217 1.49337e-52 2.75367e-316 1.61843e-111 4.98146e-59 1.08578e-162 2.17313e-45 2.31927e-212 4.04493e-57 6.05966e-157
6.45761e-120 4.76379e-23 8.36603e-245 3.33186e-27 5.46735e-246 4.05804e-73 3.85655e-31 3.67599e-26 1.4364e-274 3.00886e-321 1.71217e-181 1.70172e-86 0.804626 9.29946e-139 9.38115e-279 6.28904e-28 1.40924e-197 9.5886e-199 2.06748e-273 3.68814e-207 1.5189e-73 8.59747e-123 1.98863e-12 2.03005e-124
3.53284e-201 3.98835e-47 2.06544e-200 2.98535e-213 6.64988e-261 7.57185e-244 2.54076e-143 1.01874e-34 8.69556e-322 3.67015e-314 6.76436e-238 1.50919e-73 2.43575e-43 1.57456 1.65183e-212 4.15658e-211 4.14027e-321 1.47725e-39 1.96712e-92 5.15824e-137 2.25983e-130 1.32745e-196 7.81063e-120 3.41802e-185
6.4961e-121 4.47228e-155 2.78944e-195 9.09138e-70 1.366e-272 4.50128e-181 1.59207e-28 1.62861e-18 9.6784e-303 7.72781e-265 1.20517e-278 9.80555e-233 1.59946e-139 0.570161 4.684e-249 4.51129e-181 3.86853e-321 1.79542e-166 6.82386e-177 2.26835e-179 7.95402e-74 1.04862e-187 3.28257e-253 2.24502e-83
0.257054 9.86537e-135 3.22047e-223 1.08424e-144 2.69676e-268 4.12804e-31 0.000221372 0.586005 2.00408e-229 2.69266e-321 1.85603e-233 4.07433e-147 1.17847e-180 1.73905e-74 1.07078e-178 1.57022e-203 4.95864e-295 4.87807e-192 4.19783e-74 8.92417e-139 2.11984e-171 7.37224e-317 0.0263458 4.62685e-175
1.20596e-187 1.47683e-40 1.95235e-180 2.23133e-239 3.3228e-257 4.98732e-203 4.41122e-166 9.61927e-187 3.24416e-266 4.97371e-234 5.46671e-102 3.28679e-193 2.59726e-05 6.8288e-21 8.99877e-103 5.50094e-204 4.30973e-265 7.14984e-156 0.315188 2.87833e-153 8.33085e-89 1.6956e-47 2.6108e-114 5.33904e-111
3.72352e-118 2.29003e-95 5.96584e-145 4.35785e-238 1.33465e-143 2.71438e-197 8.23901e-20 2.74789e-37 5.13938e-165 2.88534e-321 1.20107e-308 2.59412e-77 1.01021 1.69003e-193 4.20409e-173 1.78291e-72 1.26012e-206 8.64965e-67 1.1269e-195 1.4562e-33 3.53327e-226 0.565329 8.90029e-133 0.147658
1.7093e-86 2.3869e-95 4.6547e-211 3.31138e-170 1.01361e-139 8.62307e-105 1.32266e-135 7.23285e-47 8.15208e-322 2.27764e-321 1.15709e-207 1.04965e-173 2.16826e-137 9.60116e-151 3.74761e-224 4.75128e-123 1.72596e-147 4.97416e-208 1.74649e-181 1.62392e-197 1.42974e-87 1.80013e-192 2.84571e-210 0.337991
0.000501087 0.0844744 7.63555e-154 2.86015e-201 7.02775e-230 3.87419e-168 5.13053e-37 1.12596e-185 1.07212e-321 1.63117e-148 4.14938e-110 0.27745 9.96616e-191 1.35439e-198 6.01104e-137 5.85e-196 4.43177e-321 1.33637e-150 9.99313e-315 1.54142e-205 1.61018e-19 2.59388e-116 3.76542e-73 1.06873e-226
1.87547e-180 4.42588e-107 1.0568e-192 9.73109e-66 1.38759e-122 1.63092e-85 0.242223 2.55919e-68 1.08722e-245 4.90863e-121 9.77313e-94 3.7259e-142 7.80401e-214 3.01415e-31 5.24069e-47 0.0139533 2.8074e-288 4.51995e-120 2.44984e-110 1.64769e-112 1.31259e-06 0.0965797 6.48502e-12 1.98061e-37
1.01952e-95 1.24854e-77 1.57091e-212 1.45194e-177 1.90491e-184 1.07719e-202 5.93155e-156 2.43277e-109 3.50442e-272 1.93674e-321 1.10042e-163 1.08228e-157 2.73355e-108 0.276511 2.44841e-299 1.66931e-76 3.19133e-173 4.93385e-99 2.97156e-242 9.94471e-213 4.24111e-87 5.38676e-295 1.46179e-99 1.53751e-154
3.9254e-120 8.76077e-155 1.1555 0.482264 0.50843 7.1792e-79 2.02918e-148 5.04167e-232 0.348038 1.01542 0.975008 7.06598e-71 1.94279e-202 1.36999 0.378525 1.28735e-148 1.61069 7.26573e-191 0.935845 0.314919 7.97012e-145 5.60734e-90 2.82771e-120 4.55521e-90
7.2652e-219 0.893646 3.46409e-102 1.89975e-129 5.00494e-138 1.87099 6.75514e-52 3.35133e-94 1.1907e-321 2.9891e-321 7.4918e-85 0.484699 8.76821e-95 1.52271e-181 4.25304e-88 0.506678 4.28355e-321 5.46186e-108 6.44958e-167 9.07343e-273 9.2109e-22 2.89034e-265 3.99806e-103 1.82596e-236
2.12128e-74 1.9403e-18 1.19469e-157 1.69913e-224 9.70562e-117 1.42881e-69 1.42461e-24 3.43972e-119 7.41098e-322 1.33696e-311 2.91957e-160 1.41877e-152 2.14106e-74 0.181553 7.33689e-252 1.9956e-160 3.69067e-321 1.19643e-107 1.13516e-253 7.792e-306 0.837128 1.68408e-209 1.29088 4.58e-16
8.52101e-151 1.57679e-124 6.23389e-133 6.72878e-225 7.68231e-227 6.66993e-232 1.25831e-199 3.86623e-51 6.7687e-322 5.37984e-240 2.36224e-158 2.58803e-18 1.58164e-24 5.31514e-112 1.3415e-102 2.40879e-168 3.85041e-201 0.0750309 7.07305e-301 6.90838e-289 3.7039e-32 3.84773e-51 7.64167e-38 1.25304e-121
