3.76974 1.05518
1.77864e-321 7.04538e-321 4.03652e-321 2.07508e-322 6.24005e-321 2.9308e-320 5.58195e-320 5.09876e-321 3.70203e-320 3.69067e-321 0.114516 5.01971e-321 1.78852e-320 4.47129e-321
1.16599e-321 8.65603e-321 1.08693e-209 3.45846e-322 1.38623e-257 1.12696e-320 2.14474e-320 5.57306e-321 6.20299e-320 7.55426e-321 8.43864e-321 3.94758e-321 7.12937e-321 0.251537
2.81123e-321 1.34583e-320 2.63109e-312 2.81617e-322 9.01176e-321 1.01282e-118 3.42338e-320 0.455776 3.12249e-320 3.54539e-63 7.27265e-321 4.31319e-321 1.16599e-320 2.73792e-220
2.05037e-321 8.43864e-321 1.1907e-321 1.58101e-322 4.06122e-321 1.16254e-320 2.42685e-320 6.78846e-321 1.14111e-137 0.396998 8.66591e-321 4.14521e-321 1.01297e-97 3.29048e-321
9.98013e-322 1.44225e-119 2.12448e-321 2.76677e-322 4.84678e-321 1.20058e-320 2.18624e-320 7.72225e-321 0.377742 2.26325e-121 9.25385e-321 4.04146e-321 9.57499e-321 2.46539e-321
1.19564e-321 1.0736e-320 2.248e-321 1.72923e-322 6.61999e-178 1.08694e-320 2.90115e-320 8.26078e-321 14.042 6.60072e-321 6.8449e-267 5.1284e-321 9.37737e-321 1.1989
4.24402e-321 9.0673e-19 5.11358e-321 6.37345e-322 4.0464e-321 2.38831e-320 6.68224e-320 3.39457 1.59015e-319 3.93871e-204 9.71827e-321 5.1499 4.41782 4.41695e-321
1.27453e-161 1.90489e-185 1.88293e-10 4.41907e-40 4.15015e-321 4.27689e-85 1.91796e-320 8.84872e-321 5.13482e-320 0.474618 3.77466e-321 2.91499e-321 1.18032e-320 2.04487e-64
0.0129757 0.150981 4.64782e-50 5.89833e-31 0.0806625 2.27633e-32 2.46399e-28 1.63042e-322 1.3241e-321 1.18576e-322 1.82804e-322 1.38338e-322 3.06321e-322 1.03754e-322
0.00693845 1.29748e-05 0.0114057 0.00136398 0.00149363 0.070431 0.230283 4.94066e-323 4.15015e-322 3.45846e-323 5.43472e-323 4.44659e-323 9.38725e-323 3.45846e-323
9.63428e-322 8.31018e-321 2.45057e-321 3.49151e-40 3.365e-133 1.12894e-320 3.42338e-320 2.38724e-17 0.223535 6.83787e-321 5.52365e-321 3.18178e-321 2.21112e-143 5.6027e-321
5.64595e-67 9.35266e-321 2.77665e-321 6.82177e-277 5.15805e-321 1.80828e-320 5.01131e-320 3.22863e-242 1.75521 9.22826e-103 2.36775 3.12249e-321 0.751548 2.90511e-321
1.1666e-55 1.78117e-293 7.21843e-58 1.4822e-322 1.0158e-320 1.78007e-96 3.70549e-320 6.14618e-321 1.91516e-79 0.269192 5.25221e-23 3.49304e-321 8.53745e-321 3.44975e-05
5.04536e-67 7.2939e-223 0.000475043 6.92227e-250 4.48118e-321 9.49306e-206 2.15464e-257 3.31518e-321 2.42685e-320 0.280392 3.25095e-321 3.18178e-321 5.4199e-321 1.90709e-321
3.65936e-247 6.24499e-321 1.12647e-321 0.00181807 6.37839e-321 1.03853e-320 3.06557e-239 3.34482e-321 0.603787 0.0217259 1.33346e-51 5.70646e-321 4.20639e-296 1.71957e-113
2.01579e-321 1.03655e-320 2.9891e-321 1.82804e-322 3.98217e-321 3.85814e-32 5.08888e-321 7.30229e-321 2.79938e-320 0.188821 1.6269e-139 2.93475e-321 6.24005e-321 3.66597e-321
1.29939e-321 1.30012e-280 3.41399e-321 1.07731e-62 8.10194e-295 1.06619e-320 6.75783e-320 8.34477e-321 0.311269 1.31296e-61 6.01772e-321 3.26083e-321 7.11629e-29 4.10569e-321
