3.86634 0.265797
2.39757e-179 3.2244e-74 1.18078e-139 9.80885e-171 2.69393e-10 3.57179e-52 6.26871e-272 2.09681e-320 1.22817e-184 1.4161e-49 0.0487295 4.35452e-117 1.67019e-90 3.41893e-321 1.39699e-246 1.81322e-321 1.57165e-68 1.66905e-65 3.3377e-72 1.54336e-43 1.00294e-183
3.26594e-156 1.2624e-10 5.84323e-104 4.82775e-29 6.57615e-145 5.70481e-130 2.82891e-238 0.76021 1.08214 1.18649e-160 1.42805e-319 2.2332e-13 4.37046e-127 7.73274e-136 0.0367024 5.86107e-121 1.51864e-69 3.69413e-75 0.0403073 5.37836e-268 0.508582
2.13842e-42 1.2925e-185 3.3547e-186 2.6968e-98 2.35476e-207 4.72534e-122 8.13506e-255 6.04026e-126 4.10262e-31 7.22333e-49 3.23717e-316 0.0909283 4.17298e-96 2.79727e-261 5.1979e-138 3.38587e-91 4.91043e-95 1.1662e-34 6.33599e-144 1.5106e-07 7.41231e-70
3.70136e-95 1.98169e-10 1.42201e-274 5.10718e-111 9.97843e-250 7.03972e-36 7.99556e-301 2.70265e-313 2.72412e-74 2.20572e-118 1.53747e-223 0.186225 2.91691e-05 4.29272e-285 0.390526 0.398084 2.00883e-89 1.08519e-101 2.89187e-30 2.65192e-194 8.6641e-188
1.36386e-250 1.72491e-71 2.82507e-112 1.33007e-122 3.47299e-251 5.69141e-93 2.73103 0.000233174 1.34552e-80 2.08114e-133 6.6211e-240 1.29694e-75 0.336061 0.0672705 2.34369e-246 4.27038e-160 1.22957e-65 9.34613e-108 5.03303e-22 1.46275e-49 4.14992e-95
4.6731e-234 1.22613e-26 4.31374e-80 1.02037e-44 5.57271e-80 1.64895e-58 2.75021e-208 1.41617e-110 2.37457e-58 0.228753 2.2289e-118 1.45189e-49 5.47671e-31 1.88814e-110 1.80994e-163 2.07385e-106 4.4391e-165 1.52058e-138 1.49964e-143 1.25009e-194 1.40426e-135
9.71186e-169 2.09328e-89 4.4198e-59 7.62777e-162 3.00702e-79 5.99381e-118 9.96849e-219 2.39424e-320 7.34269e-156 1.06949e-115 9.9486e-111 4.67317e-63 0.00501056 1.27162e-268 1.48882e-53 4.39162e-110 0.644577 0.0376214 1.70307e-115 2.96178e-95 0.00663176
5.4993e-195 1.08024e-93 3.75208e-87 7.06613e-245 2.80323e-111 3.83973 2.33436e-217 2.92045e-46 1.68862e-76 5.94499e-182 0.130673 1.67144e-88 1.02046e-73 6.07352e-280 2.34531e-257 1.85783e-137 2.67818e-108 3.1535e-87 1.29335e-126 2.30188e-151 2.09117e-250
2.70287e-216 9.51802e-48 3.33886e-305 5.45176e-128 1.12613e-240 6.44069e-167 5.32713e-19 1.88743e-71 1.11361e-149 3.36116e-197 1.17114e-186 7.43472e-68 1.19863e-40 7.10228e-185 2.05938e-75 1.85494e-247 1.38248e-105 2.10568e-95 0.232845 2.71462e-123 7.14379e-78
3.77878e-13 3.10424e-75 2.00791e-166 1.54336e-146 2.70491e-116 6.54414e-127 8.33425e-144 5.65176e-215 9.77836e-85 4.82547e-112 1.24898e-165 9.21201e-131 1.67682e-53 1.25559e-239 6.32919e-86 7.89482e-190 8.39716e-101 1.7157e-285 1.86664e-97 2.28445e-267 7.42092e-214
3.19793e-40 2.10325e-135 5.28798e-48 1.0318e-244 5.39711e-35 2.78797e-43 4.32683e-161 4.36645e-160 2.16023e-128 2.30336e-230 1.4734e-240 1.19429 5.33333e-100 1.74556e-216 1.56674e-108 1.79274e-49 3.86603e-105 1.21902e-76 4.94953e-85 5.6719e-109 1.189e-214
3.1492e-187 9.13541e-146 1.2905e-320 8.32498e-62 0.214938 1.07251e-135 1.73631e-227 1.48174e-286 3.51932e-96 6.24355e-81 9.81452e-190 1.93669e-10 5.46512e-20 0.250432 6.0856e-13 1.26634e-230 2.99008e-130 8.47612e-34 0.00792592 4.03456e-255 1.38673e-86
4.57616e-23 3.31311e-40 0.579538 6.98566e-201 7.6665e-199 4.9807e-151 5.19759e-296 9.8565e-273 6.80047e-238 5.58008e-196 1.75028e-231 2.0975e-193 5.33694e-113 2.62112e-282 4.68913e-246 1.6131e-280 2.42571e-138 8.34675e-320 1.43159e-153 2.71784e-272 9.5932e-281
0.0194833 0.045895 0.0001504 6.51217e-253 5.56755e-251 9.37465e-170 3.30414e-301 1.48714e-321 1.28117e-240 3.75383e-268 6.17077e-309 1.35385e-192 1.23221e-148 2.73712e-321 7.96896e-257 1.33398e-322 1.9715e-174 1.97626e-322 2.71142e-190 2.50827e-268 1.29118e-290
5.40901e-88 5.51044e-123 9.81516e-317 3.3326e-218 3.85546e-191 1.59817e-134 1.00742e-83 1.06915e-24 6.57302e-209 0.0867339 1.33548e-194 4.68074e-182 2.3822e-60 5.41071e-277 2.37866e-73 6.09835e-60 4.40989e-139 0.573446 4.48887e-30 1.90671e-229 2.72039e-228
5.16896e-214 3.59578e-28 1.4537e-92 4.73644e-172 7.65947e-211 6.76573e-101 6.50043e-199 1.01766e-20 1.10082e-63 1.43059e-77 5.21019e-57 2.82297e-140 9.53379e-22 3.8931e-66 4.05449e-150 1.94662e-321 6.29699e-64 7.8605e-261 7.65287e-89 0.224341 2.69737e-40
9.66773e-99 2.46246e-155 1.54865e-138 0.682789 6.95989e-68 5.47776e-45 7.74058e-314 4.60508 6.47926e-197 2.74373e-58 1.13416e-298 6.38007e-148 1.45522e-45 0.563498 3.1474e-83 7.58434e-13 2.07762e-60 1.03386e-158 3.45537e-94 1.99017e-104 9.24984e-189
5.47691e-153 4.01638e-166 7.41295e-154 6.94529e-197 8.01963e-240 0.705353 5.35887e-216 4.40809e-99 3.5168e-237 2.87068e-102 2.34269e-222 5.78184e-123 7.13543e-46 6.56143e-176 4.54008e-165 7.8497e-250 3.64887e-32 1.15592e-57 3.89899e-184 4.02239e-115 5.04395e-153
