1.91898e-198 1.63998e-145 8.80857e-161 0.00256786 1.68854e-142 4.2292e-321 3.06576e-75 7.04173e-62 3.32339e-139 5.26377e-109 1.66434e-306 2.45429e-104 4.16003e-321 1.46666e-240 1.40105e-120 1.54197e-95 1.30285e-74 0.0663621 8.94837e-125 9.24892e-157 8.81461e-63
7.71722e-99 1.22852e-201 1.34333e-140 1.08766e-138 2.38995e-237 2.25462e-240 7.73434e-75 1.73911e-321 6.93819e-117 6.16278e-67 1.32904e-321 2.84788e-71 4.28355e-321 2.0623e-116 2.33986e-194 1.59568e-95 5.92717e-172 0.256372 1.36177e-97 1.7984e-321 1.9206e-169
0.0146761 7.82263e-14 0.0206221 4.31765e-193 4.42217e-278 2.07508e-322 4.78567e-287 6.91692e-323 3.45846e-323 7.61657e-235 4.94066e-323 1.47093e-289 1.87745e-322 1.5136e-258 1.03754e-322 3.16596e-286 4.46156e-252 7.41098e-323 3.30946e-209 7.41098e-323 1.0718e-201
3.90646e-78 0.252372 2.81243e-27 3.96684e-177 1.97606e-217 4.73257e-245 2.26679e-203 5.03947e-322 2.67725e-254 7.87039e-169 2.64375e-243 1.5451e-224 1.60077e-321 3.45097e-227 2.95231e-248 3.00055e-266 1.91692e-180 6.07701e-322 7.65566e-167 6.32404e-322 1.99355e-135
1.41169e-21 7.15559e-156 3.63179e-187 1.51829e-112 3.67078e-109 0.219729 9.0926e-136 8.74443e-219 1.62584e-205 2.00582e-154 2.07566e-178 4.8527e-186 3.913e-321 1.44612e-161 2.19977e-270 2.0197e-146 7.26594e-216 0.0565933 4.18601e-117 3.81458e-197 1.13932e-66
8.66984e-200 3.56626e-185 4.04824e-106 1.8675e-79 3.00679e-254 6.32205e-27 2.78241e-266 1.60571e-321 1.88846e-303 1.19929e-138 3.38372e-242 3.67391e-30 1.34187e-138 7.0633e-106 0.154113 0.431945 3.23096e-162 4.96165e-86 0.00268537 2.45057e-321 6.94661e-95
1.69114e-65 1.52585e-310 1.69165e-31 6.22787e-74 1.44459e-251 0.778213 6.33597e-72 2.55668e-138 0.0249322 3.39719e-100 7.04632e-296 1.41453e-265 5.91513e-197 1.39866e-42 2.84675e-44 1.27272e-273 2.09698e-46 1.87251e-321 1.02778e-25 2.2611e-198 6.26151e-112
1.03049e-129 3.82407e-321 1.56037e-134 4.30922e-60 0.0295297 6.61247e-138 1.53081e-17 1.6897e-321 0.171632 1.16995e-99 6.47865e-139 8.81463e-206 1.17016e-250 7.81501e-150 3.64384e-71 2.41212e-291 6.92611e-22 7.65998e-33 2.6554e-207 2.54938e-321 2.11227e-135
7.90322e-73 6.0636e-100 7.86593e-182 0.430805 4.4108e-64 1.06904e-204 2.94841e-75 3.24196e-253 6.01048e-232 3.42441e-208 3.0637e-44 8.21977e-295 2.31994e-217 7.50203e-184 4.1932e-166 0.0434655 1.32047e-203 3.36566e-20 7.03532e-118 1.45744e-316 2.02914e-12
2.49703e-173 7.9361e-171 1.13082e-158 1.69146e-123 8.75273e-82 3.62494e-149 1.53267e-120 1.64407e-266 9.93995e-286 1.46788e-188 1.43353e-35 3.38329e-192 2.5592e-114 1.13757e-100 2.34156e-290 1.10968e-90 4.92907e-214 3.23784e-88 2.83867e-14 1.87745e-321 0.24791
3.18169e-45 7.21914e-12 1.1071e-102 1.60584e-88 4.34602e-120 4.77761e-321 1.96064e-280 0.356144 7.68877e-297 1.16315e-132 1.00033e-303 1.26625e-128 5.04441e-321 2.09645e-79 8.05099e-256 7.09561e-29 2.02363e-66 1.69177e-188 0.0106755 1.95135e-156 1.45968e-179
1.19506e-184 1.64013e-48 9.11556e-165 3.12395e-23 7.77091e-161 1.05256e-153 1.20643e-226 9.37662e-174 7.5098e-322 6.13919e-151 3.89399e-31 5.64481e-234 8.93571e-115 2.63156e-221 5.65785e-263 0.0428287 1.17869e-46 1.82639e-186 2.27201e-162 4.91941e-83 8.77451e-145
7.68229e-251 3.76972e-321 9.14155e-243 6.24746e-64 3.93142e-207 3.69705e-193 0.344931 2.69374e-16 1.6139e-258 4.65756e-134 8.86554e-145 2.21351e-29 5.90645e-138 7.37562e-19 2.35242e-174 1.99202e-228 2.07761e-55 6.25062e-24 1.00799e-09 8.26145e-89 0.0314563
1.75103e-20 1.3047e-163 1.85209e-22 1.89576e-16 1.0373e-94 1.25542e-320 3.03951e-124 2.44531e-244 1.38338e-321 4.97396e-176 1.54073e-98 2.10057 1.69897 5.0971 0.534497 2.18113e-157 4.83292e-122 2.72724e-321 4.13934e-58 0.56804 3.23416e-69
5.856e-22 5.52739e-39 3.95656e-87 3.8851e-39 0.588845 7.34158e-195 9.55199e-29 4.93841e-185 9.78711e-142 2.55349 0.26818 2.33196e-126 1.3253e-207 2.78291e-97 3.8326e-217 9.0013e-234 7.09871e-239 6.56337e-278 7.20694e-155 1.04956e-49 6.06435e-46
7.63175e-165 7.44369e-198 3.66401e-110 1.06847e-171 7.24121e-40 6.70411e-295 4.616e-108 1.38338e-321 1.97754e-137 1.1198e-126 5.26299e-177 9.43518e-187 8.61489e-269 4.06424e-247 2.96388e-55 4.24542e-79 4.48561e-210 2.27042e-162 0.474484 1.18415e-199 9.30529e-41
2.32179e-181 3.35965e-321 9.52888e-115 5.52389e-80 2.22534e-53 3.59881e-104 4.81533e-143 1.09056e-203 2.63058e-43 9.93185e-50 0.0269897 2.76284e-289 1.88937e-249 2.28728e-241 1.2303e-153 9.47608e-239 0.355345 9.22837e-98 2.66362e-38 2.27764e-321 2.62597e-169
2.14127e-05 4.14027e-321 3.26185e-285 2.93328e-37 3.97668e-71 1.0178e-310 5.99201e-63 0.000276197 1.32035e-119 2.82698e-176 1.01891e-196 2.00512e-250 7.79538e-86 3.96972e-187 1.06561e-296 6.61436e-49 1.03608e-14 7.97003e-111 7.51983e-130 0.148913 9.90278e-182
