1.52781e-164 9.95066e-39 4.88209e-151 6.04066e-57 1.03535e-43 6.34636e-86 1.92318e-224 3.86228e-17 1.57631e-219 7.17824e-178 1.75904e-138 4.17951e-76 7.98348e-167 2.37646e-321 5.66735e-52 5.20404e-294 0.127864 7.26276e-322 3.13522e-213 7.3496e-236 6.20566e-62
2.32445e-88 5.58304e-98 4.69735e-110 6.38217e-18 8.63909e-165 8.53163e-110 1.76114e-279 0.00210173 1.51214e-249 3.91586e-311 3.77583e-121 4.08776e-104 4.20838e-58 1.17998e-233 3.40938e-134 2.66795e-321 6.97892e-67 1.62145e-246 1.2332e-282 2.35672e-51 0.135313
1.67543e-69 4.95051e-35 5.18344e-175 3.77811e-42 0.255649 5.85235e-136 5.58788e-321 5.47048e-30 6.54448e-231 1.15611e-321 1.02221e-133 1.90926e-63 6.74115e-161 4.59827e-313 1.64006e-164 2.19905e-297 2.95443e-14 2.25694e-211 3.34273e-301 3.85054e-58 2.89511e-79
3.25311e-131 5.69877e-37 4.39575e-118 2.74841e-68 4.25595e-166 1.92828e-230 2.71242e-321 7.08564e-47 3.72842e-269 7.53291e-293 3.82039e-31 4.82953e-199 0.396355 2.4722e-205 0.222649 6.31791e-315 6.24019e-56 2.22984e-275 5.3424e-228 4.57209e-94 4.82101e-93
2.15021e-111 2.43574e-321 1.49702e-321 1.88097e-79 4.68473 0.357609 1.24746 2.60974e-75 0.76856 0.525805 0.29234 2.09852e-220 7.97789e-109 1.22164 1.94271e-86 1.17587 1.83241e-43 0.50755 1.05613 0.27292 3.16301e-75
3.23614e-104 3.02102e-115 6.7517e-22 2.18968e-44 3.41524e-130 4.35942e-59 1.05951e-275 5.66764e-61 1.84512e-265 9.68901e-210 6.89898e-173 2.53512e-222 5.91265e-69 9.22946e-313 2.4875e-83 2.15413e-321 0.2478 7.01573e-322 1.25659e-228 1.00092e-245 1.14101e-77
2.69339e-127 8.14008e-118 2.59422e-125 9.43886e-66 2.66768e-129 2.77204e-248 1.9565e-321 6.51257e-46 9.04528e-235 1.82494e-293 1.33775e-140 2.21323e-76 9.60885e-100 7.46036e-300 1.91056e-66 1.77864e-321 0.172902 8.34971e-322 5.8359e-269 5.09258e-158 3.80609e-91
0.00834761 0.0124081 0.006778 2.56765e-146 7.47237e-168 5.36838e-253 9.88131e-323 2.15877e-140 5.92879e-323 4.94066e-323 8.94162e-263 5.4203e-236 2.94991e-205 1.13635e-322 1.70542e-181 9.38725e-323 1.17106e-125 3.45846e-323 9.88131e-323 3.81945e-245 2.00587e-135
5.91693e-106 5.02135e-184 2.21346e-53 7.68399e-106 0.0992869 5.46637e-106 2.77171e-321 1.03549e-72 9.77885e-184 1.30337e-188 5.64128e-252 3.67461e-141 2.81434e-70 4.06855e-289 9.94326e-83 2.747e-321 2.08342e-73 8.89318e-322 4.66591e-182 1.85811e-70 1.71708e-102
8.96381e-141 2.30669e-143 1.91991e-69 2.07379e-21 1.94796e-25 1.17349e-97 4.21929e-317 3.52241e-82 1.38338e-321 3.03949e-320 8.67769e-199 6.24157e-128 0.518538 2.49022e-263 4.47214e-92 5.99775e-283 4.56963e-11 8.94259e-322 7.386e-173 4.9014e-122 1.36938e-130
2.08929e-158 2.108e-77 6.53386e-95 1.43199e-136 0.0539563 3.02641e-99 1.83889e-288 3.16457e-121 2.14297e-281 8.40332e-280 2.76474e-137 1.46239e-214 1.24505e-99 2.6154e-263 3.01389e-15 4.31039e-246 3.24014e-72 7.85564e-322 1.24469e-246 1.05772e-227 2.95734e-54
9.79355e-177 5.98718e-71 1.31249e-138 0.151669 4.41817e-127 1.8976e-228 2.89633e-153 3.33585e-90 1.90215e-321 2.62186e-225 4.96856e-217 7.5087e-132 1.09505e-186 2.65689e-298 6.68809e-77 2.59549e-295 3.73694e-50 1.63534e-203 2.20917e-280 8.98085e-46 2.39475e-44
3.02645e-103 1.13209e-26 1.4138e-38 8.1276e-71 0.473688 2.2378e-186 2.19859e-321 1.02071e-30 1.47232e-321 3.42041e-295 5.82784e-250 1.18403e-107 1.40886e-139 2.23812e-321 9.87026e-174 2.04543e-321 5.90461e-28 6.96633e-322 2.07014e-321 3.11293e-100 1.00287e-45
7.11469e-211 1.5087e-75 4.01347e-86 0.10517 0.812175 1.10189e-95 7.95048e-239 2.54326e-55 2.78453e-273 1.70497e-246 8.22469e-109 5.10996e-164 5.22149e-76 2.80755e-257 4.74862e-180 1.22837e-283 1.29141e-23 8.89318e-322 4.04898e-246 1.38705e-153 0.0820595
4.37381e-205 1.07986e-19 4.35442e-108 9.88239e-59 3.99844e-58 1.1967e-184 2.72724e-321 0.211557 2.03638e-301 2.12886e-285 9.01264e-46 7.06948e-235 6.00395e-109 1.53988e-199 2.63994e-32 1.63728e-254 4.29204e-125 8.99199e-322 1.57886e-233 1.66822e-223 3.25847e-59
1.47839e-19 1.22717e-91 1.38746e-135 1.88768e-117 0.154762 8.61561e-21 4.53038e-214 1.11986e-81 2.29741e-321 8.63187e-119 5.1427e-204 0.191853 1.10253e-143 9.92725e-122 1.08968e-53 3.92787e-202 1.46165e-43 1.13141e-321 9.93492e-221 2.96663e-177 8.0753e-115
0.00423293 3.50897e-55 4.82027e-77 1.16816e-129 2.16749e-130 9.11145e-94 7.09614e-255 0.0991767 4.17549e-159 5.41384e-126 5.01529e-200 0.667933 0.474602 3.158e-169 2.31655e-66 5.62992e-168 0.498939 1.09189e-321 1.72403e-318 3.79016e-147 1.42414e-62
6.92791e-44 6.6443e-133 4.13558e-114 1.31522e-62 7.62249e-119 7.35007e-224 3.60889e-286 7.69341e-41 8.27212e-268 5.51863e-284 1.52604e-133 4.06898e-167 1.10621e-45 2.80598e-215 1.60717e-60 2.39622e-321 0.12868 9.68369e-322 7.05172e-232 2.52469e-91 8.47328e-28
