5.91355e-101 5.2898e-223 4.93105e-131 5.67022e-234 1.48911e-256 0.183887 9.32588e-143 8.03047e-228 8.404e-79 3.17769e-152 1.52828e-158 1.32999e-207 3.57406e-155 1.68365e-90
0.0628286 1.61991e-196 1.60971e-174 1.16407e-152 9.04982e-188 8.07831e-52 2.67082e-218 3.28727e-300 0.101534 4.08908e-20 4.54856e-105 3.8462e-241 3.7386e-109 4.64718e-78
1.74448e-62 1.20966e-301 1.8628e-20 4.36611e-246 1.41886e-207 2.27863e-67 2.5039e-94 4.18974e-192 0.0473755 2.93499e-155 6.29404e-147 2.82091e-220 1.2654e-118 7.12951e-123
9.37032e-70 3.35674e-232 8.33328e-89 6.90217e-310 1.12579e-303 0.0726844 1.22375e-244 9.21555e-252 2.35112e-131 3.58457e-122 5.20849e-166 9.31297e-248 9.36074e-131 9.25309e-78
5.03001e-33 3.8932e-152 1.14275e-18 1.52516e-281 1.08312e-175 3.92165e-109 7.10817e-192 3.01681e-306 5.2965e-27 3.48453e-55 1.49907e-130 3.04427e-275 0.102997 1.12802e-21
9.50022e-102 1.98423e-251 0.344833 6.80706e-138 6.86425e-126 6.03044e-25 1.28876e-239 7.02332e-95 0.120657 4.10807e-88 0.400057 2.39777e-21 5.49231e-159 0.469078
9.88591e-71 3.27628e-305 1.76757e-175 1.08198e-216 1.20446e-208 0.189506 8.10599e-167 1.49762e-312 6.54367e-156 1.58834e-141 1.67204e-143 1.02022e-244 2.81005e-174 5.47565e-112
4.34853e-132 4.18116e-311 3.23376e-176 1.42941e-237 2.56377e-279 0.319234 4.32384e-245 2.18467e-302 1.65631e-163 4.04048e-194 1.66571e-150 5.88524e-212 1.77089e-85 1.09662e-73
4.44871e-59 1.019e-314 1.49742e-104 9.95409e-283 2.82821e-263 0.345657 4.48773e-224 1.78412e-283 4.31369e-124 5.14963e-153 1.43335e-160 4.13047e-287 3.0974e-199 6.58753e-111
3.50012e-85 7.16601e-179 4.87652e-147 1.56649e-290 4.28211e-297 3.30289e-79 5.49868e-163 3.31563e-151 1.01003e-149 2.1985e-167 9.94797e-160 6.41817e-282 4.07882e-100 0.0388082
3.4619e-102 2.53718e-313 0.105349 2.04655e-179 7.18298e-166 6.90626e-106 5.16269e-129 2.47185e-215 6.75422e-153 3.80697e-92 3.73208e-52 7.62974e-90 2.03767e-91 1.13807e-81
1.24265e-49 0.776442 3.77774e-95 0.219173 0.165188 1.84987 0.694303 0.428009 0.903511 0.292328 7.41409e-79 0.904986 0.415587 2.43201e-111
1.1861e-128 2.72107e-269 2.62081e-112 6.59883e-221 5.25794e-236 0.165619 3.05074e-198 8.94386e-288 3.30797e-181 7.69335e-153 1.91997e-143 4.13283e-248 1.1116e-180 1.26118e-119
5.36437e-67 2.71397e-242 2.565e-110 7.68449e-216 4.15015e-322 0.935493 3.98053e-154 1.04685e-253 1.82766e-08 1.552e-216 1.4752e-58 1.39927e-197 3.37804e-91 2.13426e-109
5.73263e-104 2.24319e-221 2.71305e-114 9.54538e-212 2.5664e-243 0.117365 3.98612e-196 2.41523e-197 4.08819e-176 1.26679e-140 5.53713e-155 2.68502e-209 2.91055e-113 1.84055e-79
