1.37245e-139 4.00522e-267 3.19701e-168 8.74015e-226 9.45904e-58 1.62192e-136 1.21639e-320 0.209382 0.428975 8.80919e-321 1.29074e-109 1.51687e-131 7.61668e-103 5.89626e-107 1.40557e-35 3.49798e-321 1.552e-40 8.68344e-40 3.59186e-321 1.27256e-100 7.32664e-27 5.01477e-321 3.57654e-110 1.23022e-321 2.82597e-258 2.35428e-64 8.0533e-84 7.35208e-29
2.11126e-64 2.23957e-168 2.98934e-195 6.86751e-321 3.11755e-321 2.14919e-321 8.18173e-321 1.22742e-170 1.34386e-321 4.84678e-321 9.63428e-322 2.84088e-321 1.88652e-248 1.22528e-321 0.295939 1.44385e-161 2.80135e-321 0.143213 2.01085e-321 7.02641e-301 1.61559e-321 1.64524e-321 2.12448e-321 1.61065e-321 1.60506e-179 3.57956e-135 4.2887e-143 5.29286e-259
0.302112 2.5642e-321 3.41418e-223 1.03172e-291 3.62516e-255 2.38634e-321 0.472716 2.5395e-321 5.74763e-273 4.78813e-142 1.20058e-321 1.99603e-321 2.06025e-321 2.15413e-321 0.299386 4.31252e-292 2.20353e-321 1.24999e-321 1.78852e-321 2.03555e-321 2.52962e-319 3.21143e-321 2.10472e-321 8.44852e-322 1.55631e-321 6.61773e-12 1.76154e-215 1.08207e-267
6.98966e-256 3.91317e-239 4.19956e-321 1.01481e-320 6.50192e-157 5.03379e-309 1.33978e-164 0.297257 2.57728e-209 6.28262e-196 1.62941e-194 1.64596e-304 2.49009e-321 2.26776e-321 2.15987e-101 1.7461e-169 2.75689e-321 1.10223e-234 4.38575e-156 3.24107e-321 5.89064e-135 3.51281e-321 1.77809e-262 9.63428e-322 8.55247e-289 7.7231e-90 1.58425e-236 2.26776e-321
9.56173e-159 3.32506e-321 4.64916e-321 4.8205e-88 4.44165e-321 1.51774e-281 1.2885e-148 0.0307307 4.80211e-289 1.78777e-295 2.88457e-278 1.32553e-168 1.28243e-154 1.4334e-262 4.41432e-289 3.43594e-279 3.54272e-280 1.44008e-124 3.61656e-321 2.97428e-321 4.19589e-95 8.03573e-228 2.09978e-321 4.82552e-212 8.5225e-131 6.99103e-321 6.41385e-209 1.87251e-321
1.25493e-321 4.03664e-131 3.96954e-182 1.75217e-204 3.31024e-321 2.62843e-321 0.186003 2.90719e-56 1.12647e-321 5.5533e-321 1.11659e-321 2.66795e-321 3.14226e-321 1.71935e-321 4.76229e-192 2.83594e-321 2.0199e-252 7.75701e-151 1.80828e-321 1.26812e-265 0.342078 3.26577e-321 1.36362e-321 1.07212e-321 1.3812e-131 4.09086e-321 1.01935e-35 1.30927e-321
1.48825e-256 1.84286e-321 4.74899e-206 7.01246e-256 3.07309e-321 2.44562e-321 7.87786e-229 1.75393e-321 1.86436e-170 1.25042e-283 1.79346e-321 1.78852e-321 2.55926e-321 7.6175e-320 2.00068e-73 1.77963e-158 1.51798e-251 0.0842051 2.34574e-232 2.77665e-321 1.39327e-321 1.87745e-321 1.38338e-321 1.33892e-321 1.05721e-187 2.91008e-263 3.02034e-59 2.68594e-315
5.90872e-179 4.83385e-183 2.80026e-147 8.52263e-321 4.10074e-321 3.07803e-321 8.30844e-261 2.20402e-175 4.86669e-209 3.29728e-238 1.13635e-321 3.86116e-242 2.72724e-321 1.49702e-321 0.000124867 2.248e-321 2.51973e-321 3.84719e-204 1.61559e-321 4.70375e-277 1.75062e-19 2.91005e-321 2.57408e-321 1.69465e-321 0.211023 2.73548e-86 5.68649e-177 2.08002e-321
5.90772e-181 1.83371e-39 1.03026e-106 3.46132 1.70894 1.15866 2.20533 0.170853 1.73417e-321 1.13586e-320 0.768675 1.12836 1.26314 3.72031e-321 4.81471e-310 4.3772e-133 2.40059e-100 6.50477e-238 0.937093 4.08884e-263 2.52468e-321 4.52564e-321 8.27004e-150 9.3509e-309 0.187328 8.5671e-321 2.90582e-212 0.752453
2.35669e-321 0.972725 1.46144 5.9726e-188 5.80033e-321 5.6027e-321 1.3111e-08 1.43529e-276 6.84081e-178 2.53118 2.47527e-321 6.37367e-26 1.88828e-154 1.07079 7.84071e-77 1.13968 1.13299 2.15084e-67 2.06914e-221 1.17979 2.82606e-321 1.49188 0.89856 0.645747 2.98725e-230 1.91266 0.302608 2.26776e-321
0.0036336 1.03814e-114 5.81973e-25 8.06809e-321 1.11163e-110 2.78159e-321 3.68992e-122 1.48083e-256 3.41006e-145 2.83816e-118 1.1013e-281 3.35471e-321 6.37519e-229 1.84286e-321 2.54757e-131 2.48515e-321 6.3443e-115 3.62248e-124 1.16216e-191 1.69608e-304 1.85275e-321 3.61656e-321 4.59015e-138 9.29273e-243 4.8709e-224 1.1081e-241 0.0503241 1.44761e-321
5.1633e-252 2.20824e-197 2.26327e-304 8.39912e-321 3.7117e-127 5.26885e-222 3.45875e-122 1.81816e-321 9.43665e-322 5.96337e-321 1.17094e-321 1.39166e-243 3.48316e-321 1.9446e-314 3.19514e-183 2.57902e-321 2.66795e-321 1.82711e-272 2.70748e-321 2.48021e-321 6.04626e-259 3.15708e-321 1.60571e-321 9.37141e-253 5.66492e-257 6.84306e-297 0.0926511 2.41206e-239
