2.9281e-100 1.47511e-101 1.67822e-39 6.175e-83 2.75629e-22 2.25179e-61 0.249146 0.121714 4.87513e-46 1.40822e-57 3.79957e-27 2.29024e-76 7.25589e-06 0.0912415 1.01656e-22 0.127678 0.167679 8.12121e-07 5.43572e-51 0.302799 9.93213e-55 1.50668e-52 5.43772e-07 0.170544 0.21648 0.0364579 0.0131428 7.29862e-62 0.0428359 1.00576e-25
1.17426e-43 1.06039e-52 1.77331e-09 1.18891e-30 6.34491e-64 6.30767e-11 8.00977e-91 6.54894e-90 0.0191621 9.08538e-21 5.04549e-33 4.53751e-51 1.09151e-63 9.4392e-17 8.54677e-32 4.69316e-47 1.64625e-101 9.73095e-18 1.65082e-40 3.51785e-12 6.17334e-65 5.3322e-32 6.00906e-66 3.97964e-80 1.77219e-125 2.25529e-91 0.0752508 8.24526e-60 1.81774e-51 3.81961e-25
3.58573e-21 1.62239e-49 2.06694e-12 3.12385e-39 1.14992e-29 2.69309e-63 1.21571e-106 1.94366e-55 3.35682e-49 5.00889e-51 9.33101e-21 2.61516e-43 1.80845e-37 4.95547e-13 2.16454e-30 8.91081e-81 2.50141e-82 0.225718 2.07184e-50 3.92929e-36 2.89298e-49 1.74693e-52 0.0639151 6.39572e-91 1.26649e-138 1.02252e-128 1.48623e-41 6.54737e-09 5.78472e-107 2.02322e-64
4.4106e-37 2.42765e-11 4.98383e-50 4.68649e-39 3.72998e-43 2.92555e-47 2.48764e-98 1.05448e-73 1.69915e-14 8.27996e-52 3.15758e-16 1.67655e-37 1.39603e-43 3.38664e-35 1.92098e-11 5.06895e-65 3.06456e-107 1.33012 1.01402e-45 2.40717e-21 9.76649e-32 9.85276e-57 7.76422e-34 1.66267e-105 1.25028e-107 3.44633e-146 4.12829e-22 0.126849 3.83183e-106 2.1012e-59
3.69151e-13 2.32719e-22 1.53905e-30 3.51349e-20 3.12341e-08 2.57507e-38 1.54799e-100 8.91569e-79 3.60809e-44 2.16926e-42 2.52638e-33 9.40687e-48 2.33125e-65 7.87345e-41 4.74272e-29 5.79122e-69 1.02915e-109 0.0529644 1.53409e-52 2.86595e-75 1.33921e-28 9.23344e-81 4.71128e-59 7.00638e-124 4.9046e-116 2.14329e-152 3.30831e-35 2.704e-53 1.17782e-77 3.20644e-50
0.107573 1.14558e-22 0.00411458 0.0016182 6.98044e-30 3.94786e-33 1.11807e-120 2.48116e-102 4.82341e-25 1.41804e-60 2.46284e-39 2.27617e-66 6.18065e-76 8.55314e-29 2.9545e-39 1.25521e-71 8.68866e-133 1.34627e-24 2.95112e-38 2.7037e-89 8.70946e-67 7.52934e-70 1.93382e-50 1.30107e-115 2.70706e-117 3.52476e-151 5.15113e-37 8.08561e-32 1.60345e-84 1.5833e-39
2.45037e-33 2.66758e-48 3.97179e-36 9.89439e-18 2.3985e-45 2.09645e-12 2.37174e-120 3.62283e-66 1.85528e-52 1.34471e-32 5.45978e-46 1.24213e-44 4.26218e-38 6.8378e-06 0.000314475 3.85468e-76 8.61847e-120 0.0291771 2.56658e-10 2.29686e-61 3.52165e-29 7.39044e-71 9.83689e-57 1.47204e-114 4.0587e-134 2.27244e-116 2.5398e-32 1.76807e-53 2.17231e-64 8.68045e-31
2.10946e-21 1.73739e-39 5.77946e-42 4.25071e-45 2.33182e-25 0.195447 6.01248e-94 2.04978e-44 5.89118e-19 1.35032e-22 6.48067e-16 5.18256e-55 4.66182e-31 3.71062e-17 7.80862e-12 3.49013e-41 9.79367e-106 3.73684e-21 0.194117 3.12636e-43 1.64877e-62 8.61542e-17 1.8627e-65 6.08536e-114 6.75043e-98 1.25178e-83 1.3753e-11 3.63653e-41 2.70115e-101 1.6855e-11
0.000874955 1.04036e-07 5.55674e-06 0.0259759 0.00308224 2.21258e-63 8.0559e-118 3.90706e-96 4.86585e-44 1.12483e-63 1.09256e-57 5.54489e-76 6.51613e-82 1.038e-36 4.50804e-37 7.93789e-85 7.9325e-131 8.94696e-27 1.16163e-53 1.57452e-78 3.42202e-68 2.66669e-76 8.93296e-66 1.85271e-134 6.01322e-142 2.80341e-147 1.91163e-46 7.32465e-57 5.73578e-107 8.31514e-65
5.72715e-28 0.000203576 0.000339461 1.18876e-24 3.92926e-16 2.44968e-55 6.58723e-110 3.1093e-92 1.25721e-31 6.23585e-61 3.65255e-36 3.12657e-57 1.23599e-77 1.53688e-16 4.51945e-30 1.53582e-65 5.70065e-140 0.252077 3.29348e-52 6.94171e-48 5.35899e-58 1.00304e-76 1.84608e-25 2.38756e-111 4.26763e-116 2.37004e-134 1.26375e-43 2.43271e-17 3.76752e-82 3.60292e-61
1.67069e-05 1.86869e-28 0.0410966 1.20098e-09 1.88124e-37 2.78053e-37 2.49248e-119 1.5127e-86 1.91887e-18 1.63939e-48 5.65468e-55 2.3819e-66 4.3106e-54 6.4688e-34 1.78778e-19 9.03518e-84 2.33862e-131 4.53236e-18 2.81311e-26 5.46701e-87 1.41526e-49 4.3692e-42 1.0008e-46 2.54568e-113 6.82089e-134 1.6897e-135 1.19348e-48 1.02279e-38 1.0576e-97 1.06594e-31
3.66833e-42 4.60241e-06 1.59039e-07 1.09086e-49 1.48201e-21 1.80893 5.9366e-71 3.69948e-72 1.803e-20 1.48082e-27 8.16851e-26 3.3707e-23 3.58164e-35 7.00513e-39 0.0186536 7.39571e-80 2.91357e-78 1.1484 1.83135e-28 1.20585e-10 9.40824e-05 0.0471651 1.81965e-34 3.93194e-132 1.65596e-111 1.75553e-131 5.66239e-18 1.08185e-05 1.59549e-101 1.74611e-52
5.95874e-34 0.00669287 1.38223e-09 2.70679e-30 5.40525e-25 9.01476e-21 3.16275e-85 1.72636e-99 4.43254e-22 5.3017e-61 3.74589e-49 5.27212e-34 5.26436e-57 6.83805e-35 1.00247e-11 4.30537e-51 3.08557e-94 2.29758e-22 6.69889e-45 1.35841e-49 1.47203e-67 1.7315e-61 4.2922e-15 8.65809e-129 7.97915e-113 2.58037e-128 4.059e-17 2.22137e-25 5.49554e-89 0.0744223
4.93932e-48 1.01221e-31 3.62274e-15 1.09374e-25 1.30851e-08 1.19279e-45 1.71893e-86 3.33099e-65 2.63073e-23 9.98583e-23 2.61759e-24 8.92891e-27 3.74172e-74 1.33107e-36 0.00796311 1.26706e-69 7.21485e-136 1.7019e-13 1.99305e-33 4.98143e-51 0.0428148 1.22816e-39 4.49663e-58 3.1049e-105 5.01258e-103 6.67798e-85 5.68029e-08 3.07877e-63 7.03747e-66 2.2611e-25
1.22206e-11 4.26693e-39 1.05913e-15 3.82756e-09 1.08915e-38 8.92622e-33 7.86896e-94 3.22124e-54 5.28783e-16 1.39572e-53 4.89398e-54 2.5561e-48 3.66888e-23 8.74432e-22 2.48153e-37 6.98e-79 2.64379e-133 7.19313e-14 2.90264e-42 2.91131e-24 0.187237 1.65233e-21 3.31047e-17 8.35771e-111 1.43482e-143 2.81831e-155 1.51039e-08 9.49519e-53 7.89526e-85 6.43343e-34
1.59974e-41 0.000737109 1.61886e-42 3.24104e-27 3.04417e-12 3.60573e-21 6.33733e-67 2.33506e-76 7.83187e-15 0.216515 0.0332972 0.136816 0.184035 8.39411e-08 0.0020956 1.70756e-22 1.29989e-106 6.42366e-10 4.89233e-31 9.87182e-89 2.14964e-19 0.228635 1.18149e-56 1.31828e-72 8.8704e-134 6.97455e-112 5.40845e-23 5.4505e-26 3.4319e-87 7.76239e-21
3.01056e-22 4.11616e-12 3.64877e-10 8.19414e-11 2.02474e-08 2.53639e-39 3.52002e-95 6.58271e-76 0.134047 1.15499e-58 1.44991e-28 5.70003e-81 5.90975e-70 9.31769e-27 1.49217e-08 9.55847e-66 1.28886e-80 0.0985219 2.06487e-34 6.83189e-42 2.08896e-13 6.59419e-36 2.71504e-62 9.15198e-95 4.97358e-134 2.03463e-102 1.08389e-24 1.20132e-16 1.40138e-78 2.14066e-26
9.63259e-10 1.85788e-24 0.000507 1.98851e-13 0.0268062 3.103e-38 2.88718e-119 2.60815e-90 1.02811e-38 2.40246e-43 8.95751e-40 1.83983e-76 5.11124e-68 1.47483e-29 1.36953e-22 2.10807e-79 3.82526e-132 0.0992237 3.24064e-23 2.48445e-47 2.06892e-66 1.91892e-49 6.50326e-43 2.17428e-113 1.01749e-119 2.16641e-129 7.07295e-41 4.73605e-35 2.57149e-83 1.49296e-49
