7.71709e-130 1.17857e-80 1.16681e-235 1.26003e-220 6.78418e-116 4.92633e-320 1.62283e-85 2.81684e-233 5.54342e-321 1.55631e-321 4.48118e-321 2.27764e-321 1.36856e-321 0.142911 1.72429e-321 1.33087e-96
3.67091e-321 1.33462e-248 3.69945e-89 1.14129e-321 6.96138e-321 5.61662e-310 2.38559e-278 4.5262e-133 3.88336e-321 0.000498938 5.66783e-305 2.84582e-321 3.35965e-321 9.50679e-123 0.278639 0.252107
2.69876e-53 5.29163e-52 6.89254e-313 3.47475e-254 1.13556e-195 6.08639e-320 1.08538e-252 2.28198e-31 3.55727e-321 1.35125e-30 3.40167e-248 2.68278e-321 7.50079e-202 2.1878e-54 7.42759e-210 0.136288
5.20251e-321 3.02002e-53 2.86299e-09 1.85019e-103 4.77018e-95 5.93098e-309 2.25212e-263 1.9318e-321 4.88327e-270 0.264517 6.12021e-230 0.676327 3.01874e-321 9.53731e-34 3.00501e-205 2.38823e-186
4.27861e-321 9.57993e-321 1.43977e-24 8.87558e-195 7.28253e-321 4.31935e-134 1.47232e-321 3.47071e-73 2.2497 3.66552e-68 3.26344 7.53444e-40 1.10947 5.5854e-246 9.99896e-88 7.73081e-10
4.10074e-321 3.27645e-120 2.20988e-37 2.0942e-208 2.12193e-203 1.00145e-200 1.14705e-128 1.69465e-321 6.82305e-321 5.46003e-181 6.16594e-321 1.83017e-77 1.78358e-321 4.40829e-206 0.161336 7.19999e-156
4.11557e-321 7.60861e-321 3.77558e-99 1.05883e-86 1.46145e-320 6.67334e-320 1.52172e-321 3.65609e-321 7.58885e-321 1.10083e-226 1.23039e-257 6.99706e-52 3.22131e-321 0.0554246 8.42421e-41 5.14018e-43
7.66435e-221 1.10918e-320 1.3735e-321 7.33892e-128 1.29248e-320 1.01738e-77 4.64084e-132 8.14092e-236 6.42274e-275 0.258681 8.70544e-321 1.14931e-316 2.87052e-321 1.15018e-186 6.09e-43 0.00313671
1.19485e-67 6.67014e-152 3.91976e-217 8.3763e-142 1.72731e-304 1.46243e-29 1.27226e-145 1.44598e-74 3.54245e-321 1.13635e-321 3.62644e-321 1.02213e-273 1.25987e-321 0.171088 3.26406e-250 4.40283e-63
4.1474e-40 1.10097e-24 4.36467e-29 5.63883e-26 5.07077e-40 0.395168 1.22377e-12 9.72196e-20 4.39718e-322 2.07508e-322 6.42285e-322 2.91499e-322 2.02567e-322 1.19789e-273 2.17389e-322 7.82464e-238
2.06341e-132 8.08291e-321 1.23516e-321 1.66169e-319 8.22619e-321 1.05972e-319 2.25778e-258 8.6459e-233 7.44063e-321 7.86369e-205 2.12764e-319 0.081786 3.6369e-19 3.84072e-92 2.43274e-208 5.91623e-46
0.00197691 0.00282911 0.000391376 0.000447437 0.00316478 0.0198362 0.000535498 0.000820048 0 4.94066e-324 0 4.94066e-324 0 3.69111e-297 4.94066e-324 3.44112e-244
1.52103e-292 8.35465e-321 2.77454e-15 1.90336e-215 6.4772e-321 7.04784e-131 2.00466e-47 1.11279e-211 9.44204e-274 2.1464e-116 7.55426e-321 1.82945e-102 7.21593e-229 1.5002e-64 0.0648708 2.05348e-233
