2.89725e-69 8.77672e-28 2.43913e-29 6.9913e-21 4.40031e-20 1.11881e-36 4.68078e-33 3.6666e-25 6.89977e-22 3.31175e-39 5.7828e-38 1.77744 9.84221e-16 2.10426e-38 1.26748e-30 9.25897e-23 1.14556e-30 6.91008e-33 5.99001e-30 1.09052e-20 1.09731e-46 2.53907e-30 1.86379e-51 1.4172e-29 4.67997e-14 2.85417e-30 8.94234e-44 6.44031e-37 9.10638e-19
7.6346e-45 4.65774e-25 8.36913e-10 0.0129482 1.21153e-12 7.95802e-20 5.10944e-31 2.15203e-23 1.68385e-14 1.50767e-40 8.33305e-27 0.000100261 2.03613e-09 4.72414e-28 4.91488e-14 5.27894e-10 6.74059e-29 1.48271e-40 5.61449e-27 3.00913e-36 7.78989e-26 0.0174105 1.03303e-38 0.0147339 2.29639e-21 0.280487 8.68953e-32 1.1368e-23 1.49787e-21
3.45314e-50 8.92507e-22 3.40811e-22 5.98391e-21 4.00045e-19 1.39493e-34 0.00100252 1.48404e-21 3.05823e-15 6.29979e-32 2.52038e-11 0.191545 2.59406e-15 1.31695e-30 6.96375e-33 3.46769e-05 4.99781e-31 1.53254e-26 9.74193e-20 0.0239366 8.00032e-52 3.69057e-21 2.8308e-35 1.44253e-13 0.139531 2.66607e-35 8.9838e-23 1.14285e-41 3.41981e-23
7.1499e-36 0.042928 1.12527e-30 1.33893e-15 0.11502 4.32898e-23 6.67542e-06 3.63463e-12 7.01515e-19 1.997e-38 1.50021e-31 0.00201809 4.59503e-23 4.3707e-32 4.6142e-49 7.04088e-26 2.35264e-35 3.24872e-23 3.72317e-14 5.32223e-22 2.41156e-53 4.60694e-07 3.16638e-33 1.11071e-30 1.69613e-29 8.10489e-07 3.02938e-58 5.13866e-20 3.40585e-07
7.68456e-46 5.07003e-24 3.6499e-27 1.73187e-33 0.0102901 1.09395e-26 1.51055e-27 2.0012e-28 6.97193e-05 1.80341e-18 9.24471e-13 0.922209 7.93283e-06 7.70273e-28 1.59328e-31 3.20759e-20 2.16757e-38 3.95721e-23 4.38709e-29 1.65395e-35 1.26041e-47 7.45024e-20 4.29559e-40 1.74214e-21 1.18604e-21 5.80079e-19 9.45144e-49 6.43087e-33 1.27392e-11
5.07485e-66 1.83478e-17 1.82123e-35 1.94125e-35 6.06651e-22 1.8855e-34 1.93576e-18 4.88303e-28 5.88229e-08 1.11008e-49 1.70442e-33 1.5139 1.33472e-24 1.59978e-35 1.2333e-38 1.14372e-24 7.52149e-38 6.74009e-45 1.06939e-32 3.80805e-34 1.17451e-45 2.87185e-17 9.05978e-50 7.09992e-29 1.82672e-26 1.32894e-46 2.91547e-50 4.22936e-25 4.94e-15
6.76523e-58 1.19123e-27 3.49516e-27 8.36587e-23 2.38433e-12 1.21966e-41 1.3602e-39 1.27287e-23 4.08828e-19 5.37842e-35 1.62434e-42 0.797213 3.94248e-22 8.89826e-26 8.73038e-30 4.1286e-25 8.97314e-27 1.5542e-24 6.47949e-32 4.81398e-17 3.11289e-64 4.10974e-23 2.44611e-37 4.46776e-29 5.26697e-24 6.02347e-24 2.22095e-50 5.24422e-28 1.89179e-26
9.4797e-50 3.12961e-26 1.30741e-34 1.1963e-26 4.53063e-16 3.0029e-33 2.13069e-35 3.00919e-34 2.67479e-17 1.47974e-48 2.06002e-25 0.147308 3.90667e-21 2.50649e-31 1.06812e-37 1.12794e-27 1.81727e-36 7.2313e-23 5.5057e-31 7.72076e-34 1.15415e-42 5.17037e-22 4.79559e-41 8.74112e-26 7.64658e-24 4.85844e-22 1.17497e-60 2.94751e-39 7.89975e-17
7.83138e-24 1.79512e-23 3.6284e-05 7.04136e-11 6.14711e-09 6.49902e-17 3.7188e-38 0.255008 1.71499e-09 0.0622589 6.09899e-13 1.1708 8.19253e-24 0.00616497 0.0830562 6.50081e-25 8.9071e-13 6.86553e-36 2.26453e-11 1.83925e-31 9.44722e-08 1.91497e-21 0.116004 7.29195e-10 6.66455e-29 4.0883e-09 0.0537857 0.0839338 0.0459912
0.076458 4.12387e-25 1.52701e-18 8.90109e-17 0.000659916 0.172182 3.52234e-05 5.81854e-36 1.43983e-10 0.000327403 8.19273e-39 3.94034e-13 2.09557e-10 2.15951e-13 1.24669e-41 0.035954 0.0255307 2.96078e-05 5.92178e-46 2.503e-14 0.142109 1.7567e-22 8.52972e-27 7.73543e-12 9.47093e-08 9.06922e-21 3.72484e-16 4.28481e-35 4.39985e-27
1.42395e-33 3.91172e-06 8.00043e-10 8.22914e-05 4.74491e-08 7.4532e-27 0.0107512 1.43347e-37 0.0703335 7.4178e-42 0.000376136 0.0603538 3.74048e-06 4.51865e-13 6.24036e-31 2.39917e-11 5.06007e-29 8.32582e-12 0.0394549 1.66652e-11 2.74293e-55 2.11526e-31 4.98767e-55 0.0168529 9.10808e-12 2.36023e-21 9.90815e-61 5.16176e-37 4.52782e-25
3.09247e-55 2.43093e-19 4.09666e-15 1.52554e-16 0.00170485 9.12332e-19 1.44548e-30 1.68701e-20 0.0244943 2.89106e-38 2.37498e-11 3.73795e-14 3.3076e-14 2.92496e-17 3.7991e-53 1.70612e-20 1.20329e-36 1.55587e-11 1.13217e-21 4.09307e-13 1.76315e-62 2.83965e-19 7.57254e-20 4.28783e-31 1.90701e-10 1.58573e-14 7.88099e-53 5.86213e-34 4.69886e-09
6.00459e-42 2.01489e-05 1.14335e-20 4.14775e-18 4.87473e-08 2.34369e-13 1.35847e-36 1.62263e-06 0.055948 2.7485e-49 2.60774e-11 0.376681 5.33823e-13 9.15629e-15 3.74065e-12 2.04594e-11 9.51076e-42 1.0258e-09 4.48158e-16 2.0681e-08 9.93203e-19 6.79194e-30 3.98323e-55 7.36681e-30 1.03656e-22 1.39219e-24 1.61212e-54 3.84296e-31 3.51052e-18
9.57837e-13 2.63577e-10 0.0342114 5.95698e-36 0.224167 0.0138714 5.98659e-19 1.64782e-07 3.31269e-22 5.86047e-42 0.0189956 2.35525e-10 0.0935332 2.36735e-29 1.04669e-16 2.78432e-07 4.69288e-11 0.129089 2.80756e-31 0.00039017 6.09827e-27 5.89053e-33 1.24888e-38 5.16296e-08 3.35725e-28 4.07732e-29 1.17392e-54 2.59467e-31 1.73861e-25
2.18012e-67 9.47408e-21 1.1768e-37 7.5696e-30 1.32555e-19 5.43379e-37 1.38395e-39 7.84834e-39 7.74244e-16 1.02837e-30 3.13304e-40 0.275863 1.11166e-22 4.27317e-38 1.31468e-36 7.94745e-23 3.50114e-36 5.99478e-34 4.41368e-43 3.61973e-18 7.57436e-49 1.96378e-25 5.8577e-45 5.06054e-20 1.99091e-16 2.54192e-20 2.82249e-61 1.24586e-42 2.35551e-28
6.65835e-54 7.52038e-29 3.23484e-23 2.73831e-33 5.55101e-24 2.07232e-30 1.06664e-31 2.49406e-19 0.188897 1.1644e-33 7.75478e-23 0.229685 4.05396e-16 5.75859e-33 1.53029e-31 8.47093e-25 7.06989e-43 2.2974e-26 1.83657e-36 5.55006e-31 3.39619e-61 3.14809e-23 1.88265e-47 5.00201e-14 2.18006e-17 6.9139e-36 2.34993e-27 1.69408e-33 1.68871e-23
