9.70918e-43 7.8127e-50 0.217597 2.71975e-40 1.04556e-102 0.475122 4.51794e-126 0.404086 0.263828 5.04668e-08 8.91025e-37 1.18722 6.97951e-163 0.616464 5.92733e-247 4.06008e-49 0.586201 0.418428 0.975857 2.57122 9.77338e-42 3.89608e-100 4.14927e-29 9.26497e-31 6.29571e-72 0.257561 0.467042 0.128691 1.09262e-14
1.11609e-36 2.02487e-65 3.15647e-73 3.81861e-67 2.07243e-53 1.04046e-118 2.06649e-29 1.35998e-09 0.224677 1.19641e-149 6.54324e-26 1.89021e-25 0.330326 2.73976e-245 2.63953e-52 4.91621e-37 4.17847e-135 3.54737e-72 0.24576 1.02735e-203 2.97807e-45 0.446536 0.192163 4.50581e-115 9.72427e-134 1.32385e-304 6.73242e-114 8.39495e-163 7.13315e-77
7.21672e-110 1.88237e-72 5.82997e-322 1.47782e-33 4.57593e-87 3.94048e-37 1.63076e-49 6.73814e-45 8.82935e-59 5.81035e-08 6.44371e-101 1.2905e-15 9.8564e-249 1.0298e-163 2.21524e-63 1.4052e-203 1.51555e-81 2.13725e-229 2.34282e-54 7.18553e-105 3.00734e-173 3.17915e-52 6.61276e-158 0.0151129 3.09369e-45 1.22458e-200 1.11951e-138 2.59161e-122 1.5672e-93
0.129761 8.11291e-109 4.25598e-156 3.15242e-46 3.60976e-41 4.35078e-132 1.27157e-85 1.91677e-57 8.97802e-224 2.44111e-128 5.43678e-84 2.51775e-26 1.06857e-24 2.42692e-42 7.39858e-67 1.1417e-112 2.81188e-191 1.5185e-292 3.68305e-85 8.76288e-44 1.12551e-204 1.55401e-17 3.64484e-133 2.33698e-170 0.0789136 7.00109e-94 3.32253e-44 2.0831e-31 1.74344e-99
1.05519e-67 0.212585 2.67097e-163 2.73018e-81 1.05523e-62 5.96227e-259 3.50936e-141 1.23019e-172 1.14073e-62 3.55693e-145 1.03453e-105 3.49491e-73 2.40536e-148 1.68946e-108 5.30864e-74 0.029249 6.72323e-115 5.20613e-259 0.0843353 2.87791e-43 5.16685e-49 3.81833e-75 0.000933275 2.37379e-112 2.45205e-193 3.41105e-240 5.63636e-98 5.19236e-74 3.62925e-136
1.53721e-106 2.18015e-26 6.47226e-322 2.34294e-67 1.07417e-66 7.02142e-231 6.04227e-97 2.90868e-151 8.18922e-124 1.19107e-38 5.7976e-117 6.07362e-105 1.37772e-165 1.02603e-231 4.3235e-76 1.51408e-117 6.49446e-227 1.69951e-126 1.65192e-160 1.34191e-91 2.30657e-142 1.37524e-151 1.1225e-85 0.0437249 8.21861e-68 2.06366e-107 4.6755e-166 3.77562e-66 2.83887e-51
5.53352e-27 1.5877e-106 1.69581e-200 2.98563e-29 9.33212e-145 1.04516e-237 0.325967 3.42123e-155 1.37592e-127 1.80426e-24 7.88312e-89 1.32976e-133 4.8187e-214 0.25557 4.41482e-112 2.38355e-91 9.17874e-129 3.89314e-290 1.09504e-152 8.80878e-12 0.498558 1.91601e-170 4.44095e-33 1.12038e-136 1.56112e-71 6.35278e-136 6.41295e-88 2.1965e-10 1.00788e-132
7.09079e-94 5.07019e-80 7.67371e-297 0.11959 3.27887e-117 9.14935e-15 1.01862e-126 4.35039e-98 5.15824e-116 4.23601e-75 8.08028e-102 2.66695e-94 1.29367e-245 1.08522e-196 0.0919852 1.81938e-153 4.35443e-46 4.64191e-238 0.0738922 7.60086e-58 8.6558e-195 3.23135e-128 3.89082e-129 0.599202 2.22867e-61 1.65379e-237 4.35898e-190 4.78796e-60 1.75853e-21
1.71068e-105 7.08405e-33 6.0276e-322 7.59391e-45 1.62459e-130 9.28366e-55 2.47991e-46 4.77793e-106 1.63477e-230 0.0498843 3.63169e-115 1.34013e-50 1.26383e-95 1.3185e-147 9.78092e-138 1.19377e-35 7.4683e-141 5.07296e-205 3.29007e-58 7.83852e-137 1.6797e-148 9.22191e-166 3.86841e-12 6.86692e-88 8.16242e-12 8.81571e-247 5.17759e-173 3.88411e-160 1.48973e-66
8.28794e-40 1.02618e-153 5.72421e-267 3.29126e-68 2.79484e-94 9.08579e-253 2.27199e-176 2.10444e-134 8.67892e-39 1.23031e-57 0.355992 0.0466707 8.16581e-69 2.65614e-229 8.71368e-194 3.86112e-141 2.95236e-182 5.6439e-266 1.93048e-91 3.27364e-104 3.41315e-103 8.84406e-197 2.89344e-49 2.53207e-09 0.392328 1.09189e-321 1.79539e-65 7.01396e-78 1.23816e-59
1.71778e-113 3.63436e-148 1.38338e-322 6.18544e-102 7.49142e-117 2.35722e-230 6.28594e-156 1.17953e-143 3.38999e-207 2.36773e-177 1.26344e-117 1.52768e-132 8.49103e-195 7.75804e-247 5.28041e-213 5.55889e-185 1.94538e-245 1.03972e-294 4.4946e-149 6.42924e-182 9.32958e-210 7.46822e-171 6.86626e-135 2.23366e-155 9.59675e-188 5.32732e-310 7.32436e-159 5.47447e-148 5.25322e-115
1.21662e-83 2.06984e-108 1.03496e-244 4.36772e-99 9.23564e-77 5.79804e-87 2.66614e-182 3.15516e-117 2.14767e-128 3.40742e-113 1.35234e-17 1.1266e-67 4.64394e-227 7.84911e-56 6.04921e-135 0.161033 3.91314e-229 4.34785e-275 1.05348e-179 1.61701e-202 1.15118e-152 7.8533e-43 2.12258e-133 4.31392e-69 6.20617e-64 3.23534e-291 1.2021e-162 5.42343e-103 3.68328e-33
2.47626e-34 6.04253e-154 1.38371e-198 4.58676e-72 4.79334e-120 5.54742e-211 2.17843e-161 1.32047e-45 1.67648e-74 9.31159e-15 1.57729e-107 7.5708e-29 3.16175e-234 2.56932e-53 2.21064e-257 7.43609e-153 8.1903e-144 1.07741e-127 2.59107e-97 4.65909e-76 1.41383e-80 2.64321e-37 1.12747e-30 3.24963e-19 8.0463e-118 1.62256e-253 3.9891e-63 1.99886e-156 0.0414176
3.51191e-10 1.19628e-146 5.13828e-322 4.59521e-47 5.90257e-59 5.95838e-151 3.38977e-130 1.27153e-167 2.87272e-82 0.210806 6.65854e-100 2.92237e-123 2.20834e-174 2.22755e-263 7.78202e-198 2.20992e-82 5.13132e-106 3.59131e-250 0.104599 1.12103e-125 5.48526e-41 2.70746e-148 2.81912e-126 4.93272e-08 1.11081e-79 1.06532e-306 1.72408e-72 7.29322e-125 6.46394e-76
2.02119e-18 7.83611e-174 2.20751e-238 1.48264e-105 1.50149e-80 2.0647e-116 2.43823e-54 4.54396e-56 7.88604e-79 0.331164 1.62629e-59 1.55108e-54 1.5035e-205 2.06601e-104 4.38346e-263 3.95762e-41 1.08442e-76 5.60301e-282 3.12031e-181 1.12667e-189 1.07041e-186 1.89253e-203 2.45328e-142 6.6292e-50 8.14391e-215 7.41414e-192 2.62262e-201 3.74334e-63 0.235217
1.52082e-70 4.53195e-168 1.87753e-145 5.26148e-106 0.10969 1.69919e-121 5.16337e-55 1.02619e-83 1.47806e-78 1.23004e-72 3.28164e-63 0.103308 2.16449e-144 4.21935e-142 3.15904e-73 5.78088e-107 1.01129e-239 4.11811e-212 9.83526e-131 7.95269e-109 4.55318e-93 9.48399e-167 3.64163e-143 7.61729e-45 5.38768e-178 4.75185e-274 1.18445e-147 9.38933e-69 3.20223e-82
