2.33293 0.31233
3.08707e-44 2.45786e-14 7.21212e-11 3.42507e-152 3.48018e-136 6.17005e-111 6.32404e-322 2.86558e-322 3.06321e-322 7.90505e-322 1.55593e-282 6.42285e-322 6.95869e-275 8.54734e-322 1.46833e-165 1.18318e-46 1.80334e-321 7.21336e-322
3.94051e-50 1.02173e-320 5.2371e-322 1.26975e-321 1.60268e-275 5.01113e-165 3.71043e-321 1.72923e-321 0.456671 4.69362e-321 1.33842e-320 8.46829e-321 3.88179e-164 1.07239 0.00054233 4.58636e-35 1.62943e-320 1.24491
2.30299e-120 4.62619e-138 4.14647e-11 5.94293e-83 9.62223e-122 1.81368e-42 4.44659e-322 2.37152e-322 3.31024e-322 6.47226e-322 2.3814e-321 5.38532e-322 1.74387e-246 5.2865e-322 1.203e-90 0.10963 1.41797e-321 6.47226e-322
2.09621e-49 7.55016e-211 3.10421e-47 4.71355e-176 2.46435e-35 1.10367e-181 1.03754e-321 4.74303e-322 4.69362e-322 1.27963e-321 1.46024e-254 9.09081e-322 5.85161e-211 1.2154e-321 0.294476 1.52822e-24 2.44068e-321 9.68369e-322
4.42526e-27 1.89574e-87 1.99148e-124 2.54507e-69 3.53548e-76 7.45718e-33 4.29837e-322 2.42092e-322 2.51973e-322 7.70742e-322 7.1826e-283 5.18769e-322 1.12647e-321 5.33591e-322 1.63412e-159 0.0569287 1.52666e-321 5.87938e-322
8.89477e-61 1.10253e-81 4.83452e-113 6.25621e-53 1.34468e-42 0.0742958 7.21336e-322 3.65609e-322 4.94066e-322 1.07706e-321 3.54245e-321 7.95446e-322 2.71437e-288 7.90505e-322 5.82297e-149 3.73677e-67 2.08002e-321 7.5592e-322
2.10831e-95 9.84666e-289 6.66989e-322 2.14424e-321 2.56914e-321 2.45164e-209 1.08555 1.27536 1.89721e-321 2.06527 3.75956 2.34293 1.77649 6.92186e-321 2.55992e-120 4.4 5.65346 1.42069e-261
0.000770225 0.00519069 0.000232766 0.000818596 0.00140801 0.00115853 4.94066e-324 0 4.94066e-324 0 1.97626e-323 0 9.88131e-324 4.94066e-324 1.20517e-175 5.57827e-89 0 0
4.34765e-121 7.35053e-80 1.88288e-191 9.03911e-49 8.84039e-124 1.48397e-07 1.09683e-321 4.69362e-322 4.8074e-271 1.16599e-321 4.24402e-321 9.53547e-322 1.03692e-304 1.30433e-321 0.114488 0.509563 2.52468e-321 9.68369e-322
