1.47824e-62 8.5422e-217 7.41343e-24 3.53902e-160 1.81603e-156 4.50646e-82 1.12153e-321 7.81455e-85 2.75195e-321 1.0993e-320 4.97998e-98 9.36748e-321 5.75092e-321 2.28258e-321 7.05032e-321 0.254918 1.39327e-321 3.21637e-321 2.69068e-320 3.39423e-321 1.5316e-321 2.09484e-321 1.56879e-107 3.34482e-321 1.18794e-283 0.207232
1.12821e-41 2.49933e-16 2.16611e-60 7.61683e-67 1.01136e-12 4.75988e-31 0.00754877 3.56275e-17 7.90505e-322 2.0899e-321 1.9565e-321 3.55727e-321 2.75195e-321 1.14623e-321 2.59384e-321 4.40707e-321 4.05134e-322 1.1907e-321 1.15167e-320 1.19564e-321 7.01573e-322 9.93072e-322 6.39321e-321 1.58595e-321 1.52666e-321 1.76381e-321
2.08496e-321 1.22754e-142 1.18276e-133 2.27764e-321 9.46655e-221 1.0266e-196 2.48515e-321 1.71935e-321 5.52859e-321 6.15112e-321 7.37146e-321 1.85856e-278 1.20947e-320 4.0711e-321 1.07113e-320 1.40216e-320 1.63042e-321 4.95054e-321 4.13039e-320 3.5968e-321 2.45551e-321 3.25095e-321 2.19215e-144 0.0791289 3.78025e-252 1.49847e-235
2.15907e-321 8.95204e-284 5.99647e-320 1.35374e-321 2.83525e-316 3.93693e-318 1.70947e-321 1.96144e-321 2.18377e-321 6.68471e-321 5.48907e-321 9.55523e-321 1.15661e-320 3.69067e-321 1.3903e-320 1.2485e-320 1.55137e-321 1.29727e-314 3.2885e-320 3.90806e-321 4.06616e-321 2.6976e-321 2.18426e-320 7.7459e-186 1.45357e-146 0.23157
2.26282e-321 3.744e-93 3.52763e-320 0.0011234 3.36368e-152 1.29327e-12 1.44761e-321 5.98333e-148 2.98416e-321 1.14722e-320 0.466631 1.06669e-320 8.47323e-321 2.95945e-321 6.0523e-321 1.01307e-141 1.40315e-321 5.11852e-321 2.76825e-320 2.80629e-321 2.14424e-321 2.08002e-321 1.28187e-214 5.61259e-321 3.24107e-321 3.46761e-167
4.90154e-134 5.28995e-83 3.51022e-202 9.53547e-322 3.74613e-235 7.85005e-198 9.53547e-322 1.51526e-299 1.70974e-251 2.06245e-150 5.96337e-321 9.64011e-162 1.8898e-320 9.52454e-282 4.26183e-189 1.43477e-320 1.32904e-321 7.79142e-321 7.08638e-320 7.21336e-321 3.23613e-321 2.90017e-321 5.55584 7.19854e-321 1.36769 6.53142e-216
1.18793e-220 1.5316e-322 2.40703e-29 2.49022e-251 3.84738e-81 2.92604e-163 3.63186e-37 4.03953e-278 2.18871e-321 5.59282e-321 9.46012e-307 1.39809e-299 6.37345e-321 2.45057e-321 8.16196e-321 4.34841e-274 1.2154e-321 2.68278e-321 2.49157e-320 3.69067e-321 2.75689e-321 4.01675e-321 7.36978e-111 1.27688e-218 1.61769e-228 0.381367
3.25095e-321 1.18576e-322 3.61557e-320 8.84378e-322 1.83538e-134 5.81021e-321 2.71582e-91 5.13241e-29 2.46539e-321 4.42683e-321 0.149201 1.02173e-320 6.65012e-321 4.31813e-321 2.63475e-316 1.40445e-70 8.44852e-322 2.68278e-321 2.30333e-320 2.60373e-321 1.43773e-321 2.24306e-321 1.71836e-320 3.49798e-321 3.02368e-321 7.18213e-118
2.98416e-321 3.06844e-79 3.50984e-320 3.33675e-281 8.79954e-315 3.1869e-308 1.13635e-321 1.01778e-321 1.57113e-321 1.41271e-318 0.0081278 8.0928e-321 5.96831e-321 2.831e-321 6.56119e-321 7.93469e-321 9.23903e-322 4.11063e-321 2.59088e-320 3.81419e-321 1.82804e-321 2.68772e-321 1.16847e-320 3.57704e-321 3.57704e-321 2.1589e-109
2.45551e-321 1.77027e-189 3.95944e-320 1.6403e-321 7.04392e-254 1.57095e-264 1.00295e-321 5.53768e-185 1.5069e-321 5.11358e-321 2.40551e-145 8.30524e-321 8.53745e-321 2.16401e-321 6.36357e-321 1.89876 7.06514e-322 3.79936e-321 2.2811e-320 2.72724e-321 1.58101e-321 1.78852e-321 5.65404e-298 2.77665e-321 3.02368e-321 1.37902e-132
0.00180119 7.83582e-05 0.0231004 0.000894025 0.00423828 0.00311245 0.000842056 0.000773561 4.94066e-324 0 9.88131e-324 2.47033e-323 0 0 1.97626e-323 1.97626e-323 0 9.88131e-324 0 0 0 0 4.44659e-323 9.88131e-324 9.88131e-324 9.88131e-324
3.38435e-321 5.41978e-305 4.54422e-135 6.23778e-263 4.64863e-111 2.5705e-77 3.76859e-166 1.26481e-321 1.7984e-321 6.35862e-321 0.259875 1.18082e-320 4.95054e-321 2.54444e-321 6.1857e-321 1.50356e-134 8.20149e-322 4.09086e-321 2.91202e-320 3.45846e-321 1.38832e-321 2.55432e-321 1.22775e-320 1.01592e-241 7.82934e-264 4.82039e-31
4.32307e-321 2.2233e-322 2.54839e-320 6.84233e-215 8.26572e-321 5.8695e-321 2.21835e-321 1.83941e-39 1.71684e-267 5.05721 0.233856 7.97291 9.29223 3.91932 6.66202 6.11938e-175 2.02525 3.02795 33.2682 4.65919 2.06472 4.03538 0.509968 1.89233e-153 1.88745e-55 7.10137e-20
2.61855e-321 2.71736e-322 1.91423e-19 3.50293e-321 7.01345e-213 1.06817e-320 2.46539e-321 1.6403e-321 1.39563 0.484404 3.81381e-103 2.38831e-320 2.65162e-95 7.826e-321 1.09018e-244 0.0467126 2.37152e-321 8.00386e-321 1.05192e-319 5.4446e-321 4.31707e-80 4.44659e-321 3.0306e-320 1.91156 6.21535e-321 4.816e-222
2.28752e-321 1.5316e-322 3.95281e-41 2.23318e-321 7.51663e-133 4.14414e-54 1.53654e-321 9.98013e-322 2.96933e-321 1.01333e-320 5.8448e-321 3.90351e-312 1.37647e-320 6.67977e-321 5.13898e-163 1.74557e-177 1.11165e-321 4.57505e-321 2.84582e-320 5.64717e-321 1.67488e-321 3.77466e-321 1.08632 2.72319e-273 2.01819e-07 3.56783e-210
6.91385e-61 7.43759e-78 3.06864e-320 1.04248e-321 1.66328e-195 1.78056e-155 1.38338e-321 1.34386e-321 1.43279e-321 8.65603e-321 0.0756224 9.20938e-321 7.36158e-321 3.05333e-321 6.89716e-321 8.67096e-42 7.60861e-322 2.6729e-321 2.45798e-320 2.50985e-321 1.28951e-321 2.4308e-321 1.67192e-320 3.63138e-321 3.0385e-321 1.16977e-266
2.40116e-321 1.18576e-322 3.44106e-209 9.09081e-322 7.9594e-321 6.4525e-321 1.52692e-160 1.09189e-321 1.96638e-321 4.00193e-321 7.01482e-291 7.32205e-321 1.02074e-320 3.1966e-321 5.27662e-321 1.36675e-274 9.18962e-322 3.4387e-321 3.23317e-320 2.55926e-321 1.80828e-321 2.95451e-321 2.22231e-320 2.99898e-321 2.95059e-281 0.170509
