2.22146 0.115287
1.79962e-72 9.47604e-19 2.42812e-58 2.21778e-45 1.36513e-33 7.5384e-32 1.39981e-63 2.11532e-93 1.53283e-107 3.33116e-31 1.3009e-90 3.15375e-93 1.11851e-30 3.6548e-10 1.83965e-47 3.23138e-53 0.0299147 1.22952e-14 0.379147 6.28379e-38 0.0025888 1.48674e-95 8.9226e-100 2.39246e-42 4.26857e-17 2.76164e-92 9.96576e-83 0.00215597 4.54453e-46 1.3883e-30
5.30724e-83 3.88346e-48 5.77777e-26 2.28504e-13 0.541619 2.51533e-81 9.32471e-36 5.76626e-107 1.88627e-27 3.25137e-74 9.15772e-103 5.72836e-117 1.3104e-62 1.79708e-123 2.14052e-49 3.12883e-48 4.77377e-102 6.49521e-15 1.00164e-35 3.37509e-54 2.28468e-86 1.39366e-35 7.34963e-83 3.26124e-119 2.38887e-130 6.29935e-125 4.98541e-48 4.00196e-96 2.15905e-105 0.0224551
4.95974e-72 3.20495e-37 3.24258e-21 6.05583e-65 1.52129e-78 3.61472e-22 1.37371e-15 1.3285e-72 1.34184e-59 4.82051e-69 7.49206e-49 1.03954e-140 2.70617e-83 1.19036e-51 0.0851939 3.67752e-18 2.53558e-80 3.46001e-77 1.54209e-61 2.88628e-47 2.69623e-65 2.50225e-49 3.9667e-62 1.31198e-80 1.78278e-71 4.03061e-115 2.94649e-38 1.17616e-54 8.51779e-89 4.77982e-57
2.04799e-85 0.137333 6.71743e-51 4.49219e-22 3.55746e-47 4.4262e-38 2.10541e-22 0.0874389 3.8867e-52 7.82524e-38 0.0631861 4.58403e-22 3.63611e-81 1.42302e-94 0.0010248 2.34608e-20 1.09031e-16 3.07778e-40 7.08001e-85 0.00010821 1.16503e-12 2.65401e-40 9.52682e-77 3.15765e-140 1.51292e-146 0.187719 2.7544e-68 2.58585e-42 7.32155e-56 7.30274e-40
3.29741e-63 1.95714e-71 0.09697 1.18406e-23 8.35728e-14 1.35369e-20 1.26567e-53 0.194314 2.92089e-99 6.02396e-07 4.54619e-95 3.81795e-110 2.50524e-75 2.17811e-110 1.91702e-71 5.66926e-22 3.94676e-65 1.25492e-38 1.38958e-61 5.55833e-75 0.0935786 4.8655e-52 9.69123e-84 7.24348e-109 3.57315e-64 3.38603e-172 4.54054e-51 5.663e-82 8.55135e-133 1.82514e-46
2.63098e-31 1.1522e-74 2.07371e-92 2.60521e-76 1.92922e-15 1.66952e-88 5.8633e-71 1.113e-29 2.93938e-68 0.0252889 5.21901e-60 2.12324e-57 2.44537e-13 3.19124e-81 4.34031e-66 4.66734e-27 1.29272e-50 2.85973e-39 2.49766e-34 1.10688e-68 3.50864e-64 2.93641e-69 5.0295e-42 1.12531e-70 3.87198e-119 1.15352e-47 3.77147e-79 0.0978732 3.90008e-129 1.03462e-66
0.136709 1.63625e-07 2.69891e-50 2.04712e-19 7.99684e-30 4.98117e-76 8.06278e-29 1.33151e-129 1.53223e-94 3.49736e-35 1.09426e-68 1.24945e-86 4.41869e-13 2.47143e-35 5.83436e-80 0.355414 6.06595e-25 0.127861 3.95526e-101 4.51692e-44 3.19285e-16 1.56886e-101 3.76749e-08 1.89361e-146 2.49104e-60 5.40042e-83 0.000801998 2.03548e-41 6.96234e-55 1.69945e-57
6.06727e-22 9.26343e-49 1.18533e-94 1.83556e-42 4.68217e-30 5.30574e-35 1.83975e-41 8.45505e-111 4.22764e-99 6.3091e-43 4.59052e-111 2.38974e-140 9.72269e-48 3.07178e-97 1.74265e-30 0.22585 1.33583e-58 4.69845e-68 5.50134e-33 2.81751e-49 9.92199e-93 4.87893e-96 1.43712e-91 1.44576e-132 8.15069e-68 9.86381e-106 6.5511e-73 5.33758e-79 9.99822e-82 1.74592e-35
2.18212e-86 1.83691e-54 1.18019e-69 2.72741e-63 2.7993e-31 4.42134e-68 7.96524e-50 1.85349e-105 7.80388e-64 3.78712e-66 5.05027e-81 3.88417e-124 1.01472e-62 4.56409e-131 5.85327e-57 0.46678 3.79496e-49 7.12645e-66 4.11537e-19 1.05784e-72 1.57408e-65 3.33176e-88 2.16683e-63 2.18876e-99 3.63417e-101 2.0875e-128 1.45812e-101 2.08873e-72 2.77852e-98 2.63848e-29
6.62167e-15 3.50703e-21 1.02379e-52 1.1647e-52 3.3009e-36 0.455683 1.88569e-55 8.46856e-84 4.77257e-76 5.19571e-78 1.04245e-118 1.20053e-87 1.96684e-74 8.47647e-111 1.03261e-64 9.85806e-20 1.29821e-66 2.16115e-16 1.36374e-64 0.000344968 1.28305e-07 8.7559e-39 4.22995e-59 2.72089e-55 2.61939e-102 6.95514e-126 0.429732 2.8252e-64 1.41433e-145 0.0983934
4.66204e-72 2.43964e-34 7.32115e-15 1.64636e-69 5.68569e-52 1.10719e-79 2.25656e-35 1.73288e-64 0.503669 2.23312e-84 8.63041e-77 0.439537 0.197652 2.09106e-52 2.12139e-60 2.0876e-39 6.95966e-06 2.53552e-13 1.62282e-78 5.07204e-23 1.32609e-17 1.67059e-89 4.44414e-62 0.127916 0.138645 6.41401e-78 1.55128e-98 3.16137e-111 0.0979382 7.61604e-68
5.46267e-87 1.70702e-46 7.54478e-97 1.15579e-06 1.24198e-16 3.34958e-18 9.60727e-73 3.03246e-45 6.89439e-43 1.93401e-69 1.22025e-61 7.219e-73 2.23427e-11 1.03984e-21 4.16188e-41 0.380839 4.05759e-26 2.15201e-57 7.30141e-06 1.86197e-50 6.05002e-18 1.57203e-08 0.119389 9.36098e-142 5.32202e-118 1.14071e-36 4.92247e-12 0.000386831 7.72006e-59 1.78577e-40
5.88589e-11 0.161508 5.78978e-07 5.63822e-21 1.85388e-37 1.04679e-86 0.314945 6.60549e-28 4.11858e-35 6.02968e-46 4.90592e-72 3.67376e-108 1.49351e-49 5.90134e-126 1.99981e-59 8.68936e-42 6.93104e-57 4.67266e-60 4.08438e-43 6.37073e-09 4.51534e-60 0.0701416 1.26007e-27 3.78277e-159 4.48576e-134 4.32691e-117 7.43657e-11 5.98709e-113 5.45649e-47 1.23294e-10
2.42221e-16 7.84259e-56 2.8241e-102 0.27584 1.69262e-51 1.05283e-102 2.88186e-42 5.64976e-87 2.60586e-74 2.06154e-37 2.53973e-24 1.53277e-66 1.80922e-53 0.103856 3.52505e-59 0.311271 1.55415e-90 1.07683e-15 1.0193e-66 0.37564 5.31527e-41 1.0204e-58 4.22996e-109 3.27883e-114 1.02055e-145 1.41436e-154 7.10337e-18 3.2754e-34 4.44463e-67 1.97085e-55
