2.9299 0.0895261
1.16707 4.1773e-19 1.93473e-55 1.86461e-105 4.79958e-44 1.73213e-32 5.25267e-78 2.40011e-59 8.64331e-58 3.79373e-60 6.67105e-49 3.9346e-70 1.43692e-70 5.01603e-30 3.23279e-27 9.85899e-16 1.69242e-38 1.97828e-92 3.2515e-91 4.05668e-29 1.03187e-48 8.86088e-35 2.93483e-67 2.29438e-44 3.46548e-20 1.5606e-60 8.82981e-56 3.48234e-85 1.3035e-122 8.3956e-17
9.13071e-14 6.91971e-27 5.9469e-86 2.57945e-57 3.53807e-84 2.33218e-06 0.0665221 0.0619449 5.88364e-27 1.70133e-25 1.02877e-52 4.16009e-24 0.0807477 2.24255e-13 7.24304e-08 3.25427e-89 0.138025 0.363354 9.64166e-22 4.79431e-40 2.14369e-50 1.6007e-15 7.59561e-70 2.82022e-28 1.60865e-54 0.0482176 3.60944e-90 6.40395e-18 1.28812e-128 0.000120244
6.80914e-53 1.93125e-63 1.68716e-88 0.0962453 3.2913e-69 8.00583e-84 4.13461e-62 7.33961e-43 9.56565e-50 2.09033e-65 2.09784e-20 4.01788e-09 3.8741e-60 0.0385099 2.9883e-13 2.88325e-47 1.99026e-29 1.83036e-77 1.6959e-84 0.0480503 1.47467e-07 6.30759e-13 1.00068e-35 2.17383e-25 2.90109e-40 0.0904357 3.7027e-14 5.89093e-20 0.0515191 2.56098e-81
1.01566e-47 0.242164 3.65351e-57 6.2461e-52 6.47023e-63 9.9524e-59 2.46786e-40 8.75065e-33 1.35044e-84 3.30931e-73 1.62628e-39 6.40803e-19 3.96303e-64 8.06964e-55 3.42695e-20 2.84199e-64 1.57041e-44 1.93001e-17 9.4152e-26 1.67485e-23 1.46408e-36 2.81476e-47 1.46015e-68 4.38951e-56 2.07038e-57 3.1845e-71 1.45429e-101 9.18626e-29 7.67274e-124 3.35848e-20
9.18352e-32 1.04073e-36 0.24246 4.32861e-60 9.23834e-30 1.47208e-59 5.77658e-76 1.09691e-19 0.0213088 1.48692e-69 1.90427e-14 0.024959 1.08316e-60 1.74726e-45 1.87547e-35 5.35817e-77 6.50367e-47 1.16864e-31 1.46141e-28 1.00183e-55 6.36701e-56 2.20364e-13 9.26627e-59 1.78663e-57 1.32607e-41 2.17911e-63 2.18628e-17 4.88665e-52 5.98167e-114 1.33329e-08
0.211968 0.167073 5.55082e-89 1.52927e-78 4.94025e-50 0.565151 7.8624e-14 9.12709e-44 2.55432e-65 0.0317269 0.0644008 2.46501e-20 2.94941e-35 0.116513 3.12988e-52 4.27292e-51 7.11073e-100 1.28761e-13 5.08205e-21 1.01758e-63 8.26553e-42 4.24267e-25 0.0584954 8.94615e-13 0.247536 0.000113952 9.26029e-86 5.21584e-56 3.43427e-34 1.57679e-61
0.0200529 2.84867e-24 2.55697e-92 1.71781e-38 0.0145792 9.82036e-76 2.3586e-62 7.86756e-57 0.866245 1.23551e-36 2.10842e-27 1.82133e-10 1.13763e-11 4.67912e-15 0.139411 6.07235e-62 2.76515e-79 4.69588e-72 4.37312e-22 1.63421e-42 2.5394e-20 0.728946 4.84017e-63 5.65269e-48 1.87055e-44 6.0922e-51 0.250063 1.94509e-46 3.63965e-118 7.7869e-72
3.55117e-37 0.0029663 5.43286e-79 1.78739e-78 2.61754e-76 3.04462e-94 1.10681e-10 8.72203e-20 1.83133e-63 4.10322e-62 0.010495 0.063853 4.96094e-20 1.2831e-55 3.08063e-17 0.0319132 2.20031e-21 2.44937e-57 1.35361e-60 7.72927e-09 2.71517e-24 1.90112e-35 5.72902e-123 0.043833 8.46186e-34 1.25229e-55 9.54411e-24 7.22358e-84 5.51833e-100 2.47882e-35
5.08843e-41 3.13367e-15 1.33779e-54 2.82131e-88 4.02693e-39 9.64966e-77 2.3899e-77 4.99975e-47 4.88735e-88 2.89597e-23 5.47008e-10 1.3311e-15 2.79499e-64 6.54362e-14 0.0830235 4.10118e-27 5.16117e-69 9.46045e-83 6.78765e-28 3.18362e-39 2.92678e-74 1.24608e-64 1.39207e-82 2.17913e-31 1.91756e-24 3.18518e-34 4.67003e-34 1.65276e-90 6.34551e-49 3.47451e-32
5.58056e-82 1.75969e-55 2.53137e-84 1.39591e-66 3.19545e-102 4.0023e-94 9.64334e-81 4.63701e-71 5.5473e-81 9.86517e-67 8.00958e-31 5.17492e-43 1.99303e-69 1.03095e-28 0.0850933 3.27782e-54 2.02342e-100 2.4504e-51 1.05727e-92 3.47409e-57 6.92033e-51 2.96064e-70 1.11343e-93 1.91745e-61 2.75254e-55 1.62514e-38 1.85586e-98 1.87073e-91 1.75119e-70 1.1758e-77
5.81292e-62 5.32192e-05 1.09526e-17 1.03161e-61 8.67819e-38 4.44217e-39 0.0998195 5.43448e-103 6.99694e-20 1.21714e-72 0.000510424 4.50321e-55 6.25222e-33 4.97504e-58 6.64926e-11 0.0435143 1.47354e-40 6.23988e-59 0.120152 6.55846e-37 2.69792e-40 5.99876e-23 1.08078e-109 6.22009e-43 6.71179e-58 1.19056e-50 7.77301e-14 7.25844e-22 2.06168e-126 7.52065e-76
6.41547e-75 8.07201e-70 1.71462e-71 1.88575e-47 1.29161e-21 3.65673e-12 3.05817e-44 2.94282e-120 1.68343e-31 7.65977e-12 2.08341e-60 1.92837e-61 1.16952e-76 1.1482e-57 1.62925e-18 6.49927e-16 2.777e-12 0.125947 2.73649e-47 4.51356e-69 0.12229 5.36552e-58 3.5566e-100 3.91001e-56 3.91647e-65 1.27875e-72 1.14951e-10 0.122593 4.81757e-113 0.404157
6.75218e-84 0.470712 1.55091e-47 4.23328e-64 7.68467e-12 2.5907e-56 9.50082e-70 3.23463e-107 3.74773e-75 8.61535e-34 8.91341e-49 4.17802e-48 2.03602e-27 1.20679e-58 0.213215 1.35964e-16 7.92897e-75 9.24734e-67 1.08683e-96 8.09642e-47 4.07134e-71 2.28571e-31 5.21084e-90 6.02166e-63 4.75944e-61 2.14779e-28 6.89832e-37 1.16262e-93 5.8233e-101 2.26391e-31
2.00209e-19 4.27705e-70 1.97566e-94 9.25894e-62 7.5701e-81 3.00246e-86 7.2957e-32 5.56266e-55 2.65226e-97 4.48283e-56 1.09611e-49 6.82851e-20 7.7352e-50 1.75729e-32 0.0333925 7.08445e-13 1.67976e-87 5.81741e-31 3.85538e-66 9.71698e-28 1.08469e-68 2.47144e-44 5.83325e-125 7.74788e-48 4.32896e-57 7.06271e-60 3.71584e-108 3.75418e-79 2.0036e-114 8.4738e-39
