2.49503e-321 2.30087e-19 1.89227e-321 1.40809e-321 3.13243e-299 7.2316e-219 8.15208e-322 1.87036e-47 1.86747e-107 4.7095e-79 4.37248e-321 3.66597e-321 7.06107e-45 1.74405e-321 3.89478e-243 2.29741e-321 1.75887e-321 2.25947e-213 1.66006e-321 2.45551e-321 7.09937e-127 2.51973e-321 1.84984e-195 2.09484e-321 9.23903e-322 0.401947 2.09852e-153 0.381478 9.93072e-322 2.18377e-321
1.44761e-321 1.94175e-30 9.23903e-322 9.63428e-322 1.665e-321 1.05023e-224 4.15015e-322 5.30422e-76 7.22676e-161 1.38338e-321 2.44562e-321 2.16895e-321 1.71992e-88 1.19564e-321 4.17666e-312 1.04248e-321 8.39912e-322 1.53891e-103 1.01778e-321 1.5316e-321 2.65702e-115 1.23516e-321 2.5695e-295 1.04742e-321 4.496e-322 2.19725e-189 2.98105e-171 9.6708e-207 6.07701e-322 1.13635e-321
1.67488e-321 0.0924422 1.04742e-321 8.94259e-322 1.27963e-321 3.49689e-158 4.496e-322 2.30887e-155 8.71732e-79 3.37549e-219 2.8557e-321 2.78653e-321 0.506658 1.082e-321 6.37345e-322 1.22528e-321 8.64615e-322 1.0456e-254 1.23516e-321 1.72429e-321 3.45569e-55 1.28457e-321 7.95016e-293 1.02766e-321 6.12641e-322 1.56986e-219 5.26841e-10 3.22901e-128 8.15208e-322 1.01283e-321
2.60867e-321 1.84998e-75 1.60571e-321 1.3241e-321 1.61065e-321 2.42834e-248 6.71929e-322 0.596128 2.4688e-29 2.06025e-321 4.19956e-321 4.02169e-321 5.66716e-09 1.5316e-321 1.85753e-190 1.93674e-321 1.20552e-321 1.07368e-187 1.51678e-321 2.28258e-321 6.11857e-26 1.90215e-321 1.63331e-298 1.19564e-321 7.01573e-322 2.61147e-19 6.61843e-163 1.69545e-295 8.84378e-322 1.30927e-321
1.9565e-321 8.0114e-20 1.18082e-321 1.30927e-321 7.51474e-321 3.84355e-307 5.73116e-322 2.29321e-100 9.35067e-90 1.6193e-194 3.09779e-321 4.02169e-321 5.91582e-92 1.18576e-321 4.41717e-170 1.52666e-321 9.93072e-322 3.684e-63 1.23516e-321 1.89721e-321 1.27625e-156 1.29445e-321 5.95472e-295 1.29445e-321 7.31217e-322 6.22679e-18 0.337603 1.48057e-234 8.69556e-322 1.2154e-321
1.78852e-321 0.0828232 1.07706e-321 1.07212e-321 1.52172e-321 6.6777e-275 4.59481e-322 3.71911e-123 1.57439e-158 2.98338e-268 2.71736e-321 2.58396e-321 1.04461e-70 1.13141e-321 4.24677e-201 1.07212e-321 8.79437e-322 7.75526e-112 1.01778e-321 1.4822e-321 5.87455e-154 1.40315e-321 9.56408e-316 1.03754e-321 4.69362e-322 1.03988e-75 2.3188e-106 1.14129e-321 6.81811e-322 9.83191e-322
2.26776e-321 1.63733e-31 1.39821e-321 1.25493e-321 2.3814e-321 1.33456e-310 6.47226e-322 4.5381e-50 0.00917482 2.51973e-321 3.68079e-321 4.97178e-269 3.95045e-136 1.46243e-321 3.34423e-132 1.88239e-321 1.57113e-321 0.147328 1.71935e-321 2.52468e-321 1.3362e-27 2.57902e-321 1.25009e-302 1.8231e-321 7.5098e-322 5.12761e-209 3.72064e-129 8.69105e-141 9.09081e-322 1.60077e-321
2.23812e-321 6.06842e-76 1.65512e-321 1.43279e-321 1.64524e-321 4.32638e-176 6.57107e-322 9.2567e-186 5.79616e-114 2.19859e-321 4.60963e-321 3.89324e-321 0.028541 1.33892e-321 8.44852e-322 1.51184e-321 1.27963e-321 5.96446e-207 1.40809e-321 2.3814e-321 3.77145e-73 2.19859e-321 4.31813e-321 1.68476e-321 8.64615e-322 0.0492105 1.67292e-113 9.17656e-174 1.1907e-321 1.47726e-321
3.00392e-321 2.77765e-36 2.16895e-321 2.30729e-321 1.53007e-306 1.24755e-172 7.75683e-322 5.88806e-163 1.13315e-47 8.94524e-302 4.54046e-321 6.21535e-321 0.77385 2.52468e-321 1.082e-321 2.76183e-321 1.78358e-321 9.01258e-127 2.05037e-321 2.6729e-321 8.89725e-102 2.65313e-321 4.9883e-231 2.45057e-321 1.09189e-321 8.90792e-210 0.423117 3.56566e-168 1.13141e-321 1.96638e-321
2.57902e-321 1.97175e-46 1.95156e-321 1.55137e-321 2.65589e-246 8.37624e-192 8.49793e-322 1.44116e-129 0.467073 2.96865e-237 4.64422e-321 4.08098e-321 1.7531e-12 1.82804e-321 4.48648e-209 2.4308e-321 1.87251e-321 1.15662e-179 2.14424e-321 2.33199e-321 9.61827e-58 2.1146e-321 2.51616e-209 2.16401e-321 7.5098e-322 1.51394e-90 2.03488e-127 7.20353e-276 1.45749e-321 2.0899e-321
1.78852e-321 7.37404e-143 1.10177e-321 1.082e-321 2.22824e-321 1.08529e-244 5.63235e-322 8.9749e-24 1.05346e-20 5.61471e-316 3.57704e-321 2.71242e-321 2.48621e-64 1.42291e-321 7.26276e-322 1.51184e-321 1.15611e-321 1.54902e-231 1.50196e-321 1.94168e-321 0.3862 2.09484e-321 3.30506e-269 1.39821e-321 6.42285e-322 3.55185e-162 5.46798e-117 2.10271e-106 9.43665e-322 1.5069e-321
6.24752 1.79519e-123 1.97369 1.98678 2.07187 1.10842 1.8323 3.25231e-174 7.88546 2.03391 7.58084 4.12243 6.35825e-81 1.6868 0.738761 3.02783 2.76471 6.27134e-122 3.44623 5.35158 2.02625e-95 2.61903 3.64497 2.15733 1.50031 2.93505e-125 1.14552e-21 3.24042e-67 1.59957 3.38784
2.7223e-321 1.13246e-187 1.67488e-321 1.43279e-321 2.35175e-321 5.35617e-192 6.96633e-322 4.07748e-113 1.49035e-173 1.27607e-186 3.95747e-321 1.47772e-307 3.96193e-95 1.48714e-321 3.43414e-163 1.6897e-321 1.30433e-321 4.49488e-56 1.51678e-321 2.49997e-321 0.369894 1.81816e-321 4.00461e-301 1.67488e-321 8.10268e-322 2.69031e-27 4.6334e-94 3.22665e-264 8.69556e-322 1.58595e-321
1.98614e-321 5.12505e-71 1.24505e-321 1.14623e-321 1.25711e-293 5.27424e-285 5.13828e-322 0.0493871 3.86691e-47 8.0869e-289 3.81913e-321 3.70549e-321 1.90647e-140 1.56125e-321 8.59674e-322 1.40315e-321 1.14129e-321 6.88965e-85 1.66006e-321 1.89721e-321 0.129214 2.31717e-321 2.74961e-205 1.26481e-321 7.75683e-322 1.09192e-46 1.97565e-175 2.57747e-232 8.69556e-322 1.61559e-321
