5.73957e-08 3.62567e-198 6.98827e-91 6.26198e-157 5.23104e-141 1.59156e-31 5.0757e-14 4.18277e-79 0.252987 1.2154e-321 3.22847e-95 1.99704 3.59428e-208 1.2278e-197
1.48496e-97 1.21411e-229 1.96671e-54 1.60148e-295 1.25519e-26 3.55417e-148 3.89857e-161 8.03418e-46 2.75624e-45 4.56078e-263 0.419018 8.69335e-61 3.65769e-43 3.26929e-70
5.53855e-76 3.19089e-65 0.237918 4.30141e-63 1.38293e-45 1.14832e-28 6.75055e-47 2.22602e-144 8.08868e-79 4.10074e-322 1.48935e-256 6.08594e-96 1.19074e-316 3.40905e-322
3.92782e-321 3.42968e-143 1.32077e-215 4.99014e-316 2.12448e-322 3.25048e-309 2.40116e-321 0.147766 5.9045e-102 0.696788 1.85338e-22 3.06297 0.937103 0.530041
0.151584 1.85944e-24 2.86278e-05 2.52925e-42 5.20201e-85 3.54888e-39 4.21719e-58 1.04648e-87 5.5605e-43 2.05763e-262 3.0023e-214 0.322602 1.40809e-321 1.79824e-271
9.46002e-65 2.92637e-190 1.34809e-90 2.1975e-145 2.35682e-51 6.78879e-07 4.56853e-92 1.05437e-98 3.61684e-53 1.01778e-321 3.65968e-202 0.0574821 4.50086e-283 8.13232e-320
5.97244e-260 4.15361e-320 6.13233e-169 6.97645e-144 2.17389e-322 1.0934e-196 3.5863e-234 0.567401 1.61233e-54 2.53535e-49 3.32243e-270 4.16045e-30 1.96223e-43 1.4283e-77
3.70653e-65 2.35426e-134 1.36877e-67 6.63475e-09 2.74951e-143 1.64764e-88 1.79497e-85 5.89704e-110 7.74271e-78 9.23903e-322 4.19443e-256 2.06492 1.28457e-321 8.26184e-292
5.17642e-91 4.68165e-140 0.00023896 1.53615e-36 8.60537e-27 5.03182e-118 5.32399e-103 2.04986e-47 6.24306e-07 1.11186e-286 7.74787e-230 0.564625 1.71935e-321 2.85317e-254
7.48209e-118 5.32048e-181 2.30598e-87 3.80544e-125 1.68024e-169 6.86979e-117 1.39751e-34 2.43707e-49 5.69235e-64 2.33224e-277 7.17236e-270 0.128973 2.62615e-228 4.38611e-242
1.39715e-224 4.44278e-181 2.89737e-188 2.48782e-40 5.12731e-05 1.99515e-238 5.85558e-100 1.17103e-36 0.281046 2.94344e-96 0.0363161 1.28601e-34 1.48308e-12 1.17835e-314
0.000856238 0.0193243 0.00323173 0.000152501 0.000138394 0.005021 0.00128072 5.41771e-154 2.25102e-126 4.94066e-324 1.00101e-299 1.00294e-97 9.88131e-324 4.94066e-324
