6.795e-21 0.0108153 5.28262e-14 0.0851425 7.06729e-05 2.29812e-08 1.28452e-06 0.00109731 2.61855e-06 0.000510535 0.0145339 3.34525e-06 3.57683e-135 1.48125e-66 2.13329e-132 3.38159e-89 3.72958e-90 2.29533e-137 1.30802e-43 9.94039e-80 1.9224e-79 3.87551e-163 1.86654e-150 8.48841e-180
1.14468e-62 2.08806e-64 2.92013e-41 0.000376206 7.71107e-89 5.41814e-54 3.52922e-104 6.76635e-16 1.40029e-19 1.19044e-76 5.56134e-57 3.93683e-85 1.69999e-89 3.38076e-30 8.86098e-64 6.45983e-41 0.275267 4.53787e-126 2.5854e-06 5.31599e-38 1.74656e-92 3.09769e-160 1.07989e-100 3.27081e-88
4.20524e-89 7.26649e-33 3.93849e-41 1.6494e-47 4.63542e-26 2.89517e-27 3.89971e-92 1.2591e-13 2.404e-51 2.27163e-39 4.34505e-90 1.90281e-88 3.02452e-57 7.95345e-29 3.0244e-76 1.3132e-84 0.0862631 3.97258e-76 6.77338e-14 6.5339e-73 2.52662e-18 2.08183e-113 3.17659e-109 1.85463e-92
4.21315e-12 1.03716e-28 2.43825e-10 1.86011e-30 5.15572e-79 4.90121e-10 5.1237e-20 2.53343e-52 5.54333e-21 1.33053e-16 3.75032e-57 0.0678567 5.7121e-97 0.233204 5.47627e-103 1.49315e-66 3.52163e-34 3.62006e-116 9.22712e-18 2.5411e-42 1.25114e-71 3.70486e-135 2.50179e-92 6.19888e-121
1.02887e-72 4.7868e-22 1.01013e-81 2.97278e-40 1.39903e-78 8.4884e-41 2.19486e-34 6.88825e-58 3.13453e-14 1.3609e-53 5.68226e-109 5.90667e-75 1.23562e-130 5.175e-67 3.49954e-82 7.28292e-96 0.0388591 2.45861e-120 0.44567 7.27354e-17 3.51543e-46 8.24743e-158 1.23519e-111 2.71791e-134
2.77828e-09 9.12548e-42 7.6443e-45 3.57716e-36 4.65187e-121 8.3288e-85 4.46392e-84 2.60965e-80 1.09678e-43 7.02891e-67 3.89308e-54 2.05103e-97 1.63908e-77 5.71335e-25 1.76434e-74 1.99638e-25 5.15032e-76 7.36464e-124 0.618834 1.52998e-52 3.76956e-58 2.94505e-112 1.29841e-116 6.40246e-128
2.06468e-73 1.84436e-33 4.7628e-31 9.30343e-27 2.92182e-70 0.0614262 1.69563e-40 2.8167e-17 1.27192e-14 7.16096e-49 5.26693e-77 2.59849e-45 2.27636e-105 0.110066 2.95818e-116 8.64042e-91 9.10548e-40 1.63152e-89 2.29031e-25 9.68707e-54 1.1902e-53 1.64558e-88 5.17758e-127 4.66653e-116
0.00315433 5.68144e-05 0.000709888 0.00871054 0.000312253 8.87404e-05 0.00815247 0.00062766 0.00281063 0.0105259 0.000153962 4.5148e-06 1.5239e-146 1.52262e-88 5.5846e-142 2.52038e-105 2.43127e-92 8.55468e-139 3.36142e-49 6.11969e-84 2.44485e-95 4.35806e-170 6.84263e-158 1.15719e-181
2.80253e-14 9.86883e-111 1.09897e-46 7.5525e-63 2.68157e-06 4.11774e-88 1.30077e-37 1.20766e-22 1.20961e-54 1.01837e-57 3.46778e-178 1.92689e-18 0.094052 0.000174871 6.62173e-23 3.90661e-65 0.0222117 3.87664e-42 1.15086 4.61602e-82 1.86239e-30 0.444545 7.87133e-140 1.69863e-46
6.1935e-17 3.94501e-142 6.62e-139 1.20671e-22 2.77002e-129 1.48937e-134 7.24431e-112 1.97795e-06 3.43828e-84 1.41262e-59 2.41058e-08 1.80452e-63 1.69798e-71 9.47522e-17 2.82977e-56 1.30136e-22 2.49555e-86 3.5273e-110 3.78385e-41 0.00666848 7.32601e-20 3.3961e-142 1.98441e-48 0.109647
1.00799e-86 3.21079e-86 5.85836e-32 9.05565e-130 4.70873e-55 8.01204e-28 1.76353e-216 8.56573e-28 5.71052e-32 1.28489e-138 1.13691e-217 6.08412e-192 1.11936e-129 1.35004e-70 0.199775 9.16549e-31 2.71918e-31 0.149149 1.62431e-27 0.641973 0.0767993 2.47302e-157 0.31878 0.362824
2.05357e-34 4.30839e-79 3.40263e-22 3.81155e-22 3.27178e-28 2.14097e-72 1.33936e-103 0.0364657 1.15436e-16 2.64047e-58 1.38718e-98 2.72623e-54 1.35064e-60 0.149906 4.33346e-139 3.82123e-86 1.65684e-19 8.56975e-125 0.00151292 1.16922e-23 1.21168e-89 1.5213e-75 3.01296e-122 8.71298e-123
4.70548e-45 7.18671e-68 5.22158e-51 2.54245e-41 8.83589e-32 1.36213e-73 2.1881e-14 3.50215e-65 1.02276e-22 1.61199e-51 9.90361e-26 1.42266e-44 3.44959e-101 3.00074e-77 4.96214e-135 1.09144e-74 2.68696e-54 5.71773e-76 0.078998 1.79995e-67 1.56788e-43 2.17342e-130 3.46713e-82 1.11918e-57
5.50266e-160 3.30873e-117 6.16263e-44 0.0100623 1.75115e-50 1.61199e-69 4.18949e-147 1.01761e-111 3.47565e-49 7.38604e-100 1.05234e-18 5.2544e-155 9.21674e-98 1.48996e-31 3.20417e-85 0.0315386 0.0863731 2.20716e-108 1.69741e-20 1.77924e-43 7.60081e-45 2.39048e-139 1.82128e-99 4.46288e-74
