1.83556e-117 2.09424e-308 1.74498e-141 7.80968e-81 0.103096 5.76077e-198 6.19776e-85 3.86853e-321 6.14978e-64 2.90056e-130 0.00101336 1.11768e-183 1.29106e-73 4.55756e-26
1.37066e-199 1.19649e-152 1.81687e-162 5.31076e-182 1.22059e-95 4.66443e-168 5.67294e-230 2.34681e-321 3.50721e-112 0.185169 1.01896e-125 4.2028e-220 1.04347e-91 1.30389e-190
5.72432e-137 6.48591e-300 1.14623e-321 6.83543e-120 6.08275e-77 0.431949 1.12984e-215 2.11619e-277 1.17449e-58 1.11313e-117 3.55809e-52 3.52036e-269 1.62109 2.43012e-116
1.30006e-160 4.23916e-174 2.84713e-149 4.73621e-106 9.35641e-229 5.41093e-205 5.06856e-147 4.93978e-257 2.95643e-265 1.88459e-116 1.3357e-05 2.91052e-231 1.49967e-92 0.6974
1.9939e-66 1.01002e-130 8.95651e-23 1.34568e-211 1.80472e-236 9.98635e-32 0.659646 1.54266e-31 2.43657e-33 2.01085e-321 7.73198e-148 3.85319e-215 1.99007 1.44466e-126
0.00402446 0.00372352 0.00121075 0.00321178 4.92795e-263 4.03269e-221 3.16926e-244 1.4822e-323 4.53694e-284 1.4822e-323 7.09344e-199 4.94066e-324 1.86376e-192 1.97626e-323
0.0469615 9.23671e-06 0.000155481 9.43583e-05 4.8686e-260 1.27094e-221 7.80525e-244 1.97626e-323 9.0115e-283 2.47033e-323 3.91276e-199 1.4822e-323 9.67124e-190 4.44659e-323
3.37703e-37 9.88737e-194 2.54875e-127 1.20698e-14 2.46578e-93 3.17561e-147 1.27684e-154 0.157068 6.03784e-248 5.02076e-200 1.45057 0.291506 3.71464e-78 1.35861e-102
1.54203e-111 1.04045e-120 1.15863e-206 8.39547e-111 0.147264 2.97034e-99 1.53505e-134 4.79643e-50 0.163414 0.309915 1.0229e-173 2.78219e-300 2.65873e-138 9.42965e-207
1.50919e-163 2.24901e-40 5.81221e-28 4.42885e-214 4.29997e-53 2.98701e-90 4.2761e-240 0.296169 5.38345e-38 1.4113e-182 1.14108e-150 3.9681e-137 0.60035 1.21609e-300
2.50303e-187 8.62727e-91 1.06805e-171 1.17711e-198 1.98352e-65 4.5739e-23 5.56611e-193 1.43337e-134 1.35407e-190 7.90833e-77 0.171387 1.48859e-133 2.3714e-175 6.36904e-83
