8.83452e-33 4.54423e-30 1.41327e-30 1.62937e-06 1.43579e-27 9.1522e-35 3.7096e-46 9.78538e-24 1.55922e-21 6.1008e-32 6.29682e-62 3.14095e-54 0.324912 2.0028e-79
2.5381e-29 1.12834e-40 8.15585e-44 3.15851e-71 1.36324e-21 4.51204e-13 1.70179e-67 2.32725e-51 0.1478 1.26826e-10 0.0472089 4.66498e-10 4.17792e-29 0.0409551
7.42309e-25 3.87748e-05 8.56318e-23 3.42442e-42 5.81747e-67 1.17301e-20 2.45719e-51 8.95158e-30 1.8835e-32 2.44643e-66 1.31437e-28 3.95889e-62 0.235755 1.9727e-48
1.85214e-19 2.37271e-10 8.34205e-21 4.69635e-14 3.50747e-30 5.62635e-67 3.1589e-51 1.66279e-40 1.0482e-21 1.06438e-51 9.38254e-63 1.98369e-77 0.563085 7.93366e-48
7.27136e-33 0.127534 1.40608e-48 4.50693e-15 1.40504e-44 2.70703e-58 6.40013e-69 0.319776 2.07249e-30 6.39125e-38 1.41612e-37 4.31919e-57 6.90179e-14 1.00992e-85
0.00416915 0.0257097 0.00276142 0.0169942 3.0545e-82 1.65769e-65 8.65962e-83 2.29411e-62 2.01203e-50 3.99462e-83 2.30127e-75 2.40666e-75 5.41273e-31 1.24974e-98
5.50438e-53 2.56742e-29 5.65787e-20 1.25517e-33 0.0101617 5.17367e-67 0.427787 4.61073e-44 1.46832e-15 1.43969e-40 1.208e-46 1.27527e-52 2.78394e-06 2.68641e-32
5.55891e-17 2.20666e-08 1.12018e-33 3.81536e-23 1.84001e-80 2.09377e-59 3.35488e-72 8.10638e-44 1.47841e-49 1.32298e-53 1.48193e-43 3.00687e-68 0.294054 8.17315e-63
5.88429e-62 5.47209e-35 5.79572e-30 2.97999e-33 2.63621e-81 1.90758e-14 0.195654 1.1165e-35 0.0437723 4.38645e-19 0.000471166 0.0860822 0.220898 4.27877e-88
7.2336e-38 3.09324e-49 5.32128e-14 2.38014e-38 0.0280246 0.0253068 5.26879e-53 6.65426e-34 1.30485e-27 0.0265501 7.62809e-06 2.28176e-21 1.8557e-21 1.36049e-67
3.02155e-32 0.000195405 3.253e-30 5.37118e-53 3.5218e-84 9.3588e-07 0.143529 6.85358e-13 4.02925e-05 1.05792e-75 5.21926e-51 9.91254e-18 2.36224e-19 1.21312e-92
