1.23165 0.0858236
3.99406e-64 2.0494e-95 1.5729e-11 2.07372e-37 0.0825598 1.39979e-21 0.0681806 2.49485e-56 0.0236136 3.65376e-12 0.139927 0.16951 4.89124e-54 2.81764e-41 0.153328 7.62017e-49
7.99159e-06 6.35333e-86 0.0533937 5.83931e-08 5.42239e-09 1.42045e-47 0.0483362 1.04722e-26 7.33656e-32 0.00696404 3.90431e-65 1.33472e-56 3.83844e-45 1.79286e-35 1.48184e-104 0.0962054
1.66207e-10 7.67292e-73 1.78316e-05 1.76198e-65 4.17979e-45 5.17226e-19 0.0208908 3.75084e-59 9.50711e-18 0.0878142 2.84076e-18 4.05449e-39 1.4161e-23 0.0352596 5.02424e-89 1.2825e-09
1.08213e-52 2.70767e-24 3.52287e-55 0.0701101 1.28751e-09 7.03502e-42 5.58184e-13 9.49442e-16 4.9154e-40 1.41406e-16 3.42322e-30 1.07456e-66 3.64139e-51 2.92964e-90 5.35293e-108 4.9296e-11
5.28773e-10 26.0411 2.09959e-64 2.56003e-50 1.82403e-35 8.32641e-36 1.46699e-17 1.0994e-46 5.97027e-57 4.92839e-20 1.71477e-31 4.23416e-46 5.13538e-47 3.44434e-92 6.76153e-90 9.89411e-50
1.77547e-31 1.73863e-45 0.0511967 0.247454 1.60239e-38 1.8777e-06 1.70611e-15 3.57952e-66 6.0138e-20 3.95973e-19 1.25519e-56 1.97075e-68 0.0505307 5.60258e-82 1.24409e-44 2.08033e-30
1.12585e-66 6.33829e-48 1.53435e-13 2.74892e-36 1.34103e-45 0.0648107 1.94269e-24 0.0660882 2.99893e-55 5.2227e-23 1.56092e-47 9.15688e-42 1.59662e-27 1.20519e-63 8.44801e-33 4.64921e-59
2.74148e-15 8.97758e-68 1.01591e-16 0.0665848 2.42846e-41 9.29203e-46 2.64027e-13 5.43221e-33 1.1992e-43 3.04968e-29 3.72882e-60 1.97942e-20 1.13468e-51 4.03945e-43 4.85911e-101 1.68491e-21
0.00609896 1.30454e-20 3.1376e-36 1.54948e-62 1.86305e-23 6.4693e-43 1.24774e-21 3.4349e-62 3.10819e-70 0.065551 4.70312e-50 6.82107e-61 2.73623e-61 1.22004e-75 9.01568e-59 5.9917e-53
