20.7116 0.0632341
1.56267e-68 2.01004e-90 3.56487e-218 9.29751e-129 3.19716e-101 8.62443e-199 1.85606e-121 2.53069e-52 1.36795e-199 1.23363e-30 5.72126e-155 4.65552e-187 0.0348334 1.10443e-210
3.00185e-71 3.25215e-124 2.27164e-247 4.36356e-147 8.99047e-135 8.4769e-185 1.68926e-123 1.87599e-91 3.39556e-201 7.90684e-58 5.20073e-188 2.07373e-194 0.76941 3.98943e-233
2.33888e-22 1.63798e-105 2.41268e-242 5.65235e-146 2.00427e-97 9.25686e-192 2.23186e-129 1.31407e-53 1.77617e-205 2.53134e-56 4.54685e-168 6.87721e-176 0.267103 6.30859e-205
4.767e-52 2.26259e-126 3.40363e-238 9.48229e-155 1.76187e-122 2.89029e-180 7.97432e-114 2.83611e-82 3.27686e-224 9.70368e-45 3.99465e-192 7.5874e-187 0.489438 2.29909e-234
8.10944e-55 3.305e-56 1.1451e-148 1.7501e-142 5.55212e-91 1.11251e-171 4.06163e-103 4.77568e-50 6.51206e-119 1.18256e-59 4.04171e-177 2.45722e-134 1.16129 1.20211e-163
1.23882e-66 2.33725e-120 1.08848e-242 5.64436e-154 5.25998e-123 2.52646e-191 2.84867e-135 8.2299e-81 6.48133e-216 1.43192e-64 3.18349e-192 2.33949e-180 0.526924 6.86807e-231
1.65816e-67 4.07427e-123 7.86571e-222 2.52586e-147 3.71229e-123 2.79897e-174 7.58158e-144 5.22985e-88 1.13845e-190 1.30826e-36 1.10082e-180 6.48406e-173 0.437814 1.97229e-232
4.26534e-34 0.502831 0.0484216 0.614922 6.83307e-32 3.38112e-73 1.81001e-44 6.16063e-50 2.47694e-28 0.0795094 0.561231 0.349004 9.48687 4.16789e-15
1.34289 1.71381e-94 1.02142e-164 1.1051e-61 0.111736 0.137421 0.157006 0.293623 0.0728367 7.62788e-58 1.78863e-09 2.52986e-113 1.82899e-15 0.207788
1.32151e-50 2.07606e-127 4.9864e-219 8.99566e-164 4.39797e-135 4.4417e-175 2.56958e-125 9.60496e-82 1.74668e-209 9.74295e-43 4.39855e-172 4.88037e-170 0.0379531 8.63151e-227
2.77964e-65 2.86449e-122 1.79151e-237 2.05872e-147 5.82639e-134 2.3177e-181 4.33695e-137 1.16659e-81 2.7088e-209 1.85917e-65 3.14895e-184 1.82652e-179 2.13433 2.7821e-233
7.32485e-41 6.72164e-127 7.68321e-231 4.35869e-156 1.31924e-129 4.43061e-176 1.30631e-142 1.33308e-67 2.41325e-215 2.06491e-44 5.29168e-180 2.69214e-178 0.23217 2.74528e-221
1.97968e-47 5.01437e-124 3.98007e-198 4.17598e-125 9.22609e-130 1.01995e-165 1.54029e-103 1.85047e-76 8.11696e-215 5.74003e-18 2.29387e-158 8.7421e-181 0.145657 4.01707e-215
