0.160573 1.56615e-146 3.10837e-123 5.37499e-09 7.76036e-164 8.18716e-99 1.52258e-214 2.28801e-168 3.14086e-214 0.0359901 3.23908e-300 1.67202e-110 3.38273e-253 9.81077e-152
4.78908e-63 6.60865e-70 5.383e-56 4.56175e-21 9.40454e-89 2.13042e-82 3.82365e-12 2.30103e-77 9.121e-49 0.151697 5.25445e-316 1.63519e-132 2.36136e-25 0.392363
2.7441e-111 2.34187e-321 3.56828e-232 1.08493e-66 3.86953e-193 0.0254 1.3637e-53 1.11089e-73 1.35103e-222 2.63951e-135 1.11738e-316 3.44249e-223 0.397658 1.55641e-66
0.228886 6.26622e-263 4.66563e-136 6.90579e-142 2.31773e-240 1.27929e-59 1.35413e-11 2.27853e-105 1.55262e-108 2.72119e-178 7.8501e-222 2.13477e-248 3.36638e-245 4.10083e-43
2.09122e-101 1.35603e-288 6.76875e-231 8.16024e-51 1.96454e-120 1.66158e-91 1.34519e-184 9.19597e-98 7.52302e-26 2.67909e-141 1.91609e-267 4.90828e-78 0.411049 1.50637e-70
2.9586e-60 0.473533 0.30961 4.54591e-47 0.0020247 6.48573e-41 0.538661 0.724551 0.263257 3.06072e-140 0.176712 7.73515e-28 5.50202e-142 5.48394e-60
2.10623e-86 9.86219e-103 1.23888e-48 1.88478e-13 4.12135e-196 1.30261e-39 1.10811e-59 2.82566e-86 9.01486e-33 0.0631512 2.30134e-179 1.08116e-172 5.5937e-192 1.18431e-08
1.73948e-90 2.59186e-190 6.28448e-129 0.0781601 5.33354e-159 0.228607 3.78176e-53 1.75834e-155 1.09049e-30 4.77504e-19 1.96522e-167 3.6553e-130 3.37659e-233 8.83024e-126
2.557e-100 1.09257e-93 1.92011e-77 1.43779e-24 0.0927652 0.000298402 4.41446e-124 5.20525e-94 4.12302e-182 2.49502e-188 3.84111e-162 2.14966e-242 1.04329e-115 0.70324
2.16127e-90 4.66799e-209 8.39424e-163 1.36753e-139 1.21156e-80 4.48058e-65 0.0362418 3.88793e-20 2.10789e-199 4.32844e-136 4.01547e-243 2.24757e-162 2.51508e-156 2.61561e-152
1.09857e-92 2.8372e-127 1.97789e-111 1.91249e-61 1.13263e-67 1.52211e-41 1.11631e-63 1.13984 0.00225417 1.05229e-118 9.98188e-34 0.482903 4.42316e-269 0.36538
0.0180438 0.185438 6.7062e-69 1.01146e-09 6.50999e-194 6.78514e-79 1.89022e-153 4.772e-51 3.07597e-150 1.88274e-247 3.11283e-205 3.43686e-235 9.48809e-228 2.05239e-120
2.65482e-127 1.44225e-251 1.7103e-84 1.00758e-101 3.46734e-56 2.34842e-108 3.95722e-131 0.336847 6.73893e-57 2.56376e-251 5.02099e-136 1.90752e-51 7.48651e-82 1.64888e-79
