1.93157 0.196693
1.48226e-37 4.49965e-91 9.6568e-220 2.67919e-135 2.0075e-106 7.87843e-79 0.00468774 1.41441e-24 0.214105 4.99386e-97 4.06766e-62 5.47071e-52 0.13704
3.27928e-18 2.97716e-20 0.49563 2.75587e-68 8.62665e-05 2.31704e-176 7.22853e-158 4.82929e-34 2.91462e-62 0.273673 1.57274e-128 4.59051e-131 1.23965e-45
4.4013e-20 5.74311e-35 1.4824e-233 8.74233e-104 0.174656 1.1407 1.03191e-133 2.26137e-106 1.34814e-17 5.76271e-66 3.24086e-72 1.5916e-42 1.88908e-19
7.54093e-80 0.150015 2.4348e-79 7.14731e-124 9.59683e-67 2.52629e-174 4.99458e-145 3.26839e-28 1.19006e-92 1.93889e-70 1.08532e-84 5.20684e-87 3.23162e-149
0.386163 4.70407e-42 4.46916e-121 0.290118 4.70096e-87 2.61627e-81 1.15936e-181 2.03613e-112 0.16868 1.83856e-181 3.45251e-38 1.28782e-27 2.43395e-208
8.85161e-31 0.202545 5.53412e-46 0.175917 1.44004e-155 5.13997e-161 1.00556e-121 1.21708e-41 4.12341e-36 2.70181e-219 1.82939e-20 8.05676e-79 1.19948e-102
0.00328011 1.83935e-10 6.12685e-241 3.80814e-149 2.23782e-88 2.93847e-81 0.450762 1.0554e-124 2.13378e-69 6.9855e-31 2.47647e-145 9.72397e-37 2.34128e-162
4.82588e-145 0.210574 6.24873e-222 1.23133e-38 3.9672e-28 0.106124 1.36101e-12 0.260575 1.94143e-33 2.31531e-86 8.21927e-107 7.41159e-146 5.46509e-198
4.22301e-144 0.0237098 1.01649e-52 5.5403e-84 1.11436e-108 3.47405e-50 1.81328e-99 4.42647e-87 4.77364e-18 7.38325e-109 0.0485453 0.108019 1.00401e-187
