4.59212 0.0599136
1.90755e-08 0.00655789 8.76084e-48 6.19323e-72 7.78665e-59 0.028557 3.69986e-40 2.53411e-31 4.87686e-70 4.06468e-06 2.24018e-56 1.33054e-20 8.51438e-36 1.16848e-09 7.47047e-47 2.28756e-46 8.07531e-47 1.35782e-10 1.78127e-68 1.13108e-34 1.39854e-57 0.437274 6.80918e-61 2.67853e-07 1.66833e-15 3.8264e-18 5.98724e-83 0.0773751 1.38617e-67
6.56909e-66 6.0483e-62 1.61749e-94 4.58404e-85 1.75251e-60 8.09869e-24 1.9451e-21 1.25221e-32 2.82814e-55 7.80221e-58 1.44403e-20 4.51442e-84 2.47909e-39 1.61118e-73 1.204e-27 0.118691 1.08566e-25 9.73064e-09 1.84235e-35 1.61884e-72 0.0695425 3.79189e-39 3.886e-57 3.3244e-05 0.0921389 0.524093 4.37546e-57 3.10579e-12 2.11248e-36
1.34695e-18 3.86265e-35 1.18646e-12 7.57959e-20 1.72693e-48 6.85528e-22 5.614e-15 0.000140155 5.17421e-10 8.41252e-58 7.66637e-27 1.93632e-06 5.2671e-45 5.42147e-13 6.26219e-22 1.09235e-56 9.69089e-21 1.60219e-38 3.78704e-32 1.25703e-44 1.82145e-122 9.33447e-26 0.0701671 5.32649e-39 5.40166e-36 7.61885e-60 1.74954e-61 9.78817e-08 3.19714e-73
0.00698432 0.00187424 4.67277e-09 0.00114363 1.39391e-05 0.0022814 0.00180735 6.3177e-09 6.26507e-11 0.00719335 6.50536e-05 5.80648e-06 0.0432778 0.000430311 1.53568e-71 7.15931e-83 6.03511e-45 8.89531e-46 3.66755e-59 1.48723e-80 5.48952e-130 2.27482e-47 7.68588e-54 1.61989e-37 5.91143e-79 6.29738e-72 2.65672e-80 6.62465e-15 6.14128e-82
5.58845e-16 1.3205e-10 0.01032 1.01936e-26 1.08684e-17 2.34841e-24 2.27887e-05 0.0127351 9.98557e-33 3.82267e-14 1.21277e-13 4.45724e-07 8.37847e-13 5.95537e-19 4.00476e-51 1.10464e-81 8.79778e-49 1.72864e-32 2.15947e-54 1.75699e-69 1.71088e-94 5.86243e-47 6.88981e-36 5.51741e-32 5.53032e-54 2.38095e-67 1.9501e-73 0.438971 1.39523e-84
1.16968e-30 1.89928e-30 4.44091e-65 1.0501e-10 0.0371555 8.05198e-46 3.91825e-33 1.64013e-30 6.60069e-52 2.22828e-44 1.17197e-50 4.04328e-27 1.67574e-22 2.63539e-27 6.91759e-61 2.06727e-35 8.72896e-12 1.35451e-47 0.0840344 2.10615e-52 1.68371e-123 1.39589e-52 0.451995 1.0159e-11 1.37144e-59 1.76506e-55 9.04807e-43 2.05034 2.43063e-48
3.38746e-08 7.65053e-20 7.8498e-09 9.75397e-19 0.00435999 6.69293e-24 2.91321e-26 6.45793e-18 1.74715e-20 2.1319e-33 2.78246e-19 7.34312e-24 0.00109475 5.92989e-12 7.01611e-54 8.40369e-84 2.14471e-32 9.34217e-41 5.53909e-51 5.92322e-80 6.38716e-96 1.8175e-48 5.50863e-35 9.91532e-39 8.7739e-82 7.45825e-46 4.58127e-77 0.319076 3.70368e-84
1.05908e-84 1.68901e-66 1.41808e-58 3.10796e-96 5.90897e-32 3.82021e-64 3.71704e-21 6.34528e-56 0.0701778 1.68672e-78 2.75186e-34 0.106131 1.11655e-39 3.61133e-49 8.77793e-75 7.31018e-27 5.63972e-30 4.39752e-21 8.8905e-64 0.0947807 4.97269e-58 3.81397e-28 1.74176e-52 5.28983e-37 9.62336e-41 0.091533 0.442731 3.45285e-25 1.27457e-07
0.000283138 1.43341e-64 1.35095e-08 6.2885e-08 3.02803e-41 4.02638e-60 2.23402e-61 0.000277227 1.00813e-14 4.0441e-19 1.93017e-27 7.25755e-62 1.94006e-09 1.11359e-35 0.0536001 1.60304e-69 0.0909816 0.0199464 7.89345e-49 4.06147e-25 2.61753e-102 2.59302e-21 0.0873865 1.24466e-31 1.20306e-50 1.8743e-21 4.35e-38 5.39155e-24 1.87615e-65
0.0075834 2.01548e-25 1.42534e-25 4.55502e-27 1.21226e-08 1.19686e-10 2.65748e-14 4.62149e-18 3.86254e-32 4.84624e-15 0.0655098 1.09736e-12 1.54375e-05 4.91116e-21 3.0393e-64 1.23233e-75 7.07723e-52 4.24066e-46 5.92699e-67 1.13467e-74 5.95266e-124 1.85137e-52 2.00897e-59 1.68698e-37 7.56738e-84 1.53781e-63 2.62246e-73 5.92358e-21 3.90756e-62
1.44997e-07 2.51952e-39 3.1639e-21 5.12815e-26 2.787e-10 1.92617e-38 1.21641e-45 4.58319e-29 9.85718e-31 1.01444e-29 1.97307e-36 1.11733e-33 1.48152e-32 7.08492e-32 1.69839e-52 5.78695e-79 1.06675e-48 4.22008e-18 1.50774e-16 1.12304e-43 3.57322e-102 3.90297e-42 6.48303e-34 2.73616e-05 3.32312e-46 5.95406e-46 3.21414e-57 0.554335 3.26852e-47
3.87097e-44 4.49236e-55 8.95124e-58 4.86794e-76 3.82852e-10 3.12684e-44 2.82245e-57 1.06953e-35 5.65867e-15 2.78942e-79 1.10217e-40 2.20526e-47 2.20962e-42 0.101514 3.20665e-28 5.4423e-80 2.54722e-46 0.0690129 1.29157e-65 1.00228e-50 1.27094e-91 4.96821e-43 2.15314e-09 3.01114e-05 5.05707e-54 2.16494e-42 5.36605e-71 0.951098 2.39646e-78
7.0373e-34 1.53466e-23 1.52801e-63 7.24567e-67 1.12376e-33 8.77144e-23 7.27534e-17 2.24787e-23 6.10576e-28 9.94076e-15 7.00549e-30 8.68613e-57 5.33376e-15 1.21978e-13 2.76704e-50 3.93333e-37 2.21264e-47 2.46981e-05 0.00287126 5.17001e-61 1.3052e-29 0.102926 3.3596e-23 0.0545122 1.39032e-46 2.83552e-24 4.15712e-59 8.58907e-25 0.0247787
