2.29729e-131 1.34881e-181 6.41896e-20 2.004e-35 5.25896e-95 2.34114e-62 3.08897e-144 5.3697e-13 0.161289 1.39097e-35 8.0226e-211 6.7556e-90 3.05116e-88 2.65862e-194 5.37842e-84 2.123e-78 8.39778e-57 8.74219e-08 1.29796e-193 1.63411e-236 1.40302e-189 8.29122e-142 4.79268e-93 0.00814475 8.33301e-96
4.91698e-103 1.06287e-30 1.99059e-153 2.09845e-104 1.95184e-86 0.0143349 4.30298e-81 3.96946e-35 1.78156e-103 1.12266e-84 1.47554e-218 1.21479e-87 9.37463e-89 2.08828e-185 3.90026e-97 2.68376e-188 5.7567e-92 2.9336e-107 2.90791e-161 1.58237e-239 8.32498e-171 7.10675e-148 6.04866e-25 0.0154047 2.62928e-105
9.54009e-16 1.06091e-232 3.20181e-203 4.29682e-76 3.39495e-78 0.0478345 5.64556e-162 3.26528e-50 9.23105e-71 0.0565409 2.52495e-178 6.72853e-61 0.864638 7.20679e-52 4.83106e-97 3.26174e-172 0.186291 2.40455e-86 3.27046e-182 7.95901e-77 5.62199e-174 1.38468e-158 1.0688e-26 1.28415e-86 0.104345
8.17335e-20 6.4572e-93 4.08631e-107 1.55241e-32 4.60596e-76 3.55872e-122 7.28157e-82 8.1495e-18 1.11186e-41 1.4576e-59 5.72298e-111 6.74503e-49 1.83045e-94 1.32701e-136 2.21044e-88 1.08954e-80 0.0644746 0.0537401 3.49828e-112 1.92858e-245 2.00813e-214 1.77729e-189 2.02143e-108 2.95792e-67 3.22561e-28
0.000437932 4.90238e-05 0.00027744 0.000290485 0.000508324 0.000134096 0.00149998 0.00059599 9.24902e-135 4.66549e-150 1.87613e-235 2.04508e-128 1.52985e-162 3.75132e-204 1.33084e-124 2.98132e-220 2.34846e-122 1.27091e-126 1.23067e-199 2.13701e-257 2.58847e-240 7.32836e-258 2.69865e-115 1.14949e-102 1.88819e-180
1.3001e-56 4.60058e-102 5.87605e-38 4.39081e-77 1.21898e-19 1.72132e-17 5.9196e-48 1.37727e-51 2.96317e-64 1.35392e-92 3.6511e-198 7.642e-68 3.67057e-93 1.4132e-181 9.34515e-62 3.496e-151 6.12501e-76 5.78594e-22 1.49649e-196 3.86027e-189 3.47155e-189 1.60587e-158 8.49767e-08 0.18353 9.54283e-142
9.1191e-162 2.55475e-214 8.9558e-91 0.100625 0.0656199 8.11529e-164 4.20216e-15 1.87552e-39 0.710277 4.50218e-46 4.50973e-124 1.12993e-96 5.45056e-153 1.45172e-133 3.56191e-103 5.36049e-115 3.4697e-85 1.59126e-80 7.23854e-20 5.85062e-127 1.40182e-173 7.70543e-113 8.28804e-61 1.04389e-50 2.68716e-55
1.87636e-153 1.3973e-67 1.14467e-84 5.85713e-99 3.44418e-113 4.46145e-29 4.73949e-127 1.65121e-18 4.16286e-104 3.37148e-98 5.31588e-201 0.275424 3.98426e-129 2.53141e-184 2.83131e-11 6.63214e-66 1.63823e-101 1.08303e-30 0.187397 7.67454e-167 1.68698e-193 4.39511e-198 1.01923e-90 8.76745e-73 2.5325e-144
1.32764e-89 3.27881e-152 2.01515e-127 1.03064e-13 3.7245e-70 2.31946e-109 1.17157e-103 7.80037e-93 1.09864e-41 5.53814e-119 3.55173e-186 4.22268e-18 4.21339e-39 2.14503e-123 1.51003e-49 5.33711e-203 1.4607e-58 0.129021 5.75425e-164 8.50262e-249 3.65916e-148 1.92832e-160 8.3155e-35 3.75136e-07 3.51988e-18
1.18024e-142 7.80669e-250 5.49189e-179 1.2554e-135 1.15069e-69 2.14458e-152 3.21637e-321 2.7612e-11 2.53125e-109 1.54344e-69 0.242378 0.16684 1.25185e-125 0.432515 0.409443 0.482957 2.34768e-34 3.21155e-08 3.86616e-157 0.326857 0.125481 5.31667e-138 6.3038e-28 4.25668e-06 5.60833e-84
1.17035e-127 1.0555e-08 1.50111e-50 1.232e-11 2.05511e-54 7.05788e-32 2.70932e-19 2.20037e-49 3.73405e-75 1.45701e-105 6.82795e-139 1.44836e-60 9.79951e-111 4.71284e-113 6.88996e-52 7.95865e-204 1.67492e-53 3.67391e-42 1.08413e-175 1.97602e-123 2.32971e-114 1.1088e-220 3.58815e-35 0.433787 3.80147e-98
1.04169e-250 4.89215e-07 1.86854e-153 6.09647e-228 8.41485e-79 4.4206e-146 1.17009e-173 1.5668e-174 1.88949e-68 1.708e-94 6.29512e-146 1.92785e-43 3.50691 2.36544e-166 8.14286e-70 3.74022e-191 2.71232e-72 1.45493e-13 2.52217e-128 1.74633e-35 1.24048e-214 0.841339 1.29386 4.22747e-24 3.53185e-85
2.06657e-95 2.19706e-24 0.146791 5.39929e-37 1.36465e-48 1.00273e-109 2.46299e-105 8.97976e-102 3.82203e-97 0.000288843 7.26064e-157 3.63138e-72 2.28621e-112 1.44799e-126 1.50038e-40 1.61892e-77 2.65068e-118 9.50232e-49 5.35448e-82 8.55557e-162 1.0724e-230 8.5078e-119 3.52393e-71 3.74733e-61 3.58456e-68
1.48711e-20 4.56152e-214 3.86072e-43 0.0159632 1.31681e-93 6.87494e-118 2.28244e-125 5.13729e-113 1.23639e-109 2.19683e-82 3.78283e-197 0.00139467 4.33593e-72 6.2918e-107 8.26095e-80 7.05728e-70 7.30574e-45 0.503617 1.71187e-25 1.65109e-190 1.86857e-167 1.68937e-188 1.43987e-70 1.65335e-55 6.92973e-157
1.62934e-42 1.15952e-11 2.19343e-120 5.21489e-79 2.52289e-91 5.80391e-37 1.4361e-08 1.43856e-77 1.45938e-108 3.16712e-44 2.18189e-166 9.33054e-113 1.35e-138 1.29752e-121 9.95463e-117 4.35888e-186 5.16678e-95 0.188437 2.59902e-153 9.45325e-179 5.57395e-228 9.79978e-174 5.45219e-46 3.56523e-45 1.72012e-83
