6.41639e-18 2.51747e-32 3.33239e-30 1.94952e-22 0.0829801 2.83398e-50 1.68302e-68 0.0918467 2.58123e-22 5.76129e-51 3.67935e-45 2.28484e-69 1.92825e-92 8.36616e-106 7.47525e-100 2.33741e-129 3.94751e-82 8.65033e-88 3.861e-54 6.08643e-108 1.92951e-143 2.04877e-53 3.29497e-53 6.5192e-83 3.42694e-121
6.65057e-98 5.12244e-82 0.0883808 3.29205e-15 1.22902e-98 1.70236e-91 2.48513e-116 8.31345e-19 1.66348e-22 0.623807 9.8143e-11 5.13806e-51 0.128512 2.76093e-16 2.57283e-14 3.31589e-106 3.58687e-125 1.83052e-106 1.52536e-23 1.22544e-155 1.46611e-84 1.07392e-19 1.53733e-10 1.46837e-26 1.06826e-100
6.72947e-156 1.36217e-17 6.20305e-39 9.06061e-23 1.9244e-65 7.68929e-93 4.66654e-119 1.34276e-40 3.8756e-68 0.0636105 1.10494e-16 0.0741852 2.66354e-95 0.0407488 5.34804e-43 8.17199e-24 1.30632e-87 1.04752e-18 3.10801e-61 2.16521e-149 0.117696 6.65777e-69 2.49861e-06 8.88834e-97 3.64059e-42
1.11144e-68 1.12771e-15 7.10415e-80 3.07363e-163 2.07441e-91 3.60438e-43 6.57383e-76 6.81303e-52 4.90253e-58 2.85613e-44 5.83645e-40 8.73298e-20 2.30743e-65 8.54019e-88 9.92724e-11 2.99282e-36 0.11037 0.0196884 4.96713e-19 1.18446e-24 7.14555e-124 7.40624e-48 8.92643e-25 0.0774849 1.49376e-37
1.17991e-33 5.2149e-141 1.59989e-64 2.54007e-78 1.00529e-93 7.88748e-34 1.58338e-76 2.41017e-41 0.0434687 1.20182e-53 2.32992e-70 1.13695e-20 1.27959e-95 1.81396e-63 1.29882e-94 6.0682e-114 1.01855e-106 5.8355e-126 1.86719e-68 6.84326e-114 4.05603e-150 1.76372e-69 3.97192e-11 4.68853e-87 6.14659e-72
5.64417e-49 3.37342e-29 2.54105e-43 4.03779e-55 2.66266e-15 1.91175e-68 0.0173725 2.97801e-48 0.730449 1.06888e-72 2.60013e-23 4.69031e-81 4.0919e-94 1.48239e-76 9.1465e-81 1.34277e-71 7.03226e-84 3.92244e-108 2.96045e-38 5.13142e-61 3.56217e-71 1.61697e-56 4.15059e-12 1.29062e-81 2.72106e-69
4.85973e-31 1.36943e-116 3.75181e-07 1.33409e-77 1.67545e-35 1.74239e-30 1.18163e-114 1.38841e-11 1.23552e-07 0.955826 3.87628e-42 7.05157e-42 1.09193e-62 1.23369e-42 2.26223e-13 0.806836 3.64582e-145 0.103342 7.3699e-53 2.58979e-164 4.13131e-06 0.0967734 2.47048e-31 7.04127e-06 4.85839e-112
9.25801e-49 0.555242 2.51747e-09 2.44287e-54 2.41648e-78 3.96154e-21 1.94879e-36 2.4005e-48 0.19093 2.31976e-27 4.59605e-98 1.07848e-50 2.88266e-88 1.06874e-106 2.77572e-82 4.44701e-130 3.31731e-118 1.26337e-88 3.32193e-63 3.67435e-118 1.29505e-123 1.52507e-52 3.34785e-48 4.27745e-30 2.42568e-94
2.51155e-85 0.106495 2.36347e-08 4.10452e-45 8.37701e-47 3.35742e-53 6.6184e-70 1.45622e-81 6.72439e-82 5.78746e-65 0.311898 1.76123e-57 4.40124e-135 1.91513e-28 0.0347281 9.86771e-09 2.81539e-104 4.42e-88 9.82769e-69 8.90655e-142 6.20071e-123 6.34337e-20 0.0349851 1.38026e-97 7.87165e-51
0.0498864 1.86606e-28 3.6275e-56 0.148591 4.94349e-103 4.49986e-82 5.50392e-15 3.36489e-61 0.0589375 5.99829e-27 6.81125e-56 2.43406e-96 3.36514e-107 5.28426e-58 3.88233e-87 2.58485e-79 2.44542e-127 6.24306e-125 2.8689e-88 3.30715e-89 3.76619e-143 2.07926e-100 4.92104e-27 3.71154e-31 1.54355e-52
0.000151322 3.06208e-66 3.40453e-32 1.0941e-61 7.29878e-06 6.32061e-76 5.60691e-22 4.87115e-35 0.745393 5.74632e-75 5.30389e-52 1.69115e-102 9.24628e-52 1.10292e-39 2.66802e-61 1.0182e-99 3.18526e-137 4.55937e-58 1.06966e-87 2.62558e-93 1.53778e-74 5.73939e-93 1.95816e-19 6.45739e-58 4.38167e-53
3.91874e-20 3.03021e-16 0.000934906 3.67373e-29 4.7541e-07 0.190279 0.000147578 6.06233e-29 1.34014e-85 7.69076e-62 5.81987e-105 4.01536e-100 8.11753e-138 2.77879e-93 2.88602e-88 1.70823e-110 1.3697e-122 6.54916e-128 1.33573e-80 1.1287e-146 5.35378e-136 1.03057e-105 4.10082e-52 1.68939e-91 8.67138e-134
2.03332e-17 1.9776e-27 1.63463e-46 1.23372e-83 1.67469e-77 7.99068e-37 4.85956e-15 3.34759e-58 0.258725 3.60423e-48 3.90383e-65 1.12231e-90 2.05016e-81 3.21775e-98 4.9861e-39 1.80673e-68 2.37373e-71 5.56008e-115 3.18702e-57 4.50768e-62 7.54647e-126 4.64724e-73 4.17901e-25 2.61928e-26 2.57286e-80
4.97976e-101 1.38031e-16 6.78374e-32 1.10969e-48 3.90989e-122 4.23834e-68 9.38327e-160 3.46582e-25 3.41019e-29 5.02061e-59 0.0275271 2.82869e-96 3.04979e-134 4.52586e-34 0.651746 3.28876e-89 1.06584e-79 5.67961e-138 0.320005 0.212252 4.59323e-64 8.4623e-70 8.2417e-48 1.2254e-87 0.0879284
3.70578e-77 4.59276e-33 2.8632e-34 4.04188e-46 4.88468e-39 4.53472e-56 2.04448e-50 8.3908e-21 0.37776 1.54657e-36 2.73221e-26 2.62876e-93 6.82447e-76 1.00469e-76 4.37334e-50 1.2516e-90 1.30211e-69 2.40642e-90 2.6623e-50 1.62682e-163 1.07938e-68 2.71263e-38 5.4472e-25 8.08825e-69 6.51622e-100
