7.80902e-52 2.09228e-42 3.62788e-20 2.03038e-126 3.67504e-132 3.03853e-163 1.05798e-124 4.99385e-118 3.70327e-186 0.19357 2.31328e-181 1.41508e-33 2.47937e-309 2.00345e-168 6.45653e-119 9.86674e-169 5.47395e-235 2.17669e-101 1.90294e-108 1.9578e-175 6.13296e-159 4.4704e-90 6.91044e-56 1.48764e-133 7.34201e-60
8.64578e-56 8.0752e-37 6.46446e-28 9.16824e-31 1.41485e-117 8.37027e-40 5.83066e-87 1.2466e-46 1.45917e-133 0.00415715 1.34255e-67 8.62633e-123 2.07212e-184 2.19648e-177 3.23629e-149 2.44681e-83 1.86508e-224 0.256552 6.19331e-64 1.65209e-27 3.37386e-126 1.88329e-130 9.02642e-109 2.89317e-89 1.33585e-162
8.06099e-317 0.00908093 5.50051e-147 5.64342e-05 5.5041e-208 8.67919e-116 0.000203689 4.24951e-222 1.36803e-195 1.20798e-50 5.5009e-49 0.315786 1.12885 0.940432 3.13849e-34 1.1262e-63 3.42867e-151 1.15785e-13 0.60175 1.09148e-164 1.42711e-141 6.76161e-27 2.56619e-79 0.139683 2.91267e-95
9.93724e-250 2.34586e-49 3.45609e-124 9.9585e-105 1.03615e-48 8.25813e-298 3.31875e-228 1.42575e-180 8.22642e-137 1.14351 3.38672e-16 1.68941e-15 1.06482e-71 0.662731 9.3e-125 2.0381e-240 0.347706 2.41997e-118 6.31505e-119 2.12219 1.7924e-111 0.251797 4.19205e-136 1.69626e-99 0.0951628
3.68172e-84 9.89152e-81 1.07346e-11 5.80477e-107 5.08782e-63 6.50794e-75 2.09795e-95 0.169216 2.23701e-176 0.363678 1.97702e-102 4.76005e-96 3.01408e-141 1.38054e-122 4.06501e-114 1.43049e-100 1.98306e-173 6.83304e-106 2.11955e-58 2.83784e-150 8.90138e-56 2.00948e-32 5.10469e-44 2.61707e-218 1.76663e-160
0.540498 1.88725e-174 3.0796e-152 3.30236e-23 0.407829 0.0145484 7.18277e-186 1.98576e-83 0.048113 1.01684e-31 6.97361e-274 3.93309e-146 3.11566e-64 1.13178 4.76731e-28 0.294948 1.47273e-64 1.13998e-67 2.56646e-43 1.4221e-150 5.36532e-115 4.11663e-46 1.45075e-84 2.28582e-109 3.06274e-173
1.89965e-05 2.23498e-31 1.00936e-108 7.4683e-132 2.93215e-43 6.21452e-19 1.63668e-202 7.79067e-156 8.0437e-136 2.71823e-64 1.38091e-64 1.66096e-51 7.17874e-92 0.0564891 6.23608e-148 1.5678e-232 4.14875e-149 0.0199802 4.01472e-147 7.01837e-150 0.127825 2.52587e-29 2.55667e-100 1.78855e-125 4.66035e-124
1.98163e-219 1.714e-84 3.80513e-19 3.75608e-133 1.31002e-35 1.28327e-165 1.95019e-18 4.45505e-40 3.23966e-211 3.80962e-10 9.89133e-130 5.0715e-80 4.87018e-91 3.06873e-12 2.14681e-64 6.57864e-58 4.3975e-121 1.53211e-114 2.51486e-107 3.43293e-85 3.33034e-133 6.6648e-66 0.212295 4.128e-178 2.7086e-168
2.24199e-47 2.9003e-50 2.78149e-87 2.12515e-68 9.01502e-64 3.29608e-36 3.51356e-77 8.90664e-203 7.88096e-176 1.86464e-99 6.48592e-07 1.75036e-65 1.76027e-256 4.73553e-58 1.10256 2.62699e-90 1.58627e-139 8.0078e-137 3.66315e-94 1.87145e-35 1.63433e-84 1.09777e-46 1.13372e-62 4.0719e-235 2.9291e-212
6.13682e-11 1.45914e-13 5.94613e-100 1.28542e-49 7.1544e-134 7.84956e-179 3.90133e-115 1.02734e-90 0.230698 2.91279e-134 4.69335e-145 3.88068e-113 2.21846e-212 6.15165e-54 3.73783e-140 5.64186e-64 6.08893e-79 5.49827e-22 9.57067e-79 7.71709e-141 8.78283e-154 2.61641e-107 6.64949e-89 1.32399e-199 4.43579e-198
1.27988e-12 4.82907e-25 80.0748 6.69971e-117 1.30039e-54 6.1902e-131 9.21063e-160 0.00605931 2.141e-176 3.35335e-86 4.95341e-160 3.09599e-109 4.16932e-267 1.0921e-63 1.61578e-117 2.75726e-156 3.29041e-71 1.83015e-126 2.51462e-145 4.5807e-175 2.06145e-111 0.00445795 3.28586e-30 1.34411e-95 4.33701e-169
7.96338e-161 4.25113e-14 6.83476e-126 6.01685e-05 5.58515e-135 3.71412e-24 2.65039e-147 1.0948e-28 5.06808e-99 0.340611 4.14813e-203 2.2895e-77 2.92011e-158 3.96437e-42 1.80897e-36 2.26795e-192 1.53899e-191 3.23809e-32 1.13267e-139 3.28012e-137 2.06155e-134 0.000142524 2.90905e-104 1.20665e-160 1.30393e-75
1.50593e-59 2.88756e-31 3.20623e-27 0.207241 2.54431e-05 2.45658e-16 4.10796e-21 2.38143e-53 1.19885e-166 2.39499e-154 4.33545e-251 3.17178e-141 1.17403e-296 8.1664e-214 1.40866e-126 1.22279e-218 3.57598e-232 4.14022e-113 6.76054e-150 1.70254e-155 4.58221e-167 9.39296e-118 1.02683e-116 1.18073e-198 7.67368e-179
1.81446e-206 2.56915e-79 3.57396e-132 9.86805e-63 5.08335e-44 1.68937e-104 9.36849e-172 6.48573e-191 1.20679e-216 0.18896 0.101142 3.97177e-83 1.11728e-97 1.02926e-90 2.13211e-115 3.91142e-141 8.39513e-141 7.99354e-69 1.70361e-53 2.56157e-166 2.5e-27 1.50362e-87 3.01362e-133 9.24111e-102 2.74007e-52
7.56089e-218 1.1327e-18 5.8958e-127 7.66038e-120 2.48954e-66 8.52453e-238 6.71557e-136 1.74209e-136 0.0495484 2.14871e-78 1.36583e-179 2.82803e-162 5.39157e-238 1.78548e-131 6.24713e-38 2.55349e-134 5.73198e-83 3.60178e-123 6.25172e-34 4.84968e-84 4.92459e-18 1.08982e-131 1.59339e-70 2.56764e-212 2.52339e-138
