1.30596 1.83792e-321 1.07484e-206 1.76381e-321 1.26135e-320 1.11165e-321 2.01085e-321 1.26975e-321 4.88631e-321 6.04736e-321 1.87943e-320 2.38164e-228 4.87885 4.2045e-321
1.50872e-68 1.9812e-321 5.22337e-295 2.46539e-321 1.71521e-246 1.25987e-321 2.18969e-272 1.54643e-321 4.14521e-321 5.578e-321 1.33348e-320 0.249789 1.76825e-116 4.04146e-321
7.93793e-291 6.86751e-322 2.80135e-321 4.89125e-322 3.31024e-321 5.03947e-322 8.54734e-322 5.2371e-322 1.85769e-321 2.47033e-321 4.1798e-321 5.68925e-318 0.127076 2.46045e-321
8.92837e-181 8.20149e-322 2.86558e-321 6.71929e-322 4.06616e-321 4.74303e-322 1.56125e-321 7.95446e-322 2.30235e-321 3.1472e-321 5.85468e-321 4.65997e-95 0.513357 1.52558e-296
6.00676e-216 5.73116e-322 2.02567e-321 5.03947e-322 2.94463e-321 3.26083e-322 1.02766e-321 4.74303e-322 1.85769e-321 2.10472e-321 4.57505e-321 2.55785e-159 0.161021 1.5069e-321
6.03748e-321 2.07508e-321 1.72685e-312 1.082e-321 8.57204e-321 2.07014e-321 2.84088e-321 1.24505e-321 3.89818e-321 6.80328e-321 1.58447e-320 2.95425e-161 3.74811e-23 7.70994e-252
2.48364e-125 1.69465e-321 5.80527e-321 1.30927e-321 9.53547e-321 9.83191e-322 2.55926e-321 1.41303e-321 8.18173e-321 8.02857e-321 1.9728e-320 0.386997 3.07424e-58 4.06122e-321
1.2158e-172 1.93349 3.17116e-50 3.15214e-321 3.91732e-252 1.32464e-145 1.6414e-132 2.00725 3.68386e-145 5.45737 4.05924e-320 3.5327e-141 0.255519 1.59041e-136
2.6028e-232 1.26481e-321 2.97922e-321 8.20149e-322 4.92583e-321 7.75683e-322 1.30433e-321 9.48606e-322 2.88534e-321 4.61457e-321 9.54535e-321 2.68284e-286 2.76344 3.26083e-321
4.19003e-36 2.44068e-321 7.43075e-321 1.79346e-321 1.10226e-320 1.7737e-321 2.83497e-168 1.9812e-321 8.41394e-321 8.19161e-321 1.06768e-320 1.13011e-31 2.27692e-32 1.12287
1.10644e-93 1.10177e-321 4.27367e-321 8.79437e-322 4.76773e-321 5.58294e-322 1.79346e-321 7.31217e-322 3.52269e-321 3.20649e-321 9.10069e-321 2.55767e-126 0.135315 4.29201e-202
1.10909e-300 4.76773e-321 3.07121 1.70703 5.80455 0.941869 1.79205 2.94463e-321 3.94477 1.07262e-320 10.9596 1.37745e-64 1.01053e-37 0.137932
3.73284e-149 1.15611e-321 1.96502e-313 9.63428e-322 5.76081e-321 7.65802e-322 1.45749e-321 1.0573e-321 4.65904e-321 4.69856e-321 1.13635e-320 0.133667 2.18865e-115 3.01874e-321
1.0918e-53 1.0573e-321 3.84877e-321 9.73309e-322 6.41297e-321 8.94259e-322 1.6897e-321 8.64615e-322 3.76972e-321 4.39224e-321 6.73906e-321 3.58341e-192 0.459236 1.40001e-186
1.43765e-184 1.02766e-321 1.5252e-230 9.33784e-322 5.70646e-321 6.17582e-322 1.79346e-321 7.5098e-322 3.39917e-321 3.92288e-321 6.39815e-321 2.23333e-246 0.300794 8.81413e-321
3.65673e-107 9.33784e-322 6.12444e-317 7.11455e-322 5.86456e-321 4.94066e-322 1.38338e-321 8.49793e-322 2.49503e-321 3.10273e-321 7.96928e-321 1.45053e-90 3.34624 2.63337e-321
4.10074e-322 8.89318e-323 2.76677e-322 6.91692e-323 4.69362e-322 5.43472e-323 1.28457e-322 6.91692e-323 2.47033e-322 2.86558e-322 5.92879e-322 2.77281e-314 2.09548e-115 2.42092e-322
2.24247e-201 4.99006e-322 1.44761e-321 3.85371e-322 2.37152e-321 2.86558e-322 7.01573e-322 3.85371e-322 1.34386e-321 1.77864e-321 3.1966e-321 1.00093e-223 0.11431 1.37844e-321
