2.35099e-83 5.35014e-97 2.43039e-151 1.25496e-77 0.564062 4.34856e-53 1.90927e-135 2.14707e-140 1.45942e-51 6.99276e-90 1.93892e-170 1.33974e-45 3.1173e-158 1.94471e-10 0.00199333 3.49537e-87 3.28169e-106 0.103997 7.75417e-10 3.66117e-40 1.37978e-54 1.72268e-61 0.00752564 3.87764e-14
3.39917e-97 1.06365e-128 5.87678e-18 0.268417 6.56403e-116 4.63363e-85 4.69341e-26 0.0688423 2.28706e-115 2.03553e-59 7.70372e-141 3.23355e-101 4.95862e-183 8.42535e-109 2.06825e-20 1.56442e-92 0.703021 2.37457e-94 2.67337e-106 1.44366e-17 1.73966e-106 0.648481 7.10654e-112 1.12539
6.36912e-09 0.0317609 0.405536 6.42494e-10 3.80997e-147 1.09449e-113 5.08772e-154 6.46673e-170 1.49454e-133 9.21068e-112 2.23505e-162 2.37481e-133 3.42775e-189 1.80198e-139 9.07741e-119 7.26186e-95 9.27107e-107 2.26416e-134 7.12369e-128 3.5768e-141 1.06613e-209 1.77496e-141 3.59724e-92 1.99049e-105
2.66645e-25 3.43691e-173 8.19612e-05 1.23678e-49 1.0805e-66 1.92981e-41 0.221643 1.44694e-81 3.25376e-93 6.21335e-99 3.39505e-08 6.34555e-82 6.37792e-124 2.26814e-131 1.06927e-114 0.138815 2.87258e-90 2.69135e-109 1.41914e-73 1.85356e-47 5.90611e-88 4.18645e-33 0.0607558 5.33767e-18
0.0304552 1.6787e-81 1.97442e-67 3.5328e-112 1.52006e-98 1.13272e-31 9.8108e-33 4.84944e-92 7.7083e-45 4.40299e-102 2.69205e-167 6.25782e-109 3.40126e-52 1.10679e-106 1.0823e-37 7.03829e-49 1.03976e-72 5.43671e-88 6.65506e-60 1.55029e-44 2.00636e-175 0.266506 5.43353e-72 0.345247
3.9418e-38 8.82891e-86 2.17403e-69 2.73282e-10 1.61839e-119 5.40577e-07 6.24976e-145 3.0321e-18 1.04522e-98 2.08009e-27 7.61869e-51 1.00534e-111 2.44808e-142 2.88721e-110 0.0642283 1.88665e-44 3.44678e-26 2.57778e-110 1.74614e-126 0.292312 3.89177e-206 3.84377e-72 5.10982e-34 0.0299056
1.11647e-05 6.09488e-119 1.04067e-88 1.55007e-70 0.335593 1.0967e-120 5.95841e-117 1.89565e-15 0.376714 4.34661e-36 1.08915e-80 1.70276 0.735868 0.590039 5.792e-121 1.26759e-72 1.52685e-58 6.43065e-93 0.525079 3.84085e-44 0.220127 0.207854 2.46617e-98 4.53485e-85
3.46436e-52 5.7697e-102 2.85909e-74 9.3816e-24 9.22883e-140 2.31484e-78 2.38631e-136 1.1427e-124 9.58938e-96 0.0722415 7.94985e-131 1.58818e-112 1.20974e-83 2.87364e-35 1.11179e-100 1.01278e-41 3.8763e-51 1.00813e-108 1.12271e-102 2.87456e-179 1.59497e-65 9.3896e-53 3.43487e-45 1.86652e-76
5.35745e-09 2.48285e-40 3.10668e-145 6.10875e-44 1.14825e-61 0.156714 5.2992e-159 1.83867e-142 1.12124e-64 1.74909e-119 1.51829e-108 6.49831e-55 1.09104e-204 2.02592e-62 0.0834178 0.00353157 2.46666e-46 8.71926e-40 1.84072e-11 6.68287e-102 3.63167e-188 3.99838e-81 0.046797 3.14496e-46
1.71759e-43 1.09691e-59 2.97197e-34 4.2327e-08 1.42076e-111 6.5407e-52 4.8768e-38 5.82525e-141 1.74047e-91 2.77579e-80 0.00246928 1.46903e-122 1.41656e-153 1.63542e-06 3.66375e-62 0.000106605 1.47853e-59 0.458011 4.27261e-60 0.460166 5.99543e-149 3.82126e-35 8.55512e-111 2.28642e-95
2.72783e-32 5.83051e-77 1.20794e-150 4.15047e-33 7.49724e-109 8.49292e-111 6.88638e-76 8.38716e-68 1.86235e-59 0.23086 1.61132e-35 3.07441e-66 1.17419e-129 1.54848e-71 3.00534e-114 1.92599e-68 1.2002e-85 4.4872e-34 3.40647e-84 1.8752e-177 3.82481e-150 1.0553e-67 8.05485e-41 8.8573e-91
3.16556e-23 4.1687e-120 1.31789e-30 4.88491e-28 4.10391e-125 6.55993e-22 3.37577e-151 8.85156e-81 3.283e-137 1.92674e-139 2.43968e-156 8.93757e-67 2.53867e-129 1.85682e-30 2.30096e-36 8.76496e-117 2.76137e-19 2.91271e-93 6.6281e-111 1.1529e-107 6.81487e-124 7.13417e-88 4.72485e-83 0.433322
1.59095e-80 2.25187e-171 1.07649e-47 1.30406e-18 2.65533e-101 7.01096e-65 1.24842e-146 2.45279e-94 4.11763e-52 1.61163e-102 0.0691834 1.23128e-40 3.91122e-147 8.53613e-50 7.50071e-124 5.09028e-61 1.18791e-27 1.32677e-127 6.00263e-149 0.280601 2.40877e-92 3.41154e-36 1.48458e-68 1.33746e-57
1.99033e-29 9.32716e-69 9.71286e-137 1.02935e-97 7.16003e-129 4.48685e-83 5.47633e-115 3.0699e-110 1.26476e-86 2.66396e-39 6.72585e-173 2.94188e-97 5.42881e-123 1.12726e-73 3.71628e-33 5.97212e-115 3.76941e-18 1.36144e-100 6.27396e-95 2.30034e-147 2.74208e-170 6.19714e-71 1.26307e-71 0.113038
