8.94048 0.124514
9.66908e-69 5.00706e-31 2.14059e-43 8.68949e-46 5.96208e-159 3.09591e-116 7.00236e-229 1.8652e-144 1.02282e-70 8.46068e-182 9.55776e-191 1.65184e-96 3.67551e-92 1.15005e-111 0.614653 1.4653e-86 6.37334e-92 2.33123e-158 1.1772e-72 3.08498e-101 1.19564e-321 1.22373e-224 1.68966e-257 1.46735e-239 6.7002e-150 2.45089e-149 3.41685e-207
1.5084e-62 3.25672e-14 0.00529622 8.30295e-27 1.68658e-156 2.35964e-87 6.84043e-281 2.51328e-89 5.65399e-87 1.23151e-160 7.77855e-114 1.22217e-108 7.2979e-59 1.39354e-133 0.0352715 3.58022e-70 4.24911e-104 1.81462e-111 1.62191e-30 5.89548e-98 1.47726e-321 4.61749e-224 4.53523e-249 1.8384e-235 2.48207e-162 1.4485e-136 2.12265e-210
6.85622e-181 6.11151e-25 2.941e-20 3.97683e-112 2.28664e-50 9.39778e-97 2.54557e-225 1.81546e-126 7.73903e-37 1.2762e-19 0.228525 2.45708e-44 2.98634e-33 1.1879e-22 7.93129e-45 7.70277e-32 3.45939e-68 4.5275e-126 1.52129e-57 7.9199e-19 3.11257e-314 3.21623e-178 8.36036e-178 6.1332e-228 3.48185e-132 3.37824e-42 2.24757e-195
2.24762e-114 1.80275e-72 5.97165e-83 1.0502e-103 2.84828e-66 2.71398e-91 4.67672e-151 1.30883e-53 4.36875e-111 6.96103e-128 1.92702e-106 3.9473e-106 0.641238 1.68281e-71 1.20402e-18 1.42973e-16 2.95987e-78 0.509949 3.68384e-70 1.08523e-102 3.79847e-266 4.7711e-221 2.19442e-284 7.10315e-173 8.69811e-178 1.88726e-91 4.74295e-164
5.99511e-66 3.1072e-26 3.33519e-24 1.85902e-39 1.16059e-173 7.76164e-113 4.32023e-219 1.94203e-154 3.89324e-87 6.00719e-195 4.94087e-160 1.05867e-85 2.45007e-109 2.76467e-92 1.13444 3.51033e-73 4.71677e-106 1.25295e-120 7.29899e-95 7.55862e-112 1.15611e-321 4.1291e-228 2.13016e-295 5.12847e-220 9.5562e-190 1.59026e-153 1.39278e-204
2.23884e-131 5.72942e-05 8.23113e-96 6.40944e-22 1.29085e-201 5.2157e-118 8.31102e-202 2.02024e-42 2.22798e-84 6.21914e-120 3.23561e-54 8.31587e-57 2.74346e-21 4.51824e-133 0.155278 4.05274e-128 1.97723e-77 6.95794e-153 0.0976631 2.97662e-123 4.20891e-254 4.44343e-180 1.94487e-270 1.76489e-220 6.77038e-96 3.05381e-83 1.24511e-162
5.15047e-199 1.88897e-32 4.8396e-39 9.49415e-58 8.68316e-126 0.250144 4.12277e-244 0.0313842 0.136994 2.25331e-166 3.07942e-98 0.226691 7.02679e-95 9.04477e-76 0.150168 1.54588e-104 0.180452 2.94358e-85 4.63332e-27 1.81938e-22 1.33299e-320 3.48156e-120 1.53654e-321 1.50212e-208 2.39328e-62 0.18926 1.50264e-75
0.030125 2.40769e-18 1.18939e-50 2.86004e-45 1.71499e-175 3.39302e-111 3.05529e-234 4.86366e-154 9.54371e-97 4.84284e-165 3.5739e-127 1.43223e-93 2.93541e-114 7.66529e-103 5.43368 1.00217e-123 2.91825e-102 4.07533e-136 2.0789e-62 2.03994e-117 3.26133e-316 1.49247e-194 2.58523e-266 3.45457e-240 1.34808e-151 9.65805e-144 2.04634e-185
4.7162e-91 4.5505e-38 2.24928e-39 2.8141e-16 6.30046e-205 1.02534e-101 7.58972e-244 1.19897e-102 3.16199e-61 5.203e-110 2.86082e-195 6.27942e-73 1.11229e-79 2.18656e-116 0.718767 8.11737e-111 1.08311e-121 4.09684e-74 6.42186e-32 4.10512e-135 1.43773e-321 3.09803e-188 3.37373e-319 9.92369e-251 2.38922e-138 8.51564e-150 5.41196e-235
5.93318e-167 6.70138e-185 9.96971e-119 3.47319e-189 4.68544e-191 4.4319e-19 1.4677e-25 0.130651 6.87649e-41 0.280718 3.44693e-139 4.42808e-56 1.16677e-70 0.345624 1.23727e-45 3.42909e-64 1.26011e-45 2.34683e-146 1.50408e-72 9.62887e-57 1.43635e-319 0.344925 1.76136e-85 1.47355e-243 5.3194e-76 2.13068e-37 3.91302e-68
1.15639e-20 3.20915e-20 1.71986e-16 0.0721212 2.27992e-182 8.18497e-122 2.96194e-264 1.3768e-174 2.17841e-104 1.23858e-182 2.68296e-187 2.89214e-95 1.89038e-99 2.79732e-117 8.52039e-44 4.054e-106 7.72248e-124 5.98888e-134 3.637e-78 5.30715e-115 4.59481e-322 1.25516e-228 3.28355e-307 4.84777e-249 2.16897e-185 9.44095e-156 2.28032e-229
2.61562e-28 4.63291e-14 7.01714e-08 5.26586e-16 9.4062e-58 2.37657e-81 9.30912e-262 3.02508e-154 1.02338e-40 2.76175e-112 3.79517e-119 1.3723e-45 1.31903e-32 3.58733e-104 0.970823 5.48293e-100 0.00087841 2.72541e-89 2.21417e-17 1.3609e-103 1.36178e-267 1.31236e-125 6.51924e-196 1.04591e-241 2.88279e-187 4.25018e-159 4.33805e-162
1.16072e-61 1.81897e-23 7.17235e-55 1.15354e-15 4.41468e-181 1.01445e-116 3.63799e-254 4.71204e-149 1.04382e-113 6.65287e-155 6.07037e-162 1.06614e-81 4.26832e-107 1.62349e-113 2.60364 3.26994e-72 5.73781e-147 1.28464e-97 5.11938e-74 4.92101e-133 1.03754e-321 3.7417e-199 4.74303e-322 9.8018e-248 1.29097e-159 2.89919e-160 8.94286e-196
6.95424e-55 0.0982364 2.9546e-111 3.21839e-36 4.30554e-178 1.41506e-110 6.78058e-273 5.94359e-43 3.82969e-110 1.23527e-94 5.54236e-103 1.23955e-43 5.66591e-24 1.50845e-68 0.337346 2.47471e-117 8.95295e-34 5.55795e-135 1.42686e-07 1.86641e-126 2.25294e-321 6.47023e-216 9.43665e-322 7.50179e-196 1.05751e-106 4.37898e-155 1.27876e-227
2.16732e-62 1.82651e-07 0.0418691 0.00342459 1.98235e-173 1.73888e-102 1.16933e-264 7.25398e-131 1.09248e-104 7.1634e-170 1.49631e-193 7.29421e-93 2.11307e-109 1.5577e-125 0.169616 3.71007e-82 1.69796e-140 6.56145e-149 7.03717e-96 3.20755e-123 1.27963e-321 9.26472e-227 3.45507e-318 2.19342e-238 1.23208e-155 3.68676e-140 3.51287e-212
6.93618e-22 8.71332e-40 1.13435e-67 1.46725e-58 1.05246e-130 7.25059e-105 2.32461e-154 4.09317e-129 5.65152e-33 8.65291e-29 3.29609e-136 2.10772e-87 0.866201 1.98877e-63 3.48357e-22 1.61311e-116 6.50041e-27 3.24236e-115 0.0179349 1.10295e-58 6.3663e-280 1.70345e-101 1.29618e-242 4.79574e-202 4.13991e-111 1.6659e-19 4.27527e-115
1.35651e-48 4.89728e-40 9.88311e-35 1.23976e-18 1.85069e-173 1.75353e-99 1.63679e-281 4.89542e-184 4.36407e-73 4.6291e-157 1.76204e-194 8.34262e-81 3.47204e-67 1.40557e-104 0.36522 6.14248e-103 9.0502e-147 4.16988e-102 4.6564e-80 8.22917e-140 1.07706e-321 2.20804e-222 1.15852e-306 6.69684e-232 3.26841e-175 6.4873e-145 5.13331e-184
3.91832e-198 3.12864e-127 1.69798e-240 2.97449e-152 0.351156 1.54445e-73 0.274926 9.87887e-131 3.14058e-16 1.29825e-148 0.0446423 2.97281e-91 5.66495e-58 4.35197e-07 0.352699 0.350237 1.1024e-56 3.64492e-96 1.30679e-89 0.177424 1.36286 1.17111e-222 0.566526 0.436328 0.990387 1.34317e-10 0.882524
