1.20017e-51 7.74106e-110 5.34063e-67 3.24836e-24 1.26417e-80 9.24387e-85 0.0321912 1.56435e-51 2.41983e-96 3.22883e-88 1.91468e-53 1.95202e-12 1.35338e-88 9.3773e-13 5.27563e-45 9.08459e-35 4.41684e-40 0.461019 2.1576e-73
2.36381e-44 2.9285e-79 7.35407e-39 3.52106e-65 6.34111e-39 0.0857207 6.44762e-31 1.28674e-42 3.0957e-96 4.33265e-26 1.33995e-40 2.12598e-36 1.74514e-79 1.70645e-06 2.62565e-16 9.24271e-30 4.77501e-45 1.50297e-55 3.77777e-50
9.78279e-34 3.92626e-53 3.88584e-84 0.0211061 0.00664126 1.33847e-49 2.05002e-08 4.40416e-51 4.40809e-05 9.5561e-70 1.61672e-34 0.00596793 1.08386e-72 5.61118e-05 5.04383e-50 1.96856e-36 6.32414e-54 6.8978e-72 0.391141
5.73646e-15 6.35417e-06 2.77534e-33 0.000166514 0.109769 0.663521 0.0309723 2.5512e-50 5.52243e-94 2.20245e-56 0.557261 1.11429e-58 2.04201e-48 0.0643313 0.115919 6.38078e-22 6.5284e-14 0.00294554 2.78299e-13
4.08277e-102 7.69593e-88 1.98802e-76 0.0341776 1.31304e-23 1.62323 8.94984e-48 4.81784e-71 1.20027e-78 1.30596e-05 1.01299e-57 3.29005e-101 1.32844e-82 5.17491e-29 1.59396e-08 1.13427e-20 1.73978e-35 3.09897e-82 4.34669e-39
2.32259e-81 9.17107e-27 1.44928e-11 7.26604e-44 1.34413e-41 9.77458e-09 1.56055e-29 6.25678e-58 7.2747e-20 1.03583e-30 1.51457e-50 3.35968e-64 8.88645e-50 2.79327e-25 0.0368113 0.00561097 1.18079e-45 1.21811e-66 4.62792e-42
0.0142674 0.0029172 0.00162088 2.14259e-81 2.12756e-88 6.89103e-90 2.7454e-60 1.1367e-78 1.45557e-122 9.32435e-91 4.49702e-58 2.7023e-115 2.50525e-103 3.09451e-53 5.2905e-68 5.43072e-61 6.2338e-64 1.13791e-103 1.29885e-90
0.175763 1.01735e-09 5.33235e-08 2.50317e-59 8.25998e-76 4.55154e-87 7.08776e-38 5.70706e-75 1.67822e-99 3.40481e-68 1.28462e-50 2.08781e-89 2.45411e-99 6.20273e-47 3.3957e-55 2.3315e-54 3.13701e-62 1.55645e-95 9.62982e-83
2.71509e-125 5.55037e-107 1.26794e-37 1.07183e-66 2.68785e-59 6.3425e-12 0.0619869 4.81441e-60 0.0752156 1.36926e-80 8.74425e-41 0.0775877 0.231389 6.30898e-28 8.80563e-31 0.180584 1.08838e-49 2.22988e-99 1.45815e-22
1.17282e-46 1.60704e-69 2.04038e-12 1.59498e-73 5.5281e-49 2.30342e-57 8.4459e-54 0.0923567 1.74366e-45 0.0959005 2.3403e-49 4.81427e-86 2.53611e-28 1.8908e-27 2.84221e-52 4.04013e-16 0.0537089 1.97961e-82 2.99631e-47
