4.26707e-15 9.37434e-150 2.65256e-181 0.228067 8.09774e-321 1.78852e-321 3.10155e-71 1.92192e-321 2.39622e-321 1.52172e-321 3.98744e-287 8.82323e-125 9.38725e-322 8.46334e-321 3.78406e-132 5.58294e-322 1.41521e-49 8.8354e-267 3.98665e-55
4.10001e-273 1.4654e-320 2.36657e-321 2.44179e-185 4.88526e-138 2.71736e-321 1.07047e-201 2.1393e-321 4.38724e-129 3.1719e-321 4.10923e-123 2.78309e-68 2.03061e-321 1.32568e-296 4.31005e-38 0.253896 1.32557e-19 0.328608 0.499891
1.21135e-210 7.60262e-59 1.16795e-75 2.76704e-115 8.96235e-321 2.11954e-321 0.288314 1.29939e-321 3.141e-197 1.24505e-321 8.56566e-155 7.74523e-05 1.45255e-321 1.12696e-320 1.44396e-120 2.46202e-193 2.73019e-193 6.04081e-16 2.10522e-220
5.17903e-268 2.55936e-86 8.63724e-80 0.327104 1.23269e-320 1.24423e-152 0.237683 1.59089e-321 2.65476e-221 2.49503e-321 1.84628e-111 2.30914e-52 1.76381e-321 1.2485e-320 2.57721e-210 3.3873e-81 8.44659e-169 3.31967e-242 4.88242e-32
6.07675e-200 5.46179e-175 3.58983e-144 9.10729e-16 9.51949e-248 1.00219e-280 0.841887 2.03555e-321 6.09823e-317 1.56619e-321 4.50127e-215 1.6669e-154 6.34083e-218 1.22107e-272 1.98651e-133 7.03394e-209 7.87969e-209 1.19902 0.00155651
5.78495e-143 1.569e-61 3.89085e-27 5.63598e-189 8.31512e-321 1.16105e-321 3.37624e-294 8.64615e-322 1.53448e-315 8.44852e-322 7.38688e-283 9.01201e-77 1.02766e-321 5.53848e-321 0.148302 1.06067e-296 4.77899e-145 7.23369e-230 2.24678e-295
2.10106e-228 6.46478e-92 2.22541e-88 1.24949e-61 2.68493e-290 1.83298e-321 4.20093e-216 1.55631e-321 2.63831e-321 1.3488e-321 4.73093e-267 0.360538 1.40809e-321 8.08824e-311 0.163739 1.07394e-243 1.84439e-91 2.27147e-295 1.44575e-208
0.0024504 0.0104935 0.00232494 5.05995e-201 3.45846e-323 9.88131e-324 3.95253e-323 9.88131e-324 9.88131e-324 4.94066e-324 9.88131e-324 2.96439e-323 4.94066e-324 3.95253e-323 3.34092e-216 0 2.74138e-313 1.97626e-323 1.99481e-296
3.74008e-321 1.52419e-320 2.32705e-321 1.95482e-167 5.35373 1.28607 4.40903e-246 1.19507 1.38211 1.05302 0.827114 1.10932 0.700795 5.62099 9.35964e-104 1.11165e-321 0.585599 1.17651e-279 8.07975e-294
7.84049e-228 1.85355e-16 7.97292e-251 5.20221e-174 1.16907e-257 1.99603e-321 6.90407e-238 1.81322e-321 2.5996e-228 1.32904e-321 7.05615e-310 0.0922576 1.09189e-321 8.2756e-321 2.71436e-88 1.90709e-321 3.40438e-256 8.9215e-71 2.52328e-43
