2.95918 0.243383
1.75393e-321 1.18872e-171 8.50388e-59 1.37245e-33 1.0538e-132 2.61102e-29 7.88417e-285 1.29445e-321 3.1335e-161 1.90698e-266 2.05231e-87 1.58101e-321 3.66979e-250 1.86496e-19 0.305269 3.21964e-148 1.5442e-113 1.56886e-85 7.78307e-37 1.31009e-176 2.28133e-280 9.4066e-120 8.18298e-89 8.64348e-59 0.227585
1.19731e-274 2.79977e-123 1.04619e-209 2.42092e-322 3.07225e-198 5.36813e-285 1.94901e-15 7.22256e-141 1.67378e-256 2.87265e-171 1.85859e-141 9.76923e-86 2.76368e-99 8.49927e-179 2.94902e-172 7.43086e-97 2.14259e-39 0.380805 1.02023e-64 0.208103 6.13893e-143 7.78544e-79 9.86339e-12 0.549179 8.09916e-97
5.79783e-213 1.57623e-247 4.55701e-173 8.99672e-178 3.35161e-231 4.14247e-259 2.0834e-38 5.55998e-87 1.09535e-161 2.43034e-96 1.96782e-107 8.56337e-251 1.54829e-269 1.40941e-150 9.3219e-154 1.32065e-147 1.10654e-103 7.93791e-86 7.36408e-313 4.01331e-100 6.4611e-55 0.0871115 9.03893e-42 4.03421e-89 3.57076e-128
2.84218e-17 0.0112605 0.224287 0.00169204 1.34614e-42 4.05294e-15 5.97639e-12 1.06295e-48 6.63524e-21 2.04417e-36 1.63991e-30 0.025935 8.39912e-323 1.82782e-220 1.91778e-180 6.01658e-208 1.15772e-298 2.40768e-234 3.26719e-281 7.87687e-183 2.91499e-322 2.12702e-241 4.76422e-239 3.30804e-223 9.36653e-205
4.19795e-08 3.34418e-260 2.7621e-55 6.17091e-61 3.30033e-211 3.84485e-258 3.98662e-157 1.11987e-294 2.42211e-101 2.86993e-198 3.86374e-215 6.94255e-282 1.73477e-157 0.0979215 6.46098e-106 8.84779e-64 1.63123e-12 4.27181e-203 4.06499e-199 7.71753e-182 2.78214e-97 1.50709e-142 4.35202e-34 5.94415e-86 1.97837e-121
5.45785e-58 8.18104e-241 8.49423e-55 1.42791e-293 1.15617e-164 1.77468e-269 4.45627e-168 2.20386e-110 1.93145e-201 8.49742e-90 3.81775e-83 2.90388e-301 1.12081e-172 2.4856e-127 3.07956e-53 0.587827 1.29586e-11 1.46406e-17 0.490496 7.06108e-32 4.9211e-167 9.81363e-216 1.04205e-217 2.82016e-249 4.48893e-214
4.19134e-230 2.81314e-108 1.59071e-99 2.08868e-158 8.88483e-217 1.82549e-190 1.85603e-140 1.63634e-250 5.71005e-230 3.05587e-158 4.59471e-74 1.82999e-166 3.35808e-248 7.60102e-111 3.44213e-68 1.62525e-179 0.109453 8.17862e-50 1.57482e-185 2.43651e-163 5.98779e-24 0.0536833 9.78355e-264 2.24029e-177 5.79057e-95
7.21139e-162 3.69477e-227 2.30741e-73 7.03485e-85 2.49206e-144 7.06252e-129 2.6935e-143 3.25559e-277 4.83151e-112 2.81575e-72 2.01948e-52 6.99352e-34 1.50145e-102 3.14759e-39 0.519258 1.9402e-126 2.02073e-236 9.77383e-170 1.42637e-298 8.30189e-66 1.63626e-140 7.19025e-123 4.28854e-98 2.7676e-125 6.88751e-232
1.8897e-32 2.51515e-73 1.4766e-192 3.11546e-248 5.49199e-227 1.44477e-177 1.01149e-151 5.86514e-161 1.92258e-45 2.90677e-101 2.91326e-132 2.22938e-234 1.68629e-289 7.4659e-160 0.238842 8.13873e-206 0.0260742 6.76135e-08 4.84621e-08 6.74117e-149 2.83667e-108 3.9984e-54 8.77775e-30 2.79933e-15 5.65508e-125
0.000366327 2.61264e-12 4.6637e-07 0.000769679 0.00282321 2.07124e-09 4.64062e-08 0.00447052 7.32056e-08 0.0854225 0.0156566 0.000207907 1.4822e-323 8.29009e-225 4.48779e-206 1.38598e-219 8.09025e-303 2.17086e-270 2.20349e-310 9.9326e-208 2.34055e-317 3.19356e-240 8.77063e-258 1.53889e-251 3.64401e-229
0.00243845 0.000311398 0.0106185 3.46276e-05 0.015024 0.00516145 0.00077144 1.67916e-05 0.00284948 0.0063433 0.000405816 0.00114288 4.94066e-324 4.13093e-225 1.24832e-213 3.47012e-222 1.35939e-310 1.07164e-274 1.33152e-311 4.57984e-210 9.88131e-324 5.0001e-246 7.81714e-266 2.00414e-259 1.07367e-234
9.0757e-230 8.96445e-240 4.833e-33 5.92581e-197 8.49348e-28 6.62671e-52 4.42415e-88 4.14022e-36 2.58127e-200 8.03648e-206 2.70711e-45 0.000562675 1.08503e-245 5.65623e-177 4.90215e-76 2.70575e-31 2.95169e-71 6.26749e-24 2.37846e-56 0.260429 0.194084 6.94484e-62 4.66797e-134 6.40516e-70 3.47448e-211
4.87559e-270 2.4971e-233 2.65188e-197 6.4311e-291 8.35959e-321 8.03157e-268 1.11196e-143 1.08694e-321 4.41994e-312 1.98997e-129 3.37223e-163 1.72923e-321 0.145308 3.22103e-176 6.80862e-16 0.392191 5.90416e-276 5.73975e-45 1.14616e-281 3.36608e-39 3.77181e-166 1.53419e-73 1.29102 1.03001e-61 8.79556e-146
3.13648e-06 2.65815e-47 1.03024e-17 4.15921e-08 8.25984e-37 1.40903e-61 1.58723e-49 1.31275e-75 0.059422 0.15403 1.67046e-10 2.98613e-25 1.03885e-290 2.41427e-169 3.9987e-209 4.62776e-171 7.3524e-239 6.32763e-217 3.67622e-235 2.61744e-172 2.65311e-308 4.23366e-207 3.26344e-223 1.58409e-257 2.24839e-211
0.000278994 4.8556e-180 3.55735e-133 3.21973e-106 1.97322e-70 1.56099e-115 8.29336e-80 6.13615e-40 1.54262e-108 1.77114e-119 1.54244e-197 4.19054e-43 5.2371e-322 1.40987e-191 1.23984 1.43414e-93 9.27472e-250 9.11038e-179 1.20565e-204 8.36001e-91 1.92451e-86 1.68389e-148 1.5721e-246 9.38878e-207 1.01304e-88
1.58595e-321 6.03876e-45 1.93611e-186 1.01164e-110 1.04937e-108 1.19037e-198 2.57881e-200 1.082e-321 2.08409e-219 8.26647e-123 6.673e-147 8.5672e-110 0.01235 0.288082 1.04533 6.0525e-91 5.55856e-60 4.41565e-210 2.89075e-291 1.4614e-176 6.75708e-38 2.45934e-56 4.58978e-135 2.1628e-183 2.01061e-187
2.61589e-227 3.14392e-54 2.66267e-176 1.38393e-33 1.20383e-311 3.53593e-250 5.69937e-110 4.27308e-178 2.27264e-119 2.61848e-176 3.72812e-142 2.24859e-241 1.99428e-169 8.9629e-162 0.845815 1.30354e-177 2.44745e-237 5.33055e-16 2.66852e-162 1.61696e-123 8.81497e-172 7.86802e-57 5.58529e-65 6.41485e-233 3.91916e-224
