2.43548 0.157884
4.56794e-57 1.63293e-71 7.8095e-45 3.12483e-49 5.28875e-177 4.56896e-95 4.43654e-192 6.98831e-55 9.55924e-80 2.15311e-76 2.46082e-185 0.153334 4.39733e-73 1.1313e-48 9.38388e-72
1.32994e-125 2.89014e-86 7.15001e-122 4.41814e-119 1.3574e-77 2.09274e-144 2.89094e-70 1.22062e-66 2.90125e-45 5.90152e-58 6.96241e-180 4.4762e-113 1.8373e-124 0.158913 5.48212e-162
4.01454e-101 1.40498e-104 9.47957e-90 9.16878e-117 6.28041e-78 8.60358e-67 1.00363e-140 2.77867e-92 1.06901e-19 4.92992e-87 1.19248e-109 1.23988e-71 4.85698e-59 0.426248 3.45497e-152
0.109854 3.97757e-107 3.39773e-88 1.30477e-58 0.330379 2.46822e-66 4.13698e-192 0.241921 5.16987e-90 5.17515e-130 2.5228e-52 5.43712e-58 1.01137e-16 3.25187e-46 8.58749e-145
4.7788e-109 1.50198e-92 1.32986e-131 5.8972e-84 1.15829e-114 2.28314e-135 3.83321e-130 6.12852e-58 4.72531e-88 9.70206e-46 5.19488e-156 8.68769e-56 9.22413e-60 0.151811 7.67867e-67
1.20154e-146 2.14172e-11 0.000165306 0.242137 9.14505e-170 0.206829 2.44176e-134 8.07475e-152 4.35516e-50 2.48081e-111 0.552933 1.26898e-43 5.14117e-149 5.21585e-18 9.58166e-34
4.63077e-103 7.70543e-06 5.08128e-80 7.55044e-91 1.01143e-114 0.101083 0.42694 4.94679e-78 6.76624e-44 6.56228e-108 2.10538e-118 1.26259e-55 0.591052 0.0567505 1.31357e-107
3.63844e-116 9.25492e-68 1.1959e-49 1.7428e-114 1.09355e-165 3.0219e-40 9.17277e-137 0.0224068 3.26849e-26 7.84558e-109 1.54435e-199 9.13921e-130 7.23699e-74 3.45438e-27 3.95086e-67
1.52562e-70 3.92429e-109 2.429e-25 5.90949e-27 0.52408 9.78326e-22 6.5635e-157 2.73452e-80 0.0624303 5.60472e-103 9.52655e-151 1.19904e-24 6.48809e-157 7.50104e-44 1.72007e-139
5.23442e-12 0.044643 5.57413e-109 3.11023e-60 2.72137e-100 8.81565e-123 7.99008e-105 3.33099e-143 0.107948 5.43076e-122 5.42251e-33 7.44703e-13 3.3289e-115 2.86228e-75 4.7736e-176
3.02873e-61 7.6148e-52 4.70177e-158 1.78188e-75 0.074268 2.58545e-38 6.21079e-112 5.06088e-95 1.96846e-82 0.11153 5.4889e-156 1.7719e-05 3.43941e-104 3.74449e-21 4.79192e-09
0.0219876 4.87175e-106 7.44245e-60 1.21357e-76 5.38669e-80 1.19412e-128 1.54715e-114 3.34723e-78 8.23297e-32 1.95614e-43 1.55307e-65 1.24435e-06 4.0529e-149 3.5157e-39 0.000502993
3.96531e-77 6.23801e-29 1.16121e-111 1.91568e-138 5.2175e-11 5.82526e-78 1.4693e-89 1.16722e-90 0.25387 1.16663e-103 1.16026e-69 1.0915e-51 2.63943e-152 1.03597e-42 0.0336091
2.69371e-135 6.72649e-45 3.3291e-151 1.19592e-106 2.71183e-152 4.88171e-28 1.43668e-173 3.56218e-69 1.01105e-89 1.08882e-71 8.44339e-181 1.13374e-68 8.35009e-108 0.00231503 7.7425e-41
9.46006e-158 5.6107e-100 4.6458e-148 1.42899e-14 3.1162e-136 1.33586e-143 9.831e-166 7.99204e-53 1.04662e-76 1.9472e-50 5.3165e-106 9.05666e-104 3.81653e-29 4.54914e-71 0.158721
5.04457e-176 8.4865e-82 8.74285e-52 1.72848e-115 8.98679e-28 6.20659e-59 3.05781e-80 9.27586e-17 7.57774e-66 6.16896e-51 5.2127e-137 0.407666 2.79029e-107 3.42867e-76 5.52492e-68
1.32285e-68 1.10754e-40 0.15139 1.92701e-61 6.03979e-10 1.9169e-88 1.31851e-53 3.95265e-93 5.12263e-82 1.58361e-83 3.40936e-190 2.16934e-112 2.02928e-35 2.18327e-90 0.27903
3.97902e-32 2.15256e-98 2.45285e-60 3.19586e-43 8.59393e-84 3.87255e-20 2.19849e-127 5.57894e-44 4.73515e-29 0.0342612 3.1087e-86 2.16235e-34 4.1716e-136 3.96672e-33 2.11113e-74
