7.92885e-156 4.94247e-111 1.30525e-141 0.0613502 4.41046e-71 5.36476e-125 1.20029e-102 6.37069e-85 1.84857e-11 1.26135e-33 8.38104e-17 0.445994 5.30658e-70 2.19981e-75
9.73085e-38 0.258348 0.37055 1.38154e-48 2.82413e-86 5.55502e-60 1.80832e-56 4.62421e-80 1.65016e-98 3.40786e-109 0.123748 1.69385e-93 3.76253e-76 7.46783e-51
1.35776e-176 6.1191e-82 2.4019e-32 1.8342e-80 6.47061e-93 4.6064e-120 4.1599e-142 0.162408 1.26253e-52 9.72432e-30 1.02944e-71 1.78251e-107 1.20513e-68 3.27118e-94
1.52444e-100 1.6405e-49 1.57667e-103 1.93014e-05 4.38782e-80 4.01741e-77 9.80481e-32 0.0308523 6.36497e-61 5.16646e-35 6.13233e-84 3.76689e-42 1.23116e-66 0.0649635
3.30718e-185 1.49732e-17 2.03326e-124 1.05067e-63 1.1942e-86 2.24271e-47 1.80973e-48 2.71869e-06 4.02745e-119 4.00461e-22 0.224891 2.78248e-84 2.34491e-97 3.12474e-56
0.0800423 2.00604e-119 2.84375e-78 0.258215 7.73833e-77 6.94888e-66 1.65671e-56 1.24242e-38 4.09876e-108 1.02361e-82 4.85439e-83 1.94287e-44 5.59071e-11 7.34732e-66
8.60274e-183 1.44751e-78 2.19099e-118 2.53338e-53 5.21427e-45 2.20761e-29 1.00183e-35 5.73332e-42 1.24061e-80 4.67027e-22 0.279676 2.71539e-114 1.57283e-108 2.56927e-133
1.93531e-179 8.31659e-11 2.09853e-56 1.08382e-94 1.00436e-22 1.75621e-78 1.73983e-42 9.57624e-64 0.188671 1.8656e-49 1.03011e-17 9.98272e-102 0.148624 1.06507e-153
4.36481e-198 3.56482e-33 0.000190884 9.57333e-161 0.274182 3.00417e-39 8.21555e-59 2.0906e-70 1.32286e-91 0.0183439 6.26505e-33 0.0341918 9.59164e-92 1.28232e-149
5.35249e-212 1.60664e-18 2.05731e-11 6.03608e-67 1.71053e-12 9.09822e-42 0.112297 0.0351361 3.40646e-120 0.176407 3.25504e-57 9.45028e-16 1.12391e-54 6.85461e-82
5.15187e-220 1.95684e-55 0.137693 2.92994e-159 3.23824e-23 0.157972 7.39395e-91 9.58098e-36 0.04038 2.79083e-24 1.69572e-37 4.55599e-97 0.000495533 2.0404e-115
