1.98614e-321 3.03945e-40 0.138411 2.31922e-116 1.40521e-39 2.15616e-56 1.66289e-34 0.302036 0.191186 6.96755e-137 1.07898e-175 1.12189e-06 8.105e-63 3.75716e-34
1.06224e-321 8.39757e-189 1.10993e-133 4.85983e-95 0.0579208 2.52916e-104 1.00195e-176 3.57205e-43 3.58338e-213 3.53758e-131 2.14226e-152 1.12874e-118 1.44548e-78 8.98472e-157
1.09948e-121 1.34543e-12 8.42223e-44 3.32355e-77 6.90504e-72 1.69895e-48 0.519597 1.95809e-89 1.58847e-199 4.77523e-103 1.89992e-46 1.70823e-90 0.429589 1.69465e-34
1.082e-321 4.1593e-186 4.12557e-214 3.16868e-133 0.0807754 9.12887e-132 1.79238e-81 1.48403e-75 4.10889e-129 9.35084e-132 4.92147e-184 1.31164e-58 1.04878e-100 1.52206e-95
1.70453e-321 1.67736e-51 0.0184233 4.08284e-27 2.06628e-98 0.0521615 3.89545e-112 1.34982e-62 2.16284e-16 1.036e-126 0.752077 0.761625 1.8537e-156 1.30747e-19
5.27421e-90 0.176767 4.95504e-138 1.30406e-20 2.23506e-95 7.31053e-35 0.768376 5.42221e-30 2.25388e-57 0.0744585 6.03781e-158 1.67227e-92 2.1041e-145 0.257284
1.44308e-234 8.92285e-92 8.76002e-70 4.4405e-70 4.74127e-41 2.23081e-81 3.02158e-95 4.87158e-05 1.18534e-215 0.110188 2.36287e-122 2.12284e-41 3.79429e-138 1.39333e-108
4.59075e-304 5.78426e-70 2.68777e-181 3.06474e-12 9.0377e-104 3.14612e-29 4.69715e-93 2.78571e-108 0.120518 1.67832e-32 2.86992e-184 1.38856e-96 6.5666e-55 3.17567e-154
0.602117 1.14699e-131 3.70097e-54 1.77639e-31 3.74466e-48 1.82623e-100 4.23851e-88 7.92324e-79 2.04377e-109 1.04312e-179 5.91709e-58 0.224454 3.18915e-113 1.41936e-192
3.2735e-211 2.5203e-104 8.26839e-107 3.79249e-40 0.0422947 1.16164e-44 2.72126e-88 1.7493e-44 1.11619e-72 8.04426e-56 2.13744e-170 1.45198e-63 4.68775e-161 4.55446e-123
2.46779e-208 1.10402e-117 1.3796e-24 0.213825 2.09971e-41 2.42766e-164 1.82219e-41 7.62311e-101 0.211631 6.77896e-183 0.0539326 4.82222e-07 5.5536e-37 1.16494e-16
