5.2688e-28 5.31414e-52 0.00103882 1.92721e-27 3.01377e-61 1.37743e-11 0.113262 4.2115e-11 0.315108 0.0255397 0.0459161 4.10218e-13 1.64864e-15 0.167853 9.96437e-30 0.428103
0.0210701 1.19205e-14 3.16877e-31 1.3597e-22 8.54903e-27 1.917 3.62088e-46 5.62277e-43 3.78224e-49 3.10207e-28 2.35013e-24 6.64748e-30 5.40726e-38 2.50466e-30 4.07301e-19 5.94542e-19
2.01933e-35 0.00162137 4.80932e-55 8.97638e-28 6.43095e-16 9.44654e-10 2.40578e-08 3.89269e-42 1.50546e-39 2.0371e-46 3.62468e-27 2.97234e-48 0.0555743 1.05251e-07 2.13202e-29 0.0524311
3.93744e-31 5.45389e-09 1.47788e-42 9.75639e-20 4.68058e-23 0.243837 4.40753e-16 2.18623e-28 1.33437e-14 3.55098e-09 0.000795398 0.0409804 2.07e-37 9.71832e-27 0.0771878 9.20434e-36
1.33911e-21 3.5639e-21 2.17865e-15 8.32331e-22 2.60562e-08 3.30466e-13 1.9467e-35 0.0437619 5.72883e-24 3.62771e-41 1.10254e-15 2.76483e-29 4.13541e-31 2.90771e-20 1.75833e-23 2.85001e-15
3.14078e-40 1.36887e-13 4.49341e-28 7.52321e-09 1.48705e-42 0.612813 2.07165e-40 7.05391e-22 1.20359e-53 5.36616e-22 4.88781e-10 6.12842e-39 4.42813e-43 1.17756e-41 1.24127e-09 2.74844e-07
2.27792e-43 2.25931e-34 4.57241e-24 8.28285e-25 2.93504e-43 3.57927e-16 4.3302e-13 3.32465e-05 3.07371e-18 4.28475e-39 1.82053e-17 3.35909e-46 3.06978e-31 4.13916e-07 4.10374e-34 0.274738
2.78151e-22 1.43578e-18 2.31487e-43 2.50745e-25 2.8514e-41 2.94445e-19 1.96265e-35 0.717173 2.82989e-29 4.56322e-38 1.41874e-10 4.69292e-32 2.08066e-34 5.90852e-37 2.88002e-32 5.66651e-19
3.50918e-28 1.44803e-35 1.23895e-52 5.55692e-27 3.19958e-29 0.302913 2.75478e-21 2.33952e-23 1.99378e-56 4.49722e-20 1.24798e-33 4.7657e-49 1.47166e-06 3.40472e-06 5.31553e-30 4.4425e-07
0.00110272 0.000452491 0.00103723 0.0019252 0.000517965 2.41941e-25 1.07861e-52 3.45655e-45 3.29692e-62 2.35684e-51 1.11758e-39 1.02993e-59 1.36526e-47 3.17801e-46 4.65124e-53 1.74347e-40
