1.66951e-82 4.5951e-43 6.28532e-21 1.84749e-81 1.36821e-18 1.08003e-28 1.3058e-95 2.91452e-57 1.35364e-70 1.69168e-65 4.86405e-57 1.29683e-134 1.55301e-169 1.54914e-186 0.0917132 8.05634e-75 4.02685e-24 1.60753e-95 7.25783e-38 2.65637e-104 7.08778e-185 5.20435e-150 7.62851e-216
6.06639e-153 2.09752e-27 1.57234e-107 1.38338e-321 9.15474e-124 7.95241e-34 1.05539e-100 1.52352e-252 2.83562e-270 6.96268e-212 2.20409e-171 3.37001e-10 0.21549 2.45213e-101 1.70188e-31 2.36922e-48 2.55746e-23 0.458365 1.17371e-125 0.253257 0.472667 1.01491 0.185914
7.50309e-06 8.12453e-109 5.8778e-57 3.00322e-25 6.48266e-91 1.4291e-120 1.72478e-111 7.0602e-91 8.98434e-118 3.07221e-139 1.99202e-198 0.191118 3.82366e-112 3.37973e-181 9.85733e-25 1.88778e-79 1.7858e-15 7.61587e-25 0.0801045 6.95804e-171 3.94093e-179 2.79901e-110 1.57388e-260
9.20564e-116 1.37669e-21 1.11482e-16 0.000198794 2.23101e-12 6.96454e-99 3.44432e-12 2.35696e-100 4.19e-53 1.132e-40 5.39813e-91 1.33516e-31 2.00937e-148 5.02683e-179 0.493224 0.167199 0.34185 5.63791e-55 1.01634e-18 6.42608e-73 2.37241e-216 5.4665e-77 3.34465e-136
2.29961e-115 1.37887e-24 2.76237e-115 1.45967e-156 5.62053e-134 1.45e-24 6.77379e-46 9.72851e-24 4.27053e-136 8.89863e-33 1.97714e-09 1.11019e-105 2.63892e-89 2.1196e-132 2.44248e-62 3.05085e-125 0.124979 2.39889e-25 2.01991e-88 3.03412e-32 4.73872e-152 6.47885e-144 1.90481e-238
8.39709e-156 8.74779e-89 1.08296e-23 1.94273e-210 3.35745e-108 2.99745e-73 1.12964e-56 4.40663e-128 7.75779e-196 1.39043e-143 4.59986e-27 9.55447e-125 1.00157e-68 3.34888e-277 0.000438844 3.43397e-119 8.22861e-50 4.8827e-102 0.147207 3.27128e-123 6.63825e-239 6.91054e-110 6.889e-232
0.0058243 5.68815e-06 0.000604957 0.00846697 0.00143221 6.50394e-09 2.03282e-06 0.00585344 0.00673428 0.00300406 0.000351684 9.53681e-150 1.08813e-209 1.48682e-273 1.47988e-64 7.56585e-159 5.63023e-50 6.8241e-113 9.43326e-130 5.704e-183 4.58715e-287 2.52721e-164 6.38543e-292
7.00217e-46 0.0541588 4.9036e-29 1.59372e-88 6.28775e-16 0.240177 7.43082e-52 2.27007e-05 9.29637e-12 0.00253459 5.82628e-29 1.86772e-135 2.43272e-214 4.04799e-171 0.252428 2.4346e-75 1.63815e-49 1.02667e-92 4.18253e-49 1.66352e-126 5.22847e-254 1.81163e-89 1.03632e-256
2.18203e-50 8.34181e-43 1.51612e-78 3.86311e-15 2.74474e-95 1.02824e-41 3.04272e-57 5.82339e-34 1.86315e-30 6.78633e-71 9.18189e-102 5.27208e-104 7.39534e-167 9.71149e-212 1.80831 1.17104e-134 0.20454 3.89893e-113 1.4461e-116 1.1218e-123 3.59512e-222 1.45063e-150 1.12659e-232
1.70298e-63 0.133155 4.23741e-50 4.81039e-30 2.6493e-09 2.79264e-05 2.55437e-06 1.51993e-23 3.81059e-82 7.35417e-46 2.56011e-94 1.01372e-115 3.47112e-213 4.31801e-270 0.565429 5.94419e-125 3.14662e-14 1.23438e-109 8.68306e-115 8.26711e-140 1.08998e-236 1.11319e-124 4.63898e-267
8.01878e-40 0.185009 1.73951e-09 1.94351e-38 1.17938e-31 1.08549e-11 4.34703e-07 0.000139397 5.95642e-24 1.36106e-33 0.0472014 8.51411e-140 6.83498e-206 3.18776e-267 1.17584e-48 1.07797e-159 4.09373e-42 2.07941e-106 6.55064e-98 1.86316e-183 1.62547e-260 1.47335e-143 2.19572e-276
1.04817e-05 2.4175e-05 0.0271508 3.15677e-10 1.3185e-05 3.43498e-07 0.00192396 0.00649281 0.000171895 2.14043e-07 0.000121127 1.04516e-150 2.3283e-212 1.95092e-272 2.7163e-63 1.22843e-158 1.11731e-46 9.1783e-111 2.03616e-130 3.56477e-179 1.52526e-285 1.20167e-165 2.41129e-291
5.94955e-143 1.63541e-20 1.47787e-46 7.77806e-235 1.12945e-108 6.1319e-119 1.15245e-148 1.36826e-97 2.23368e-312 7.57498e-230 5.46642e-88 6.8659e-51 6.92649e-185 0.258041 1.9587e-22 8.70475e-13 0.247217 1.03036e-84 8.64393e-19 5.05113e-180 3.61578e-87 8.66958e-153 8.46222e-08
