0.000403399 0.000111142 0.00379817 0.00373641 0.00168735 0.000668752 0.000902266 0.000797519 0.00183803 0.00136966 0.00110755 1.00293e-99 1.93806e-113 4.6471e-79 3.06393e-167 9.60351e-89 1.01922e-146 4.89026e-73 1.21019e-172 8.05598e-130 5.71428e-140 7.38688e-175 7.38151e-122
1.24563e-128 6.29878e-102 1.46113e-142 1.47912e-161 2.12071e-171 8.71038e-81 3.06786e-161 5.6787e-47 2.74221e-146 6.65767e-126 8.01793e-94 0.0228787 1.56845e-62 0.341862 0.266088 1.34186e-77 5.41577e-121 4.39156e-37 0.603341 5.01664e-19 7.89494e-106 1.10163e-80 7.29723e-71
3.13522e-157 1.55574e-71 3.78247e-06 2.11797e-38 2.52784e-47 3.00428e-32 4.71818e-24 7.83273e-12 2.65923e-91 7.86813e-09 8.74669e-40 1.24893e-16 0.157646 4.95542e-31 1.87159e-99 1.32651e-10 2.00578e-100 6.57203e-39 5.76067e-46 7.11743e-109 1.09027e-17 4.79014e-31 0.129269
8.32443e-15 0.00829775 2.37601e-12 4.15624e-10 0.000113695 2.00829e-07 1.25821e-12 0.00790492 0.123235 1.83054e-06 0.000267888 5.19889e-99 8.66294e-106 1.91724e-74 3.4748e-163 1.48696e-86 2.09713e-134 5.43667e-68 1.20718e-162 4.85521e-117 9.01852e-139 3.35756e-164 7.55588e-115
7.70759e-96 3.60501e-62 2.83286e-35 0.00927003 2.55322e-21 1.21652e-08 7.48027e-49 4.51568e-14 4.06429e-84 1.18169e-16 2.26602e-93 0.265853 6.38353e-50 9.19455e-14 1.42323e-149 1.01967e-51 2.36931e-11 1.0038e-20 3.78205e-145 1.15706e-61 3.23294e-56 2.25317e-52 1.29363e-86
3.61597e-46 2.30325e-96 2.65154e-21 2.53994e-115 1.89295e-93 1.0938e-15 1.05179e-66 9.28571e-40 3.30775e-63 9.27082e-58 4.32741e-85 0.635573 8.63557e-53 8.87538e-47 1.47463e-128 9.22366e-72 8.74638e-72 1.18333e-05 4.15104e-107 6.73663e-128 8.11238e-104 2.01929e-169 5.77784e-43
5.46643e-112 6.71119e-45 7.36666e-08 7.81625e-131 6.6536e-23 1.10162e-88 0.000244942 3.92891e-63 1.33963e-31 7.61555e-40 1.76575e-109 2.13019e-34 3.65956e-56 0.243051 7.25565e-133 0.0296334 8.32916e-55 6.42223e-54 6.96735e-61 3.03265e-74 0.0214536 3.02549e-83 4.50365e-18
6.97964e-194 1.92916e-61 9.83492e-75 3.50892e-182 3.84421e-92 4.63906e-23 3.29456e-152 1.58588e-62 3.27311e-26 2.06031e-72 2.28249e-115 1.89222e-32 4.4826e-70 8.46353e-63 1.05777e-65 1.3415e-44 0.0433209 2.43161e-21 1.58594e-119 1.63681e-92 1.22937e-71 0.110238 1.26405e-78
1.80315e-73 5.70537e-61 4.19516e-21 3.42233e-125 3.72975e-133 2.03895e-07 0.0468623 2.2311e-100 3.34068e-57 6.6376e-79 6.97324e-93 2.4063e-82 2.07896e-90 3.77632e-11 3.23486e-110 4.87432e-51 0.0599602 1.84148e-68 2.59075e-91 7.55768e-69 5.84478e-108 6.62421e-35 0.0409759
6.55521e-05 8.52575e-09 0.00426118 2.29756e-10 8.55663e-06 0.00146902 0.00947202 2.41528e-07 0.0114167 8.29459e-06 1.71867e-06 1.90087e-91 3.91458e-107 4.92748e-77 4.2608e-165 4.03085e-81 1.29371e-140 5.32049e-66 3.55435e-167 1.5283e-119 1.22981e-130 1.94514e-168 2.57127e-121
1.90912e-96 3.17879e-93 5.31238e-34 3.15914e-110 1.74542e-120 1.53237e-40 3.23358e-68 2.26626e-20 1.12169e-53 2.8776e-63 3.86733e-51 0.00570081 2.23514e-14 0.00189595 5.52142e-125 0.126737 3.10177e-100 3.59167e-31 1.4703e-82 8.51478e-44 3.7678e-92 3.36546e-97 5.18294e-72
9.34226e-116 2.58158e-51 4.54067e-110 4.13876e-14 6.29873e-138 5.25268e-86 1.69228e-141 2.39807e-43 5.49506e-97 5.90777e-20 1.77056e-77 0.235556 2.10972e-69 1.99366e-44 1.75046e-160 2.45596e-06 7.65069e-134 6.14692e-62 1.58542e-42 1.76718e-58 9.0295e-17 5.0192e-122 8.85205e-112
1.0496e-24 4.02417e-64 1.46654e-58 5.98998e-72 3.28625e-118 5.88844e-71 1.84516e-24 4.49384e-62 9.07847e-119 4.16083e-99 3.14261e-11 1.90341e-78 8.93697e-86 4.67132e-69 4.4008e-89 3.45076e-87 8.65081e-39 0.116565 7.9583e-124 0.140285 3.46191e-116 6.23582e-151 8.01758e-96
