7.08793e-65 8.2923e-29 1.37016e-45 7.668e-05 2.05408e-27 1.26232e-72 0.240196 9.61526e-39 2.59641e-45 7.88882e-91 3.1251e-34 0.0146762 0.249123 0.00515126 0.10407 4.76829e-62 1.25829e-71 0.0325929 1.15433e-53 2.1372e-62 1.0094e-92 6.58098e-37 0.578453 5.00807e-35 1.78937 3.56763e-54 7.33806e-13 1.79182e-15 1.99515e-17 3.07753e-05
1.93179e-63 7.14283e-36 9.42838e-15 8.72242e-61 7.20856e-12 1.40763e-25 5.65776e-71 1.60786e-61 2.58078e-18 4.93862e-103 0.103728 2.43939e-69 1.16971e-40 9.13025e-109 4.05751e-07 0.0367952 0.0723701 5.76598e-62 2.80525e-67 1.96373e-59 3.15321e-112 1.30081e-59 6.70418e-15 1.0244e-76 4.52229e-31 1.03954e-118 0.119549 4.7798e-42 1.35481e-26 1.67208e-115
2.94348e-96 0.00218619 1.07957e-54 1.14262e-23 0.242568 1.25736e-17 2.87785e-06 1.04043e-64 1.10977e-43 1.75097e-120 0.218293 0.707576 1.26824e-21 4.20123e-74 5.75864e-20 3.82722e-07 9.89975e-64 4.54528e-61 0.0350518 1.51791e-65 2.561e-77 1.43923e-31 1.01795e-46 4.30444e-113 3.89271e-38 7.18596e-120 5.0038e-24 9.33466e-56 2.69589e-32 1.47662e-54
6.14887e-64 0.0585454 1.18005e-69 1.5784e-93 4.26844e-46 0.0335401 2.00451e-93 1.1152e-87 2.07953e-08 1.15909e-71 3.41847e-20 1.48811e-33 5.70974e-05 0.55769 1.0885e-53 6.20353e-67 0.0520046 3.96151e-57 1.96932e-61 0.108803 1.99345e-26 0.000168121 1.14137e-98 0.000165319 3.32423e-27 0.103339 1.02326e-53 4.13193e-21 3.51768e-10 6.58811e-88
4.73515e-66 1.47594e-28 0.0190333 1.29731e-30 6.2105e-11 3.217e-73 1.20993e-48 2.53398e-61 6.45194e-41 0.104359 9.48662e-53 1.88243e-19 3.55936e-67 1.07195e-114 1.59431e-23 9.98354e-38 1.12907e-29 0.00308993 3.18554e-27 2.21257e-37 1.04914e-48 0.0686754 1.22452e-25 0.0376081 3.35981e-56 3.35382e-112 3.46591e-22 1.6878e-52 5.78781e-44 0.0347207
5.59634e-53 1.77193e-18 2.52795e-13 0.040668 9.23545e-07 9.85411e-57 0.00130983 3.7824e-74 1.18327e-48 2.25603e-28 5.81913e-08 0.00011121 5.765e-95 6.42076e-45 1.1573e-38 5.62062e-08 5.18659e-78 2.89285e-12 2.73828e-24 3.03613e-12 1.24549 2.12185e-33 1.99798e-47 0.0549514 0.00567061 3.23546e-57 0.153853 0.0983044 4.78957e-136 6.8254e-46
2.1261e-34 1.95046e-60 3.61968e-17 7.36028e-68 2.41202e-21 2.44904e-89 5.33693e-68 0.0804636 3.32818e-68 4.98418e-94 7.98941e-54 5.66695e-67 3.19887e-46 3.17059e-109 1.43311e-07 0.000134384 5.20301e-59 7.16816e-10 0.0252872 6.40538e-37 1.64732e-116 7.22987e-47 2.54447e-77 3.79998e-51 1.04101e-16 4.30322e-46 7.5022e-68 1.28407e-55 7.79711e-141 3.37018e-40
0.154808 3.72177e-35 2.60613e-42 3.2782e-58 1.00782e-73 4.70726e-52 1.85514e-115 4.65079e-42 9.0313e-27 5.70513e-109 1.58099e-31 6.07665e-51 1.6051e-15 4.73573e-33 1.21344e-30 2.59415e-05 2.20679e-20 5.08261e-12 2.93693e-32 2.57114e-43 2.35691e-64 1.00033e-47 0.0751084 4.51119e-38 1.03136e-63 2.00805e-38 3.96435e-61 9.69034e-35 0.0450879 6.46744e-90
1.06653e-56 1.48787e-66 3.92841e-71 2.20959e-19 1.06763e-35 4.18192e-62 3.29127e-98 1.74951e-72 0.0571441 3.46798e-29 3.96744e-69 2.76307e-35 1.48571e-34 1.49001e-124 8.94501e-31 2.17835e-56 2.30948e-84 0.00445396 3.62635e-15 7.27097e-85 4.11876e-60 0.000134606 5.98364e-75 1.65754e-14 1.60809e-17 4.86532e-66 1.88526e-62 9.95427e-32 2.34212e-77 2.9078e-86
1.20152e-81 2.66974e-47 3.40753e-63 4.44279e-105 7.53303e-65 7.71258e-101 2.3552e-119 8.9906e-17 2.42555e-67 1.56686e-109 5.04079e-59 4.07586e-31 1.8952e-36 3.34351e-95 5.3021e-16 2.69308e-31 5.67525e-67 0.0537546 0.258033 6.41681e-70 3.02047e-118 1.31546e-40 1.72076e-58 1.25482e-66 2.94075e-57 1.78827e-39 3.32745e-61 1.41988e-07 1.75125e-115 1.44101e-31
