0.269398 8.3233e-75 4.07957e-32 1.06213e-142 3.9694e-100 3.05557e-43 8.81826e-44 3.26689e-58 1.07041e-108 0.58704 0.000784296 8.30379e-84 2.3309e-257 1.39744e-146 1.40125e-100 2.04161e-231 3.15712 5.54136e-106 5.44814e-102 8.823e-15
1.35777e-84 3.0876e-119 0.0542472 1.07309e-206 4.30661e-124 2.83937e-91 3.57401e-42 4.31812e-76 2.53353e-83 3.24369e-118 3.26662e-78 8.42591e-117 4.3086e-205 2.5761e-228 1.46071e-93 5.61702e-225 4.43867e-52 2.69385e-93 4.02838e-81 8.65242e-113
1.05487e-75 3.65832e-98 0.308054 9.14968e-191 1.12399e-120 2.29575e-123 4.25488e-56 1.61445e-137 4.2392e-54 5.25099e-120 3.78195e-55 2.94007e-64 6.91371e-199 1.12173e-176 2.2937e-94 1.59762e-207 1.22229e-55 9.82662e-47 1.63273e-35 6.89676e-32
3.31178e-102 8.05229e-21 0.0692974 1.54909e-145 7.71388e-84 9.72012e-122 0.215306 4.70349e-135 2.45763e-109 1.93677e-49 1.06547e-80 1.25227e-41 8.68615e-217 4.18981e-271 2.02053e-52 3.17666e-287 1.78575e-98 3.35484e-34 2.45847e-69 2.78031e-73
8.90394e-81 3.76845e-15 1.89792e-48 7.12117e-136 1.20466e-61 1.2371e-71 0.0968355 1.20283e-152 1.48179e-72 2.97873e-153 1.80238e-77 3.19991e-155 9.30355e-167 1.7327e-166 6.9589e-130 6.00162e-159 3.64105e-15 7.85319e-71 2.13991e-43 9.82141e-30
6.54691e-48 1.42924e-78 7.13447e-20 1.79119e-192 1.07221e-103 1.57994e-74 4.42079e-57 0.0390709 2.2734e-49 6.86331e-137 3.44441e-09 0.0204591 7.91911e-96 2.61749e-97 0.0814643 1.40467e-281 1.02202e-68 8.06785e-117 4.51535e-93 1.21894e-30
2.0823e-73 4.52468e-120 2.45172e-65 4.07135e-85 0.149923 5.58892e-114 2.46279e-60 2.28418e-180 5.57091e-100 1.40332e-80 6.54572e-60 1.17527e-67 3.59414e-195 1.27899e-88 2.56963e-93 3.09847e-244 0.528187 1.08315e-97 2.26034e-73 7.14998e-85
2.19708e-19 0.0889101 4.08321e-63 2.4013e-197 9.08327e-145 1.15591e-95 3.45815e-71 2.99115e-140 2.55096e-81 1.25846e-77 9.4124e-84 0.0394632 1.68782e-219 3.3895e-206 1.72131e-18 3.0604e-102 6.211e-146 3.25465e-81 2.07013e-86 2.51872e-112
6.96417e-102 2.50897e-100 0.000930815 4.83277e-115 3.39671e-100 3.12103e-28 8.37926e-73 7.56552e-56 3.90542e-103 5.60407e-131 5.50573e-16 8.36576e-34 3.08505e-106 7.77632e-230 5.53457e-44 3.99956e-182 0.409615 3.59799e-32 3.94357e-79 7.95688e-41
5.75896e-20 2.10318e-69 2.24954e-22 4.49204e-112 1.45621e-66 3.07502e-105 3.39725e-31 1.12312e-110 1.99943e-25 4.15355e-30 0.0614281 0.0846 6.95347e-223 4.97269e-130 6.81863e-10 3.64539e-146 8.36292e-50 1.82788e-99 1.44005e-08 1.07111e-84
2.30195e-104 8.5321e-87 0.027713 1.05792e-177 2.6196e-83 4.2292e-105 3.3887e-50 1.52589e-177 2.46218e-102 7.32731e-107 8.98649e-47 1.83672e-148 1.61271e-199 1.29112e-217 3.3787e-125 4.92638e-270 2.231e-100 2.28972e-82 5.13881e-61 1.0624e-86
1.04814e-121 2.10798e-97 0.026109 5.28539e-161 3.54374e-78 6.32808e-79 1.00213e-45 1.12314e-124 8.36604e-18 1.77289e-176 7.96873e-58 6.64524e-131 3.46845e-135 1.02574e-243 8.01865e-35 7.26216e-264 5.1627e-117 5.18433e-46 1.34119e-21 0.0627077
7.95517e-107 9.5841e-30 4.69802e-62 8.92503e-108 8.04626e-92 5.76535e-100 7.98641e-06 4.23159e-67 0.305505 5.18359e-59 3.78894e-91 2.39996e-148 2.15755e-250 3.16478e-178 6.05887e-139 1.76177e-123 7.72607e-111 7.58976e-51 1.94656e-11 1.4622e-21
8.57453e-92 7.37652e-64 1.27222e-11 1.15422e-140 1.03748e-52 3.92927e-60 7.04369e-35 5.10932e-47 1.21426e-86 7.43946e-98 4.08971e-94 7.07092e-27 6.53137e-209 6.32285e-246 8.73197e-128 2.00384e-188 0.176578 1.28856e-65 7.81368e-56 1.50323e-80
1.11517e-119 0.327349 1.40393e-24 2.47283e-242 6.73272e-99 0.00013228 1.0939e-90 1.75786e-38 2.27626e-07 1.91023e-59 2.47021e-66 2.71193e-93 2.11286e-124 1.07762e-160 1.38937e-98 2.6141e-169 1.11055e-12 0.0559088 0.088962 1.81973e-97
2.59893e-39 6.68656e-18 6.57648e-64 1.43034e-115 1.09851e-128 0.721733 7.35809e-49 1.95178e-60 2.13564e-80 4.98796e-52 2.73752e-39 1.98979e-151 7.07708e-175 4.02903e-146 2.8766e-44 1.87194e-170 1.6696e-43 9.8953e-105 2.44564e-50 5.86336e-77
1.15366e-13 3.4896e-85 2.0426e-50 0.334492 9.38696e-141 1.10964e-51 3.96044e-11 1.16361e-113 1.89357e-100 6.30604e-166 1.17456e-05 1.57357e-14 0.16376 0.217061 9.07364e-120 0.131173 0.56679 4.88048e-20 1.78763e-87 0.0509752
