1.96463 0.0659408
1.7052e-73 3.16055e-28 8.12722e-40 9.32017e-07 0.000290926 1.42532e-61 4.05379e-53 4.51968e-16 6.35184e-30 1.76904e-33 7.40548e-08 2.78878e-15 0.0151628 0.0294727 0.834448 2.23868e-13 1.2775e-73 1.7112e-06 5.32042e-51 9.2647e-28 5.93074e-26 5.2706e-88 1.69031e-06 0.0207234 0.0382536 2.98514e-42 6.43505e-10 1.81625e-25 7.54617e-10 0.137263
0.0103117 3.1087e-44 0.00180061 1.66686e-07 1.33541e-23 9.86139e-56 3.5945e-11 3.71112e-37 6.19411e-05 2.09245e-10 0.00872026 0.319871 2.00361e-72 2.1248e-21 2.51728e-10 5.496e-40 1.17211e-70 1.04167e-17 6.77699e-09 5.59484e-27 3.49195e-20 1.63164e-25 4.18692e-17 1.56977e-43 4.02243e-16 0.0483315 3.40382e-59 4.67164e-15 0.193542 3.42719e-15
2.97637e-44 1.26251e-17 7.10468e-11 0.0059277 2.4224e-21 4.17455e-29 5.85396e-08 0.0144047 0.0460141 3.0924e-18 2.2712e-39 1.16505e-24 4.8115e-57 1.57893e-22 1.46651e-54 8.33085e-21 1.02681e-49 7.6671e-53 2.56809e-29 1.31981e-40 1.66202e-49 3.74877e-76 6.27572e-29 1.16875e-60 1.93243e-54 8.09767e-31 1.5158e-23 9.34466e-75 8.75282e-51 1.09225e-49
5.26747e-40 2.78739e-56 3.52391e-34 4.75692e-06 8.29047e-05 9.16663e-73 3.40241e-24 1.27435e-11 8.21902e-78 2.75176e-65 2.37971e-40 1.09684e-26 1.39017e-47 2.49375e-33 1.97077e-56 0.0161967 2.29371e-65 7.43448e-48 7.57382e-53 1.43535e-54 0.372159 5.3051e-53 0.0521707 1.75369e-46 5.58006e-43 1.18724e-32 3.10565e-31 1.91344e-08 1.89464e-47 6.87156e-40
1.89812e-43 3.85448e-08 4.27677e-10 1.28398e-19 8.75446e-64 1.47319e-22 0.1185 1.73575e-50 8.44344e-63 1.35472e-42 1.36534e-16 2.44276e-38 1.68108e-11 0.128789 3.6397e-33 1.18245e-05 5.28497e-49 0.0842076 2.34921e-30 8.87526e-21 7.82607e-11 1.57049e-62 2.22647e-31 1.23179e-13 1.34699e-58 2.2435e-42 1.06279e-52 1.43649e-30 2.28875e-67 2.62337e-51
9.82352e-26 2.00072e-23 6.17124e-06 7.01566e-18 8.57215e-34 1.35431e-52 0.00019913 1.98485e-46 2.49694e-12 0.109532 8.20609e-37 0.113282 1.23422e-85 7.83314e-18 3.61183e-71 0.0541491 1.6132e-59 1.59102e-06 1.79618e-08 2.82975e-05 1.37121e-63 0.0125307 2.75587e-30 3.16017e-43 1.47643e-20 9.61652e-17 3.1683e-10 1.11108e-30 1.48189e-70 8.07268e-43
1.60105e-33 0.000222007 1.04876e-33 8.29668e-08 1.28586e-33 8.57838e-06 7.29587e-59 1.95639e-26 4.05176e-27 1.1549e-32 4.58762e-42 0.593963 3.48445e-56 0.2447 4.66941e-12 3.91301e-20 0.0382253 3.89976e-19 0.0445916 0.074071 2.28205e-49 6.926e-43 0.028961 8.64506e-08 1.28112e-10 2.77038e-20 2.68577e-36 0.031069 1.95942e-43 6.03873e-49
8.03437e-24 0.145371 1.17887e-19 1.31935e-20 0.00265527 0.0257381 8.43676e-05 5.15145e-31 8.8879e-26 3.59599e-27 6.28546e-45 6.46121e-29 2.47004e-66 2.04794e-21 1.53129e-72 3.28116e-25 3.18611e-70 5.38781e-50 3.26667e-50 1.45177e-53 6.07987e-70 1.43417e-67 7.39074e-20 1.72697e-47 4.16686e-61 1.31444e-49 2.25609e-23 1.57474e-60 3.88165e-61 5.1692e-37
8.21557e-67 4.81726e-50 0.00712335 3.79146e-57 6.50227e-47 6.58709e-59 1.76986e-24 6.95334e-12 6.22518e-66 3.62721e-49 8.33133e-30 1.34991e-36 1.12987e-33 2.26753e-19 1.20583e-71 4.62066e-12 1.40995e-29 7.29586e-10 4.27277e-39 3.9527e-40 1.44744e-42 3.75736e-48 7.22731e-15 6.33922e-12 5.09495e-30 3.07294e-30 0.113523 3.64261e-18 0.0311658 2.78858e-13
