2.92599e-35 1.73305e-103 2.07724e-11 6.30078e-101 3.97885e-115 3.97617e-95 2.25137e-84 1.37782e-165 3.35798e-112 1.21097e-124 1.12626e-88 0.301724 2.96027e-96 4.68445e-97 4.81622e-74 1.16278e-52 5.74636e-110 1.17134e-41 1.76596e-39 8.03801e-161 6.37944e-117 2.43994e-94
3.03415e-10 1.92742e-131 9.4568e-103 1.89046e-07 1.42075e-132 3.18904e-101 3.29622e-90 1.90218e-151 3.43374e-52 0.138763 7.37583e-71 1.10018e-39 1.8594e-179 6.53909e-35 0.0941568 4.21862e-103 0.304354 1.39002e-21 9.93764e-101 2.09972e-138 2.85956e-139 8.74307e-161
1.03689e-91 5.78732e-36 4.12076e-85 2.73483e-105 0.0361801 7.16351e-103 8.53223e-48 0.284824 1.52417e-95 2.2538e-149 0.192313 1.71116e-52 0.187665 9.8421e-85 9.16853e-78 0.553725 4.77069e-26 2.11988e-39 1.74832e-44 2.94541e-56 3.5303e-65 0.0474193
1.36021e-79 1.14584e-76 4.35484e-40 6.75874e-60 1.06578e-48 1.28982e-54 2.98269e-45 1.66566e-96 1.06097e-134 8.92436e-71 5.1416e-160 0.624182 4.82463e-65 1.56453e-51 1.75269e-62 3.79439e-71 3.88152e-101 1.96218e-77 7.93145e-48 8.94187e-75 3.94463e-138 6.15482e-116
6.46502e-37 8.51233e-153 2.23283e-21 1.50029e-109 0.0628557 1.02033e-48 3.8996e-37 2.59073e-170 8.24018e-50 2.03974e-99 1.06946e-147 7.60219e-25 1.9048e-196 9.93492e-41 3.98291e-101 7.16176e-37 7.06821e-72 0.338683 8.9825e-77 7.56587e-109 2.21505e-89 1.48477e-123
4.71579e-57 1.27359e-29 1.14822e-42 1.10681e-84 1.62602e-88 1.11369e-25 6.82624e-58 2.08471e-27 2.59272e-28 3.09196e-154 3.77184e-86 0.62049 1.61446e-37 1.58904e-36 2.26063e-40 3.81635e-31 2.4049e-108 1.23529e-42 0.41649 1.255e-126 0.526008 8.43217e-51
4.48148e-84 3.6447e-66 0.0124132 1.08226e-124 1.01231e-134 3.63339e-106 0.000316677 6.88797e-64 2.7787e-147 4.13692e-139 8.85975e-102 6.3687e-38 1.05089e-10 2.0698e-116 4.21356e-69 7.87764e-100 4.60523e-85 6.90942e-73 0.404699 2.71223e-111 3.64934e-54 1.47135e-143
1.95959e-33 2.53215e-143 3.53932e-69 0.974368 1.91417e-64 2.67916e-42 1.99079e-49 4.13178e-125 0.661493 0.00479664 7.85539e-69 4.18869 1.42703e-91 8.44378e-166 7.99357e-42 1.37161e-113 3.14182e-47 1.86649e-09 2.54429e-84 0.0695546 5.88976e-85 1.70532e-81
1.24813e-19 0.0526689 5.41006e-07 2.11536e-150 6.05365e-106 1.13473e-148 3.3161e-86 1.83049e-148 3.32477e-139 1.00646e-145 1.1191e-133 2.01347e-41 1.02702e-156 1.13962e-117 7.07185e-140 2.26233e-112 2.18444e-106 2.43634e-79 1.26681e-68 2.12311e-149 4.00332e-104 3.44506e-116
6.13515e-86 2.24743e-149 2.10147e-10 2.72592e-139 3.0677e-28 1.15882e-90 9.69474e-81 3.04786e-124 4.92614e-166 3.90764e-121 3.29679e-43 5.70348e-35 6.06686e-56 9.12284e-145 5.13819e-80 7.67754e-98 9.8277e-60 0.0463795 1.82884e-94 2.92252e-45 5.86853e-120 8.55391e-15
0.181793 5.14196e-71 5.80989e-62 9.43155e-141 2.6131e-86 4.05813e-25 0.110456 4.07987e-146 9.22764e-77 5.31138e-77 6.42227e-42 0.23721 3.93335e-184 2.59448e-71 3.10673e-83 4.05228e-49 2.56039e-96 1.3174e-19 1.13775e-69 4.62599e-74 9.36158e-25 1.62886e-146
6.91737e-29 9.35609e-101 7.62382e-83 7.0776e-28 1.75676e-34 1.95711 2.70455e-50 1.57469e-119 8.58526e-168 3.85056e-140 1.31151e-166 3.05698e-41 3.7235e-97 0.178683 4.717e-83 5.17691e-28 2.54768e-51 9.55514e-19 2.11898e-101 1.60236e-43 4.25728e-143 4.97152e-11
2.61875e-70 2.64488e-56 5.09158e-107 1.62549e-63 2.63202e-71 0.0352228 0.147779 1.22397e-101 2.9219e-128 1.14174e-165 7.04535e-23 3.38034e-31 2.00341e-11 0.265694 1.76765e-72 5.99913e-82 4.54188e-95 1.37283e-47 1.16969e-85 6.40511e-183 4.75826e-16 5.26816e-119
3.5857e-60 9.59493e-96 2.30007e-50 2.21671e-148 1.47867e-62 1.42389e-78 7.60628e-69 8.38604e-79 2.62341e-161 6.11531e-60 1.23422e-99 0.72092 8.14438e-125 3.65943e-73 1.71084e-91 3.3568e-70 5.10815e-57 6.27752e-79 2.19877e-93 1.05911e-60 1.62282e-36 2.7864e-40
1.46738e-55 8.163e-138 0.331971 1.84039e-22 0.03118 0.69885 4.96646e-61 4.91839e-64 3.31788e-80 4.23549e-177 2.85527e-60 3.99255e-59 1.16743e-199 2.30794e-165 9.17322e-89 1.23443e-101 1.02976e-52 1.30763e-37 2.39634e-97 6.46169e-184 9.05139e-112 6.6143e-137
1.17298e-06 7.29573e-38 4.96772e-45 2.10959e-99 1.36744e-106 1.45014e-62 7.3267e-69 2.12455e-104 1.3555e-163 1.12979e-158 6.11415e-156 0.218848 6.65733e-110 5.88214e-75 2.70915e-86 1.68002e-88 1.84991e-61 1.24212e-35 4.32269e-57 4.23368e-171 8.41965e-137 1.82249e-61
1.17223e-11 2.79379e-80 1.39963e-54 2.08076e-114 4.39464e-151 8.79616e-163 1.24464e-87 1.3172e-161 6.26722e-124 7.68697e-142 7.95797e-124 0.0580582 1.04194e-161 1.98045e-132 1.6497e-101 8.76893e-70 3.65048e-68 1.71827e-79 1.71371e-84 2.29217e-104 7.3166e-97 1.64264e-126
5.00168e-17 7.51706e-61 5.33738e-15 5.99813e-109 2.96689e-147 1.30289e-162 8.93003e-88 3.39981e-97 2.66814e-98 1.93269e-133 3.48669e-159 0.831176 6.84352e-119 2.18797e-65 2.0245e-70 5.23588e-97 2.47132e-108 3.80812e-88 1.72869e-98 9.02487e-171 4.38049e-64 4.63861e-158
