3.54176e-77 6.73459e-71 1.94096e-100 2.02235e-86 2.72411e-71 5.78606e-120 3.319e-47 7.50692e-38 6.78609e-134 5.1003e-172 4.07693e-77 1.942e-41 3.56165e-55 2.03211e-139 1.2566e-131 1.14635e-29 5.85651e-99 2.44355e-206 0.482403 2.13705e-41 1.23101e-150 8.02217e-31 2.48729e-68
5.03092e-66 3.07583e-109 1.76014e-159 9.6488e-234 2.4564e-101 1.51598e-119 4.75461e-137 4.9302e-39 1.4383e-32 2.05462e-168 1.42759e-104 2.43703e-88 6.80462e-121 2.99681e-157 4.00351e-141 3.24696e-136 0.199883 2.04267e-76 9.19741e-56 2.22877e-72 0.319445 4.03832e-18 4.09236e-73
1.80996e-110 1.87006e-148 0.275996 6.91042e-25 2.10759e-09 4.23022e-68 3.09789e-178 1.03488e-187 0.33094 2.47926e-16 0.00699685 5.48353e-50 2.20928e-52 1.55634e-79 0.107322 0.175677 0.054216 1.61175e-200 1.03772 0.00419141 1.51437e-69 1.6807e-70 1.26686e-85
4.3001e-54 5.94803e-231 3.64545e-64 1.03226e-34 3.95201e-122 1.1313e-106 2.51902e-124 0.0508781 8.17437e-06 1.87853e-141 0.0998909 0.173799 0.285398 6.61021e-160 1.89026e-21 0.0312829 9.52756e-13 8.33143e-128 1.09317e-65 1.60303e-189 8.04777e-80 3.54462e-83 1.33453e-88
2.63908e-34 5.28393e-213 9.18772e-09 3.52518e-185 1.24691e-26 2.65096e-73 6.77234e-110 1.35105e-112 1.17081e-123 3.819e-181 1.18058e-101 3.96322e-31 1.55346e-184 1.56976e-50 1.71137e-47 6.49191e-80 1.55725e-60 3.35425e-72 7.75433e-75 4.11766e-105 1.04347e-55 0.0835293 0.252221
4.92229e-06 4.48473e-25 7.59395e-48 4.92557e-35 0.167455 0.129806 2.23291e-161 1.16868e-65 1.81104e-49 2.12192e-44 2.72029e-33 3.06813e-102 3.38389e-137 1.08555e-24 4.7132e-81 1.09132e-07 7.02345e-65 5.59412e-157 5.62104e-32 1.82089e-26 3.97188e-148 3.44265e-30 1.13846e-149
6.09362e-83 0.167081 3.90029e-58 0.0563652 3.78513e-27 2.88436e-15 0.264819 3.78491e-138 3.55523e-199 0.598152 1.53963e-12 2.99539e-125 1.32518e-231 3.90899e-105 7.42577e-47 3.94233e-74 1.15472e-116 0.371459 7.62951e-94 1.18397e-142 5.21056e-22 3.73862e-10 1.04881e-11
9.84538e-79 3.81312e-203 0.00619447 5.52745e-119 1.35996e-109 2.8645e-86 5.86873e-187 7.40576e-185 2.87577e-92 4.32178e-99 2.95494e-32 6.29183e-97 7.04492e-129 7.00305e-192 4.87498e-97 7.0592e-46 4.72946e-83 5.84934e-185 2.06846e-23 4.31121e-176 1.31655e-112 1.44526e-93 1.66202e-105
2.49838e-18 4.48418e-61 1.43727e-60 8.39546e-211 1.97758e-117 4.54468e-20 5.89031e-48 1.09483e-84 4.13691e-93 1.52807e-78 1.48712e-57 1.13535e-38 4.66024e-109 0.186201 8.27318e-33 7.59467e-36 6.60152e-91 4.96635e-144 1.16857e-79 5.09454e-37 5.3958e-08 5.61689e-52 5.67716e-141
5.73838e-101 2.50239e-109 8.64993e-132 1.76654e-218 1.66538e-40 0.22456 1.21555e-52 6.46226e-163 1.17281e-100 4.77393e-101 7.84999e-68 1.19804e-75 1.36388e-146 1.69258e-99 1.24392e-121 1.19865e-121 0.0635531 4.92939e-158 9.24498e-40 3.16695e-69 3.25012e-113 9.92539e-89 9.03515e-51
3.86037e-38 2.84887e-146 3.42113e-155 1.92174e-121 9.27152e-121 2.54792e-19 4.02365e-125 2.14878e-96 8.11707e-110 3.69779e-152 5.84916e-90 1.88854e-107 2.10525e-153 3.44429e-123 8.24727e-34 1.75222e-59 0.343293 2.63972e-153 2.08e-94 2.10701e-102 3.93401e-161 3.45353e-90 1.9486e-135
0.525087 1.21285e-160 3.5025e-38 1.35038e-67 1.24683e-24 2.41889e-47 4.12318e-196 1.34137e-204 4.07069e-203 1.84429e-58 4.56534e-101 9.79844e-50 3.96332e-153 3.24709e-171 1.50864e-123 9.52545e-118 5.84187e-72 4.50261e-210 6.55466e-12 0.21141 1.74365e-158 0.0232007 9.22958e-81
3.10452e-64 1.62047e-73 3.11542e-84 1.13935e-61 9.01989e-46 3.08268e-76 8.48605e-76 1.7366e-178 1.24213e-127 2.35386e-113 8.25969e-102 6.18865e-20 4.09114e-113 1.79353e-118 1.18356e-42 4.83937e-132 1.40819e-84 6.85453e-55 4.0486e-26 2.41473e-96 8.06879e-26 3.4554e-37 0.14049
