3.29671e-184 6.9971e-24 2.53649e-122 7.28723e-120 1.07017e-138 2.41246e-117 3.55361e-94 2.23578e-30 1.87287e-74 3.26116e-65 9.3666e-19 1.2602e-98 2.37263e-154 1.93881e-25 1.26073e-208 4.46206e-70 1.20743e-91 2.90913e-18 1.02947e-115 0.177009 4.37868e-54 4.33634e-19 9.04608e-104 4.88347e-179 1.12082e-141 1.84324e-144
6.56595e-09 5.60888e-172 4.88917e-119 1.1943e-144 2.54203e-120 6.00064e-129 5.89667e-56 1.08627e-17 2.15273e-141 8.46949e-89 2.53541e-173 3.04825e-166 1.58945e-257 7.71749e-155 2.65525e-192 2.63368e-164 0.0319454 1.43733e-259 5.04332e-189 0.0563595 5.92767e-226 5.3608e-34 8.40955e-130 4.38155e-114 8.90245e-90 6.72761e-129
2.68424e-57 9.5696e-159 6.21143e-28 1.12839e-17 7.79585e-94 5.77317e-67 5.72348e-46 5.93324e-163 3.10878e-93 1.58985e-91 1.23526e-137 3.00206e-193 3.79607e-241 8.9682e-206 9.01669e-85 0.0359245 4.17001e-153 2.01157e-108 7.85299e-253 2.6001e-05 4.02963e-122 2.40569e-67 2.52059e-77 2.76389e-135 0.377856 6.21464e-204
3.14048e-236 1.40636e-168 2.27625e-60 1.85164e-62 1.23503e-166 6.3489e-57 1.38636e-88 1.38157e-64 4.14805e-203 3.61788e-189 1.50939e-220 9.52588e-126 1.1031e-51 7.33402e-196 2.71452e-66 1.21305e-34 1.37953e-21 2.97716e-17 1.97879e-69 2.6137e-134 0.125481 1.12769e-145 4.25196e-161 1.42027e-36 4.81732e-103 1.67288e-94
8.37194e-224 7.51829e-183 1.37918e-08 0.187117 6.06702e-164 3.08567e-100 3.86379e-154 7.42728e-184 9.87822e-136 2.35218e-160 8.12154e-206 0.192434 4.38099e-202 6.39865e-207 1.35494e-124 5.41526e-196 6.9236e-201 6.07887e-57 4.31435e-194 4.93477e-06 4.08675e-114 0.434501 4.36426e-39 4.21157e-40 7.53507e-75 2.28543e-113
6.56725e-18 1.60241e-07 1.1215e-40 2.7029e-25 8.42292e-106 1.65937e-143 2.95352e-124 1.76633e-134 2.18728e-161 6.91228e-190 2.19554e-245 9.22271e-07 5.26697e-214 5.84848e-176 1.51811e-46 0.324322 1.07561e-59 1.41574e-09 1.2031e-29 3.49378e-43 7.00228e-113 3.37909e-09 1.60755e-127 6.0327e-11 1.28775e-32 6.67463e-99
3.26832e-188 8.06525e-66 2.65726e-15 4.62777e-126 1.03958e-101 1.53004e-55 2.03501e-198 7.95111e-42 0.339954 1.49932e-210 1.49492e-27 4.59152e-161 3.62567e-93 1.9372e-120 2.89118e-81 6.21377e-117 1.01552e-113 1.17031e-156 0.495674 1.4841e-79 5.81784e-233 1.32435e-22 9.75255e-186 0.189125 2.13096e-103 2.34665e-163
2.3447e-128 4.65335e-68 7.2085e-145 3.48045e-34 7.54085e-168 1.12336e-35 2.40128e-58 3.17575e-78 6.11591e-127 8.98131e-147 0.252123 2.27549e-195 4.81086e-45 1.29425e-202 2.49116e-134 2.46578e-237 6.96711e-88 7.02072e-175 7.29521e-48 4.76299e-158 1.51413e-253 3.16282e-93 5.31503e-104 4.37594e-206 2.62832e-158 2.09136e-180
2.42949e-120 1.65616e-06 0.975312 1.92038e-122 7.29891e-90 7.06197e-190 3.3756e-179 1.01944e-139 1.77343e-97 1.70958e-235 2.40455e-192 2.18411e-139 5.01451e-25 1.52829e-38 1.07142e-103 3.98222e-42 5.27409e-143 0.000896141 6.71034e-262 1.30475e-77 1.33801e-134 1.32584e-102 0.100902 2.27824e-190 1.02433e-162 6.16314e-165
1.08669e-77 2.72877e-51 4.01288e-128 1.96841e-23 4.39605e-104 2.1981e-97 1.12631e-122 3.04491e-70 3.72432e-185 4.88065e-124 2.50364e-90 7.52883e-181 1.78549e-68 1.53769e-198 5.58411e-178 3.12703e-41 5.75083e-84 1.05555e-242 3.61842e-118 1.96137e-127 3.68886e-109 3.77371e-116 0.431974 4.81384e-105 1.09423e-71 5.08481e-162
1.19002e-161 1.15785e-301 1.91492e-92 1.21407e-192 1.15102e-139 1.95847e-116 1.65071e-92 1.7382e-59 1.3133e-125 0.105125 1.82136e-176 5.77572e-37 1.99168e-204 4.77325e-12 2.69759e-41 4.70969e-131 1.78817e-177 0.936474 0.252665 3.22907e-150 8.22421e-141 1.83895e-139 2.68625e-186 4.79389e-58 1.47992e-99 1.94705
8.1223e-18 1.13683e-21 5.18046e-14 4.44994e-16 0.251541 0.000711139 5.61388e-11 1.02811e-07 1.27667e-197 7.8739e-219 6.75855e-263 1.88888e-209 4.81374e-244 9.53253e-187 1.41434e-208 1.71429e-233 3.13878e-244 5.15902e-253 1.20266e-297 5.55134e-143 7.37312e-252 1.54829e-166 1.1435e-188 7.09723e-247 6.03742e-214 1.67836e-209
1.18363e-226 4.55026e-142 1.55354e-186 1.96474e-99 4.64848e-12 1.09267e-116 2.82706e-159 1.34756e-105 6.97113e-182 2.431e-86 7.04184e-18 3.13031e-95 8.361e-243 3.08061e-116 2.59204e-79 3.77149e-188 1.01077e-45 3.03971e-109 8.67323e-267 3.71657e-69 4.05168e-131 0.320058 3.00545e-113 9.58973e-116 0.209242 4.41644e-59
1.85917e-145 4.07732e-200 1.45844e-101 6.54624e-33 9.22764e-151 2.065e-229 9.96331e-18 2.03891e-154 1.41551e-54 1.45223e-221 4.32626e-21 0.000640889 2.32937e-148 1.60243e-135 0.0920089 1.11532e-185 1.39248 6.77239e-172 3.09982e-168 1.42354e-146 0.032241 1.37729e-96 2.37035e-118 0.179282 9.53902e-55 1.25868e-102
9.02553e-177 6.12899e-155 4.79357e-51 4.96302e-144 3.58605e-124 1.46178e-10 1.4807e-142 7.49802e-147 9.37216e-96 1.07127e-120 1.3759e-237 9.90705e-168 8.95961e-190 4.04226e-207 4.54382e-108 2.98554e-234 3.63763e-124 1.1041e-59 3.56492e-105 8.94085e-129 1.66407e-122 4.70972e-53 0.0991135 7.18e-71 1.36251e-52 3.54967e-126
5.1177e-88 1.08136e-209 6.98806e-42 2.56527e-74 3.34283e-85 4.36202e-242 6.94398e-18 6.13807e-90 1.97919e-170 1.13173e-80 3.84645e-221 2.55149e-134 0.267643 7.76122e-202 3.81053e-138 7.58472e-20 1.20917e-24 2.05059e-202 2.37574e-41 1.37063e-25 1.31278e-08 8.51865e-98 1.22894e-144 1.91169e-115 0.48048 4.75418e-05
5.15148e-24 6.52924e-96 1.86405e-183 1.55921e-162 1.53011e-126 6.90381e-141 7.90947e-179 5.93981e-88 6.08967e-158 1.04778e-61 0.0160291 1.16043e-46 1.64228e-189 0.245264 1.94181e-92 0.10327 5.87311e-12 6.42086e-67 3.5552e-111 0.131948 2.94587e-200 2.91091e-110 0.12091 1.21073e-168 1.5033e-110 6.18812e-54
0.00798703 0.000158236 5.14418e-07 0.000503046 0.000128475 0.0062313 0.00734208 0.00526104 4.72675e-204 6.3492e-242 4.13165e-265 1.00841e-225 5.10348e-267 9.06325e-204 5.90984e-206 6.0878e-261 3.14605e-254 3.37183e-269 1.20392e-298 1.84696e-157 2.33719e-250 8.20837e-185 6.03941e-207 2.25442e-262 3.90129e-232 1.26585e-213
