0.0271397 5.05501e-07 7.24431e-23 1.42247e-19 2.59035e-19 0.000106741 2.03655e-19 0.00305372 1.87333e-138 1.61901e-173 8.29341e-176 1.94313e-188 1.25815e-168 2.43516e-204 1.13902e-107 7.79892e-85 3.55302e-123 2.11504e-102 5.41497e-100 1.73451e-202 1.84948e-186 1.17078e-148 2.39488e-118 4.19367e-134 5.21477e-125 2.21881e-134
0.000123622 0.01209 0.000191557 0.0030419 0.0114545 0.00071852 0.0020517 0.000118841 2.83484e-155 7.18207e-186 1.11919e-186 6.34536e-194 3.55853e-177 2.99445e-205 9.5054e-122 1.11085e-97 4.06668e-129 2.62832e-106 1.66485e-114 5.38639e-203 2.07695e-200 2.01222e-165 2.94618e-145 2.52989e-137 1.53854e-135 9.10738e-150
1.29253e-62 2.87045e-111 7.25147e-155 5.97902e-105 8.63003e-09 1.17085e-62 4.79357e-18 1.59054e-170 1.28311e-109 1.95207e-94 0.081671 7.62516e-186 3.09595e-115 1.44938e-152 1.4755e-86 7.7147e-64 4.15085e-66 7.92288e-103 3.02251e-34 0.061483 1.80213e-150 1.65617e-93 2.91619e-30 5.73175e-19 1.48724e-16 4.79093e-08
2.57501e-99 4.40681e-130 8.54975e-127 1.50701e-28 3.95088e-152 4.87789e-70 2.41836e-114 1.76758e-89 1.15679e-72 2.7864e-70 2.33502e-05 2.63914e-169 1.59102e-60 1.12711e-77 0.123001 3.2707e-41 2.71733e-99 3.33065e-27 3.28098e-98 5.35221e-112 2.34158e-186 8.43255e-107 2.144e-71 2.05764e-50 1.29279e-90 2.74421e-46
3.74108e-69 5.37859e-37 1.92733e-115 4.57183e-118 5.4735e-144 3.14474e-61 9.53518e-166 4.52113e-165 6.95371e-62 1.13329e-84 3.04492e-98 2.77626e-141 8.75145e-46 5.70618e-90 0.65272 4.1155e-69 1.44645e-35 2.0136e-63 7.54882e-06 6.62603e-11 5.97747e-104 2.38876e-78 4.82786e-119 8.51846e-100 2.62316e-15 1.53855e-114
1.55268e-64 7.27305e-72 9.69103e-20 0.00455288 3.00825e-80 2.72096e-11 1.55977e-24 4.40916e-18 4.12515e-79 1.08962e-97 3.56884e-160 5.49626e-48 1.04466e-86 2.45982e-87 9.00497e-112 0.677244 1.10903e-38 1.39463e-50 7.90527e-42 3.89128e-137 7.15417e-115 4.83614e-128 4.50105e-07 5.61463e-126 7.19941e-40 1.56787e-49
5.65144e-61 1.63931e-80 7.76444e-159 2.91148e-89 8.84744e-162 6.00659e-45 9.2722e-24 2.33181e-143 6.92862e-68 0.128028 3.2179e-112 8.96273e-19 7.30866e-24 1.53355e-166 0.0055017 2.20124e-77 1.3276e-27 6.08515e-38 3.27869e-108 2.58883e-126 2.85678e-156 2.01039e-130 2.65717e-143 0.501143 2.49219e-73 1.42595e-92
8.47769e-14 5.70396e-118 1.69409e-82 3.82032e-68 1.49296e-72 1.33737e-40 2.51312e-32 8.58033e-73 1.72305e-144 1.3584e-30 0.112795 0.132756 6.16274e-09 6.54768e-87 1.2085e-83 2.0827e-18 3.98308e-112 1.00104e-35 4.87929e-105 9.99239e-179 2.18335e-188 3.1915e-139 1.46166e-53 1.81008e-128 3.71155e-10 1.56697e-57
1.35906e-185 4.5312e-124 3.37065e-88 3.98805e-50 1.83992e-223 5.85475e-82 4.28481e-197 6.37389e-209 1.12167e-37 1.20782e-09 1.19524e-128 2.48311e-120 4.2009e-92 0.115341 2.01907e-111 1.15933e-20 6.09516e-29 1.03751e-49 1.93723e-98 5.14023e-148 6.78165e-94 1.74083e-87 5.77321e-52 9.63837e-106 0.566115 4.50279e-92
1.91574e-143 0.000441807 2.75946e-61 2.07117e-111 2.20277e-50 7.63413e-22 1.28352e-73 0.00159692 2.05661e-119 9.93958e-08 1.79632e-51 1.33935e-107 6.46419e-17 6.38175e-123 0.0901319 2.478e-91 8.46458e-34 4.42452e-86 1.26669e-36 0.16485 7.92892e-186 2.53854e-15 4.02404e-143 1.34301e-12 1.6252e-108 2.72029e-14
0.0214634 5.58805e-27 0.0174873 3.37691e-20 0.0001195 2.10465e-06 0.0493388 6.95453e-34 3.72961e-144 1.53435e-166 1.16457e-177 6.79733e-169 5.31486e-171 6.22206e-186 2.50803e-104 1.97315e-87 4.81447e-124 3.94293e-95 1.3652e-107 9.27122e-176 9.25444e-190 6.54202e-162 1.67061e-117 1.39661e-122 5.37006e-131 4.35445e-123
2.40182e-140 9.78491e-36 1.31484e-111 4.80146e-102 8.82069e-134 6.73347e-29 7.61012e-131 4.00926e-13 4.95999e-64 0.0329864 7.86118e-11 1.92765e-120 3.51617e-92 9.77461e-63 3.99709e-109 4.8654e-28 5.98851e-120 0.116747 4.3031e-33 2.18139e-50 3.6206e-142 1.89334e-90 7.5667e-81 5.00657e-117 3.09403e-35 1.75025e-20
1.83025e-73 2.40666e-17 2.06899e-45 2.08739e-118 8.67319e-39 1.80239e-33 3.7009e-108 3.91727e-14 3.6217e-101 1.34581e-47 2.3544e-106 1.23279e-163 2.67095e-144 3.89076e-73 4.55225e-14 0.133534 1.4613e-95 1.75201e-30 8.42677e-72 5.69583e-120 2.6161e-77 5.26618e-83 3.31611e-136 9.22748e-60 4.39481e-37 0.235468
1.22561e-172 9.8793e-188 1.65635e-160 5.34056e-97 1.75946e-195 5.73035e-137 6.94202e-145 1.59196e-167 0.123698 4.36482e-61 2.48836e-56 4.27904e-91 1.31513 8.90494e-179 2.87088 2.02284 1.01102e-77 0.0908974 0.754194 7.26169e-157 0.753441 0.178048 4.2386e-109 7.46794e-61 0.0303993 1.27363e-92
1.18381e-41 1.30774e-148 6.94534e-49 1.33411e-104 1.48772e-159 1.76796e-70 2.97172e-139 3.76006e-08 3.91753e-48 4.57068e-19 1.49993e-61 2.98011e-178 4.30297e-88 1.94734e-69 9.71912e-41 0.354153 8.43153e-117 1.80125e-72 3.97134e-96 1.33373e-112 1.74322e-53 7.98102e-125 1.30385e-24 9.46973e-95 1.92643e-25 5.82896e-62
5.94978e-43 9.49113e-31 1.91652e-11 2.43352e-141 2.04557e-178 1.8745e-130 4.18359e-133 4.12966e-115 6.3392e-68 3.38702e-17 2.44384e-48 2.94631e-110 0.214669 2.50673e-65 1.15598e-39 5.35821e-21 7.2775e-58 5.19647e-65 4.40777e-07 6.3773e-63 3.52658e-126 4.66307e-66 2.00521e-36 1.53759e-48 2.48681e-08 7.91792e-58
8.71918e-48 2.75962e-158 1.29633e-162 5.96172e-53 9.02036e-208 7.69482e-06 7.41455e-106 1.30204e-204 1.70467e-23 5.74436e-50 1.31459e-33 2.06006e-113 5.65477e-71 2.2255e-181 1.17097e-111 3.76881e-71 1.76107e-24 3.08043e-50 1.74664e-110 9.93609e-123 3.65845e-45 1.86161e-26 0.179969 3.86797e-131 6.6954e-32 4.62907e-38
1.35088e-143 2.03497e-21 4.45638e-34 4.44479e-148 3.47377e-174 1.39307e-70 1.79269e-133 1.09838e-104 2.57921e-133 2.21838e-102 7.40634e-56 5.27968e-160 2.41632e-122 1.08259e-176 0.304911 7.79227e-52 0.083025 6.35649e-30 3.59119e-78 1.49025e-138 2.45416e-95 8.65573e-57 1.05334e-80 1.28577e-34 7.1356e-91 4.94778e-41
