9.73474 0.068889
0.0368163 3.85607e-34 6.67287e-69 6.73203e-38 1.21159e-12 2.77434e-95 1.98425e-59 8.45764e-60 7.68498e-61 5.22318e-50 2.88213e-16 2.88926e-56 3.27538e-71 2.40034e-57
0.525847 1.80388e-87 1.14342e-66 1.11429e-84 4.66576e-46 4.42215e-89 1.91879e-53 5.11419e-44 5.66264e-66 9.08768e-37 8.45515e-51 1.17048e-91 5.58365e-81 1.13994e-86
0.0597719 6.03084e-42 4.92353e-79 2.38573e-82 2.13219e-61 8.37922e-97 3.8114e-37 1.38798e-36 2.65781e-42 3.02142e-06 5.78295e-48 1.86168e-78 5.25942e-39 6.32727e-95
1.42698 2.98472e-81 1.95089e-72 1.70933e-23 1.04328e-25 1.3668e-72 4.59909e-45 4.23904e-25 1.38469e-33 7.99346e-39 1.10789e-33 3.68549e-102 2.50258e-39 2.71043e-93
9.16498e-35 0.220146 0.0489714 2.09112e-80 1.09297e-53 4.96866e-18 1.49888e-60 0.299019 4.85356e-11 6.14704e-10 6.52387e-23 4.05135e-07 2.27548e-70 7.58027e-84
0.661857 1.33698e-84 9.58174e-51 8.05126e-89 1.22043e-64 2.17712e-109 1.32523e-28 7.33366e-49 1.37991e-39 3.38531e-57 1.65517e-18 4.59218e-97 3.02023e-29 9.91623e-85
0.488798 2.7926e-35 4.89025e-81 4.02405e-33 8.18622e-41 4.98291e-110 1.62817e-58 2.57411e-64 3.76406e-66 4.2619e-29 1.44454e-26 3.53223e-86 2.15755e-62 8.2159e-102
1.59541e-05 5.81864e-74 5.81867e-102 1.465e-49 0.0429166 2.18728e-81 3.06119e-18 1.79603e-15 4.63398e-56 1.0435e-13 1.56237e-18 6.32566e-38 8.92665e-76 3.46938e-83
0.266678 1.8175e-97 1.30707e-93 2.94722e-72 2.04077e-23 1.64706e-75 1.07637e-40 5.93286e-58 1.59799e-57 0.117399 1.36596e-36 2.50187e-96 6.18242e-48 2.77374e-86
4.80307 0.0478676 1.59505e-95 0.106459 1.18066e-64 3.98652e-09 0.107255 0.0143171 0.0229799 0.17452 0.272946 2.18451e-94 0.144063 0.0405472
7.68269e-34 1.9851e-79 5.67117e-101 1.94547e-17 0.0690205 9.43572e-87 7.14782e-36 4.8175e-35 7.27659e-49 1.49405e-42 0.209041 4.36212e-34 3.59946e-50 2.44789e-72
1.82126e-11 4.56876e-63 3.98646e-35 0.0359329 1.03568e-37 0.20191 3.4836e-54 1.00911e-29 5.50459e-67 2.09887e-14 6.74295e-51 0.153472 1.31286e-36 7.3442e-90
