2.89957 0.14441
6.88355e-39 6.62279e-10 3.88316e-98 0.296029 2.04554e-65 3.09389e-40 0.146893 0.84176 5.99652e-65 1.71788e-84 8.37213e-24 5.00116e-53 1.95588e-70 7.41944e-117
6.75811e-78 1.75486e-12 3.32765e-99 2.30198e-131 7.03171e-63 6.58639e-83 2.62706e-86 1.12409e-90 1.07965e-130 0.0243907 9.05877e-93 9.70015e-98 1.36813e-152 6.73974e-148
0.282961 1.84686e-70 6.69159e-144 1.68155e-253 0.284597 2.14683e-115 4.77692e-98 6.02932e-66 4.12327e-133 4.78454e-84 1.24133e-181 3.89668e-63 2.43817e-110 3.32965e-113
1.37405e-07 0.00909135 1.87691e-175 3.14655e-257 2.28987e-66 2.45206e-192 3.26775e-123 9.57092e-144 3.0253e-173 6.56104e-16 1.37426e-187 5.66516e-70 1.28782e-82 0.35613
0.279188 4.386e-67 9.84609e-179 1.75389e-194 3.27715e-85 3.44994e-101 3.3027e-134 1.88967e-158 8.1471e-172 2.43801e-20 1.55981e-151 1.21102e-146 1.81037e-115 5.66745e-86
2.24939 8.89738e-06 0.140812 1.33709e-86 8.2253e-15 0.153645 1.17589e-17 5.17169e-222 0.494141 4.88551e-16 2.29571e-42 0.250891 0.135633 5.82985e-135
1.53494e-64 1.90794e-16 5.94879e-49 4.50243e-167 0.000388735 4.07086e-165 3.40826e-87 3.53306e-110 1.77802e-161 0.0566536 8.79275e-167 7.66931e-88 2.68997e-87 3.67504e-48
3.93005e-93 2.65663e-20 1.82073e-94 1.63868e-216 0.155525 5.7166e-168 1.24524e-155 1.22722e-108 9.93857e-211 2.39818e-82 2.95042e-184 7.34725e-92 6.06078e-191 1.11664e-33
0.0703407 4.38824e-19 7.23969e-43 0.288492 2.49043e-15 3.529e-30 6.4039e-19 1.27764e-209 1.16814e-150 1.66877e-10 0.0751924 1.96193e-126 5.85819e-87 4.04484e-99
8.29875e-13 0.184685 2.65677e-152 1.03239e-104 9.84572e-72 1.69376e-101 1.06168e-156 1.4752e-149 2.24613e-125 1.2719e-42 1.38148e-179 8.13742e-82 1.97726e-195 4.5769e-11
0.148576 1.69374e-57 6.49016e-141 3.3265e-194 8.80061e-135 3.83034e-120 2.99387e-107 4.71515e-214 9.0468e-186 7.2308e-83 5.15499e-132 1.05534e-88 4.37608e-166 6.65332e-65
2.09246e-07 4.79591e-25 3.28111e-98 1.9139e-254 1.16703e-61 9.837e-169 5.19037e-103 1.89665e-83 1.05098e-125 1.34597e-116 6.50137e-101 4.94877e-113 4.86343e-190 0.278445
