1.83254e-12 0.119283 7.16261e-172 5.76808e-124 2.66221e-06 1.07478e-14 5.76665e-149 0.314463 3.84986e-12 1.81983e-98 7.85445e-243 2.8374e-128 2.51819e-224 5.09612e-76
1.01695e-214 2.77743e-44 8.70975e-146 6.30396e-114 4.80268e-187 4.72294e-53 1.05098e-58 1.46376e-129 3.18971e-10 4.54771e-120 7.43991e-23 0.197915 7.48861e-37 5.43617e-148
0.00672143 1.22407e-188 2.05368e-162 1.40475e-164 9.07891e-204 9.04911e-90 4.63572e-72 2.56734e-218 1.20095e-210 0.0149664 4.7298e-237 0.248991 1.83018e-219 7.73639e-10
2.08447e-86 0.568586 1.69891e-110 7.30555e-06 3.17673e-193 1.31636e-66 1.99236e-77 5.67969e-124 6.71625e-174 7.83698e-159 6.98919e-249 3.54346e-74 1.70559e-105 7.41136e-97
9.39482e-232 1.36844e-129 5.25444e-42 4.9416e-112 8.2873e-50 1.02425e-154 7.72154e-165 2.33392e-108 7.66817e-159 1.82511e-90 0.095346 5.29569e-234 3.09597e-53 8.90843e-78
1.11032e-155 1.18012e-176 0.161616 3.96734e-84 0.00339992 4.72175e-10 0.283205 5.59468e-06 6.53582e-108 3.4793e-162 0.359088 8.02077e-104 3.99125e-25 0.72052
0.148465 2.41063e-226 6.1489e-39 1.0005e-05 0.118991 3.73014e-128 1.11303e-136 1.1747e-117 1.02302e-112 7.58928e-134 7.81321e-125 8.19853e-177 1.73499e-07 4.02458e-244
1.72717e-97 3.61805e-217 6.02718e-205 2.86977e-05 6.78964e-50 1.0644 2.70713e-131 2.32569e-06 5.84613e-173 5.4055e-131 3.54145e-233 2.00496e-30 0.429694 1.14511e-263
0.0100536 5.94116e-142 2.14191e-190 1.61339e-51 7.16475e-212 1.27206e-155 1.64869e-44 5.09607e-22 3.66508e-49 3.29834e-134 1.40235e-262 3.4642e-49 1.49998e-36 0.00235526
1.02738e-203 7.80005e-65 1.25699e-133 0.170111 8.24239e-130 4.7748e-63 1.32059e-162 9.41198e-74 1.20914e-182 3.98248e-101 1.00272e-125 1.40868e-126 1.21748e-195 1.18131e-128
7.29081e-107 2.65546e-171 3.51341e-140 9.37003e-116 1.36523e-100 3.18915e-124 0.00544888 5.11594e-99 2.041e-18 1.41904e-105 2.45228e-133 2.11698e-238 5.12861e-58 2.83474e-135
3.63678e-146 2.79938e-166 1.49755e-63 0.0624476 8.74289e-88 1.76823e-108 6.05009e-94 1.96863e-146 0.309709 0.696846 4.61749e-212 2.24595e-162 8.52279e-158 2.51645e-271
