2.45228e-178 2.27984e-309 1.94507e-97 8.96257e-155 6.31498e-290 2.49329e-186 6.33983e-181 1.36936e-86 4.72011e-201 2.86965e-154 2.52811e-289 6.63427e-153 5.14084e-136 2.28663e-155
0.414292 0.698271 2.4333 0.977691 1.87684e-279 1.43092e-09 0.471266 1.37416e-52 1.09083e-164 3.24733e-64 0.293331 7.93566e-192 4.34291e-54 6.81118e-196
8.2074e-174 5.7981e-266 1.01797e-06 5.04134e-174 7.75762e-165 1.19049e-199 8.50627e-246 9.73042e-143 1.67372e-290 0.19715 8.54031e-94 2.94088e-233 5.16556e-60 2.91734e-141
2.41609e-148 1.05667e-60 0.0325037 4.83957e-257 5.13715e-196 1.00827e-216 1.01327e-108 3.68104e-204 3.14528e-87 6.34024e-90 2.04716e-278 2.55118e-61 2.80541e-170 5.48556e-91
2.1236e-148 2.54823e-108 1.00863e-166 1.36535e-135 1.06669e-296 2.57805e-74 7.56902e-153 0.000572798 0.245875 1.41695e-19 2.55869e-155 2.0681e-131 4.40685e-135 1.2262e-199
1.08572e-168 5.38467e-275 6.71564e-88 2.76167e-59 1.01547e-234 1.15547e-138 1.20256e-247 0.000167051 1.90267e-231 0.0508017 2.05896e-192 4.09078e-107 7.83736e-30 7.07399e-158
4.60241e-166 1.56987e-59 1.69328e-140 1.32912e-192 2.75638e-73 1.86948e-223 1.37946e-229 0.542484 1.52892e-221 1.64311e-214 5.78144e-147 2.90077e-118 9.29381e-14 1.90158e-190
2.13849e-114 1.43465e-270 4.91e-102 0.0675795 2.86078e-139 2.73598e-148 2.47365e-176 8.51876e-127 9.06105e-241 4.65007e-149 1.50133e-191 1.48857e-232 5.41458e-56 5.21593e-119
1.08168e-07 1.56135e-198 4.42898e-184 1.71652e-120 6.9474e-267 0.174737 4.19009e-210 1.65238e-98 3.73443e-259 1.18154e-236 1.10747e-248 1.25943e-138 2.67954e-124 1.68982e-160
2.74307e-157 2.59372e-240 2.1991e-141 1.34839e-06 3.51796e-192 0.14192 2.05939e-220 1.03066e-131 1.05367e-68 2.27756e-09 8.51348e-200 4.26971e-89 1.37149e-05 6.78257e-36
1.74091e-60 9.36194e-304 1.07499e-160 1.50019e-102 1.23914 0.310749 3.54701e-237 8.69031e-107 2.2294 2.94096e-96 7.56085e-220 8.20653e-31 1.89114e-167 2.3905e-65
2.81735e-97 0.694846 5.60513e-119 1.21802e-100 0.575724 5.22654e-59 1.90002e-140 5.80481e-34 2.05425e-140 0.0385499 4.13252e-244 0.122794 0.261596 0.296062
