4.32493e-43 5.89873e-109 0.0836827 9.71727e-38 2.46799e-136 3.74577e-40 3.45104e-07 1.33091e-54 3.94604e-143 6.65352e-36 1.78158e-110 9.3905e-51 0.0729069 1.00549e-82 1.55713e-37 6.12263e-53 1.3128e-83 9.33448e-71 7.57332e-77 2.01181e-63 5.5639e-49 2.25921e-25 8.99533e-06 0.735151 1.1323e-25 1.62266e-119 3.60321e-34 4.07129e-08
0.00637862 9.12172e-36 9.42431e-67 5.17556e-45 5.96003e-28 4.04984e-21 5.07964e-33 0.0283389 5.00666e-14 7.26391e-52 1.29268e-98 3.52706e-59 3.25453e-57 1.9243e-52 2.78972e-60 6.47763e-170 8.43716e-34 6.96807e-48 0.138291 1.78086e-160 5.70165e-153 5.83962e-11 6.42367e-70 1.30541e-55 1.70499e-71 2.41735e-60 7.11918e-87 7.07569e-126
9.70334e-78 4.30599e-12 2.66516e-128 1.55814e-50 0.0674423 1.84789e-27 7.18703e-12 1.2768e-28 1.41284e-125 4.82798e-31 1.86307e-86 1.77124e-52 6.653e-85 1.86143e-18 1.0641e-32 2.14011e-185 4.88017e-35 7.97013e-109 0.214271 3.06757e-90 2.80761e-110 0.0943128 3.73943e-42 1.7451e-57 1.13204e-50 1.82793e-61 2.11876e-77 1.46079e-123
0.0603218 4.04844e-14 2.87315e-101 4.34538e-58 2.42952e-101 2.7906e-30 1.21639e-121 1.71422e-75 1.77001e-110 0.0259368 1.42826e-111 6.00922e-64 1.58088e-70 7.02074e-45 9.71364e-30 4.8834e-75 1.91754e-66 2.39009e-16 1.64592e-70 1.79151e-24 1.03302e-42 1.44074e-48 0.186562 1.90557e-15 0.100539 9.61569e-112 5.94022e-75 1.24419e-26
9.55493e-54 1.15039e-61 4.98682e-62 0.271038 6.01736e-58 3.71503e-51 1.28459e-58 1.07199e-100 1.2378e-44 2.14012e-05 3.24216e-118 3.80529e-53 2.63251e-76 1.23839e-29 6.81173e-26 8.36521e-160 1.27865e-72 1.10501e-80 0.289766 1.43063e-120 1.22602e-121 6.41003e-21 1.23255e-100 1.20101e-56 1.77778e-23 1.11223e-119 4.19138e-20 1.46786e-104
4.30135e-24 8.20195e-111 1.62817e-116 3.99501e-31 2.09883e-06 1.93367e-25 1.5679e-132 5.97307e-118 4.54298e-99 3.74406e-31 7.96498e-87 4.31674e-53 4.64847e-37 7.49294e-60 0.0656085 1.71735e-126 2.06595e-63 1.05652e-98 5.73337e-36 1.62137e-43 1.81718e-145 1.47517e-25 0.117015 3.20391e-74 5.22628e-26 1.85596e-154 5.33502e-70 3.25456e-104
2.18382e-07 0.0112468 0.000418427 6.52587e-09 0.00477224 1.69306e-05 0.0423961 4.5135e-06 0.00267239 2.63959e-75 1.5091e-113 1.42276e-69 9.92714e-102 2.89624e-78 5.33939e-64 1.92649e-214 4.03448e-91 1.252e-127 1.92662e-72 1.85061e-144 4.83372e-166 6.42064e-67 4.94347e-106 5.527e-95 8.76414e-68 1.71293e-153 9.36175e-78 1.82954e-132
6.06828e-77 2.08179e-172 8.47698e-107 6.35529e-100 1.05951e-78 4.3063e-130 1.46246e-195 3.27897e-110 1.66235e-133 6.68098e-47 0.282192 2.57051e-55 1.0409e-51 2.41989e-73 2.50046e-08 0.232026 1.0144e-69 3.36738 6.82764e-28 1.85603e-20 0.216547 0.507403 1.17788e-83 2.07076e-60 4.93933e-57 1.94924 1.12859e-30 1.78566e-34
3.80426e-78 1.91888e-133 3.84748e-08 3.67395e-38 1.52793e-25 2.41417e-29 1.74952e-44 1.00712e-125 6.05466e-118 4.99596e-30 1.51922e-74 0.720111 1.1566e-42 4.86621e-59 3.06679e-36 2.44576e-121 4.71198e-05 3.2247e-102 2.74224e-14 1.38514e-81 3.86716e-164 8.18513e-66 2.09567e-99 0.218517 2.71775e-29 1.41965e-157 8.63593e-79 5.83e-126
1.31039e-11 1.40588e-92 0.0023405 5.86146e-21 9.25791e-91 3.42079e-70 9.78738e-41 1.23614e-107 0.00838991 5.05457e-75 5.49478e-84 0.15095 3.80224e-25 6.67246e-82 1.74568e-17 2.24194e-161 8.8327e-57 3.43545e-109 1.13068e-35 7.61305e-54 4.04901e-52 1.88466e-34 1.67007e-15 4.66822e-16 1.44782e-25 2.45493e-67 1.34957e-77 8.09766e-104
7.03482e-11 1.37867e-115 4.61995e-71 8.48882e-25 9.49122e-74 1.80454e-104 5.46081e-144 5.47965e-07 2.21497e-120 5.41098e-47 1.21023e-40 0.906937 1.15038e-98 0.193061 2.53257e-60 2.69336e-66 0.311412 1.18287e-82 9.35027e-71 0.495319 2.33515e-78 5.44485e-46 8.74462e-98 2.88314e-17 0.871248 3.08842e-85 8.44089e-05 6.10515e-117
3.32933e-09 5.14232e-18 1.97252e-08 1.3078e-33 4.96423e-09 5.96803e-61 1.65008e-34 4.61316e-06 1.33753e-22 3.91537e-44 4.09237e-97 9.80886e-33 1.13447e-62 1.0723e-54 7.44551e-25 1.73571e-183 2.59488e-57 6.74636e-110 0.0619128 1.56339e-103 2.11076e-132 5.38043e-16 1.52426e-61 4.73809e-71 2.14087e-65 1.07997e-127 2.80609e-59 8.02981e-139
3.58463e-46 6.95454e-150 3.51057e-94 6.12187e-42 2.68502e-142 1.3235e-73 1.18609e-09 7.19755e-129 1.81295e-137 3.02809e-13 1.52994e-95 2.02821e-34 5.3476e-39 2.58417e-52 1.48251e-61 1.39664e-122 6.72835e-56 2.25494e-119 5.71769e-12 3.76807e-69 6.40308e-38 6.91101e-40 0.0694294 2.5711e-77 0.153889 9.57387e-52 0.121096 0.169079
6.89308e-35 1.19934e-100 2.80583e-120 1.1394e-32 2.34447e-74 0.00325279 3.22407e-63 9.15952e-40 1.07294e-99 5.42288e-06 7.60262e-66 1.5665e-45 0.00036853 3.55398e-72 8.20415e-21 3.12105e-202 4.73946e-64 1.64706e-07 8.59437e-74 7.08961e-160 4.20566e-77 0.0249295 3.87343e-63 1.72228e-79 6.32918e-58 4.44337e-146 7.62768e-49 1.38184e-133
