7.40438e-183 2.28511e-34 1.64269e-112 5.01218e-174 2.47146e-249 1.76216e-07 2.85974e-153 3.9438e-176 5.54009e-100 1.41696e-293 7.6808e-109 4.22383e-62 9.13437e-34 1.08039e-233 3.82426e-151 1.98255e-121 5.08456e-170 0.480428 1.8188e-185 6.13471e-82 2.45377e-48 9.05482e-112 1.33512e-141 5.62722e-314 1.29445e-321 9.01572e-118 7.868e-195 6.08032e-240
1.03424e-11 9.24653e-148 7.02596e-39 1.95293e-216 1.37238e-270 1.6472e-144 7.52227e-10 5.60617e-140 4.05859e-153 7.40126e-99 0.380251 2.27717e-186 5.30566e-63 3.66234e-242 3.60812e-15 5.69666e-191 8.26189e-135 1.08488e-208 3.41281e-234 1.00175e-55 1.7406e-56 5.80794e-160 4.29488e-12 4.76279e-321 1.44081e-137 2.40942e-88 5.48704e-50 3.20359e-111
8.57823e-92 4.78625e-210 8.65355e-179 1.92102e-52 0.0317816 3.51498e-156 3.1435e-36 3.70339e-22 1.05e-169 1.36161e-208 1.86974e-88 3.54491e-118 5.43898e-41 6.50925e-277 5.95774e-158 9.48643e-215 2.76331e-54 3.9044e-195 2.01447e-178 0.413728 1.47898e-170 1.36722e-24 1.91206e-113 2.1571e-226 1.27963e-321 1.18308e-128 0.339859 6.5431e-203
8.22507e-07 1.06352e-189 7.93489e-88 5.49992e-125 0.0282859 6.69261e-142 4.86182e-125 1.59523e-126 7.59215e-40 8.42972e-271 6.04696e-94 1.13106e-162 8.56984e-156 5.00536e-304 3.83e-42 1.02766e-321 0.077822 4.07609e-15 7.77983e-184 6.27354e-56 4.52189e-45 9.42709e-159 5.6467e-193 3.96735e-321 3.30885e-167 3.14119e-113 0.00585587 3.98953e-157
7.67937e-84 1.88736e-122 4.04169e-93 1.82255e-08 3.22508e-167 7.00204e-181 5.35628e-53 2.66928e-174 1.37178e-20 3.23953e-251 7.92133e-161 3.52799e-136 0.236367 4.40492e-138 0.0106592 1.3241e-321 5.68921e-177 4.13586e-144 2.19287e-147 1.40862e-141 5.79813e-32 2.22135e-57 1.26768e-88 8.12487e-166 4.41871e-134 1.49515e-247 2.50483e-121 1.34183e-132
5.93656e-156 3.00672e-93 4.76702e-48 3.77829e-153 3.2525e-58 1.62369e-188 1.12842e-216 3.04742e-92 1.99915e-85 1.98528e-124 8.7984e-61 1.18417e-151 5.74871e-126 1.9318e-321 8.64015e-169 6.08652e-244 1.1307e-33 3.81118e-177 4.96928e-281 3.88181e-47 3.84787e-98 8.35523e-122 4.47918e-213 1.90147e-203 1.54871e-231 2.15009e-106 6.13269e-85 2.79201e-235
4.14592e-117 2.9995e-49 2.35002e-229 1.84244e-65 3.32305e-07 1.53332e-08 9.88481e-253 6.34159e-124 1.6294e-173 1.48436e-130 2.02799e-94 3.67957e-127 1.34681e-157 9.38652e-129 0.310234 1.16871e-129 2.18339e-17 1.03533e-31 1.28751e-205 5.85557e-61 2.97537e-200 4.21531e-14 6.05218e-109 1.1041e-212 3.95069e-235 1.87475e-265 5.6145e-154 4.21958e-95
3.85997e-05 0.0221993 0.000607844 0.00223098 0.000938182 0.000656568 0.00789009 0.0013017 0.000225342 5.97159e-306 2.70667e-171 1.56792e-201 2.32651e-207 4.94066e-324 1.56419e-194 4.94066e-324 2.84708e-221 5.63141e-233 1.4822e-323 1.20752e-162 3.82173e-209 3.45548e-274 3.98206e-273 1.97626e-323 4.94066e-324 4.26777e-268 5.25672e-213 3.06187e-253
2.8557e-321 1.60705e-79 1.16938e-08 1.63194e-40 1.70947e-321 7.05156e-120 1.49162e-165 1.75285e-75 9.12385e-118 0.196692 5.89785e-150 8.62931e-107 9.17533e-200 0.493041 0.188744 0.520083 1.14548e-05 5.69066e-20 1.07307e-174 8.93771e-41 0.0840733 6.23868e-127 4.01014e-69 3.14276e-81 4.49219e-35 8.00557e-13 1.01785e-163 4.62697e-112
1.55368e-212 2.84127e-35 5.17691e-262 2.54444e-321 1.51678e-321 2.17949e-175 7.8502e-68 9.6082e-16 3.32793e-151 1.59521e-152 0.588012 8.38087e-86 4.50745e-193 1.97502e-77 2.1654e-177 5.29485e-285 9.37431e-87 0.166374 1.15291 1.39672e-133 4.27961e-60 0.0154376 3.32213e-265 1.35965 0.238778 1.28959e-117 1.2178e-170 3.00424e-168
5.90605e-212 1.10242e-70 2.92016e-160 1.45782e-223 7.0875e-229 1.14018e-160 1.37005e-239 3.29078e-208 1.18457e-96 9.72453e-171 2.34813e-40 0.175333 7.34034e-198 9.89337e-276 3.91711e-39 1.54734e-177 0.395618 1.90768e-95 6.37207e-176 0.637709 0.136925 0.780341 0.288364 5.47919e-321 1.63114e-281 1.08921e-257 8.03429e-52 0.825696
4.94118e-164 8.58279e-286 2.01391e-217 2.43574e-321 1.56619e-321 4.07408e-222 1.41665e-270 6.82577e-106 9.6162e-231 3.40371e-81 2.54498e-122 2.37484e-118 5.98168e-148 1.88239e-321 3.65462e-71 9.19237e-206 4.69489e-102 3.70128e-140 2.68656e-170 6.62428e-133 3.9231e-135 1.32913e-163 5.30334e-37 4.50648e-258 0.158907 0.137925 1.6632e-54 1.43389e-181
1.68377e-241 4.16796e-31 1.55827e-180 1.4922e-118 2.74434e-42 6.41788e-29 1.80002e-242 9.84922e-46 3.87545e-14 7.53582e-143 1.99184e-149 5.02272e-99 0.262033 9.04858e-300 6.77684e-88 5.50645e-172 1.41587e-123 4.41013e-07 1.91768e-93 1.97396e-159 9.31081e-55 1.12676e-22 6.00625e-238 1.17662e-285 3.09197e-299 2.14579e-118 1.08071e-183 7.95249e-111
0.0190819 1.84997e-07 2.05066e-11 3.79995e-17 3.01967e-11 7.8166e-05 1.7186e-09 1.30101e-13 7.01104e-09 1.51297e-298 4.6121e-167 8.01981e-196 1.06915e-198 6.91692e-323 2.42301e-191 6.91692e-323 2.77663e-210 1.09254e-222 7.41098e-322 3.09875e-155 1.73425e-201 4.5829e-264 1.16686e-271 2.37152e-322 6.42285e-323 1.32922e-255 1.69761e-198 3.04468e-253
