3.43135e-118 7.54776e-14 5.00119e-72 5.74713e-32 3.94736e-158 3.43777e-181 4.02884e-46 3.88908e-07 0.100158 0.0745539 1.82419e-74 1.68216e-66 6.99931e-230 3.24982e-22
1.39962e-87 1.52375e-115 2.39401e-138 1.07245 1.08828e-71 8.36863e-200 1.07369e-87 1.71396e-107 1.18248e-155 1.12314e-140 1.23256e-54 2.17245e-117 6.38733e-224 3.6561e-117
3.49185e-112 4.73251e-88 9.785e-69 0.476877 1.37373e-74 1.72714e-57 1.34291e-106 8.41039e-11 3.07679e-154 1.26404e-68 4.53843e-65 1.03186e-34 1.40745e-134 1.61546e-45
2.81308e-17 1.10088e-95 2.01965e-106 3.46682e-75 9.69812e-177 3.34524e-31 3.73637e-30 1.26791e-96 2.89777e-17 0.00759647 1.73896e-11 3.52101e-77 7.79989e-242 1.4282e-116
1.88334e-126 3.28935e-62 2.47807e-48 1.84487e-73 1.82718e-139 1.1687e-154 7.03193e-96 1.33525e-140 4.78119e-110 1.26128e-188 3.06724e-29 1.4362e-24 0.373619 5.08454e-18
3.54519e-77 3.60537e-50 3.32489e-121 0.114142 1.07396e-47 3.36167e-95 5.7355e-76 1.32163e-50 1.96154e-102 1.93628e-159 1.93793e-56 6.53644e-108 3.17174e-177 1.47265e-113
4.90059e-116 1.98763e-41 0.781581 9.95946e-09 1.37422e-165 0.0676482 4.38466e-39 6.34838e-108 1.70248e-153 2.00461e-155 0.131008 1.55722e-37 2.59162e-62 9.29493e-65
2.93818e-90 0.395335 4.13694e-109 6.22196e-49 1.43198e-53 3.0327e-114 1.5229e-64 0.241369 3.6344e-120 1.20937e-91 0.00257 1.71055e-84 3.76466e-84 3.74053e-120
3.24936e-110 5.1587e-79 1.07528e-79 1.52685e-07 3.59503e-33 2.99785e-204 1.13435e-112 9.8112e-23 0.0157566 4.58022e-92 7.62607e-74 1.14925e-34 1.25475e-241 3.18358e-32
3.36984e-53 1.83046e-15 5.22642e-144 9.44725e-59 1.49242e-08 5.76629e-119 2.73669e-79 1.84768e-18 5.93513e-40 2.21111e-117 2.51558e-25 4.52446e-135 4.74284e-103 0.532515
0.275329 1.07224e-07 7.53286e-70 1.95866e-62 0.115187 9.76563e-66 8.86449e-67 0.272647 1.54281e-104 2.67475e-193 7.09202e-123 1.4621e-114 5.68308e-221 5.72841e-72
1.24151e-09 1.92919e-16 1.80658e-36 8.44157e-60 0.00342742 1.80677e-35 3.74421e-43 9.11632e-109 0.061511 1.7445e-187 1.30225e-68 0.400358 1.1464e-103 1.05109
1.76912e-142 7.20247e-154 1.09262e-141 0.0766468 7.15196e-18 5.13681e-81 0.0658522 2.74228e-76 3.33078e-112 5.44441e-07 6.66107e-98 1.50631e-77 3.66808e-150 1.29242e-108
7.87165e-136 3.32688e-53 0.0248683 7.04584e-12 3.78062e-86 9.5448e-43 4.10215e-83 2.78742e-143 4.38671e-162 2.29389e-34 1.94879e-17 1.44347e-38 3.12686e-51 1.57665e-108
1.77018e-158 1.13649e-166 2.48666e-116 4.27995e-95 5.50728e-80 4.71818e-22 0.0228405 2.39408e-70 1.7322e-122 1.17821e-21 1.24895e-81 2.25169e-83 9.71739e-225 7.81962e-92
