1.76279 0.433706
1.6897e-321 1.30887e-193 2.49503e-321 1.81648e-223 2.93969e-321 4.60352e-285 2.18871e-321 1.4784e-18 2.96533e-222 1.32045e-288 2.59837e-34 2.35175e-321 5.79563e-279 6.62201e-222 1.69959e-321 2.81833e-120 0.263057 6.8232e-297 3.20524e-124 4.74298e-28 1.65944e-187
4.46605e-157 1.83821e-196 2.70354e-77 1.60571e-321 1.8274e-292 3.36098e-184 2.16936e-122 8.15208e-322 5.96375e-09 1.43058e-251 1.17553e-23 2.32211e-321 4.09913e-14 0.554679 2.01085e-321 1.67184e-151 1.96638e-321 3.64294e-311 3.07439e-169 2.37545e-171 4.9661e-194
1.29445e-321 1.31852e-162 8.27314e-302 2.54743e-291 2.94957e-321 7.80624e-322 8.04491e-202 1.01778e-321 2.13656e-257 7.06514e-322 0.092998 3.45352e-321 4.68539e-07 3.57791e-24 2.4061e-321 2.13436e-321 2.30158e-115 4.1738e-161 3.83962e-179 1.43079e-171 1.92583
1.40425e-268 2.75063e-183 2.15413e-321 1.88108e-16 4.95257e-234 8.81144e-71 4.1616e-292 0.000321986 1.05808e-84 6.0276e-322 0.913726 2.41104e-321 4.32468e-07 2.87382e-257 1.97626e-321 1.27752e-281 2.46045e-321 4.4515e-168 1.03552 5.77188e-74 1.67098e-177
1.34386e-321 1.43279e-321 1.1677e-142 6.11243e-86 7.82754e-59 1.00295e-321 3.02101e-227 5.02489e-127 9.3329e-321 2.29705e-248 8.09071e-317 2.08002e-321 4.50758e-241 2.49678e-103 2.48515e-321 2.12448e-321 3.09779e-321 4.58235e-45 0.124402 1.23945e-110 4.70525e-53
4.70451e-132 5.06808e-224 9.83861e-138 5.73467e-154 7.86851e-171 8.59674e-322 2.93171e-173 4.9037e-240 9.39778e-108 1.71371e-61 1.01369e-301 2.20353e-321 1.92245e-89 1.75619e-163 1.53654e-321 1.66006e-321 2.95631e-179 2.38309e-191 6.42835e-203 9.3621e-65 2.91699e-232
4.00403e-19 4.28515e-117 5.47816e-221 1.4822e-321 5.32885e-44 1.27276e-24 1.92192e-321 6.43819e-10 2.611e-289 1.28141e-23 0.111722 8.03879e-271 5.2125e-60 1.18194e-232 1.74899e-321 4.28022e-179 3.46548e-109 2.35135e-255 2.31339e-200 2.52697e-100 6.05724e-321
3.30093e-78 2.38865e-217 1.37032e-255 2.01542e-183 2.87722e-218 3.58523e-96 2.45e-64 4.1264e-13 4.38483e-227 9.35397e-131 5.84617e-211 4.10553e-248 6.93665e-225 3.27581e-221 4.46429e-309 5.00481e-215 0.059344 8.49981e-309 6.1705e-229 3.2712e-57 7.47207e-75
0.00011243 0.00241982 0.000460822 0.000169954 0.000130983 5.94017e-07 0.00213314 0.000324963 0.0229896 0.00103987 4.44659e-323 1.4822e-323 1.17688e-310 5.05308e-274 4.94066e-324 1.4822e-323 1.97626e-323 1.4822e-323 8.21836e-290 2.96439e-323 5.43472e-323
2.31857e-249 1.18014e-57 1.0167e-80 1.40809e-321 4.47754e-16 7.83045e-320 8.32371e-85 1.41349e-233 1.18576e-320 5.73884e-64 1.35613e-271 1.97132e-321 0.509296 8.09477e-167 1.57607e-321 3.36557e-145 1.99888e-294 0.286346 9.01508e-22 1.04254e-239 2.17916e-83
5.32353e-75 1.76065e-213 7.57151e-147 4.31068e-147 7.73577e-124 1.31282e-219 1.13397e-251 2.7881e-94 5.92023e-65 4.03116e-162 2.90795e-194 2.23812e-321 5.49318e-307 0.152036 2.38731e-260 1.32224e-96 2.55926e-321 1.60405e-222 3.35935e-276 1.46542e-180 1.92336e-186
2.25337e-277 4.12865e-88 2.43574e-321 1.45255e-321 3.42914e-19 6.35634e-125 2.84088e-321 1.02272e-321 1.57854e-320 2.46207e-86 5.0317e-172 1.35501e-90 8.82056e-184 3.59611e-175 1.13778e-131 0.549541 0.00397465 2.35669e-321 1.72625 4.84234e-10 9.99989e-321
0.00396478 0.000408544 0.00461739 0.00497964 0.00553866 0.00266508 0.00218494 0.00245615 7.21319e-08 3.7701e-06 5.92879e-323 1.97626e-323 1.04818e-311 3.13699e-270 1.4822e-323 1.97626e-323 2.47033e-323 1.4822e-323 2.52047e-290 3.95253e-323 6.91692e-323
2.51479e-321 2.71242e-321 2.80344e-222 2.06519e-321 1.64989e-299 7.85564e-322 3.45846e-321 3.96786e-249 1.6571e-320 1.24032e-197 8.79091e-131 1.07021 7.92539e-277 0.0680712 1.11408 3.77454e-46 0.539975 0.179434 9.73007e-105 1.51216 7.34806e-267
5.32972e-158 1.27975e-112 1.05185e-137 2.23812e-321 2.07276e-06 3.10589e-316 3.11033e-47 8.54734e-322 1.04149e-320 6.53578e-56 0.244222 2.41858e-294 3.31593e-110 1.56494e-168 1.35868e-321 1.10524e-259 2.48021e-321 4.64152e-135 1.69983e-284 4.0711e-321 1.49596e-275
4.43759e-49 1.16678e-37 1.06587e-266 6.33186e-317 9.1806e-246 1.22753e-209 1.56697e-224 1.33646e-150 1.27039e-206 4.8492e-205 2.11575e-182 6.51673e-321 5.75351e-104 2.37156e-268 1.90215e-321 2.08619e-255 7.18776e-195 3.66622e-139 1.30289e-171 2.6459e-196 1.25246e-320
