2.93922e-73 1.33797e-49 1.70947e-321 2.45366e-213 1.25493e-321 4.84467e-208 1.4871e-108 8.69735e-14 8.47051e-113 4.01675e-321 3.29118e-104 3.64799e-263 2.49816e-294 0.551975 2.79641e-321 3.95383e-128
2.51479e-321 4.46999e-91 2.10795e-90 5.32218e-46 9.37516e-41 4.18606e-252 7.98275e-12 8.7741e-146 1.88239e-321 2.27825e-31 4.17213e-316 2.83881e-156 1.19818e-288 7.14434e-31 0.875529 3.72272e-206
3.21669e-99 7.33009e-149 5.33803e-30 6.37862e-208 2.52477e-217 6.1529e-110 3.60726e-168 1.87699e-122 9.64427e-261 1.40417e-307 6.33581e-80 0.0912023 2.33133e-235 1.02956e-133 2.92981e-321 1.2653e-95
1.21177e-164 7.77804e-280 4.77139e-249 2.2266e-175 1.35868e-321 6.57107e-322 2.41067e-244 2.86703e-232 6.8033e-34 7.53995e-16 1.15321e-204 1.34118e-80 1.54256 0.076577 1.54877e-113 8.23125e-205
1.47292e-60 1.28696e-201 3.50359e-205 1.2575e-318 1.44267e-321 7.60861e-322 6.71929e-322 7.56908e-60 3.2484e-214 1.0915 1.56235 1.86985e-269 3.07159e-160 1.49962e-113 3.55233e-321 3.01063e-88
1.03923e-213 6.27849e-250 1.35784e-204 7.86788e-79 1.63536e-321 1.7387e-24 2.31057e-112 1.07817e-148 8.64588e-92 0.149692 8.76564e-31 3.14452e-130 1.71293e-320 2.33997e-45 3.03356e-321 1.55286e-113
5.93249e-06 3.75535e-06 7.52632e-06 0.00394023 6.47334e-06 2.0094e-06 2.71795e-06 3.16051e-06 0 0 0 7.01054e-304 0 0 0 1.10395e-302
2.29246e-321 5.67864e-157 2.16895e-321 1.26391e-318 7.78951e-244 9.00634e-144 4.68138e-222 7.70621e-30 3.40229e-191 4.82702e-321 1.41261 5.33847e-32 1.1769e-197 7.82086e-133 3.50293e-321 1.14012e-99
3.34758e-168 1.10094e-175 2.11954e-321 7.79348e-203 7.81977e-122 1.26734e-210 3.88733e-261 7.74615e-16 2.56308e-182 3.74008e-321 9.81159e-194 1.12553e-273 1.18576e-320 0.091753 1.89401e-171 9.94149e-184
0.000120181 0.000119095 7.50727e-06 0.140715 2.24541e-05 3.25856e-05 3.54571e-05 3.75483e-05 4.94066e-324 1.4822e-323 3.95253e-323 1.20564e-301 4.44659e-323 2.96439e-323 9.88131e-324 6.60372e-300
1.48112e-180 6.60051e-174 9.98392e-288 5.86867e-82 1.3735e-321 4.85566e-191 1.11491e-142 1.03295e-110 2.45349e-273 5.21757e-154 3.41589e-108 2.09011e-30 4.33203e-220 1.27235 1.27851e-309 1.56196e-123
8.28057e-81 3.19579e-118 1.47626e-196 4.58554e-256 1.86785e-52 3.0744e-25 4.70659e-104 6.50441e-187 3.01665e-148 5.8466e-82 7.53218e-198 0.11692 2.08531e-262 2.32429e-170 3.3914e-297 7.40312e-242
8.94237e-05 2.64442e-05 7.58933e-05 0.0219037 2.50543e-05 2.70566e-05 1.22667e-05 2.10338e-05 0 0 0 1.54459e-302 0 0 0 1.74603e-301
5.50524e-95 2.3472e-228 1.12873e-225 3.15013e-56 3.61596e-98 3.66199e-90 9.00883e-49 9.1942e-28 8.7593e-128 2.12525e-292 1.36043e-55 0.178366 1.97496 8.72461e-92 6.68641e-86 0.627592
2.7225e-05 4.04102e-06 7.54901e-06 0.424249 6.72577e-08 0.000508614 2.97025e-07 4.02709e-05 2.47033e-323 6.42285e-323 1.92686e-322 3.85067e-298 2.17389e-322 1.63042e-322 4.44659e-323 2.25008e-299
4.72224e-05 2.11904e-05 0.000104107 0.0231708 8.60572e-05 6.5617e-06 7.5358e-06 3.96511e-05 0 0 0 3.51307e-302 0 0 0 3.98064e-301
7.00593e-227 1.83844e-150 1.91203e-321 2.07348e-91 1.92192e-321 6.80928e-49 7.07807e-51 1.04629e-299 0.389109 1.58434e-312 0.689801 8.22229e-125 6.3061e-16 1.97666e-23 8.84063e-210 4.55103e-270
