4.95367e-24 8.76562e-119 1.99442e-66 9.3288e-81 1.54453e-115 0.321903 6.13429e-13 0.563543 9.70282e-79 5.96589e-72 3.52273e-89 1.15533e-35 2.76565e-97 3.19913e-30 2.82782e-07 3.52212e-60 1.75695e-21 3.34652e-50 0.237286 1.84068e-97 6.15939e-129
3.56997e-12 6.4011e-71 7.13981e-31 2.0634e-57 5.58957e-122 3.65674e-56 8.00131e-24 0.237017 8.68651e-116 0.211813 2.23941e-47 0.39184 1.10262e-68 9.278e-129 4.59717e-08 2.91798e-19 2.74752e-97 2.95718e-32 1.44561e-76 9.62542e-46 1.42529e-58
3.77528e-67 3.23086e-99 3.27124e-68 5.52818e-66 1.36434e-47 1.26801e-111 0.206571 3.74519e-27 2.1619e-18 1.68629e-97 3.56338e-18 3.38075e-106 0.166415 5.67021e-06 2.33357e-06 3.32558e-70 3.53829e-78 1.2464e-29 8.14178e-56 0.191915 0.931539
7.12364e-71 2.94195e-205 2.83251e-51 0.236951 1.24584e-86 0.0923203 2.39506e-24 3.84837e-154 1.26618e-10 7.63943e-102 0.314286 1.02397e-73 6.58122e-79 0.186115 5.31202e-06 8.11592e-21 1.22652e-106 0.0799346 9.81499e-61 1.33101e-11 0.0914127
6.31164e-98 8.19421e-49 1.12199e-87 4.84426e-84 1.53699e-113 4.05944e-102 8.76025e-23 3.15242e-60 1.61301e-41 1.69223e-66 1.8915e-34 8.26517e-135 9.31481e-21 0.180896 6.42673e-57 6.06723e-41 1.23529e-50 1.84105e-142 9.886e-30 3.41402e-118 5.63797e-64
2.09218e-75 8.61463e-152 1.1577e-76 6.37606e-20 2.09641e-50 4.55778e-24 1.59669e-87 1.22088e-128 2.36262e-85 4.58773e-87 6.25475e-71 0.0878104 6.21101e-107 3.1445e-65 2.16458e-27 4.66402e-28 1.12631e-98 3.0286e-26 2.15654e-13 1.62283e-48 0.271492
5.66136e-111 3.84887e-211 1.22845e-74 5.43588e-48 8.87878e-59 3.02865e-11 0.50131 8.46116e-09 8.80475e-45 1.28859e-155 4.05893e-142 1.70065e-38 2.67899e-31 2.22089e-60 2.72607e-16 0.0716046 1.95062e-60 2.12951e-35 8.82548e-42 2.02769e-66 5.81167e-53
3.5692e-76 2.68613e-136 2.81762e-70 6.19402e-67 2.18353e-109 1.89309e-61 8.79718e-63 1.70552e-91 2.15539e-119 2.19982e-170 2.39844e-118 1.02892e-147 2.50687e-134 1.11105e-112 0.036152 9.78675e-95 4.11788e-90 3.14854e-138 1.47154e-48 3.53482e-104 2.86114e-88
0.0407838 3.36251e-221 9.2276e-45 1.30386e-94 2.38577e-123 0.0247965 2.64846e-67 6.30136e-33 0.146359 2.82479e-79 2.82659e-117 2.29808e-110 7.8785e-80 1.00508e-60 1.91076e-51 0.00152296 6.75064e-138 6.40131e-44 3.24703e-18 2.28213e-06 3.38885e-140
1.80866e-91 1.6475e-139 4.03502e-78 1.61645e-87 5.72529e-27 1.10386e-28 8.01851e-68 1.64745e-147 1.64953e-119 9.94152e-143 2.86893e-43 2.19039e-67 1.01227e-100 3.72262e-60 0.129737 1.48119e-21 8.3917e-61 1.0289e-85 1.0886e-82 5.59203e-111 7.75784e-155
1.50445e-116 4.11614e-122 0.0292847 9.07456e-75 0.294264 3.06519e-35 6.48297e-55 8.2662e-141 3.26768e-71 2.26857e-78 7.85181e-59 1.70443e-09 4.38443e-122 5.23001e-139 0.203781 2.59922e-25 6.36083e-138 9.87686e-94 3.22379e-52 7.07882e-91 1.48864e-27
7.46898e-27 0.138368 8.20606e-80 0.0829237 1.65524e-09 0.000285872 2.95132e-67 4.87094e-87 7.09131e-73 2.11079e-61 2.92917e-53 4.1228e-12 7.7354e-34 1.95538e-57 8.213e-48 4.73031e-126 0.829363 3.45768e-161 4.26961e-50 3.44906e-58 1.37618e-113
4.44584e-45 9.432e-149 4.51324e-47 5.88465e-83 5.86166e-101 1.07413e-55 4.75472e-38 9.54346e-126 6.24751e-95 9.05159e-176 2.21351e-141 8.85069e-42 1.78472e-73 1.55519e-116 0.28672 3.63134e-53 9.7279e-118 8.15647e-70 4.09663e-61 1.67066e-133 4.48836e-138
