1.77583e-238 1.23664e-97 1.52368e-214 2.35622e-63 0.303608 4.20458e-69 1.88417e-78 1.617e-34 1.0564e-23 9.8672e-127 1.00969e-119 6.00336e-86 8.70934e-137 2.19894e-43 3.04405e-124 5.79412e-186 7.48749e-69 0.434386 3.34344e-164 5.50946e-95 4.0211e-231
0.493473 0.197177 7.95873e-15 3.03315 1.29316e-99 2.29839e-155 0.775645 1.34828e-114 3.13851e-62 0.643633 2.2888e-208 0.471793 0.317522 8.88054e-173 0.1597 0.675844 1.55904e-67 1.05855 0.117535 4.83691e-62 0.25264
2.33785e-288 5.36483e-25 4.16667e-155 1.86029e-27 2.62985e-46 0.298666 2.20652e-57 0.0764173 1.88452e-70 1.41847e-253 1.75771e-87 2.05935e-23 6.90776e-35 0.32389 3.26693e-197 2.37881e-149 0.00102318 0.937062 0.0437145 2.03343e-74 5.05799e-73
4.82715e-263 2.17487e-138 3.29484e-32 5.10772e-146 0.166679 1.27512e-47 8.32773e-181 0.158421 4.26801e-113 4.14031e-204 1.19081e-109 2.1837e-27 1.50046e-09 3.67183e-148 1.4587e-128 2.23311e-244 0.423549 1.88453e-75 1.86118e-168 1.93617e-104 1.73571e-103
9.41746e-48 1.62854e-57 0.243922 4.87962e-119 4.11268e-71 1.46624e-59 5.81158e-215 2.07502e-79 0.110729 1.66845e-278 0.36586 1.54388e-83 8.57353e-149 1.01459e-109 0.240577 8.58831e-41 3.76412e-34 2.67352e-65 9.95129e-21 7.12967e-08 8.07419e-204
5.23304e-248 3.17345e-108 1.06426e-166 1.24953e-112 2.1781e-174 3.10134e-145 7.05838e-210 2.35573e-126 2.13277e-69 4.78695e-139 2.89711e-157 1.72671e-177 1.91429e-41 3.18249e-152 1.6099e-73 3.52537e-136 5.43421e-23 0.191199 4.46868e-126 5.60214e-102 4.0115e-220
6.60849e-318 8.13153e-111 3.30748e-143 4.56347e-102 3.97129e-99 2.52691e-168 2.80475e-159 1.29459e-113 2.44845e-06 6.86153e-249 1.07426e-195 4.86978e-207 1.62693e-184 2.66811e-139 1.05868e-56 6.49632e-160 0.230443 4.92779e-77 1.19156e-47 9.35837e-101 6.55535e-239
6.66801e-319 7.46439e-55 4.56046e-135 2.5636e-132 5.41353e-65 1.096e-57 3.12056e-178 6.14359e-43 2.99391e-88 5.67791e-85 1.74251e-214 2.38469e-135 2.13556e-96 1.0785e-36 1.92001e-187 1.51192e-271 1.52868e-98 0.159078 1.01412e-68 0.291594 6.93591e-186
1.07044e-87 1.72841e-55 1.0002e-47 5.5277e-170 1.03971e-208 5.51408e-169 4.02996e-150 8.36792e-110 2.90609e-89 1.27591e-244 9.27969e-74 0.00890107 1.68869e-46 6.68186e-98 1.8212e-150 5.00353e-66 1.48097e-59 1.92459e-07 1.10692e-127 0.222142 5.01113e-86
4.38034e-96 1.40593e-29 4.44561e-101 4.98367e-99 1.06324e-143 8.08532e-60 9.76572e-144 3.04908e-164 0.0687894 7.45485e-200 1.25771e-120 2.11055e-223 1.02656e-150 2.22208e-234 1.4022e-181 6.77606e-134 2.19914e-46 0.196228 1.89305e-80 6.58813e-72 1.35625e-95
6.72286e-317 1.98352e-128 3.74591e-175 1.20862e-145 9.815e-113 4.38568e-180 3.71917e-191 2.32267e-95 1.31391e-66 1.64773e-259 8.15341e-211 1.52702e-168 2.61888e-166 1.54159e-186 1.89062e-204 1.80188e-187 1.54851e-102 0.154918 9.54292e-126 1.74645e-96 3.02468e-158
4.46455e-292 8.33368e-06 1.3662e-61 1.31052e-147 2.45581e-212 1.997e-91 2.12899e-131 9.77194e-177 7.9967e-86 9.2712e-116 1.64682e-116 2.63218e-34 1.0352e-77 1.81696e-169 1.82438e-161 3.25459e-220 1.80948e-24 1.00589e-15 6.54633e-146 0.134944 3.26423e-91
4.37271e-267 1.01481e-137 5.57739e-197 6.62182e-191 3.9209e-47 3.14462e-141 1.98664e-194 1.77726e-166 1.102e-21 9.30408e-265 2.28347e-229 2.45851e-89 8.70016e-68 8.73117e-70 1.17809e-175 1.19358e-285 0.34339 4.31685e-50 3.13193e-48 8.65013e-71 4.10754e-201
