5.65485e-54 1.17557e-43 3.43168e-16 6.59679e-104 0.000201449 0.0400832 1.05182e-12 1.37228e-146 1.60233e-21 5.07534e-95 6.82112e-43 6.18704e-54 6.52763e-34 3.96149e-41 6.04095e-67 3.01474e-07 0.0412671 0.0583263 1.20127e-87 1.16146e-57 2.7137e-62
3.86354e-38 7.66507e-41 3.51587e-59 8.72314e-89 0.316794 3.73541e-53 1.41751e-106 5.44344e-44 1.33336e-62 8.72666e-109 3.68063e-09 5.44392e-91 2.46058e-47 3.52948e-60 1.2524e-53 1.17808e-15 2.84807e-16 7.00059e-44 1.13407e-35 2.33874e-83 5.57174e-11
0.205855 4.46486e-89 0.0312432 5.01286e-53 2.72675e-54 1.11549e-59 2.98619e-32 8.85314e-105 0.131273 3.29064e-110 3.93282e-12 2.08868e-47 9.60254e-07 9.95343e-05 1.87481e-70 4.66663e-18 3.61569e-108 2.54972e-55 9.08253e-64 1.5506e-47 4.60425e-86
1.21973e-102 1.07135e-80 5.17068e-15 1.22203e-71 4.90748e-20 6.17831e-51 3.07766e-120 7.28925e-67 2.30451e-77 4.04933e-75 4.02686e-34 2.30861e-52 1.44017e-75 3.40524e-62 3.02466e-58 0.193423 1.04798e-93 2.59061e-38 4.83819e-113 1.13188e-102 1.8939e-44
2.22133e-47 2.05805e-33 8.98207e-16 0.063446 1.89684e-16 2.50994e-39 7.07079e-123 1.126e-12 3.84703e-77 1.19963e-44 5.4339e-81 7.47053e-68 2.71072e-19 3.09543e-71 2.68e-78 5.67873e-22 2.01336e-139 5.11087e-98 0.467139 1.12673e-79 2.41102e-17
1.19127e-56 6.25295e-57 6.4149e-52 3.3413e-79 3.37256e-85 1.67267e-76 1.24471e-113 3.08435e-103 5.09274e-46 1.19566e-78 7.09204e-76 2.14026e-102 1.70979e-60 8.60504e-40 7.60908e-78 3.71054 1.60494e-132 4.86619e-85 1.00869e-70 4.33706e-67 2.15249e-88
0.178296 2.3634e-70 1.19904e-12 1.43066e-19 1.28514e-78 3.73528e-17 9.79062e-140 1.19456e-37 2.65465e-44 6.33978e-107 5.34304e-83 2.09614e-41 4.84483e-72 1.04945e-56 0.0822631 6.4327e-44 2.75983e-119 0.162448 4.13496e-46 2.81079e-51 3.55335e-40
1.52557e-28 1.21421e-41 4.9465e-44 2.19877e-90 6.32639e-18 1.61043e-45 1.56984e-59 5.6375e-99 1.08661e-67 3.98178e-103 6.65077e-64 6.99553e-86 2.17488e-50 1.93354e-17 6.70035e-80 0.0253912 7.71697e-122 5.8497e-62 0.0377132 2.79777e-69 4.90835e-15
2.09176e-24 2.25253e-83 1.22436e-37 1.2065e-35 6.46622e-81 1.77726e-60 5.25314e-84 6.84797e-137 3.60718e-49 1.89714e-82 3.07051e-59 2.31371e-96 5.4019e-39 1.81368e-24 2.70916e-23 0.0158858 8.93111e-91 1.13422e-11 2.40138e-78 2.13437e-26 4.37106e-27
0.0264151 3.30659e-96 1.07835e-42 1.15814e-102 0.0867915 3.51239e-40 1.50454e-113 9.50138e-08 4.77192e-09 5.67273e-56 0.189706 3.1115e-78 2.28496e-47 1.01535e-73 2.55461e-54 0.21319 1.71323e-113 1.61046e-11 0.0155879 3.45771e-53 0.238138
1.18951e-18 1.39039e-58 1.9079e-42 1.39754e-10 0.00865889 7.30578e-21 3.16253e-131 2.55847e-76 8.89333e-06 1.73612e-51 1.99195e-51 0.031676 7.97104e-30 0.0616599 6.49793e-24 1.20904e-44 6.32698e-06 6.26758e-34 2.57877e-33 0.138856 1.51124e-15
1.02137e-34 0.0740173 7.21494e-29 1.68008e-98 1.96959e-82 5.54332e-65 0.051335 0.243756 0.00115509 0.0235055 6.03594e-55 8.95611e-93 7.52071e-27 5.07131e-25 7.23316e-77 0.00443854 3.28924e-137 2.90996e-98 2.76415e-16 2.56581e-58 1.44553e-54
7.56904e-89 7.96996e-59 4.97183e-37 7.42391e-95 2.57163e-49 0.0178082 2.05674e-112 2.0071e-19 1.28465e-68 1.64948e-43 1.32856e-51 0.0391047 0.0917269 8.38906e-37 2.84233e-41 1.82186e-52 1.35533e-49 0.139514 2.67219e-35 7.86242e-61 5.67203e-77
