6.65255 0.113448
1.92147e-191 4.47858e-230 5.93102e-117 1.20173e-29 0.00630092 0.0788953 8.86505e-76 3.83306e-114 2.59812e-74 1.21619e-74 3.02646e-47 8.84344e-65 1.9587e-49 0.194028 3.06703e-05 0.258078 0.0345129 6.33541e-54 2.21771e-112 0.208293 6.16428e-23 2.80676e-94 1.21306e-47 2.9839e-109 0.233726
1.18755e-109 1.85865e-113 1.3471e-180 1.3138e-09 0.121528 3.15047e-43 0.177506 3.00335e-91 3.177e-48 0.000355452 1.17722e-56 1.22326e-09 1.21078e-20 5.68234e-108 3.74815e-07 2.67603e-152 0.447207 9.0421e-139 5.51553e-51 4.72954e-163 0.329057 1.91177e-23 0.0693836 1.93199e-50 1.14006e-50
8.02643e-14 1.51959e-151 5.49421e-86 9.54647e-99 3.34788e-86 4.95135e-42 4.05669e-45 7.68533e-09 5.49833e-24 0.047278 1.12424e-40 1.82558e-42 1.78959e-66 1.69559e-211 0.150146 2.71601e-136 3.8382e-20 1.56154e-33 2.03485e-123 1.31492e-210 8.32173e-95 3.06316e-41 2.57877e-160 1.07919e-57 6.38522e-53
7.1342e-05 0.000240579 0.0208417 0.00127068 9.32794e-104 3.01451e-175 7.57681e-118 1.96056e-119 2.86078e-115 7.85956e-99 2.52472e-103 5.83025e-150 5.96534e-150 1.69175e-234 3.06648e-105 2.19068e-171 3.15283e-73 3.18071e-145 3.08326e-137 1.36522e-237 1.17e-142 6.67381e-101 4.40271e-185 1.92704e-119 1.14762e-115
0.000128026 0.000303168 0.0380762 0.000667767 1.01692e-103 2.19503e-174 2.5582e-117 2.94386e-119 5.77412e-115 1.42002e-98 6.0589e-103 6.071e-150 3.03448e-150 4.18783e-234 3.19246e-105 2.82905e-171 4.30687e-73 5.3092e-145 1.69128e-136 2.95877e-237 3.34488e-142 6.41685e-101 2.61146e-184 1.04423e-119 9.69415e-116
8.92602e-108 8.46213e-90 2.05829e-116 1.01719e-25 3.98575e-60 1.48079e-56 3.7655e-99 1.24611e-54 3.57469e-30 0.130035 1.56697e-19 1.07686e-128 4.88517e-114 1.66427e-132 1.31616e-52 4.83806e-125 1.18455e-61 1.51163e-87 7.17085e-95 6.80188e-192 3.67473e-47 3.27799e-32 1.60016e-161 1.67564e-92 4.30089e-99
1.01658e-39 1.83429e-23 1.50656e-121 2.29384e-70 2.66861e-11 2.04828e-20 1.12824e-75 0.119179 2.32733e-60 1.46952e-29 0.709974 0.135917 4.61103e-136 2.07025e-216 7.3398e-46 5.02028e-108 6.33132e-09 0.0342859 1.00251e-134 7.70892e-120 4.73039e-51 0.127039 3.98409e-27 0.0835944 4.73917e-107
3.44449e-82 1.60561e-148 1.45918e-169 5.97317e-113 5.40266e-78 2.04442e-136 1.39436e-18 6.5916e-83 1.07146e-48 8.19439e-47 7.16969e-83 2.95639e-49 2.10642e-105 1.51672e-172 4.23377e-41 7.43525e-33 5.42872e-15 5.40099e-17 4.88678e-116 4.52638e-44 1.49266e-128 1.14061e-73 1.07978e-101 9.81432e-40 0.0680329
3.70059e-129 3.22733e-69 2.82662e-131 2.70467e-36 1.65431e-49 2.58926e-141 6.08602e-55 2.03972e-27 0.316151 1.70935e-59 1.93385e-45 1.26144e-32 0.114982 1.489e-219 1.70291e-92 1.40174e-148 0.616943 3.48947e-99 0.114073 1.01549e-223 1.56173e-93 3.08233e-32 9.09761e-24 4.65335e-16 1.47756e-106
9.00771e-15 1.14614e-08 1.22064e-13 0.0389659 1.89586e-94 6.50278e-167 1.77511e-112 6.23923e-112 5.40655e-113 7.73792e-95 4.5952e-96 9.83103e-137 2.01754e-140 1.6054e-232 2.82737e-101 5.04177e-162 1.17655e-70 5.42018e-139 5.05803e-125 1.57995e-221 1.23077e-129 9.42828e-87 6.92523e-170 1.06435e-114 1.99348e-100
