0.0140703 4.39143e-72 2.81181e-50 4.67722e-39 2.53208e-47 1.01278e-106 2.71162e-12 2.8751e-108 3.84524e-18 8.0587e-40 5.00033e-35 0.0164099 2.1627e-65 1.34753e-17 5.6733e-82 8.68688e-19 3.32736e-88 8.24153e-57 1.14908e-59 0.376378 1.67401e-49 2.73566e-12 9.07347e-129 9.6402e-87
6.27383e-96 1.03098e-70 8.56986e-65 1.0636e-93 2.24026e-76 1.65208e-43 2.06118e-59 8.76424e-63 6.19013e-82 8.81868e-94 8.46155e-79 2.58811e-45 3.58459e-65 0.0314675 9.4834e-81 0.294972 7.61412e-11 0.177351 0.191992 0.740759 4.18678e-39 1.13779e-37 5.07483e-100 1.25844e-53
0.0781256 0.343822 0.149232 1.06405e-69 9.10986e-35 2.63004e-76 8.65409e-09 0.0493234 4.50377e-24 6.15814e-46 1.84968e-05 8.10479e-55 1.92795e-56 1.04329e-122 5.4564e-39 6.26507e-40 2.71777e-40 3.34589e-50 5.33351e-77 1.09861e-54 2.24758e-40 9.83795e-51 3.26493e-09 0.429934
1.81555e-94 3.32103e-121 3.9555e-15 1.47869e-78 3.62368e-77 1.57608e-106 0.022943 5.32221e-159 0.340144 8.24179e-28 2.42786e-19 1.53189e-30 2.49292e-83 1.48352e-60 1.19664e-43 1.90764e-18 5.09299e-28 1.96064e-56 0.0101446 6.7173e-35 1.07492e-42 5.05966e-24 2.4456e-50 3.06942e-52
3.47584e-81 2.74781e-121 3.20423e-37 3.76265e-130 8.74209e-73 3.19984e-55 9.40747e-42 1.51476e-95 3.41591e-54 2.63768e-126 6.99513e-111 2.66333e-34 8.22068e-68 2.22745e-102 9.19257e-132 2.54228e-34 3.5017e-76 5.8491e-38 4.11638e-74 0.0744104 0.0163623 3.10301e-17 7.56901e-53 6.42147e-85
1.33008e-06 2.83251e-111 9.47508e-34 1.40792e-47 7.04317e-72 1.99021e-41 1.786e-57 2.62642e-166 2.49792e-30 1.61171e-145 3.49675e-26 6.87167e-57 1.44747e-26 4.21529e-62 2.17005e-98 2.89622e-47 9.08406e-54 3.22627e-102 1.97626e-57 6.6052e-17 0.141482 1.84169e-21 2.2199e-100 8.79128e-50
1.30918e-76 1.9109e-97 3.47171e-40 1.21345e-63 3.72238e-77 7.00835e-65 7.12475e-29 6.78911e-170 3.17482e-14 1.78048e-83 0.130085 2.83933e-16 7.72475e-68 5.88497e-79 1.25432e-50 3.57608e-106 6.05316e-07 2.12887e-77 1.76702e-48 0.292504 3.83457e-29 0.0827505 1.42106e-85 8.64515e-55
2.56988e-15 7.07413e-104 4.43261e-43 3.90855e-36 1.72276e-35 5.07772e-63 1.91729e-59 6.68425e-155 8.01795e-72 1.02469e-75 0.000190041 0.134303 9.65168e-17 4.37266e-120 9.85208e-86 3.6674e-115 0.0694199 1.72978e-17 3.80512e-30 0.0130413 2.2278e-25 5.66074e-22 1.98456e-80 2.7723e-24
2.46031e-05 1.59786e-72 1.76135e-59 0.336568 1.68488e-55 0.0715845 3.43591e-65 5.8656e-47 0.20768 0.129384 0.000212319 2.44966e-23 7.5329e-38 4.98017e-34 0.322242 1.01847e-25 1.62918e-17 1.04334e-08 5.0344e-38 5.13796e-56 3.68303e-16 1.91611e-14 0.110297 1.4747e-29
1.52919e-33 2.22125e-06 3.09862e-50 2.23079e-99 0.0185477 3.68528e-21 5.57195e-78 4.39527e-102 2.78277e-25 1.85805e-140 5.15334e-117 1.18205e-57 0.237055 8.89503e-16 1.59374e-140 0.0143747 8.49111e-13 8.72808e-75 1.99937e-14 2.67354e-31 2.69758e-26 1.48153e-20 1.11993e-14 2.47836e-65
1.56846e-74 3.75501e-44 0.0232417 3.62608e-52 7.95386e-50 6.34641e-40 1.27942e-43 5.01077e-128 1.30496e-46 1.01997e-92 1.85234e-46 6.55165e-27 5.25046e-42 2.36852e-91 3.14257e-115 8.00522e-25 1.02442e-20 2.23871e-88 3.23492e-88 4.189e-30 1.52323e-16 0.144865 1.6785e-53 3.78858e-15
