2.83749 0.193928
1.26166e-97 2.52309e-229 4.62093e-87 0.00474215 3.84305e-35 3.16002e-120 2.52058e-117 8.05229e-146 1.0775e-24 2.22504e-90 1.65241e-26 2.27025e-170 7.31028e-96 1.49373e-23 1.43948e-106
8.53458e-91 3.64224e-11 4.93355e-86 6.08755e-45 0.117464 1.28125e-07 1.65986e-63 4.96751e-137 2.67761e-112 3.73811e-51 1.89457e-74 2.20983e-115 1.07128e-69 7.82556e-35 0.277873
4.82863e-32 1.09077e-25 0.587724 1.89732e-85 9.98063e-26 2.41205e-75 2.33901e-126 4.56396e-91 5.47874e-88 3.58496e-53 1.89335e-132 7.68466e-76 6.35193e-158 2.63671e-116 5.71732e-15
1.06577e-138 5.46713e-51 1.32162e-64 1.73964e-126 7.99648e-105 3.80694e-52 1.45934e-73 0.0639688 6.42778e-140 2.62227e-70 3.27999e-21 9.33774e-148 7.10888e-137 4.12562e-81 0.116566
7.3427e-97 2.04014e-92 7.18829e-48 4.51391e-78 1.03792e-149 7.83639e-99 5.92573e-62 0.526813 1.45842 5.15763e-91 2.12474e-64 1.88945e-27 0.0500304 1.14305e-107 4.51247e-54
6.4419e-89 6.67154e-249 3.72231e-79 4.67343e-100 4.45003e-11 0.191336 0.262989 2.16211e-186 1.14902e-104 1.01831e-85 0.10186 0.129179 0.130378 4.5743e-71 3.06652e-78
9.16506e-05 0.00224355 4.72502e-150 3.76285e-150 5.42492e-159 6.58088e-125 2.56014e-150 7.36246e-212 1.22776e-175 2.50496e-146 6.92196e-166 1.6264e-206 1.25602e-162 9.804e-129 5.17066e-129
1.69159e-114 1.38897e-39 7.70444e-118 8.52149e-104 2.95107e-136 3.09626e-82 4.45332e-113 6.11397e-71 5.80819e-129 5.6177e-33 0.254525 4.31059e-103 2.7412e-152 4.26252e-95 4.9519e-17
5.58221e-28 5.759e-45 3.33163e-05 1.14923e-70 7.89351e-90 1.17172e-35 2.14358e-83 1.14842e-112 1.63864e-61 6.81951e-24 0.453154 6.97912e-132 1.57748e-121 5.87971e-57 1.50477e-99
4.22122e-106 1.10195e-221 2.22312e-119 2.33744 2.64483e-123 1.00344e-39 6.51871e-102 1.27208e-178 4.40953e-44 0.109088 4.11081e-159 2.79157e-22 1.90212e-18 0.39363 6.13441e-108
4.47726e-107 1.84917e-65 0.444856 0.351462 0.0256946 1.44409e-74 3.30026e-114 4.91865e-70 4.85386e-128 4.57901e-70 1.21744e-35 1.05297e-45 2.38074e-48 2.30328e-39 1.68828e-115
