4.29227e-33 6.44688e-163 8.35271e-104 4.03388e-105 0.359095 1.39082e-17 6.49527e-40 5.13369e-119 0.0973353 1.06785e-69 2.3396e-30 2.90113e-50 0.34423 6.2679e-62 7.83869e-13 5.11051e-79 5.67633e-144 1.28051e-123 1.21021e-61 3.29388e-98 2.63598e-59 1.13115e-100
2.33971e-70 9.92051e-51 1.59744e-36 7.48041e-86 1.05221e-63 0.0230312 1.10004e-56 3.02593e-96 7.99515e-80 0.0316436 4.42953e-98 1.14002e-81 5.73536e-76 1.1126e-117 4.67017e-58 2.08601e-81 2.61018e-158 7.70096e-166 5.23685e-84 3.31253e-143 2.68712e-50 1.157e-82
4.35989e-67 1.73843e-68 5.90917e-09 5.87332e-06 5.48994e-121 1.03914e-57 1.73391e-64 0.0747313 2.56399e-46 0.0206685 4.32153e-111 1.23155e-49 6.02241e-37 3.68899e-96 0.440085 5.30234e-123 6.70584e-115 1.99595e-145 1.83715e-46 1.94384e-118 4.91413e-43 9.31552e-44
8.46692e-88 1.95654e-54 5.17544e-13 3.31724e-137 1.29069e-93 1.54605e-20 7.87977e-116 8.40127e-103 7.71899e-89 0.0250963 8.86203e-103 1.37887e-105 9.16468e-35 2.26982e-121 3.68369e-46 2.46096e-120 4.69734e-36 1.04455e-148 2.57154e-55 2.00481e-105 5.12829e-22 1.87468e-45
2.34467e-197 2.28395e-151 6.49006e-210 0.506759 7.51458e-136 2.58063e-42 5.4298e-96 4.13721e-18 5.73046e-74 0.000381751 5.08882e-51 5.06283e-41 1.45389e-50 0.778011 3.70965e-42 7.03183e-143 5.8675e-88 0.278496 1.39939e-06 0.0534221 1.00079e-11 5.02223e-29
2.13334e-133 7.58395e-20 3.33809e-44 4.7974e-31 1.29761e-34 3.75454e-33 0.0880581 4.53214e-14 2.06267e-86 1.48861e-36 0.146183 0.24234 0.281137 2.69056e-125 8.26901e-17 3.0083e-90 2.0287e-09 1.94294e-162 2.98412e-38 1.71582e-101 1.53025e-84 9.0688e-90
0.578289 4.40094e-63 4.73507e-71 1.03543e-84 3.54791e-98 3.96268e-65 6.97734e-52 1.12006e-94 9.76736e-84 3.01642e-90 3.42925e-60 4.24501e-122 1.91209e-83 1.5265e-109 3.58271e-06 1.39431e-151 1.13797e-159 3.32974e-96 3.46658e-122 7.51976e-80 1.56113e-76 3.66887e-50
3.18611e-148 0.0687569 1.31327e-87 2.14299e-100 1.82285e-134 1.99755e-41 0.0657436 1.60375e-25 4.23711e-43 0.0191021 7.52469e-114 2.55179e-79 1.20938e-88 2.77956e-92 1.8692e-59 0.0477163 7.24231e-23 4.53936e-127 1.07776e-33 1.49241e-40 0.201112 1.32486e-49
2.9419e-107 2.25725e-132 7.60973e-115 1.19613e-22 4.73111e-77 1.08084e-23 8.28306e-85 3.77386e-74 1.82156e-33 2.32983e-17 8.57734e-53 6.54911e-87 0.206692 3.5895e-60 3.92921e-05 1.4576e-72 0.112646 2.97229e-142 0.164331 4.71792e-22 1.04356e-54 0.124969
0.837199 2.01087e-16 0.0206925 1.93052e-19 1.81554e-131 3.55657e-18 1.97881e-68 3.10798e-118 2.82437e-76 2.00299e-10 2.08343e-90 3.23217e-102 1.00679e-90 5.41562e-26 2.41286e-32 2.44569e-152 6.05109e-10 3.26447e-135 1.87883e-69 9.82106e-106 7.68043e-79 4.35916e-93
