4.27691 0.0634117
7.11396e-11 0.0472637 1.01401e-26 5.28335e-57 3.36214e-45 0.136674 3.79774e-60 2.01389e-34 7.40467e-32 5.80567e-38 4.5514e-52 4.34848e-38 1.59284e-73 1.87307e-76 5.3578e-36 1.01179e-38 3.18583e-59 7.90071e-31 1.28536e-47 2.4504e-112 7.11181e-53 9.10853e-67
8.92913e-27 5.18325e-23 2.77293e-64 3.64703e-69 2.36059e-17 1.42966e-18 9.85066e-52 6.53735e-26 1.10248e-29 5.06212e-29 0.0993388 1.46626e-47 1.2985e-102 8.3923e-54 5.48808e-28 0.208163 1.18843e-55 0.112909 3.57018e-34 2.88166e-84 6.88285e-74 3.45715e-53
6.29663e-46 2.55669e-51 3.18369e-11 1.36891e-66 1.65844e-16 2.37003e-06 7.65135e-36 0.000144719 2.98903e-13 3.47634e-25 3.89271e-61 1.27678e-50 3.73513e-24 1.63203e-59 1.3828e-13 0.34711 4.18897e-09 2.34543e-14 5.53632e-51 1.99979e-83 1.17384e-53 6.69357e-36
5.51243e-64 3.95543e-66 4.56697e-37 0.155789 7.44939e-07 1.5449e-09 7.98601e-62 0.259171 0.142253 1.18589e-39 1.0466e-43 0.111103 0.125829 1.15773e-42 1.44911e-10 3.76559e-42 0.0806492 3.805e-33 2.15716e-18 3.66968e-39 9.8173e-22 0.0289892
0.047723 2.55233e-23 0.121252 3.93998e-86 3.72855e-45 0.00062003 4.61644e-67 1.21757e-30 3.22573e-36 4.04325e-59 3.70462e-34 4.07998e-54 3.95638e-83 1.67753e-84 4.46765e-25 2.06612e-14 1.76007e-40 4.98865e-09 2.72285e-36 2.33998e-117 1.43903e-67 2.65238e-38
1.36903e-38 4.72044e-51 3.07394e-43 6.59637e-22 3.11772e-60 2.31939e-11 4.88366e-41 3.08866e-32 2.31601e-24 2.37279e-29 4.72074e-45 1.62909e-47 2.92093e-29 8.13294e-81 1.64761 1.64024e-12 5.96157e-29 2.00992e-10 2.74149e-30 6.00259e-65 2.88805e-31 2.06749e-42
4.18881e-11 4.10207e-61 2.84155e-05 5.96863e-28 7.92936e-49 7.79658e-21 3.74234e-20 2.58543e-55 1.0759e-17 4.35764e-47 3.02308e-35 2.50071e-31 4.94947e-57 2.11655e-85 2.59594e-36 1.75963e-30 1.41241e-67 0.404391 6.52174e-33 8.88422e-67 1.3077e-34 2.53961e-45
1.24773e-26 3.64387e-09 2.51237e-14 8.48107e-58 1.74852e-66 2.18894e-15 3.78472e-56 7.69273e-54 1.95794e-18 4.59861e-33 3.08922e-42 1.37295e-24 2.03005e-89 5.88866e-55 1.85894e-16 4.37106e-37 7.94676e-67 0.209499 9.67793e-49 5.17359e-124 9.68666e-64 4.67798e-63
0.0107046 4.3692e-08 1.86067e-11 1.04151e-54 4.33493e-44 0.0594363 3.83556e-13 3.541e-17 9.00776e-15 3.88499e-40 8.66911e-46 2.14774e-48 1.61354e-61 6.03602e-63 2.1884e-17 0.197164 3.04793e-33 5.71276e-19 1.14362e-28 1.14223e-97 1.61682e-52 1.89207e-33
5.38399e-68 3.68449e-43 2.9855e-18 2.36789e-34 0.0429445 1.43545e-08 0.0924151 0.022785 0.000332565 0.076752 1.04534e-34 2.7996e-48 9.05788e-98 0.133902 1.15646e-39 1.5542 1.40698e-09 4.05659e-37 0.182388 0.086125 0.137283 2.90626e-63
