14.8709 0.14525
1.37524e-123 1.56078e-68 4.78219e-93 9.97061e-257 1.55581e-320 1.94662e-321 7.04751e-249 8.59674e-322 2.87441e-245 2.66013e-100 6.75873e-183 4.52914e-07 1.16398e-252 0.125422 6.72237e-60 2.59631e-320 1.61434e-07 4.23467e-104 3.61403e-245 5.78777e-15 1.35263e-278 3.40764e-83
0.000504884 3.37854e-05 0.0582707 1.4822e-323 9.88131e-323 1.4822e-323 9.88131e-324 4.94066e-324 2.47033e-323 2.08353e-190 9.7378e-281 7.42849e-50 2.2144e-305 5.15639e-134 1.04941e-70 0 6.4923e-86 1.71519e-191 5.43472e-323 1.05631e-96 4.94066e-324 7.40457e-135
1.68917e-15 2.03905e-28 1.21623e-73 9.11813e-308 6.38333e-321 8.05327e-322 1.22965e-289 2.86558e-322 1.37844e-321 1.26924e-155 1.84671e-260 0.142912 2.84457e-269 3.01899e-129 1.77842e-57 1.17439e-320 1.11594e-51 1.88107e-177 2.52806e-304 2.61239e-94 3.85371e-322 1.93623e-125
3.13255e-16 3.78079e-28 7.24498e-30 6.31176e-299 6.08195e-321 7.5592e-322 3.17949e-279 2.81617e-322 1.32904e-321 3.13265e-177 6.00903e-271 0.277216 4.5706e-297 1.51911e-62 1.88591e-32 1.05088e-320 1.4932e-58 1.43304e-176 1.01847e-316 6.90238e-58 3.26083e-322 1.38634e-133
4.09294e-63 4.42883e-50 4.95297e-18 3.94779e-317 7.57897e-321 9.7825e-322 6.42285e-322 3.50787e-322 1.49208e-321 4.02961e-179 1.26234e-231 0.212004 9.72617e-261 5.76418e-94 2.90079e-42 1.32904e-320 1.16015e-31 2.02169e-129 1.00772e-299 4.69857e-50 4.10074e-322 2.33506e-126
2.16401e-321 2.28258e-321 3.09985e-117 0.970957 12.5756 1.58538 1.02205 0.704839 2.94208 2.99829e-173 0.932242 9.84 1.07854 9.08239e-24 0.199256 38.9721 7.58987 0.327479 0.849959 5.64253e-53 0.731739 0.690733
5.78635e-95 1.41137e-105 2.18893e-223 1.744e-188 1.0902e-313 7.2163e-224 6.56358e-282 1.07706e-321 5.14549e-244 0.123836 1.30974e-241 0.00016188 1.39367e-177 2.30014e-81 2.88647e-26 4.57406e-320 4.29416e-25 5.04858e-171 1.00403e-110 0.137626 1.17588e-321 2.68849e-101
1.69433e-45 8.40607e-11 1.31441e-157 3.10275e-238 1.33645e-320 1.73417e-321 7.46103e-208 5.97819e-322 3.29048e-321 1.61127e-182 9.53355e-268 0.171837 1.10435e-236 0.0308498 5.99551e-11 2.71983e-320 4.3789e-26 2.11719e-152 2.86459e-245 0.108888 2.96144e-270 1.85403e-23
0.00157533 0.00351937 0.458536 3.18178e-321 4.00193e-322 4.94066e-323 3.45846e-323 1.4822e-323 9.38725e-323 3.85233e-189 3.13362e-278 7.01282e-50 4.95071e-304 5.44485e-132 3.53461e-68 6.17582e-322 4.05115e-85 5.46017e-188 9.03196e-319 1.10689e-95 2.47033e-323 3.73016e-131
3.34803e-28 1.1018e-83 3.46786e-81 2.42636e-320 1.90015e-314 3.77302e-300 4.31629e-305 4.34778e-322 1.17187e-291 9.1871e-108 1.7908e-221 0.396836 4.29062e-253 7.31631e-129 1.25467e-09 1.97824e-320 1.56362e-31 4.17572e-148 5.62438e-290 1.90759e-93 1.32295e-288 1.16906e-78
