2.16005e-15 5.49882e-22 0.0509954 3.07211e-44 7.7596e-63 3.36419e-34 3.43287e-37 1.09688e-40 2.37948e-39 1.00406e-40 5.86487e-35 1.99401e-38 1.38177e-50 2.002e-54 7.11825e-43 1.11386e-38 1.58e-29 1.07693e-47 1.4192e-53 8.7148e-38 5.05722e-36 4.28575e-53
1.12606e-28 3.17257e-38 1.7009e-31 1.01058e-67 1.12671e-52 0.0946027 3.68994e-22 1.77828e-39 0.075932 3.13704e-10 4.79681e-18 4.26057e-06 1.6006e-56 1.66034e-36 7.90796e-53 6.27561e-17 5.30864e-48 4.8748e-24 6.14688e-51 1.02016e-05 3.74827e-10 6.67834e-35
3.18716e-15 0.05231 0.00463505 6.66697e-21 1.25353e-39 1.16808e-11 4.95111e-25 2.14505e-45 0.047503 1.84315e-45 9.21801e-36 0.00677739 6.87188e-47 1.1875e-17 2.93414e-20 1.01819e-23 1.43951e-27 9.67394e-54 7.03497e-53 2.63262e-46 3.62256e-22 1.32321e-37
2.56686e-44 2.95905e-60 5.98617e-28 6.02114e-68 1.76903e-12 1.85423e-05 1.12607e-18 3.35902e-06 6.00962e-09 4.46734e-44 1.04999e-20 1.82594e-14 1.67845e-33 0.194522 1.49308e-47 2.05229e-31 0.012928 5.1676e-26 3.10613e-21 7.31011e-50 1.33673e-29 1.40029e-32
1.64547e-45 1.76677e-66 2.55275e-17 1.34261e-27 0.0937102 1.75407e-20 7.53203e-38 5.95073e-29 0.162161 5.66638e-35 8.4634e-30 0.0402832 1.29351e-48 7.81778e-09 2.76657e-52 0.00150045 1.26253e-38 0.10822 3.32998e-09 6.4016e-52 3.75551e-18 1.0043e-27
1.25943e-48 6.3151e-26 3.38408e-17 1.68318e-30 6.7674e-54 0.000543161 1.76156e-13 8.4022e-35 2.98644e-43 5.10315e-18 4.25771e-26 8.5702e-27 3.49891e-34 3.00511e-24 2.77596e-11 0.72545 0.0268988 2.08717e-37 3.20584e-26 0.278907 0.17519 7.95668e-22
7.99227e-08 1.07835e-42 1.12014e-20 2.61856e-38 1.58909e-61 7.24419e-25 9.23882e-09 1.29311e-35 0.00360143 8.43884e-16 3.78531e-06 9.73043e-05 0.065235 1.05505e-45 4.12948e-20 1.0024e-30 9.75833e-41 3.78071e-53 3.6538e-35 2.95325e-29 4.17176e-11 5.70361e-48
2.86867e-39 1.72002e-53 1.30088e-69 2.9098e-35 0.0286358 1.369e-08 1.81906e-12 0.104786 2.37278e-32 0.0134165 0.0915391 2.52751e-07 0.00013458 0.386171 2.4392e-12 1.61788e-22 1.77084e-33 2.04007e-28 1.9717e-59 2.568e-33 0.00292791 9.39314e-28
0.0159927 5.56119e-46 1.46304e-30 4.60217e-73 7.02784e-40 3.16622e-18 3.5908e-43 1.30895e-36 1.72964e-19 1.30009e-34 0.000126635 2.24217e-41 3.70216e-53 1.53461e-61 2.03889e-49 1.95288e-32 0.00422854 1.55754e-49 3.03533e-36 7.54313e-40 5.94302e-16 2.25221e-22
1.80801e-34 6.73133e-09 2.80859e-80 0.0850624 1.08244e-49 3.82093e-16 0.0260948 0.000104681 0.314236 1.5373e-20 6.76697e-15 3.85402e-27 1.08541e-19 2.35815e-33 0.0559583 7.73182e-07 4.02214e-45 2.62701e-53 0.118057 7.0569e-22 2.103e-16 0.314937
