1.7876 4.06616e-321 2.66413e-214 1.24752e-320 5.27662e-321 1.12108 6.1754e-57 2.64071 9.18468e-321 1.04993e-237 1.45429e-254 6.38827e-321 1.2318e-197 7.86553e-321 6.32652e-166 7.2304e-169 1.28161e-320
2.32925e-114 5.57244e-66 3.01085e-104 5.05429e-321 3.34482e-321 6.0027e-211 0.245697 7.38628e-321 9.73309e-321 4.96042e-321 0.433816 7.26276e-321 3.84284e-174 4.41695e-321 4.0958e-321 1.17695e-84 8.82401e-321
8.26078e-321 1.67555 7.21336e-321 6.07207e-321 4.74797e-321 2.99315e-315 6.85461e-12 1.22479e-320 6.50684e-321 6.32404e-321 6.73389e-35 7.60861e-321 6.06614e-320 3.67585e-321 3.62796e-272 3.60006e-201 1.38535e-310
1.9747e-187 1.60296e-194 4.47129e-321 4.31319e-321 3.47328e-321 0.0470509 5.85962e-321 1.36016e-320 3.85865e-321 3.21143e-321 9.53078e-168 5.69164e-321 1.70719e-08 3.56221e-321 5.65211e-321 0.54618 6.18076e-321
5.91456e-75 7.50486e-321 6.93174e-321 1.2574e-320 3.11755e-321 2.86413e-124 4.0711e-321 0.772332 1.0058e-126 2.01789e-281 7.2564e-248 1.24455e-320 5.67237e-320 4.95054e-321 2.46713e-28 5.35537e-153 1.25097e-320
3.84877e-321 4.96782e-242 8.08333e-136 6.98115e-321 3.60174e-321 9.96238e-198 0.893951 8.88824e-321 7.99398e-321 8.50781e-321 3.7549e-321 6.98115e-321 4.10519e-320 4.79738e-321 1.82032e-142 8.01869e-321 7.07008e-321
5.05429e-321 5.13828e-321 0.295206 6.91198e-321 2.68772e-321 7.08493e-169 2.03196e-274 5.48331e-279 3.90806e-321 2.831e-321 1.03216e-306 6.89222e-321 3.47526e-320 4.12545e-321 3.13732e-321 7.35664e-321 7.47521e-321
3.2806e-321 2.37646e-321 2.34681e-321 4.59481e-321 1.98614e-321 2.67458e-141 4.78256e-321 5.19263e-321 5.56318e-321 2.17389e-321 3.22247e-74 3.63138e-321 2.7223e-320 2.80135e-321 3.99205e-321 0.101069 5.49401e-321
5.49895e-321 3.74502e-321 8.04747e-39 5.44954e-321 2.70254e-321 3.70168e-214 7.73768e-225 7.05032e-321 1.29052e-309 2.94504e-296 2.44229e-77 8.44852e-321 0.469041 4.27861e-321 4.73809e-321 7.3215e-58 1.09337e-320
1.06052e-215 6.28629e-229 3.18672e-321 5.23216e-321 2.15907e-321 3.13238e-321 4.96042e-321 0.256151 7.59873e-321 2.68772e-321 0.345117 5.91891e-321 6.71634e-244 2.97922e-321 8.94826e-314 4.97876e-116 1.27667e-320
5.1531e-321 6.85269e-321 6.19064e-321 7.78647e-321 3.13238e-321 4.15015e-321 0.108576 1.02222e-320 6.32404e-321 3.31518e-321 6.42024e-268 6.36851e-321 2.8888e-320 4.12545e-321 0.000579203 5.4528e-304 7.3764e-321
4.995e-321 5.81021e-321 0.911012 9.69842e-285 4.50094e-321 4.00193e-321 1.67599e-168 7.76276e-320 6.75388e-321 4.31319e-321 4.42683e-321 1.46639e-320 4.53945e-205 4.70845e-321 2.79147e-321 8.93271e-321 1.86411e-320
1.9318e-321 3.33988e-321 2.49009e-321 4.29837e-321 2.22824e-321 2.9891e-321 3.78453e-263 6.69459e-321 3.77466e-321 2.59879e-321 2.4308e-321 4.12051e-321 4.42041e-320 3.11755e-321 2.21835e-321 0.75242 9.86649e-321
9.7825e-322 8.89318e-322 9.48606e-322 1.46737e-321 8.00386e-322 1.15611e-321 1.27963e-321 2.8557e-321 1.16105e-321 9.38725e-322 2.46618e-262 1.57113e-321 7.61355e-321 9.88131e-322 7.11455e-322 1.90709e-321 1.9318e-321
8.55228e-321 6.50684e-321 8.5424e-321 4.75797 4.13174 1.46291e-111 0.692642 1.6482e-320 4.78451 3.23643 1.92675e-83 5.04514 24.4222 6.47786 2.47476 1.03408e-320 7.35052
3.31024e-321 0.183457 0.296387 7.65308e-321 2.84582e-321 3.53257e-321 1.97196e-15 1.12754e-95 6.50684e-321 6.94162e-321 1.95274e-248 5.16793e-321 3.2302e-320 4.63928e-321 0.000215515 4.07431e-56 7.02067e-321
