10.7654 0.0582322
0.000303821 7.51298e-54 9.76068e-15 6.67207e-21 3.90463e-57 4.07046e-95 9.60804e-151 4.75989e-164 2.94319e-101 1.64728e-25 5.54092e-35 2.44679e-81 2.18716e-06 6.26997e-18 2.97827e-182 3.02341e-81 6.94594e-09 0.0127382 5.33675e-127 9.38585e-37 1.36837e-89 1.31666e-58 1.46753e-152
3.57745e-11 2.67972e-15 6.48905e-19 1.0117e-30 4.81165e-58 2.28762e-86 7.89607e-171 2.72438e-168 2.88109e-132 3.7587e-38 6.16191e-85 3.35335e-99 1.65982e-63 2.3639e-50 8.61428e-168 6.22852e-97 0.813915 5.45631e-42 1.40957e-165 4.6862e-38 7.86283e-85 5.08504e-99 2.66066e-157
0.0466614 8.35195e-07 4.62349e-41 2.8405e-25 8.72921e-62 1.88489e-101 1.57463e-173 1.68821e-157 1.2874e-126 1.45822e-29 2.44626e-92 1.72954e-105 3.71623e-54 3.84532e-64 2.87434e-174 1.40358e-76 0.280284 1.55768e-34 6.78948e-143 5.45816e-32 2.71735e-71 4.84984e-67 1.87486e-144
1.5265e-27 0.000924655 0.0335431 1.44437e-13 5.33129e-57 3.63175e-91 3.78937e-166 5.85797e-178 8.0875e-120 6.14751e-44 3.17656e-94 2.11408e-111 2.20478e-54 1.80063e-46 2.61245e-171 6.12423e-82 1.15994 3.23912e-33 1.56424e-161 1.36086e-46 2.42668e-78 8.75599e-84 2.22985e-132
4.09355e-124 2.41521e-62 2.26416e-64 5.71815e-10 8.60621e-10 8.42447e-50 1.21734 0.151941 0.211081 5.10765e-26 3.75014e-58 0.18554 8.81857e-54 6.78925e-44 0.123698 0.0593613 11.2057 4.10156e-43 0.0757881 3.26477e-19 0.767949 0.141503 0.107449
1.80567e-39 3.86466e-29 5.37922e-67 1.17502e-14 9.9962e-28 5.79378e-95 5.41854e-151 4.25947e-173 3.74381e-66 0.0210852 2.64344e-37 2.02316e-105 2.77162e-43 0.0844054 1.25622e-134 5.00632e-84 0.269365 2.49492e-28 2.45142e-182 0.0751635 1.66649e-22 1.99058e-65 3.62551e-149
1.40446e-84 3.13677e-77 1.32388e-100 4.06156e-33 0.123243 0.129275 2.66046e-149 9.52985e-119 2.69409e-88 1.2357e-18 0.217717 9.14529e-57 0.107878 8.41879e-43 2.04984e-176 2.1507e-88 9.31633e-20 0.0414584 7.49685e-114 6.17858e-36 5.09432e-27 2.9601e-92 1.47779e-106
4.94342e-20 2.93476e-13 5.49064e-15 3.93989e-27 3.99664e-62 3.76731e-100 1.79884e-179 7.84746e-166 1.08624e-130 1.93657e-41 2.82056e-78 6.88594e-109 4.74153e-45 6.4741e-66 6.37834e-167 1.97706e-83 0.443998 1.35576e-32 6.93985e-160 5.54484e-34 5.6322e-77 5.75813e-77 2.2382e-136
2.85821e-27 2.51599e-12 2.25327e-25 0.07324 1.70578e-36 2.8854e-60 1.22225e-156 5.05113e-165 8.9578e-75 1.57663e-28 1.03314e-36 7.27819e-110 9.94075e-39 6.81505e-37 6.63546e-136 2.92145e-68 0.282757 8.62829e-40 2.09539e-148 2.70602e-38 7.19423e-40 5.11954e-47 5.96574e-141
4.13763e-30 0.0143358 3.09363e-09 7.80142e-13 9.72174e-48 2.27482e-74 3.15459e-155 2.76022e-164 4.23095e-135 4.95977e-46 2.53742e-67 8.46688e-115 7.48169e-49 2.57196e-41 2.29294e-175 1.35231e-81 0.518283 2.3944e-27 6.4029e-165 9.35352e-32 3.97363e-72 1.00034e-86 2.01941e-152
2.08623e-51 6.19875e-38 1.34903e-14 0.000183283 8.44361e-35 1.41755e-56 1.07734e-169 6.44866e-170 1.88477e-114 5.86138e-37 2.37033e-82 1.49471e-112 2.52149e-36 9.79182e-23 4.29223e-164 2.87439e-65 0.585029 1.01744e-32 1.55734e-170 5.28708e-22 4.88146e-52 3.22502e-59 1.58424e-109
