2.31745e-30 1.17207e-127 1.23795e-22 2.49436e-139 8.5698e-210 1.43177 1.80243e-100 1.60749e-138 1.41908e-154 8.88997e-13 2.37523e-66 7.03106e-38 3.94469e-108 3.3159e-06 9.49304e-155
4.92858e-237 7.85088e-32 0.191494 0.204257 1.24593e-143 2.77386e-17 2.92563e-32 7.29178e-77 1.85012e-30 1.74769e-52 8.67424e-15 0.00602263 3.76492e-28 8.79611e-129 6.81917e-149
5.6327e-83 1.32093e-85 2.0519e-59 3.85861e-175 3.30076e-150 0.101201 3.90606e-99 3.10604e-150 0.153543 2.4087e-30 5.03502e-13 1.94019e-161 1.98494e-37 0.487821 2.96456e-182
1.41349e-139 1.9018e-112 1.35886e-37 6.33451e-122 3.42552e-121 1.18751e-19 1.01156e-139 4.59324e-214 9.1102e-160 3.96844e-125 5.93228e-73 0.262265 0.201591 1.50584e-118 1.47133e-107
1.44845e-211 4.60225e-44 9.76414e-194 3.56665e-148 0.762241 2.26024 0.363521 1.23274e-187 2.60852e-151 0.156066 9.75404e-82 2.36692e-77 1.39086e-24 4.32608e-65 3.40961e-77
4.92992e-197 3.67692e-51 5.74959e-186 2.40517e-58 4.92409e-196 2.00791e-94 0.0733768 0.178238 5.62192e-71 9.70091e-55 0.257483 1.41041e-65 6.00247e-88 1.57356e-71 0.248323
3.24711e-57 1.64979e-99 1.15752e-179 1.2828e-166 6.06452e-178 0.0424558 1.01909e-84 2.5578e-158 1.49231e-50 8.27462e-46 2.9511e-47 4.7165e-168 1.35569e-41 4.4783e-90 2.2412e-170
2.74327e-08 0.0783953 1.10381e-233 2.29561e-213 3.6706e-205 1.54186e-142 2.70743e-140 3.50577e-214 5.04321e-168 3.92497e-125 4.63005e-101 4.13225e-162 2.46709e-115 6.58661e-127 1.50297e-244
0.0127946 2.46243e-56 1.48357e-91 2.65294e-120 6.72323e-86 1.77486e-90 2.37987e-74 7.51001e-161 0.0519406 1.29551e-32 2.84662e-104 8.72006e-92 8.80612e-91 4.58184e-18 1.84337e-189
1.31496e-21 2.49521e-123 1.35018e-221 2.24695e-207 2.0524e-17 5.42805e-96 5.0772e-98 4.92207e-133 4.84226e-61 0.200046 2.10072e-08 2.71176e-94 3.51562e-12 2.6709e-53 5.75097e-188
