1.78791e-130 6.30849e-41 6.64844e-106 1.73234e-26 3.52314e-18 2.46309e-77 7.05146e-77 3.23363e-28 0.122703 5.42925e-66 1.3552e-19 0.048162 0.217178 5.94912e-60 9.14789e-36 0.0110321 1.77772e-86 2.0379e-56 1.36906e-14 4.20255e-20 4.48391e-80 1.29994e-18 1.74482e-46 3.46878e-78 1.49611e-16
9.28963e-29 8.74316e-48 3.97e-100 7.50781e-41 2.3243e-72 2.49695e-75 1.53658e-18 1.20788e-14 2.50693e-53 0.0585929 2.05724e-19 1.80386e-82 3.27543e-68 1.59202e-122 4.37685e-06 2.64309e-23 4.25582e-29 9.07716e-60 5.50799e-41 3.9291e-11 3.04711e-49 6.68113e-30 2.97096e-116 1.95138e-09 0.000235949
1.43964e-153 4.40232e-63 8.13015e-110 9.51968e-71 2.15127e-52 8.55187e-123 6.53283e-56 4.4572e-65 0.013093 1.1324e-65 3.88891e-125 0.00219156 3.20148e-41 1.63818e-65 0.116704 0.208131 1.37108e-93 1.48582e-97 9.12997e-99 5.68719e-20 1.00326e-51 9.091e-49 1.05962e-127 9.39644e-60 0.192412
7.08277e-137 6.96776e-42 2.89521e-96 1.50639e-47 2.26722e-71 1.13936e-26 3.51088e-17 1.91945e-69 4.15944e-31 1.10698e-69 6.91288e-21 7.43206e-08 7.77495e-38 3.83562e-81 1.0925e-94 6.91828e-95 7.52458e-124 1.5839e-30 4.25314e-82 2.36504e-30 3.40886e-62 0.121957 6.55162e-42 2.24328e-87 9.99363e-06
1.69638e-152 3.98572e-45 6.30338e-24 2.47497e-78 9.58687e-162 1.28967e-21 5.89126e-48 1.05601e-59 1.76012 3.43601e-104 1.5777e-38 8.30037e-67 2.38321e-80 2.55543e-30 6.1689e-83 7.18371e-88 3.04917e-96 2.18572e-106 0.272541 3.45929e-129 8.02513e-65 3.98907e-79 0.108531 0.163432 1.26631e-26
9.48275e-44 4.73267e-87 2.12213e-64 6.68424e-130 2.00224e-129 1.54287e-112 1.95982e-76 4.10464e-71 7.47331e-29 1.12307e-33 5.20225e-75 1.65918e-52 0.0308689 5.04926e-12 5.10571e-95 5.23675e-32 6.10307e-44 3.69751e-70 3.2113e-16 1.10365e-129 1.19541e-43 5.29177e-117 8.25363e-94 1.95705e-92 1.29879e-41
9.45123e-119 6.16284e-16 1.75345e-26 6.11575e-143 0.198078 0.0070128 3.71832e-21 2.06144e-55 3.83246e-52 5.42853e-99 1.08841e-56 5.90006e-65 2.33016e-108 1.42404e-104 3.71231e-55 0.0172617 0.2395 3.41233e-65 2.90213e-23 0.0812477 2.44562e-41 9.36334e-124 1.47275e-159 3.0807e-08 7.07484e-31
2.09207e-52 3.59751e-83 5.32739e-128 2.8189e-91 2.77734e-88 3.63956e-34 0.0314829 2.51941e-54 4.89644e-77 1.84891e-109 4.09882e-107 7.49436e-109 2.71919e-92 0.20935 2.02234e-90 2.12209e-40 3.14172e-60 4.86352e-27 2.69704e-10 8.61693e-19 2.68799e-38 3.49405e-142 1.675e-26 4.43569e-89 8.22974e-17
7.05848e-30 2.6386e-59 1.91438e-27 2.31736e-155 7.21712e-112 9.26726e-75 5.49894e-52 3.0179e-100 4.31381e-81 0.0352175 6.35562e-64 1.09982e-42 2.72493e-58 2.70192e-84 1.16517e-24 1.57392e-54 5.94208e-39 3.04745e-06 0.10173 5.83447e-151 3.7987e-39 3.62151e-19 1.70432e-164 5.46044e-98 1.14972e-45
1.84834e-12 4.31576e-19 1.92035e-23 2.74278e-18 2.26701e-23 0.00492838 0.0640555 1.47352e-08 1.34904e-83 3.35799e-101 9.08098e-115 1.11452e-135 1.4476e-94 2.07518e-130 1.68571e-91 7.64094e-123 1.54516e-137 8.44562e-126 3.62817e-115 3.38232e-128 8.72191e-101 2.47663e-125 1.3514e-146 6.87697e-106 2.47787e-98
2.96109e-31 8.64288e-47 4.81198e-20 2.59053e-151 1.48937e-99 7.21109e-06 1.93877e-14 2.05276e-47 9.01568e-25 1.14026e-08 6.82454e-81 0.118926 1.59554e-65 2.55845e-130 1.69413e-20 1.04416e-29 0.0571055 0.240502 5.90253e-58 3.23099e-104 2.27875e-71 1.03264e-60 4.40567e-106 3.64228e-15 1.43584e-49
3.44538e-151 1.16658e-39 5.34871e-109 1.64749e-134 2.63103e-146 3.3085e-14 2.47219e-81 9.66611e-24 2.94215e-13 3.26677e-42 2.57385e-10 2.36121e-17 0.0660508 4.09839e-76 1.99153e-40 7.00337e-33 1.33579e-131 2.67703e-120 1.37476e-70 1.31359e-139 1.24843e-54 1.95387e-137 1.17062e-134 2.29182e-114 9.96817e-80
1.6113e-10 0.000136205 0.00468399 0.0223548 1.46615e-07 0.0154074 0.00166899 0.00146696 9.8877e-97 1.50908e-107 7.19797e-133 5.10141e-140 2.18559e-120 2.85968e-157 1.36938e-93 3.19281e-125 3.9175e-143 7.49488e-127 7.61098e-119 3.28698e-151 4.46979e-102 2.70375e-137 1.86106e-165 2.94566e-115 1.10749e-100
4.55441e-88 2.28982e-91 6.53756e-57 3.08268e-68 4.25096e-05 2.87816e-79 2.06751e-96 1.86833e-16 1.14119e-42 1.14072e-76 0.454544 1.14715e-14 0.0322062 6.59844e-26 1.03742e-05 1.13376e-103 8.03641e-15 5.02867e-28 7.56899e-82 3.82075e-99 2.07462e-45 8.05819e-118 1.81166e-84 3.42834e-70 1.16269e-99
7.16393e-159 8.08783e-17 1.46222e-09 9.34994e-154 1.08014e-120 2.10118e-20 6.49466e-88 7.33567e-59 0.0041614 1.75522e-71 2.81934e-80 3.10179e-127 1.03681e-83 9.12512e-56 2.99055e-70 1.82634e-99 0.015528 2.31242e-125 3.79785e-116 2.86541e-53 2.31224e-33 0.0148895 2.08441e-114 1.0416e-63 1.47939e-28
4.14674e-167 0.0434561 0.000107015 2.18298e-148 2.20982e-89 8.86039e-22 1.74629e-20 4.46857e-78 1.13787e-41 1.01703e-31 3.88712e-37 7.21959e-131 1.25728e-16 2.49466e-114 1.09611e-68 9.2527e-110 1.27383e-86 0.0292776 3.99341e-55 4.34639e-110 0.0359251 3.5967e-123 7.27822e-78 9.12747e-15 1.41094e-99
0.0669053 2.4569e-05 1.07524e-15 2.52384e-30 2.29711e-37 6.31787e-14 6.10511e-42 8.04963e-49 9.23756e-46 1.82833e-52 6.94856e-107 1.17313e-89 2.0234e-89 3.19191e-121 6.14107e-82 1.82713e-105 8.41977e-142 2.57561e-119 6.85057e-66 6.52001e-123 2.88103e-98 1.12468e-101 8.55696e-101 1.0216e-116 1.16309e-82
9.66732e-65 4.60609e-05 8.11649e-81 9.74761e-35 2.47676e-141 7.68328e-74 9.87058e-20 1.59995e-41 0.00476177 0.0018477 7.6212e-79 1.30979e-137 2.8804e-50 1.28229e-05 4.47441e-67 5.10285e-15 1.08007e-80 9.91025e-98 0.0867693 9.31834e-126 4.05051e-77 1.28377e-130 3.45383e-105 2.60469e-94 3.27267e-16
