1.58371e-251 1.73321e-194 8.70544e-321 2.88213e-148 1.89708e-175 4.99235e-195 1.66102e-80 9.44503e-180 5.19282e-180 5.08687e-233 1.39935e-59 2.87955e-31 3.51259e-205 6.10612e-189 3.71337e-222 3.66962e-150 8.04898e-152 0.224968 1.38833e-18 6.23286e-205 1.13721e-119 3.79442e-321 7.34367e-111 7.55746e-221 6.54943e-246
1.00292e-282 7.1829e-148 1.99507e-208 6.96395e-193 3.99707e-120 2.13441e-232 1.59755e-314 4.50081e-67 1.35684 7.1673e-207 1.42839e-167 1.53917e-51 7.54813e-152 0.564963 2.3015e-07 6.69029e-105 2.00078e-29 0.0129664 7.41853e-206 1.33541e-110 0.559371 6.87278e-26 0.348853 6.38515e-267 2.11854e-82
3.06686e-06 4.29667e-121 3.11677e-110 1.34111e-49 1.05829e-81 5.30941e-82 9.05761e-95 2.96295e-154 9.31045e-143 1.65512e-321 6.40621e-160 3.16792e-188 6.48655e-111 9.09081e-322 3.96732e-125 1.05255e-100 3.03012e-185 5.15341e-210 5.25811e-231 2.02677e-299 7.54634e-261 1.54148e-321 0.727142 3.85904e-259 4.72077e-145
4.00754e-252 1.39591e-116 2.00779e-116 3.00347e-08 7.18292e-113 1.84735e-155 3.74851e-248 3.95533e-17 1.68057e-144 3.04527e-175 5.0949e-252 1.17028e-78 1.03349e-132 6.04953e-258 1.31642e-64 6.7354e-114 3.74356e-48 0.410829 4.83885e-69 8.90306e-321 2.0297e-127 4.61457e-321 5.1791e-80 1.28049e-47 5.25241e-230
7.42263e-22 3.25225e-80 7.61959e-52 5.39334e-151 7.88004e-42 4.18976e-97 1.71196e-163 2.16401e-150 1.05225e-124 2.13816e-171 5.91486e-138 1.1678e-75 3.8034e-40 1.05744e-213 5.20853e-163 8.78346e-161 1.6885e-204 2.93346e-178 5.33604e-145 4.19663e-207 4.43247e-152 1.50738e-271 0.21273 1.25111e-161 3.47623e-169
2.85077e-117 8.46989e-217 9.65404e-321 3.22295e-76 1.03655e-320 3.91175e-57 4.47007e-201 5.66769e-278 3.41791e-58 3.43376e-321 1.67543e-74 0.104197 1.02447e-170 1.7117e-311 1.25553e-215 1.00098e-84 3.1493e-106 2.86263e-190 4.84254e-70 3.04351e-300 6.24737e-150 1.7201e-208 1.20334e-62 1.71081e-136 6.28386e-120
1.47765e-89 1.42076e-53 2.77017e-87 3.16282e-139 2.65147e-183 2.36374e-97 5.26529e-148 3.29672e-186 2.99544e-123 1.11496e-282 1.70175e-155 4.88709e-223 4.24109e-24 1.61559e-321 8.211e-114 2.76151e-155 1.98605e-60 0.687363 5.4837e-56 7.43075e-321 3.99504e-185 3.50293e-321 3.65288e-74 1.16362e-157 7.12237e-172
6.19793e-194 9.48358e-245 3.84389e-200 3.93218e-115 1.45915e-276 4.5393e-193 2.28311e-192 2.96755e-138 1.7167e-232 3.24057e-275 2.30515e-85 2.00035e-27 2.52802e-141 3.62875e-124 3.0753e-148 7.69512e-82 1.33911e-28 4.10513e-147 6.17229e-223 3.51944e-196 8.37393e-76 5.70174e-199 2.16472e-09 0.280142 4.66585e-147
3.24335e-124 1.82917e-27 1.9954e-35 4.9505e-109 2.60909e-21 6.9258e-267 1.96879e-90 1.26508e-118 1.5802e-183 3.43234e-108 3.02999e-191 0.0963182 0.0562173 6.47539e-259 9.25753e-46 7.01055e-20 1.96096e-45 2.66659e-111 3.18458e-200 2.24479e-235 1.93585e-57 4.26873e-321 2.04215e-34 4.84971e-108 1.21854e-141
8.25775e-124 3.93932e-221 6.59532e-252 2.33522e-75 1.24829e-35 2.79697e-236 9.03573e-258 5.30867e-207 7.41761e-64 2.72724e-321 7.60461e-88 4.29472e-102 0.551767 8.93876e-250 4.61933e-63 7.06648e-139 4.36939e-27 0.0595518 2.67455e-187 1.71908e-236 1.32067e-183 1.59362e-143 5.13341e-43 4.84274e-64 1.30272e-62
0.000363147 0.00176754 0.0208486 0.00623826 0.00100222 3.32897e-05 0.0133627 0.00639208 3.58062e-233 3.45846e-323 5.6022e-274 4.14655e-241 4.11749e-220 1.97626e-323 9.32721e-246 1.55979e-185 4.94899e-211 3.90373e-226 2.81063e-233 8.39912e-323 2.50827e-283 2.96439e-323 1.84645e-115 1.09226e-307 5.54906e-299
6.57327e-08 1.16504e-205 5.27567e-09 6.25099e-129 1.88267e-60 0.0459399 2.88416e-97 1.8933e-20 8.68169e-171 5.3927e-110 6.90792e-179 1.4241e-180 4.29273e-164 4.09177e-187 2.59871e-178 1.37054e-176 2.96707e-169 0.184941 5.79721e-193 5.31121e-321 1.61233e-122 1.20743e-201 1.59069e-30 4.77277e-74 2.98868e-204
1.8325e-136 2.36027e-295 1.09584e-320 1.38606e-107 5.0939e-120 8.72703e-111 8.5203e-265 5.01589e-216 1.92822e-24 0.962967 0.592112 4.24908e-208 1.049e-115 2.36163e-321 0.599152 1.93757 2.30491e-52 3.93298e-97 8.12393e-157 2.22022 1.81625e-97 1.13335 0.924296 3.15352e-48 0.682623
1.00964e-246 2.33527e-257 1.21188e-146 3.56148e-189 1.27197e-17 1.08899e-13 1.06641e-210 1.00081e-309 0.0618825 4.68868e-321 2.86062e-183 5.77493e-18 3.33699e-145 3.06603e-210 3.88662e-212 0.0400298 1.22228e-79 2.39446e-200 0.500547 8.43864e-321 7.41232e-115 3.80925e-321 1.86341e-50 2.33255e-92 1.85577e-258
1.15333e-207 5.31212e-111 9.34772e-321 1.1165e-234 3.28287e-280 8.80178e-64 3.77363e-250 7.93173e-288 5.95485e-29 5.1568e-65 3.94267e-60 1.90076e-68 1.76464e-188 1.41868e-228 2.5336e-87 3.01473e-95 6.70523e-96 4.17297e-55 1.02089e-29 1.00416e-217 1.95556e-98 1.21155e-299 1.16181 0.0440836 9.42029e-149
8.84046e-47 2.73777e-11 6.00788e-44 1.86622e-189 1.41703e-246 6.29733e-184 5.44975e-200 4.56365e-11 1.38353e-215 4.26211e-309 8.69054e-167 1.52983e-70 2.53041e-149 5.21718e-135 3.3586e-79 9.31382e-183 7.67442e-182 0.3885 1.53573e-123 4.02799e-209 9.99709e-236 3.97229e-321 8.33957e-64 1.23106e-246 2.78507e-111
2.77687e-11 9.44456e-23 3.88336e-78 2.32774e-19 0.251168 2.56417e-45 1.07067e-66 1.19568e-54 1.21932e-233 4.15015e-322 1.53026e-223 9.69501e-188 1.72753e-166 2.51973e-322 3.70379e-198 2.06631e-174 1.82479e-189 9.90978e-188 8.73412e-197 8.69556e-322 8.45714e-229 4.15015e-322 1.14796e-63 2.9308e-303 1.09469e-232
1.13585e-303 1.15218e-192 9.54041e-321 7.93779e-29 1.35398e-69 4.51974e-269 3.86961e-260 3.5968e-321 6.9752e-184 2.74881e-153 8.46635e-216 3.43502e-231 0.0377084 1.0832e-116 4.87041e-128 4.71458e-31 0.272175 1.15099e-171 2.27228e-223 6.72461e-161 1.29787e-212 6.33489e-77 2.43187e-109 9.01042e-99 2.2806e-209
