9.77415 0.379964
1.1907e-321 1.38042e-320 9.08093e-321 5.82997e-322 1.18576e-321 1.62054e-321 3.00367e-27 1.97539e-103 2.10625e-319 6.75692e-183 7.29735e-321 1.37943e-320 3.07984e-202 1.6655e-320 1.03655e-320 2.71242e-321 2.70303e-320 1.96657e-111 0.163434 5.69011e-259 1.62088e-104 1.24014
1.49358e-75 2.34156e-08 6.31933e-152 4.84184e-322 9.19919e-251 1.89053e-25 5.11607e-115 2.10966e-321 4.39726e-69 2.42787e-203 3.21495e-28 8.2756e-321 0.323997 1.47133e-320 6.82305e-321 2.05531e-321 1.44465e-320 0.0116691 3.02505e-217 7.85564e-322 2.23957 4.0958e-321
1.1231e-69 3.72416e-291 8.51988e-06 1.29013e-317 3.97945e-276 3.95253e-323 7.90505e-323 7.24747e-101 4.93038e-26 1.38509e-79 9.89351e-45 9.46953e-82 4.33395e-135 6.2944e-321 3.43273e-286 3.91928e-267 3.28233e-209 7.13752e-196 0.317348 9.38139e-186 3.88274e-167 3.70354e-215
7.02146e-07 0.00919534 0.000535286 4.12391e-05 5.83369e-05 1.03662e-06 9.98915e-06 7.55196e-07 0.0923399 1.96914e-05 0.00265794 2.47033e-323 4.94066e-324 3.45846e-323 4.94066e-323 4.94066e-324 6.42285e-323 4.23844e-260 1.28499e-226 4.94066e-324 1.18576e-322 1.4822e-323
1.25987e-321 6.60869e-65 8.25584e-321 7.13153e-287 6.13092e-274 8.0792e-262 2.18377e-321 2.62843e-321 5.85188e-276 2.10481e-207 1.59016e-12 3.11115 9.93149e-183 1.02519e-320 1.61609e-320 0.687423 3.57061e-320 2.26418e-132 8.06836e-167 1.34243e-212 3.44903 0.372063
0.00033785 0.000759275 0.00212161 0.000184606 0.000352561 0.000602521 0.000188032 0.000715724 0.00794898 9.80762e-06 0.000350453 2.47033e-323 4.94066e-324 3.45846e-323 0 4.94066e-324 6.42285e-323 5.28843e-261 1.53731e-227 4.94066e-324 5.92879e-323 1.4822e-323
2.71242e-321 1.75393e-320 1.64425e-320 1.69959e-321 1.86757e-321 1.72923e-321 4.37742e-321 1.53786e-82 4.06013e-285 1.5316e-322 9.63494e-106 2.2149e-320 3.14226e-321 7.82541 11.1629 2.34512e-106 13.4869 1.04937e-17 3.90182e-18 0.645893 5.69262e-320 9.82203e-321
1.30679e-74 3.90574e-29 7.11056e-15 1.39453e-31 7.97408e-60 1.8496e-85 0.0772732 1.98901e-31 1.23598 4.10098e-60 1.52381e-23 2.83594e-321 4.10074e-322 2.55432e-321 2.20847e-321 6.91692e-322 5.01971e-321 7.90462e-244 6.63606e-212 2.86558e-322 1.20206e-320 1.25987e-321
9.31749e-05 0.000588953 0.000419953 2.77255e-05 8.26793e-05 4.67566e-05 0.000105545 0.000111884 0.0122367 2.10558e-06 0.000171249 0 0 0 0 0 0 7.59919e-262 1.28619e-228 0 0 0
1.25764e-254 1.39976e-249 2.05108e-89 5.80813e-152 9.48606e-322 1.07706e-321 1.14449e-228 1.92192e-321 1.13242e-253 1.09494e-167 6.22582e-167 5.70152e-321 1.15611e-321 7.69754e-321 7.23312e-321 7.49586e-310 1.46935e-320 1.16727e-238 0.134618 7.60861e-322 1.51648e-137 2.43911e-195
8.74496e-322 8.952e-13 6.90704e-321 3.77564e-166 1.25987e-321 4.52982e-73 1.7737e-321 2.60055e-256 9.97941e-243 4.81408e-119 1.2319e-06 2.00037e-36 1.91376e-14 1.39574e-320 9.08093e-321 1.6011e-117 5.54903e-313 4.03509e-107 0.200533 1.36362e-321 1.66162e-139 3.51775e-321
2.66204e-17 7.49963e-188 2.23104e-76 4.84184e-322 4.25931e-240 1.29966e-281 1.60288e-42 3.52088e-127 1.32941e-273 5.01138e-275 1.10114e-138 6.80328e-321 1.02272e-321 6.76376e-321 5.74598e-321 2.06025e-321 1.25246e-320 0.133596 1.58885e-119 9.38725e-322 1.30261e-73 4.45799e-218
5.08925e-270 4.68853e-96 4.77176e-198 2.11664e-162 4.34897e-91 1.46737e-321 6.80422e-205 1.54081e-30 5.98655e-210 6.91692e-323 6.68057e-17 9.31086e-226 6.80447e-228 7.84082e-321 7.33687e-321 2.58396e-321 2.67191e-320 1.08191e-168 1.74688e-187 9.53547e-322 0.421562 3.33895e-229
