1.95869e-45 3.04705e-32 2.64933e-43 3.18161e-136 2.20731e-41 9.25325e-108 2.18132e-73 2.99144e-113 3.22696e-54 1.5048e-96 8.49747e-32 4.00876e-54 0.194076 3.63272e-88 5.39197e-120 7.12155e-107 4.62566e-83 0.185976 4.87608e-68 3.12989e-63 8.38345e-77 2.70861e-151 6.52203e-75 1.11547e-168 1.10599e-71 0.167796 8.95229e-92 5.93757e-61 1.94077e-73 0.000157199
2.18193e-56 2.69061e-41 5.20629e-96 1.50764e-44 9.10792e-117 2.4461e-06 1.25509e-77 1.59974e-105 7.38913e-37 6.10745e-08 6.01912e-05 2.85912e-43 4.9262e-120 9.41863e-138 2.28745e-158 2.03567e-31 1.4481e-150 5.36914e-33 4.15527e-62 3.87564e-85 5.12153e-74 1.0666e-125 6.03127e-48 4.59695e-160 9.4292e-78 0.0809081 3.90813e-61 8.09416e-68 1.49378e-94 3.04961e-99
8.7548e-41 2.57061e-75 2.64262e-201 1.71308e-75 1.17913e-126 4.16087e-224 6.23111e-42 8.78284e-116 7.21377e-76 2.97433e-130 0.427872 0.692324 4.14103e-31 0.106053 0.268767 3.23592e-135 0.0518972 9.43617e-75 4.58078e-82 0.187873 3.70468e-63 0.158896 0.0508071 0.362018 0.120205 3.54211e-19 0.165802 1.37444 6.58909e-59 8.28751e-96
0.000244816 0.000178414 3.37025e-05 0.00138621 0.0082353 0.000316532 0.000168357 0.000235187 0.00118317 0.00035492 4.08142e-59 3.90642e-143 1.51737e-124 3.41687e-156 3.51252e-242 1.74438e-148 3.75148e-164 2.84535e-107 7.26931e-131 8.82375e-130 3.29664e-106 1.16277e-157 2.90075e-104 7.21438e-247 3.42201e-90 1.17932e-97 5.11257e-139 6.49766e-114 8.24213e-155 8.81378e-157
0.00215243 9.30587e-07 1.47663e-05 6.95855e-07 2.35974e-07 0.00247976 0.0130659 0.000366094 8.02142e-05 8.08788e-05 3.11424e-56 2.42156e-142 1.37459e-121 4.27668e-152 2.24268e-237 2.27992e-148 2.09412e-162 4.39519e-105 2.61719e-129 6.87233e-129 9.24071e-106 2.11828e-158 1.11672e-103 8.97542e-243 3.52929e-89 2.81779e-95 9.08092e-140 7.87974e-115 1.36849e-153 4.4698e-155
1.92443e-49 7.22873e-52 1.59184e-25 2.26134e-39 1.23617e-08 1.6412e-69 0.000577023 3.43218e-49 2.52747e-51 5.14969e-52 0.261002 7.30551e-102 2.04768e-77 5.26194e-125 8.57926e-158 2.15717e-138 1.01588e-88 3.60595e-92 9.256e-121 2.42571e-74 8.05841e-83 2.30601e-130 3.00345e-58 9.4356e-162 7.01597e-85 1.89212e-56 1.56822e-112 1.72924e-90 1.74393e-103 1.07135e-126
9.37256e-143 1.1753e-28 4.19734e-125 3.86991e-94 2.7915e-101 3.63734e-169 8.0567e-103 7.75846e-35 1.60415e-130 1.67584e-30 4.2166e-42 2.34125e-126 2.42698e-91 3.10648e-120 2.78733e-136 3.51837e-48 4.7975e-80 2.63319e-62 0.0471969 4.56668e-75 0.392691 8.11024e-05 3.04559e-79 1.11066e-119 1.43569e-70 6.79697e-17 8.15819e-13 1.36237e-101 3.54864e-51 1.91218
3.64743e-85 2.28524e-40 1.2736e-76 1.17738e-54 0.000821772 6.4148e-30 3.58043e-10 8.17258e-94 2.91221e-11 3.80297e-45 0.359056 6.08058e-77 9.60555e-79 4.7987e-129 2.08797e-241 4.73742e-70 8.9681e-110 2.24062e-91 2.01772e-115 1.57179e-91 1.81451e-104 4.23234e-143 3.8804e-89 4.42637e-180 2.18325e-84 2.49215e-59 2.85817e-112 2.32835e-103 6.76609e-64 1.19892e-93
4.52974e-55 1.8512e-48 6.91363e-19 2.82903e-17 4.5263e-26 8.3353e-39 0.0312473 1.4532e-34 2.45821e-29 3.15963e-47 0.063602 2.121e-114 2.47969e-73 4.37778e-117 2.96234e-191 5.79873e-119 1.47207e-140 4.52997e-61 2.89402e-128 5.29519e-126 7.0923e-63 1.99355e-99 3.13802e-62 4.38423e-176 2.40706e-46 5.43164e-70 1.7185e-102 1.71492e-68 4.11702e-143 2.38584e-135
3.00734e-51 5.23323e-17 5.55927e-16 1.70518e-42 5.88604e-44 9.94628e-33 6.01266e-33 8.14523e-13 2.34814e-49 4.30585e-45 0.666192 1.87997e-119 5.56433e-44 2.37672e-131 2.11546e-145 4.18153e-121 2.20961e-107 3.87725e-87 2.92302e-110 2.39764e-75 4.90744e-60 1.21817e-91 6.62615e-100 1.25011e-183 1.73467e-89 2.05606e-80 8.36849e-114 1.68212e-68 2.47422e-105 2.52155e-100
1.32339e-83 8.10371e-67 5.43312e-78 3.79505e-37 1.08212e-86 2.33119e-57 2.52966e-87 1.93444e-85 2.01202e-68 1.33746e-23 0.16908 7.64318e-85 2.03448e-101 7.65003e-119 1.1684e-235 8.80174e-46 8.65138e-81 2.31656e-101 2.62804e-72 9.19099e-89 6.71538e-42 1.09384e-119 5.92679e-103 4.79988e-160 9.73035e-59 4.1699e-77 5.38163e-60 2.39815e-70 5.84044e-73 4.63117e-135
5.26968e-33 2.79237e-07 9.95639e-53 2.72272e-35 5.24846e-38 7.438e-90 1.65972e-44 2.63474e-63 8.81459e-92 7.5126e-24 4.35933e-47 3.8268e-56 2.05394e-95 1.8805e-122 1.55029e-217 3.03864e-92 1.71561e-108 0.0119595 2.58709e-25 1.32632e-56 9.57757e-22 4.04187e-126 7.17679e-12 1.42099e-236 3.58698e-49 1.01282e-05 2.72793e-72 2.866e-42 2.43044e-86 0.154813
2.7815e-111 7.07583e-89 8.94769e-68 8.80063e-130 0.00102689 4.67854e-125 3.74247e-100 1.76376e-68 1.66008e-131 4.68744e-119 4.9503e-05 8.47963e-108 1.49928e-106 5.72871e-35 5.7883e-101 0.222147 4.54792e-43 1.99836e-16 4.01671e-29 1.17761e-118 3.36761e-94 7.29579e-150 7.19383e-51 3.44722e-237 1.68617e-77 2.65645e-44 1.42629e-124 8.10562e-12 0.16695 0.16371
