6.48235e-204 8.05881e-118 2.88389e-163 0.0364362 8.89318e-322 8.50496e-210 4.23569e-189 3.10965e-291 8.25605e-195 5.67612e-79 1.20256e-320 3.46361e-213 9.40852e-18 1.38905e-218 1.15672e-128 3.964e-91 1.01526e-58 1.74115e-25
0.00347284 8.93508e-156 2.28655e-122 8.90823e-43 1.5316e-321 6.51896e-143 5.26898e-119 1.60546e-188 5.18942e-102 1.3212e-246 1.83792e-320 1.99478e-208 1.42677e-35 0.25589 2.30562e-126 9.45013e-93 1.67468e-69 3.48158e-35
1.57213e-83 9.12851e-13 1.91744 7.13659e-57 1.58101e-321 1.05161e-264 1.21671e-16 1.15449e-248 4.04114e-15 3.25143e-51 8.42838e-268 1.74762e-313 1.34974e-137 2.04676e-262 2.24078e-132 9.53249e-156 4.23969e-26 2.40749e-107
1.29194e-180 1.78216e-268 0.464681 1.67241e-85 2.12448e-321 4.34398e-297 6.29286e-110 2.14938e-285 5.8346e-102 1.45221e-145 1.46639e-320 4.94849e-134 3.2795e-138 6.97637e-22 2.10621e-115 1.91223e-169 8.97186e-57 1.39794e-108
1.79201e-157 4.90778e-304 2.87147e-186 0.180533 8.54734e-322 1.28705e-258 5.97288e-243 1.82883e-247 1.52511e-207 1.79594e-197 7.29735e-321 3.71852e-246 8.84784e-54 1.61209e-284 6.53695e-138 2.3536e-113 4.18838e-85 1.1895e-95
1.74097e-26 0.199262 0.598358 4.59725e-94 2.13436e-321 7.79866e-192 1.25261e-30 2.13009e-131 1.23613e-178 3.03612e-44 3.58469e-317 7.24415e-102 2.28424e-140 1.32995e-134 1.88624e-52 7.31976e-134 2.53759e-72 0.21084
2.6862e-203 4.50853e-153 8.0742e-129 2.73552e-24 1.71441e-321 1.14172e-93 7.85316e-271 8.56345e-205 9.40948e-127 0.582758 1.42538e-320 3.25744e-112 1.42997e-74 5.40862e-45 1.31437e-88 4.67752e-157 1.58994e-16 0.319977
2.17772e-267 7.53177e-170 4.81376e-200 0.0632076 7.75683e-322 2.0501e-290 6.0444e-168 2.04541e-249 1.36777e-80 3.92997e-140 7.83588e-321 8.42956e-272 2.36955e-24 1.99449e-177 4.60409e-53 5.9318e-183 8.45525e-10 3.42152e-108
3.89173e-203 2.57376e-38 2.17744e-45 1.01584e-14 1.35374e-321 1.96549e-231 1.63122e-272 7.13699e-179 2.06887e-210 6.18145e-194 1.20947e-320 1.10493e-211 1.67574e-22 1.14129e-185 0.904118 5.98181e-189 0.0196714 9.87285e-56
1.10802e-247 3.14562e-106 1.39209e-177 3.16151e-26 1.66006e-321 2.78715e-205 5.07562e-274 4.28237e-225 0.222206 2.32351e-119 1.01333e-320 8.39477e-294 1.44093e-140 2.02868e-151 8.33239e-124 4.76522e-151 1.70885e-08 2.65493e-30
6.75811e-149 4.24672e-240 1.10909e-69 1.01183e-69 2.06519e-321 2.30254e-194 1.41894e-186 3.10538e-168 5.2386e-157 1.20275e-106 1.34435e-320 6.85897e-217 0.331827 5.46002e-96 8.9266e-05 3.22015e-74 4.74381e-63 1.22273e-22
8.77409e-217 0.224492 2.54282e-128 1.56593e-07 5.37939e-320 4.79285e-289 4.99182e-224 5.31655e-278 1.12761e-49 5.4758e-145 1.68229e-320 2.51973e-321 4.22796e-94 2.59731e-60 4.99094e-82 1.78599e-110 4.19849e-59 1.66427e-78
2.38002e-290 7.10582e-89 1.70747e-163 4.66424e-47 1.41797e-321 5.88637e-148 1.99152e-115 1.33789e-194 8.3222e-09 4.21481e-111 1.19613e-320 5.83659e-291 0.177879 3.67935e-81 3.58972e-116 1.21408e-60 5.49837e-13 1.62819e-62
1.89348 9.31597e-140 0.0351899 1.95575e-97 0.99933 0.675703 2.57334 0.55299 0.493444 4.99547e-112 7.72303 0.616239 9.56365e-117 0.168339 1.79381 0.616518 0.282011 1.74475e-07
2.85802e-216 1.78179e-305 5.5342e-255 0.0725961 1.02272e-321 9.73882e-276 5.045e-164 1.25179e-186 5.35311e-134 4.46524e-90 9.99989e-321 5.66823e-278 1.52772e-37 2.1535e-259 0.404334 6.37904e-139 2.91667e-25 3.78951e-70
