1.0581e-10 0.0120543 3.05067e-09 6.9477e-07 6.96073e-05 0.00522228 4.2168e-05 0.00370018 0.0113249 1.95233e-08 0.000470748 0.0149138 0.000323757 4.1075e-64 2.0567e-28 3.92169e-39 1.25116e-37 1.31465e-45 2.69361e-39 6.4428e-23 1.31697e-61 4.47134e-55 2.2045e-27 3.96857e-35 1.91379e-32 2.24712e-58 1.46448e-48
2.79756e-15 2.70937e-05 3.10113e-39 2.90639e-07 6.76226e-21 1.63423e-46 1.99584e-37 4.00366e-13 0.00139865 3.83295e-07 5.97303e-34 1.41108e-27 2.31289e-30 2.14522e-58 1.84183e-07 3.51737e-18 5.63698e-38 1.0803e-17 1.7732 1.9609e-22 1.13477e-35 2.81823e-26 0.0306075 4.81982e-29 4.36707e-16 6.99897e-35 1.48433e-51
2.15673e-52 1.94624e-19 0.0981801 3.64105e-21 1.57848e-14 5.51528e-14 1.15343e-23 5.95116e-32 1.67054e-10 3.49887e-36 2.86855e-17 3.2116e-25 3.79978e-38 4.11473e-63 0.0614593 1.52924e-27 0.0022988 2.39484e-21 6.12641e-28 1.76914e-07 1.70165e-48 1.4799e-32 1.63614e-25 0.00719345 6.84623e-10 4.99157e-16 4.57685e-50
5.32748e-05 2.00164e-25 2.71944e-31 1.25991e-07 5.23898e-51 0.000173782 1.4374e-37 5.51066e-12 8.53869e-21 4.01138e-34 3.61337e-55 1.9209e-32 2.13289e-06 2.06521e-17 7.75595e-10 2.79075e-14 0.000927162 1.8278e-43 0.0859754 7.86346e-22 9.00176e-40 1.14569e-31 0.00153279 5.30394e-18 0.0569827 4.37055e-18 6.01573e-51
1.67838e-42 2.89383e-14 2.00242e-59 2.01523e-26 1.10521e-45 5.17481e-34 1.70499e-09 2.1867e-42 6.04165e-21 1.02432e-21 1.05357e-13 0.00224679 2.90112e-15 5.35194e-41 0.000923365 0.0825059 0.00575289 4.30897e-39 0.292652 0.0903716 0.0080022 1.44771e-39 6.64955e-25 5.79107e-30 2.52757e-33 0.0621969 4.37475e-33
1.74132e-57 3.24166e-05 1.33092e-50 3.27257e-28 0.0294043 1.78342e-56 2.18163e-42 1.88713e-16 4.39044e-29 4.04929e-25 1.31918e-23 4.7463e-23 1.29666e-40 1.68192e-67 1.97112e-26 0.228837 2.03423e-21 1.39288e-46 3.90422e-20 5.57534e-17 5.13443e-25 1.96214e-40 4.83041e-18 1.42002e-18 1.58996e-30 1.03206e-40 0.000272732
8.04232e-50 6.57073e-11 8.92178e-25 3.61023e-21 3.41449e-28 5.8375e-28 1.56099e-18 1.4853e-21 1.94057e-23 1.16077e-28 5.60175e-31 2.53675e-23 0.00358639 4.14093e-58 0.043084 4.93988e-12 4.0788e-09 1.033e-45 4.42256e-18 2.26527e-13 3.78695e-23 8.13683e-34 5.43094e-18 5.73965e-29 2.90826e-16 5.04033e-45 0.126686
0.0517752 4.68902e-05 6.9744e-53 2.10576e-11 8.25849e-36 2.59234e-62 1.58467e-51 2.78182e-12 9.20095e-11 0.0527361 4.65666e-57 7.76399e-46 2.4801e-50 1.37376e-25 0.000114406 3.88602e-42 3.8832e-28 1.47835e-13 0.5655 1.97128e-16 2.7654e-08 0.0468357 7.02985e-17 2.50818e-33 0.00347651 3.14244e-24 4.42786e-12
3.64958e-42 1.87156e-27 6.34308e-27 0.000392339 1.95471e-27 4.26215e-25 6.27209e-50 6.94772e-35 3.94897e-11 8.27579e-51 1.64699e-49 2.0828e-31 1.20805e-29 0.276144 8.8494e-21 9.87882e-08 8.03246e-36 0.0469164 3.74637e-06 6.65914e-26 6.89903e-19 2.4605e-16 2.4557e-11 1.21508e-09 1.15214e-09 4.38118e-10 0.0570601
7.11381e-41 9.12103e-06 2.21668e-14 9.18507e-08 3.65668e-07 5.23142e-17 0.278655 1.11774e-25 1.3378e-14 1.8043e-39 5.4121e-35 2.12722e-20 5.49165e-27 4.72571e-35 3.11842e-28 1.04783e-21 7.47117e-22 8.77676e-42 1.77055e-31 2.91313e-20 3.78008e-57 3.73275e-42 2.02152e-20 1.60008e-10 2.61318e-09 6.47816e-43 3.57507e-15
8.77871e-20 2.36044e-21 3.67405e-40 0.000439564 3.63602e-18 6.43131e-12 1.08433e-34 0.0182575 9.52993e-20 2.42908e-33 1.76712e-55 5.91956e-45 2.30839e-24 2.22452e-45 0.0120187 2.95087e-05 1.39579e-22 2.07948e-30 4.99224e-25 9.39516e-14 3.76716e-48 6.3273e-52 4.11872e-10 0.0147702 9.87032e-16 1.51812e-48 7.51244e-34
