4.56261e-45 2.7263e-39 3.86186e-13 1.00591e-38 1.13235e-39 4.45055e-35 7.82505e-34 0.03569 4.08341e-43 4.03149e-34 0.054431 4.32134e-24 9.05426e-38 9.45636e-133 4.0296e-113 2.32312e-108 1.10933e-165 2.39096e-105 2.32925e-69 2.08135e-111 1.9528e-261 9.43057e-78 1.12622e-182 6.42059e-126 1.58707e-141 2.60976e-165 3.68279e-160
1.50173e-170 2.19734e-130 2.12057e-128 8.34652e-163 3.27191e-135 5.88704e-51 5.34803e-07 8.33325e-170 1.49788e-209 2.13469e-50 2.83553e-107 6.14374e-07 3.32063e-91 0.311661 7.40602e-53 0.804206 0.448328 0.239622 1.65635e-109 9.45696e-41 9.03828e-158 7.67433e-72 6.19421e-111 0.233629 2.37212e-33 7.90983e-42 0.145612
4.42512e-159 1.13038e-158 1.19817e-35 1.64443e-134 1.39463e-117 3.71926e-74 2.85299e-147 1.13906e-31 1.79294e-154 2.65381e-38 6.98742e-61 1.63579e-41 1.57128e-82 5.39609e-87 1.44622e-88 9.38776e-105 1.26603e-18 8.49946e-97 3.24607e-97 3.45492e-09 1.78572e-161 3.73508e-26 1.81885e-153 1.22658 3.58435e-125 1.74334e-28 4.98255e-104
1.36226e-52 1.65534e-133 1.05219e-117 3.88732e-27 7.71254e-132 7.20589e-133 1.99416e-115 3.23062e-142 4.20559e-42 2.08604e-12 2.96185e-126 4.0782e-31 1.94125e-121 3.71773e-93 1.37078e-85 2.35695e-18 2.3963e-133 2.8651e-19 0.391177 3.55591e-13 7.7597e-93 2.11093e-41 3.71206e-83 1.43325e-113 5.6486e-89 1.52258e-23 7.73026e-158
7.50853e-98 2.77048e-166 0.187434 3.23072e-46 1.15906e-39 5.87867e-39 5.14563e-251 2.33301e-56 4.87852e-240 3.82864e-117 7.98533e-105 8.54133e-256 3.39129e-137 2.171e-111 7.15817e-47 0.232129 1.23622e-150 9.76205e-82 1.12109e-32 2.76042e-105 4.51156e-89 0.32721 4.05943e-64 9.26202e-87 0.356403 0.734028 1.28666e-173
1.83505e-18 8.85092e-14 5.19219e-94 1.58038e-13 7.37017e-66 2.38195e-107 9.15422e-48 1.17398e-66 1.65649e-21 1.82578e-117 6.2119e-168 1.71641e-119 5.31319e-94 4.5286e-152 1.69614e-40 3.39105e-99 6.23549e-181 7.15732e-103 6.25141e-106 1.18046 4.24378e-139 1.65122e-58 6.37471e-92 4.08773e-90 1.54075e-128 9.64283e-143 3.00714e-77
8.60623e-92 2.93662e-164 5.61005e-16 2.35814e-48 3.2834e-102 5.15091e-60 1.14975e-07 7.15861e-37 1.09992e-58 7.16497e-11 2.72892e-164 2.37056e-22 4.38981e-128 2.71611e-47 1.90632e-108 7.03348e-47 9.77053e-25 1.80953e-93 0.00710538 0.360893 5.01168e-220 3.88643e-95 4.37647e-118 4.53545e-48 9.26519e-120 5.10154e-191 2.77422e-83
0.0873723 0.0237224 6.64384e-07 5.34996e-09 0.00108643 1.65724e-11 2.75772e-08 1.55436e-14 1.02461e-11 0.0296337 1.19728e-20 0.0160113 1.88845e-06 3.29272e-142 1.88928e-130 2.29927e-112 1.10099e-190 2.37714e-118 8.25857e-112 3.40665e-115 2.47881e-240 4.19142e-101 1.52667e-191 2.52906e-141 2.12514e-129 1.45239e-191 4.99338e-174
8.9408e-16 2.17083e-08 4.16473e-17 0.000136105 5.07397e-06 0.0773842 7.59035e-13 3.82534e-39 0.0118711 1.05437e-11 2.19916e-33 1.22e-14 0.00122862 2.90735e-142 2.18119e-122 4.7678e-106 5.887e-164 2.471e-119 5.44977e-108 6.29586e-109 1.67885e-245 1.10012e-105 1.20843e-193 3.74522e-140 9.00067e-137 6.80422e-183 1.25219e-171
2.56279e-233 2.81079e-35 1.21716e-42 2.23433e-27 3.97137e-106 6.08298e-26 0.00729348 2.1972e-289 2.47857e-180 1.35438e-132 8.86529e-233 1.48693e-162 5.05377e-128 0.0234106 4.08153e-74 1.00257e-116 3.75426e-105 2.72343e-34 0.154322 3.99115e-41 0.0927225 6.63344e-100 7.49917e-169 1.7953e-141 1.38958e-39 1.21826e-72 2.89407e-33
3.39135e-133 4.45998e-99 7.47643e-08 7.42579e-186 5.09139e-207 6.48208e-148 4.54014e-270 9.81886e-174 1.10317e-10 3.61917e-139 3.6546e-214 9.09209e-297 1.38001e-72 2.99555e-08 0.349222 1.6567e-100 1.55872e-42 2.29507e-49 1.98061e-38 1.55334e-51 9.82626e-54 1.67378e-53 0.375124 1.49189e-139 4.87563e-74 0.159837 2.89326e-124
