9.28921e-169 2.07394e-38 8.77039e-33 4.64972e-153 2.67123e-160 0.27161 5.57922e-84 3.0713e-190 9.26467e-13 2.78263e-178 2.3222e-92 3.66011e-84 9.12079e-126 1.41977e-43 1.3901e-76 2.63631e-09 3.75633e-80 9.26115e-119 1.15997e-197 1.22913e-101 3.06717e-82
2.45371e-87 1.05692e-221 2.36726e-116 0.361956 8.95627e-103 2.2168e-87 1.26697e-45 0.160272 0.330746 4.62652e-48 1.18007e-26 0.736945 6.94442e-82 1.85889e-134 0.320873 4.52517e-59 0.675977 0.378737 2.39755e-281 0.578673 0.194316
0.0606074 0.0615304 2.8436e-24 3.37668e-144 3.95155e-229 1.10331e-140 7.49549e-243 4.98596e-237 5.99112e-123 3.49645e-153 2.14927e-97 1.06075e-94 1.63021e-95 1.0742e-173 6.92943e-233 2.01353e-101 3.49531e-207 5.39067e-105 2.63627e-260 3.4072e-104 2.70663e-224
3.94101e-160 9.16124e-38 1.46119e-60 3.30439e-131 1.46071e-143 1.16704e-86 1.04452e-282 2.78243e-114 9.24956e-120 5.64204e-111 0.731081 3.46486e-107 0.00370058 2.35628e-140 5.68617e-106 6.03614e-47 1.44452e-193 1.85685e-44 3.28071e-188 7.65503e-101 5.43868e-148
6.13187e-10 0.000156826 3.58787e-116 3.06852e-135 2.00368e-193 3.34324e-89 3.7158e-218 1.20193e-162 1.23919e-65 1.71176e-130 4.16543e-10 7.2566e-81 3.66102e-63 4.38411e-165 1.10071e-134 0.265429 1.36642e-190 9.75109e-44 6.22387e-128 6.06043e-85 1.1151e-228
4.78657e-12 1.4134e-26 5.04567e-121 7.87903e-140 3.09206e-158 6.87136e-121 9.94561e-226 2.13503e-177 1.64499e-27 0.0470986 2.18127e-25 1.52221e-95 7.32641e-117 0.157464 4.77896e-176 4.35933e-15 3.491e-179 0.154071 2.77721e-75 1.62199e-122 6.33689e-148
2.68054e-245 6.91927e-147 4.26062e-112 7.55271e-135 0.150307 0.26607 0.860653 1.64415e-116 3.38413e-33 0.0418455 2.57729e-05 1.17736e-39 3.57819e-29 1.57451e-117 0.399708 6.9375e-20 2.94291e-140 1.46354e-75 1.35234 4.29878e-15 8.17771e-115
1.10279e-71 4.27753e-34 2.04481e-24 6.84894e-132 1.49007e-84 2.03142e-23 4.20986e-180 2.46726e-235 3.79023e-46 1.73305e-151 6.02867e-40 2.40265e-08 7.22576e-100 3.51417e-136 1.93288e-192 4.3735 5.39192e-184 5.53675e-52 4.62307e-233 9.93125e-103 2.95289e-124
1.96093e-130 4.36389e-07 0.135169 7.78795e-119 1.65802e-27 3.3699e-107 2.59049e-50 4.70857e-126 9.20778e-98 1.12314e-09 5.93695e-81 9.55122e-13 3.2129e-79 2.82587e-35 4.54126e-78 7.35759e-76 1.79847e-149 7.17913e-21 0.815828 2.71317e-11 3.80972e-216
6.28239e-17 2.53003e-96 2.24757e-11 3.76341e-122 1.79499e-191 7.33516e-94 2.88959e-162 2.76133e-119 2.80854e-75 3.85888e-72 4.6735e-56 1.31131e-57 0.25333 3.33451e-114 2.51109e-126 5.17092e-25 1.7513e-166 3.87697e-118 1.20135e-178 1.80661e-65 1.07805e-128
4.45803e-72 3.65609e-57 2.61822e-63 8.019e-132 1.10271e-150 8.5588e-113 4.07433e-144 5.24256e-210 1.38844e-76 2.87985e-84 1.3687e-27 0.0779551 1.05064e-16 4.28292e-121 4.91331e-260 2.17219e-78 1.2083e-148 8.37874e-110 1.07949e-181 4.62689e-130 3.73081e-184
