3.33255 0.148507
1.18164e-53 1.11855e-181 1.75158e-63 6.89293e-116 9.24555e-126 2.73582e-36 1.19844e-65 4.79686e-144 1.93236e-37 5.0917e-121 5.17874e-88 2.46437e-21 5.3019e-52 7.97786e-66 0.0560269 0.205543 0.339969 3.62223e-130 7.46635e-34
3.19071e-176 1.00699e-188 2.58753e-116 9.09312e-193 1.98407e-114 7.22393e-130 9.86884e-131 3.94054e-92 4.7648e-219 2.86909e-154 1.12885e-161 5.58875e-71 0.132197 5.05064e-162 3.40549e-61 9.64152e-147 2.30703e-84 3.58874e-177 2.24045e-70
1.69908e-157 2.56024e-165 6.39619e-84 5.08919e-192 1.46188e-52 9.72887e-35 1.82267e-147 4.38783e-155 8.25982e-192 4.62607e-152 8.87095e-105 2.26177e-52 0.310495 1.25759e-144 2.62081e-49 1.83598e-151 1.32914e-87 3.82407e-129 7.43319e-53
0.513806 1.28903 1.66404e-05 2.02747e-163 1.40741e-112 3.83393e-70 2.81423e-88 1.3078e-106 9.99614e-243 1.67705e-122 4.64804e-75 0.12533 0.00393128 8.92098e-175 9.76118e-52 5.20361e-42 5.67228e-05 5.4342e-42 3.25511e-35
1.11547e-127 2.46124e-198 2.96099e-115 1.93293e-211 1.94918e-48 2.91332e-159 1.1035e-154 4.44005e-53 2.87213e-163 1.01763e-172 9.45724e-109 6.2361e-55 0.128473 9.0382e-174 3.3372e-12 7.04944e-151 6.91851e-121 2.50389e-129 1.1241e-51
3.74624e-112 8.52534e-21 0.138486 4.51149e-175 0.781098 0.0741157 6.84945e-102 5.74482e-177 4.55253e-123 1.03455e-05 2.18783e-91 0.841071 1.95568e-72 6.17742e-36 4.0237e-96 8.92379e-114 0.152479 4.87928e-181 3.77879e-14
4.18034e-122 1.33877 0.565305 0.365905 1.24969e-125 1.72566e-149 0.351175 0.436552 1.27142 0.403753 1.08461 4.28724e-33 1.82421e-21 0.151719 3.87741e-22 9.79785e-83 2.08541e-109 0.513453 0.101863
4.21612e-175 2.9041e-221 3.42875e-100 1.47062e-231 4.32023e-134 2.52338e-115 2.18914e-137 9.8005e-123 7.60556e-202 1.65438e-155 2.93256e-181 3.92053e-52 0.0937693 8.97618e-151 2.98877e-72 1.03174e-115 7.72777e-94 3.0503e-122 5.99889e-68
4.58597e-131 5.32423e-167 1.33003e-27 4.92563e-118 2.57963e-106 4.65429e-41 5.0916e-167 1.66528e-105 6.7821e-248 2.72847e-83 1.35292e-82 5.74227e-52 0.390136 2.02406e-145 2.71051e-08 9.56187e-74 1.2645e-125 1.65133e-192 2.04808e-37
1.24286e-102 2.63613e-174 7.21639e-126 1.11376e-167 8.43091e-115 4.60745e-53 1.55979e-128 1.5142e-134 6.979e-216 1.24845e-61 2.09858e-150 2.06978e-54 2.70406e-05 2.46027e-145 0.199177 2.09735e-136 1.82191e-101 5.4886e-84 1.7619e-73
5.72508e-170 3.80902e-197 1.84949e-99 7.95996e-203 1.79273e-106 2.35115e-113 5.20899e-167 2.25552e-147 7.45073e-234 1.25801e-129 3.96625e-136 1.53682e-100 0.420299 3.23327e-156 1.31471e-97 2.02556e-115 1.63141e-102 1.53029e-141 3.70965e-49
