9.24096e-190 3.82409e-177 0.0593137 1.6153e-301 3.56362e-81 1.93261e-230 9.32057e-46 1.79362e-178 3.59396e-98 1.35246e-05 0.07759 2.68914e-30 1.94627e-127 2.31355e-108 1.31357e-15 1.261e-126 1.6933e-135 1.46318e-91 5.94579e-174
3.38587e-182 1.96142e-186 3.87461e-27 2.33295e-286 7.25716e-85 3.91579e-181 8.43987e-45 2.20986e-140 2.25642e-153 1.1792e-67 1.75216e-12 4.2291e-17 4.28055e-94 1.23532e-37 2.59021e-119 0.0745101 4.36244e-121 2.75184e-95 3.25975e-102
2.75629e-183 2.79688e-102 1.30037e-95 1.15214e-210 2.84923e-39 1.51181e-228 0.103448 7.94895e-55 5.31962e-54 1.06346e-62 2.78408e-55 1.19302e-50 2.02314e-68 3.76217e-69 1.68885e-73 2.03858e-112 8.44207e-80 3.83882e-65 1.05041e-195
1.51711 4.98781e-141 1.04188e-19 0.404631 3.63958e-11 0.392686 0.049779 0.141456 0.38766 3.46855e-125 1.35898e-81 3.67585e-41 1.11512 4.00105e-172 4.06399e-08 0.0855719 0.520331 2.36254e-145 0.702621
1.25504e-224 7.56753e-146 4.23318e-26 9.32709e-183 7.34564e-15 1.22682e-267 0.0669876 6.73242e-186 1.07454e-115 4.43768e-95 6.61509e-70 1.03848e-35 1.06866e-84 4.39376e-96 2.44245e-79 3.84608e-109 4.39293e-124 4.63563e-93 1.55438e-200
9.78657e-223 1.0247e-30 2.34566e-52 4.89499e-166 1.98134e-11 3.75679e-272 0.457392 9.90795e-104 2.32549e-179 0.209625 7.57778e-138 2.85979e-121 1.82185e-65 5.25929e-143 2.6195e-64 7.44129e-123 6.6608e-68 4.30135e-36 2.74515e-122
6.95891e-183 2.37678e-116 2.06346e-98 7.84861e-264 7.22043e-35 5.481e-161 6.22188e-101 4.063e-80 9.10894e-181 0.162727 1.13762e-81 1.76845e-75 2.07905e-134 4.53167e-221 8.35967e-155 9.21863e-141 1.17688e-121 5.0529e-124 7.2815e-79
2.81989e-283 1.24298e-19 0.312501 9.7385e-285 3.38543e-93 3.08108e-126 0.0604109 2.36537e-82 3.06468e-97 1.4223e-27 1.67982e-79 1.244e-24 1.76512e-35 5.68101e-08 6.147e-175 2.76136e-149 3.98542e-123 1.48174e-81 6.18795e-143
2.63449e-107 5.3926e-136 2.21122e-71 1.45538e-243 2.75795e-22 2.48007e-194 4.45086e-30 4.84234e-119 5.53783e-25 3.60701e-135 1.43861e-159 2.06977e-107 1.10105e-62 0.99279 0.210711 2.27067e-26 2.36124e-69 0.0907917 2.36207e-171
1.04638e-109 3.63853e-45 2.06124e-134 1.58025e-193 5.02341e-72 5.83481e-214 1.92907e-37 1.94404e-192 8.83381e-23 8.36974e-60 9.63252e-120 0.214978 2.19503e-92 2.192e-136 1.63716e-82 7.44967e-92 9.17347e-37 2.47877e-108 2.81218e-130
1.30742e-252 0.0806446 1.79875e-104 2.05494e-118 0.101105 1.78941e-304 0.299482 5.82363e-78 2.72995e-109 4.35619e-103 6.2268e-21 7.16396e-108 1.82714e-93 9.91833e-26 8.3302e-65 3.61272e-116 1.46803e-30 2.04659e-07 7.3576e-90
