0.454419 3.31776e-36 7.30886e-51 1.0326e-321 1.90043e-63 2.81488e-108 4.53607e-105 2.35389e-152 2.68455e-97 6.11331e-259 1.01822e-27 3.85406e-217 8.37383e-283 8.79511e-93 2.47177e-241 3.3048e-107 1.42231e-138 4.1393e-133 7.7944e-285 3.59795e-166 5.12493e-29 3.96768e-276 5.11336e-250 5.64214e-250 5.48637e-119 9.76996e-194 2.49166e-70 1.07654e-50
3.70116e-24 3.35649e-49 0.408581 3.79422e-273 5.58829e-59 1.25336e-153 1.48319e-55 2.13625e-237 2.00846e-89 1.12382e-182 6.11358e-07 6.55465e-257 5.9507e-288 4.93438e-55 2.19612e-168 4.48893e-103 1.28672e-65 3.3076e-171 4.25235e-226 2.20989e-186 2.33304e-105 4.34624e-272 3.97202e-244 2.29436e-211 6.65841e-95 1.07238e-123 1.90264e-60 1.7666e-76
1.45189e-74 1.07883e-127 3.16085e-49 1.17094e-321 0.0789711 1.09666e-99 7.68903e-133 4.45789e-166 2.18838e-107 1.32353e-225 1.04572e-92 2.00525e-203 2.88999e-307 1.93993e-88 4.52028e-291 1.88796e-83 9.67111e-157 5.96952e-238 3.43202e-303 1.82584e-98 1.90093e-17 4.99904e-134 1.92141e-213 5.13099e-212 2.10234e-130 2.45923e-115 3.21257e-133 1.86424e-36
3.16445e-44 2.06792e-111 1.48325e-48 1.09189e-321 0.0207181 3.73814e-114 4.0603e-146 1.92858e-241 4.02642e-88 5.22571e-235 4.11501e-63 1.34969e-268 1.21917e-247 4.07022e-06 1.36469e-169 4.0397e-115 5.94587e-135 1.2589e-119 6.62435e-197 2.12103e-191 3.67425e-101 8.32848e-230 3.30696e-297 4.81655e-168 1.28544e-142 1.26528e-186 9.30712e-47 1.25481e-35
0.823365 0.0801444 2.27534e-13 2.06043e-222 3.36517e-28 4.14068e-202 0.345897 7.09576e-172 0.387277 4.7148e-82 1.34997e-34 1.3787e-212 1.2401e-321 5.57223e-56 1.06922e-231 0.262354 2.01421e-56 3.35887e-216 3.46612e-295 0.254672 0.368208 5.85021e-214 5.8505e-107 1.40054e-279 0.365765 6.1203e-153 7.56735e-29 4.81319e-83
0.321807 7.51627e-112 2.88832e-39 1.33858e-249 2.21541e-24 1.42474e-204 5.58343e-109 3.04497e-173 1.4879e-168 8.50736e-276 1.58675e-24 1.20394e-222 1.89328e-272 8.05388e-31 3.13999e-209 4.80507e-28 8.5937e-154 4.3856e-178 1.97064e-204 3.31159e-176 1.03559e-101 1.78195e-270 1.13433e-235 3.30197e-293 1.67758e-143 8.14332e-164 1.41761e-56 2.89067e-20
2.29941e-73 1.60942e-122 1.09708e-113 3.57899e-284 2.24673 1.59657e-167 3.18067e-177 1.75461e-215 3.33701e-140 2.80779e-285 4.24252e-40 1.30724e-280 6.86751e-322 1.84173e-60 2.31153e-221 7.22332e-142 5.92179e-152 1.78342e-202 6.26228e-231 3.22932e-125 3.64069e-91 2.99477e-226 3.19116e-223 1.88492e-268 3.38488e-85 4.07826e-187 5.39565e-115 0.110629
5.4373e-43 2.03253e-36 1.34823e-46 1.52428e-244 1.60525 1.13667e-152 2.30437e-135 3.91789e-226 1.03489e-180 1.54129e-217 3.67421e-97 9.30896e-278 7.01573e-322 3.8726e-95 1.63728e-207 1.20604e-67 1.0319e-106 2.32349e-249 3.30393e-197 4.7038e-247 5.41523e-113 3.11946e-243 8.50968e-179 1.82258e-213 1.74411e-159 2.97299e-174 1.38673e-129 2.88992e-59
6.36953e-41 5.7065e-130 1.53018e-165 1.11887e-304 0.17634 4.71366e-118 1.62107e-157 7.81534e-193 2.12479e-198 6.24137e-287 6.71015e-77 4.96115e-138 3.2673e-268 2.88078e-44 1.56556e-291 4.68448e-33 1.06467e-97 3.34139e-188 1.13169e-184 8.77272e-94 6.66923e-41 1.31884e-301 7.15296e-256 1.05696e-157 5.02317e-58 1.38563e-139 2.525e-64 1.87832e-78
2.57037e-58 9.04182e-73 4.27005e-113 1.01599e-313 0.163279 9.36322e-187 3.24951e-165 2.17491e-220 2.13559e-207 2.09384e-225 1.0977e-48 1.043e-223 6.96633e-322 3.20425e-74 3.88617e-194 1.09873e-89 1.07233e-128 7.34003e-240 1.43415e-238 3.86389e-253 1.68902e-113 4.18975e-316 2.38183e-288 8.8328e-227 4.26014e-93 6.03158e-185 1.24412e-70 5.14157e-79
2.17726e-68 7.69076e-84 6.10671e-152 2.59317e-296 0.624615 1.50312e-136 8.67192e-147 8.36047e-228 5.28763e-192 3.00651e-198 2.0082e-62 3.61191e-184 9.38725e-322 3.14058e-95 8.06737e-276 2.12313e-92 3.9409e-91 1.2963e-198 2.15412e-202 5.92314e-114 4.44764e-28 1.74628e-289 4.35246e-248 5.47419e-254 3.94263e-162 6.24994e-197 2.34927e-63 1.26596e-73
7.5298e-33 4.08914e-45 1.32915e-22 2.79314e-258 0.399435 1.83796e-128 5.93676e-187 1.40291e-214 4.38897e-180 2.42985e-287 2.59396e-68 4.84682e-156 1.60397e-278 2.08882e-45 1.95518e-256 3.72785e-47 1.45981e-74 3.38151e-235 4.39756e-188 9.4611e-226 2.34782e-26 3.42981e-254 3.6141e-161 4.94525e-235 1.02216e-108 4.46787e-122 4.80895e-47 3.03283e-06
2.2723e-31 4.33411e-10 5.24364e-30 0.564403 7.45538e-47 0.824245 4.86737e-121 0.360773 5.55434e-202 0.612004 1.83567 2.98336 0.491448 1.59809e-27 0.676666 8.48253e-81 0.450267 0.545257 0.521314 4.30282e-243 9.36543e-89 0.124917 0.481163 0.236333 1.25193e-149 0.810151 0.807545 3.49725e-49
0.0382199 1.64686e-66 7.23878e-78 1.09189e-321 9.35158e-13 1.07115e-149 1.05856e-102 4.40449e-200 7.39496e-89 4.76153e-208 3.7935e-60 1.2353e-192 8.69556e-322 0.0748373 5.45247e-257 5.13626e-45 9.6234e-201 1.85346e-221 1.25253e-195 8.20313e-221 1.86056e-43 9.10778e-250 4.61867e-242 1.01604e-265 6.49142e-166 4.00038e-194 1.13188e-61 2.1736e-66
1.42275e-17 8.42471e-86 2.97343e-33 1.15117e-321 5.27784e-39 4.84563e-209 1.77102e-121 1.97671e-158 6.71467e-189 1.84649e-275 2.62746e-75 3.82039e-183 9.88131e-322 8.58072e-63 3.38006e-262 0.118923 1.83851e-148 5.31096e-188 2.56428e-262 1.29374e-153 1.51978e-36 6.65955e-242 4.88256e-147 1.75165e-152 3.0514e-108 5.89468e-145 9.21447e-70 6.39391e-58
7.29652e-103 2.56991e-56 4.87276e-131 6.29656e-288 1.67823e-14 2.05069e-206 9.31874e-94 2.77653e-244 2.20811e-240 2.40735e-202 1.12732 3.64218e-209 4.46172e-296 0.000115638 1.87471e-202 4.78377e-75 1.63643e-168 8.42053e-238 1.06874e-155 9.78077e-107 3.94066e-23 2.4681e-160 1.44154e-242 3.88876e-218 7.29931e-68 2.9316e-144 2.68143e-73 1.76219e-71
0.115201 1.00064e-95 2.13611e-30 1.40424e-232 1.11895e-27 7.29286e-130 1.70221e-157 4.99291e-226 1.5337e-133 8.87009e-140 3.3856e-84 4.46537e-121 3.18715e-238 1.00498e-74 1.986e-262 1.7882e-89 9.56878e-142 2.44896e-97 1.11928e-273 3.10065e-161 2.44161e-42 1.46774e-281 1.17077e-215 2.33217e-209 3.47363e-72 2.44702e-163 6.55067e-106 2.59514e-19
1.25949e-28 1.57562e-68 1.47252e-74 9.68369e-322 0.0964771 1.56255e-208 3.39721e-138 9.81029e-194 4.69433e-152 2.22053e-173 2.73276e-89 5.72362e-227 6.96633e-322 4.91103e-43 7.6876e-255 2.30868e-55 1.50633e-118 1.72791e-186 1.76836e-223 1.71282e-233 1.45835e-114 3.61129e-284 1.34649e-300 7.0942e-294 2.64151e-95 4.17123e-127 2.97298e-131 1.90081e-65
