5.98804 0.15719
5.08027e-37 6.72544e-133 0.0471008 9.44765e-64 7.74567e-81 1.3449e-78 5.10113e-84 2.08721e-139 4.87186e-20 7.72376e-136 1.65946e-91 9.62768e-102 1.21732e-40 3.40541e-119 3.48095e-117 0.0103397 5.65558e-203 5.36415e-56 8.82752e-140 2.50133e-70 7.34034e-116 4.17523 3.00492e-65 2.85556e-45 4.52596e-79 1.16611e-115 1.03481e-52 2.4974e-70
9.90547e-78 9.31128e-20 1.75972e-16 5.44606e-35 4.64579e-62 1.50107e-32 0.158915 3.31077e-142 1.43579e-103 2.16015e-155 1.13956e-72 4.81355e-101 7.71377e-50 1.07117e-61 2.39285e-108 0.0199104 2.54491e-38 1.59632e-52 4.56626e-19 1.40444e-108 1.42532e-30 1.69353e-95 1.77969e-25 1.26119e-112 3.5705e-114 1.13567e-49 1.02095e-77 8.4518e-96
2.27678e-86 5.04158e-69 4.32556e-92 9.92682e-40 5.12776e-31 3.64563e-130 11.4214 0.102049 6.67222e-39 2.31946e-57 1.32352e-133 4.00546e-37 6.20223e-101 6.88238e-22 1.49968e-77 0.0226094 2.03088e-181 0.151066 1.16549e-47 1.11645e-18 1.14832e-66 4.59783e-32 0.365741 3.58451e-159 4.63748e-48 2.54829e-64 2.83511e-70 1.11982e-56
0.507156 2.87215e-83 7.72591e-16 3.96166e-54 8.3154e-49 2.25457e-180 1.67347e-20 3.68951e-107 1.74201e-59 3.11246e-163 5.1892e-56 8.52309e-83 3.89536e-24 2.34285e-25 3.3013e-50 5.15617e-59 1.27678e-52 6.65868e-65 5.08568e-84 1.38194e-127 8.25238e-111 6.42615e-38 1.45745e-26 1.25827e-121 2.12595e-94 6.10374e-77 3.9349e-18 0.104818
0.570612 4.00543e-66 8.87932e-14 4.63363e-72 4.14676e-83 1.19376e-142 4.65792e-07 1.10618e-53 1.05506e-46 1.86649e-182 1.14587e-38 1.68669e-27 2.47974e-101 9.67974e-34 2.02209e-35 2.76055e-115 2.63826e-195 1.1038e-21 1.02056e-40 2.6169e-14 0.0708223 2.43317e-157 3.18085e-88 1.19999e-142 6.35663e-143 3.04961e-25 3.14836e-21 1.80313e-17
6.69554e-61 1.44627e-41 2.04826e-33 6.63683e-28 8.75416e-163 4.51951e-48 7.84846e-99 9.91226e-34 2.96088e-127 2.23427e-79 2.17119e-70 1.89128e-81 2.59353e-45 1.99876e-94 4.62162e-81 4.06104e-42 6.86409e-195 4.00975e-100 5.14845e-123 1.32084e-137 5.59979e-05 0.314132 2.016e-79 1.25451e-86 4.63881e-25 2.93097e-39 7.52265e-38 2.19611e-37
0.141653 4.21909e-58 3.15038e-56 1.45016e-95 7.81635e-52 1.22202e-78 2.89299e-88 6.22459e-153 1.29015e-101 1.45626e-158 4.02869e-24 0.263515 2.24514e-48 1.054e-113 5.36577e-82 4.41203e-37 1.14734e-21 9.56467e-06 0.0932478 1.33929e-134 1.92992e-81 1.17626e-133 5.6649e-63 4.78172e-68 0.652833 4.1541e-88 1.5521e-70 2.38614e-116
3.79938e-26 2.8416e-45 1.13091e-49 6.43113e-76 3.74057e-162 2.31152e-91 1.97113e-15 9.08898e-165 0.429404 7.6425e-65 2.36133e-10 9.48701e-10 2.68122e-82 8.82763e-103 3.85258e-45 2.23451e-76 1.75098e-67 1.6026e-78 1.32158e-52 1.42406e-104 3.80495e-13 2.18563e-72 7.03376e-118 1.87e-28 1.45236e-125 2.01453e-62 8.55353e-104 0.000126873
1.37214e-45 3.96517e-53 2.69088e-37 6.62946e-71 1.92071e-100 2.19773e-168 2.23713e-26 8.99877e-138 1.63429e-80 1.62487e-71 1.59143e-54 7.54237e-44 6.8479e-48 1.41199e-111 9.8423e-108 6.02074e-24 1.32924e-65 7.16107e-58 4.1991e-08 0.0688469 1.67787e-85 5.82457e-84 7.04675e-103 1.89745e-104 1.09071e-59 6.77683e-51 8.26828e-36 2.46851e-51
1.66925e-47 4.02592e-136 5.74209e-76 4.92333e-122 3.99802e-28 6.03539e-53 2.9603e-29 1.86772e-91 1.88695e-36 1.00846e-38 1.64183e-118 1.85166e-84 5.06011e-69 1.09978e-118 1.43783e-112 1.47719e-75 4.23337e-40 3.75373e-79 1.03173e-50 0.420368 0.149429 1.13224e-86 7.49883e-27 2.63935e-59 3.22199e-97 2.70863e-64 3.65821e-52 2.49581e-37
0.410847 9.98814e-104 3.91865e-15 1.15094e-33 1.90878e-158 2.58873e-141 3.2344e-06 2.2166e-57 3.04472e-11 3.45511e-109 6.17842e-15 4.78181e-55 2.00426e-67 2.35945e-54 2.97857e-62 4.98001e-15 8.33656e-84 2.12985e-83 5.83389e-37 3.03592e-76 7.42468e-40 1.95029e-14 2.56814e-107 1.19022e-112 9.3958e-55 2.8748e-30 2.64979e-78 6.6294e-60
8.71773e-64 4.87449e-133 4.92302e-17 1.24842e-78 1.38718e-68 9.81385e-129 0.0172644 1.33397e-130 8.79533e-119 2.89635e-135 0.22724 2.69723e-52 2.46488e-40 1.41602e-66 8.75561e-89 5.60428e-70 1.60167e-94 7.81535e-78 0.00189416 1.02581e-95 0.0125726 1.17725e-62 1.00856e-72 6.1531e-96 2.24431e-34 6.94827e-71 2.53904e-26 5.70399e-50
2.7314e-48 4.06791e-119 3.73482e-73 3.8077e-81 0.100729 9.15308e-163 7.78136e-57 7.1871e-33 4.22511e-130 1.12854e-132 1.88248e-120 3.90319e-41 5.0965e-29 2.28976e-53 7.8525e-80 3.42099e-39 8.01739e-95 6.00307e-27 7.2034e-129 1.58936e-85 0.0827679 2.41029e-94 2.25485e-55 3.82639e-57 7.72175e-59 2.26199e-34 2.22724e-90 5.3841e-86
1.8282e-56 2.26044e-145 4.13278e-43 2.87664e-27 3.02915e-137 9.83384e-117 1.22494e-97 3.60662e-180 0.118333 1.1883e-47 1.44033e-78 2.1418e-95 4.73107e-78 8.01838e-11 8.82932e-37 7.14211e-123 4.55812e-63 1.34006e-46 2.39254e-69 4.89768e-144 5.15906e-66 5.01903e-95 1.65601e-154 7.54145e-97 1.67344e-89 1.00736e-68 3.95682e-101 4.45832e-35
2.35969e-71 8.27082e-182 1.62684e-28 1.92286e-101 6.95488e-43 4.65594e-74 1.03319e-31 1.75179e-53 0.044583 7.87276e-124 0.000636746 3.17386e-90 2.85715e-104 2.73279e-48 5.22172e-87 0.00132581 4.4108e-117 1.79389e-96 5.4671e-89 1.06394e-12 3.97334e-56 1.1949e-64 1.20593e-14 1.20916e-165 5.17611e-125 3.11049e-58 1.87918e-50 3.97154e-59
9.66945e-72 1.44576e-80 1.73939e-66 0.0359597 1.83439e-103 0.614175 1.5732 5.34784e-169 1.08185e-117 8.23566e-45 1.61134e-87 2.16905e-31 1.44519e-45 0.0565498 1.74284e-38 2.10463e-85 0.0697834 2.78217e-78 2.15703e-83 1.64482e-108 6.06776e-13 1.54333 2.7771e-148 1.03049e-27 2.10968e-110 0.15055 1.33864e-59 2.82306e-27
4.7183e-79 0.277562 1.35454e-54 7.62384e-08 1.19294e-160 4.11662e-140 5.00975e-114 1.10593e-34 1.17537e-123 0.524968 1.67874e-36 9.34052e-108 0.66749 1.79702e-76 0.0908656 1.11771e-97 1.08512e-77 4.2041e-118 8.09061e-159 3.53637e-39 4.20722e-86 0.127491 0.00626212 0.159399 2.28387e-07 3.56341e-52 0.198993 2.6971e-26
3.20893e-73 8.26686e-114 4.51175e-58 1.04851e-87 7.81211e-176 7.24412e-66 1.57776e-11 3.64077e-79 2.29362e-127 1.08093e-156 2.74186e-44 9.47272e-14 7.32642e-88 5.22495e-53 3.77925e-64 5.31851e-51 9.55339e-108 2.61698e-107 3.32553e-126 1.22973e-97 1.68056e-94 1.35654e-173 2.41571e-147 2.49834e-86 1.70563e-59 1.59041e-67 1.80249e-10 0.44031
