1.84199e-104 4.86541e-33 7.97657e-34 3.92979e-36 3.06423e-45 3.49902e-124 4.61515e-89 1.49844e-119 1.46484e-48 4.15545e-64 4.14352e-110 2.82996e-180 2.03954e-54 7.5654e-56 9.41746e-29 7.12672e-67 7.84753e-86 1.2037e-102 4.61231e-103 3.46286e-41 9.10283e-61 6.03801e-111 0.537448 2.05845e-12 5.89324e-123 6.39396e-73 4.56304e-42 6.67524e-97
2.1551e-150 7.41313e-26 6.28318e-100 0.0411385 1.94667e-32 9.31042e-97 4.19615e-22 0.234145 5.02716e-52 5.34637e-06 5.07009e-109 2.19872e-114 4.52445e-49 3.96057e-24 9.96296e-108 5.8011e-53 2.82798e-121 8.21151e-14 8.1052e-42 4.80437e-85 9.3816e-52 4.12666e-112 1.34204e-51 1.27152e-60 1.1933 1.18697e-12 3.95628e-32 2.58082e-85
6.82585e-50 1.93904e-64 2.08783e-78 1.97594e-47 4.2773e-93 1.06967e-88 1.19649e-40 1.00486e-51 1.32985e-90 2.3448e-26 1.37614e-64 1.66872e-63 8.92249e-61 3.05995e-67 6.73174e-10 7.88464e-135 6.89657e-141 2.50247e-139 3.29798e-20 6.88081e-162 1.55195e-121 2.68988e-133 9.57758e-113 0.0614946 7.06139e-74 0.0658326 2.86992e-75 9.50775e-87
1.32608e-79 2.56858e-100 2.71122e-58 2.53959e-60 1.85036e-159 1.13916e-101 1.95915e-32 1.41706e-64 9.75175e-84 1.05068e-54 2.38898e-33 1.91613e-145 5.05226e-13 1.94226e-22 8.39684e-41 1.27946e-99 6.72235e-117 4.4339e-145 2.64665e-79 4.92764e-120 6.17365e-113 4.42021e-135 0.132489 0.0712066 4.42389e-133 1.52543e-55 6.51539e-106 6.56028e-05
1.43248e-172 7.70586e-34 1.87036e-83 3.7791e-44 5.96514e-64 4.82076e-44 3.42236e-48 6.17204e-29 4.50939e-105 3.26233e-72 8.50149e-164 7.78903e-184 0.0577654 5.88328e-151 1.29613e-19 1.81968e-157 5.00982e-55 2.39646e-126 3.45452e-37 1.07025e-25 1.54051e-135 3.38916e-181 2.73741e-63 3.09021e-73 2.11071e-141 0.0941358 4.18879e-132 8.6552e-40
8.95295e-132 1.79351e-72 0.142089 3.76635e-10 5.26455e-127 4.52923e-163 1.85554e-65 1.54631e-75 0.136836 4.31793e-34 2.70397e-47 1.78431e-54 1.26573e-26 0.120248 1.04566e-60 3.74666e-93 6.87485e-152 3.88436e-136 0.223665 3.35e-110 3.15735e-90 1.74052e-65 3.1605e-87 3.47221e-34 2.39726e-65 6.81531e-38 8.45748e-54 3.64711e-76
1.53824e-183 5.93929e-106 9.17145e-81 0.619126 0.0249828 3.64716e-50 3.63647e-91 5.56354e-120 2.03797e-27 1.26798e-36 6.39479e-96 4.4682e-31 2.93951e-103 7.1213e-151 5.45238e-06 3.06968e-61 1.23752e-142 2.12508e-150 2.4284e-85 0.156953 2.49586e-63 8.645e-152 1.35782e-45 7.02031e-98 8.27659e-91 1.78289e-81 9.93469e-125 3.14585e-110
2.3552e-166 6.0343e-52 0.00385603 2.50333e-60 3.19967e-49 6.69475e-74 4.79921e-69 6.61686e-50 3.88199e-23 1.18191e-08 0.511139 8.29149e-32 3.68775e-105 1.8146e-87 1.56146e-46 7.35779e-169 6.47066e-134 1.37082e-23 9.5818e-96 0.000439162 5.40407e-45 1.0151e-12 6.53798e-69 0.0932965 5.08058e-52 6.96258e-10 1.58669e-102 3.88211e-113
1.33556e-169 6.84306e-56 0.0857433 1.82953e-78 1.4663e-151 3.95545e-64 0.00254537 8.28366e-37 7.37569e-71 3.50298e-136 1.53846e-154 5.41656e-186 2.15469e-46 6.40861e-145 1.20844e-68 1.08277e-108 3.43803e-86 1.77418e-114 4.12489e-23 4.24346e-154 3.89261e-31 7.26315e-93 6.15589e-117 1.80756e-52 1.19751e-132 2.48733e-14 3.85221e-130 2.92929e-91
8.42792e-30 9.15879e-24 1.75407e-35 2.71452e-81 1.33619e-148 1.07097 0.0827594 3.14298e-68 8.03371e-97 1.074e-87 3.13082e-23 5.64577e-149 3.18312e-94 2.76923e-22 1.0363e-34 4.49565e-84 0.000345864 1.89943e-155 1.7461e-103 4.82222e-76 3.71645e-32 0.0780584 9.47695e-44 4.22017e-44 2.26738e-77 1.07992e-58 1.69977e-50 7.44651e-88
2.75827e-49 8.807e-74 2.36248e-08 1.42252e-81 0.198701 9.65986e-81 4.67102e-08 3.41969e-29 4.74626e-96 3.07209e-102 8.79304e-124 3.98612e-134 7.95507e-30 1.29531e-87 1.04534e-90 8.55585e-147 3.20383e-53 0.0466403 8.74289e-12 8.02857e-149 8.13379e-60 2.12883e-81 5.44378e-132 2.04261e-71 0.00330341 1.38481e-76 2.36869e-127 4.71794e-20
2.08328e-86 1.45924e-117 1.15281e-87 1.832 3.57826e-68 9.86663e-100 9.38418e-35 6.79467e-81 4.69529e-46 9.13317e-52 1.13366e-51 4.6045e-181 5.27045e-108 3.93608e-93 4.79447e-10 1.4554e-67 3.41548e-87 4.20306e-37 2.78557e-47 1.02371e-169 2.69212e-75 5.05501e-74 7.23387e-45 2.45555e-53 1.94153e-59 4.50885e-73 3.14963e-90 0.000948968
2.61211e-120 9.81582e-105 2.13302e-44 5.5891e-82 0.643974 2.32178e-112 2.23909e-25 1.55361e-29 3.99281e-30 7.89644e-73 3.14264e-111 8.027e-109 4.34666e-52 2.70581e-157 5.36288e-56 7.61315e-18 2.40864e-155 2.88449e-32 6.68606e-88 1.06659e-39 0.400462 8.18178e-117 1.67513e-83 3.51189e-105 2.16809e-146 3.69017e-69 1.52961e-66 1.61483e-67
0.174412 0.203292 3.19862e-110 9.00285e-45 2.26722 1.86324e-70 1.16578e-61 1.74188e-127 1.30897e-55 1.04399e-14 9.2691e-59 0.138062 7.05865e-06 1.17271e-115 6.04121e-52 0.0763838 2.03736e-08 2.53646e-67 5.26356e-31 3.70145e-39 4.6291e-66 5.48385e-84 2.06114e-15 5.15596e-96 1.04412e-94 1.31025e-32 0.168189 5.35287e-95
7.46854e-184 9.11725e-85 6.38881e-95 0.000186674 4.54211e-112 4.2373e-89 6.15351e-77 1.75701e-134 1.44974e-78 1.59484e-53 3.33285e-139 3.68564e-150 2.1501e-107 1.18933e-123 1.44578e-53 1.12438e-131 6.77244e-149 8.89035e-168 2.3865e-55 2.06388e-164 1.34695e-68 4.36111e-147 1.632e-64 2.71814e-41 5.07547e-142 1.28758e-96 2.27137e-71 9.90702e-87
1.55925e-82 1.13565e-63 3.32505e-68 0.904322 5.71144e-77 2.01101e-105 1.24108e-94 2.36386e-107 3.68682e-93 1.07604e-25 1.17726e-157 2.26724e-183 2.6643e-31 6.43085e-23 5.29973e-44 2.94725e-148 1.56681e-137 3.32608e-92 8.95676e-69 5.90694e-96 5.74748e-88 1.62826e-106 1.88479e-126 2.83541e-47 7.28767e-29 2.17633e-26 1.17085e-85 6.35367e-106
2.50239e-133 2.39139e-67 5.44632e-56 1.28095e-73 9.48719e-115 8.90496e-91 1.37637e-94 1.36088e-129 1.30613e-80 0.0536845 1.59439e-42 7.13489e-176 2.62535e-20 9.0442e-126 0.22837 1.11046e-29 2.42752e-107 3.47142e-152 1.87862e-19 3.01448e-178 8.64631e-27 4.03731e-58 2.7374e-83 0.103484 6.62365e-08 3.18768e-70 1.15437e-44 1.75689e-14
1.54823e-85 1.81319e-77 1.68849e-77 0.997179 5.78935e-111 2.27543e-46 1.65761e-108 4.94771e-14 5.9312e-39 5.98183e-56 5.6701e-122 1.80271e-40 4.73762e-71 4.95642e-140 3.3966e-30 2.86141e-104 0.142996 4.86723e-63 7.56159e-83 9.58134e-38 2.23597e-88 2.8501e-123 2.73659 3.29316e-10 3.27063e-132 7.82795e-77 1.23925e-75 0.203788
