1.48679e-39 1.6061e-56 4.10112e-39 2.15544e-42 6.69363e-17 7.56773e-48 2.54548e-30 2.17072e-12 1.1091e-34 2.83311e-41 1.70388e-40 1.13593e-41 7.66154e-26 2.22828e-27 3.61737e-25 2.26314e-53 2.04733e-07 4.50281e-44 8.83939e-54 9.80256e-27 3.01411e-55 2.95123e-51 3.70441e-58 4.86718e-30 0.565403 1.19439e-50 7.06265e-29 4.71088e-77
3.11047e-49 0.0161349 4.50443e-41 1.6427e-21 0.0459742 3.31257e-10 0.183834 8.25139e-51 5.50637e-16 2.06525e-14 0.056039 0.0634925 1.96285e-27 2.53424e-07 2.73191e-52 3.5312e-62 7.19827e-31 4.39179e-50 5.80533e-46 1.36843e-11 2.40182e-28 0.000623856 0.00845071 5.72533e-08 1.98443e-24 2.72638e-50 4.83243e-23 2.63085e-79
2.27469e-45 5.82152e-52 2.12896e-47 3.97439e-68 1.70082e-27 2.84482e-53 1.77083e-30 1.04339e-48 4.25621e-60 1.51761e-45 1.2246e-55 3.75944e-32 2.00396e-35 5.38826e-44 9.04745e-38 5.138e-56 6.63515e-26 2.17557e-52 2.73318e-71 4.1519e-37 1.18034e-41 5.67946e-35 1.48032e-42 6.94286e-45 0.188481 6.6621e-36 2.44592e-20 2.1603e-76
1.13408e-27 6.66171e-27 8.46725e-58 1.05416e-65 1.50637e-12 5.80928e-53 6.30674e-43 5.58853e-26 2.34058e-25 2.50238e-56 1.38724e-47 3.94713e-44 1.1784e-10 2.56639e-17 9.3122e-18 1.49661e-12 4.69754e-22 8.74762e-36 1.16867e-14 1.01698e-49 4.23952e-41 7.40425e-28 2.11696e-40 3.35079e-14 0.562658 1.56883e-21 1.0694e-29 3.54266e-53
9.51755e-19 1.03107e-57 2.14722e-59 1.04119e-36 0.264309 1.19115e-24 7.23571e-31 8.53515e-39 8.94199e-29 2.07947e-51 1.43019e-52 1.89465e-41 1.25294e-15 2.90278e-10 0.0104363 0.055825 6.11933e-10 0.010762 3.6394e-37 6.01498e-13 0.04321 2.29447e-29 5.6932e-17 2.78405e-20 3.6103e-31 5.99757e-12 9.85923e-08 7.51075e-55
0.0383084 4.01614e-38 0.0333534 8.92882e-67 2.18707e-21 0.0400316 0.464011 9.53e-14 1.58801e-11 1.00198e-25 8.0709e-44 1.06146e-28 0.125632 0.0718021 2.19465e-09 9.68272e-16 3.05092e-12 3.94013e-31 4.16303e-67 7.56485e-17 5.48708e-18 4.03641e-17 0.115759 0.0908865 2.24819e-15 7.50923e-30 1.47769e-12 6.42745e-33
3.52138e-44 2.52345e-26 1.90557e-42 2.03199e-28 0.106645 3.20478e-35 4.60908e-45 1.83108e-35 1.32148e-58 3.27932e-38 5.45392e-39 1.33547e-39 1.29332e-41 5.87914e-15 9.63157e-61 2.21807e-12 6.73758e-23 3.58408e-31 2.28885e-26 1.09183e-23 1.75396e-71 5.00507e-16 1.64582e-12 2.58781e-27 6.87913e-15 6.86805e-17 0.0328255 1.95064e-28
7.66039e-51 1.18962e-57 1.78943e-59 2.69207e-59 7.03198e-43 1.35998e-63 7.28401e-42 9.32666e-47 6.83236e-56 4.98727e-60 7.35972e-55 2.07488e-35 2.50681e-46 7.29596e-61 4.41623e-42 1.39155e-28 2.06816e-30 1.85329e-56 1.36388e-58 2.65008e-53 8.63753e-57 1.13706e-49 2.06961e-42 7.51689e-36 0.822972 3.4156e-34 2.97342e-11 3.11203e-73
1.48627e-27 4.28071e-24 1.60434e-56 5.2048e-66 5.60452e-08 1.11878e-50 1.1486e-34 1.62788e-29 9.88845e-72 1.14498e-57 9.46458e-40 2.12767e-35 1.45849e-45 2.79967e-32 9.97444e-39 1.33499e-25 0.0856686 6.88849e-21 2.79926e-68 1.16181e-23 5.7738e-35 7.33931e-35 1.01001e-47 3.18319e-22 0.511933 1.9878e-21 3.45832e-08 6.42827e-33
7.9701e-53 5.62627e-12 1.70755e-50 0.0962599 1.8639e-36 1.71503e-21 1.73183e-19 0.0011546 0.0732371 0.0547935 4.30881e-44 2.49903e-30 1.19815e-08 2.77763e-20 1.52319e-30 6.54706e-39 0.056954 1.13967e-34 7.59085e-61 0.36609 2.76573e-74 0.0525585 6.33134e-25 5.37488e-48 2.33805e-10 0.0269201 4.40148e-22 0.041784
4.96883e-49 4.34625e-58 1.93258e-53 3.36521e-65 3.47853e-23 3.75989e-55 5.22592e-50 9.95163e-37 4.25857e-57 4.70615e-42 1.67342e-49 1.79918e-34 1.23841e-26 2.1304e-48 1.34677e-29 2.53803e-58 8.46606e-13 2.3607e-45 5.2017e-39 1.17041e-41 1.02216e-66 7.17186e-57 2.65892e-45 1.20693e-43 0.125975 1.48042e-43 1.02251e-12 8.34523e-69
8.705e-36 8.84239e-50 1.81252e-55 1.60349e-64 1.36827e-24 6.61925e-34 4.91896e-40 1.38286e-28 1.31691e-59 2.38078e-32 2.55595e-44 1.25204e-41 2.15028e-28 1.24129e-37 3.33442e-51 7.40569e-41 2.86276e-09 3.23546e-48 7.32353e-33 7.41077e-42 1.5131e-43 6.65502e-55 5.93813e-39 4.4647e-51 0.389916 1.3717e-38 3.96307e-13 2.15934e-43
6.24715e-44 5.49637e-36 6.67953e-40 1.68503e-72 0.168114 5.24359e-23 3.69841e-41 3.77972e-45 7.8112e-45 1.08447e-39 4.29316e-44 4.30321e-27 1.2249e-14 5.64554e-55 1.13494e-14 2.48828e-54 8.25337e-31 2.90396e-28 3.60964e-23 5.39017e-27 9.05489e-54 2.39368e-49 3.86392e-29 9.04294e-27 2.83107e-24 2.25584e-34 8.2537e-15 2.65392e-35
1.78434e-40 5.3759e-50 1.01386e-51 2.38122e-74 3.91111e-28 3.93652e-51 4.86258e-21 1.08373e-44 1.2533e-62 1.18892e-46 1.34017e-55 1.06077e-27 2.36216e-44 7.38515e-42 3.96312e-46 3.40265e-58 1.90198e-09 1.06073e-40 8.3072e-35 2.89311e-30 2.5304e-55 4.30695e-42 1.65773e-36 4.09027e-40 0.65116 6.08965e-48 1.25975e-20 1.43085e-66
1.02721e-53 1.24945e-39 2.39623e-40 1.91116e-56 4.96154e-34 2.54388e-56 5.34801e-54 8.34451e-38 2.11231e-42 7.03683e-44 9.50496e-45 1.09551e-37 1.20383e-20 3.77108e-49 4.66809e-55 4.73222e-31 1.73244e-28 2.14363e-56 3.9874e-71 8.21871e-36 2.60169e-42 2.88526e-53 1.47071e-43 4.87435e-40 0.703175 9.71401e-28 3.1397e-09 5.54734e-74
7.42466e-17 3.0198e-55 3.90972e-05 1.6991e-33 0.0457545 5.1713e-11 6.92991e-22 1.92591e-22 6.44501e-16 2.2648e-07 2.09604e-08 9.85138e-43 5.65593e-28 7.60903e-17 6.74851e-30 7.65248e-07 4.91691e-29 2.0794e-35 0.123903 4.38018e-39 5.2828e-68 1.53856e-50 5.73615e-47 0.00122828 9.80547e-20 4.22992e-10 0.00301304 2.1131e-39
3.12628e-49 2.70802e-16 2.74947e-40 5.40992e-31 8.11603e-36 1.95126e-43 0.00233633 0.128506 9.57705e-26 6.30499e-51 5.06614e-17 8.1279e-30 1.03267e-42 4.93927e-45 6.71789e-31 9.68953e-23 4.80464e-08 8.03914e-39 7.44181e-10 9.27342e-35 1.30419e-31 2.51141e-59 6.74251e-43 3.40398e-34 1.4964e-08 1.61992e-43 2.52405e-25 1.79228e-54
1.99604e-25 4.00282e-24 4.41387e-50 2.28688e-40 0.122771 4.3556e-48 6.81835e-25 5.09031e-51 3.19846e-55 9.03298e-58 1.43534e-53 2.68563e-44 2.29229e-20 3.7869e-39 6.56015e-26 3.25143e-51 1.99057e-22 1.04398e-48 5.73718e-48 6.48889e-29 7.81374e-62 1.2369e-40 4.98362e-20 1.36908e-38 2.9231e-27 9.45738e-37 2.59987e-12 1.16745e-42
