5.42585e-169 5.62721e-72 1.28043e-265 7.6843e-81 3.40496e-98 1.51593e-205 7.26276e-322 5.86385e-91 3.72616e-80 1.51552e-150 5.5249e-295 8.15208e-322 7.46039e-322 1.97814e-120 2.06025e-321 2.49997e-321 1.65808e-320 5.18289e-105 5.03947e-321 3.71043e-321 7.45821e-176 1.06493e-261 0.0503057 2.15413e-321 5.57228e-182 1.34386e-321 1.05187e-320 8.7252e-321
4.18783e-233 0.134362 4.99006e-322 5.13153e-165 1.47726e-321 4.94359e-95 5.08888e-322 1.78852e-321 2.85699e-262 1.07082e-60 6.56534e-23 5.2371e-322 7.01573e-322 5.51261e-71 2.57902e-321 2.67547e-311 3.37499e-24 1.43888e-23 8.59101e-308 1.58299e-122 7.0648e-227 4.04161e-155 1.50554e-80 2.50491e-321 3.53708e-36 0.189843 9.9653e-321 1.89201e-307
1.16341e-116 4.01968e-282 6.58958e-114 2.15768e-300 3.60681e-158 2.81695e-18 9.78247e-124 3.48245e-315 1.71646e-218 6.35917e-188 3.72236e-76 2.41814e-127 1.61024e-16 1.12621e-242 1.28951e-321 4.6745e-127 3.48922e-270 2.5889e-258 6.67483e-321 2.59879e-321 0.224657 2.26776e-321 1.62212e-136 1.91697e-321 5.31121e-321 1.06718e-321 7.90011e-321 4.87643e-321
9.42563e-121 1.90668e-197 3.95112e-198 5.24149e-27 1.66505e-237 4.32695e-233 4.86149e-248 8.00428e-170 7.15492e-214 1.87676e-265 3.53257e-321 2.56321e-320 7.21336e-322 2.73218e-321 1.80828e-321 2.80629e-321 9.60747e-200 4.05403e-184 5.42484e-321 3.84877e-321 0.111002 3.3387e-164 8.91628e-17 1.97132e-321 7.14419e-321 0.156164 7.38134e-321 1.25304e-240
1.11805e-89 6.34728e-231 1.10546e-92 4.42539e-263 2.27182e-254 5.35415e-118 3.93618e-300 7.88103e-12 8.67413e-41 9.73309e-322 2.19472e-38 6.317e-134 7.5592e-322 1.83835e-69 1.2154e-321 2.01307e-274 2.78438e-135 4.64771e-58 6.49247e-319 3.50787e-321 2.24923e-201 5.17832e-286 0.627023 2.2233e-321 2.29642e-145 1.4055e-66 7.49004e-321 5.80033e-321
6.63992e-142 1.55308e-132 1.91531e-157 1.46815e-78 5.80167e-123 3.55321e-124 9.28843e-322 2.5395e-321 4.71446e-57 1.24505e-321 3.85371e-321 5.23158e-136 6.27463e-322 2.71736e-321 1.78852e-321 7.19786e-10 2.81549 0.639171 8.48094e-199 4.11063e-321 1.28422e-279 2.85076e-321 1.39737e-45 2.75689e-321 8.04833e-321 5.25387e-287 9.77756e-321 1.54781e-308
1.18009e-200 1.31194e-37 3.04732e-54 2.0123e-211 2.1517e-47 5.92879e-323 6.47226e-322 2.6939e-134 6.63292e-59 1.46243e-321 3.93276e-321 1.40123e-196 3.37463e-41 3.25934e-316 1.76876e-321 3.52763e-321 7.87667e-46 1.67435e-270 1.58551e-232 2.5997e-252 4.34777e-183 3.22625e-321 7.18286e-183 2.74206e-321 0.167865 5.14767e-197 8.45346e-321 2.431e-274
6.17735e-114 1.51678e-321 2.26723e-297 1.01177e-39 1.59583e-321 1.14327e-24 7.60861e-322 2.28933e-150 1.4706e-245 9.25605e-159 4.37742e-321 6.81811e-322 8.39912e-322 3.18178e-321 1.9318e-321 1.47446e-269 2.80673e-84 1.47947e-205 2.61457 1.26197e-91 2.76252e-36 3.65115e-321 3.41127e-132 2.23812e-321 6.31465e-81 1.63448e-53 1.01135e-320 9.06116e-321
7.02823e-29 1.7737e-321 6.37458e-253 1.07311e-320 1.41303e-321 3.19961e-169 8.79437e-322 1.56619e-321 5.29453e-22 6.20658e-189 1.15402e-09 2.03967e-213 9.39576e-108 2.09696e-319 4.31813e-321 4.22426e-321 2.20813 4.72185e-139 8.12738e-321 4.71339e-321 1.00238e-99 2.30253e-97 0.000229425 4.40707e-321 3.79728e-05 1.49002e-28 1.8562e-320 9.13033e-321
7.42584e-266 1.33892e-321 3.59961e-281 1.28267e-200 1.13372e-252 1.21058e-292 9.93072e-322 4.13438e-260 4.83934e-258 1.01778e-321 6.83324e-313 2.01328e-69 1.00184e-204 1.02554e-314 1.61065e-321 4.12267e-273 0.132764 3.67455e-214 1.10173e-196 3.94832e-290 2.23838e-224 2.77171e-321 4.28978e-117 2.58396e-321 4.94719e-150 1.74428e-302 1.07756e-320 7.98904e-321
0.000893378 0.000540982 0.000195389 0.00539025 0.000745119 2.52724e-05 0.000445264 0.000972318 6.34807e-05 0.000669784 0.00189498 0.000398659 0.000201238 0.00130546 0 9.88131e-324 5.43472e-323 9.88131e-324 0 9.88131e-324 2.96569e-293 4.94066e-324 1.27893e-208 0 1.97626e-323 4.94066e-324 0 2.47033e-323
5.42926e-285 1.51104e-252 6.12641e-322 5.56373e-130 1.32904e-321 8.98044e-32 1.01778e-321 2.24306e-321 2.69002e-147 1.46243e-321 5.31911e-320 7.65802e-322 1.60268e-167 5.89385e-252 1.9565e-321 0.274266 7.6201e-32 3.37724e-18 4.9998e-75 4.94066e-321 3.34776e-157 1.21501e-153 1.71157e-170 4.96536e-321 2.75736e-91 0.0141668 1.59781e-320 1.26728e-320
1.28327e-284 1.20494e-265 2.18528e-275 8.94656e-245 2.19518e-315 5.92879e-323 4.24824e-144 2.27764e-321 2.49347e-39 1.25493e-321 1.7314e-298 2.38416e-58 7.85564e-322 1.76459e-90 1.59089e-321 9.21424e-32 0.55767 7.95533e-317 6.01772e-321 3.20649e-321 3.88467e-134 6.27734e-149 6.94506e-18 2.43574e-321 4.96499e-315 3.69918e-51 1.3656e-320 6.6353e-321
1.58101e-321 2.47783e-277 1.71855e-120 1.08991e-320 1.76381e-321 6.91692e-323 1.27963e-321 3.68573e-321 6.3443e-253 2.2233e-321 5.18283e-118 7.5098e-322 2.31248e-225 2.50373e-40 1.80412 1.11633 8.99245e-128 6.46705e-95 1.36214e-320 1.9216 4.47816e-42 1.37226 0.0914818 2.55171 3.23488 2.94957e-321 7.07421 4.55802
2.36259e-57 4.96956e-218 2.89034e-68 2.98055e-170 3.47734e-287 4.87166e-112 2.53861e-218 1.9565e-321 1.73847e-188 1.29445e-321 3.76972e-321 7.01573e-322 0.0759399 7.57611e-258 1.22528e-321 1.02965e-129 4.80533e-310 3.17516e-241 7.19854e-321 3.77445e-230 5.02696e-26 4.62596e-153 0.222268 2.03555e-321 6.77364e-321 1.27469e-321 7.23312e-321 2.31134e-274
1.66994e-321 4.3787e-302 2.55406e-250 6.47775e-281 2.97595e-160 4.19983e-138 6.66989e-322 0.000192407 9.86973e-280 1.20058e-321 3.98217e-321 2.24665e-230 1.54735e-11 1.30808e-131 3.76478e-321 3.67091e-321 5.92459e-143 0.387832 6.5859e-321 1.86162e-197 2.3836e-203 1.26666e-227 6.72406e-192 2.16895e-321 1.31285e-83 3.17613e-158 1.58694e-320 1.07953e-320
