3.20434 0.156632
2.46004e-125 1.07212e-307 1.61356e-248 7.59236e-242 1.24749 4.76778e-184 2.4871e-61 3.10672e-95 3.24668e-166 2.38448e-163 5.99481e-28 5.63235e-322 3.74561e-08 8.34856e-65 3.59207e-194 1.2443e-62 1.63903e-186 1.68941e-53 1.37967e-58 1.82761e-120 8.63898e-73 2.17094e-129 2.1395e-154 1.2702e-162 5.77387e-138 1.70986e-67 6.40275e-221 2.29873e-47
4.06759e-144 4.31395e-154 2.08408e-175 9.8088e-144 2.74672e-94 6.55325e-184 2.02754e-147 3.94026e-97 1.14166e-32 7.2765e-23 1.57628e-10 9.14104e-194 5.44159e-41 1.76395e-46 2.35566e-128 3.44885e-141 3.29027e-191 4.68234e-129 0.495818 1.15386e-138 4.99937e-139 3.49978e-53 6.32814e-85 1.65328e-243 3.16694e-29 6.8717e-122 9.17797e-116 7.80588e-61
9.15636e-216 8.25117e-315 4.29804e-177 1.32899e-317 0.174613 7.67008e-184 2.50606e-184 7.8308e-58 1.43166e-160 2.46137e-159 3.66042e-121 1.90926e-283 2.78694e-44 1.45269e-73 2.90311e-128 5.29162e-98 1.2745e-204 2.01952e-94 2.29607e-81 2.71414e-159 2.61289e-182 3.61511e-100 4.35046e-51 8.79137e-152 3.00374e-137 6.83091e-136 1.65658e-168 1.21443e-144
1.825e-108 1.74222e-228 1.34344e-195 8.33633e-186 0.941507 2.94765e-191 9.44012e-90 2.50392e-66 5.38116e-185 2.1562e-23 6.37322e-06 7.5098e-322 2.99493e-130 2.37391e-58 7.69933e-97 2.5139e-25 3.22347e-227 1.00661e-55 1.26975e-76 5.7109e-165 2.19268e-196 1.93069e-65 4.1772e-160 2.72522e-155 0.233195 0.00383367 1.75647e-208 9.37489e-106
8.78582e-223 3.02027e-277 6.07353e-263 7.81103e-232 0.0540982 1.6957e-123 4.31267e-144 3.86084e-75 3.0607e-202 2.5244e-194 2.38996e-129 3.03609e-225 8.53404e-130 1.46957e-158 1.77664e-182 2.83288e-111 3.06568e-169 5.4224e-36 7.92004e-79 5.60006e-147 3.40819e-204 2.62964e-165 2.63575e-119 5.21717e-232 1.10649e-108 5.23199e-137 2.15774e-192 8.11143e-63
1.19949e-108 5.39584e-224 8.4813e-120 2.21659e-315 1.63104e-86 2.48649e-120 8.68002e-63 2.66068e-11 0.123549 0.191352 4.83023e-66 7.25469e-275 0.0361588 3.3511e-151 3.46348e-187 3.21378e-162 1.73154e-86 5.3989e-17 0.129403 1.19315e-121 6.64365e-140 9.15545e-42 1.77153e-52 1.6292e-264 1.127e-148 6.43128e-100 1.38243e-190 9.70532e-64
2.13512e-66 8.29536e-321 1.46401e-235 9.61299e-297 7.30793e-23 1.09363e-117 1.82555e-61 3.10557e-48 9.31703e-59 3.97293e-202 0.918982 7.5592e-322 3.24503e-108 0.113475 1.19708e-108 1.14448e-105 9.34109e-165 1.14307e-98 2.04464e-07 2.12914e-72 3.61876e-39 6.05334e-112 9.35149e-52 4.28616e-134 2.42425e-120 2.56229e-190 9.27956e-157 1.40797e-106
3.79711e-203 1.22322e-251 8.92862e-259 6.00262e-287 0.332841 5.40457e-185 1.71256e-157 8.15795e-25 7.75598e-187 2.77926e-105 6.34547e-65 7.90545e-252 1.12894e-68 8.08968e-95 3.8528e-163 8.35163e-191 2.33332e-224 1.57333e-39 1.7038e-66 6.71726e-156 1.43143e-161 1.41295e-130 2.65346e-98 1.63033e-213 2.1017e-132 7.00236e-167 1.70969e-155 1.41228e-110
5.23987e-103 1.98636 1.48218e-181 0.257112 2.1965e-59 0.235808 9.71945e-42 3.54829e-85 1.11535e-68 4.69055e-113 0.292473 0.253579 0.738775 4.03214e-136 0.856491 0.401826 2.56223e-134 4.21412e-118 2.89663e-31 1.08459 0.192057 4.91729e-27 0.0672666 0.143644 5.90175e-106 5.77969e-34 0.39517 2.31277e-136
4.49472e-104 3.89104e-220 3.92921e-219 2.8061e-251 1.34467e-51 2.37485e-118 3.62063e-178 0.0789155 1.59484e-215 7.5491e-130 2.3279e-146 1.34743e-286 7.3365e-18 6.95254e-49 1.36957e-192 1.28938e-94 7.46063e-226 2.01923e-12 4.16804e-32 3.51027e-105 1.19295e-95 2.7263e-140 6.60477e-157 2.38915e-142 3.52178e-147 1.50074e-88 2.65016e-146 5.57343e-73
1.17275e-119 7.64148e-211 1.22311e-117 3.51262e-276 2.88556e-25 8.90894e-187 3.52577e-177 0.153658 1.59528e-121 2.79762e-61 5.5625e-83 5.63235e-322 8.80752e-117 2.95837e-69 3.18305e-192 4.63856e-58 1.33943e-126 0.0294828 4.07151e-100 9.52513e-139 5.28169e-178 5.04165e-124 6.04626e-71 1.85607e-211 4.79826e-51 1.55711e-117 4.10679e-220 3.48022e-63
9.44931e-141 2.58596e-289 8.10046e-166 2.57273e-221 0.0801621 4.51546e-134 8.09873e-167 1.84005e-64 4.30232e-198 1.64125e-185 6.05599e-147 4.77194e-273 3.25045e-140 7.11788e-116 3.57056e-179 4.59475e-199 3.29698e-171 2.19103e-109 4.08734e-66 3.89993e-142 4.55375e-98 6.67323e-165 1.07983e-121 1.39086e-167 6.24923e-123 1.39399e-148 5.15808e-167 9.36967e-131
5.57325e-163 3.71238e-225 3.35428e-174 1.3735e-257 2.11572 7.72979e-186 3.01789e-132 1.53319e-27 1.49151e-109 3.15931e-105 6.41779e-69 4.10074e-322 1.33373e-62 7.45017e-56 8.84203e-173 1.16051e-181 3.8982e-201 4.68648e-78 7.24953e-72 2.28497e-161 2.18009e-129 1.24256e-156 1.13002e-76 7.60825e-255 3.51405e-151 5.91628e-117 5.5401e-145 1.03118e-76
1.41078e-196 2.42753e-186 2.1133e-102 2.51625e-239 0.136111 1.54566e-137 2.18986e-59 3.43041e-81 5.08987e-148 6.34576e-141 9.83193e-66 4.92284e-230 1.00859e-149 0.107461 2.40575e-104 1.35318e-130 2.58392e-99 7.63215e-74 3.29132e-88 7.23563e-186 5.07582e-164 4.68385e-88 9.54753e-157 6.90568e-178 1.12078e-98 9.53142e-126 7.8462e-141 1.47583e-117
0.578483 2.2341e-90 0.215811 3.83454e-36 0.124977 3.66737e-103 0.435079 3.41942e-09 5.91609e-27 2.73702e-183 1.68383e-59 1.082e-321 5.87513e-52 1.15894e-49 1.52947e-24 1.93158e-125 0.290393 3.74657e-09 3.6085e-118 1.16517e-47 7.32265e-81 0.160885 6.77825e-09 2.22407e-40 7.85731e-11 0.543486 9.29233e-15 0.323717
4.92799e-134 3.89721e-276 7.65684e-236 1.82768e-295 1.58955e-15 6.57301e-187 2.5582e-99 0.104659 5.20579e-217 6.06465e-157 1.23646e-143 1.19272e-256 2.5704e-60 3.68137e-75 1.45706e-190 1.7181e-116 2.26455e-152 2.75975e-90 1.28637e-54 3.51605e-145 1.28453e-177 4.02544e-169 1.50173e-62 4.47175e-222 4.23902e-96 1.55707e-170 9.70591e-207 6.64044e-92
3.05207e-159 7.84878e-215 1.30037e-119 6.45844e-266 5.61667e-29 1.84002e-105 1.26674e-122 6.12864e-28 2.99617e-220 8.63703e-201 1.48446e-131 5.4874e-256 2.83591e-29 0.0420082 4.9773e-122 3.23432e-116 3.70739e-228 2.65224e-119 4.86258e-114 1.11529e-189 1.11985e-198 1.33921e-70 6.36953e-47 5.26328e-185 3.79682e-150 2.5375e-24 4.23277e-77 7.69678e-95
