2.44084e-117 1.35706e-74 8.58256e-96 4.90584e-61 6.82756e-15 4.252e-103 5.16982e-32 1.29634e-70 2.20608e-29 5.14462e-63 1.82284e-43 6.95672e-26 5.23408e-90 0.451939 1.1912e-63 0.133057 7.66625e-68 3.88986e-95 0.498715 2.76434e-96 2.49697e-65 8.46345e-116 1.01865e-07 5.52248e-60 2.41856e-89 2.22701e-19 1.90284e-120 1.30556e-63
1.08769e-57 1.46279e-42 4.09629e-66 0.151513 9.19797e-114 9.62823e-94 5.53916e-45 8.12434e-108 2.85276e-73 2.64769e-105 5.50019e-73 2.5617e-53 5.41578e-80 4.00161e-11 2.47672e-47 5.29303e-85 7.55659e-22 1.12063e-83 1.76938e-64 4.86084e-80 2.17495e-114 8.04699e-50 2.41211e-100 1.74781e-56 2.6406e-111 3.79135e-21 2.36803e-48 5.81996e-158
2.42361e-101 1.32367e-57 1.55342e-67 1.78173e-73 1.53776e-73 1.06816e-47 1.52585e-90 8.74862e-123 5.70066e-94 2.23607e-70 3.3675e-62 1.0643e-111 1.38809e-70 2.02833e-07 7.27486e-63 5.96929e-62 7.80739e-87 9.22171e-44 1.25842e-63 0.0998447 2.59478e-50 2.39246e-72 1.06683e-29 2.05021e-37 3.76868e-96 5.14338e-67 1.50042e-128 6.55035e-53
5.78208e-96 3.31461e-56 7.12313e-43 9.62941e-98 1.21745e-59 1.91171e-86 1.04387e-85 1.42522e-127 8.74198e-108 2.19868e-104 8.86742e-62 3.0955e-59 7.52823e-71 1.93497e-54 0.770487 1.27907e-82 2.63721e-20 5.55757e-66 4.93246e-46 2.73167e-108 2.91212e-34 3.82869e-84 3.97963e-109 4.74684e-35 1.14369e-91 6.02172e-28 8.0748e-130 1.77289e-76
1.29746e-30 3.59343e-32 0.023787 4.45316e-48 1.40653e-23 1.55093e-12 1.24461e-114 1.77118e-100 1.93287e-91 1.53189e-38 1.66787e-86 1.00826e-54 5.2799e-39 1.8555e-69 1.51915e-66 2.58072e-88 1.33658e-35 8.16749e-14 8.43398e-65 1.18818e-29 0.0323327 5.45459e-76 2.20239e-77 5.53205e-14 5.59729e-26 3.15665e-05 1.39404e-98 3.1738e-84
9.62637e-76 2.55746e-26 1.00926e-62 6.67237e-27 6.01751e-112 2.98056e-62 3.51827e-86 9.70293e-110 5.35146e-25 7.07719e-79 5.5428e-107 2.13984e-129 6.34288e-55 2.32359e-18 4.71299e-16 1.67892e-97 5.30324e-84 2.24129e-26 6.0338e-66 6.23847e-64 6.02463e-18 3.11426e-134 2.6235e-97 0.144883 2.03853e-107 1.46186e-81 1.34075e-77 3.01785e-51
2.30432e-88 7.90102e-67 2.55145e-107 3.18782e-33 8.85057e-73 5.05779e-29 1.00524e-88 2.51645e-14 1.43147e-32 1.03451e-81 1.8672e-83 3.67732e-135 9.75931e-72 1.60855e-19 0.747526 1.2947e-46 6.97722e-82 0.0200387 2.51126e-34 5.36256e-52 0.00503381 3.46604e-105 0.0387449 4.32073e-65 2.84603e-115 3.96735e-43 3.47622e-39 9.51772e-166
2.33717e-86 9.83061e-11 0.0748417 8.07345e-14 5.01561e-20 9.54145e-107 6.17922e-76 7.77113e-37 8.80805e-30 1.13967e-54 3.21093e-42 2.43778e-32 0.164542 1.00664e-45 2.61059e-54 6.91623e-32 1.09004e-14 1.08981e-59 0.080773 1.03843e-31 4.20078e-46 9.43859e-09 3.23737e-14 1.94365e-66 2.12702e-109 0.0243094 6.28661e-51 2.14357e-41
4.14168e-12 2.27602e-83 4.94769e-66 1.46966e-60 6.39768e-109 1.03566e-10 4.75945e-87 1.18802e-90 1.85463e-75 1.42593e-116 9.22918e-67 8.45063e-49 2.38505e-86 6.13602e-39 2.1208e-40 3.34858e-109 0.0779649 1.58493e-98 4.37595e-41 4.06757e-98 2.55263e-55 1.89038e-37 3.36704e-41 1.17139e-66 7.01459e-32 4.88864e-24 3.35099e-88 1.43736e-67
7.73839e-24 1.14428e-37 4.54364e-25 3.65717e-41 0.0284871 0.0614309 0.180834 1.76681e-67 5.01153e-95 1.11553e-28 0.203558 1.85435e-49 1.02944e-37 1.65392e-11 8.55541e-47 2.9232e-86 1.96928e-93 7.07396e-08 6.95747e-44 7.00219e-71 2.46209e-15 2.60407e-126 1.23767e-36 7.1473e-75 0.10357 2.18751e-52 1.63103e-118 5.45868e-168
1.87032e-35 5.9887e-51 2.655e-15 0.000373419 1.77775e-25 2.54686e-24 2.82483e-87 2.25246 2.20587e-74 0.034232 8.85849e-28 1.75602e-85 4.48761e-53 3.70844e-53 5.69119e-60 5.30921e-71 7.27598e-58 7.92452e-67 2.49414e-94 1.10757e-47 8.35312e-11 3.00506 2.36567e-37 1.47964e-63 2.06428e-14 4.7214e-44 7.33004e-74 2.20665e-107
0.102085 7.02718e-42 2.09526e-52 3.09352e-72 1.23642e-113 1.83655e-138 2.30308e-47 9.84064e-125 6.17081e-63 1.94792e-77 3.85531e-72 1.43186e-78 5.71126e-115 2.22853e-24 0.216899 1.16928e-116 1.05025e-77 1.85577e-123 9.63356e-93 1.51708e-70 9.47835e-84 1.94615e-121 5.47743e-87 4.13891e-57 8.43201e-109 6.92957e-31 3.41557e-106 8.85404e-107
3.36146e-92 1.18147e-25 1.93773e-59 6.80864e-94 6.83493e-98 1.07938e-80 1.15794e-56 4.87294e-79 2.99461e-43 8.44383e-70 4.46184e-51 2.21283e-127 2.37815e-72 5.26193e-25 2.19862e-05 9.12481e-78 8.56752e-14 0.117692 4.03973e-18 3.37833e-84 3.49822e-13 5.33291e-131 0.0277807 3.46998e-50 5.32538e-51 0.0870101 8.88175e-42 3.97153e-168
3.60885e-79 3.0953e-18 2.33506e-44 0.192754 1.94104e-88 0.00459695 8.50334e-34 3.39091e-83 1.32775e-68 3.96916e-104 2.38109e-100 1.0568e-73 3.18106e-32 2.34255e-45 2.41974e-05 1.40923e-101 1.49482e-10 2.08428e-45 4.43346e-65 6.22392e-55 1.62638e-98 2.40499e-17 1.41286e-102 6.12836e-45 4.36817e-83 1.16387e-48 1.20334e-82 6.29563e-72
6.01474e-94 6.7812e-73 4.30226e-62 1.49581e-67 2.60778e-49 1.67932e-53 1.83952e-08 8.28162e-86 3.01834e-127 6.36984e-23 2.15333e-69 4.98144e-112 9.43741e-38 9.95129e-44 1.27591e-09 2.20313e-34 1.4428e-80 0.000223785 2.01737e-58 3.57262e-27 0.109542 2.57011 2.87065e-48 6.87252e-17 4.73797e-97 9.84755e-34 1.77211e-114 2.33445e-07
1.31101e-19 0.5237 1.03452e-116 6.6702e-27 2.34002e-97 3.92722e-72 1.03888e-96 0.23858 0.258337 7.67709e-93 1.8753e-27 1.60225e-81 5.73042e-50 7.34802e-74 2.72935e-56 8.5962e-21 3.07433e-41 2.57748e-97 1.85779e-35 0.10699 1.03856e-32 3.88072e-104 2.35745e-69 1.23801e-74 2.86372e-40 1.05288e-61 5.00019e-112 2.71261e-149
2.14654e-108 2.43795e-23 2.11835e-64 2.41286e-47 1.95997e-54 4.32724e-25 6.81545e-52 6.29235e-127 2.76465e-97 1.4116e-118 6.27489e-112 0.0400498 1.6065e-62 0.393369 5.78378e-42 4.5951e-105 0.0695441 3.3253e-19 8.33839e-90 6.77844e-110 2.63936e-48 0.241 6.23547e-32 1.25494 4.12331e-78 2.12833e-68 0.113317 0.135425
