5.8343 0.0722424
4.51772e-44 7.40071e-50 4.4323e-48 8.90988e-100 8.34262e-59 4.4832e-27 3.75831e-109 3.03325e-72 7.5148e-54 1.69056e-43 3.54851e-77 2.1417e-63 1.84646e-86 7.11612e-88 2.01327e-86 9.9406e-68 3.61908e-56 3.583e-85 2.43851e-59 1.23823e-91 2.4897e-22 9.90931e-146 2.85204e-100 0.690385 3.62713e-82 3.86702e-66 6.6294e-57
1.38287e-17 5.13125e-13 0.00247687 4.07106e-44 0.00120638 1.49948e-41 6.06259e-105 2.7167e-72 5.59224e-41 4.66056e-39 1.506e-41 9.2321e-61 1.29979e-44 1.12097e-73 1.60804e-18 6.23669e-34 7.96516e-24 1.69643e-47 0.16788 8.1691e-101 4.02251e-15 5.12715e-61 7.57583e-34 2.21969e-17 1.15668e-92 0.000104488 2.21729e-35
0.0984229 0.00026743 2.26462e-26 5.82195e-142 6.68887e-45 1.26131e-19 1.86621e-124 3.1301e-83 1.43958e-73 9.55914e-65 4.70947e-81 7.41492e-42 6.89746e-91 1.42237e-80 6.68661e-39 1.90687e-62 1.17385e-98 2.12327e-95 1.02781e-39 2.01911e-74 7.73144e-06 4.82448e-73 7.77498e-116 0.0145382 1.90872e-65 2.54531e-63 3.59911e-10
3.95194e-05 1.12177e-40 2.7094e-50 8.75055e-90 1.50642e-59 1.77396e-28 3.36086e-95 1.26507e-87 9.79682e-46 4.1492e-16 1.91471e-87 2.50687e-62 5.74777e-87 8.97768e-70 2.78669e-110 2.519e-49 1.31594e-44 2.24802e-64 1.69727e-54 1.44721e-71 6.17449e-05 5.37761e-91 1.43195e-106 0.524839 8.8149e-86 6.37039e-73 2.46985e-38
0.290085 1.43062e-26 7.49868e-31 2.67121e-108 6.28661e-71 1.05114e-41 1.35622e-104 5.65793e-55 1.19481e-51 2.87979e-23 8.91856e-57 3.14536e-37 4.93629e-58 3.34209e-101 4.5728e-45 2.89808e-83 2.46255e-95 4.7161e-87 3.53159e-54 4.50218e-82 2.97065e-17 5.10747e-123 4.93874e-126 3.64048e-07 6.92528e-75 1.71746e-50 1.37284e-42
2.85452e-34 3.11473e-11 1.96126e-28 1.49869e-105 4.80232e-36 1.43064e-15 2.14328e-133 5.45576e-53 2.7315e-38 0.091242 3.78626e-53 3.53002e-60 4.49557e-58 1.73688e-66 1.13868e-42 6.47205e-63 2.28941e-42 5.98643e-83 1.2586e-24 1.26044e-70 0.328879 3.50345e-84 1.26901e-80 0.580761 4.20511e-57 7.2837e-35 8.56933e-45
2.1261e-22 3.53645e-41 3.94498e-46 4.24272e-131 5.36804e-24 1.60369e-16 7.18368e-107 2.18982e-63 5.79375e-49 6.7833e-62 1.34011e-47 1.11734e-60 2.36501e-65 1.16417e-81 5.99773e-99 3.13466e-55 7.61392e-35 7.14525e-54 2.16287e-40 6.48278e-118 3.76563e-15 2.13307e-98 2.70457e-120 0.103951 1.84444e-80 1.28805e-71 8.40351e-57
7.4537e-10 7.44002e-30 3.40927e-29 3.86077e-96 6.06169 7.84897e-32 0.093822 2.54914e-06 0.411466 7.25908e-64 0.0386668 0.0647336 6.49766e-115 0.0854157 0.210889 0.172109 3.64297e-27 3.28332e-54 0.00756242 0.238533 1.69929e-18 1.1873e-27 4.57731e-56 2.23482e-24 0.155443 9.32423e-54 3.86661e-64
1.14909e-31 7.82989e-33 2.3159e-47 8.06233e-122 1.15611e-71 1.09711e-38 3.68064e-104 1.18174e-67 1.21085e-68 5.68104e-35 9.53475e-87 1.12826e-50 1.89843e-99 1.65355e-103 2.98539e-55 4.17872e-66 1.77023e-79 1.10428e-76 3.29809e-53 7.86296e-105 8.03728e-31 6.99046e-115 4.06883e-89 0.100378 8.27774e-97 1.20493e-51 1.85565e-61
8.69986e-40 1.45047e-53 5.74684e-52 2.73336e-116 6.55427e-54 9.53237e-51 1.83727e-117 5.41861e-79 1.00952e-73 1.30673e-56 3.28993e-88 7.90853e-54 8.14536e-87 1.50345e-94 3.14756e-80 2.09658e-84 2.08396e-86 5.41567e-80 3.50365e-55 3.01582e-118 8.10369e-21 6.96229e-144 1.20426e-100 0.431346 3.51739e-78 1.03037e-54 1.70792e-50
0.767216 0.118274 2.75941e-15 0.0942401 1.13835e-17 0.312137 1.19617e-93 0.213881 3.96312e-32 1.13258e-07 7.68111e-31 4.28229e-21 0.0963066 3.33924e-13 0.0392608 4.90819e-13 7.4947e-30 0.0998811 8.72803e-29 3.4805e-84 1.01706e-11 0.0969581 0.0192399 0.448113 2.83105e-73 0.349877 6.45656e-21
0.0102046 1.33568e-54 0.110571 4.87992e-34 7.66561e-65 2.74414e-14 2.2728e-45 4.2418e-50 2.84504e-49 5.98408e-48 3.56832e-86 2.59688e-09 2.12925e-101 1.19544e-75 5.03305e-91 2.4256e-52 6.85791e-12 4.61766e-72 1.86222e-06 1.8464e-43 5.95296e-12 3.74211e-76 3.38213e-54 1.00094e-13 9.10229e-34 9.91431e-16 0.0840178
3.06044e-14 2.41929e-25 0.00423782 1.0756e-63 1.30814e-14 6.27711e-25 8.5763e-69 1.30244e-42 3.58557e-29 3.34544e-17 5.92261e-26 1.85779e-69 9.98206e-107 1.47572e-73 2.09522e-93 1.71594e-62 0.145601 4.57589e-45 3.86658e-06 2.31329e-130 1.37424e-18 6.81357e-133 7.45315e-96 8.61106e-15 1.51947e-64 2.94283e-52 5.31037e-63
