2.8016e-74 8.97185e-62 2.7501e-281 2.09837e-154 1.21324e-242 2.89139e-94 3.87817e-33 5.44337e-264 6.36948e-197 2.88841e-75 0.109558 9.00162e-09 9.74617e-230 1.00464e-57 6.54006e-153 1.63717e-25 1.81491e-57 7.8059e-86 4.39383e-47 1.92492e-119 3.30876e-195 5.73788e-10 8.40578e-274 2.13515e-76 1.48986e-249 9.9779e-243 1.29859e-73
8.85199e-149 0.000314946 2.3546e-285 3.46986e-166 9.12431e-211 4.26453e-137 5.5639e-40 5.9603e-159 2.05348e-166 8.9339e-34 3.22615e-51 9.31619e-90 2.30897e-187 3.47683e-93 0.121591 0.25718 1.50623e-06 1.00847e-146 4.01796e-96 7.07424e-111 5.37451e-188 0.17434 5.90239e-283 4.30829e-56 2.18667e-239 1.82842e-155 4.05661e-99
3.92404e-161 1.65375e-31 3.66554e-254 0.00111429 3.72472e-194 6.13139e-156 1.13713e-96 1.07308e-228 7.07765e-142 0.0185541 3.21555e-77 0.11158 1.83714e-182 7.69293e-118 2.28876e-24 2.36494e-34 7.02342e-52 1.35838e-127 4.01794e-54 1.21875e-117 2.75779e-199 1.54394e-92 4.11203e-266 2.94427e-75 1.34478e-258 9.86819e-196 1.2699e-83
8.16791e-97 1.15036e-127 0.353688 2.18427e-151 0.534029 0.631298 0.0944408 0.569476 0.700856 7.1009e-44 0.116163 1.35065e-20 0.26405 0.285285 8.47988e-89 7.19272e-84 1.82286e-65 1.3238 1.95251e-11 7.5384e-78 7.83504e-53 1.58532e-08 0.390077 0.314225 0.430325 0.2827 2.22894e-80
8.41612e-82 3.73616e-41 1.40669e-151 7.45712e-74 3.97822e-232 1.59331e-74 7.95571e-117 1.24708e-180 9.74944e-93 0.0988964 3.13144e-48 1.10543e-72 7.95662e-240 7.45278e-50 1.05115 2.06354e-72 1.64684e-53 1.83779e-05 2.06118e-63 1.11987e-72 0.256177 8.37203e-98 9.00543e-154 1.05969e-93 2.07874e-258 1.83809e-239 1.54651e-32
2.45696e-99 1.93069e-90 5.80162e-299 5.29915e-36 3.39597e-230 3.27549e-117 1.41988e-44 3.65668e-222 7.34042e-176 1.14611e-106 4.22249e-82 2.74429e-72 6.01835e-237 8.09982e-69 7.51838e-139 0.0502921 2.38e-77 1.55625e-146 5.10468e-27 7.22481e-72 2.21494e-59 4.24521e-25 3.85851e-271 8.0062e-98 9.56528e-233 2.44909e-223 1.26221e-86
1.77403e-137 4.12922e-52 1.01688e-194 0.0518496 2.07006e-256 8.5486e-135 1.89773e-14 2.7441e-256 8.96179e-143 2.58649e-57 0.108296 1.86226e-66 1.81998e-141 1.95955e-92 1.01639e-36 2.45506e-65 1.47377e-85 3.50841e-86 0.076638 9.28504e-42 2.36072e-182 1.46435e-93 1.55595e-264 1.52644e-214 6.99621e-298 6.90306e-248 1.40591e-56
1.5076e-103 8.75148e-36 2.04285e-218 2.81952e-60 1.08572e-229 1.13419e-151 1.73228e-93 3.66216e-240 3.09219e-213 9.05509e-132 2.60083 3.25178e-112 1.66437e-228 1.43208e-37 1.60049e-52 5.72612e-32 0.054556 2.52564e-166 0.0151279 3.42775e-81 2.66578e-157 3.72987e-45 5.60779e-267 1.44647e-151 4.05381e-178 6.09926e-198 2.1227e-49
0.164386 4.53404e-111 7.32094e-252 0.106968 1.13311e-109 2.26988e-39 1.09192e-78 7.68835e-256 1.17501e-108 2.32692e-17 2.10823e-40 4.89176e-94 1.3717e-226 1.3878e-88 1.66087e-47 1.46577e-71 4.09895e-81 5.70032e-69 5.32017e-48 0.326321 6.49271e-21 3.1604e-97 4.13893e-266 6.74271e-116 8.01803e-156 3.35983e-186 4.44055e-84
7.7808e-106 1.24623e-58 5.18182e-276 2.85639e-68 1.84047e-257 9.4258e-127 1.24996e-114 5.56962e-243 4.08419e-164 4.56273e-82 0.320508 8.31385e-56 1.53607e-260 1.44292e-113 2.12931e-146 1.33629e-59 7.73246e-34 6.81166e-101 2.64378e-51 2.83395e-102 5.63027e-203 9.70279e-97 5.94322e-223 1.76288e-123 4.69231e-233 3.52546e-246 2.88117e-22
3.09282e-159 1.88513e-143 7.04992e-205 3.75064e-115 6.03268e-172 5.20541e-138 1.53627e-06 1.05252e-244 1.59825e-119 1.16289e-89 4.08653e-47 7.69736e-88 2.38743e-248 3.74374e-115 3.14064e-159 1.21295 2.45562e-23 9.90753e-164 2.01426e-106 2.73464e-78 7.94834e-173 9.13822e-103 1.77886e-266 1.5217e-188 1.4898e-243 9.67866e-252 0.246342
3.43716e-90 2.74116e-72 1.58528e-182 9.42924e-63 1.07212e-321 5.95323e-116 1.62587e-48 8.89289e-181 2.12711e-152 1.60362e-46 0.557346 1.48472e-48 2.49569e-212 3.65914e-81 6.78196e-25 1.79562e-65 1.73607e-107 4.97138e-80 3.53314e-78 9.07551e-104 1.41904e-74 3.72282e-103 7.90505e-322 2.48399e-155 1.02133e-238 1.73046e-147 1.41283e-45
2.50264e-123 0.321823 2.17269e-265 3.61342e-121 1.27963e-321 4.6193e-67 8.78402e-106 5.56913e-143 1.55778e-206 3.21907e-94 1.18076e-56 1.32774e-87 1.76654e-155 1.25867e-94 2.7905e-55 3.73733e-18 2.89507e-60 4.29862e-72 0.0717949 6.858e-64 2.37559e-124 1.88338e-103 1.15142e-316 1.49137e-168 2.40233e-249 1.78914e-259 8.12392e-53
