6.6396 0.0723709
1.51591e-17 1.36272e-45 1.44792e-64 5.73618e-41 7.32672e-84 1.62124e-106 4.09013 4.59146e-55 1.76825e-74 2.49036e-62 4.05456e-30 6.21827e-40 1.76847e-69 4.36671e-56 4.96543e-25 1.23594e-49 3.00524e-73 1.96215e-81 1.79996e-49 1.62388e-48 1.80535e-43
4.0621e-27 1.0143e-48 1.14399e-36 1.27116e-42 8.49947e-47 2.58807e-57 1.74075e-45 6.94154e-59 1.90047e-67 9.29844e-37 1.25112e-54 3.6762e-35 5.08407e-69 1.57187e-38 1.15839e-70 0.00636886 2.36108e-39 1.37383e-70 8.14538e-35 1.92788e-28 8.69428e-15
0.235868 2.09002e-22 3.65984e-89 1.59021e-19 4.29658e-77 4.07276e-87 2.14958e-12 4.2488e-83 1.74187e-13 7.48115e-25 2.70546e-11 4.28719e-26 1.41133e-37 6.71492e-51 5.14656e-54 1.32159e-62 1.57709e-89 5.6298e-71 1.52276e-24 4.65645e-24 0.244761
7.31753e-26 1.71182e-51 2.19267e-88 6.25409e-49 1.17105e-71 7.65421e-79 0.0727668 2.0195e-83 1.28943e-57 2.53686e-62 1.51188e-44 6.50374e-60 1.61188e-79 3.27916e-37 5.23919e-51 1.0815e-60 5.7481e-90 1.12086e-52 3.66516e-55 7.84372e-34 1.02583e-43
6.90746e-37 6.64313e-22 1.6137e-14 1.80215e-45 5.45255e-46 8.18901e-59 1.04292e-05 4.81457e-85 4.50977e-89 5.4588e-58 2.55873e-41 1.06045e-20 7.22728e-72 7.98367e-23 1.09261e-13 0.084707 5.31726e-68 4.0957e-29 7.33939e-38 4.36393e-30 2.01039e-33
2.8947e-20 1.15957e-55 3.5673e-29 4.81534e-17 1.07649e-65 1.10954e-27 3.5578e-25 0.0765332 9.80855e-69 0.0486481 7.63384e-55 1.47464e-11 0.0757451 4.7517e-66 0.106058 2.44747e-63 0.0553206 2.99689e-26 0.0216096 3.43849e-47 4.07606e-51
2.91177e-29 0.0312842 1.38608e-15 0.0821061 0.189137 0.0806656 1.29462e-42 2.77764e-57 0.105733 1.43454e-53 0.0819113 0.0627464 6.80845e-72 6.26506e-68 3.08338e-52 4.8343e-17 1.85512e-92 0.0859922 2.11267e-16 5.25003e-06 0.0447667
1.0907e-39 5.51383e-20 0.559082 6.54259e-34 4.61569e-78 2.27144e-72 4.77681e-15 1.98094e-77 2.54105e-84 3.5659e-68 1.64739e-43 4.49875e-05 7.17274e-40 1.02079 1.74971e-59 5.47187e-25 1.32242e-41 3.03086e-69 5.60298e-47 0.0596851 1.61692e-27
6.25088e-36 4.16606e-19 4.41563e-94 2.97607e-48 1.15302e-75 7.19366e-94 0.140182 2.52816e-43 3.03649e-64 4.01805e-63 5.33505e-31 3.44333e-43 7.52165e-62 1.44024e-54 6.15344e-56 5.85434e-08 3.14255e-50 1.81958e-50 2.74399e-64 0.00367419 6.16362e-55
