2.1393e-321 1.78852e-321 1.97626e-322 2.81025e-320 3.00392e-321 1.22099e-310 3.74856e-158 1.7737e-321 1.23961e-320 1.26777e-320 2.05006e-231 4.00183e-268 1.98799e-274 2.6215e-299 0.447107 1.1335e-151 3.51775e-321 2.1146e-321
5.8628e-55 6.45352e-272 2.46274e-116 8.74064e-168 1.99603e-321 1.12274e-226 1.26481e-321 2.32076e-163 1.58772e-241 4.45153e-321 2.52962e-321 1.22084e-320 7.81612e-321 1.2593e-284 1.36918 1.83222e-217 3.82407e-321 1.81697e-249
0.00410031 2.08706e-09 2.75912e-06 3.88348e-07 1.6443e-06 5.64411e-06 0.00366054 0.00429955 0.0410567 6.91692e-323 4.44659e-323 1.97626e-322 1.03754e-322 2.96439e-323 1.58101e-322 1.00295e-321 3.45846e-323 1.97626e-323
1.65512e-321 1.12978e-266 3.18056e-103 1.45206e-320 2.38634e-321 1.30901e-110 1.63536e-321 1.33976e-258 1.69662e-320 7.0849e-321 0.548469 5.58332 4.88265 4.27367e-321 2.98328e-195 37.2362 0.928658 2.77217e-125
0.000406241 0.00184994 0.000182759 0.00732434 0.00182847 0.0049105 0.000354989 0.00062622 6.21722e-05 1.97626e-323 9.88131e-324 3.45846e-323 2.47033e-323 4.94066e-324 2.47033e-323 2.02567e-322 9.88131e-324 4.94066e-324
2.87529e-95 3.46423e-304 9.28956e-199 1.8968e-39 1.99439e-201 1.07331e-173 2.48083e-76 1.74535e-165 8.09774e-321 4.32802e-321 4.87149e-321 1.36906e-320 1.29001e-320 1.51799e-298 0.341973 7.56047e-285 3.48316e-321 1.69465e-321
4.68294e-257 2.62843e-321 4.74303e-322 1.51678e-320 6.62336e-157 5.53804e-219 1.0573e-321 1.54643e-321 1.02321e-320 7.96434e-321 0.383251 3.6099e-304 1.69415e-320 5.20806e-241 3.40462e-52 1.44338e-113 6.91198e-321 3.09318e-255
5.70822e-149 1.13515e-277 3.21507e-157 1.59089e-320 1.62054e-321 3.60742e-308 1.13416e-176 1.58595e-321 8.84378e-321 4.10569e-321 2.52962e-321 1.40908e-320 6.76376e-321 1.95156e-321 0.136287 7.701e-320 3.50787e-321 1.88733e-321
4.98848e-107 1.49261e-87 1.60647e-74 2.76084e-320 3.12635e-104 3.52872e-218 1.41797e-321 1.89721e-321 9.14021e-321 5.06991e-67 7.36652e-321 4.04423e-294 1.84344e-276 3.37382e-276 1.87095e-76 0.171672 5.37662e-301 2.42092e-321
4.76821e-70 2.53167e-219 1.28985e-06 3.53069e-193 2.36811e-112 8.19298e-59 4.38052e-158 6.76496e-61 3.0299e-06 9.53547e-322 6.22523e-322 1.12565e-297 1.70453e-321 4.44659e-322 2.75689e-321 1.72923e-320 5.38532e-322 3.40905e-322
1.66006e-321 1.70453e-321 3.06321e-322 1.63732e-78 1.83298e-321 1.2653e-320 7.15347e-115 1.8231e-321 2.0815e-320 3.1054 1.69827e-111 2.60122e-162 9.00503e-164 3.99699e-321 6.5447e-236 2.83792e-31 0.589663 7.16452e-38
1.97626e-321 1.34594e-201 2.2233e-322 1.97774e-320 2.08496e-321 4.34583e-70 1.84781e-321 4.13502e-292 1.14277e-320 2.65977e-66 1.1916 2.97279e-320 4.02841e-260 4.85667e-321 1.06372e-226 1.2441e-189 6.44756e-321 4.49106e-321
8.68566e-175 1.83298e-321 2.86558e-322 1.72478e-320 1.59089e-321 1.02617e-320 2.75168e-120 8.76398e-249 6.77336e-195 6.98115e-321 7.38628e-321 0.274314 9.4779e-135 5.7859e-293 4.0753e-281 1.43495e-212 2.68772e-321 3.2806e-321
2.88371e-118 2.1146e-321 2.01029e-46 9.44669e-101 3.52435e-158 1.78617e-266 1.00295e-321 1.51086e-45 1.25296e-30 4.14027e-321 2.59384e-321 0.100521 8.91294e-321 1.13108e-147 6.20489e-283 1.2767e-232 3.50787e-321 1.23516e-321
3.93828e-10 9.11117e-06 3.2838e-05 0.111784 4.9795e-23 0.0121137 1.31151e-10 4.00491e-20 3.27883e-11 1.58101e-322 9.88131e-323 5.2865e-322 2.61855e-322 6.42285e-323 3.90312e-322 2.41104e-321 8.39912e-323 4.94066e-323
3.05729e-276 1.67488e-321 1.19565e-252 1.68845e-114 1.67982e-321 1.04986e-198 1.11165e-321 3.26431e-54 1.45799e-320 1.86496e-149 3.97229e-321 2.50758e-237 1.33693e-151 0.253259 0.192961 6.31258e-182 2.30628e-117 0.780464
4.14153e-271 2.37239e-11 2.89758e-184 1.04808e-145 1.79346e-321 2.17267e-131 1.01778e-321 1.69465e-321 1.32765e-229 4.25885e-321 3.0732e-315 6.93822e-180 8.31018e-321 1.73417e-321 0.273778 1.75317e-216 2.09978e-321 7.77837e-254
1.0402e-212 2.43574e-321 6.08581e-269 1.98967e-206 1.86263e-321 2.24612e-70 2.8289e-52 1.03789e-67 6.97854e-164 5.71634e-321 3.12744e-321 1.68719e-242 1.37647e-320 0.539135 2.13685e-39 2.36331e-177 3.98217e-321 3.1472e-321
