2.58688 0.211512
1.47255e-100 4.35798e-207 3.04367e-90 1.26391e-48 4.89813e-95 2.708e-176 5.28838e-114 5.09826e-11 4.25105e-103 7.13189e-132 3.39267e-140 1.96535e-156 2.98322e-53 4.3265e-56 5.44531e-51 1.81816e-321 4.27752e-68 5.02256e-76 7.7125e-14 1.33068e-231 7.00365e-223 2.58403e-65 6.40617e-102 4.49675e-39 0.0700759 1.77606e-119
2.69589e-15 9.39379e-14 1.174e-18 1.17856e-09 2.03404e-16 0.000294639 0.0245143 5.17113e-09 2.3023e-15 6.25471e-14 7.20744e-15 2.22073e-17 1.90886e-10 1.48985e-158 8.59907e-179 2.07508e-321 1.49715e-146 5.99822e-144 7.28316e-246 1.2274e-285 5.25412e-289 1.36032e-189 7.56253e-153 1.34777e-187 4.52942e-175 8.54925e-257
1.99365e-129 6.44405e-87 2.34152e-175 2.27679e-99 1.40127e-55 1.92658e-161 6.40255e-125 9.66209e-144 2.09974e-211 1.88904e-27 1.17416e-56 1.46564e-180 2.86543e-128 2.53575e-21 2.9186e-22 2.32705e-321 5.06763e-139 0.173495 7.45323e-73 2.01333e-221 1.43185e-174 4.88065e-205 2.10004e-31 0.244183 1.102e-103 1.42618e-173
3.08627e-107 3.62015e-222 9.92198e-186 4.22703e-222 4.46212e-143 1.40441e-105 1.72195e-90 1.9312e-122 1.18303e-189 3.07279e-128 3.67281e-79 9.01357e-245 2.09298e-156 2.26949e-13 3.29374e-29 2.01085e-321 2.12619e-117 4.18954e-124 0.063087 3.93533e-192 5.36639e-238 2.72316e-124 1.05923e-52 6.02818e-32 7.39516e-93 1.97075e-238
6.72925e-106 1.62338e-50 1.1971e-168 1.72454e-28 3.45656e-23 2.17046e-206 1.08023e-127 1.40275e-27 9.59707e-217 1.07622e-126 5.1944e-170 6.4286e-166 1.05496e-146 5.14562e-91 3.84153 8.47265e-213 6.6817e-36 0.0991113 2.10655e-164 3.38157e-252 1.44998e-180 0.244922 1.37437e-40 3.52392e-80 5.36921e-34 2.80507e-175
0.00250669 7.93527e-07 0.00194131 0.000631598 4.79738e-05 0.00300153 0.0106415 0.000745181 0.000746712 0.0213054 0.00990754 5.86578e-06 0.00126726 3.68345e-183 4.69982e-186 3.45846e-323 8.4697e-150 6.02992e-158 6.96672e-246 2.27642e-291 1.87731e-291 4.08957e-205 1.67174e-162 3.84693e-206 4.92417e-173 7.96853e-259
1.6897e-321 2.57817e-288 8.42795e-124 2.51973e-322 2.23769e-102 4.84984e-194 2.16951e-293 1.69298e-283 7.07603e-160 1.72804e-48 2.41306e-85 1.8231e-321 2.43177e-232 1.69773 4.34433e-147 1.13535 1.39629 7.01141e-06 4.76533e-223 0.502484 0.79086 2.52124e-37 0.720018 1.06132e-132 5.45111e-43 0.682691
2.19243e-114 9.96218e-168 4.70936e-231 7.83126e-46 8.58088e-59 2.7896e-90 2.35371e-183 1.84951e-51 1.93686e-93 1.30297e-210 3.32214e-81 9.75371e-163 1.20155e-171 5.85119e-99 1.05442 3.33292e-292 9.96746e-46 1.95201e-22 1.1047e-126 2.05811e-210 4.5713e-167 9.47306e-135 3.89934e-17 1.07008e-64 0.0462102 1.53246e-194
4.92495e-10 0.0420546 3.46732e-08 2.42437e-07 0.0647668 1.418e-06 3.4809e-05 5.09442e-10 6.98047e-15 2.06244e-06 1.62118e-05 0.0122084 5.35072e-10 3.49491e-177 3.48412e-183 8.89318e-323 2.19961e-144 3.44135e-159 1.28568e-236 3.80621e-286 8.93248e-286 7.74215e-197 6.24237e-161 3.64204e-207 4.48251e-171 5.11259e-250
2.39211e-33 2.93139e-40 2.37847e-133 1.14291e-28 4.10386e-12 9.66037e-72 1.02827e-164 1.25606e-195 1.09819e-187 1.71294e-91 2.09662e-63 9.33449e-185 1.5632e-10 0.271355 9.88779e-27 4.50074e-232 9.86006e-143 6.38663e-90 6.51748e-46 1.30444e-150 4.81382e-121 1.48722e-172 1.84971e-43 1.16028e-44 7.72688e-104 1.36358e-78
