9.55983e-27 7.24624e-36 7.36543e-20 1.27512e-28 7.83576e-26 3.11904e-21 1.6927e-35 4.57201e-29 1.4882e-13 1.17164e-05 1.76454e-06 3.25741e-22 1.13457e-22 1.72987e-09 8.86116e-17 1.7207e-30 2.0302e-12 5.55463e-12 5.17908e-21 1.19342e-35 4.41058e-37 4.24283e-33 1.37834e-25 1.37537e-18 3.9275e-45 0.515267 1.19601e-28 3.96923e-13 8.23255e-58 1.55041e-12
7.98342e-10 5.86578e-42 5.14482e-24 1.983e-40 2.02254e-15 1.53397e-09 4.77813e-57 3.21508e-35 2.84166e-17 1.34778e-22 1.02946e-16 1.78986e-29 3.45144e-49 9.33563e-37 4.96659e-22 1.21652e-49 8.10055e-15 1.8849e-23 0.0365912 1.2388e-12 3.077e-31 5.64066e-12 2.29914e-17 0.025099 1.38344e-34 4.00125e-08 0.0274006 1.01454e-21 2.38642e-59 2.74122e-26
9.29509e-17 1.92841e-09 6.72084e-14 1.13816e-35 1.43955e-07 0.0352063 1.69432e-16 6.1168e-14 1.30942e-25 8.33864e-12 7.0338e-12 6.08284e-42 3.06724e-09 0.00674821 5.93598e-20 5.2192e-28 2.2176e-17 1.34398e-24 9.99817e-07 1.73823e-10 0.000316997 4.20393e-15 1.543e-09 3.36148e-05 1.84275e-21 4.83967e-31 7.96814e-25 0.0502428 1.78027e-60 8.57932e-30
0.0196822 1.54365e-44 9.45943e-20 1.90112e-38 0.0896275 7.30747e-09 9.53163e-35 1.22686e-29 9.81172e-35 3.31689e-33 1.39039e-11 9.63612e-46 2.49857e-23 0.00189759 5.94445e-21 2.36213e-42 1.60545e-18 4.22068e-05 0.081522 0.072105 2.19492e-29 4.46047e-05 4.81391e-13 0.000181862 1.8964e-42 0.0018012 0.00328518 6.28559e-28 3.47275e-58 1.31314e-05
8.06211e-23 7.5533e-30 3.82371e-31 9.75475e-21 1.09469e-12 6.40559e-14 4.06116e-49 9.8775e-43 3.51373e-34 1.05574e-13 0.0035713 3.92416e-30 4.27252e-27 7.27993e-45 9.31769e-18 6.72088e-56 0.142188 1.23915e-21 6.22706e-17 2.22072e-21 1.41451e-26 1.76689e-29 2.76933e-20 2.02287e-23 4.2641e-41 1.22547e-33 3.176e-24 4.26616e-33 1.35375e-35 1.41202e-38
0.000849471 1.60349e-46 4.86314e-26 3.18852e-08 8.59909e-12 1.55747e-33 2.46439e-41 7.79306e-13 7.58865e-12 2.61257e-16 5.12788e-15 8.95918e-30 1.62873e-38 1.90082e-30 1.45211e-10 1.4917e-39 0.848691 6.79799e-15 4.60903e-05 1.46762e-05 2.15085e-09 2.49176e-07 5.22315e-13 2.46169e-14 1.32439e-42 5.77743e-24 2.06809e-09 1.24921e-13 1.99049e-25 1.01886e-12
3.26598e-18 3.53625e-33 5.66949e-31 6.00345e-31 6.63645e-27 1.95508e-23 1.32993e-53 5.25605e-33 1.06995e-37 4.40372e-28 7.92217e-17 2.68664e-30 2.24395e-49 1.84559e-40 5.25087e-28 2.02696e-25 1.5071e-20 3.11335e-29 3.00087e-29 9.06628e-27 2.18982e-26 4.87536e-30 4.20605e-24 1.43463e-20 2.69881e-38 0.0443451 6.52529e-16 1.92159e-34 6.28056e-42 7.51155e-29
3.16209e-07 1.10141e-43 1.88788e-42 1.63626e-25 1.06982e-15 6.69998e-34 5.58481e-65 1.21663e-05 6.15746e-06 5.17294e-08 3.25107e-18 6.31758e-26 3.32976e-18 4.4159e-46 6.87253e-34 4.58987e-28 1.1942e-17 1.38904e-31 0.33868 5.14342e-15 6.48152e-27 1.46652e-10 8.11049e-29 1.75669e-12 1.07844e-46 1.60252e-38 5.27976e-34 3.52036e-08 1.60778e-54 0.0581908
4.57407e-31 0.0426583 1.77873e-29 1.09762e-33 2.76481e-09 6.42642e-28 0.0631774 4.70222e-05 0.00874192 0.0715951 8.99069e-17 0.0773174 5.30777e-10 1.44489e-42 5.25696e-21 0.0469549 8.63617 1.48473e-21 0.00732867 0.140228 2.02057e-14 1.83976e-11 0.117956 2.45687e-08 0.0621999 0.608996 6.88838e-13 3.49061e-14 0.0162679 1.59302e-09
1.67612e-24 2.37151e-06 0.00563538 0.0282845 0.00373515 2.72055e-09 9.48507e-46 0.0530217 1.62571e-20 1.34467e-26 0.045171 7.44253e-50 0.00765151 4.45494e-19 0.0650497 6.47995e-46 2.30289e-17 0.069124 1.35216e-09 1.79463e-14 0.0311628 0.036217 7.85318e-09 1.65234e-16 1.44437e-32 0.0975903 0.0001183 4.9357e-15 7.87103e-43 1.99505e-28
2.40275e-06 1.94821e-39 3.23265e-19 2.1414e-07 3.7797e-13 2.89411e-31 1.90765e-66 7.53646e-35 3.85269e-29 1.11082e-17 4.79509e-13 1.13663e-50 1.2642e-33 9.66403e-16 1.1367e-24 8.04458e-57 0.894854 3.49968e-08 6.83959e-12 1.11546e-38 1.25546e-29 1.17107e-11 1.47985e-09 1.3077e-24 2.11955e-41 2.07353e-29 1.01548e-32 3.91195e-17 2.89059e-55 2.96668e-33
