4.86146e-33 0.0294265 4.28956e-17 0.000161362 3.38092e-10 1.547e-32 1.93293e-24 0.0178554 0.0804295 0.838979 6.19744e-06 2.11963e-18 6.40483e-32 0.110287 4.88928e-20 6.8987e-18 7.21928e-18 0.640365 0.0299963 2.69608e-17 1.5349e-21 2.05318e-19 0.309041 0.174779 0.184871 4.70936e-08 0.0410834 3.42757e-18 1.9839e-24 2.30857
4.84711e-33 3.3125e-36 1.05601e-07 4.06154e-20 1.39659e-09 7.64857e-29 2.12458e-24 0.00087141 1.9356e-17 1.08429e-12 4.32971e-17 8.06512e-08 1.16585e-23 5.92199e-39 4.44752e-24 8.80091e-17 2.18774e-19 4.88868e-49 3.9652e-29 3.39731e-19 1.58517e-06 1.83067e-13 7.21489e-31 2.24092e-30 1.24233e-40 5.0456e-21 1.09716e-27 7.79989e-23 5.18416e-27 0.297759
7.97771e-25 1.36882e-50 4.29138e-11 2.77221e-31 9.7207e-15 9.24006e-33 3.31005e-19 1.07465e-08 1.41504e-12 8.7203e-11 2.70221e-20 1.9137e-08 8.14297e-31 1.07915e-46 7.61682e-24 3.9607e-17 8.60626e-17 2.66141e-44 8.73733e-26 5.80703e-27 2.38363e-17 6.60792e-09 1.28643e-16 1.41151e-24 2.248e-39 9.6594e-26 1.93759e-33 3.51067e-18 2.09089e-15 0.246118
0.0140914 5.06309e-42 2.44491e-18 0.0336634 4.40783e-08 8.63484e-33 0.0467836 0.0171078 2.03566e-06 2.38393e-25 2.57434e-12 5.74155e-08 0.026007 2.97317e-49 6.32299e-14 1.52208e-13 2.3323e-19 2.76919e-28 4.03277e-26 5.4486e-26 0.000204759 6.49216e-05 2.65637e-12 1.43314e-23 3.24042e-27 4.31098e-14 2.58864e-24 4.37888e-20 0.00801668 1.38291e-07
9.40019e-20 2.54683e-38 4.42954e-19 9.86584e-23 8.61902e-21 1.00514e-22 2.13198e-15 2.74036e-05 1.98933e-14 1.97325e-22 7.01109e-22 1.9292e-16 2.71289e-29 5.78795e-32 2.97759e-14 8.2925e-30 1.59513e-14 2.87702e-57 1.33692e-36 1.96179e-11 1.20114e-25 3.80794e-08 1.89782e-19 2.10024e-23 5.85193e-32 8.21613e-17 1.1279e-36 2.9011e-12 2.61452e-35 0.538722
2.25462e-16 7.21648e-61 4.24056e-08 9.02063e-32 4.41313e-22 1.58765e-23 3.02235e-08 2.53956e-05 1.07623e-15 7.47298e-18 3.09604e-22 0.0016471 1.41785e-24 4.59398e-45 1.14396e-21 1.2545e-21 0.0276139 4.0753e-60 1.65681e-31 6.39923e-23 0.0343777 9.68808e-06 1.95458e-16 3.1016e-22 5.9042e-20 0.000118484 1.23086e-22 1.82663e-21 7.50498e-27 0.970731
2.29526e-17 3.8642e-49 0.00456786 4.61986e-08 2.11012e-21 0.0263696 3.24572e-17 1.09214e-06 1.14335e-20 0.00428277 0.0306801 2.25158e-11 2.17036e-35 4.2333e-27 2.14772e-19 0.0102608 0.00444263 1.02927e-68 1.60022e-31 0.0238917 2.40022e-09 4.00414e-18 4.36484e-21 2.19685e-09 7.14065e-26 0.00598818 1.32577e-31 6.01277e-17 3.45718e-24 0.0498542
3.2218e-23 3.78708e-60 2.35667e-21 1.27255e-36 3.56869e-06 2.54334e-33 1.22444e-23 5.53699e-09 1.08423e-26 1.09792e-16 6.17347e-14 0.00907987 2.41511e-18 7.31091e-50 3.67124e-11 9.83798e-16 1.97557e-26 1.58773e-68 3.43705e-24 2.72519e-12 1.18598e-12 3.25159e-11 4.49095e-31 2.87074e-22 1.81396e-21 9.39266e-12 1.42543e-34 1.68544e-10 1.59626e-29 0.363547
5.27239e-28 1.1038e-33 1.71932e-21 0.0072204 2.38576e-14 1.68845e-32 1.22295e-20 1.00648e-07 5.89548e-15 1.11063e-11 2.41756e-14 1.11612e-18 4.61967e-37 1.33747e-49 4.37231e-17 1.8403e-17 6.56163e-14 8.75867e-55 6.68112e-24 9.84089e-23 3.2052e-19 4.09164e-07 7.42844e-36 1.55964e-31 1.39936e-18 0.0139883 3.15473e-26 0.0194469 0.0153883 0.000194389
7.82767e-33 1.25171e-59 6.53197e-22 1.36766e-21 0.0104769 5.96616e-25 1.16708e-16 6.2735e-18 7.32797e-15 4.39695e-17 8.10742e-24 2.43926e-10 9.23909e-12 8.38822e-42 1.78259e-24 3.54545e-08 2.31442e-26 2.29068e-48 3.63037e-23 5.83861e-11 3.87778e-08 1.29513e-15 7.9363e-29 7.99662e-25 2.86311e-32 2.75719e-36 3.91065e-31 2.03807e-07 5.90149e-17 0.361159
7.83653e-35 5.95078e-31 7.00167e-15 1.43117e-24 6.54335e-08 1.57873e-27 0.000132543 9.81662e-17 6.12899e-27 1.43859e-24 0.0015486 0.000294274 2.0223e-15 2.78046e-28 0.0193199 1.44749e-10 3.63927e-11 3.12201e-61 1.05144e-29 9.05392e-05 0.0041324 0.00176028 1.8403e-14 6.38755e-23 6.08437e-24 3.05387e-18 7.95405e-32 3.59027e-17 3.74572e-32 0.00358794
