0.00328459 4.18646e-63 1.09995e-09 0.000341417 8.11948e-21 0.00932739 0.109457 1.73281e-58 0.0624233 9.69479e-35 1.02662e-38 2.06281e-130 0.0488929 1.07103e-69 4.85677e-58
2.59551e-49 1.00617e-44 6.39918e-14 1.9339e-43 2.87947e-14 3.75725e-31 0.686208 2.24735e-38 3.94286e-70 0.207519 4.59239e-61 1.74565e-104 2.0424e-33 2.9089e-30 1.46232e-78
1.81956e-27 1.03592e-33 6.61486e-19 1.13097e-47 1.15073e-05 0.138073 8.61862e-52 2.79435e-60 4.77282e-14 1.55949e-50 5.10231e-81 2.63757e-27 0.0545883 1.2509e-05 4.87747e-32
0.0765367 3.55269e-13 1.13197e-62 3.58454e-56 1.34998e-32 5.80368e-07 5.14765e-48 0.0099748 1.12664e-09 2.03275e-42 3.08076e-51 0.278862 9.36136e-49 2.12553e-47 0.261598
0.0332013 0.0378133 9.2025e-26 5.59188e-38 1.26482e-30 1.60672e-40 2.26762e-27 1.32524e-59 6.14111e-55 2.39056e-48 3.77623e-115 6.09134e-118 3.12286e-76 4.59099e-33 2.41694e-54
2.70089e-26 1.50278e-10 2.2267e-11 1.91071e-51 5.18763e-23 3.59536e-44 0.0400667 7.14246e-80 6.78719e-42 9.43801e-25 2.60377e-86 6.01483e-138 2.35427e-70 3.70773e-59 2.02274e-68
9.917e-08 4.29651e-06 2.57571e-65 0.0933438 1.23713e-57 4.37673e-45 0.0542193 2.31964e-68 2.6006e-16 5.16748e-31 1.6041e-71 1.28043e-113 2.55581e-76 4.5018e-74 2.46377e-78
9.74489e-13 9.36189e-41 3.08091e-13 4.58703e-35 4.24327e-24 3.38007e-43 0.109571 4.17969e-85 8.77298e-55 1.41339e-37 1.79923e-66 3.92088e-86 1.72915e-76 6.63979e-27 1.79649e-63
1.21515e-20 3.3364e-31 1.69237e-27 3.49804e-57 1.00164e-21 5.60017e-23 6.31867e-22 3.92045e-80 1.00942e-41 0.0426173 2.63881e-103 2.95665e-114 6.36244e-55 1.5118e-58 5.35732e-63
4.69528e-38 2.18401e-05 0.181336 2.88854e-27 3.83032e-08 2.03514e-17 0.259886 5.86204e-77 3.36897e-53 2.87892e-30 9.92761e-83 2.17109e-84 3.11146e-47 4.38181e-54 2.86007e-57
1.61522e-33 4.34463e-57 5.05701e-26 1.50521e-61 5.89082e-46 3.08733e-05 1.25877e-54 1.96427e-45 1.08835e-70 2.54073e-27 3.43123e-53 1.22141e-98 3.16842e-32 0.139491 2.61227e-50
2.69943e-36 1.31683e-36 4.71739e-32 3.22025e-52 2.35621e-05 2.6176e-36 2.70899e-22 9.80494e-81 3.60138e-44 0.0491462 4.98218e-73 1.00652e-85 6.43052e-45 9.31846e-56 7.6723e-74
6.53036e-10 3.98419e-78 7.68569e-17 5.63677e-74 1.63276e-12 3.85284e-22 8.25275e-24 0.305985 1.15015e-11 0.0305202 0.208463 2.44614e-46 1.26862e-19 1.05735e-25 1.87131e-25
5.56032e-77 3.95709e-60 1.09857e-76 7.08938e-120 2.56749e-43 1.00608e-38 5.00944e-31 1.31019e-58 6.48305e-57 6.57121e-11 0.151619 3.71869e-20 2.94767e-29 0.113695 1.0496e-60
