5.64535e-45 3.1546e-19 6.68901e-42 3.88215e-29 8.06001e-14 0.0033244 2.68774e-63 6.77683e-95 1.22511e-113 5.34824e-159 1.16145e-123 0.0906078 1.77879e-84 9.10087e-253 3.04583e-62
1.34523e-23 1.24075e-22 3.44659e-37 9.28554e-38 0.000109995 5.41043 5.81051e-110 5.8133e-116 1.58279e-118 3.37955e-205 4.80387e-127 8.08869e-26 4.05837e-87 8.60872e-271 2.0603e-24
1.93164e-107 7.33467e-92 7.1817e-78 1.14289e-140 3.42362e-36 0.140036 3.49471e-100 5.05226e-07 0.183509 9.53676e-191 1.55382e-103 3.71011e-37 1.86224e-11 1.22588e-246 1.52957e-27
4.99537e-21 6.24125e-20 0.202114 6.55254e-70 1.78028e-38 2.00535e-44 3.52138e-90 9.36421e-65 8.46729e-54 7.62482e-194 3.35623e-104 8.94987e-23 7.5717e-65 5.2499e-266 1.98479e-24
0.000816022 4.03788e-42 2.16521e-24 1.3083e-74 5.59995e-44 2.80817e-39 1.66416e-88 1.17671e-119 1.71352e-85 4.24664e-185 1.12272e-96 3.22154e-28 1.04003e-101 3.93582e-255 0.28898
1.2042e-104 4.40258e-195 4.74533e-07 2.1138e-35 1.45064e-26 1.79772e-31 0.218772 0.544331 2.55538e-25 1.05944 0.270771 6.64007e-32 0.321093 0.192683 1.69076e-42
0.00873286 0.0015653 0.00145199 0.00135816 0.00104735 5.77133e-50 2.64233e-115 5.79505e-125 2.59892e-150 3.19185e-210 2.61712e-135 2.1818e-46 5.86487e-125 9.56758e-276 4.15411e-73
5.30103e-45 1.42726e-35 1.62635e-35 3.96147e-93 2.06212e-13 0.550986 1.10878e-98 2.40358e-114 2.07233e-141 8.43428e-199 1.24021e-114 1.00012e-14 1.237e-83 5.84091e-234 1.02329e-10
0.000522116 3.11692e-45 1.70427e-31 3.95799e-47 6.22178e-60 2.23149 9.92319e-59 1.08974e-119 7.33721e-112 3.98772e-208 1.59261e-78 0.0630803 1.03117e-98 1.93936e-270 0.150555
0.0794857 0.0111499 0.000103513 2.67487e-06 0.000140142 1.29055e-49 3.37347e-114 5.49797e-124 8.22242e-145 3.17077e-203 3.83214e-130 1.28669e-44 3.52159e-120 7.03496e-275 1.03956e-69
7.14781e-26 1.2801e-14 1.30377e-24 1.30761e-55 2.42862e-33 1.64167 1.10964e-78 1.19183e-98 8.92003e-104 1.08774e-189 8.81531e-106 2.65171e-38 1.21436e-109 3.27289e-255 5.26882e-15
8.64418e-26 1.15824e-19 6.10458e-38 4.47219e-60 2.4596e-25 0.509096 4.58756e-111 2.66557e-77 8.43875e-131 1.87657e-170 4.65635e-101 3.64599e-11 1.65019e-81 1.54374e-219 1.01449e-05
5.50745e-28 1.89318e-24 3.32467e-33 7.19935e-17 3.60527e-11 0.142827 1.20176e-112 1.37487e-116 1.07675e-140 2.76621e-186 1.67181e-105 1.34342e-41 4.90178e-114 1.73915e-262 4.19631e-58
3.0833e-11 3.37091e-14 2.44406e-17 1.04803e-35 0.0134662 0.572285 1.47574e-94 5.03412e-122 6.17591e-125 4.84941e-167 8.11278e-103 3.0776e-45 3.12747e-85 1.34796e-233 2.58486e-45
