5.83853e-108 5.44156e-41 1.07498e-94 1.05206e-21 1.95811e-103 0.180287 1.27357e-51 1.9446e-67 1.15288e-50 1.07793e-74 2.03524e-80 3.69147e-160 5.00534e-62 6.68697e-56 1.5054e-191
1.38413e-83 2.73528e-202 3.17208e-97 3.76958e-156 1.14363e-18 0.50492 2.04378e-51 1.38205e-40 6.90432e-85 1.54838e-55 3.57792e-81 1.79985e-43 0.369617 8.15482e-103 5.87758e-152
5.08835e-125 4.89986e-69 7.32756e-44 1.0551e-136 7.63758e-12 2.75893e-122 0.0735575 4.87989e-148 5.28156e-11 0.685666 2.11122e-108 4.56918e-202 2.75308e-97 2.63541e-32 7.16932e-92
0.00389807 9.76047e-06 0.00232425 0.00834528 0.00556692 2.96314e-133 3.2701e-177 3.7196e-144 4.85948e-125 6.45254e-155 3.9901e-115 2.84446e-201 7.44387e-122 2.49647e-111 4.63202e-214
7.64904e-43 6.5766e-224 1.56586e-43 1.36508e-19 5.29422e-31 3.49501e-104 1.19964e-81 0.220432 0.285113 1.86621e-128 2.69501e-64 2.68366e-38 0.393954 5.59152e-51 1.11624e-80
1.02115e-82 6.25175e-87 3.1913e-59 1.14476e-141 1.65989e-49 2.95116e-121 4.93363e-84 2.289e-53 5.8668e-47 0.202635 4.0979e-86 8.0021e-98 1.61113e-95 4.83695e-57 4.19722e-181
1.25027e-88 2.23092e-164 7.42936e-100 1.86641e-24 4.32603e-28 8.5909e-97 5.18636e-175 1.75263e-22 9.15488e-111 1.14149e-72 0.131278 1.98084e-171 2.29278e-82 2.03032e-59 9.34128e-173
3.26272e-97 2.55596e-172 1.47957e-115 2.09874e-127 8.99756e-151 2.96951e-56 1.18471e-29 5.91078e-126 2.40319e-58 0.176702 8.99907e-58 5.98789e-177 1.02581e-80 2.1756e-98 2.47524e-178
3.18741e-79 6.36322e-82 2.51134e-67 8.96756e-119 4.43812e-157 6.63039e-131 5.0291e-174 7.70615e-154 1.26007e-62 9.55872e-152 0.109488 9.33776e-124 9.84484e-58 2.87974e-42 6.92273e-110
8.28908e-134 5.97478e-98 2.58696e-42 1.24485e-157 2.55526e-146 0.128397 2.22067e-149 6.25307e-33 2.99294e-75 1.25293e-07 1.30539e-23 5.72214e-206 2.76938e-117 3.12711e-07 2.57228e-100
4.74329e-180 1.70607e-125 4.02547e-110 6.36019e-196 5.85085e-218 1.07127e-47 4.78733e-34 1.52406e-115 0.0716755 0.0254026 0.000136136 0.0488864 3.8636e-62 8.3162e-11 1.05157e-47
5.75169e-197 2.72158e-268 9.41953e-130 1.66254e-212 8.58937e-15 4.06023e-45 1.416e-158 1.06508e-10 0.00954197 9.62006e-111 6.49235e-121 4.73047e-205 0.289006 8.89348e-42 0.15288
7.53011e-117 1.52709e-29 1.37601e-59 9.62333e-135 7.56898e-161 1.26055e-100 0.132338 1.40104e-126 1.39152e-19 3.05106e-102 0.17584 3.36002e-78 1.11151e-123 0.160569 2.6177e-96
2.72915e-125 0.288334 1.08949e-40 1.43997e-16 4.54255e-172 7.18518e-18 4.12529e-53 7.20435e-97 1.47668e-74 1.37078 1.29106e-117 8.29773e-119 2.98109e-35 8.35349e-33 5.53958e-212
