2.58917 0.085629
1.95544e-47 9.48162e-49 1.53232e-78 1.72961e-89 8.58434e-55 3.48419e-54 0.214493 1.1016e-40 4.19121e-60 3.97584e-38 0.331733 3.63033e-96 3.98701e-81 1.21601e-23 1.0426e-72 2.32815e-27
1.44178e-44 4.07943e-73 1.55539e-88 5.30343e-79 3.91349e-40 1.67689e-56 8.18728e-67 3.04939e-56 7.40392e-73 2.31601e-59 2.74958e-43 2.58505e-88 1.33624e-59 2.94659e-82 3.27723e-69 0.0513603
2.7359e-70 1.04386e-136 0.182806 1.59113e-70 1.49865e-46 4.513e-23 3.24918e-47 1.44754e-21 8.94273e-74 5.19094e-55 1.00413e-41 0.051647 0.189193 3.88204e-101 2.7438e-31 1.70316e-21
1.58716e-84 8.7017e-29 1.13182e-15 3.01638e-62 9.59693e-21 0.0634172 4.68633e-36 5.25014e-49 1.4575e-12 4.64146e-69 1.66127e-19 5.8033e-91 2.13167e-71 3.47658e-100 3.20196e-35 1.49193
1.50903e-28 1.01917e-40 8.03046e-95 1.2059e-21 1.62896e-72 2.14949e-57 4.28024e-24 1.75716e-11 4.71264e-45 0.00423879 0.358587 3.87987e-07 2.21747e-23 3.05903e-57 6.21871e-57 0.00215585
1.22077e-60 2.47926e-122 5.66511e-50 3.31172e-44 1.62158e-10 6.15051e-47 5.12758e-54 7.12717e-13 2.82519e-71 8.41729e-07 1.57848e-31 5.55547e-39 2.44116e-60 1.01687e-47 0.0733934 0.291339
3.05494e-30 7.92546e-106 3.09116e-31 0.0700556 0.110706 0.0136898 6.94447e-51 6.76295e-43 0.0237523 1.6158e-14 1.12812e-41 8.24348e-89 2.63443e-39 0.12008 3.18376e-15 1.09431e-27
1.4859e-30 8.23744e-20 1.43223e-45 1.4006e-43 5.67832e-60 2.44749e-30 1.37866e-64 1.35499e-17 1.68711e-45 2.41685e-62 7.25668e-28 9.97013e-63 1.56206e-96 1.95912e-59 4.93762e-79 0.174726
3.91962e-10 6.83731e-87 6.35499e-87 1.1628e-22 1.25483e-15 4.10149e-73 3.51148e-21 0.0966917 5.33904e-48 0.0342916 1.24958e-34 6.90987e-56 0.0259612 3.35358e-19 8.83543e-10 0.000502378
0.00295448 0.00374384 2.09569e-99 2.1195e-91 1.84002e-94 4.37076e-77 9.77626e-73 1.1917e-58 7.4314e-74 1.01082e-76 1.89541e-55 7.01461e-99 4.04394e-102 6.69825e-108 5.51421e-79 5.6788e-33
