4.32308e-276 6.07456e-300 5.56085e-74 1.57607e-321 7.34169e-293 1.91697e-321 4.78583e-281 2.25788e-321 1.07607e-320 8.01436e-238 4.42144e-74 2.28466e-162 3.11261e-321 1.46243e-321 1.92192e-321 0.0221646 4.73251e-297
5.44655e-318 1.91203e-321 2.38319e-316 2.42825e-223 3.63011e-77 1.07808e-154 8.27066e-321 1.59583e-321 5.63356e-104 1.96914e-286 0.18553 4.90604e-281 2.06567e-181 1.8231e-321 5.72434e-317 4.13336e-95 2.51479e-321
2.0811e-92 3.80073e-118 1.65258e-121 1.6897e-321 1.38975e-243 5.11416e-200 0.225148 1.81322e-321 3.01241e-297 1.93549e-191 7.08125e-09 1.21842e-311 1.03635e-18 1.43773e-321 8.85511e-103 3.39426e-75 1.93674e-321
3.68179e-22 3.76668e-180 6.24396e-293 1.83386e-187 3.99317e-308 1.88239e-321 0.565952 1.92686e-321 4.32419e-176 1.67824e-120 3.61656e-321 1.07995e-223 1.39327e-237 2.15413e-321 8.52591e-133 8.64484e-187 2.01579e-321
0.01053 0.00256262 0.00705671 0.00237413 0.00188483 9.88131e-324 3.95253e-323 4.94066e-324 3.45846e-323 1.1015e-287 1.97626e-323 9.88131e-324 1.97626e-323 4.94066e-324 9.88131e-324 1.7504e-221 4.94066e-324
1.15463e-320 3.02862e-321 8.1422e-321 5.08948e-178 1.26812e-62 2.76234e-317 1.37154e-251 4.40707e-321 1.52402e-49 9.05798e-202 0.443197 3.89429e-149 2.66919e-229 2.90017e-321 3.0628e-249 2.49428e-69 2.57408e-321
1.4353e-237 4.34079e-73 3.64452e-121 1.13392e-91 3.14621e-208 2.67266e-99 7.43906e-305 2.40939e-279 4.94888e-96 0.37324 6.81304e-143 6.23325e-163 1.01752 2.00591e-321 7.85938e-249 2.56342e-183 1.93674e-321
3.40729e-200 1.84479e-38 1.55146e-68 1.72923e-321 7.41516e-169 1.90085e-238 3.81426e-197 2.47033e-321 8.32995e-321 0.419092 6.80512e-127 1.65323e-116 1.20141e-147 9.00641e-300 8.63975e-78 3.85188e-06 1.86757e-321
1.12692e-58 4.47007e-66 4.42141e-62 2.06064e-106 0.127804 7.5098e-322 2.78159e-321 5.68175e-322 3.50787e-321 2.46754e-273 1.97473e-303 7.11455e-322 1.62054e-321 5.97819e-322 8.89318e-322 7.69391e-163 6.22523e-322
9.48851e-178 1.81322e-321 1.37937e-230 0.0307225 3.97705e-292 2.54252e-304 5.05573e-272 4.90113e-321 4.26359e-263 1.02941e-78 2.07158e-102 6.84118e-257 4.20034e-302 1.05928e-320 5.65345e-202 1.36126e-148 7.88529e-321
1.07311e-320 4.04586e-18 1.2447e-134 1.35868e-321 2.976e-308 0.826006 0.68515 1.01971 4.81774 1.02746e-233 0.468639 1.06836e-245 2.74225e-137 0.857033 0.790634 1.04381e-165 0.992345
7.44407e-148 2.05781e-118 5.91805e-39 3.27906e-117 2.87636e-249 1.80334e-321 0.434886 1.80828e-321 9.85661e-321 7.90661e-61 5.60438e-179 6.14692e-175 6.98158e-142 8.13529e-312 2.2233e-321 6.07984e-53 2.23812e-321
5.32905e-48 1.34577e-282 5.32635e-314 2.17883e-321 8.67751e-124 2.41104e-321 1.63099e-152 3.05827e-321 1.09683e-320 1.65e-16 2.88229e-168 0.627664 0.00989493 2.30235e-321 4.29826e-22 0.255089 5.93197e-62
