4.91594 0.248433
6.04645e-117 6.41318e-69 9.06318e-144 6.53913e-311 1.76373e-89 1.11175e-270 1.85437e-53 7.51144e-209 0.264136 3.16681e-10 3.73502e-33 1.45105e-249 0.623703 3.7707e-214 6.18329e-83 9.06989e-152 2.81362e-24
6.08214e-55 9.88567e-75 1.92302e-165 7.73631e-239 9.40912e-188 1.34836e-78 2.03778e-188 4.20529e-143 6.81993e-196 4.59962e-110 2.64982e-157 1.77274e-108 2.18218e-29 6.98678e-119 1.22992e-287 3.67682e-168 0.0654955
7.08178e-30 1.7897e-136 4.70276e-69 8.64013e-62 1.61714e-05 6.02217e-153 8.19391e-65 2.62857e-12 5.86654e-320 0.37003 3.66581e-184 3.94184e-124 2.53363e-79 4.95223e-172 1.91876e-281 1.94593e-87 3.77575e-25
1.91689e-179 6.14124e-321 5.84777e-164 1.08272e-288 3.07777e-147 4.80139e-159 3.28554e-321 4.57857e-178 1.04238e-48 4.57657e-21 0.432909 9.66472e-84 0.706476 2.24235e-90 1.47338e-230 10.0457 2.78809
8.18791e-93 5.33589e-66 4.74651e-33 1.48888e-105 1.58177e-208 1.00208e-158 2.43176e-25 2.79532e-29 6.36564e-309 7.3959e-44 5.17437e-154 2.14482e-218 8.63436e-05 4.59103e-98 1.96117e-290 1.55862e-55 1.14959
5.71904e-297 1.53144e-178 1.92636e-85 1.17933e-320 1.4626e-48 0.0437595 8.64759e-281 0.0218604 3.20183e-285 7.16999e-92 2.74988e-313 0.312116 0.262246 2.72882e-43 7.33403e-41 1.57806e-151 2.20018e-30
4.08269e-63 8.55317e-108 0.000722676 1.87753e-18 2.412e-26 3.41358e-130 6.0604e-146 1.23116e-41 3.71944e-238 0.257994 1.39163e-166 1.21844e-183 4.44085e-165 1.47152e-124 2.75103e-190 3.25227e-215 3.18616e-68
0.00011365 0.0046533 0.000126955 0.00827953 0.00184688 1.5251e-05 0.00216126 0.000535034 9.88131e-324 4.69639e-148 4.94066e-324 2.71703e-314 1.15143e-205 4.94066e-324 4.51507e-312 1.58101e-322 5.25639e-140
3.36298e-232 2.38986e-307 1.07589e-27 2.25055e-165 1.19046e-255 1.1543e-173 3.56682e-69 4.62443e-243 6.27802e-13 1.40274 2.8463e-140 6.49339e-161 4.92079e-60 0.43613 0.386249 1.30874e-125 5.42725e-55
2.03389e-162 6.3034e-154 3.85925e-164 2.65776e-18 7.3995e-180 2.96077e-39 1.5084e-48 1.34762e-182 5.07233e-217 0.460121 1.05735e-276 2.04013e-20 1.24732e-183 1.00789e-280 4.75748e-303 1.84903e-43 2.33251e-15
