1.891 0.225299
4.4403e-120 1.08779e-130 2.85369e-88 8.14039e-105 3.52304e-141 6.53642e-158 3.65852e-138 2.79912e-214 1.39684e-69 1.23511e-58 7.87208e-275 2.49962e-33 1.10814e-123 0.313519 5.12218e-110 1.67008e-95 0.357767
4.12767e-101 5.54978e-163 2.14199e-26 4.98385e-62 1.64652e-51 2.78569e-229 2.7138e-229 2.02912e-26 1.24401e-136 6.12114e-67 1.36302e-315 3.65959e-20 5.34277e-131 1.20547e-95 3.39682e-120 0.213 0.0375642
2.33276e-42 5.79914e-99 6.85999e-153 7.08938e-292 6.42643e-24 3.31342e-16 3.14201e-86 6.20546e-321 7.69259e-22 1.34257e-120 0.47162 6.44008e-60 6.92138e-186 1.94254e-176 5.19942e-69 4.34989e-182 0.170985
1.25205e-75 5.62965e-221 3.16943e-82 2.89936e-236 4.82654e-61 7.81568e-173 8.29374e-199 5.98808e-321 2.00479e-191 1.77457e-136 2.63834e-272 2.20437e-10 0.543119 9.02183e-44 0.648971 3.65677e-58 1.2874e-87
1.53803e-53 1.1707e-98 2.43725e-90 2.52928e-134 1.81618e-159 1.30075e-173 2.6053e-100 6.9551e-152 4.34691e-171 5.01715e-63 1.02766e-321 2.73201e-206 4.06439e-136 0.147683 4.4681e-48 3.83137e-180 9.79834e-47
8.86916e-104 2.28656e-38 6.85385e-85 2.41878e-86 3.90365e-45 2.87806e-83 6.26518e-18 5.61722e-74 7.06092e-150 7.40651e-42 2.19218e-189 9.64066e-45 8.81588e-145 2.19185e-133 1.03793e-84 1.37071e-130 0.158135
9.60748e-157 4.38688e-149 4.73665e-74 9.38493e-12 2.62636e-68 3.51779e-118 2.18028e-136 3.18932e-125 7.33419e-32 1.85223e-30 4.92863e-258 0.080394 8.03955e-185 0.0810902 3.27466e-112 1.0537e-14 4.14583e-106
3.36321e-37 5.7368e-193 9.78419e-40 5.81883e-30 1.02451e-42 8.88891e-199 1.2025e-218 6.50155e-104 0.168301 0.0306695 1.78829e-157 1.22723e-67 5.56477e-212 2.09435e-146 2.03045e-105 3.1678e-32 0.36097
0.00191545 0.00712932 0.0103525 0.00200338 0.000934532 0.000121388 0.00297321 0.00861392 3.56552e-205 5.28185e-141 9.88131e-324 3.19173e-211 2.60672e-234 2.13139e-190 6.73295e-187 1.73429e-237 3.55296e-130
2.01003e-121 1.61592e-58 1.60622e-101 4.73867e-22 1.75077e-180 2.45185e-106 2.50255e-216 5.72574e-174 6.79754e-55 0.20367 1.00789e-321 1.68683e-25 1.20656e-201 4.02364e-80 1.62283e-114 2.31252e-87 1.26684e-114
