3.42318 0.467043
7.56596e-204 4.97811e-286 3.72896e-286 6.21041e-321 0.245873 8.59674e-322 3.41399e-321 2.17389e-321 1.77864e-321 2.60373e-321 6.35048e-312 1.58595e-321 1.28951e-321 4.06616e-321 6.41297e-321 2.07508e-321 9.18962e-322 1.58595e-321 1.91697e-321 1.72923e-321 2.63831e-321 1.30236e-320
5.11021e-312 2.55432e-321 5.12346e-321 4.07061e-320 9.872e-134 4.77267e-321 1.43674e-320 1.77379e-97 3.30785 9.41689e-321 7.75562e-91 3.56055e-74 2.06478e-186 4.19425 9.72368e-283 4.53783 1.89956 8.83585e-182 1.09004 4.41616e-104 9.57499e-321 2.84285e-320
2.16895e-321 8.46851e-222 1.72429e-321 1.12654 2.44223e-86 0.714762 1.02173e-320 1.96838e-86 4.57011e-321 2.11619 1.22691 0.767246 4.71017e-35 1.05384e-320 6.94047e-134 3.54245e-321 2.8557e-321 0.815862 5.48184e-276 3.76478e-321 1.04194e-35 2.65354e-256
9.21091e-197 3.34977e-321 3.0085e-173 1.53852e-320 1.71297e-159 2.64819e-321 1.21738e-320 5.29144e-321 3.42882e-321 0.0639755 5.00983e-321 0.368826 5.11607e-40 8.64847e-289 1.55532e-320 6.4525e-321 3.10273e-321 4.03158e-321 2.12369e-122 1.56248 2.28532e-22 3.90757e-320
9.73054e-287 3.22484e-38 1.91697e-321 9.03152e-321 2.283e-14 9.23054e-283 5.35073e-321 3.84597e-290 2.16895e-321 3.913e-321 2.75195e-321 2.70748e-321 2.03061e-321 6.47226e-321 8.16196e-321 3.23613e-321 1.24505e-321 2.60373e-321 1.75887e-321 2.3814e-321 4.25391e-321 1.05928e-320
7.04223e-26 4.77746e-161 1.83766e-304 5.11358e-321 0.0413503 9.58487e-322 2.39622e-321 2.17389e-321 1.15611e-321 2.08002e-321 1.9318e-321 1.87251e-321 1.69959e-321 2.20353e-321 7.15407e-321 1.44761e-321 6.96633e-322 1.14623e-321 1.26975e-321 1.34386e-321 2.29741e-321 7.72719e-321
7.54993e-258 1.45781e-77 1.86263e-321 1.12746e-320 0.0495428 8.79437e-322 3.92782e-321 3.48316e-321 1.61559e-321 4.19462e-321 2.11954e-321 2.16895e-321 1.69465e-321 5.47425e-321 8.02857e-321 1.9318e-321 1.0326e-321 4.52575e-270 1.6897e-321 2.72724e-321 4.34284e-321 1.03754e-320
1.61806e-191 3.25589e-321 3.70549e-321 7.62219 0.690745 2.5642e-321 3.55016 2.08343 7.53944e-321 4.35579e-282 7.73509e-12 8.51608e-184 5.70646e-321 1.25311e-309 6.46459 7.22818e-321 4.57011e-321 7.60409e-116 0.940407 8.96729e-321 2.85236 10.4025
0.0146062 0.0249356 2.50226e-10 3.35965e-322 3.25801e-171 3.95253e-323 1.67982e-322 1.08694e-322 7.41098e-323 1.08694e-322 9.88131e-323 7.90505e-323 7.41098e-323 1.4822e-322 3.35965e-322 7.90505e-323 4.44659e-323 8.39912e-323 5.92879e-323 9.38725e-323 1.33398e-322 4.34778e-322
6.42405e-39 6.52144e-74 0.296306 5.58788e-321 2.3862e-114 7.01573e-322 2.50985e-321 2.42586e-321 1.06718e-321 2.2233e-321 2.05531e-321 1.3241e-321 1.59583e-321 2.20353e-321 4.8369e-321 1.20058e-321 6.71929e-322 1.13635e-321 8.99199e-322 1.36362e-321 1.94168e-321 8.21631e-321
1.1197e-132 1.6124e-54 2.35022e-186 6.161e-321 0.219114 6.7687e-322 2.47033e-321 1.82804e-321 1.28951e-321 2.1146e-321 2.31223e-321 1.65512e-321 1.60571e-321 2.86064e-321 5.8448e-321 1.36362e-321 8.94259e-322 1.28951e-321 1.17094e-321 2.02567e-321 2.35669e-321 7.07996e-321
3.37104e-35 2.35333e-33 1.00783e-289 3.16027e-306 2.94616e-15 2.16895e-321 5.03843e-299 2.20336e-195 4.85172e-321 6.64024e-321 4.41695e-321 1.91531e-202 0.923272 1.06751e-73 1.44415e-320 3.66597e-321 2.94957e-321 3.61162e-321 9.39476e-153 2.28744e-57 5.80137e-132 2.42142e-320
1.48076e-105 3.02259e-125 1.48614e-170 4.39718e-321 0.653675 8.39912e-322 2.10472e-321 1.90709e-321 1.11165e-321 2.00097e-321 1.87745e-321 1.41797e-321 9.23903e-322 2.55926e-321 5.07405e-321 1.25987e-321 6.22523e-322 6.04535e-277 1.1907e-321 1.59583e-321 2.4308e-321 7.3517e-321
6.01412e-65 1.36001e-213 1.42718e-238 1.11807e-320 0.946489 1.27469e-321 3.85371e-321 2.43574e-321 1.57113e-321 3.21637e-321 2.82262e-248 1.84781e-321 2.28752e-321 3.59186e-321 7.79142e-321 2.15907e-321 1.31916e-321 6.75536e-283 2.29741e-321 3.35471e-321 2.94957e-321 1.16204e-320
