2.17389 0.238193
1.15349e-92 7.75356e-157 6.65463e-46 3.14562e-246 1.85607e-265 2.75355e-167 2.41816e-179 3.08333e-254 1.31615e-116 0.0461657 2.93832e-68 7.99737e-180 1.24999e-321 3.32256e-207 5.17279e-85 3.82858e-41 7.71409e-51 8.57761e-195 7.93717e-203 1.86587e-172 6.67941e-80 1.05441e-309
5.72027e-216 6.85556e-189 3.686e-46 9.2348e-34 1.00939e-60 0.583022 1.30181e-37 5.11702e-177 1.12202e-212 1.64775e-12 1.42401e-170 6.38376e-180 2.79014e-241 0.219022 4.92323e-72 7.72253e-97 1.13575e-88 1.18912e-43 1.7808e-314 3.44224e-94 3.19727e-40 7.16384e-210
2.35019e-75 4.7996e-81 0.0719099 1.53181e-191 7.56369e-314 2.00511e-154 8.32709e-195 2.98254e-215 1.5921e-179 3.48564e-177 4.66436e-124 2.012e-161 6.27463e-322 4.75515e-276 1.25357e-163 1.67521e-195 6.8758e-82 1.74396e-286 4.8496e-267 1.34945e-137 5.90157e-95 6.2907e-205
6.13328e-130 1.47682e-32 6.21878e-71 5.23646e-213 2.16968e-166 8.49869e-194 2.04868e-174 4.43362e-203 4.44143e-264 0.135174 5.10139e-78 8.39198e-132 1.03224e-289 8.35072e-250 3.26823e-120 1.34966e-63 4.18557e-99 4.28505e-173 1.68032e-278 8.28934e-159 2.37179e-44 1.15188e-260
8.07331e-196 4.84087e-228 1.6023e-70 8.56956e-242 9.63153e-186 6.81583e-145 7.7337e-132 3.48666e-133 7.27984e-240 1.11969e-159 2.42285 3.03889e-76 9.73483e-139 2.61332e-191 8.50323e-182 2.82352e-191 1.01122e-99 1.79988e-297 6.52162e-104 0.0986541 0.344327 2.42213e-214
1.98105e-217 1.7778e-149 2.83712e-100 6.59293e-242 5.94621e-163 2.97091e-103 3.763e-207 3.50276e-280 7.8132e-135 3.37094e-159 5.32211e-147 1.44194e-29 1.77522e-204 0.206872 2.82038e-194 3.48426e-211 1.34038e-40 4.49294e-309 1.78939e-247 3.38917e-137 2.55832e-44 0.126221
4.32306e-131 3.7139e-19 6.81029e-139 0.366523 0.313234 1.58784e-11 0.905574 5.2749e-272 5.90427e-178 5.28305e-73 6.79206e-06 6.49354e-49 4.86952e-102 1.32547e-263 4.07958e-19 1.84951e-229 3.01049e-77 3.365e-95 0.22656 6.09172e-171 4.6703e-124 1.25725e-138
6.26578e-158 1.17816e-195 3.4076e-42 1.35963e-177 8.39912e-322 1.81662e-168 6.35731e-95 8.50842e-62 1.14466e-43 1.14433e-72 2.2372e-54 0.220338 1.26069e-308 1.16242e-67 1.79191e-67 0.3313 5.07829e-61 1.63965e-242 2.16155e-142 1.15733e-48 9.20212e-48 7.39447e-256
7.20368e-78 1.27588e-218 3.3088e-28 3.3495e-109 1.0326e-321 6.31482e-147 1.08041e-22 5.014e-118 1.02962e-86 5.89956e-192 2.43377e-161 2.49268e-110 1.55721e-104 2.65033e-87 8.28596e-87 1.31428e-105 1.96471e-37 0.348946 8.61837e-248 2.85477e-122 1.2612e-86 0.112555
1.40429e-266 2.58855e-299 3.80667e-64 0.140261 3.43119e-193 5.67806e-190 1.61916e-30 0.293396 2.80648e-48 1.8085 1.49152e-71 7.54318e-14 0.589023 1.5046e-257 1.05572 3.67572e-171 1.02192e-10 1.03042e-59 3.18732e-234 2.18024e-29 1.52439e-39 7.48407e-218
6.4428e-179 3.45762e-197 9.45e-34 1.88252e-218 6.57604e-66 7.29006e-180 2.98045e-164 3.95747e-255 1.75168e-95 2.99528e-122 0.875009 2.55808e-80 2.56036e-291 1.12624e-234 7.53061e-96 1.02802e-254 0.305845 1.17761e-132 9.13075e-133 4.08519e-06 9.37018e-50 5.84127e-208
3.85268e-97 3.33133e-121 6.39594e-31 2.70559e-181 5.18769e-322 1.42841e-149 5.16055e-211 1.92067e-148 1.18099e-232 3.51655e-111 3.49456e-94 4.66992e-110 9.53547e-322 6.4209e-245 2.61272e-106 4.33818e-195 0.103424 1.38909e-251 1.7314e-185 3.08813e-64 7.97817e-123 9.19891e-269
1.06841e-113 4.14158e-193 5.8385e-46 4.61905e-100 3.0944e-88 2.91914e-242 3.08969e-256 6.9658e-224 0.488319 1.26503e-164 7.62575e-105 1.57426e-107 7.47451e-206 1.09854e-80 1.72255e-121 9.89601e-120 3.09454e-08 8.18417e-112 1.0627e-190 4.66238e-85 9.05864e-110 3.13862e-64
0.0055801 0.0222671 4.9833e-06 2.82924e-258 1.97626e-323 4.16916e-254 4.94336e-256 4.72638e-284 1.85934e-282 7.46297e-196 4.34497e-174 1.64797e-183 3.45846e-323 4.0622e-295 4.27904e-199 9.79452e-257 1.2671e-105 2.96439e-323 3.95253e-323 2.40573e-190 3.57871e-132 2.70832e-315
