2.38742e-73 1.20902e-55 3.16576e-35 0.162551 5.19463e-44 1.53651e-23 4.71339e-06 3.11058e-14 9.40457e-20 2.68399e-36 7.20277e-29 1.10332e-74 3.53961e-11 1.78816e-15 5.1179e-65 0.0252582 2.94727e-102 2.42276e-06 6.90648e-32 1.64145e-21 5.84069e-13 1.1647e-33
2.48025e-12 2.18324e-30 7.25476e-34 6.92725e-46 3.94611e-65 8.54224e-85 3.68625e-69 2.71825e-54 2.6153e-57 1.08129e-52 0.413338 3.16402e-84 3.88367e-42 1.0262e-76 6.19855e-80 5.56611e-47 1.03055e-75 1.50208e-58 1.04276e-41 6.19746e-60 1.43149e-52 6.39546e-52
1.10886e-09 3.23624e-06 4.4298e-26 8.59145e-22 2.4632e-29 9.77246e-81 3.81848e-16 5.89134e-69 0.299695 2.90019e-13 2.31539e-06 1.63544e-77 1.51669e-51 9.47327e-82 2.49092e-104 2.60129e-36 1.29098e-65 1.46448e-16 1.15346e-35 3.54188e-82 1.74902e-38 6.97524e-40
6.71508e-35 1.7862e-19 9.35879e-26 0.092095 1.22783e-64 3.8274e-25 6.23827e-61 5.61866e-65 1.97195e-36 1.97277e-13 3.58574e-24 4.49914e-66 2.13711e-38 2.97819e-63 8.97449e-102 1.92894e-48 5.47966e-105 1.11886e-69 5.26315e-17 7.01316e-33 3.21607e-57 2.37327e-42
6.46024e-09 7.72519e-66 1.14992e-59 1.68359e-42 3.77523e-25 2.7679e-11 1.901e-34 1.10102e-34 1.60443e-70 1.55954e-27 5.87265e-33 8.11909e-57 7.1963e-31 6.06159e-80 9.07266e-48 0.0326584 2.94372e-49 0.596087 3.14593e-48 0.117938 0.0967035 9.88859e-56
8.11039e-24 1.58258e-33 7.6407e-33 6.37317e-38 9.20179e-56 1.37881e-80 8.66299e-62 8.58786e-56 1.9296e-55 8.80684e-50 0.250867 1.84717e-67 1.55838e-40 2.40475e-72 2.73288e-103 6.56259e-58 1.29028e-84 1.78248e-52 3.6575e-54 1.84256e-54 4.85682e-47 4.86858e-58
1.05687e-56 2.30553e-26 6.36483e-42 3.22622e-16 1.90911e-66 0.0483936 0.293447 0.127657 1.50005e-29 0.00300033 0.0905231 2.07294e-47 0.000938881 3.44444e-56 0.294339 2.1495e-53 1.58951e-46 9.91406e-54 5.31604e-41 6.30858e-78 0.0019374 7.68967e-51
2.1191e-22 1.74617e-09 3.6931e-45 2.10381e-20 1.27363e-27 4.03842e-42 1.98838e-74 4.01213e-39 5.05467e-78 4.3913e-58 0.222857 2.29628e-82 1.70403e-37 6.89949e-54 6.59956e-85 4.66317e-46 2.54188e-80 1.34233e-67 4.31157e-51 3.7177e-93 1.99415e-78 1.25494e-33
2.49392e-30 2.05728e-58 9.27431e-59 0.254189 0.127864 1.33962e-86 1.15716e-36 2.29305e-42 1.26687e-39 2.42033e-09 1.08541e-23 1.99051e-72 1.0056e-28 5.72795e-79 2.90731e-100 5.71198e-48 7.24693e-38 2.0382e-77 5.32392e-56 3.43518e-24 2.76341e-64 4.63543e-32
0.000619792 0.000928893 1.99926e-40 2.04889e-21 7.71276e-25 3.49817e-75 1.00631e-51 5.88683e-66 2.74399e-35 1.26491e-45 0.137909 3.34671e-79 2.50883e-16 1.10881e-64 2.27555e-86 5.56381e-27 3.59119e-76 2.49432e-58 6.47467e-36 1.33188e-84 4.36641e-40 5.50117e-42
1.76434e-78 1.45525e-58 3.48021e-69 0.486541 2.76275e-53 2.74856e-40 3.7168e-62 4.62107e-61 1.07002e-26 0.0883367 1.97095e-30 4.96805e-95 0.223354 2.77193e-24 3.01326e-73 1.42788e-66 8.19559e-103 2.47687e-42 2.15483e-48 2.5667e-85 1.04612e-42 9.05081e-34
3.83515e-07 3.56588e-42 3.19442e-92 2.44183e-51 1.62392e-55 2.9215e-85 0.0264055 1.00424e-47 1.23287e-09 0.00569778 5.19808e-38 0.360113 3.83794e-14 0.0653656 4.6072e-19 4.61225e-39 0.0903366 3.13771e-46 0.0254656 5.07616e-17 1.6629e-67 0.0512903
2.88889e-92 2.351e-66 1.32012e-45 4.86486e-22 4.9843e-21 1.32002e-44 2.45399e-64 2.79296e-55 3.02321e-33 4.90841e-56 5.52017e-06 0.843116 1.26743e-43 2.52744e-39 5.30327e-30 5.29707e-44 4.70345e-98 9.75441e-49 8.98681e-30 3.26022e-83 9.09537e-47 6.81886e-16
1.54162e-17 1.19409e-25 0.29959 6.80703e-20 2.10965e-49 9.08457e-63 3.7059e-55 4.71031e-29 9.1628e-57 2.99245e-64 5.38293 1.44295e-100 1.46176e-32 1.72634e-102 6.9912e-63 4.12056e-53 2.1758e-95 2.87696e-41 2.02746e-57 2.48261e-49 1.74579e-60 1.45949e-27
