0.00292492 0.00187942 0.0019352 0.000660311 0.00213283 0.00110361 0.00818458 3.83034e-84 2.36348e-97 6.28677e-86 3.07818e-77 3.66234e-43 4.16561e-49 8.52257e-53 2.75001e-73 6.3117e-50 1.35897e-78 1.69072e-47 2.6385e-72 1.52056e-74 1.95983e-69 1.73933e-79 3.95006e-72
1.97236e-27 8.84829e-25 0.00298949 1.00381e-59 7.24624e-31 4.88482e-39 1.83766e-17 6.36213e-72 4.38067e-91 3.63922e-47 0.068903 0.0160211 0.411984 3.60592e-32 1.55665e-61 1.21235e-33 4.73639e-28 0.0263995 1.23327e-57 2.32804e-09 1.95116e-10 4.36081e-32 1.13311e-52
6.79033e-21 1.7224e-10 0.000347673 2.0142e-43 3.85246e-12 0.000490743 4.31535e-05 5.96658e-45 3.12957e-48 2.51884e-46 2.00723e-26 1.89833e-05 0.277992 1.02792e-16 1.36342e-32 2.51478e-30 1.07068e-60 0.96071 1.22492e-34 3.59142e-65 1.5786e-66 1.24379e-69 9.67443e-65
1.01004e-51 1.36945e-32 1.62163e-81 1.22047e-74 4.41711e-32 5.07713e-31 4.20733e-28 7.74476e-27 4.35423e-85 5.16295e-45 1.49942e-31 3.87691e-36 9.50033e-14 1.88654e-48 1.49786e-25 2.77357e-35 2.04905e-54 3.33071e-39 9.14696e-36 0.173425 6.74949e-18 8.13195e-27 8.84972e-21
4.00472e-48 1.09346e-78 8.58396e-13 2.96762e-64 1.02037e-39 4.54413e-46 1.86994e-47 1.30695e-66 8.23162e-07 0.109328 3.20609e-50 0.0104941 0.000811519 0.240958 5.84369e-36 1.07889e-25 2.02126e-58 0.282958 2.52092e-57 4.01673e-59 7.37553e-08 2.06148e-64 7.7439e-12
9.58763e-31 1.27369e-57 1.90657e-82 4.51325e-79 1.64496e-51 1.59837e-31 5.41909e-92 0.293719 0.0543775 1.88999e-79 1.55796e-24 5.09626e-13 8.78471e-38 3.63542e-27 4.75428e-58 1.86956e-33 0.540473 1.4308e-18 0.104806 7.22983e-54 3.14733e-49 0.0255594 4.13635e-43
1.6917e-23 2.03592e-26 1.37494e-51 1.51312e-75 8.10163e-12 2.48522e-44 1.35904e-27 3.6942e-33 7.58824e-56 2.35164e-56 3.79968e-29 5.83496e-39 0.0685347 3.8424e-16 1.21741e-48 8.3063e-32 5.45379e-33 0.00439617 7.98737e-49 0.178818 0.0809982 6.57075e-06 1.59328e-05
9.64551e-14 3.07327e-26 6.98948e-29 6.07854e-58 2.73149e-12 1.43881e-26 7.95955e-40 3.65865e-73 7.8944e-56 2.68583e-27 5.32577e-37 2.91363e-29 1.81098e-47 2.12767e-06 1.08474e-32 1.37784e-37 1.31811e-52 0.353127 3.43088e-37 2.79445e-70 3.90971e-21 2.20618e-55 5.5266e-62
2.53815e-58 4.52037e-27 1.1352e-79 1.63037e-60 4.89887e-16 7.92881e-83 5.451e-73 5.23018e-61 1.74589e-39 8.11216e-82 3.92906e-12 1.35207e-18 3.57213 5.38068e-37 1.18818e-46 0.0675623 1.08637 3.80731e-30 1.63782e-08 5.21511e-58 9.55507e-25 1.19262e-63 0.14378
3.91098e-55 3.39234e-23 2.67861e-32 2.10447e-10 5.97881e-14 3.02454e-40 1.45931e-58 1.25335e-62 3.71786e-42 3.0486e-14 3.01807e-68 0.00189155 1.76355e-41 1.90469e-38 3.07403e-32 1.16925e-25 1.65307e-64 1.30038 1.93933e-68 1.7955e-55 7.24064e-39 2.85642e-34 6.69995e-57
1.7636e-23 4.47754e-82 5.78194e-68 1.42842e-56 6.14969e-40 3.46539e-16 2.37138e-77 1.78032e-48 8.35816e-56 4.15678e-68 6.35374e-17 2.32921e-27 5.80587e-24 9.31488e-51 0.0698106 3.49385e-33 8.09114e-10 1.0032 1.47825e-67 3.73804e-18 2.64235e-28 2.58839e-34 2.91581e-19
1.03449e-46 3.10043e-17 7.62622e-45 0.120301 5.22112e-31 1.96978e-12 1.33191e-68 3.42054e-72 3.91281e-43 3.8249e-17 0.000832966 1.22685e-27 1.3832e-16 2.22648e-20 6.25032e-42 8.32968e-17 2.42725e-35 3.69164e-32 1.79529e-56 1.74642e-52 6.359e-28 4.18942e-71 5.09027e-42
