5.2001 0.488198
3.06802e-36 3.13732e-321 2.28258e-321 2.4319e-224 0.356534 1.27172e-320 1.82705e-320 2.70649e-208 1.28469e-247 1.86062e-35 1.53062e-320 3.79848 4.14467e-198 2.27621e-184 8.68861e-156
1.60732e-88 3.49798e-321 1.80445e-226 3.54015e-51 2.4061e-321 1.44439e-297 2.506e-235 5.00983e-321 4.90127e-157 1.89913e-217 3.45155e-232 0.2156 6.22523e-321 1.56892e-296 2.53725e-237
1.59583e-321 1.88733e-321 2.26925e-223 2.73903e-194 1.57607e-321 1.00147e-320 1.44317e-320 3.30598e-185 1.14077e-303 2.8804e-321 7.50071e-275 3.08891e-66 6.69459e-321 1.93674e-321 0.115924
1.25064e-140 1.48318 0.891855 18.35 3.98217e-321 5.36339 9.69595 1.95418 7.73184e-281 5.333e-296 2.82714e-58 0.146955 2.23237e-141 6.24238e-196 5.43472e-321
2.16401e-321 2.29246e-321 2.32336e-137 6.65945e-180 0.425467 1.20799e-320 2.11262e-320 4.922e-282 0.756882 1.20956 3.24468 1.27579e-05 2.12143 2.65807e-321 1.81356e-294
1.54627e-218 3.19166e-321 1.9812e-321 6.91047e-87 1.75887e-321 1.06335e-144 2.04642e-320 2.0959e-179 0.206035 1.71146e-209 1.37696e-320 2.46858e-37 7.71236e-321 1.05879e-248 1.01969e-43
1.41609e-60 1.52666e-321 1.06718e-321 1.08925e-270 1.3488e-321 5.34085e-321 1.14673e-320 8.0928e-321 8.37827e-249 1.75393e-321 7.34676e-321 0.718359 7.3015e-201 1.32904e-321 3.1815e-257
6.30938e-218 2.14919e-321 1.67488e-321 4.73513e-320 2.71736e-321 1.01975e-320 1.81619e-320 8.11098e-209 0.114976 3.35403e-251 2.63777e-174 1.84667e-177 1.61318e-121 3.37654e-58 0.489739
2.51794e-80 1.87251e-321 2.05531e-321 1.68036e-224 1.57607e-321 4.50276e-273 2.33742e-320 9.96685e-254 1.65155e-160 2.6729e-321 9.88131e-321 8.66532e-37 1.33683e-254 0.162891 1.35802e-194
3.69173e-294 1.51184e-321 8.89318e-322 2.55432e-320 8.59674e-322 4.43177e-321 8.17679e-321 2.49009e-321 1.93172e-161 1.75393e-321 6.34874e-321 0.450168 4.15015e-321 9.56156e-264 1.67488e-321
1.4317e-116 4.50094e-321 1.78358e-321 2.04502e-281 5.97532e-134 2.66591e-303 1.36609e-320 3.10767e-321 5.35156e-186 3.20649e-321 1.08546e-320 1.98289e-158 7.58475e-160 0.0420527 6.56145e-173
0.48919 3.54245e-321 4.80625e-94 2.88048e-289 2.13616e-254 1.35374e-320 8.2162e-239 7.28742e-34 2.54901e-301 4.05628e-321 2.47406e-275 9.09104e-178 8.46829e-321 6.51497e-186 1.35095e-198
7.5666e-71 1.04248e-321 9.58487e-322 4.87872e-242 1.2401e-321 6.161e-321 7.18866e-321 1.58101e-321 6.31809e-233 1.65018e-321 9.289e-281 0.684916 3.17775e-279 1.36362e-321 1.62054e-321
2.90984e-112 9.33784e-322 9.53547e-322 1.10546e-242 9.33784e-322 4.55034e-321 6.47226e-321 1.42785e-321 1.9881e-284 1.3735e-321 4.68374e-321 0.349035 5.4241e-253 3.5257e-225 3.3997e-259
2.68278e-321 2.92981e-321 2.37938e-200 6.31782e-158 5.36845e-317 1.52963e-320 1.9993e-195 7.78647e-321 3.38558e-186 4.16003e-321 2.66068e-219 1.27605e-119 1.84634e-310 0.486011 1.48687e-87
4.47008e-309 1.10177e-321 7.85564e-322 1.32427e-314 8.64615e-322 4.58493e-321 6.41791e-321 1.39327e-321 1.34893e-190 1.07706e-321 5.60765e-321 0.818479 3.11261e-321 1.09416e-240 1.41797e-321
