1.96116e-101 1.52406e-270 1.46137e-152 0.146741 2.42379e-318 3.8503e-96 3.29619e-223 3.29951e-245 5.92872e-35 1.35234e-91 4.88631e-321 5.03858e-319 2.37152e-321 3.60981e-207 0.00173358
2.26173e-244 1.4651e-32 3.89251e-136 2.9015e-157 4.67113e-260 0.0388097 4.48114e-273 2.09978e-321 1.18053e-159 5.16074e-215 3.18672e-321 9.85327e-217 1.34016e-318 6.45271e-308 2.62856e-83
0.103022 9.17797e-93 8.37749e-164 8.67527e-135 0.541037 3.17805e-104 7.07043e-264 4.01181e-321 1.28585e-24 1.89073e-128 7.85335e-196 3.01258e-313 4.15015e-321 3.09229e-148 0.0373003
1.23516e-322 1.13406e-294 6.6702e-274 2.28871e-173 1.23516e-322 8.90095e-267 5.92879e-323 1.92686e-322 3.47004e-254 1.92686e-322 3.16202e-322 1.96144e-321 2.02567e-322 1.82804e-322 3.97551e-180
7.98374e-77 0.491232 7.85432e-160 3.74781e-94 1.87745e-321 0.134025 9.73309e-322 5.60306e-134 0.294427 1.71626e-172 5.08888e-321 1.54191e-143 3.92288e-321 6.40091e-263 5.24621e-191
1.08694e-321 1.69189e-81 1.15469e-223 2.25447e-40 9.98013e-322 1.52797e-178 1.22866e-243 3.03232e-229 3.11405e-228 1.68476e-321 2.60867e-321 4.67401e-319 2.44562e-321 7.98876e-201 1.23756
6.32948e-308 4.17455e-208 1.74479e-15 2.19147e-26 1.87133e-152 2.15282e-32 2.57334e-189 3.13056e-226 4.29574e-162 0.226054 6.0029e-321 6.96983e-184 2.12215e-307 2.56626e-316 2.48536e-144
2.916e-31 2.66286 8.56566e-253 2.25043e-46 2.41598e-321 1.87822e-125 0.257595 3.963e-131 2.44173e-52 3.30036e-321 7.51474e-321 7.61773 1.17476e-295 0.606288 4.76566e-36
0.275149 3.90915e-268 1.30569e-114 1.89494e-74 5.27593e-192 4.06474e-29 1.21854e-263 2.99898e-321 2.79029e-20 0.343722 6.69552e-267 4.94148e-207 8.02987e-219 4.27073e-185 1.12657e-71
1.16561e-162 5.86167 2.14768e-207 5.17677e-185 3.86204e-51 5.24198e-74 1.92074e-191 1.5302 6.04791e-98 9.57398e-126 3.10056 6.51475e-320 1.98279 2.58906e-06 1.48061
1.37084e-220 3.19717e-275 2.66477e-193 1.16028e-73 1.44152e-152 7.3214e-236 7.31217e-322 1.48211e-260 0.564076 7.44387e-259 5.08888e-321 1.13574e-284 3.07141e-144 1.31631e-78 2.95589e-09
1.277e-303 3.18709e-50 2.21008e-190 6.14549e-100 2.06063e-157 0.130037 6.42285e-322 2.15413e-321 1.68557e-118 6.16646e-180 5.1315e-292 1.73039e-291 7.38134e-321 6.24904e-187 7.63929e-126
6.66639e-298 9.19134e-23 0.630487 2.33868e-170 3.10294e-223 4.98764e-33 2.43884e-64 7.56045e-214 0.150757 2.92107e-225 6.67483e-321 3.09712e-85 3.2806e-321 8.115e-263 2.6555e-190
4.99434e-79 0.393998 1.90222e-207 2.00582e-94 1.3241e-321 4.59671e-16 6.37345e-322 2.20847e-321 5.98659e-197 3.38678e-92 3.54245e-321 4.77985e-285 2.19365e-321 1.22587e-223 0.000578043
5.07706e-46 1.88214e-192 4.34138e-136 7.243e-128 5.61841e-204 1.13433e-117 3.96041e-79 1.50992e-201 2.48747e-219 2.20293e-228 2.04563e-261 7.45383e-188 9.8777e-297 3.55023e-198 0.247042
3.5979e-314 4.01906e-274 7.50493e-234 4.50094e-67 4.93503e-216 1.10284e-90 4.99006e-322 2.03555e-321 3.85416e-206 7.26613e-130 3.11261e-321 1.57755e-320 2.18377e-321 1.62601e-221 0.238299
