2.44681e-12 0.00271299 0.0118773 1.11383e-08 1.99987e-55 1.94575e-32 3.32955e-40 1.12e-40 1.16382e-42 4.49612e-35 1.29278e-61 3.40458e-09 1.884e-30 9.94802e-34 6.17183e-16 2.95922e-63 1.31973e-99 0.0616734 6.45163e-34 0.432767 2.24142e-06 0.080251
1.28771e-28 1.74966e-37 1.63845e-45 7.07495e-30 9.84542e-14 0.106977 1.79227e-14 3.72276e-35 1.18466e-44 1.09318e-15 7.38963e-53 1.2363e-30 8.93357e-46 2.41239e-29 0.0133513 7.368e-86 4.84626e-75 2.63515e-18 0.12607 3.269e-43 1.58441e-08 6.2793e-25
0.0866704 4.81155e-28 1.87927e-21 1.65155e-20 7.51185e-38 3.57389e-19 0.0113139 5.80986e-39 2.38575e-30 1.94183e-40 9.05045e-40 4.73452e-10 1.55876e-50 2.1584e-42 1.20913e-23 2.78434e-84 2.21225e-55 0.017301 0.250414 5.01362e-32 1.22364e-32 3.12919e-40
1.41845e-06 0.0155395 4.64155e-23 2.34344e-09 1.05139e-17 6.20702e-24 1.67528e-17 4.75887e-17 0.0145932 2.62988e-10 1.95708e-06 3.41347e-47 1.40949e-44 6.03463e-47 2.67461e-19 2.54e-64 1.78352e-84 5.94871e-21 1.89538e-39 2.62705e-46 1.06874e-41 5.29785e-53
2.01269e-41 5.65437e-05 1.65781e-19 3.49391e-41 1.79079e-12 6.96047e-59 3.98691e-17 0.0895108 1.80596e-06 1.53459e-59 2.98116e-13 2.53449 1.57625e-26 5.29806e-48 7.90174e-11 3.43617e-71 3.80057e-73 5.93028e-17 4.04251e-07 7.09687e-21 3.49451e-37 1.05193e-20
1.85102e-10 3.35075e-05 0.00742597 2.43037e-20 4.55084e-06 7.44609e-29 4.46745e-13 2.09594e-28 2.6764e-17 8.56932e-19 4.39168e-05 1.25691e-33 1.31126e-22 2.99676e-42 4.72747e-06 4.36751e-70 6.58499e-98 2.19972e-15 6.40686e-41 3.69759e-43 1.18645e-18 7.62264e-44
4.76784e-26 2.39083e-23 5.71131e-46 1.79028e-24 2.46371e-40 1.96941e-24 1.82525e-14 3.1264e-27 8.11075e-23 3.0729e-39 1.13657e-34 0.703003 1.01331e-08 9.81644e-17 8.48156e-22 4.58004e-47 3.87792e-74 5.19203e-33 3.21999e-11 1.10843e-28 7.57252e-36 3.64567e-43
1.44296e-15 5.90313e-13 3.92125e-32 0.0348577 7.49509e-07 4.67882e-16 6.54366e-07 8.19702e-20 8.03154e-18 0.0234462 0.0015533 2.69433e-56 2.30121e-53 2.06522e-37 5.56567e-14 1.3109e-67 2.36745e-78 5.7189e-24 2.91626e-40 2.47424e-53 2.49699e-38 4.62946e-39
1.42614e-17 1.43379e-43 5.63099e-30 3.16832e-27 9.50582e-35 6.15769e-33 1.59866e-08 6.75244e-49 1.39691e-06 2.07673e-53 1.25907e-19 0.376925 1.07109e-37 6.28028e-14 1.8139e-21 4.9901e-73 4.08006e-61 2.43801e-07 4.1491e-23 1.88488e-32 1.05827e-28 6.05463e-13
2.95627e-30 9.6596e-17 2.09863e-15 1.99391e-22 1.73228e-36 1.71711e-22 6.37536e-11 1.01517e-30 4.97991e-37 8.17271e-20 5.86532e-37 4.38178e-34 0.00748199 0.0876171 1.85046e-20 1.27426e-87 1.85924e-43 4.2174e-06 3.16735e-23 3.53346e-05 0.0118387 1.09586e-50
2.62357e-49 4.77557e-27 4.114e-60 2.25311e-68 1.1972 5.18131e-30 2.45065e-52 7.82767e-68 8.64569e-64 3.18608e-113 7.0828e-51 3.82181e-13 2.54251e-07 2.7704e-37 3.38429e-20 0.0923597 0.0866391 2.38933e-26 0.00051751 2.2147e-47 9.17053e-30 2.05513e-17
