2.43706e-200 1.84743e-83 1.83448e-136 1.03155e-139 2.1541e-205 0.00670311 6.62396e-34 6.17286e-113 1.59235e-213 1.13681e-217 1.77468e-84 3.02126e-156 7.34191e-96
1.43387e-88 1.03985e-199 1.02627e-106 3.36476e-109 1.81322e-321 5.2753e-100 2.49658e-100 5.55158e-123 2.63773e-230 4.43704e-106 0.039307 1.0052e-25 1.35123e-197
1.28327e-166 5.40841e-211 0.182991 4.2834e-22 4.08227e-268 1.31409e-120 0.192401 5.40257e-119 5.18603e-313 3.56513e-159 4.12195e-10 2.11367e-98 1.4153e-21
0.0515644 0.016236 9.81074e-231 3.32563e-194 2.06304e-318 6.00273e-164 2.40528e-154 7.19041e-161 2.42092e-322 5.55104e-223 1.07179e-264 2.04881e-246 7.89969e-181
8.07322e-139 1.06921e-277 1.54176e-74 0.283486 1.61065e-321 8.23821e-152 3.14552e-69 0.438543 3.0557e-232 9.80552e-99 1.27847e-267 2.31168e-115 5.78714e-70
7.6834e-70 1.20415e-69 3.18802e-123 4.88004e-201 1.26464e-220 2.37946e-22 1.0469e-77 1.11479e-128 6.53442e-224 1.00414e-106 1.93585e-34 1.62783e-37 0.167881
1.37481e-230 4.96384e-74 0.151796 1.60031e-83 3.0907e-150 1.44712e-76 2.9728e-113 5.9599e-158 2.37646e-321 1.7077e-183 8.15066e-17 1.58886e-42 1.60213e-142
2.12746e-106 4.59115e-75 1.82451e-84 2.23813e-187 2.05191e-211 5.75502e-141 9.50001e-40 0.252155 3.13285e-147 3.70406e-165 5.10988e-08 2.6231e-95 0.00657695
8.98427e-23 2.08652e-220 2.39126e-201 4.93671e-150 1.7594e-237 2.53129e-142 0.307561 3.79424e-145 1.43444e-270 8.23328e-186 1.08347e-235 5.4632e-128 1.42524e-198
6.5433e-165 5.60599e-202 2.47086e-213 2.54356e-35 1.10336e-152 0.489396 1.88999e-163 2.1139e-48 3.10273e-321 4.30353e-159 3.27406e-66 2.45258e-13 4.07061e-83
1.95241e-37 2.0056e-77 0.358421 1.95774e-102 2.89236e-137 1.346e-143 2.40757e-88 2.73147e-19 0.87536 0.743319 1.0724 3.09931e-214 9.3354e-84
3.20383e-170 9.46927e-224 8.95581e-141 1.15604e-186 6.04355e-229 4.19866e-131 5.07806e-79 1.61063e-25 1.46748e-167 6.25616e-229 0.0327504 4.48789e-179 1.37903e-83
5.39261e-157 1.11165e-321 1.79745e-158 1.14862e-43 0.429024 7.26423e-56 3.37414e-166 1.20057e-14 5.50173e-245 1.96856e-115 8.67896e-47 0.278294 2.41566e-99
