1.63651e-146 0.202004 2.52991e-210 5.87104e-30 3.20032e-91 6.89976e-210 5.42009e-116 1.25795e-71 1.42395e-99 1.11244e-151 9.56322e-08 1.23632e-106 1.01887e-71 6.03486e-62 2.03702e-127
1.81327e-90 5.55712e-25 1.1926e-128 1.93956e-73 9.5932e-120 1.6343e-132 6.15531e-187 7.95104e-50 6.79555e-201 5.8989e-110 7.86057e-132 1.36838e-79 0.500856 6.7468e-54 1.02947e-122
5.28894e-104 1.28708e-87 0.1155 3.68809e-75 2.17715e-158 2.60024 2.91657e-62 1.40916e-152 6.50723e-100 8.11998e-37 3.72339e-16 3.56268e-99 1.58776e-60 5.60296e-38 1.12967e-97
4.75855e-56 3.23388e-99 2.04606e-150 4.14259e-84 8.32845e-87 7.76823e-134 1.59501e-261 1.3567e-165 6.24094e-139 1.21108e-101 0.0271679 4.3046e-104 7.10479e-174 1.6776e-171 3.27912e-172
5.80989e-66 7.03266e-16 9.84483e-81 5.53085e-57 4.11945e-67 2.10205e-159 2.74272e-155 5.69615e-106 2.31889e-170 0.0952319 0.448529 3.72866e-169 0.0312003 2.15003e-79 2.44066e-160
7.22787e-09 4.06523e-49 1.69273e-159 3.25634e-83 1.35668e-141 4.47596e-190 1.03763e-106 8.70132e-74 8.83053e-31 2.13767e-76 4.28027e-121 1.65031e-65 8.08833e-179 0.0285831 3.16724e-142
4.43091e-81 4.61457e-83 1.27375e-72 4.83737e-08 0.125397 0.169083 1.7027e-86 3.19458e-122 0.0865026 2.83682e-115 1.95707e-77 9.08885e-129 3.07379e-54 0.0826771 1.99751e-161
1.42342e-166 7.12087e-49 3.67088e-152 3.66056e-64 7.82796e-69 1.72302e-195 1.00972e-268 0.209889 9.4464e-139 1.75946e-70 0.245647 2.00854e-24 9.27152e-54 4.68593e-24 9.51858e-116
4.72662e-26 5.63571e-117 1.4216e-229 0.0306122 6.47442e-141 1.21717e-63 5.22347e-149 1.01716e-54 7.96529e-134 1.39191e-36 7.21532e-125 2.01546e-161 1.10466e-106 7.60019e-103 2.37665e-212
0.231269 2.99852e-66 5.1223e-167 0.331775 5.16896e-70 9.44285e-207 1.00354e-157 0.0403913 1.71134e-34 4.30103e-90 3.23185e-11 0.226945 1.47287e-86 3.88491e-54 1.06382e-131
8.32541e-121 0.450946 1.43446e-142 2.73691e-130 2.88523e-37 0.0247048 0.544751 1.26839e-62 1.55373e-55 3.61543e-49 0.432398 1.97894e-06 1.82616e-60 9.92332e-96 0.53521
