2.15185e-72 1.12756e-39 5.38701e-11 2.27881e-26 1.50543e-21 4.33704e-58 7.12557e-16 1.57782e-39 1.40418e-30 1.50659e-39 1.14375e-54 3.35575e-11 2.85574e-32 9.45518e-41 0.272936
0.290526 0.015294 7.90652e-21 6.13556e-28 0.0105236 7.60305e-43 1.3374e-49 8.08755e-53 1.39469e-12 0.159232 0.0497104 6.62986e-29 1.27126e-57 1.45507e-30 4.84166e-20
3.13678e-22 0.00862049 1.18005e-38 7.3835e-09 0.017309 0.115836 1.52283e-27 0.129355 2.27227e-17 1.50402e-55 1.72373e-14 0.159659 4.03137e-29 1.00259e-63 4.00373e-12
4.31218e-60 1.16199e-24 1.01945e-40 1.0456e-24 0.000949675 1.81e-71 6.31527e-20 5.01396e-19 2.46503 5.81492e-81 0.00511851 1.74122e-31 0.0307929 0.0981884 2.70167e-45
2.96309e-71 3.67096e-39 2.67307e-09 3.73705e-08 2.07737e-43 5.01466e-72 5.86507e-43 3.7617e-48 6.32312e-54 1.46193e-74 2.03585e-56 0.308999 0.00612681 1.45627e-66 7.66164e-30
3.91006e-35 1.14864e-39 5.83697e-49 1.94184e-15 8.34095e-42 6.26283e-31 1.09357e-41 5.38203e-29 0.856938 3.06812e-43 8.22707e-59 2.19552e-14 1.32273e-57 7.12737e-47 1.35805e-22
7.6263e-63 2.79744e-18 1.29537e-22 0.0323593 2.59157e-22 1.68564e-61 6.88602e-51 9.557e-49 2.42063e-42 1.56062e-38 1.1028e-35 0.377942 2.41912e-39 3.76888e-22 7.48005e-36
9.33229e-22 1.49026e-24 0.419565 2.17923e-28 9.71097e-42 4.09134e-47 1.19793e-45 3.00749e-50 4.80122e-49 9.19616e-25 5.43545e-62 0.000255376 1.36657e-25 1.14232e-14 0.00165788
7.21676e-37 6.70739e-40 1.77466e-31 1.67567e-14 5.49217e-16 7.36277e-46 0.0273212 6.45213e-41 2.09004e-52 7.58349e-62 2.38478e-39 8.65114e-45 7.43603e-61 2.9667e-27 0.320519
4.96251e-37 1.02823e-33 1.66516e-22 7.44859e-15 2.17436e-29 0.160821 1.73321e-56 2.17687e-13 6.79314e-11 2.24324e-80 2.97199e-62 1.31555e-34 8.24186e-32 1.98196e-43 4.59634e-09
7.10392e-27 4.75448e-30 5.17605e-34 2.27448e-36 3.61884e-52 6.56265e-28 6.59418e-26 1.86916e-47 0.692386 1.1961e-29 5.78199e-29 2.07184e-07 3.16792e-44 1.8973e-41 6.86831e-49
