5.46931e-321 7.58406e-154 1.35004e-287 1.05106e-89 6.73689e-30 1.08726e-251 0.449885 6.42214e-80 8.33467e-116 1.5544e-112 2.69266e-321 1.52041e-21 2.02073e-321 3.94977e-238 5.15436e-27
1.18129e-169 0.285841 7.74988e-256 2.20009e-248 2.47647e-228 3.59081e-185 2.92738e-185 2.32262e-51 2.43214e-47 6.9448e-96 2.02567e-321 1.41778e-172 1.91787e-198 1.3061e-266 8.95934e-171
3.45352e-321 7.96928e-321 5.37792e-273 9.12599e-84 1.66861e-219 1.66532e-294 0.09169 1.12703e-66 1.25002e-27 3.52005e-84 1.13141e-321 1.25903e-125 6.24151e-292 1.27617e-320 3.76166e-109
3.25095e-321 5.59945e-233 3.42199e-83 0.328787 3.84887e-263 8.38833e-64 4.96129e-180 7.17402e-54 0.595285 0.0650304 2.34187e-321 9.6286e-31 4.78498e-238 1.26044e-312 1.62142e-141
3.6215e-321 1.0736e-320 1.09963e-193 7.6466e-158 3.17416e-222 1.84738e-151 6.33526e-114 1.61156e-142 8.55102e-89 0.173476 1.55093e-305 9.39743e-158 2.23784e-312 1.3241e-320 1.46312e-187
3.46834e-321 8.58686e-321 7.94422e-159 9.39488e-150 1.33672e-267 8.93293e-163 0.154071 7.8573e-49 1.2453e-132 7.59339e-211 1.05236e-321 2.87218e-185 1.38832e-321 7.9841e-321 1.32971e-201
3.58692e-321 1.82009e-122 3.35777e-264 2.69349e-209 7.75725e-119 2.28332e-176 0.629964 3.61051e-161 3.26407e-131 1.75263e-216 1.35374e-321 4.05523e-191 2.03816e-277 1.54198e-320 0.353609
2.89522e-321 7.70588e-212 2.37753e-134 1.06744e-27 1.71126e-173 8.72464e-108 6.12854e-188 1.09422e-24 4.19185e-73 0.0251569 1.5316e-321 1.29299e-199 3.49803e-315 1.11264e-320 2.45424e-133
1.71982e-295 3.54157e-137 1.93066e-248 0.130452 3.18551e-178 4.99093e-213 1.20884e-55 2.33443e-186 2.29467e-156 9.16969e-136 1.57607e-321 2.44779e-205 7.60525e-234 1.47528e-320 1.9981e-177
2.03555e-321 5.78057e-321 3.13786e-240 2.13648e-124 6.25554e-131 1.7506e-266 1.09422e-96 2.98502e-74 2.43808e-186 4.91369e-219 8.89318e-322 6.98875e-209 9.43665e-322 5.56318e-321 1.06722e-175
2.11553 4.74675 0.74828 3.30676e-154 0.668561 1.07138 5.34203 0.51891 1.50406 3.62912e-83 0.925126 1.22913 0.890745 7.59896 1.25091e-43
