1.63735e-51 2.84406e-154 4.19203e-34 4.28762e-93 4.31972e-67 7.44565e-105 1.46179e-62 4.95239e-64 3.06179e-133 0.00907223 0.845049 6.40045e-115 4.01378e-92 2.33057e-92
9.46509e-36 1.04365e-214 1.73961e-214 5.58704e-40 1.77246e-169 1.34159e-135 5.81496e-181 8.05279e-161 2.87241e-142 1.86963e-27 2.90008e-109 1.50099e-60 1.27553e-94 0.786762
9.29043e-41 0.0133794 5.53321e-114 2.04983e-98 1.94763e-124 2.49093e-32 1.22658e-79 1.75936e-98 3.13773e-140 9.9449e-43 0.272649 2.54992e-87 6.63917e-217 5.64086e-100
1.22478e-08 0.0192503 3.24527e-10 0.0384895 0.0125147 4.26841e-09 0.0101641 5.88528e-160 8.20019e-181 3.04569e-120 4.0384e-148 1.16625e-109 1.89454e-218 4.84111e-242
1.17657e-46 2.08902e-171 7.53151e-79 7.02744e-21 1.23565e-196 2.08564e-132 3.86958e-47 3.47285e-17 4.86134e-66 0.0814578 0.0781585 0.123553 6.43321e-47 4.5632e-180
2.7152e-138 1.13015e-69 1.1803e-167 3.34652e-135 9.55354e-52 9.36719e-36 1.04922e-54 4.55932e-157 8.48146e-147 2.08488e-108 3.51591e-148 1.36575e-16 0.348026 6.55503e-59
0.503302 3.97635e-11 0.000119665 9.55819e-23 3.1741e-21 2.73381e-17 4.7804e-07 2.42873e-147 1.91161e-175 8.026e-114 2.27998e-133 3.19102e-114 1.43147e-209 2.54059e-221
4.98173e-60 1.73921e-70 3.62128e-58 1.3533e-09 3.20853e-102 7.09401e-63 2.03859e-42 9.00144e-170 2.73275e-115 3.08996e-23 0.471774 9.23277e-102 1.712e-123 8.09393e-125
2.83303e-94 6.97067e-47 9.03628e-94 1.44107e-17 7.24184e-131 8.26461e-59 1.03282e-101 1.16634e-74 3.20372e-157 2.84742e-82 0.884688 2.47743e-25 6.00769e-213 1.59113e-187
4.68667e-65 1.19861e-18 6.58047e-45 1.16345e-29 3.55696e-60 9.02081e-53 1.40206e-24 6.9229e-135 4.15991e-163 1.01887e-68 1.32325e-153 1.81194e-82 6.30742e-223 1.14017e-197
5.92523e-86 3.74923e-21 7.07594e-192 6.60072e-170 9.82319e-26 1.43761e-66 3.40478e-150 1.56283e-155 3.38021e-137 5.7735e-39 2.08703e-41 9.09853e-35 0.585391 4.51446e-193
6.82112e-122 1.35179e-114 2.8107e-171 2.01937e-24 1.1394e-203 8.68818e-53 8.5136e-135 0.133982 3.57436e-116 5.18515e-79 2.48193e-17 2.46817e-40 1.93606e-67 0.0106624
1.18244e-136 4.74063e-194 2.63236e-66 3.92167e-111 2.40154e-135 1.32898e-08 4.24264e-165 1.1229e-61 0.199602 2.3107e-59 2.33664e-104 9.21226e-62 0.739424 6.17118e-100
2.2466e-91 1.00986e-119 3.53942e-54 2.95146e-25 2.71011e-101 0.0010989 1.21676e-49 1.157e-82 1.21206e-128 8.48766e-106 0.189809 2.96777e-48 4.14669e-131 5.96901e-176
7.13871e-86 7.67986e-112 1.86922e-05 2.34713e-20 3.18542e-32 3.65041e-70 9.69347e-98 2.93467e-106 2.25669e-83 5.20401e-63 0.543668 5.39981e-63 1.5586e-198 3.96983e-184
8.16334e-17 1.34608e-25 0.0152986 2.05204e-24 9.44764e-09 0.0521424 3.49941e-19 3.7583e-161 2.78566e-161 4.00503e-102 1.92652e-149 1.58412e-109 7.04078e-195 1.42711e-218
2.61113e-180 6.16828e-54 2.43785e-57 2.80725e-101 7.50225e-230 5.70589e-133 7.80041e-22 4.58971e-104 1.75596e-164 5.41398e-118 3.93268e-153 1.39238e-47 1.81138 0.195341
5.59593e-181 1.79808e-81 1.18269e-108 2.00571e-130 1.29595e-41 2.69501e-122 5.24522e-134 7.90686e-168 4.66507e-53 3.72378e-14 0.384339 1.27198e-69 7.32784e-143 2.10632e-11
