1.49478 0.269327
6.30078e-103 5.60542e-234 3.31875e-32 4.19309e-276 3.47164e-87 2.49662e-57 1.4828e-101 1.30745e-104 1.80128e-137 3.94889e-108 7.16775e-278 2.42503e-211 2.3774e-67 2.80851e-187 1.91919e-55 9.7311e-234 3.01546e-178 0.00279433 4.2661e-160 0.234035 1.13368e-184 1.78424e-170
9.72918e-180 1.26825e-273 1.82942e-12 7.14851e-77 4.63523e-119 4.69094e-213 5.20478e-157 4.68427e-163 6.8763e-203 4.37555e-175 1.10237e-169 3.09163e-290 6.19975e-20 9.17223e-121 1.63256e-187 0.0965499 7.61564e-99 0.462604 0.0433764 1.89256e-193 1.62952e-152 4.17038e-39
4.60889e-84 4.10183e-124 1.64927e-121 7.52962e-36 4.0038e-221 3.05856e-23 0.000102829 5.75391e-153 1.69759e-71 2.39525e-129 1.17326e-297 5.1852e-183 7.90256e-59 8.62258e-223 4.86132e-136 5.13544e-18 3.32267e-255 0.128113 1.30508e-21 9.44307e-189 5.38756e-106 1.23274e-102
4.66737e-08 1.08682e-173 3.75286e-186 2.41465e-73 1.16166e-12 3.0424e-117 2.86131e-192 8.68631e-257 5.42211e-158 2.20602e-11 6.97271e-197 0.205929 0.373678 1.73236e-131 2.4946e-158 2.03052e-250 1.59902e-264 2.22169e-138 5.90473e-207 3.3237e-39 4.24438e-119 2.18179e-245
1.10546e-203 3.66961e-160 1.80511e-44 4.10637e-316 9.57215e-173 2.42445e-89 2.76903e-182 1.50732e-215 1.48307e-92 1.14642e-205 6.08959e-69 1.06408e-235 1.76443e-120 1.48464e-231 2.05558e-35 6.31104e-152 0.0787122 1.75761e-15 1.05635e-89 1.53117e-214 2.30471e-210 2.52028e-38
0.00173482 0.00324788 0.00169574 0.00852902 0.00196411 0.00175015 0.000986254 0.000101848 0.00314707 0.00182812 0.00169769 1.69342e-300 9.5628e-181 8.02636e-293 1.23072e-268 0 1.26368e-305 5.56638e-215 7.25051e-266 3.81893e-229 2.02014e-223 6.5763e-266
3.27348e-169 2.00013e-249 6.66124e-265 9.29337e-321 3.89106e-224 6.87281e-239 1.21456e-304 5.57655e-102 9.71184e-192 1.74637e-111 1.35628e-260 2.25453e-41 8.86126e-16 3.64293e-58 0.224567 1.06422e-134 9.5464e-67 8.68235e-75 0.0415947 2.4354e-128 2.1619e-202 0.322698
1.06939e-110 2.06742e-74 4.01969e-119 1.03809e-280 0.00664103 1.63299e-157 1.23487e-13 5.85917e-188 4.00001e-109 0.00016367 4.75357e-228 5.34524e-295 0.0385012 2.41837e-103 1.50016e-72 3.70574e-317 0.31122 1.18779e-42 0.0958783 2.48889e-202 2.73431e-195 1.19348e-256
4.30576e-173 7.54568e-209 7.07866e-224 9.44683e-62 9.22555e-262 2.34101e-236 4.6876e-208 6.38089e-275 6.02687e-12 1.20448e-282 6.05608e-316 1.25736e-221 1.17825e-137 0.575864 0.0883654 4.04981e-23 1.75217e-118 1.32904e-95 1.07681e-196 4.29876e-135 0.383819 4.49884e-97
9.16137e-116 9.82945e-06 1.39607e-199 6.72658e-72 5.35154e-99 2.76636e-59 3.66283e-131 0.0612021 1.26668e-73 2.19108e-23 6.53671e-189 0.172775 1.85404e-110 2.12134e-255 1.74806e-260 1.40888e-304 2.1418e-109 3.73716e-158 1.90944e-07 2.00765e-118 2.66952e-60 6.70802e-62
