5.44206e-260 1.11503e-279 1.65773e-267 2.14523e-103 2.54451e-84 2.31114e-254 6.04783e-204 2.02567e-322 8.99378e-42 5.78448e-54 7.01254e-294 4.05572e-201 0.216408 0.392618 6.81473e-76 5.49771e-186 3.28497e-113 1.04511e-114 0.251203 0.0115501 1.15555e-75 0.611664
0.0014842 0.00179392 5.91511e-06 0.00144466 0.000587443 0.00136961 0.000270382 0.000157306 0.0107171 0.0144511 0.00340995 8.88705e-262 1.19406e-251 1.68611e-252 2.76355e-260 1.02226e-227 3.75535e-201 1.46429e-213 4.94066e-324 8.33694e-242 1.14936e-136 2.41559e-188
8.41658e-48 4.11434e-161 9.01907e-54 4.24225e-109 2.03379e-158 3.59543e-75 6.17169e-71 3.71974e-219 1.94158e-150 2.62945e-144 4.44969e-225 9.1273e-15 2.16554e-198 2.56498e-140 1.42171e-148 4.9014e-100 1.68036e-70 0.0693063 4.5867e-195 2.27896e-78 1.28612e-123 4.70431e-22
1.20499e-122 2.40096e-32 1.10525e-92 6.99737e-192 1.80332e-193 6.35865e-139 1.16688e-95 8.50086e-252 1.72097e-123 1.55035e-27 1.56878e-242 0.327921 1.38838e-91 7.8682e-49 2.79437e-172 1.61383e-30 0.193296 3.81816e-79 1.3832e-265 2.34598e-207 6.19017e-63 1.97111e-30
1.19972e-129 6.88445e-08 5.84631e-38 1.07177e-27 6.90035e-134 4.89803e-136 1.39537e-27 8.97664e-88 3.88255e-49 2.44841e-144 2.45781e-38 3.7304e-233 6.05314e-241 2.52231e-205 5.86103e-164 8.2935e-211 2.93127e-98 5.73772e-104 5.13828e-322 2.1701e-112 0.280158 3.31377e-145
3.59311e-23 2.86251e-215 8.30703e-10 4.86934e-39 6.7541e-244 2.55866e-146 2.58176e-86 3.64165e-230 1.38195e-23 1.55285e-320 2.3336e-254 2.17378e-189 3.69646e-39 1.4683e-136 0.157741 1.11752e-195 2.46692e-196 6.20361e-196 8.12968e-287 1.87055e-217 1.90699e-52 5.27653e-148
1.01458e-91 1.68306e-97 0.00150859 8.42296e-41 3.39313e-159 1.2468e-08 3.73719e-207 1.0542e-177 3.4701e-21 8.19145e-173 2.02582e-206 1.18616e-249 1.43568e-111 8.00575e-243 6.27152e-124 1.99334e-148 3.33813e-56 8.54679e-113 4.26194e-194 2.06982e-206 0.14977 8.55273e-170
1.73658e-68 2.47868e-135 1.74528e-51 5.74668e-112 2.48119e-141 5.50501e-12 2.12739e-148 3.67794e-118 7.62852e-107 5.48756e-101 3.68884e-205 1.47238e-225 7.67562e-149 2.81313e-167 2.88634e-225 6.74589e-166 3.88687e-120 2.52012e-90 2.69623e-179 1.50377e-70 0.321433 1.99645e-79
1.54142e-162 2.03484e-79 1.68012e-104 8.55499e-12 1.91323e-193 4.17781e-197 1.29598e-289 8.46176e-179 6.15527e-89 2.40812e-221 4.03254e-13 2.62864e-77 3.62395e-158 5.78059e-187 0.099457 0.265186 3.77431e-19 0.0985552 2.22601e-235 0.100047 1.70937e-16 8.70353e-71
2.90392e-18 2.98381e-117 3.04513e-168 8.47324e-80 1.14204e-69 8.28251e-31 4.7982e-167 1.05025e-164 1.89315e-155 6.79173e-170 2.52463e-28 1.0405e-184 2.88834e-173 2.58694e-97 1.48393e-64 2.75496e-66 7.31004e-184 8.18972e-25 1.78465e-195 0.200641 0.161998 7.61009e-139
