0.0978184 5.79258e-56 0.0628616 2.56703e-18 2.03883e-56 3.35807e-66 1.80154e-79 3.52772e-15 4.99305e-30 1.97657e-24 3.31906e-59 1.74614e-123 4.1676e-131 0.0594133 7.38838e-47 1.07956e-22 2.09217e-42 0.000111021 0.103334 5.6353e-147 0.000186598 2.82877e-57
1.56635e-20 5.68656e-16 6.73629e-44 1.09321e-26 0.00252886 8.17116e-32 1.75269e-45 0.00177013 0.381107 3.44706e-64 4.66153e-32 1.23613e-168 4.21921e-99 4.89756e-87 8.24532e-78 7.69164e-47 8.99717e-73 1.11534e-82 6.26714e-88 2.74191e-134 5.09324e-91 4.61173e-32
1.20657e-107 4.31536e-48 4.11416e-44 4.79205e-43 3.34788e-07 2.04165e-21 2.92868e-50 2.15432e-54 3.06824e-19 3.60157e-97 2.01396e-14 6.36392e-72 5.97737e-120 8.43363e-43 4.60082e-73 0.142335 0.0434507 1.45309e-71 0.00156891 4.83305e-97 1.38638e-21 4.10397e-57
2.0577e-111 5.97848e-35 1.07709e-49 1.00967e-59 0.000164436 0.000129348 1.87766e-53 0.000156771 8.92613e-50 4.05933e-120 4.59655e-75 1.1886e-126 4.21898e-92 0.00201217 1.54034e-37 5.59951e-55 4.48861e-34 9.93155e-24 0.186397 2.8621e-82 4.63574e-44 9.90184e-37
4.12946e-40 7.19303e-63 8.12829e-65 4.20218e-66 1.28983e-107 0.123652 3.19707e-09 3.13215e-57 1.15473e-81 7.06019e-20 9.56343e-107 2.36492e-87 1.04573e-99 0.00154473 1.22119e-103 2.04181e-62 2.87757e-39 1.3075e-68 1.6385e-11 6.01889e-153 0.0310448 3.98138e-75
6.83863e-161 3.46279e-34 2.19301e-81 8.57341e-72 1.58929e-187 6.7469e-25 4.71054e-12 1.59444e-37 1.04448e-62 1.33453e-193 1.27783e-79 8.39678e-150 3.64894 0.1253 1.18954e-16 2.94879e-67 1.16221e-17 1.21488 0.0024254 0.300455 2.09823e-33 1.40221e-59
0.00339493 4.70679e-81 2.04561e-66 4.31808e-183 1.0837e-198 1.36406e-87 1.90792e-15 0.000351889 8.47506e-101 3.50372e-168 2.36711e-183 0.368167 7.96346e-19 0.156556 0.169218 2.03334e-28 1.93739e-76 8.6758e-64 2.61126e-38 8.28309e-08 9.97018e-77 3.71593e-34
1.28803e-48 6.26345e-58 1.17268e-27 0.137087 9.31929e-76 5.62945e-53 9.0385e-80 1.13248e-48 1.90192e-45 0.0292525 5.25473e-89 1.31479e-161 2.17251e-132 9.22776e-55 1.2818e-45 4.01532e-22 7.29249e-84 5.35619e-74 2.66963e-82 6.03016e-93 9.02216e-59 0.00160525
9.25746e-103 6.82438e-12 1.64639e-20 2.33882e-32 2.3987e-16 2.59037e-11 2.76641e-45 2.65094e-09 1.63656e-56 8.63544e-71 0.0140794 5.02107e-167 1.93874e-100 6.87097e-50 5.39098e-53 1.71864e-49 2.23134e-85 1.1897e-68 0.165984 6.92205e-115 5.07428e-14 3.07274e-71
2.19131e-39 3.11305e-57 4.36465e-51 9.07953e-96 2.4088e-11 9.09753e-69 0.138861 5.72905e-23 1.0892e-10 3.28866e-40 9.6633e-49 2.16538e-110 2.07811e-68 1.08102e-06 8.90484e-63 1.85948e-63 1.16225e-60 0.509681 1.21675e-83 1.48473e-128 0.0957724 0.535352
