1.28158 0.215953
1.09821e-176 2.61549e-47 5.3015e-106 1.90776e-135 1.41105e-25 2.0977e-155 5.79543e-146 3.5657e-99 0.258513 0.863172 1.76407e-294 8.41662e-126 1.73185e-121 2.00822e-45 0.00517341 2.00015e-82
4.29509e-107 2.26695e-102 1.0009e-215 1.47232e-191 2.22989e-213 6.40383e-212 7.90224e-246 6.74337e-150 2.49099e-157 1.36227e-118 2.96251e-112 6.26829e-164 2.06961e-63 1.69755e-169 1.07643e-09 0.295371
1.49632e-08 0.00269404 0.00198151 0.00393699 0.000156945 0.0106295 0.010878 0.00769654 2.86702e-241 4.03794e-228 7.40137e-316 7.06797e-184 5.0155e-143 5.33973e-210 3.64219e-163 1.33307e-286
0.0063623 1.57703e-09 1.11475e-115 4.00376e-168 7.6942e-224 1.23588e-84 4.66104e-124 3.08728e-109 1.00812e-226 0.000807186 3.62863e-252 5.97655e-187 5.47825e-62 0.228205 4.63383e-75 2.92634e-197
2.05278e-105 1.81994e-06 9.92728e-148 9.80062e-179 2.44296e-133 4.82347e-90 4.08226e-43 2.19496e-171 1.10333e-87 1.19094e-231 3.44373e-195 7.51676e-116 7.4769e-70 0.362593 0.434364 3.04225e-56
7.66166e-45 4.61822e-93 2.14539e-204 1.55173e-30 7.53832e-153 4.90491e-35 4.99271e-126 2.09072e-46 1.14691e-63 0.00719982 3.43838e-244 1.51464e-37 0.188128 1.54195e-161 6.64108e-106 1.45059e-232
9.81877e-180 2.22685e-29 4.52783e-36 7.60911e-148 3.07639e-32 2.79848e-139 9.13883e-19 2.17452e-139 1.14515e-161 0.00461087 3.76893e-270 2.68842e-118 1.22755e-71 0.670092 1.21245e-36 1.30094e-128
2.73941e-89 1.52425e-50 2.27394e-194 2.23393e-207 1.69235e-139 1.20537e-261 2.12038e-250 1.91561e-20 1.04684e-141 1.68975e-216 0.241399 0.0982748 0.152142 2.93425e-93 0.414392 1.7485e-242
1.01124e-133 1.66668e-101 5.02622e-34 2.45951e-118 0.0253541 1.40271e-75 3.33276e-224 5.1123e-77 7.47908e-141 7.10299e-58 7.19206e-161 1.14578e-102 3.40925e-61 1.15639e-80 0.0135069 3.0507e-104
