4.90195 0.148401
8.88842e-123 2.70652e-85 0.342601 0.363483 5.92829e-159 0.0966878 6.9212e-54 1.42321e-71 3.79951e-05 0.281618 2.87189e-198 5.69894e-33 0.000331373 0.459333 1.12215e-05
1.345e-145 8.73238e-76 1.06867e-199 1.88117e-148 1.81432e-150 2.84871e-204 2.60744e-45 0.0745029 1.87549e-276 5.16332e-09 3.374e-207 5.08293e-42 4.01826e-159 1.05906e-80 1.25019e-07
5.99302e-25 0.0353573 6.55302e-188 2.25787e-169 8.84201e-201 1.08663e-207 8.09523e-226 3.53648e-143 4.55786e-274 1.06632e-163 6.07987e-282 4.54569e-188 2.14907e-241 4.13755e-177 0.882824
2.70208e-123 2.01045e-97 7.60572e-146 1.1177e-153 7.83473e-113 3.45653e-105 1.49427e-167 1.57014e-07 2.61974e-249 2.84916e-30 3.7868e-151 3.61367e-64 5.1834e-276 3.63923e-43 0.965382
0.00267763 1.20031e-15 2.05227e-254 9.0316e-178 1.09158e-182 1.26767e-203 1.63842e-218 8.8479e-151 2.37657e-248 2.69769e-178 2.21181e-283 2.15245e-213 1.60544e-302 8.45202e-154 0.0597793
1.60044e-40 1.46006e-24 2.89049e-233 1.88303e-164 1.29042e-157 1.22206e-189 2.73982e-132 1.13785e-102 7.99385e-184 6.63278e-104 7.38348e-303 3.68931e-181 6.64673e-159 8.59703e-108 0.12391
4.43521e-09 4.2095e-59 2.93548e-180 1.44466e-168 6.87408e-186 3.18324e-189 7.81793e-239 3.39345e-122 2.83835e-301 2.78255e-200 4.05808e-257 9.03815e-219 4.61459e-266 2.40999e-174 0.0904111
1.39754e-47 0.0810175 1.71089e-239 2.46551e-193 6.16175e-165 2.01393e-227 2.45427e-217 1.67172e-172 3.92008e-302 3.08849e-148 3.95143e-297 1.02784e-173 2.08164e-307 5.99321e-151 0.127651
2.05129e-89 3.70598e-184 3.28071e-118 2.61889e-69 0.178077 5.42826e-24 2.93023e-56 7.49607e-169 1.14747e-111 6.52532e-32 1.05521e-63 2.3419e-87 1.04275e-254 0.289078 0.00276674
9.1726e-13 3.44941e-10 3.38615e-240 5.72135e-206 1.54348e-162 8.33638e-187 2.31072e-227 8.54664e-211 2.5579e-260 6.4526e-165 3.5982e-267 2.85431e-200 1.15359e-252 2.24695e-185 0.205522
1.03505e-149 1.19498e-87 1.34707e-73 1.17338e-46 0.125802 1.13359e-31 1.01861e-149 0.148666 9.24438e-171 1.22902e-107 1.63786e-164 2.83086e-169 8.22027e-203 9.64966e-79 3.04551e-27
1.62427e-52 1.30273e-36 5.27012e-241 6.3622e-134 4.07394e-113 2.9827e-208 1.29972e-140 3.97976e-183 4.39269e-293 2.07965e-119 6.0081e-306 1.00892e-210 9.88998e-280 6.27447e-177 0.0390443
1.88243e-14 4.34918e-60 5.52162e-201 2.03049e-169 4.08082e-222 2.09131e-227 2.03804e-244 1.74667e-127 2.32518e-272 1.32081e-154 4.19958e-249 2.10587e-202 2.1112e-219 1.35046e-148 0.411899
0.011369 1.47284e-58 3.5614e-198 9.59332e-213 2.4571e-139 3.94953e-149 1.57501e-210 9.84009e-203 2.77797e-306 2.50209e-177 2.43094e-267 2.06206e-218 7.08285e-253 7.22674e-192 2.68266e-37
5.34217e-05 3.07485e-27 2.2612e-257 5.48768e-190 1.4347e-193 2.64524e-190 4.03757e-248 4.34105e-152 7.90177e-242 1.41834e-140 4.59481e-322 6.31889e-186 8.21625e-294 2.44317e-195 0.234687
8.78791e-122 2.49062e-166 3.51513e-113 1.21792e-11 3.37959e-190 2.19716e-75 0.182683 1.11356e-09 0.247641 4.36682e-179 0.394513 6.73663 0.304923 0.14166 1.03776e-27
