2.83807 0.735705
0.0013337 0.000213112 0.0017019 0.00158924 0.00074485 0.000505943 0.0119258 9.88131e-324 0 0 0 1.4822e-323 0 9.88131e-324
3.39892e-308 5.09096e-105 4.06122e-321 4.29343e-321 1.04733e-236 1.21046e-321 3.69363e-320 4.28849e-321 4.21932e-321 5.66199e-321 2.70254e-321 3.30358e-18 6.97127e-321 1.78471e-267
4.78256e-321 2.91499e-322 6.22523e-321 4.75928e-304 1.92686e-321 1.05677e-05 2.68327e-320 7.33193e-321 5.46226e-271 7.52462e-321 3.91794e-321 1.67473e-305 0.248617 9.50793e-214
2.70254e-321 4.00193e-322 1.88715e-113 2.53661e-288 3.62046e-59 1.16105e-321 2.17191e-320 1.84956e-178 6.43273e-321 4.18474e-321 2.89522e-321 1.2907e-200 9.48112e-321 2.34856e-296
6.23992e-193 3.85371e-322 1.23865e-159 4.1798e-321 1.26221e-115 1.12583e-146 3.6247e-31 4.97426e-259 3.49304e-321 3.72031e-321 2.63831e-321 0.541163 9.10069e-321 1.65584e-47
2.70254e-321 2.96439e-322 3.76478e-321 4.8122e-321 2.21835e-321 9.80239e-102 1.68542e-84 3.48316e-321 4.69362e-321 4.39224e-321 2.13436e-321 5.72447e-224 9.6491e-321 0.696855
9.10503e-93 4.79244e-322 2.55725e-165 1.48087e-289 1.64524e-321 1.197e-35 2.11856e-262 0.776198 2.77171e-321 4.37248e-321 3.64126e-321 9.01176e-321 1.47133e-320 5.03453e-321
3.71043e-321 1.10671e-321 5.51377e-321 6.161e-321 2.69821e-109 1.23516e-321 1.95699e-320 5.20609e-10 2.11977 3.93141 2.60942 2.06354 10.2593 1.18357e-197
8.1406e-26 2.86558e-322 5.21059e-47 1.11162e-50 2.34175e-69 5.83437e-284 2.81424e-248 0.0998366 3.19166e-321 2.7223e-321 2.03555e-321 7.17446e-122 5.1037e-321 3.22625e-321
2.91005e-321 3.50787e-322 4.36275e-197 2.64619e-201 1.51184e-321 7.80624e-322 7.75337e-320 0.106418 3.49798e-321 5.05923e-321 4.55034e-321 2.92112e-277 1.18181e-320 1.48216e-308
3.11755e-321 9.81873e-116 3.6215e-321 8.98662e-12 5.00544e-313 5.74747e-258 3.94312e-80 2.39751e-93 4.11557e-321 3.80431e-321 3.18672e-321 0.475639 8.63133e-321 1.91121e-309
1.7211e-198 3.85371e-322 2.37723e-163 1.10049e-168 2.03555e-321 1.17588e-321 2.14326e-320 4.01615e-313 3.20649e-321 3.99205e-321 4.69856e-321 1.21011e-144 2.00245e-320 0.437128
7.77754e-240 4.89125e-322 5.23216e-321 4.53552e-321 2.11954e-321 1.26975e-321 2.1897e-320 0.0727192 8.91325e-286 7.28747e-321 2.50622e-76 0.00114888 9.43665e-321 6.78846e-321
