0.000957151 9.8188e-07 0.000907255 0.0205696 4.89502e-297 1.09872e-287 4.50625e-202 2.419e-256 1.20224e-237 1.19543e-210 8.51092e-237 1.00145e-197 8.27117e-234 1.77864e-322 4.94066e-323 5.95799e-189 1.73121e-303 7.90505e-323 3.21143e-322 4.44659e-323 7.36217e-238 2.0757e-136 2.4979e-290 3.67582e-196 6.13658e-178 3.95253e-323 4.1249e-305 6.10665e-321 4.00906e-273
4.41385e-169 3.76859e-311 5.74467e-101 3.83426e-84 4.37347e-54 1.07036e-281 2.99284e-192 4.6248e-75 3.63741e-216 2.33918e-17 4.64664e-203 1.34866e-116 7.32819e-13 0.49406 1.07163e-171 0.337368 3.52916e-139 4.93874e-312 1.5986e-246 8.00386e-322 2.1389e-99 7.23675e-110 1.50706e-201 3.37211e-153 3.01926e-127 8.10268e-322 7.47878e-293 5.54424e-159 0.273425
8.32778e-256 1.77716e-276 1.83845e-30 2.23485e-37 4.8001e-98 4.60807e-237 1.17349e-35 6.4192e-157 2.15785e-83 3.03984e-151 7.48725e-114 0.115591 1.98353e-181 0.164875 8.59674e-322 1.4318e-104 4.59613e-235 1.46243e-321 5.94855e-321 6.3636e-257 4.05205e-218 3.43214e-58 1.06505e-32 5.09892e-81 2.19425e-147 4.93849e-172 1.33741e-236 8.71863e-107 6.74662e-163
4.02001e-152 2.09077e-198 2.29658e-45 1.0586e-128 8.28093e-293 3.88095e-154 7.51911e-138 4.14288e-147 1.10625e-170 4.6479e-187 6.00449e-225 0.639079 8.21833e-122 2.02514e-186 3.29972e-194 6.92232e-64 2.13221e-215 7.82929e-264 6.65012e-321 3.23511e-142 7.17303e-235 4.55566e-115 9.27388e-76 1.10508e-184 4.46475e-32 6.57107e-322 7.17278e-222 8.44023e-269 8.41586e-153
1.46842e-97 8.75034e-79 1.16126e-66 1.86996e-127 5.07122e-201 1.05592e-268 0.309159 3.9481e-224 9.97367e-104 5.20199e-19 3.62476e-192 7.62883e-166 5.45683e-131 8.97534e-213 1.05551e-196 1.23695e-146 0.0718787 1.70453e-321 8.12244e-321 4.08871e-102 4.31974e-128 1.58795e-78 1.96392e-197 1.09729e-185 1.52444e-18 0.170773 1.69699e-121 0.46911 2.12135e-188
7.46761e-235 8.91523e-254 1.17645e-95 4.42853e-139 2.33047e-108 1.43663e-40 3.94763e-152 0.203045 4.17147e-193 7.34201e-156 3.26888e-104 2.68119e-185 7.52998e-67 4.20574e-206 3.24268e-116 1.37109e-175 0.385902 7.84101e-193 1.20488e-183 3.21556e-29 2.13198e-103 0.116062 1.60498e-148 5.03876e-23 2.99874e-09 7.5098e-322 7.22294e-39 1.13509e-115 2.82632e-267
6.15511e-41 8.30262e-130 1.40661e-83 4.63368e-55 3.3359e-162 8.67681e-133 3.85672e-193 1.09511e-175 1.07208e-127 2.2421e-90 2.44792e-87 2.39014e-64 4.63897e-115 6.45583e-240 6.71929e-322 7.63017e-52 1.00572e-251 3.31825e-304 5.04935e-321 7.51859e-285 4.12982e-98 0.174296 6.11449e-202 5.6985e-92 2.11144e-47 5.70501e-307 1.08601e-292 1.86308e-137 1.69589e-264
1.86494e-181 8.9694e-105 3.32148e-79 8.85405e-110 3.5165e-85 1.26447e-152 2.94922e-31 2.49923e-205 2.89482e-102 2.22016e-87 1.3386e-207 0.000149547 3.195e-48 1.34553e-146 6.93604e-192 9.96202e-09 1.92757e-126 2.01666e-179 8.02363e-321 0.0670163 5.46543e-34 2.38261e-18 3.38114e-170 0.119187 3.78654e-64 5.74657e-227 5.41778e-155 7.72675e-256 1.16807e-114
1.58214e-142 1.08255e-281 3.15817e-172 3.63162e-68 6.50976e-275 0.24031 1.89099e-67 3.30647e-70 3.99872e-106 8.42836e-151 2.59544e-121 6.8116e-72 0.185447 4.52998e-199 1.25001e-225 4.41846e-185 2.47595e-172 1.71441e-321 7.40325e-181 1.12591e-94 5.20465e-105 1.82338e-109 0.691819 1.19095e-86 4.83038e-95 2.12872e-255 0.20955 3.41223e-235 7.68397e-203
8.13548e-255 2.62606e-79 2.86663e-29 6.45783e-80 3.53947e-273 7.93941e-130 4.4425e-103 2.55842e-140 8.04427e-202 4.33449e-189 6.50658e-179 7.43299e-128 3.99702e-43 2.51946e-138 2.43076e-222 2.11797e-122 2.36229e-55 1.12847e-273 6.97127e-321 4.86964e-131 2.17726e-207 0.139812 7.0977e-75 1.09251e-32 3.45934e-67 6.52167e-322 2.5643e-286 1.40712e-73 5.75343e-219
0.000570479 4.08301e-05 0.00044643 0.0128344 2.17602e-302 1.82773e-292 3.5354e-207 8.40616e-262 3.08992e-240 7.41292e-214 4.36368e-240 7.65655e-202 5.65178e-234 1.97626e-323 4.94066e-324 6.84075e-191 6.16017e-311 9.88131e-324 2.96439e-323 4.94066e-324 1.18443e-240 1.45506e-141 5.06157e-291 3.91732e-199 1.01097e-178 4.94066e-324 6.11972e-311 6.42285e-323 1.56335e-275
3.03307e-50 7.93083e-69 7.87088e-154 1.99689e-99 1.41137e-269 2.31748e-47 4.08282e-15 6.85422e-147 3.31339e-115 7.03933e-101 9.97399e-229 0.240995 1.97261e-107 4.57906e-237 1.60639e-267 2.73623e-132 2.47436e-217 3.39578e-185 5.69164e-321 8.89124e-109 7.94474e-136 1.07749e-119 2.98304e-122 3.98431e-103 1.66873e-126 1.59429e-86 1.97261e-303 3.04495e-223 2.59407e-113
1.02369e-266 2.07022e-218 3.00552e-45 1.96753e-19 4.87397e-125 7.68975e-10 1.86478e-50 0.029339 5.29091e-88 0.34162 2.11597e-16 1.82208e-114 7.76642e-128 1.65618e-73 1.68966e-64 1.06778e-45 1.04922e-96 2.28795e-106 1.88664e-129 2.5238e-102 0.413772 3.35496e-125 6.24849e-165 8.04139e-81 1.06843e-152 7.85564e-322 2.56445e-154 1.87496e-246 7.69127e-261
4.35606e-205 0.0193633 2.67947e-99 6.17013e-217 0.366247 7.34254e-30 2.17973e-116 1.11466e-204 0.383416 2.90153e-99 0.390381 0.368664 1.18465e-181 7.21694e-19 0.330841 2.29671e-120 1.4071e-193 0.542025 2.94067 1.69397e-294 1.90313e-46 5.10203e-93 1.28417e-58 1.15082 6.242e-111 8.02012e-56 4.80764e-63 3.69298e-103 2.30802e-249
1.58437e-214 2.94129e-70 1.62994e-99 2.95728e-56 8.43898e-113 2.27197e-216 3.18089e-52 4.93384e-75 1.16715e-111 3.72207e-99 2.79752e-130 0.0217418 3.34102e-123 1.64693e-294 8.2509e-322 2.59268e-139 1.94692e-51 4.08014e-292 6.61554e-321 8.52535e-275 3.04918e-137 6.79931e-10 5.78936e-92 1.97898e-133 0.137771 1.26945e-211 2.74749e-242 4.53523e-118 3.54662e-231
2.79993e-85 2.63817e-98 7.36969e-16 1.08248e-63 1.02016e-226 6.55472e-156 3.87707e-149 1.86051e-212 3.14854e-175 6.67963e-185 5.82022e-201 1.66992e-170 1.39077e-85 2.92063e-102 4.27337e-228 1.27722e-133 1.82321e-300 9.98013e-322 4.06122e-321 1.47972e-150 1.95248e-209 1.74024 3.46999e-123 1.11644e-108 1.16917e-168 1.29262e-166 2.31967e-214 1.31109e-279 1.94067e-219
9.91963e-300 1.49757e-67 3.85437e-114 3.30415e-156 2.70332e-125 9.97374e-107 8.63217e-195 3.16397e-88 4.07767e-220 6.57838e-160 8.13046e-194 7.5932e-13 1.43752e-76 9.47089e-183 3.70822e-197 8.42684e-35 5.52862e-157 1.02018e-195 6.5859e-321 0.0987678 7.39572e-42 2.00315e-90 5.71433e-203 2.68197e-142 0.161499 7.82832e-210 0.0679467 2.65882e-235 1.98717e-71
9.65269e-08 9.689e-07 5.06532e-06 0.038167 8.75889e-300 4.86836e-288 2.97074e-203 4.95176e-258 5.9553e-236 2.06545e-213 4.74368e-236 2.86747e-198 3.34137e-232 5.43472e-323 1.4822e-323 1.04531e-187 1.97808e-308 2.47033e-323 9.38725e-323 9.88131e-324 5.39823e-240 6.20879e-139 1.72851e-289 2.59326e-196 6.59548e-177 9.88131e-324 3.54831e-311 3.9377e-321 2.69219e-272
