4.35939e-63 2.10083e-104 1.86215e-65 1.01461e-208 2.68168e-109 3.42068e-30 8.80122e-140 1.08003e-320 8.23062e-188 0.10349 4.27589e-193 5.97789e-51 6.33784e-16 3.54107e-282 8.90719e-11 3.2419e-221 0.292177 2.17134e-229 0.00487689 0.021139 3.11851e-16 5.00015e-109 5.63005e-71 1.24545e-142 2.78902e-52 6.45373e-131 0.229819 5.49795e-11 1.52317e-90
6.43727e-134 6.25985e-97 4.63163e-94 9.03797e-56 1.2106e-18 7.05664e-290 1.00108e-33 8.33385e-135 7.20467e-165 1.27037e-53 1.43453e-10 4.84973e-181 1.63097e-34 5.12788e-138 2.32905e-158 7.86567e-207 3.6255e-32 1.58587e-126 9.15114e-109 7.04443e-97 7.50438e-220 4.51769e-154 1.62357e-23 6.27747e-201 6.75982e-87 1.00331e-173 1.75618e-58 0.679445 5.73304e-172
7.75855e-48 9.11946e-287 4.75375e-59 1.30329e-81 1.78805e-61 1.02655e-102 6.71519e-135 9.3746e-238 2.93227e-09 2.42997e-103 3.95949e-49 2.293e-193 6.4165e-205 6.11111e-232 6.02272e-218 9.68855e-212 6.54093e-229 3.51603e-79 5.62898e-145 1.3778e-40 0.128689 2.24725e-115 3.4767e-183 1.50356e-111 3.08464e-146 0.233714 5.80217e-70 1.7471e-145 1.2197e-257
6.01303e-59 2.71244e-285 0.279009 2.68492e-141 6.17771e-83 3.64138e-210 9.29811e-165 5.40021e-275 0.279891 1.51254e-109 2.85102e-137 6.44309e-47 5.8718e-285 2.67466e-37 6.46368e-185 0.362951 8.18391e-84 3.19955e-111 2.96266e-93 3.02343e-168 2.40305e-131 3.3324e-29 2.14558e-49 2.64166e-36 1.4483e-76 2.45804e-26 1.02506e-147 4.56992e-232 6.03395e-138
1.84648e-103 5.2746e-74 4.22614e-150 1.91608e-146 4.80275e-287 3.19687e-77 1.0234e-162 2.2011e-299 0.276536 9.49095e-196 1.70533e-155 3.77056e-61 3.81649e-146 5.48335e-221 1.34776e-89 1.30427e-164 8.57205e-113 8.73111e-196 2.11952e-24 7.95379e-173 1.13492e-308 9.3195e-93 9.30507e-182 1.35943e-72 1.90262e-32 5.99439e-90 1.37907e-135 3.24414e-247 4.5423e-120
3.87281e-26 7.30723e-321 6.72613e-179 8.21442e-164 1.59076e-13 2.32808e-293 0.174593 2.95964 1.1756e-11 2.34439e-204 9.34446e-145 0.238309 6.1578e-280 4.20944e-321 2.89711e-164 2.30586e-12 3.51125e-178 0.574156 2.04382e-83 0.362274 7.26581e-238 0.507084 1.60187e-85 9.31919e-166 2.97323e-45 8.63626e-113 2.28847e-115 1.10392e-121 4.76264e-280
2.21432e-53 1.02001e-301 5.07143e-79 2.49834e-57 0.683159 1.32999e-06 1.15883e-152 1.11412e-320 2.8346e-54 1.49784e-148 0.264942 3.26918e-255 2.05716e-63 1.33744e-200 4.63998e-217 2.86562e-151 6.48433e-105 3.50092e-58 9.12317e-14 1.54974e-146 1.43658e-317 5.47904e-112 0.360878 2.87052e-105 2.17613e-121 1.74211e-186 4.06119e-134 1.66107e-66 1.43078e-251
3.66305e-06 1.40221e-80 3.91567e-29 0.296668 1.45262e-197 9.50331e-287 1.8108e-203 4.98018e-321 1.31433e-247 1.40836e-130 5.31088e-163 4.17768e-153 3.36431e-230 1.72429e-321 1.14042e-292 2.34685e-224 4.48896e-137 1.17609e-225 2.45862e-68 3.40832e-135 1.88095e-272 1.856e-185 1.10909e-114 1.3214e-143 1.19683e-76 1.73349e-132 2.50987e-115 8.21822e-196 2.94037e-191
1.84014e-174 1.74643e-244 3.68307e-180 3.15175e-15 1.83361e-249 1.62133e-272 1.60965e-60 1.09683e-320 1.62815e-110 2.11635e-11 3.82559e-30 5.25528e-125 0.355655 0.708158 0.00344112 1.202e-112 6.15116e-97 1.32672e-200 0.135699 3.55425e-42 1.4773e-148 8.72874e-187 2.36717e-19 0.170723 2.10868e-102 2.50473e-15 2.52434e-169 1.72634e-51 4.34774e-141
0.138179 1.24478e-13 1.39297e-27 1.27906e-10 5.33591e-322 1.89281e-297 3.28515e-182 1.30927e-321 1.31727e-262 1.03425e-224 3.61771e-214 5.78432e-267 6.3985e-246 4.30652e-287 4.19956e-322 2.84639e-224 1.47237e-231 1.43856e-245 8.4261e-152 7.25213e-183 2.74106e-298 3.44418e-196 6.55406e-176 3.12386e-175 1.44993e-156 2.30221e-177 1.2714e-160 2.14644e-218 1.12123e-267
3.31568e-64 5.68931e-127 6.14475e-118 6.26097e-110 3.84383e-321 6.09475e-126 6.21511e-155 5.21846e-287 0.0285017 4.89514e-207 2.09278e-18 1.29089e-43 1.06883e-243 4.03026e-118 2.78727e-231 2.45105e-115 3.98856e-221 8.79551e-130 5.64967e-76 1.88971e-120 5.33496e-218 4.22532e-142 1.01583e-55 5.30415e-44 1.18054e-104 1.03167e-133 2.72036e-140 4.57957e-43 1.99137e-227
2.71619e-34 8.66605e-277 7.56838e-57 2.35949e-166 1.56585e-56 4.42638e-292 7.04434e-92 1.08843e-320 1.2923e-110 3.24014e-165 4.28455e-226 1.18624e-271 1.35271e-165 6.29823e-267 1.1101e-257 1.93467e-45 5.86924e-89 4.52642e-101 4.42227e-94 1.85862e-30 0.491644 9.33206e-113 3.04925e-60 1.30439e-195 2.1748e-107 5.12798e-124 1.56084e-72 6.10166e-45 8.24542e-27
5.43784e-25 0.437812 1.93671e-09 1.41932e-48 1.63177e-296 4.67287e-250 1.98228e-163 2.82606e-321 1.3037e-260 1.27181e-171 5.61116e-171 1.23122e-246 8.34377e-219 1.15388e-298 1.0326e-321 9.8143e-172 7.75594e-181 1.59931e-197 1.92655e-124 8.37679e-155 2.13999e-294 3.69239e-171 1.82836e-145 1.74493e-161 1.96938e-156 9.18565e-143 9.92963e-139 1.5958e-176 1.5459e-284
2.41904e-45 8.03781e-315 6.73021e-122 4.56915e-188 3.95613e-184 1.781e-272 3.03044e-127 3.4469e-84 4.90859e-261 0.216387 2.47301e-33 2.06734e-270 8.0483e-36 1.03997e-91 0.694791 6.86381e-197 4.61805e-40 4.08756e-249 2.98998e-41 4.81172e-109 2.18497e-152 1.37705e-179 1.3482e-55 9.61925e-160 1.62879e-49 1.73446e-37 1.13246e-102 4.84811e-62 1.60276e-63
7.39907e-156 7.96091e-241 1.60663e-138 8.13672e-20 1.11703e-113 8.71761e-31 1.98969e-190 1.01283e-320 1.55273e-229 3.73632e-68 1.45796e-39 8.80245e-229 2.01604e-129 1.24897e-201 1.30243e-144 1.70058e-103 1.7019e-149 1.11463e-85 9.48683e-129 6.4618e-69 4.99989e-261 1.69925e-69 1.11915e-179 7.65538e-86 3.3598e-46 8.4041e-167 1.63309e-71 0.266283 5.84935e-131
2.42773e-27 9.45536e-316 2.29627e-152 8.60391e-63 1.03548e-314 0.795539 3.62294e-100 1.82393e-271 3.8245e-172 0.000215152 2.30465e-113 2.54663e-251 5.49223e-145 2.12508e-41 3.26785e-209 9.08097e-106 3.66259e-06 1.02494e-249 1.30216e-31 3.90369e-120 4.67125e-216 8.80556e-209 1.01953e-18 1.27934e-201 0.518332 4.79381e-181 2.25059e-162 1.18887e-66 0.6853
1.04589e-110 8.71552e-222 1.00334e-162 1.96687e-286 0.166836 1.65188e-281 3.6576e-115 2.22593e-89 5.08481e-79 2.76858e-210 2.38191e-107 1.24566e-163 1.7492e-268 3.15617e-23 2.50582e-96 1.39585e-138 9.84299e-102 1.16448e-189 4.0794e-40 1.134e-43 7.76424e-202 2.27822e-11 4.24622e-33 2.15355e-142 1.27365e-158 8.20008e-142 3.05421e-51 1.844e-71 3.10273e-117
1.85115e-77 2.01054e-288 2.05527e-81 5.37073e-46 9.15508e-301 1.84252e-89 7.13482e-96 1.07524e-171 4.91624e-107 0.0509031 1.08708e-164 3.28398e-08 1.6192e-205 6.00439e-184 1.49065e-131 3.25995e-89 8.9434e-169 3.32319e-125 4.28074e-31 2.18485e-63 0.264563 2.80142e-207 0.329134 1.58996e-154 2.32717e-161 1.8719e-116 3.62194e-22 8.80052e-152 2.58635e-188
