1.65626e-85 1.85676e-142 9.26205e-146 4.16621e-117 8.51235e-119 4.95837e-103 5.91573e-41 1.41752e-39 1.51819e-27 1.61355e-120 3.50706e-49 8.08377e-66 3.31774e-131 2.03431e-90 3.88977e-144 4.17016e-99 1.36637e-107 0.0312672 1.03378e-71 6.69244e-59 0.50232 1.11014e-61 6.00319e-62 1.54655e-146 0.139737 9.35784e-22 6.22892e-126 2.42774e-135 6.46251e-218
1.06847e-101 5.69099e-111 1.23012e-33 0.00112677 9.54346e-128 2.77662e-73 2.00366e-99 2.33301e-139 7.46268e-156 1.59486e-82 1.13015e-49 3.29242e-64 4.21522e-142 6.00753e-166 1.83521e-55 1.04666e-54 3.93989e-77 1.96511e-42 4.18805e-183 3.37096e-38 0.136889 8.80656e-139 1.91043e-93 4.20674e-107 1.28099e-74 1.23731e-57 3.6414e-101 1.92183e-138 3.05642e-176
1.11522e-79 3.08665e-49 4.22952e-13 5.01224e-25 2.07863e-129 9.12311e-91 2.88049e-94 2.70848e-45 1.65295e-73 1.83469e-50 3.4094e-42 1.03373e-43 5.60302e-151 1.00892e-143 1.20628e-40 0.49582 6.17656e-45 1.11439e-35 4.2857e-121 7.12808e-114 4.46472e-54 7.31315e-44 2.27692e-156 2.05139e-77 1.25988e-69 4.17173e-63 7.05299e-79 7.38538e-77 9.06231e-167
3.49843e-106 1.00606e-151 3.68945e-48 8.78925e-76 5.84934e-47 4.51066e-111 2.17888e-75 4.91705e-75 8.18984e-50 8.53343e-50 8.35227e-36 4.89399e-50 3.18204e-176 2.96319e-163 2.69765e-154 1.85399e-119 1.12118e-147 2.26187e-49 7.65854e-120 0.118962 5.9751e-92 2.95544e-106 4.40495e-70 5.74075e-104 2.09736e-27 3.70665e-83 2.13839e-120 2.14897e-120 8.58784e-208
5.1044e-146 4.26108e-97 1.01128e-72 0.00858571 6.65967e-50 6.06188e-46 1.64053e-122 5.13775e-173 0.454179 1.61278e-127 2.29661e-05 1.53356e-22 1.00465e-175 1.25262e-123 8.96363e-127 6.94215e-78 2.75718e-96 1.57248e-44 3.38702e-174 2.64763e-135 1.16688e-59 9.09841e-91 1.20147e-165 1.3709e-145 1.18447e-77 1.17961e-59 3.71252e-50 2.08955e-38 3.11612e-93
2.18109e-166 6.40219e-194 4.36169e-52 4.85431e-140 7.00697e-114 9.48403e-93 1.17792e-110 4.5491e-219 8.29321e-82 2.23873e-67 6.20713e-49 1.13417e-69 1.19575e-91 5.92333e-160 3.33268e-134 4.59376e-19 4.64213e-125 2.53062e-27 2.92053e-139 1.1331e-62 3.22358e-07 2.42426e-06 1.38611e-139 8.27663e-130 1.6632e-94 0.0239626 2.65423e-34 5.80531e-29 2.98267e-217
2.02262e-191 1.65999e-148 0.115269 2.79709e-141 4.22787e-63 1.29422e-13 4.99758e-21 3.99894e-132 1.41729e-63 3.42622e-127 4.65616e-86 4.55588e-45 2.11479e-14 2.83923e-29 1.81682e-51 5.12e-55 5.55692e-169 1.95399e-57 2.41655e-163 4.14146e-130 8.6369e-77 0.16979 1.90866e-121 6.06388e-128 4.14738e-57 4.693e-27 4.30191e-51 1.43457e-68 3.79868e-215
1.76182e-98 4.88971e-191 0.0146597 5.28898e-134 7.53256e-33 4.85329e-85 2.92941e-37 6.89335e-175 9.71307e-111 7.087e-92 0.337681 2.59639e-13 2.55773e-27 2.49639e-57 2.59588e-46 1.66217e-29 4.37491e-14 7.75291e-28 2.35527e-160 1.08142e-122 0.0524214 2.79527e-115 0.0660935 4.84128e-73 2.9034e-56 1.32223e-22 3.83205e-142 1.7652e-171 1.39596e-204
1.42503e-98 4.3867e-174 9.65122e-124 4.24393e-35 5.36688e-113 4.06794e-69 1.48525e-08 3.12001e-218 0.3884 4.20207e-51 1.83037e-24 3.83831e-108 3.95978e-96 4.36239e-60 3.82122e-151 1.00391e-111 1.1797e-160 1.14592e-55 8.73e-45 8.41757e-21 7.11092e-07 2.1626e-85 1.57071e-132 1.72971e-149 5.41168e-12 1.23327e-61 5.26893e-65 7.02401e-92 2.00133e-87
1.02176e-64 9.48642e-137 6.59851e-154 8.37106e-138 2.62929e-105 4.67958e-29 1.50098e-79 7.90947e-142 2.53032e-114 2.36407e-21 9.89993e-06 4.73129e-43 2.67754e-61 1.42869e-154 3.36644e-32 3.56102e-58 2.16289e-61 6.4411e-54 6.63724e-111 5.60634e-91 0.0775516 9.2987e-114 4.37459e-56 3.11851e-106 5.46604e-22 7.19552e-50 7.49439e-142 4.71723e-50 2.52789e-83
3.32121e-141 5.89578e-98 1.44641e-25 2.39031e-06 2.33029e-69 4.6981e-37 3.08815e-67 3.52484e-186 4.48262e-83 2.88972e-84 5.4237e-45 0.147408 1.53925e-120 2.32473e-42 3.5248e-138 0.293835 1.99825e-129 9.16441e-25 3.66925e-165 2.6149e-26 1.57132e-07 1.91234e-93 8.45103e-112 7.34568e-105 9.66146e-23 8.94361e-76 2.68172e-126 3.78246e-176 2.55692e-188
1.25003e-82 4.04309e-24 1.65896e-19 9.97434e-14 6.14482e-84 3.31354e-89 1.87844e-61 7.59363e-128 1.72242e-06 1.22338e-57 2.22741e-64 7.90253e-38 1.53559e-54 8.58098e-120 1.89253e-137 0.000967924 2.53345e-87 4.55851e-73 1.58009e-49 2.59623e-121 3.95771e-56 2.51376e-128 6.40451e-150 2.18257e-165 1.84921e-70 0.144835 4.26847e-36 6.20391e-148 4.27761e-92
2.24824e-92 3.21825e-26 1.139e-63 7.70903e-111 4.23416e-23 2.54716e-85 2.5579e-25 7.62886e-46 3.39575e-70 3.02948e-66 2.02998e-55 0.0288117 8.15367e-27 0.748596 1.5244e-89 3.47776e-18 0.079753 1.59646e-37 1.83947e-127 2.73512e-45 2.98182e-38 0.0881162 6.71003e-84 1.99666e-127 1.26161e-112 1.12875e-102 1.33575e-13 4.49507e-15 5.36044e-225
3.40727e-112 6.30767e-44 1.8144e-16 1.90749e-176 2.31044e-83 1.08563e-08 2.19207e-148 0.379568 4.47665e-108 0.421311 2.63753e-21 1.62944e-19 0.213619 3.16193e-109 6.80126e-124 0.0120796 7.69433e-66 0.151593 1.74157e-111 1.6485e-133 5.28144e-98 1.08777e-64 4.82481e-120 1.39063e-82 2.25157e-100 3.79515e-16 9.57126e-23 0.0481785 4.24875e-111
0.108472 0.00253861 0.000212387 0.011212 2.53876e-123 3.46179e-103 1.10066e-165 4.32922e-215 3.1704e-150 8.48564e-120 9.4152e-101 7.07799e-107 4.56993e-179 6.08622e-179 1.5717e-162 5.11003e-113 4.39074e-163 9.78026e-65 1.44022e-179 5.16818e-138 2.71027e-92 5.10356e-137 1.71245e-161 1.26461e-164 1.62227e-106 6.89571e-108 1.01309e-138 7.93334e-170 5.33802e-211
1.19845e-14 4.61132e-22 9.82187e-18 4.68924e-39 4.17184e-122 2.43489e-99 2.67497e-64 1.3503e-167 3.45166e-56 1.44506e-99 1.93132e-39 1.12735e-27 2.12422e-75 2.15659e-149 1.50712e-53 0.176252 5.81688e-97 4.89924e-63 5.32641e-133 6.5643e-119 1.13816 1.1216e-74 1.87792e-155 1.64271e-173 5.86713e-75 3.60375e-61 1.38695e-119 9.69277e-166 2.96117e-114
6.01077e-170 1.85768e-33 1.97298e-209 1.32945e-44 0.177153 0.223606 2.56158e-56 1.8968e-110 7.66634e-116 2.8541e-66 8.47361e-80 1.47495e-109 3.362e-107 5.34896e-163 0.233516 3.97581e-09 1.8879e-83 1.28312e-10 0.163697 1.17503 0.455815 2.14688e-38 2.07692e-137 2.78299 3.89831e-91 2.10269e-70 0.487574 2.86899e-47 0.115788
9.5052e-121 4.56226e-50 6.48087e-105 1.24369e-119 3.94499e-74 6.68272e-18 0.298761 1.79987e-91 1.45842e-128 3.96183e-120 1.25036e-56 3.99175e-105 3.8645e-144 1.01377e-107 5.17109e-142 1.38757e-94 4.18037e-98 1.00899e-29 3.17044e-179 5.08548e-32 8.29456e-80 1.28017e-17 2.56328e-145 9.01646e-74 3.97615e-38 3.30641e-14 6.02271e-38 1.41648e-101 3.6012e-49
