9.28843e-322 4.15509e-95 6.42285e-323 7.44882e-167 1.13437e-320 2.24229e-276 4.5454e-320 0.586258 1.15779 1.56356e-306 6.36289e-218 9.38714e-151 6.40108e-21 7.67123e-126 1.1189e-122 3.38028e-151 1.35639e-312 1.62548e-321 9.47929e-227 2.04543e-321 1.18482e-152 2.3499e-170 5.16759e-138 1.9133e-140 0.067294 4.95054e-321 0.624052 0.867921 2.79641e-321
2.17383e-211 5.40787e-142 7.90505e-323 3.14715e-64 2.92487e-321 0.471456 2.57309e-320 7.42352e-25 4.18392e-31 8.02671e-187 0.613759 6.27717e-86 5.20308e-185 0.861828 2.45502e-99 0.736592 4.33605e-300 8.78742e-194 1.44306e-173 2.73218e-321 2.74076 1.04495 3.07947e-298 3.08297e-321 2.30749e-141 4.63928e-321 1.90121e-237 2.11034e-285 1.82804e-321
1.6879e-309 0.066952 4.11662e-221 0.661395 1.3488e-321 7.11455e-322 1.33151e-320 9.3957e-78 2.26248e-297 2.28851e-62 9.70958e-227 5.06504e-176 4.51418e-230 1.63042e-321 3.48303e-216 1.55137e-321 5.0818e-247 8.89318e-322 9.77799e-89 1.13141e-321 5.2618e-321 1.6729e-86 1.13314e-292 2.38286e-120 2.3537e-24 1.39327e-321 5.20192e-58 1.17764e-220 1.28457e-321
2.56025e-21 1.61216e-07 1.74767e-06 6.5962e-28 2.81617e-322 1.58101e-322 2.50491e-321 1.84437e-274 4.64422e-322 2.43658e-304 4.24896e-322 3.6216e-278 1.23106e-319 3.35965e-322 2.81617e-322 2.2233e-322 1.40074e-314 1.92686e-322 1.94809e-301 1.87745e-322 9.33784e-322 4.69362e-322 1.28457e-322 3.70549e-322 3.25589e-321 2.47033e-322 6.64189e-232 8.05072e-299 1.82804e-322
0.000190207 1.47743e-282 8.39912e-323 5.1531e-321 1.22653e-116 1.92686e-321 1.99829e-298 5.71184e-70 6.46841e-181 1.2813e-296 3.54245e-321 5.52823e-239 1.15345e-251 0.105783 1.19096e-147 1.72923e-321 6.50006e-274 1.67488e-321 8.78263e-22 1.66006e-321 8.32995e-321 4.26975e-168 3.56117e-154 3.31423e-148 1.3183e-230 3.87842e-321 1.4669e-15 9.11518e-24 1.55635e-260
5.79299e-207 4.72624e-160 6.87509e-87 1.66672e-23 1.87697e-212 4.35779e-253 1.74208e-320 2.97235e-185 1.70055e-317 1.47608e-86 4.93157e-242 0.212833 8.83702e-194 4.35035e-306 2.15244e-234 1.98613e-282 4.84263e-154 1.14623e-321 3.85615e-126 1.14623e-321 8.02857e-321 1.93658e-136 6.69017e-314 1.90709e-321 0.00107904 1.6403e-321 3.53171e-239 2.6107e-167 1.12153e-321
3.19899e-261 8.60852e-301 8.89318e-323 3.83757e-252 0.690086 1.89227e-321 2.70303e-320 2.41653e-99 3.89818e-321 2.27714e-170 8.12684e-70 0.0243532 3.68345 2.66993e-307 5.88676e-278 2.09978e-321 2.18981e-126 2.3814e-321 6.49057e-143 5.70094e-213 5.40557e-320 4.23908e-321 0.226115 0.620522 4.16817e-80 4.64916e-321 0.785543 6.53249e-157 1.67982e-321
7.26428e-102 1.93627e-42 2.22845e-199 4.40335e-238 2.94172e-305 3.04359e-252 2.6729e-320 8.08487e-154 2.97617e-178 1.4015e-157 4.00055e-135 7.59624e-40 5.23302e-165 2.29246e-321 2.17883e-321 2.70254e-321 2.45548e-60 1.36362e-321 5.02407e-78 1.41797e-321 1.12474e-244 4.25128e-24 1.29313e-135 7.84878e-05 1.47218e-186 2.07508e-321 0.2064 2.19462e-39 1.19564e-321
1.74449e-91 2.49289e-06 9.38725e-323 5.98808e-321 2.76826e-95 1.78852e-321 2.40264e-320 1.06092e-84 5.22721e-321 4.65617e-268 0.455203 3.58867e-151 2.19782e-100 2.61361e-321 2.62202e-100 6.70291e-75 2.96548e-219 1.94662e-321 1.36196e-44 2.20847e-321 1.16995e-320 4.49918e-231 5.70648e-98 1.27347e-10 1.25235e-114 9.0768e-299 4.41201e-174 9.51702e-36 2.54938e-321
8.59674e-322 2.74704e-22 3.88261e-128 1.72789e-175 1.48443e-132 1.08694e-321 2.52319e-320 4.78562e-108 3.43376e-321 0.46954 3.97723e-321 5.80963e-111 1.97188e-200 3.04839e-321 8.87638e-185 1.84286e-321 4.42161e-315 1.30927e-321 1.68742e-93 1.88733e-321 7.75189e-321 2.44883e-42 2.46083e-169 2.3814e-321 8.13059e-55 3.09779e-321 1.43764e-19 1.66678e-198 2.11954e-321
0.00422856 3.89175e-05 0.00037397 0.00131707 4.44659e-323 2.47033e-323 4.00193e-322 1.92715e-276 7.41098e-323 9.28843e-322 6.91692e-323 7.24537e-291 3.60668e-322 4.94066e-323 4.44659e-323 3.45846e-323 5.92805e-317 2.96439e-323 4.97161e-297 3.45846e-323 1.63042e-322 7.41098e-323 1.97626e-323 5.43472e-323 5.08888e-322 3.45846e-323 1.18351e-238 9.06222e-311 2.96439e-323
3.968e-179 8.5991e-99 3.03443e-111 2.80386e-148 7.61322e-300 3.62625e-263 1.40166e-320 2.46381e-108 2.67784e-321 1.94504e-118 5.57736e-147 2.98863e-133 8.77146e-103 2.10472e-321 5.26473e-259 1.665e-321 3.36564e-302 1.16599e-321 1.95559e-94 1.23022e-321 2.42548e-221 8.90852e-146 4.22665e-264 8.92562e-196 5.09012e-167 1.3735e-321 4.10976e-169 0.419808 1.49208e-321
5.34257e-251 6.92106e-195 6.91692e-323 7.19526e-130 2.58348e-181 1.78625e-276 1.77221e-320 1.04104e-274 1.22009e-182 1.87705e-198 2.88534e-321 0.164657 4.66309e-161 3.29542e-321 1.15404e-198 1.45749e-321 9.53468e-237 1.62548e-321 1.54179e-195 1.70947e-321 7.09478e-321 2.43104e-24 1.68004e-78 2.74692e-150 2.00655e-194 2.33199e-321 4.0261e-122 2.44505e-28 1.35775e-250
1.08666e-253 3.65419e-94 3.1419e-214 5.30592e-70 1.79346e-321 1.39327e-321 2.13239e-320 3.7898e-176 2.12474e-205 2.23708e-59 2.5642e-321 0.164466 7.92361e-288 7.91085e-184 1.16382e-163 1.60571e-321 7.97731e-246 2.12448e-321 1.85356e-136 2.26776e-321 7.25782e-321 8.30822e-51 1.0338e-297 9.40917e-278 1.49222e-211 1.96144e-321 4.91717e-59 1.60642e-59 4.43694e-181
6.9262e-147 3.18937e-58 7.20857e-134 1.28185e-232 1.66994e-321 8.74496e-322 1.97231e-320 3.2818e-225 3.14226e-321 6.79509e-248 3.46666e-319 6.0087e-10 1.10568e-117 2.84088e-321 5.11528e-225 1.69959e-321 1.36368e-104 1.12647e-321 1.70126e-217 1.082e-321 3.44854e-203 6.59576e-245 1.00675e-144 1.0283e-283 0.162135 2.20847e-321 9.92988e-117 1.82612e-23 1.11659e-321
0.0180691 1.41715e-248 1.18439e-274 4.77101e-186 2.24031e-161 1.12153e-321 2.39276e-320 6.26419e-179 2.42297e-244 6.70783e-232 5.95661e-176 0.0898633 1.55312e-221 2.29246e-321 8.44245e-158 3.92035e-184 5.86308e-103 1.89227e-321 3.17995e-231 2.1393e-321 1.04586e-201 1.09325e-17 2.87091e-257 8.74286e-285 2.19812e-113 2.35175e-321 5.92463e-215 3.6986e-195 2.23318e-321
8.00386e-322 1.27171e-100 2.08432e-280 8.22125e-321 3.20238e-273 2.19365e-321 13.3382 1.105e-228 7.34676e-321 12.959 4.92583e-321 2.57175e-52 7.55298e-306 4.73809e-321 0.817858 3.8883e-321 4.80411 0.848238 1.92475e-216 0.863093 3.83238e-314 4.97981e-170 1.03088e-113 1.62071e-307 8.05318 1.48564 1.35558e-05 1.39025e-188 0.808479
8.34971e-322 1.42133e-206 6.28704e-159 2.19358e-73 2.26282e-321 1.16105e-321 1.97231e-320 0.0801259 4.68868e-321 2.48555e-80 3.39917e-321 4.08946e-23 1.5736e-320 1.09816e-287 6.53356e-282 8.12253e-275 1.23878e-171 3.3419e-295 0.87444 3.39287e-218 4.44751e-175 3.89818e-321 1.01893e-235 3.47516e-182 1.85202e-258 3.92288e-321 2.15385e-36 3.67761e-246 2.35669e-321
