1.42515 0.267795
9.26796e-272 1.03316e-318 3.76068e-222 3.59688e-23 3.61686e-237 1.74742e-208 1.23727e-287 4.09141e-203 1.82809e-224 4.42316e-58 1.0054e-153 1.4553e-147 8.50516e-150 0.00463194 0.459163
1.08967e-46 6.99266e-20 6.75044e-148 5.69581e-114 1.31421e-321 1.43824e-73 2.01935e-219 4.15852e-300 0.153929 3.72963e-50 0.335499 8.75023e-43 1.16793e-140 0.0329473 1.3489e-207
1.07381e-33 7.08944e-36 6.97704e-06 0.0371659 5.40062e-30 1.24507e-22 8.86494e-23 5.33897e-304 4.35436e-242 2.57251e-143 5.40217e-217 1.07694e-179 4.28471e-165 4.33766e-105 9.03474e-268
1.30533e-240 3.13732e-321 4.69013e-243 1.04544e-320 1.20047e-81 4.88302e-220 3.3053e-321 0.610512 0.0360845 8.15658e-81 3.03044e-59 3.64551e-05 9.13747e-166 2.9608e-21 4.67408e-53
1.72819e-65 2.87171e-86 8.98556e-161 4.44265e-173 0.00626307 5.56995e-114 5.92257e-50 8.75726e-169 1.35409e-125 0.297177 3.34951e-150 1.91902e-170 5.78093e-96 1.70791e-15 3.47577e-248
0.00150112 0.00346975 0.00100968 0.0188467 0.000244957 0.00085959 0.00402137 7.90505e-322 3.9678e-285 2.57833e-171 3.75266e-228 7.85231e-194 2.84362e-183 4.28168e-130 4.9923e-288
1.3232e-68 2.35321e-229 7.56309e-72 1.66912e-159 1.31916e-321 1.59446e-17 5.17296e-298 1.07511e-149 1.41356e-253 0.158759 1.39033e-79 0.246657 1.49721e-120 0.10852 2.92261e-100
6.96219e-161 6.12558e-114 1.91591e-12 1.62994e-21 4.80809e-111 2.11448e-83 2.70153e-179 5.28549e-290 9.33227e-232 2.68739e-138 1.77976e-176 2.4612e-90 3.29049e-62 0.109689 3.74017e-181
8.17344e-132 4.46946e-20 8.4954e-160 6.93219e-207 1.61228e-69 6.39537e-100 2.86423e-250 6.05675e-320 1.14195e-157 9.74874e-12 0.0830217 4.03445e-107 1.8467e-19 1.65238e-11 1.12832e-119
1.02412e-150 8.09777e-52 1.8022e-109 5.60914e-27 1.20649e-134 2.90064e-23 3.41408e-146 3.65188e-243 2.00817e-157 0.0774077 8.30295e-189 1.80348e-147 0.10399 8.29902e-52 3.05675e-242
1.26272e-116 3.26113e-201 9.37425e-191 1.18262e-44 0.195336 1.77292e-97 5.65728e-233 1.00279e-93 3.37671e-108 0.00989109 5.25004e-165 1.22715e-157 4.92595e-94 2.13708e-57 2.9544e-174
