5.39026e-321 1.01135e-320 2.72724e-321 1.64499e-319 1.75887e-321 1.96195e-313 2.64819e-321 3.07011 0.137257 8.35465e-321 1.2075e-320 1.38437e-320 6.41962e-170 8.08996 3.07582e-165
1.71253e-76 6.78352e-321 2.54938e-321 1.36589e-319 4.88585e-176 1.2401e-321 2.42092e-321 4.48612e-321 5.86226e-184 9.37243e-321 3.71309e-248 1.22693 0.935978 1.17341e-320 2.28348
3.21637e-321 5.19263e-321 2.00591e-321 1.19121e-217 4.31383e-228 2.19787e-173 9.06562e-237 2.45551e-321 0.527866 1.22447e-81 4.76279e-321 4.11557e-321 2.76677e-321 6.96633e-321 4.39224e-321
1.18998e-218 5.00488e-321 1.8231e-321 4.57539e-212 2.70425e-124 3.82408e-264 8.75129e-155 1.31916e-321 0.139634 2.90511e-321 5.5533e-321 7.51968e-321 7.08212e-238 6.79834e-321 5.47425e-321
1.63684e-08 0.0324985 3.57244e-20 1.20743e-14 0.00459465 0.00372188 9.50726e-07 3.95253e-323 9.88131e-323 8.89318e-323 1.18576e-322 8.89318e-323 6.42285e-323 1.92686e-322 6.91692e-323
4.75785e-321 3.73514e-321 3.40905e-321 1.2819e-319 1.69465e-321 2.36588e-270 2.73712e-321 6.07701e-321 4.83296e-176 2.10397 1.26829 2.30596 1.14916e-122 1.94958e-320 5.40508e-321
6.24232e-20 3.24601e-321 2.1393e-321 5.13578e-196 1.26975e-321 4.72862e-174 4.99867e-265 1.70453e-321 1.00237e-264 4.32802e-321 0.502473 6.28946e-321 3.91554e-241 8.77461e-321 3.53751e-321
4.45647e-321 4.34284e-321 1.15098e-52 3.3222e-208 6.98066e-234 1.20552e-321 2.248e-321 1.88239e-321 0.131518 6.34124e-142 4.47129e-321 3.67585e-321 2.57408e-321 7.46039e-321 5.82503e-321
0.0167866 0.000601484 0.000103121 0.000244102 0.00274447 0.00261616 0.00615696 1.97626e-323 4.94066e-323 4.44659e-323 5.43472e-323 4.44659e-323 2.96439e-323 8.39912e-323 2.96439e-323
4.55529e-321 1.79715e-302 2.87546e-321 1.03492e-319 1.2401e-321 2.48921e-154 1.89227e-321 1.62548e-321 2.78362e-208 3.57704e-321 4.11063e-321 6.33886e-321 0.410349 9.5157e-321 4.72821e-321
0.00136601 1.40999e-05 0.00435595 0.194444 0.000962513 0.000245078 8.56402e-05 9.88131e-324 1.97626e-323 1.97626e-323 2.96439e-323 1.4822e-323 1.4822e-323 2.96439e-323 9.88131e-324
