4.53772e-32 4.16194e-89 1.90862e-131 6.24002e-72 1.66505e-73 2.17049e-18 7.74046e-74 1.30222e-151 9.05938e-06 9.76041e-18 2.6981e-211 3.04862e-87 0.034564 2.97444e-20 5.67338e-47
4.80301e-106 0.00245969 6.98854e-36 5.15149e-88 7.82061e-135 6.94822e-33 4.06749e-15 4.44898e-164 0.224938 1.0656e-80 2.68804e-272 9.65143e-173 9.36307e-09 0.000237403 7.32576e-35
1.3412e-82 1.14783e-100 1.78656e-48 8.51796e-78 1.59878e-25 0.00841326 3.19103e-36 5.19663e-132 6.76432e-123 1.55589e-70 1.61693e-224 1.28167e-155 7.94902e-88 0.303829 7.64286e-124
3.33318e-35 1.46213e-97 2.95932e-102 6.88488e-57 7.4008e-52 1.26576e-122 1.17619e-152 4.2151e-105 0.314016 1.49047e-52 3.3585e-217 4.57825e-161 1.35177e-27 1.17419 0.281074
1.2184e-73 6.75064e-32 6.12036e-67 4.17874e-44 3.26692e-11 3.67932e-11 2.73545e-145 6.72755e-175 8.41454e-132 7.39916e-112 1.09069e-200 3.94329e-147 1.12213e-83 0.0780543 1.11806e-125
0.000552929 0.000821656 0.000623373 0.000828594 0.00218151 0.00077696 0.00191145 4.86137e-264 4.94379e-155 1.04847e-150 3.91294e-282 1.02464e-243 6.64627e-113 4.44776e-61 3.63881e-131
1.52898e-07 3.88305e-168 1.22899e-264 2.31976e-180 4.61457e-321 1.89227e-321 4.85394e-196 0.484139 3.20086e-121 0.622067 0.936985 0.304755 0.683525 2.60697e-20 1.62385e-08
1.70303e-98 8.92793e-62 2.69249e-90 7.00966e-99 6.11391e-72 6.60822e-43 1.56106e-25 4.67078e-178 3.19027e-46 4.61211e-12 9.95834e-242 3.26771e-224 1.99728e-73 0.222574 3.42159e-71
2.52003e-46 5.42541e-49 6.92765e-40 6.92977e-24 2.02846e-92 7.1674e-77 2.35832e-81 4.7289e-260 5.37861e-129 1.72668e-131 1.33287e-257 3.89697e-236 1.48309e-53 0.329425 1.86219e-126
0.010098 0.0163808 3.63867e-35 9.1227e-46 5.30361e-60 1.747e-30 6.0464e-14 5.02424e-171 7.33662e-81 7.98595e-134 2.1189e-245 5.38015e-183 1.65152e-56 0.507982 2.47041e-102
2.33806e-140 1.38649e-53 9.249e-118 2.85695e-129 8.98739e-124 2.3801e-136 1.41851e-51 1.22454e-221 2.57844e-32 1.30299e-34 2.50983e-195 1.23563e-241 0.324667 1.60583e-54 8.11793e-63
