4.58546e-51 1.49985e-132 4.54541e-218 2.07973e-173 1.56477e-179 0.00709015 7.69909e-116 2.44618e-113 6.40141e-90 0.144561 2.97516e-86 0.179478 0.589004 6.75689e-35 4.07129e-115 0.338132 0.991604 7.4084e-69 0.187057 7.70809e-07 2.84909e-27 0.168945 0.135251 1.13633e-48 1.08907e-104 0.224958 5.53663e-35 0.391287 0.33372
5.7745e-82 0.0173207 3.15826e-28 2.20762e-54 1.15147e-58 7.48823e-38 6.28505e-29 1.66581e-65 6.99847e-22 3.42083e-129 1.10398e-63 2.58766e-177 4.06507e-125 0.164024 9.13752e-73 7.19829e-109 7.4525e-137 5.82571e-59 1.80807e-81 1.3145e-28 5.06183e-197 1.05144e-205 1.27239e-110 1.31972e-104 9.27689e-73 1.12111e-176 3.58494e-36 5.62172e-204 6.1907e-112
2.47532e-132 5.12899e-91 1.60136e-29 4.93167e-23 3.12042e-12 2.21262e-17 1.6399e-52 3.12199e-82 5.47877e-81 9.39532e-113 0.0741072 4.18071e-97 9.41244e-140 1.25296e-12 5.72071e-112 2.82054e-110 1.28619e-49 1.52768 8.63954e-121 3.62698e-47 3.90847e-166 1.40992e-88 1.58078e-106 3.54255e-82 1.90325e-80 3.14016e-142 7.42206e-48 1.86785e-170 1.04366e-83
2.70329e-49 3.25715e-179 6.08531e-30 1.46069e-109 1.1146e-52 1.47869e-97 9.5641e-35 5.20082e-75 4.87366e-87 1.31056e-138 1.14348e-15 8.48209e-32 1.32766e-18 7.79087e-13 0.0704542 0.00057264 9.2064e-128 5.37309e-67 1.58107e-80 0.318364 2.75074e-171 7.5864e-79 1.35123e-09 2.98435e-135 8.00441e-144 3.22683e-119 9.77705e-31 1.64997e-235 6.68319e-83
2.53642e-101 5.12437e-112 5.47932e-72 1.02205e-34 1.64019e-71 1.17841e-45 5.08986e-51 1.1674e-25 1.92696e-33 1.27002e-174 1.51115e-115 1.17983e-201 5.99613e-117 0.248122 1.13903e-137 3.07277e-79 6.81472e-93 4.20875e-73 1.54016e-74 4.32739e-93 3.81962e-168 1.15646e-178 5.80866e-102 2.31769e-90 9.25016e-125 6.24091e-146 1.81379e-41 7.27951e-212 1.59719e-134
1.82355e-40 4.31144e-06 1.8049e-46 1.48489e-11 2.04048e-22 0.00462688 2.76897e-55 5.6325e-36 3.75076e-43 9.94204e-129 2.4835e-38 1.67152e-136 7.872e-158 0.220436 9.89555e-115 1.56082e-122 1.47465e-106 2.19267e-139 6.30541e-82 1.80262e-83 1.87038e-138 3.2713e-106 5.38149e-103 6.03077e-100 1.97376e-121 1.15108e-131 1.75273e-62 1.66697e-230 3.78397e-97
1.17677e-60 4.76958e-55 1.15457e-13 1.98057e-62 3.54527e-20 1.09738e-06 2.45734e-38 1.15377e-05 1.90914e-11 8.15836e-119 7.4845e-111 1.96687e-173 3.15012e-97 0.43437 3.34756e-78 1.82267e-74 4.28926e-76 1.91604e-144 1.49746e-99 1.4094e-36 5.36287e-148 4.23401e-151 3.56632e-91 1.49678e-81 7.44813e-43 1.76964e-134 1.22149e-39 1.46317e-159 4.475e-114
6.51361e-91 1.29677e-09 1.14647e-47 1.55452e-56 6.89581e-89 5.8622e-41 4.77908e-33 2.30929e-96 4.20204e-83 2.77361e-137 2.09456e-105 1.64315e-160 2.10733e-163 4.28037e-30 1.33048e-83 9.8814e-79 3.20579e-105 1.6109e-16 1.37871e-123 0.898803 3.01089e-69 6.30015e-118 4.06329e-105 6.28703e-151 1.49112e-15 4.83646e-145 2.36922e-17 6.95109e-200 6.90759e-61
4.4106e-05 5.2873e-146 4.34732e-37 3.43366e-18 9.54927e-50 6.1777e-20 3.77849e-68 1.35433e-49 9.45909e-54 1.55245e-90 2.22765e-87 9.08893e-144 9.56628e-185 0.249653 4.62967e-88 1.57415e-130 1.07133e-98 2.87603e-129 3.35138e-84 9.04895e-77 8.34792e-165 1.62191e-147 2.88355e-34 1.34836e-64 4.70194e-115 1.4779e-173 7.14028e-26 1.08954e-181 2.9356e-111
3.07339e-169 1.46571e-209 2.02133e-117 7.43072e-86 5.15986e-69 3.62368e-17 1.90757e-65 6.03516e-128 1.00744e-123 1.2187e-22 1.73406e-48 1.8879e-195 5.05458e-35 1.84697e-23 2.8859e-133 0.0467832 2.31158e-81 0.24718 2.99526e-65 1.3373e-102 3.02987e-110 9.99895e-57 3.28359e-20 2.11318e-121 4.27971e-86 1.31581e-98 1.55717e-40 2.69471e-211 1.19828e-70
3.41437e-134 3.49257e-136 8.6895e-93 6.30385e-86 8.36849e-34 1.14509e-64 2.0672e-122 6.05247e-90 6.86675e-72 1.61149e-95 1.26761e-40 5.59529e-55 2.82746e-37 6.4489e-81 1.67804e-110 1.3179e-165 5.80816e-94 0.0777412 9.33242e-33 3.34968e-81 8.11937e-83 7.72646e-191 1.77839e-65 5.03831e-89 4.05695e-80 4.10374e-148 0.144491 2.13418e-190 6.2721e-103
2.1139e-43 1.32314e-71 5.49747e-108 2.97858e-78 2.7799e-55 0.0359499 1.84986e-08 2.47896e-29 3.40316e-43 5.42391e-146 1.55955e-64 9.07588e-187 1.44156e-168 7.63431e-63 3.25002e-62 6.28726e-107 1.46571e-76 0.0557774 1.08715e-32 6.68861e-106 1.55957e-130 9.21454e-100 9.90794e-121 7.22753e-111 7.95187e-60 4.82465e-148 5.18179e-35 5.82966e-192 2.2737e-90
1.16669e-161 1.75036e-176 9.47939e-118 2.51667e-70 8.96837e-121 2.01794e-08 3.48604e-186 4.57292e-80 1.4704e-41 3.17283e-52 2.60956e-79 2.37375e-10 4.71288e-74 0.00904692 4.7598e-92 7.44871e-57 2.59481e-15 0.170971 2.81655e-119 1.2718e-37 0.506693 3.39741e-177 1.94639e-109 0.144422 0.0824625 1.52163e-125 2.06671e-61 2.07368e-80 2.32926e-94
5.12279e-05 5.06619e-27 0.000514059 0.290813 0.00730757 1.38486e-07 0.000904406 0.00112786 0.000513665 2.55432e-185 5.50063e-101 1.20501e-200 3.50344e-206 2.97474e-66 2.38286e-124 1.11131e-166 7.16449e-147 2.06501e-142 6.0607e-143 1.03414e-118 2.17344e-190 7.45168e-212 1.13908e-113 2.71102e-171 1.24983e-130 4.4689e-168 5.90531e-54 1.72895e-260 3.784e-127
5.51559e-89 2.81843e-61 1.98133e-45 1.23536e-42 4.50703e-32 2.46953e-48 8.37224e-101 7.21688e-43 9.7529e-85 2.29316e-153 2.9327e-82 5.60409e-100 5.15951e-88 0.519736 3.65503e-113 3.60573e-98 3.90907e-137 1.65237e-33 3.29555e-148 1.88532e-09 5.59572e-88 1.55856e-166 1.97758e-53 2.7019e-90 4.43952e-106 2.52524e-108 1.11824e-65 1.91418e-251 9.55418e-94
