5.27626 0.14067
0.000704658 0.000676102 0.000399872 0.000287579 0.000347817 0.000768854 0.0456513 0.000984696 7.11004e-145 3.83667e-122 1.14331e-80 1.46854e-302 2.00029e-162 5.78401e-115 1.75542e-189 8.12373e-280 3.64279e-168 4.92633e-163 2.25074e-135 1.92666e-112 4.55043e-172 2.41743e-106 7.56222e-232 6.42041e-66 1.10245e-274 1.4822e-323
8.52343e-13 5.1193e-94 2.0672e-134 1.42191e-22 7.54635e-43 1.54595e-14 2.9758e-99 1.57258e-98 1.75275e-95 2.72133e-89 0.140298 3.59312e-187 0.216409 1.76435e-29 4.6899e-60 5.42017e-163 1.51717e-61 1.31769e-39 0.160727 2.14039e-64 2.29262e-117 0.08805 8.36302e-182 0.111631 2.80882e-242 1.50806e-280
0.00047975 1.26042e-80 2.01249e-148 0.0307321 2.4218e-77 8.74905e-22 1.79884e-163 8.04306e-68 2.11788e-132 3.84254e-100 3.97408e-70 3.49008e-172 5.88645e-43 8.53279e-108 1.05432e-92 3.39777e-175 0.16221 6.0333e-36 1.85557e-121 0.15665 2.21391e-99 1.68919e-06 9.10523e-171 7.47103e-38 1.44721e-202 4.36551e-281
2.62703e-57 7.12559e-30 1.18292e-78 2.66847e-46 2.21756e-24 8.44351e-77 1.36283e-53 1.44919e-67 2.13101e-129 4.16809e-63 6.255e-25 8.57699e-209 5.6299e-150 5.16367e-54 6.25738e-118 6.46111e-228 1.82618e-64 1.84929e-81 2.80015e-97 2.34021e-89 6.99742e-122 5.0411e-78 2.46384e-204 0.310023 1.61198e-185 5.19696e-301
5.72161e-102 1.34655e-130 2.17382e-88 6.74598e-97 8.17661e-32 4.2539e-54 5.53349e-127 2.05576e-63 7.42499e-30 2.2444e-99 1.01976e-07 4.82923e-187 1.12783e-63 0.4196 2.08487e-31 1.57056e-274 2.39882e-83 3.78379e-58 7.21138e-77 5.14397e-105 2.84669e-98 2.57553e-49 4.82167e-207 0.0599822 8.4603e-185 2.65398e-186
8.1277e-61 1.69305e-38 5.63433e-152 3.59272e-46 2.10871e-90 9.12397e-13 1.36688e-48 1.81821e-163 0.136119 0.239034 1.77145e-46 0.264758 7.30118e-152 0.85158 1.47196 0.202726 1.68457e-78 0.48839 1.15809e-85 3.46096e-16 0.816148 1.90454e-46 0.409175 5.93853e-05 0.687161 0.437618
7.11626e-106 6.18183e-37 6.41967e-43 5.9977e-63 8.91363e-48 2.89625e-30 4.87903e-57 7.41234e-54 4.09888e-120 1.31917e-86 6.11106e-67 1.39996e-238 1.67105e-146 3.86095e-46 2.92944e-99 4.19686e-196 2.18973e-117 4.5818e-129 1.14878e-48 2.01289e-16 1.78511e-106 3.73218e-88 4.03838e-184 0.138038 3.36457e-242 7.8375e-252
3.24361e-125 1.5855e-143 9.98524e-132 1.67597e-35 1.93518e-80 1.80767e-07 3.70309e-41 2.22469e-96 4.23401e-45 9.42674e-15 1.44294e-72 6.43256e-180 2.95591e-31 5.95542e-57 4.078e-92 3.41603e-220 3.5421e-26 8.87384e-120 2.32229e-12 0.314442 1.30808e-97 1.20276e-87 1.27751e-185 1.40021e-06 3.8607e-231 1.60794e-291
9.47073e-101 6.77931e-63 1.36868e-55 2.76178e-21 3.55888e-25 7.14533e-98 6.83309e-110 1.23057e-29 4.97242e-116 1.12719e-44 0.0519463 4.68242e-230 6.4938e-23 1.33909e-68 2.15408e-114 2.804e-171 1.17554e-145 4.38245e-45 3.17336e-19 4.6288e-33 2.21934e-126 1.53137e-77 5.12987e-206 0.382301 3.83584e-144 2.53753e-198
4.03906e-09 9.37332e-117 2.5541e-11 6.27096e-40 3.191e-32 5.15232e-49 4.87439e-48 1.42659e-80 1.20004e-106 4.07615e-33 6.49839e-29 1.25768e-214 4.895e-140 0.208666 9.04111e-77 4.35596e-167 2.16169e-145 2.49826e-53 1.68615e-46 8.46235e-97 8.03705e-169 5.57796e-54 1.22642e-166 3.48265e-19 3.67472e-241 2.33602e-216
