3.73959 0.091364
0.0352519 6.09719e-06 1.17036e-81 2.81439e-95 1.24698e-19 5.60444e-27 1.20883e-56 1.85331e-75 2.0998e-107 1.38224e-98 6.58744e-27 1.47341e-88 1.74571e-70 5.91384e-13 3.17496e-19 0.522446 0.0326995 9.99464e-63 3.27499e-66 1.50699e-27 1.66339e-19 6.53117e-31 1.3501e-26 0.0885311 9.76735e-37 1.27573e-74
1.2223e-72 2.94508e-35 1.94501e-79 4.73645e-53 2.56584e-82 0.0196617 7.75058e-120 3.37509e-54 0.0663423 2.56755e-58 2.1429e-20 0.0576925 0.0415334 4.02433e-12 1.76677e-58 2.8016e-32 3.49886e-61 6.2828e-12 4.51134e-33 7.98167e-10 0.202382 3.09798e-40 2.23069e-42 2.20271e-05 0.0847878 2.07571e-18
1.33194e-34 7.55304e-62 1.33148e-12 2.20436e-17 1.77814e-57 1.75516e-51 3.94831e-74 8.6418e-29 2.86413e-94 9.87263e-50 2.55421e-14 2.90662e-112 8.61874e-20 0.148674 1.81296e-30 1.62066e-06 7.04471e-85 2.14426e-12 4.35873e-62 2.9735e-38 4.80026e-81 3.76887e-48 0.030578 5.02808e-28 3.39799e-52 0.222145
3.3991e-48 1.60456e-40 1.51244e-51 1.03006e-49 2.20588e-34 1.27515e-55 5.38822e-42 5.22166e-43 2.95626e-64 6.71937e-95 3.78202e-20 3.19979e-69 1.28628e-23 0.00737682 4.47352e-29 3.06451e-54 7.24567e-31 2.4125e-66 3.91532e-49 4.83654e-29 1.43167e-32 4.97212e-35 7.49872e-41 0.15795 9.17658e-34 1.61335e-76
6.78126e-55 2.81908e-20 8.41896e-81 4.62106e-38 6.22107e-47 4.54179e-35 2.20979e-61 3.47161e-32 1.15903e-123 8.40931e-94 2.1964e-20 1.299e-63 2.1274e-66 3.68712e-21 1.38871e-44 5.52437e-34 1.02069e-23 1.66489e-29 3.78906e-39 8.50164e-53 3.07343e-40 6.14508e-49 2.14945e-52 0.0206348 3.18074e-76 1.5459e-76
1.73417e-11 3.70153e-50 2.92826e-65 1.43223e-68 1.12828e-78 6.86609e-16 1.66134e-113 0.0913369 4.82694e-12 0.237944 0.000106926 7.45669e-74 1.03879e-20 7.69042e-40 5.89413e-21 1.66596e-12 1.82099e-62 2.35686e-72 3.4643e-21 0.0444985 2.12934e-09 1.85986e-55 4.86067e-30 0.14599 8.19842e-66 4.64479e-16
9.05766e-16 4.86897e-49 3.73537e-93 1.23449e-72 1.71887e-45 3.68542e-97 5.07305e-101 1.40974e-52 1.27699e-64 6.95352e-73 0.0140016 3.12186e-70 3.40804e-77 0.00884778 8.96708e-36 0.0997039 3.3294e-20 1.75638e-17 0.0133881 0.775403 9.7174e-66 0.1573 0.00145211 4.8578e-18 3.07673e-07 7.77035e-49
5.9252e-67 1.56722e-23 4.20362e-14 6.82884e-55 6.43173e-80 0.00265812 1.14351e-37 8.84735e-71 2.17248e-127 9.23445e-36 1.83027e-15 2.61124e-19 5.74959e-69 8.49363e-27 0.0446591 0.0132164 1.39169e-31 0.0897212 0.132454 1.28352e-10 0.0815641 7.99188e-59 0.00977549 1.55588e-27 2.48374e-50 3.08812e-32
3.17841e-47 2.71871e-11 8.32151e-54 2.10794e-32 1.98296e-32 1.88754e-33 0.0154449 6.97521e-21 2.96409e-62 1.88994e-96 9.27139e-26 1.02104e-104 8.26903e-52 3.17095e-18 2.17361e-53 0.480048 3.36231e-73 2.80292e-63 7.30395e-06 7.17231e-10 1.25904e-32 1.14978e-50 9.80883e-49 1.99793e-44 3.12517e-68 5.48075e-82
0.00438641 0.00170662 0.0276233 0.000146587 0.00015268 0.000995916 0.00108172 0.000785164 1.59161e-137 7.39523e-104 2.33532e-71 1.85677e-129 9.67049e-81 6.53009e-49 5.77102e-61 8.65644e-58 1.07155e-90 4.47283e-78 5.95492e-69 1.50499e-58 1.1906e-83 1.92558e-86 7.93732e-56 2.02913e-53 1.40944e-85 1.16832e-97
