0.000772878 0.00024779 0.0110774 7.79113e-42 1.16918e-41 2.51816e-127 9.56082e-64 1.4619e-50 9.58506e-33 1.00317e-44 1.4497e-56 1.13538e-30 1.14252e-62 3.47334e-84 8.37864e-38 1.935e-98 1.86263e-116 1.55272e-37
4.10759e-44 3.86803e-39 3.85321e-16 3.03481e-21 7.90707e-24 1.56765e-126 1.38513e-55 3.16279e-32 0.55517 3.08238e-33 3.06388e-36 1.22031e-17 1.98863e-53 4.30898e-54 7.6532e-26 1.88727e-61 6.65674e-98 1.76694e-15
5.04851e-59 5.07947e-13 1.07016e-54 5.62575e-06 0.0393531 4.5084e-48 0.0429755 4.57399e-35 5.5956e-11 1.44367e-36 7.78578e-16 9.55824e-29 8.09371e-36 0.029572 4.40065e-16 0.027409 3.79421e-56 1.23638e-09
1.8038e-45 5.39136e-48 8.97413e-38 0.518328 9.93385e-21 0.0194338 1.55111e-13 7.68393e-46 8.23863e-14 1.14344e-12 3.12744e-39 8.24056e-13 1.09575e-22 0.0899825 0.0218413 1.6264e-10 0.10773 1.00653
1.59013e-10 1.23302e-42 2.25817e-45 1.1235e-34 0.0192249 1.73845e-96 1.75622e-34 4.98298e-42 0.46274 0.126473 4.73792e-26 2.59559e-13 6.49936e-35 2.3949e-61 2.2741e-18 1.51999e-50 1.25724e-62 3.71035e-19
3.35862e-33 1.96847e-05 9.65269e-52 6.2912e-39 4.16417e-16 4.18536e-82 5.19182e-22 2.78756e-34 1.00429e-23 2.57103e-13 4.46785e-40 9.39958e-27 9.20274e-19 6.83268e-57 1.01247e-20 7.50543e-65 1.86023e-68 0.350194
3.68168e-56 9.63169e-20 1.60047e-27 9.05228e-39 1.98007e-10 3.07448e-122 1.20712e-59 4.83969e-46 0.476988 1.02998e-31 5.75455e-39 5.91545e-25 4.2605e-11 3.34202e-79 1.30403e-13 6.14622e-38 9.21866e-81 0.654612
5.03341e-47 6.73081e-37 4.56823e-30 1.47674e-34 6.58396e-12 1.11651e-98 1.46062e-37 2.21139e-41 0.0555261 3.63323e-26 5.44458e-22 0.0245609 9.94394e-60 8.84139e-70 4.4123e-24 2.41433e-80 8.38643e-108 2.05527e-12
1.77403e-46 2.34495e-16 5.17991e-49 3.43627e-26 7.31896e-12 7.61599e-116 2.39895e-30 6.12702e-40 0.193161 2.37337e-32 2.03744e-42 2.4094e-06 2.07773e-31 3.44128e-74 3.4978e-16 8.0132e-49 1.57607e-90 4.26327e-24
1.05848e-66 8.65871e-44 5.41624e-56 6.74241e-33 2.29505e-15 4.57372e-122 2.39761e-29 4.68503e-29 4.48007e-05 3.2266e-32 0.0291339 1.14178e-09 2.38663e-39 1.802e-64 0.0919965 3.68635e-23 2.5279e-107 1.30261e-26
1.18151e-17 1.29361e-31 1.16615e-25 8.19475e-19 4.40834e-31 1.63367e-103 3.00588e-47 1.07595e-36 0.944916 1.33639e-07 1.16758e-12 3.55928e-12 4.44144e-34 8.27534e-81 2.59721e-09 2.40682e-90 2.98947e-85 4.18511e-20
2.09116e-74 2.3361e-31 2.72751e-15 6.23319e-26 6.94774e-15 3.61272e-109 2.52047e-23 0.0516268 0.0556479 4.67707e-07 9.49267e-48 0.0963413 0.0669378 2.15552e-51 0.0229795 4.11348e-67 2.08132e-82 5.98408e-15
