2.24859e-144 6.62079e-105 2.96287e-106 2.17619e-263 7.56935e-315 9.15504e-321 5.652e-281 1.88069e-82 1.47896e-239 3.41092e-250 2.37244e-156 2.03995e-268 1.57266e-224 1.08556e-201 0.116399 3.5968e-321 2.15976e-148 1.02272e-321
2.79427e-218 1.71171e-92 5.08943e-203 1.46604e-213 6.08484e-32 1.06927e-171 0.181286 2.03038e-292 3.28413e-205 1.4086e-78 2.81682e-48 9.02537e-208 1.55692e-201 2.82133e-259 0.0389861 0.700661 1.12153e-321 1.17078e-95
2.42892e-61 1.37626e-282 5.58087e-191 4.80778e-45 2.39622e-321 0.167864 1.1328e-178 9.38231e-321 0.536028 5.30667e-10 6.90655e-137 6.37821e-82 6.11035e-313 2.32441e-144 1.97273e-118 0.219505 2.83025e-304 2.59424e-19
1.48496e-64 1.12558e-89 3.29026e-142 5.2957e-42 2.30729e-321 3.71757e-315 3.08693e-120 7.42271e-146 7.3977e-239 5.14305e-91 2.61829e-181 7.1211e-127 1.21244e-320 6.92304e-59 2.5521e-167 8.5044e-298 1.95051e-257 0.0255887
2.30118e-26 0.00339821 6.83542e-265 2.57139e-214 0.733907 1.71342e-320 4.75905e-105 6.11756e-178 9.09176e-152 0.736996 5.39499e-218 1.16449 3.35795e-25 4.61775e-318 1.33144e-149 1.54917e-133 0.399304 5.90828e-268
1.19263 0.00866303 3.14734e-97 7.33833e-212 1.37519e-264 1.08694e-322 4.78183e-157 9.02955e-275 3.00452e-180 9.74042e-181 1.28598e-133 3.45846e-323 1.18576e-322 9.47764e-174 1.64991e-169 1.23163e-217 1.3437e-187 1.17009e-171
1.40995e-215 4.50376e-267 9.84345e-221 1.05419e-201 1.70976e-61 1.10498 1.18734e-260 1.5949e-87 2.31486e-31 2.64927e-159 2.87103e-62 3.95675e-215 6.87439e-283 2.09547e-267 1.26742e-32 3.7549e-321 1.1326e-32 1.00286e-125
1.31954e-165 2.28538e-88 1.51269e-88 7.05068e-235 3.6509e-198 1.02519e-320 1.44085e-224 1.36185e-67 2.64024e-171 2.27901e-57 0.325402 2.65807e-321 1.07573e-244 2.57123e-294 2.52579e-80 3.38552e-289 7.53633e-230 2.76472e-205
1.54421e-55 2.42056e-67 3.35318e-93 1.18522e-237 1.51428e-142 0.70527 9.09892e-66 2.1205 6.00084e-183 4.58518e-212 2.44216e-189 3.7302e-321 3.46945 0.581145 4.45863e-30 9.84205e-244 3.53614e-261 1.51184e-321
1.44477e-157 9.71035e-246 0.0167935 1.31879e-150 2.00097e-321 1.13882e-320 8.01998e-172 7.87047e-321 2.83049e-103 6.40019e-26 0.0904267 6.7274e-132 5.68542e-157 9.81788e-201 9.80105e-144 3.87842e-321 1.71129e-310 3.70667e-118
3.45783e-172 3.30036e-321 2.2209e-96 3.15411e-214 2.98461e-62 2.53178e-12 2.30434e-273 1.02766e-320 3.77236e-217 9.46253e-78 0.194616 5.98712e-38 5.82284e-21 2.32889e-139 4.61369e-125 4.50588e-321 6.04511e-124 0.306601
1.89732e-196 1.2109e-191 1.60637e-92 0.2773 3.5866e-176 0.892626 2.69253e-165 1.46762e-150 1.69372e-50 1.6875e-34 0.118805 3.11261e-321 7.54898e-101 1.33577e-59 3.19253e-34 3.99076e-298 1.17588e-321 4.00666e-266
