1.12136e-115 6.30003e-46 6.24911e-51 7.69629e-81 1.14703e-67 0.000937944 1.80684e-138 1.20208e-194 1.41915e-189 3.33168e-170 0.00577217 3.43969e-142 1.85593e-62 8.01495e-128 2.512e-101 1.9227e-31 7.03251e-09 0.199527 0.405004 0.0528098 0.00370091 2.55737e-105 5.52337e-80 4.79162e-86 1.21288e-140 2.16456e-117 2.54836e-149 2.79276e-146 1.45715e-92 4.13124e-104
2.68937e-116 2.72853e-76 2.134e-104 1.31507e-72 7.95773e-28 3.04188e-73 0.000414919 1.24913e-105 5.25569e-43 2.10148e-96 7.08091e-128 2.3487e-71 1.96067e-300 1.27822e-85 8.35858e-50 1.03668e-51 1.17928e-78 2.4784e-76 2.27297e-142 7.01996e-96 3.6255e-113 3.38064e-41 1.04525e-132 2.36492e-38 4.10236e-100 1.09866e-52 3.16243e-175 0.511607 3.62844e-200 7.82123e-230
6.61508e-29 7.26159e-45 1.64127e-08 1.64535e-12 3.0769e-76 1.69874e-130 1.56172e-125 1.09385e-179 6.04182e-12 6.84637e-08 1.54219e-82 2.1711e-28 1.57564e-139 3.0718e-57 1.4427e-103 4.89352e-40 2.81197e-13 7.27627e-05 1.38595e-187 4.56589e-158 3.08207e-167 7.11481e-91 6.98652e-154 7.18098e-86 4.29361e-25 2.86702e-58 7.79384e-171 0.184957 1.54331e-102 1.12337e-77
3.68552e-150 4.73034e-105 1.44271e-41 1.93625e-28 7.30129e-152 1.39131e-134 7.13548e-64 2.31053e-149 1.67878e-133 1.25639e-199 2.72766e-39 0.228587 0.15906 0.0948154 2.74869e-99 2.54738e-82 1.8452e-140 1.12362e-112 6.73696e-23 2.2342e-62 0.49274 9.46926e-88 5.18546e-39 0.628766 3.03656e-63 3.86285e-99 3.26784e-74 3.88561e-52 6.75359e-176 2.62646e-32
3.42416e-138 2.29461e-104 5.00439e-135 5.29292e-22 6.36469e-70 1.44853e-194 1.58004e-52 2.37934e-152 1.20585e-24 9.49412e-86 1.12359e-153 5.29707e-107 4.26518e-229 6.7356e-121 3.78893e-106 6.18627e-110 3.8544e-74 3.73842e-114 2.99507e-91 0.388162 2.47037e-29 3.97411e-118 3.60515e-11 9.98062e-117 7.63771e-138 2.10478e-72 0.290268 2.9716e-112 2.99407e-33 7.19031e-119
4.17019e-104 7.43022e-129 6.09488e-44 2.62129e-11 2.03366e-126 1.15825e-15 8.06421e-52 2.4744e-140 6.49267e-55 7.10593e-189 5.72837e-167 1.02355e-11 1.80801e-163 1.07367e-20 1.17504e-141 3.39978e-111 3.63374e-33 2.49583e-156 0.189019 3.60241e-165 2.16116e-155 3.98728e-124 0.396895 3.89992e-87 6.44226e-15 1.50245e-120 5.96454e-13 2.19738e-109 1.596e-07 0.184545
1.99843e-57 1.14872e-63 5.19559e-15 1.8737e-71 1.05489e-79 5.35616e-17 1.9353e-76 6.3214e-109 1.76772e-41 2.79008e-33 8.48732e-83 3.18121e-139 5.41449e-291 1.03436e-85 1.32834e-81 1.34476e-123 2.07086e-112 2.43398e-81 1.76484e-143 2.28171e-143 4.01669e-98 1.13427e-49 3.45887e-64 1.28162e-33 1.23533e-155 3.16324e-152 2.10017e-182 0.344271 1.75752e-177 2.54407e-185
5.37826e-149 3.48988e-111 2.46961e-148 5.67777e-23 4.69416e-115 1.34651e-115 2.21203e-134 6.75924e-05 3.39927e-10 4.27337e-151 4.59615e-101 0.24445 2.18355e-251 4.52586e-175 2.80072e-100 0.0720371 0.159675 4.79491e-138 2.19615e-154 1.06569e-62 3.40131e-131 2.65276e-86 2.09641e-108 7.00969e-32 6.34491e-21 1.02001e-56 9.87438e-135 4.11402e-84 2.85166e-104 8.88342e-96
9.29958e-78 2.41174e-27 8.22899e-141 2.81561e-66 4.44188e-21 7.86254e-135 3.1255e-98 6.96631e-23 1.80037e-183 8.00245e-12 3.58636e-138 4.39147e-70 2.16035e-248 6.90749e-86 0.0389234 3.67075e-44 1.72512e-13 3.54208e-94 7.49502e-102 4.84679e-21 2.51082e-146 0.291917 2.20168e-89 6.83861e-108 4.21559e-120 3.4386e-56 3.48438e-155 6.69786e-96 3.83384e-114 6.45118e-160
0.00114884 0.000663932 0.000913281 0.000174005 0.00160985 4.9104e-05 0.00016441 0.0016942 0.00705428 0.000455202 3.02534e-196 2.24787e-166 1.00867e-305 1.36522e-192 3.5984e-153 1.9714e-238 1.63746e-143 2.40276e-182 6.00867e-215 7.81809e-197 7.84046e-175 2.83258e-132 1.09825e-190 4.97731e-132 1.71119e-165 9.94567e-168 8.04877e-209 7.62632e-149 2.25271e-214 2.23891e-241
1.76885e-171 5.83209e-65 1.44116e-119 2.2344e-149 1.82002e-12 8.36157e-101 1.3975e-117 2.40067e-64 4.82259e-71 2.37239e-74 3.01477e-160 5.02984e-136 1.3329e-149 3.3453e-129 4.29672e-36 0.124468 2.05186e-101 1.07372e-158 4.30964e-155 8.47489e-184 2.44948e-54 5.55776e-112 3.76772e-145 1.56555e-107 1.50505e-134 9.79412e-122 1.06021e-189 2.94268e-70 7.20139e-98 4.86945e-114
9.34621e-111 1.81357e-54 7.11082e-65 5.84556e-74 1.31153e-170 2.86585e-87 8.62607e-118 4.12428e-199 5.40336e-157 5.26633e-165 1.79018e-78 3.577e-137 3.76509e-76 9.33303e-55 5.0364e-133 7.89246e-223 1.44953e-33 0.0278532 1.25812e-204 3.08498e-41 7.51861e-76 1.22531e-37 6.25862e-80 2.13588e-39 1.6753e-69 0.0348599 8.45592e-168 3.26109e-65 8.27169e-10 1.40311e-202
2.04723e-55 6.56991e-32 6.93004e-99 1.73877e-135 2.46197e-56 1.51518e-124 1.04984e-17 2.15455e-163 1.08913e-206 3.46017e-75 8.23042e-180 1.23356e-143 1.21462e-191 6.59158e-46 8.5104e-144 7.48665e-221 1.11013e-19 4.13806e-57 7.83606e-201 1.09592e-82 2.13414e-29 7.5541e-123 6.41112e-158 0.0383734 7.49362e-36 0.173566 8.41827e-36 4.58053e-45 2.35362e-207 9.06723e-60
0.000455017 5.26585e-05 4.17048e-06 3.21845e-05 0.000474644 6.16292e-08 5.43275e-06 0.020314 0.0311898 6.26815e-07 8.63667e-196 2.18986e-164 1.42809e-300 8.40536e-191 1.21726e-151 6.5208e-238 1.42009e-143 1.05882e-178 8.77141e-211 2.3694e-195 9.54303e-172 3.14345e-131 1.38818e-186 1.43586e-131 4.16538e-164 9.16569e-165 4.29031e-204 5.21469e-147 4.585e-212 8.2108e-239
8.86036e-158 1.87232e-91 8.62948e-61 7.03797e-114 2.10105e-18 5.49054e-145 0.015515 6.81512e-183 7.44433e-65 6.01065e-18 1.13382e-172 7.07552e-62 2.41925e-54 7.23619e-127 1.19293e-84 1.12234e-140 2.67866e-33 1.7303e-94 1.13434e-149 8.54272e-188 4.14634e-108 1.30478e-68 6.43202e-69 6.3683e-08 0.0978437 2.54366e-37 2.41138e-46 0.00131424 0.750947 6.56724e-166
1.2812e-164 1.79127e-62 6.19594e-193 5.68439e-96 2.55412e-52 8.29664e-122 2.4966e-161 2.9806e-26 1.12731e-200 1.80193e-188 0.25279 4.79661e-48 1.60704e-80 4.91496e-142 7.41998e-41 7.22995e-121 1.11064e-14 9.30058e-136 7.7852e-65 2.86239e-132 1.00183e-49 0.000137121 4.86512e-139 1.04506e-62 6.35538e-73 8.42305e-40 2.00994e-151 1.10784e-62 6.43557e-145 8.05937e-07
4.87497e-96 4.32091e-57 8.39932e-153 1.42801e-68 1.25242e-16 3.55078e-42 5.63354e-40 4.57391e-48 8.10967e-05 1.49307e-22 1.86018e-73 9.47938e-82 2.88193e-266 5.7391e-81 1.37424e-72 6.88925e-54 3.11088e-76 2.97097e-93 1.6984e-136 3.67731e-101 2.14445e-148 6.70434e-99 4.36024e-53 1.07062e-67 6.26211e-135 8.04987e-102 1.48278e-194 0.227507 2.67397e-172 8.41868e-209
1.69819e-161 7.33169e-75 6.57465e-72 3.11857e-59 5.35084e-86 1.05333e-120 1.80373e-126 1.32049e-49 4.47487e-135 2.70464e-59 1.29898e-90 7.08085e-130 5.49473e-281 5.76755e-104 0.111246 3.49393e-168 0.0110526 7.45359e-149 1.12736e-145 0.0339125 7.69762e-82 4.10361e-74 2.00157e-37 1.93138e-68 4.51319e-39 1.99714e-135 5.31627e-109 2.0149e-11 2.84668e-120 1.38445e-102
