3.43243e-06 4.02488e-121 1.69595e-71 6.01758e-130 1.33522e-69 8.09123e-132 4.20046e-63 5.53834e-78 8.69079e-26 4.86955e-116 3.59023e-225 3.44825e-97 4.60542e-311 2.6736e-160 3.66334e-57 1.27216e-241 7.00261e-214 6.27463e-322 6.96633e-322 0.190413 5.58788e-321 1.13333e-124 1.45589e-227 2.03549e-146 5.21239e-321 1.16931e-137 6.98549e-153 2.14984e-207 4.40713e-170 2.00591e-321
1.28614e-72 0.00439801 1.00564e-130 1.59847e-253 2.81194e-307 2.32118e-215 2.19734e-46 4.54674e-129 5.6922e-167 5.85749e-67 4.14665e-97 1.81301e-77 3.05674e-15 4.65108e-69 8.3321e-155 9.86912e-113 0.127913 3.50008e-212 1.57752e-246 5.15964e-24 1.88608e-185 1.95341e-177 2.63694e-53 1.20757e-95 8.57698e-321 1.7002e-195 8.37034e-261 6.78036e-265 1.23619e-16 3.44364e-321
1.30164e-97 1.15801e-247 3.50778e-190 1.59661e-08 1.43353e-46 6.28353e-116 3.30926e-09 1.23218e-241 6.4255e-240 1.06219e-127 7.32889e-173 7.598e-192 8.96823e-122 0.366184 9.56448e-176 2.37813e-301 9.36285e-111 1.81319e-280 7.01863e-138 0.640955 1.33902e-138 2.45245e-87 2.0361e-50 2.92412e-78 1.51844e-206 1.20211e-64 1.35417e-220 1.05673e-308 1.18841e-145 3.91642e-285
2.19506e-145 8.82687e-85 1.05684e-08 7.75475e-77 1.4331e-160 9.7189e-111 1.47954e-146 8.10487e-06 2.98474e-77 1.62622e-181 4.50039e-209 1.06882e-188 8.6189e-193 2.95641e-95 1.44937e-54 2.60368e-317 4.93778e-180 7.18079e-173 2.98867e-309 0.465762 1.67597e-137 3.80564e-110 1.10355e-240 2.83357e-140 6.7934e-321 3.60982e-121 2.14121e-242 3.3056e-228 3.82473e-153 4.77349e-286
1.10316e-275 7.79145e-154 3.6185e-291 3.76444e-161 6.30296e-28 5.87442e-20 2.08606e-81 3.56391e-215 3.33625e-192 4.59974e-52 1.59495e-73 8.52389e-36 6.0276e-322 1.05384e-41 9.65553e-95 1.65018e-321 8.50039e-162 1.06224e-321 1.11659e-321 7.76874e-07 1.49177e-188 1.62303e-113 9.88267e-143 0.162222 2.79148e-317 1.16923e-161 5.47353e-11 1.34345e-259 0.186584 3.28554e-321
2.78251e-25 2.07836e-219 1.91469e-208 1.18361e-109 1.08865e-242 2.25114e-205 8.69008e-173 2.87176e-106 1.87767e-103 1.91025e-21 1.84315e-122 8.08324e-166 2.43319e-14 1.36199e-187 1.34041e-156 2.66759e-216 5.82291e-133 1.0573e-321 5.78021e-120 0.273481 8.77046e-144 2.37484e-72 6.68027e-135 1.47793e-05 3.52957e-271 6.10125e-139 7.54551e-101 1.43773e-321 1.88596e-116 3.1844e-160
2.11796e-33 2.57608e-120 8.74496e-322 2.2682e-216 1.45696e-130 6.90799e-256 9.04339e-32 1.37896e-32 6.25462e-204 4.63936e-120 1.48046e-90 1.35755e-152 6.96633e-322 4.47049e-50 4.71564e-132 7.50511e-266 0.166717 1.22528e-321 3.05129e-154 0.391787 3.49308e-317 2.77932e-259 1.47429e-111 8.15631e-86 2.27295e-262 9.88241e-92 1.42043e-221 1.68476e-321 2.93409e-154 1.50839e-135
4.88216e-95 3.42993e-96 1.09743e-144 0.00230801 3.35996e-166 2.73274e-135 8.78555e-140 4.55868e-96 5.89673e-13 1.96961e-85 3.75905e-131 3.18309e-153 4.05134e-322 2.3411e-139 0.195988 5.28998e-282 1.52343e-159 6.62048e-322 2.91422e-303 8.53353e-82 7.59054e-181 2.52513e-151 1.29065e-119 1.24618e-143 6.1857e-321 1.233e-163 1.13186e-177 6.91113e-308 5.12315e-101 1.73911e-321
8.10036e-114 1.83416e-72 1.55445e-90 2.17428e-137 1.81531e-57 1.34199e-129 5.95964e-166 4.00494e-203 3.32844e-37 4.11482e-172 8.49463e-204 5.08945e-145 4.29837e-322 1.98406e-55 1.8632e-113 2.81621e-203 7.03973e-122 5.58816e-141 8.20149e-322 0.099278 2.11451e-148 6.60306e-108 8.56228e-136 4.5341e-46 6.01772e-321 2.20881e-158 7.70628e-162 7.03593e-116 1.56156e-25 1.03869e-233
8.53583e-81 5.24523e-105 2.00922e-88 4.10842e-34 1.40935e-111 3.77647e-18 4.04578e-90 2.85887e-74 4.36658e-119 5.91025e-51 2.87069e-147 1.53073e-121 6.79572e-311 8.99601e-177 2.18151e-198 8.49979e-297 2.46608e-79 1.15846e-237 2.32151e-308 0.425123 1.02021e-182 1.45452e-265 3.42367e-119 3.90709e-62 5.61753e-321 3.98581e-178 1.00233e-241 7.47764e-312 1.91987e-167 1.7737e-321
0.00100052 0.000333934 2.57001e-05 0.000712328 0.000306885 0.000282697 0.0027034 0.0203816 0.000881036 0.00117166 4.27683e-243 1.27365e-226 0 4.94002e-203 1.15057e-225 4.94066e-324 2.03359e-220 4.94066e-324 4.94066e-324 1.44732e-137 2.96439e-323 4.23445e-276 2.92351e-279 1.1578e-148 3.45846e-323 4.19542e-213 4.94066e-324 4.94066e-324 5.32796e-202 9.88131e-324
6.6785e-93 3.33144e-245 3.03847e-29 1.28739e-43 3.68445e-288 2.42911e-76 6.15386e-263 5.07441e-261 2.40357e-175 1.36885e-145 6.23876e-27 2.8936e-181 2.72574e-263 7.19691e-92 3.50966e-187 2.97976e-91 2.48665e-142 0.286525 2.49009e-226 1.36359e-40 1.78141e-276 6.84236e-90 2.20238e-76 1.81731e-85 7.54179e-206 0.102193 1.7737e-321 1.71441e-321 1.9708e-18 1.54765e-103
7.6535e-152 4.88651e-85 6.97274e-17 7.1575e-22 1.55386e-129 8.1571e-149 5.3563e-89 1.07903e-140 2.15321e-82 8.37298e-185 2.49637e-177 9.27562e-93 5.90416e-138 2.40282e-120 8.03813e-47 1.20552e-321 2.73972e-119 7.85564e-322 4.04652e-223 0.295278 2.39107e-168 2.26201e-187 1.4052e-100 1.78889e-110 5.95349e-321 2.23345e-99 6.0156e-186 1.14979e-229 2.73483e-124 3.17734e-279
7.02464e-105 4.33334e-55 1.0044e-189 5.21765e-208 1.74449e-97 5.6498e-37 2.91877e-168 1.32669e-292 1.19054e-30 7.44696e-212 3.51312e-125 5.09103e-34 1.61837e-138 1.26913e-33 3.39295e-38 1.07541e-146 2.27936e-110 4.6914e-123 4.94781e-310 2.48648e-68 3.10159e-24 5.56749e-264 9.34744e-222 0.11368 5.17779e-287 1.768e-73 1.3488e-321 2.42738e-152 2.15965e-187 6.22362e-273
2.56829e-153 6.31699e-153 2.82233e-127 3.48231e-217 8.02282e-287 8.01834e-74 3.01022e-249 4.05041e-138 2.70618e-138 4.49261e-31 2.42015e-114 1.1046 0.133991 6.67577e-22 1.41324e-13 2.1514e-303 1.67579e-137 1.09846e-57 3.33022e-315 1.74386e-68 1.87951 6.61664e-20 2.37124e-84 1.51999e-75 8.07303e-321 0.56114 0.000100436 2.31395e-177 4.9367e-29 2.55036e-260
0.000108356 1.3434e-95 9.8328e-222 6.18886e-22 1.06998e-237 1.72422e-232 1.486e-89 2.76387e-259 2.22923e-82 4.66201e-302 3.92474e-56 7.09841e-37 2.41642e-42 3.60266e-154 9.03367e-161 9.33158e-247 2.71247e-77 1.87911e-207 9.28843e-322 7.34518e-68 1.87802e-98 5.8354e-87 1.04615e-192 2.34646e-49 5.03307e-171 2.03992e-85 2.77095e-286 0.362074 0.114373 2.8065e-238
0.00431529 1.77408e-06 0.0021774 3.47243e-06 0.00109916 0.00944889 0.0288371 0.002288 6.38122e-06 0.00105068 5.24712e-242 7.17339e-227 9.88131e-324 1.72246e-201 1.37747e-226 2.47033e-323 1.45999e-220 9.88131e-324 9.88131e-324 4.25215e-136 9.82697e-321 5.99661e-275 2.49905e-279 4.49587e-149 9.88131e-323 1.03738e-211 1.97626e-323 1.4822e-323 3.52236e-202 3.45846e-323
4.12286e-249 7.01079e-321 2.01737e-05 1.40418e-318 2.3989e-283 5.50278e-296 2.50797e-42 3.02714e-320 0.471584 2.37646e-321 1.52507 5.94748e-06 1.87452e-33 8.64542e-85 1.96999e-131 0.509674 3.62338e-63 1.20349e-33 0.328791 5.23271e-103 3.51902e-67 0.152343 0.513028 6.21784e-90 3.02593 2.24907 0.456267 4.84078e-271 7.97376e-152 1.03702
