1.42539e-227 3.1472e-321 1.72923e-321 6.52477e-43 0.0371096 1.99108e-321 3.72304e-249 6.41912e-171 0.041528 4.80139e-80 5.47827e-128 4.59965e-200 2.77613e-147 8.3384e-29 1.59661e-25 1.45255e-321 1.20503e-320 2.75451e-145 5.19351e-290 3.98954e-170 0.812105 1.46637e-316 0.915276 6.09973e-303 1.32813e-137
4.99362e-47 7.55231e-05 2.13349e-14 1.00872e-153 5.45594e-172 0.00167219 1.33302e-256 2.06443e-52 1.42874e-106 1.36327e-181 4.62975e-262 2.95945e-321 0.57682 1.9592e-66 0.407712 2.97562e-206 2.15961e-275 0.0650346 2.22501e-264 3.6215e-321 1.28457e-321 5.92879e-322 4.99932e-224 1.33892e-321 4.22642e-302
4.54442e-64 1.04243e-114 1.93794e-154 9.66886e-321 1.15892e-197 2.95451e-321 4.16991e-321 1.23516e-322 3.52972e-94 5.67466 1.05667 2.10957 1.84824e-190 2.01295e-150 0.000143359 0.488552 5.22162 3.18821e-102 8.21751 3.02234 4.44517e-27 0.392241 0.300978 1.32879 1.34511
1.52268e-13 3.70119e-104 7.59112e-28 0.000287942 3.06459e-162 7.73825e-63 4.67209e-221 2.37166e-131 0.399351 1.8057e-255 3.96024e-164 3.15708e-321 2.31449e-116 5.54705e-187 5.71075e-45 7.06514e-322 7.32205e-321 3.67439e-17 9.76716e-209 3.58198e-321 7.79768e-306 3.12597e-127 1.75511e-254 1.27469e-321 2.15413e-321
7.92472e-71 7.84489e-97 3.54868e-39 4.56717e-08 5.10416e-38 0.117431 2.34962e-67 2.58594e-74 0.156073 4.71339e-321 3.77675e-302 1.56619e-321 1.15723e-103 6.40438e-148 5.58027e-53 3.7549e-322 3.51775e-321 2.14273e-137 7.34257e-311 1.68476e-321 7.11455e-322 3.0138e-322 1.31421e-321 5.53354e-322 9.98013e-322
2.78198e-129 7.32469e-56 3.78707e-96 2.15403e-38 4.97266e-108 1.46668e-59 3.46807e-117 1.66582e-34 0.216139 5.36028e-238 2.85926e-121 3.07309e-321 8.77915e-167 1.44977e-148 2.04865e-62 2.17301e-261 5.04935e-321 2.71729e-97 1.99065e-219 3.06321e-321 1.5316e-321 4.99006e-322 1.54013e-146 1.15611e-321 2.36443e-318
6.12641e-117 4.93152e-68 8.39461e-99 9.48612e-153 1.59023e-17 1.44746e-41 5.55463e-63 3.38255e-79 0.061174 3.83281e-293 2.09048e-271 3.0978e-318 3.51713e-183 1.02124e-102 2.33638e-30 6.22474e-224 3.98217e-321 2.36644e-163 3.10631e-290 2.6729e-321 1.2154e-321 1.07758e-316 2.08182e-279 8.59674e-322 1.38338e-321
1.10363e-40 6.55179e-155 9.74054e-43 3.03515e-55 2.92728e-30 7.14478e-25 1.73279e-173 0.00764931 0.445082 2.48848e-282 8.97111e-288 2.1393e-321 1.58938e-189 1.36735e-175 1.17072e-77 4.31161e-299 3.92103e-316 1.19588e-34 3.73797e-305 2.61361e-321 9.93072e-322 2.22179e-280 9.05292e-299 1.04742e-321 1.38338e-321
2.68738e-62 3.92092e-221 4.11857e-59 6.21844e-201 3.20947e-73 7.052e-145 4.20709e-122 1.68942e-05 0.361402 2.67688e-204 8.65037e-159 3.58168e-302 7.9126e-19 0.401931 0.000871349 2.64082e-95 1.53082e-190 5.51745e-129 3.03222e-266 5.49401e-321 2.10472e-321 3.17179e-211 2.279e-203 1.30927e-321 1.60161e-245
2.58457e-160 6.71453e-203 1.01743e-148 3.11896e-56 8.51666e-75 3.8918e-264 8.20161e-166 3.17538e-192 0.367616 9.00188e-321 7.70141e-63 2.53216e-290 3.07219e-107 2.45033e-65 0.0217577 9.28783e-287 9.13527e-321 1.61473e-23 3.11296e-245 4.6294e-321 1.57607e-321 7.11455e-322 6.9198e-205 1.11165e-321 1.86369e-312
0.00587888 0.000350835 0.0115179 0.0616517 4.61428e-07 8.76859e-13 1.29433e-20 1.09614e-11 8.00248e-119 4.64422e-322 2.3424e-297 1.58101e-322 2.55999e-193 1.30917e-187 8.64501e-129 3.95253e-323 3.21143e-322 1.21177e-164 7.85564e-322 1.82804e-322 7.41098e-323 2.96439e-323 1.4822e-322 6.42285e-323 9.88131e-323
7.42118e-190 2.50986e-09 1.74992e-94 4.94293e-186 1.62433e-108 5.05143e-117 2.6682e-226 1.44604e-56 1.9311 2.49692e-302 1.09302e-180 3.72222e-284 5.08901e-34 4.74488e-59 7.62018e-13 1.18203e-287 2.04998e-319 0.000665448 1.25888e-320 3.10767e-321 1.31421e-321 2.36341e-128 6.46996e-282 1.0326e-321 1.70453e-321
1.677e-07 0.027932 1.25272e-07 6.47011e-15 3.6822e-08 3.20705e-06 0.0499427 1.66844e-15 2.56424e-113 5.38532e-322 7.12998e-310 1.87745e-322 1.79724e-188 1.31123e-177 4.302e-126 4.44659e-323 3.90312e-322 3.03586e-154 6.85269e-320 2.2727e-322 8.89318e-323 3.95253e-323 1.77864e-322 7.41098e-323 1.18576e-322
