3.66943 0.439216
6.14124e-321 2.04543e-321 2.50491e-321 2.6729e-320 1.28664e-269 4.374e-209 4.99006e-321 2.27137e-254 6.91488e-291 4.04393e-174 1.6403e-321 7.12507e-96 1.67785e-320 3.69122e-28 3.7563e-227 2.23812e-321 1.87251e-321 2.63062e-72 0.702163 1.12647e-321 3.48001e-24 1.35078e-320
4.05628e-321 1.48714e-321 2.37152e-321 1.50937e-320 1.38073e-257 2.831e-321 2.07508e-321 0.255197 3.15214e-321 3.83889e-321 1.39327e-321 3.7045e-164 1.10819e-320 2.12949e-170 2.08104e-44 1.29939e-321 1.18082e-321 3.21288e-185 1.28872e-253 6.0276e-322 8.42112e-138 7.21336e-321
1.72439e-120 2.19859e-321 1.51679e-312 1.24872e-203 1.5652e-320 7.11268e-267 3.75984e-321 2.24605 4.68868e-321 6.52574e-284 2.33199e-321 0.638844 9.3329e-321 2.56632e-116 8.0414e-301 1.82804e-321 2.21507e-159 2.00964e-12 0.140023 8.15208e-322 3.22202e-284 1.24949e-320
0.188998 1.93674e-321 2.29741e-321 2.56272e-212 2.90539e-273 4.5454e-321 2.32211e-321 1.0646e-266 4.32802e-321 4.54046e-321 1.32904e-321 4.8562e-178 1.72281e-320 1.93081e-168 6.8262e-71 2.03555e-321 1.45749e-321 2.17258e-121 3.15741e-18 9.33784e-322 2.08496e-321 1.15167e-320
5.43078e-96 2.47527e-321 4.40212e-321 2.2811e-320 1.99504e-320 3.87347e-321 5.17781e-321 0.120254 6.81811e-321 7.8013e-321 2.73218e-321 3.37178e-114 1.13487e-320 3.25095e-321 6.86492e-106 1.74899e-321 2.50985e-321 3.94461e-86 6.81708e-40 1.71935e-321 3.34482e-321 1.00888e-320
5.75663e-280 4.39718e-322 8.20149e-322 6.22029e-321 5.03947e-321 9.73309e-322 8.10268e-322 7.90947e-218 1.58595e-321 1.67982e-321 4.59481e-322 5.70671e-312 3.49798e-321 8.54734e-322 3.67957e-192 5.08888e-322 6.12641e-322 7.55504e-222 1.22662e-314 2.71736e-322 8.39912e-322 2.46539e-321
4.48612e-321 1.12647e-321 2.41598e-321 1.23862e-320 1.08744e-320 2.05037e-321 1.86757e-321 2.77823e-88 3.78454e-321 3.74008e-321 1.14129e-321 2.16895e-321 7.4011e-321 9.04224e-198 0.191428 9.88131e-322 1.56619e-321 4.08901e-105 2.03276e-165 8.69556e-322 3.94006e-179 5.84974e-321
0.0969734 1.3488e-321 2.76183e-321 3.0615e-234 1.43773e-320 3.74502e-321 3.76972e-321 5.01249e-201 4.80726e-321 4.03652e-321 1.46737e-321 1.47002e-111 7.62837e-321 2.35607e-229 2.42232e-60 1.20552e-321 3.70657e-227 5.57459e-165 1.81528e-209 7.31217e-322 6.77596e-247 6.26475e-321
0.990296 1.97132e-321 3.88336e-321 2.07359e-320 8.63645e-218 4.21932e-321 2.62861e-274 1.58941e-320 1.57508e-263 4.94066e-321 1.33892e-321 4.26797e-304 1.70502e-320 3.12744e-321 2.15413e-321 2.13436e-321 1.99538e-283 5.55934e-187 3.22131e-321 8.74496e-322 0.497799 1.24949e-320
6.62753e-61 1.12647e-321 3.74996e-321 1.45749e-320 1.02435e-296 2.26282e-321 2.18377e-321 1.47623e-27 3.6462e-321 5.8942e-321 1.43279e-321 2.53456e-321 9.0167e-321 2.83e-161 0.136365 1.29939e-321 2.01999e-227 3.85631e-155 2.32705e-321 7.5592e-322 1.72429e-321 8.47817e-321
1.17785e-320 5.71797e-212 1.83209 1.97035e-209 8.76355 1.91531 5.53354e-321 1.74751e-261 2.81605 4.1438 3.57209e-321 2.29253e-157 7.4108 3.23072e-313 2.03925e-141 3.23613e-321 0.926217 0.98936 5.74598e-321 4.80301e-319 0.178668 2.63267e-100
4.30331e-321 1.18082e-321 1.7984e-321 1.41698e-320 1.44317e-320 2.831e-321 2.94957e-321 0.56765 4.26379e-321 3.78948e-321 1.00295e-321 1.41735e-232 8.3003e-321 2.2727e-321 1.64116e-57 1.11165e-321 1.56125e-321 1.11651e-183 2.25507e-118 7.85564e-322 2.5242e-173 7.46533e-321
1.08484e-168 1.75393e-321 2.22824e-321 2.28654e-320 1.73466e-320 4.02169e-321 2.65807e-321 1.56915e-320 4.24402e-321 6.82305e-321 1.70453e-321 1.07479e-293 1.18428e-320 5.76225e-206 1.18461e-298 2.71242e-321 2.06631e-276 0.0507786 4.88411e-91 1.73911e-321 1.99813e-177 5.12033e-315
1.20552e-320 1.39658 1.86232e-35 11.0195 3.5968e-320 6.20546e-321 2.22028 9.91455e-166 3.01798e-255 1.19663e-320 1.6539 1.67537e-274 2.84434e-320 1.69921 7.27218e-76 1.80069 3.49634e-141 8.47062e-74 8.26078e-321 0.758575 5.16165e-34 6.05158
