7.35946 0.135818
1.23789e-45 0.0501024 3.85639e-37 7.22984e-133 5.06598e-47 2.8655e-67 2.58076e-80 3.25786e-138 0.304008 8.45165e-77 3.60924e-109 2.50065e-109 2.66422e-83 5.86524e-100 1.81717e-55 2.17207e-118 1.29238e-116 2.33356e-103 2.12929e-51 0.165017 1.34951e-52 4.10885e-40
0.210141 5.37309e-112 7.32569e-82 1.36226e-38 2.75656e-69 7.55896e-40 2.96266e-99 1.09151e-64 3.5655e-41 0.594033 1.54643e-39 4.87604e-28 0.203581 7.68469e-61 0.276586 0.710797 6.56249e-45 8.65888e-63 1.43237 3.28356e-127 2.84408e-16 4.98524e-97
7.36157e-30 6.02603e-16 2.23247e-69 0.218713 8.37417e-36 5.74109e-90 0.638763 0.058998 4.29611e-84 5.57974e-80 1.64518e-67 0.161552 8.44086e-82 6.97737e-61 1.13274e-93 1.58933e-152 1.59102e-71 1.50063e-47 4.35602e-142 4.82641e-88 0.0817193 0.217705
4.83389e-141 1.05438e-07 0.051909 6.11174e-48 6.36079e-44 1.86892e-95 6.59487e-49 4.54382e-30 4.10715e-23 1.20434e-76 1.49155e-114 6.74235e-67 4.16688e-127 9.68333e-43 4.1338e-30 8.56051e-89 5.84944e-14 0.0200795 2.73445e-101 1.56654e-87 1.05559e-27 6.92635e-45
4.77186e-105 1.99296e-52 2.11166e-117 7.75759e-69 1.31744e-16 0.078695 1.44436e-50 2.9217e-165 3.73619e-45 1.33014e-31 4.49917e-33 1.07793e-117 8.00817e-71 2.84133e-49 1.012e-78 1.9575e-104 2.88617e-140 5.74073e-82 1.22775e-171 7.701e-31 0.0629237 2.80379e-78
9.32345e-119 1.47811e-79 1.28882e-91 3.57678e-145 5.35885e-28 7.30946e-49 1.58683e-84 6.46807e-159 3.78048e-45 6.91026e-33 2.62147e-30 5.67507e-126 7.62863e-101 0.0642101 2.94007e-98 3.80024e-118 0.0507895 0.0001706 1.01307e-165 8.8687e-81 2.46896e-72 1.07765e-92
3.0158e-77 2.08747e-29 0.0839298 3.76781e-58 0.0546555 1.28113e-52 5.30293e-105 1.06546e-84 5.81318e-35 8.89653e-42 2.63587e-23 1.60811e-79 8.82929e-32 6.3636e-62 7.90302e-107 3.76593e-98 0.0571813 1.60856e-15 3.35924e-87 4.77254e-69 1.87268e-41 3.0891e-98
6.25562e-118 2.86968e-132 3.93039e-90 3.3422e-144 5.17081e-38 11.8273 8.50973e-101 9.56269e-90 4.14951e-45 1.29498e-28 8.30276e-95 6.27234e-137 1.12994e-91 2.15587e-70 3.81143e-48 2.66225e-73 5.70582e-37 2.57995e-130 3.36698e-118 6.02655e-105 3.60646e-29 2.83785e-77
1.05424e-115 2.22105e-87 9.4968e-93 2.88004e-81 4.7067e-39 0.057254 4.4093e-89 8.72576e-137 2.5266e-44 2.69596e-74 7.30326e-38 2.02255e-125 4.68599e-62 0.183344 5.60129e-58 6.33986e-147 2.97745e-17 3.75502e-31 6.61705e-89 4.16769e-40 1.63127e-49 5.78034e-71
2.06298e-111 2.43828e-48 1.71462e-97 7.97598e-96 0.0647337 3.60817e-12 2.22573e-45 1.12952e-99 7.19425e-56 7.43293e-89 8.43803e-113 6.44781e-141 1.23243e-21 1.21645e-54 1.14275e-36 2.18056e-70 9.30609e-66 7.64343e-87 2.02246e-129 1.16531e-90 1.72708e-08 1.29833e-63
8.56933e-127 1.14279e-87 8.54634e-56 1.11683e-77 7.98994e-51 8.9589e-68 2.35676e-50 2.11287e-82 3.23199e-46 3.29513e-05 0.150585 1.20285e-68 6.71485e-85 1.42711e-62 1.07793e-66 1.83669e-31 9.43287e-34 7.29021e-115 7.67305e-55 7.26911e-88 1.53881e-62 1.4666e-59
1.94018e-141 0.118822 3.85297e-69 1.56289e-112 3.38014e-14 1.00317e-22 2.33741e-53 3.92923e-124 0.000398191 8.83996e-23 0.497812 3.39919e-105 2.44854e-97 0.753197 8.88552e-39 9.04523e-90 1.36739e-87 0.13055 4.52931e-127 0.150586 1.37868e-22 4.84994e-132
1.4576e-81 6.70814e-59 2.2085e-98 1.18578e-75 0.209859 1.91945e-37 3.07841e-78 5.05646e-150 1.59972e-34 1.29069e-54 3.56807e-102 2.82391e-111 6.23335e-69 3.32255e-26 2.89687e-98 1.88991e-87 1.46138e-123 9.08592e-125 1.09655e-85 4.09439e-98 3.32583e-30 8.41978e-103
8.85982e-140 2.41533e-63 1.8398e-63 1.78213e-119 7.74558e-12 0.0130861 1.85981e-99 4.22989e-128 1.65602e-50 3.17205e-71 1.84113e-151 9.98395e-141 4.77382e-92 5.92475e-70 1.44717e-74 5.11121e-94 5.18218e-132 8.04526e-73 2.00587e-98 6.43307e-65 2.35044e-60 3.52032e-101
