1.95725 0.285862
1.58115e-123 5.47744e-175 1.61393e-118 7.62175e-58 6.11245e-97 5.06902e-117 8.37881e-91 1.21886e-179 4.61112e-37 8.36201e-18 8.92876e-105 7.95556e-303 0.0414991 3.30822e-152 7.22712e-124 1.7737e-321 1.05189e-70 1.63374e-118 0.00462045 7.52397e-43
7.09514e-120 1.75393e-321 5.116e-67 2.20217e-45 1.05044e-241 0.178514 2.96326e-201 0.49673 1.86768e-33 1.29746e-50 3.0629e-46 1.20859e-32 0.042003 5.40729e-60 7.16383e-213 3.45823e-128 8.32171e-53 1.45834e-62 1.59831e-107 3.58107e-137
1.38338e-322 2.09681e-211 8.32439e-179 1.10606e-113 4.79037e-93 0.450953 8.48989e-54 2.2346e-193 2.4211e-89 6.52139e-210 0.306508 1.04307e-186 0.000843567 6.73385e-93 9.17549e-170 1.87745e-321 1.64367e-65 5.93061e-25 1.10217e-150 3.92689e-05
1.98712e-40 4.69188e-284 2.07286e-133 0.0585622 1.2082e-247 1.04706e-137 1.49046e-82 2.31353e-69 5.57016e-37 1.49451e-169 5.95593e-109 8.39398e-125 1.01555e-53 8.71858e-136 4.97183e-292 0.287069 4.32652e-11 2.85828e-19 1.32033e-220 2.66268e-07
1.43279e-322 1.0253e-218 1.22716e-39 3.70649e-224 3.94423e-150 4.07396e-136 5.21423e-126 1.65422e-164 2.39636e-180 1.63519e-190 1.74178e-88 8.43911e-212 1.644 2.94954e-60 1.25302e-290 5.74686e-35 2.40838e-101 1.60431e-160 1.02258e-42 1.83599e-57
1.58101e-322 3.58114e-20 3.09673e-32 1.29088e-209 2.39371e-159 3.72575e-188 2.08509e-22 0.0989959 4.92851e-71 0.382777 2.45061e-107 4.63383e-206 7.22618e-137 1.68688e-101 2.60278e-85 3.55345e-318 2.52836e-07 7.04053e-67 1.56944e-166 1.02007e-141
3.63798e-202 8.44541e-293 5.65517e-146 2.48052e-199 1.89177e-149 2.87371e-113 0.457948 3.66725e-211 6.5741e-05 1.14318e-67 1.64813e-146 2.52487e-175 1.28327e-45 4.56711e-165 4.54524e-188 5.25887e-271 2.61334e-164 3.32089e-88 5.91929e-154 9.80013e-77
3.16611e-242 2.83137e-300 3.59453e-22 2.90305e-109 7.14578e-308 4.68938e-97 1.19461e-10 8.17292e-125 7.95213e-160 9.45049e-72 1.75718e-110 3.50921e-133 0.0512445 2.48589e-103 0.452527 1.89227e-321 1.82562e-266 8.5563e-23 6.51508e-244 1.07669e-98
2.00263e-235 3.26258e-49 1.51208e-137 3.02626e-62 1.44761e-321 2.99845e-60 3.2313e-87 4.19796e-103 1.20569e-05 1.51382e-36 1.90577e-216 9.41882e-62 0.00135079 0.0957255 1.22012e-23 1.04814e-183 7.77016e-33 1.75461e-09 1.9916e-166 7.35213e-135
0.000418025 0.00493983 0.00497245 2.32127e-229 1.97626e-323 2.48608e-203 3.2418e-212 1.49314e-249 1.76353e-224 1.23814e-260 6.56198e-219 2.47033e-323 1.68609e-177 1.12006e-224 1.31279e-308 1.97626e-323 1.44195e-288 3.66025e-303 4.06687e-248 1.87303e-222
1.19255e-196 4.92158e-209 8.5432e-56 2.66037e-184 1.13015e-135 3.71119e-100 9.56424e-33 2.07062e-127 0.0951385 3.27995e-208 2.53017e-57 1.51299e-261 3.11352e-52 1.2637e-102 9.58141e-214 1.0397e-188 1.69818e-65 1.97394e-94 1.93266e-77 2.61403e-136
1.33398e-322 8.57443e-195 2.69439e-240 4.56095e-43 1.13125e-227 4.85155e-147 1.75514 2.48745e-230 1.01918 1.31193e-258 2.6447e-26 0.42084 7.42991e-167 1.44199e-202 7.82615e-271 2.40962e-132 3.92396e-222 2.35518e-238 0.725492 5.27638e-104
8.10694e-113 6.82112e-100 2.61002e-27 0.457543 8.99378e-171 7.36619e-42 8.02142e-103 6.45078e-190 3.04684e-40 3.30474e-105 2.24515e-80 4.11224e-134 1.30122e-33 1.00639e-99 0.0117865 6.60564e-311 2.25973e-189 7.05341e-233 1.72268e-69 2.74434e-18
5.82689e-202 5.00176e-253 2.33901e-107 2.62576e-158 5.15665e-208 3.14888e-69 0.414102 1.98199e-142 3.92329e-223 2.18093e-218 2.58645e-05 1.0905e-298 1.81458e-98 2.64189e-32 1.08946e-177 1.31935e-131 0.281386 3.51145e-148 1.24632e-177 0.150664
3.69692e-15 2.41333e-165 1.31798e-181 4.80362e-147 0.346847 1.75561e-161 0.0485196 4.39894e-154 3.79813e-212 1.9579e-195 1.06142e-68 2.41368e-246 3.26835e-44 1.31986e-17 2.81694e-304 0.179757 8.13876e-13 0.529652 6.67027e-68 2.93011e-22
