19.9898 0.0527246
3.29675 4.84454e-56 2.35521e-51 3.14793e-79 1.75196e-28 2.26248e-98 1.84609e-82 1.31343e-27 8.90539e-89 6.25565e-78 2.61809e-36 3.78808e-50 1.70718e-57
3.06605e-06 9.00984e-13 1.12186e-58 1.72183e-46 6.20112e-29 6.85304e-100 1.29237e-76 3.98082e-43 1.24707e-78 1.29787e-68 0.0507384 4.01959e-27 1.26579e-55
0.839639 1.59322e-28 1.60239e-75 2.6029e-53 9.43482e-47 1.07186e-83 6.95842e-62 6.06333e-28 1.45434e-72 6.18027e-88 5.75299e-15 2.56443e-40 6.09059e-62
0.668683 7.16147e-39 0.0366588 0.0376184 2.16417e-33 1.40431e-70 2.02232e-72 6.34348e-49 1.05492e-47 0.296145 1.51556e-46 7.28321e-25 4.39889e-44
7.17632e-13 1.15939e-16 0.0140516 9.63896e-81 0.110711 0.0436872 0.0958635 0.0251812 1.31295e-54 3.66741e-58 6.29401e-09 0.0621989 0.0653187
2.14945 4.63927e-33 3.17495e-68 1.01565e-64 3.61932e-46 7.92223e-77 4.41725e-66 2.05844e-56 2.77633e-82 1.55044e-60 1.25515e-53 1.61394e-57 3.89353e-58
3.39862e-14 0.0994995 1.71403e-21 2.74247e-80 6.88014e-11 8.98884e-95 9.37716e-89 5.89645e-15 0.739674 1.14195e-41 0.337972 4.37308e-27 0.0465065
1.07151e-30 2.62372e-30 1.5748e-44 1.44124e-81 1.11287e-28 1.37176e-48 1.83008e-75 0.0556301 6.0735e-81 4.45856e-88 5.97018e-51 3.44009e-19 2.81913e-25
0.786591 2.59318e-36 3.7129e-45 2.87194e-82 4.08313e-26 1.75166e-75 2.05231e-82 9.64242e-43 5.11637e-68 1.15433e-52 1.82315e-45 2.23363e-68 8.9307e-67
0.0784159 1.52519e-45 2.21914e-70 1.02035e-51 3.2675e-47 2.03242e-102 6.48396e-82 1.55127e-40 5.14337e-50 1.33883e-58 5.1184e-29 5.89774e-46 1.37378e-42
0.424507 2.51642e-70 1.53178e-50 1.36662e-46 5.93609e-24 1.87898e-102 6.08947e-88 7.49968e-50 8.90208e-85 3.25629e-72 4.50343e-43 2.32425e-39 1.19668e-24
0.213709 1.16677e-67 2.86508e-50 1.80927e-74 1.33558e-51 6.93517e-58 1.18925e-82 3.57831e-13 4.02486e-36 3.62756e-46 1.51752e-22 8.6101e-50 1.90777e-39
0.0619324 4.15035e-21 1.33481e-53 7.44264e-53 1.90365e-44 1.1054e-81 4.5765e-69 7.03712e-48 1.14107e-64 4.51025e-68 0.0110506 1.59985e-53 3.0647e-62
