1.08673 2.12432e-175 9.50543e-222 7.28823e-43 3.91671e-43 3.32581e-43 1.52435e-59 2.8628e-195 1.1306e-77 1.07566e-279 5.69673e-164 1.08483e-171 8.5153e-248
1.45748e-118 5.42825e-247 3.6755e-137 0.110501 5.72776e-136 1.97424e-11 1.50206e-85 1.71025e-15 1.09641e-66 1.24046e-228 6.24101e-41 8.98215e-151 1.5709e-17
3.54161e-103 5.09801e-176 1.97201e-215 9.10932e-122 0.0892175 0.452117 1.97849e-104 7.45441e-56 4.26339e-111 3.28065e-255 2.86346e-80 1.2291e-110 6.23581e-262
0.194071 1.55015e-207 6.96833e-126 2.84459e-103 3.44269e-130 3.79569e-111 2.44999e-166 6.37405e-225 3.42052e-140 2.06631e-259 7.9402e-181 7.74334e-186 3.17542e-259
3.85343e-44 9.60075e-237 6.15537e-54 4.1479e-87 2.37566e-38 0.153685 1.53678e-54 8.40057e-155 2.97463e-153 9.54846e-188 5.32398e-127 4.56964e-05 7.92519e-123
3.8305e-119 2.59374e-275 6.56723e-37 1.94121e-11 3.80395e-148 4.16698e-40 1.01402e-74 9.42099e-136 1.25017e-16 2.55099e-307 2.30522e-157 0.0346487 3.26392e-12
4.00393e-66 2.48145e-248 6.19661e-71 4.30478e-37 0.202008 7.80518e-55 7.14835e-34 0.199056 1.89784e-127 7.48935e-252 1.2964e-76 4.35686e-167 0.097067
2.21345e-107 3.22773e-194 3.65918e-205 8.45426e-129 3.63425e-135 8.4894e-73 0.210353 0.458624 2.64619e-92 2.27575e-246 2.58386e-167 2.98231e-50 2.32893e-190
4.64255e-58 3.63548e-258 1.7759e-38 4.1773e-53 9.76449e-66 4.1782e-16 1.78541e-61 5.99304e-20 0.0660764 3.32809e-279 1.15329e-111 0.227708 2.0983e-234
0.195194 4.44048e-142 5.05749e-218 9.47549e-139 3.92368e-178 1.47745e-114 2.25272e-172 6.2606e-70 5.26345e-85 4.20944e-321 4.98732e-67 5.56539e-161 0.0753222
1.1179e-106 0.416391 0.35301 9.19906e-15 4.1765e-09 2.29193e-75 1.12905e-86 2.51946e-30 1.84408e-52 1.82161 0.678492 3.4222e-66 2.28244e-237
6.4068e-33 1.56556e-297 7.44368e-243 0.0615338 3.40406e-71 1.22717e-44 9.63302e-51 6.55132e-155 0.114711 4.2292e-321 3.32032e-127 1.52569e-222 0.022325
0.15386 1.34453e-209 2.34221e-91 6.70146e-119 8.89984e-56 7.03927e-74 7.3929e-201 9.44221e-183 1.95094e-76 9.36637e-263 5.16088e-173 5.04427e-148 1.96155e-219
