1.86372e-72 6.20055e-35 0.000291391 1.83736e-50 1.03205e-113 5.48782e-69 1.675e-28 2.3606e-22 1.35982e-31 3.99017e-54 7.75314e-24 3.66403e-82 6.12995e-13 7.85512e-111 2.55169e-53 7.76341e-111 1.82721e-164 2.96919e-151 1.82716e-64 5.60432e-83 2.99476e-75 1.09138e-100 6.075e-77 1.96369e-66 0.312328 5.74273e-130
0.196545 1.68428e-61 1.87574e-07 8.72241e-18 5.09045e-101 4.71878e-62 2.8514e-85 4.53542e-122 2.65658e-76 2.15712e-118 6.2684e-114 1.42967e-114 1.25011e-26 8.22731e-136 3.15358e-47 2.47842e-121 1.09457e-104 5.17971e-198 2.65089e-108 2.78222e-78 5.89109e-68 1.55642e-112 8.14875e-95 1.75027e-135 2.07783e-74 2.12857e-158
8.14106e-55 9.07396e-42 9.16499e-85 6.63025e-108 1.42092e-62 1.89082e-87 0.105251 0.0822747 0.165997 6.34477e-10 1.68127e-43 1.59676e-90 2.54878e-52 1.30696e-119 2.58917e-104 9.37184e-60 1.34489e-143 3.98828e-83 0.0344555 5.78264e-15 8.37661e-76 1.22008e-121 3.32848e-77 1.76706e-09 1.93072e-101 5.92351e-87
3.61142e-14 5.3677e-154 8.55783e-107 4.76524e-44 2.96635e-14 3.18503e-77 3.1574e-79 1.0456e-91 3.241e-12 6.79209e-75 6.11613e-10 1.7052e-36 0.0909852 0.0432235 2.42884e-09 9.60706e-92 8.10022e-72 6.96238e-27 1.83569e-25 2.55814e-90 3.14533e-64 1.43611e-11 3.2396e-108 1.21653e-106 1.8538e-77 3.13872e-53
1.17053e-60 0.137409 0.0224905 1.25136e-98 1.15586e-105 5.8945e-33 7.93714e-44 1.14007e-55 2.1877e-50 3.14012e-116 0.351471 9.15237e-114 2.81112e-53 5.407e-49 4.96796e-28 0.0338643 6.42674e-54 8.11127e-100 3.32996e-104 6.20802e-59 8.40037e-63 4.17754e-73 1.34981e-88 3.92241e-91 5.59676e-105 1.58056e-93
0.0363017 1.17914e-50 4.65351e-08 7.55175e-65 5.9494e-83 8.96752e-76 9.79477e-84 5.77154e-101 4.21796e-56 1.05654e-42 2.75508e-102 8.05617e-56 4.99735e-05 1.88486e-75 1.0155e-95 2.3736e-118 7.16049e-154 2.58961e-166 4.47101e-92 1.06942e-47 4.4373e-83 2.65735e-105 2.02592e-88 2.75775e-76 1.36215e-115 1.65532e-84
4.31767e-23 2.35151e-73 6.5729e-54 8.1904e-56 8.46123e-94 4.74671e-19 8.01761e-13 1.31726e-97 0.260464 0.0432408 1.60624e-59 6.146e-68 3.44558e-18 2.37943e-15 5.82239e-70 2.10824e-134 4.11758e-149 2.28568e-178 1.8278e-23 2.23882e-72 1.24174e-18 2.61129e-117 3.76953e-53 1.49825e-94 3.46589e-73 1.73934e-112
9.50767e-58 2.67714e-51 1.07653e-94 6.17916e-05 1.11653e-52 0.212311 2.02355e-58 7.47838e-49 2.25842e-53 8.44214e-83 0.238072 4.92094e-78 3.15667e-58 3.36766e-85 0.607012 1.15715e-24 0.270501 3.44757e-17 4.00051e-63 2.12688e-65 9.96752e-49 0.161262 0.0368293 0.0936322 1.22968e-71 1.0372e-66
8.53154e-57 5.50807e-10 2.0217e-78 3.25053e-66 1.83659e-68 6.93202e-37 1.22673e-73 9.13814e-80 9.1029e-99 2.05169e-44 0.455216 2.32091e-49 2.77886e-10 1.30872e-74 2.67563e-73 9.58849e-39 1.96766e-67 2.85177e-121 0.074696 1.06734e-48 1.29147e-39 3.54642e-98 2.2824e-87 6.15981e-58 0.0801066 4.1056e-93
9.24891e-15 5.33297e-138 6.44327e-51 4.80553e-99 7.78879e-31 1.43896e-66 1.50537e-36 4.26365e-27 2.19441e-14 3.40067e-93 9.35399e-59 7.11968e-106 9.99341e-59 4.61825e-107 1.28079e-106 0.00263902 7.5935e-100 1.6509e-80 2.20134e-44 0.0850417 0.119789 5.70778e-66 0.0945425 7.28232e-115 1.36258e-31 1.45438e-114
2.34977e-75 2.90588e-103 1.9817e-27 1.78958e-33 5.5221e-26 7.62777e-56 7.63609e-62 9.2438e-96 2.02583e-107 3.98432e-85 1.38505e-14 5.14026e-60 0.161075 1.74176e-114 9.38799e-58 4.31628e-21 1.61182e-140 2.75445e-140 3.08052e-67 3.40683e-24 6.40358e-82 3.07351e-91 2.26613e-42 3.79057e-92 4.77076e-96 2.55376e-138
7.38514e-78 3.18701e-19 2.23539e-70 1.83469e-44 1.17907e-38 8.56101e-45 1.19961e-81 2.57512e-47 0.00239189 2.616e-27 1.48104e-35 0.139868 3.57562e-40 0.163697 7.45013e-28 4.04784e-93 9.77781e-65 0.0604883 1.51804e-20 1.7085e-59 1.37373e-71 0.00225114 6.26329e-54 3.18577e-125 3.51792e-121 0.296047
4.97499e-101 3.99168e-249 2.77778e-79 3.16416e-70 0.0926561 4.87273e-38 3.44709e-74 5.87994e-45 1.48833e-15 8.11258e-89 2.0876e-100 2.29018e-11 1.87533e-48 4.94042e-146 0.00130409 5.67591e-96 7.59807e-32 3.1607e-42 1.09088e-59 1.32705e-69 5.42015e-68 2.37008e-102 1.57129e-64 1.76147e-139 1.18183e-108 3.57906e-135
