3.26083e-322 1.25493e-321 4.51134e-149 8.47858e-39 9.47378e-80 1.43816e-11 0.48602 6.14482e-37 9.72597e-22 0.515471 3.38242e-18 8.16066e-79 2.6337e-108 0.231779 7.17952e-29 1.35939 2.21737e-11 0.922461 1.14292 0.00541717 0.324573 1.85986e-149 3.00786e-101 0.675147 1.10135e-58 1.27071e-71
1.55553e-56 1.27377e-106 6.16802e-18 1.45249e-50 1.85898e-57 0.844206 2.44032e-94 3.86853e-30 3.28825e-116 1.90078e-106 1.01382e-45 3.85662e-75 4.24233e-91 1.04011e-183 5.062e-172 9.08333e-132 6.99726e-182 2.10447e-99 1.78978e-156 1.08856e-192 6.05143e-160 2.05589e-149 7.85153e-117 1.69577e-192 3.64669e-167 2.23637e-170
7.44864e-75 6.45818e-48 5.19439e-57 0.176151 6.77885e-44 6.7879e-30 5.8334e-44 3.25933e-09 6.39441e-124 2.55359e-27 0.4959 3.86592e-74 6.68323e-48 8.63858e-181 2.44326e-135 1.3823e-233 1.9536e-164 1.08884e-104 6.03046e-132 4.0443e-139 2.77398e-147 1.47858e-141 1.11999e-100 4.20756e-194 1.15764e-118 1.99184e-158
4.77646e-55 0.0853588 3.92832e-25 2.03108e-53 1.11347e-92 0.178465 3.51939e-142 1.13452e-120 3.22351e-97 1.80859e-59 6.58573e-39 3.69111e-67 1.23927e-81 3.61408e-250 4.59883e-149 6.43051e-177 5.41459e-138 1.43261e-82 1.86268e-248 5.63431e-163 5.42616e-160 7.9626e-170 1.42432e-121 9.86341e-119 1.14699e-122 8.0999e-145
1.23376e-24 8.11314e-78 3.8929e-05 8.21045e-19 8.44234e-61 0.102976 2.2725e-132 1.90429e-99 7.12156e-134 5.24326e-84 1.99594e-26 9.11447e-128 1.32926e-126 4.87882e-191 6.92927e-152 3.61307e-174 1.11328e-157 1.47689e-105 7.85451e-192 5.58232e-180 2.11303e-146 9.20176e-179 6.71806e-158 4.76801e-187 3.64603e-154 1.67144e-206
1.10433e-40 2.5697e-41 7.40959e-36 4.58807e-40 1.00972e-63 0.02368 1.01595e-130 4.1074e-118 2.14494e-163 7.06304e-66 0.0536126 4.91276e-117 4.57785e-124 5.49566e-254 3.32739e-164 1.7254e-216 5.57839e-165 6.48172e-95 3.15938e-227 4.44836e-192 2.76999e-146 1.16226e-155 8.76054e-176 1.24564e-128 2.21223e-134 2.96297e-228
7.65901e-113 2.04977e-194 1.58056e-50 5.43422e-137 3.24086e-24 0.00051572 1.64325e-41 2.04395e-33 1.31618e-129 2.72127e-41 2.94339e-23 0.60147 0.111967 2.01965e-109 7.36929e-84 2.84033e-216 1.70193e-119 2.46989e-80 8.903e-72 6.6743e-109 1.26513e-163 4.60773e-47 6.2931e-172 9.23595e-198 5.51317e-113 9.44008e-124
4.52729e-66 1.38653e-134 4.99916e-119 1.93674e-163 1.51365e-29 3.58464e-16 6.30939e-43 0.410854 0.21466 5.58771e-102 1.27761e-56 3.65567e-78 1.66543e-44 1.4256e-132 0.15108 1.27833e-223 0.206528 3.76627e-91 1.98546 4.56968e-89 1.09233e-122 1.48935e-171 0.414087 3.54493e-34 2.91441 0.121478
2.02306e-191 3.52583e-21 0.000788833 1.09201e-86 4.62944e-90 2.18317e-14 3.13636e-54 4.76258e-98 3.09593e-70 1.84084e-96 1.10024e-47 1.07445e-33 1.71134e-160 9.36872e-159 2.71421e-113 1.64606e-81 2.98734e-153 9.32749e-54 8.68649e-98 0.379051 1.22086e-117 1.60041 1.84625e-166 1.94875e-89 6.51899e-84 3.19311e-162
1.3009e-113 1.89839e-50 0.288978 1.00475e-15 0.0860133 7.34004e-25 1.57307e-67 0.0361543 1.51831e-46 2.73628e-88 0.210629 4.95744e-119 2.61617e-26 4.08583e-149 8.58481e-170 3.80132e-196 1.62895e-166 3.56798e-18 6.59115e-68 2.53351e-133 5.47179e-67 4.04924e-53 1.6809e-46 1.41141e-123 3.05926e-109 5.45777e-155
0.0337968 4.25001e-33 4.63281e-85 2.35209e-112 7.87724e-07 1.2419e-32 1.33835e-131 1.93215e-38 5.25025e-78 6.765e-90 0.369237 2.56847e-89 3.10957e-135 1.38863e-145 1.85417e-113 1.6542e-188 2.16464e-92 1.13089e-68 8.50024e-189 7.22064e-62 1.86037e-73 8.58865e-115 1.41699e-113 8.77091e-189 4.1953e-165 1.63511e-104
3.48665e-137 9.73989e-54 6.25633e-49 6.87659e-31 6.68092e-36 0.15408 1.04169e-117 7.86325e-49 9.25008e-121 3.19215e-97 1.35e-65 2.18422e-58 3.29697e-109 8.31697e-244 4.10808e-102 4.20882e-208 2.33751e-89 2.29964e-61 2.14214e-184 9.08128e-159 1.76201e-111 1.94631e-180 6.33401e-98 4.33976e-143 1.82301e-126 2.65242e-143
1.76886e-37 6.63079e-38 0.0012283 1.98549e-28 3.01957e-91 1.45335e-15 3.80123e-98 4.71359e-85 8.80796e-124 2.30655e-46 0.228193 1.16968e-64 1.8517e-98 6.05024e-185 5.53111e-132 1.89019e-181 1.99752e-173 1.80134e-78 2.35376e-254 1.57608e-136 2.59298e-109 1.08521e-120 2.73187e-148 2.16231e-117 6.23234e-151 6.60097e-207
