4.59454e-100 6.39836e-30 8.41908e-61 3.75375e-38 6.43908e-75 9.2979e-11 8.03291e-54 1.65032e-21 1.05256e-167 2.96145e-14 2.3314e-103 7.80922e-318 4.99946e-102 6.82942e-39 8.56165e-103 6.97855e-182 1.48383e-117 1.48827e-71 9.81523e-188 1.77097e-71 0.0847682 1.34743e-90 4.04416e-59 5.85486e-53 2.65737e-31
7.99542e-83 2.53321e-78 1.58036e-92 4.29052e-26 2.77468e-82 0.0295078 1.15881e-159 3.86079e-222 5.09078e-170 2.46345e-35 1.17379e-90 4.73188e-245 3.32855e-52 7.28107e-27 0.184345 1.37446e-82 7.62706e-62 3.1213e-93 4.72896e-187 7.7009e-34 2.13835e-09 3.84729e-56 1.05096e-82 2.6048e-16 1.9742e-06
4.45229e-111 4.66114e-60 2.11417e-46 2.28459e-10 1.20505e-48 4.59045e-58 1.85021e-42 8.62569e-25 1.41534e-130 0.342781 3.55467e-44 8.01374e-321 3.39495e-134 1.10404 1.98898e-126 1.79518e-192 5.37774e-55 2.40852e-28 2.35366e-160 0.0732963 1.98167e-51 5.52859e-65 1.25184e-52 0.108123 2.30333e-84
1.53018e-51 3.69497e-20 4.24058e-76 2.90296e-21 8.71943e-09 1.11293e-72 1.30812e-11 1.42986e-93 1.20185e-170 1.46859e-33 1.31324e-28 3.47554e-209 1.44459e-124 1.5496 3.68436e-111 1.53431e-223 6.74849e-99 1.92435e-89 5.08659e-207 4.34213e-82 1.47249e-86 4.81019e-70 2.55391e-78 3.64683e-126 2.43367e-48
1.28602e-96 4.67159e-16 5.5478e-43 5.31506e-43 1.5413e-42 8.38085e-52 5.13285e-06 7.82576e-85 1.64779e-138 1.40846e-15 5.31452e-52 7.15933e-293 1.0539e-128 0.115505 6.76973e-68 7.62387e-243 1.37363e-74 7.8449e-120 7.66717e-135 2.23257e-53 1.52596e-28 3.75984e-83 2.80569e-52 3.35077e-44 9.93174e-47
3.06175e-16 7.28996e-121 1.00161e-59 5.27024e-05 1.5778e-61 1.41601e-51 3.0742e-77 9.95011e-100 2.01117e-149 3.17113e-71 9.65813e-50 1.54818e-223 7.47076e-156 8.39865e-26 1.06497e-89 2.51035e-170 5.33217e-48 2.44426e-25 1.78755e-163 2.71019e-103 1.55376e-61 2.32102e-104 2.99071e-67 9.60533e-124 0.0840046
0.0925192 3.9985e-91 1.00319e-24 8.21338e-68 1.15707e-38 3.23486e-29 2.04002e-118 1.31373e-37 3.61522e-137 2.57387e-50 1.60746e-85 2.98045e-296 4.40743e-120 1.28014e-61 2.47572e-114 5.62321e-223 1.72214e-130 1.2199e-96 5.55076e-111 7.29876e-67 0.039434 7.3629e-71 1.52815e-49 3.21282e-23 2.07197e-83
1.35681e-29 0.000753855 4.74254e-13 5.85663e-45 1.36828e-18 4.19896e-31 7.49812e-93 0.0267583 6.84219e-117 0.224744 2.20866e-47 1.13864e-227 2.98973e-156 1.56043e-08 1.48363e-19 5.28359e-141 2.90006e-125 2.66156e-66 1.0477e-173 2.10672e-34 1.75173e-82 5.24818e-32 1.87408e-56 7.18586e-25 3.46197e-35
6.16075e-82 1.88853e-111 1.63088e-61 1.27008e-59 2.0192e-39 4.11189e-36 1.19325e-96 9.64543e-176 1.03998e-90 1.04493e-68 1.37766e-16 2.03871e-138 9.66364e-159 0.000879827 3.45587e-92 5.45714e-206 5.31241e-147 0.110098 7.8286e-192 2.24972e-69 0.424704 8.70379e-105 1.92322e-61 0.129011 2.13817e-75
9.37091e-119 8.23263e-79 6.29627e-67 0.000396922 2.78537e-39 7.16673e-54 9.64472e-30 1.47834e-57 4.05296e-112 0.105271 1.08801e-52 1.0421e-269 1.35769e-177 3.0951e-44 2.40451e-84 5.36773e-136 7.8409e-70 9.74311e-79 3.06118e-109 5.33591e-89 1.28071e-41 4.05431e-82 2.10132e-75 8.22941e-08 2.00729e-56
9.09543e-61 9.72095e-66 2.39622e-29 1.50343e-17 4.65454e-58 6.79186e-16 6.22872e-27 6.0573e-91 1.71385e-172 8.49754e-75 1.5829e-90 1.21056e-262 7.64619e-154 0.484816 2.10117e-116 5.62438e-183 2.17967e-145 1.25469e-92 1.90587e-114 2.60966e-79 6.51486e-48 1.42903e-94 8.83917e-87 1.25588e-130 1.87661e-34
0.000383948 0.00051762 0.00263047 0.00115243 0.00070247 0.000577893 0.00121708 0.000163529 2.90129e-192 2.42981e-78 9.7128e-138 9.88131e-324 2.52272e-181 3.16866e-77 4.86578e-132 1.17886e-253 3.18432e-180 1.19286e-147 1.86975e-230 1.67619e-107 9.38482e-92 1.93386e-111 8.98719e-112 8.0411e-140 1.47446e-93
1.5142e-15 4.10801e-30 0.000400751 1.37904e-88 2.33279e-93 1.12266e-59 5.66095e-74 9.93704e-05 1.04922e-154 1.78623e-64 4.29431e-110 1.24496e-232 1.75818e-177 2.08744e-55 1.21233e-36 7.93111e-197 8.1391e-117 3.76981e-71 2.74982e-191 0.143636 2.4118e-30 6.42185e-27 4.08685e-83 2.07542e-49 4.39107e-41
1.94662e-321 2.01425e-47 1.02569e-74 3.80585e-125 3.92567e-19 2.78386e-171 1.17046e-105 6.81811e-322 0.156717 1.02706e-16 0.441817 0.44063 0.593992 3.61989e-21 8.00703e-57 0.379328 0.449184 1.31058e-34 0.181734 1.15908e-103 3.36502e-40 0.307195 0.259157 6.6437e-133 6.84647e-26
1.22166e-121 8.76e-78 4.51868e-07 1.47313e-55 2.09284e-97 0.00113558 4.23948e-133 1.27713e-115 1.09465e-118 1.08305e-52 1.36866e-75 9.05183e-209 3.34343e-125 4.0777e-27 0.0165709 1.80815e-215 1.47229e-172 3.88437e-31 5.74653e-146 7.43022e-63 3.45307e-35 5.19973e-107 1.90007e-41 9.79716e-49 0.148111
7.64948e-92 7.51163e-25 1.69121e-24 1.31092e-07 1.33227e-55 5.10349e-52 1.78883e-93 7.50496e-93 2.84842e-182 4.62049e-28 9.33944e-133 2.77741e-299 6.67625e-175 0.0324256 1.21207e-125 3.58275e-224 5.35287e-127 1.06596e-83 3.35174e-218 1.42277e-32 1.11154e-77 1.86017e-106 1.70233e-96 1.52482e-49 1.88759e-48
1.39353e-125 6.61298e-115 1.77186e-87 5.25077e-32 2.972e-59 9.61404e-79 2.76722e-64 7.96317e-84 3.65237e-108 0.673379 8.73627e-52 5.62964e-230 7.11235e-66 9.92813e-33 4.14596 1.3392e-203 2.04298e-141 3.56089e-10 9.40597e-145 7.65898e-09 1.07675e-08 7.60487e-33 1.74092e-32 4.04679e-12 2.07908e-65
