2.08792e-29 2.03871e-16 1.80962e-25 4.19106e-30 2.54892e-43 1.50615e-25 7.74759e-45 1.06979e-90 2.32842e-57 3.00084e-35 0.214908 3.32532e-41 4.3528e-90 7.50224e-60 4.50756e-68 1.95179e-33 9.40837e-13 1.25806e-120
1.74825e-17 4.1594e-44 6.43403e-08 1.36909e-19 1.94778e-63 2.14699e-50 7.80063e-42 1.30324e-80 1.0717e-58 1.78359e-46 1.78766e-24 2.08905e-36 6.5244e-77 0.00693349 1.98376e-49 6.72897e-52 0.27604 9.32296e-95
2.79462e-20 7.94089e-22 1.59435e-69 0.0524145 0.0823507 1.4722e-26 3.30629e-07 3.62625e-29 1.13184e-40 6.62809e-42 9.38833e-10 1.26902e-51 1.45553e-91 7.66718e-43 8.42733e-26 3.52286e-22 0.402654 2.77889e-88
1.83119e-08 2.93736e-07 2.25865e-45 7.3081e-39 4.59874e-30 1.21949e-64 1.5232e-09 2.48462e-66 2.19571e-28 1.09776e-27 0.65981 2.74695e-36 5.72207e-79 1.36655e-48 7.83138e-91 3.57644e-26 2.76956e-31 3.05179e-127
7.93724e-39 1.20146e-23 4.37624e-31 3.71896e-23 3.32833e-59 7.70643e-26 5.52044e-17 5.27589e-77 5.66863e-53 1.83224e-78 0.0070604 5.83297e-52 3.59622e-81 4.1018e-24 1.88427e-77 3.33419e-56 1.50315e-14 5.80493e-130
1.60407e-42 2.46689e-22 2.03189e-43 8.00187e-05 1.53931e-44 5.32739e-18 9.97557e-15 1.59025e-53 0.0463535 0.123714 6.65841e-07 4.70937e-40 3.08611e-64 1.97633e-50 3.05512e-86 0.166243 5.29509e-10 3.4276e-138
1.80875e-33 0.0106466 8.89792e-10 4.96387e-52 5.56367e-66 2.98776e-57 4.37688e-23 3.25429e-92 1.05476e-33 2.69472e-58 0.232178 2.19506e-43 1.15901e-83 4.94078e-35 2.57176e-69 1.42578e-32 2.39327e-16 4.83386e-113
1.75008e-28 4.31532e-34 7.34375e-59 0.0745733 4.32242e-71 1.77804e-41 4.33724e-31 4.56748e-91 8.18171e-36 6.87587e-37 0.0261966 8.763e-52 7.55896e-85 2.19024e-47 3.06633e-70 1.78943e-37 6.00455e-13 2.01307e-133
0.00102778 0.000500513 0.00798615 2.0006e-59 1.57708e-72 1.18461e-70 1.30733e-46 7.95693e-110 3.18581e-58 5.85187e-79 1.41287e-26 3.40272e-66 1.38433e-104 1.27923e-69 9.14149e-102 4.25556e-57 1.26765e-38 2.89505e-146
1.67982e-73 3.50829e-89 3.43232e-174 1.92127e-53 2.03883e-24 0.22027 0.0154114 0.0760092 3.52159e-40 4.90641e-12 1.70946e-16 0.0663877 0.244316 1.14285e-13 0.0438733 2.4305e-14 0.305652 0.156052
2.41591e-35 3.0999e-12 4.02314e-37 2.26716e-23 2.54071e-41 3.95763e-26 2.67586e-33 9.11626e-59 2.62678e-30 1.29112e-24 0.108668 1.06395e-53 1.29018e-72 3.08085e-37 3.35899e-67 1.58374e-50 2.44807e-17 1.46537e-126
1.47702e-22 2.58063e-07 3.04091e-23 6.26035e-58 3.47408e-65 2.14755e-27 1.93172e-31 1.4974e-73 5.38295e-43 1.24959e-36 0.141235 5.04571e-27 6.56283e-76 4.3182e-59 2.16906e-99 2.30785e-35 2.23594e-18 2.50212e-109
1.80298e-45 0.000100457 1.49154e-40 3.31445e-54 1.93912e-33 1.13838e-26 5.52709e-33 2.04674e-109 8.72868e-38 6.83261e-31 0.434833 6.57382e-40 1.38671e-76 1.56997e-48 2.72497e-66 2.62814e-49 2.01833e-15 2.30053e-114
