1.21293e-320 7.45243e-89 2.63928e-223 9.7658e-274 2.52718e-216 3.17308e-52 1.74769e-128 1.4796e-75 5.54084e-167 1.47656e-299 3.01347e-128 2.09357e-31 6.89026e-146 6.82281e-230 2.84127e-40 4.62723 0.469001 3.51115e-185 1.33112 1.41675
1.32167e-149 1.56141e-172 6.2483e-222 1.04321e-313 3.97953e-186 5.87414e-126 4.78455e-241 0.309357 0.687015 0.947099 2.25902e-50 8.87486e-18 1.09241e-38 1.1467 3.37489e-130 1.5275e-271 1.35748e-83 9.33784e-322 4.74514e-200 9.72609e-173
5.36297e-217 5.51924e-58 2.6142e-296 1.84333e-105 9.08655e-255 9.47341e-129 1.58695e-32 2.85137e-189 7.98729e-178 9.41745e-117 8.75304e-159 8.54668e-190 0.440731 8.55537e-10 2.17927e-43 1.01827e-320 1.19564e-321 5.97819e-322 5.8826e-283 0.00303518
0.0056897 0.000404384 0.0942726 0.000373917 0.000167219 0.00114977 1.77941e-264 4.94066e-324 9.88131e-324 9.88131e-324 6.95675e-268 8.26352e-204 9.33542e-208 5.3594e-266 7.1906e-228 4.94066e-323 4.94066e-324 4.94066e-324 4.0698e-312 2.96439e-323
0.0025272 0.000154395 0.0201882 0.000594078 3.26258e-05 0.000488143 6.31118e-266 0 0 0 4.7304e-268 1.95979e-205 3.2917e-208 3.16759e-267 1.33718e-228 0 0 0 2.04907e-313 0
3.57428e-284 7.57321e-118 1.01961e-252 1.53674e-174 5.39402e-245 5.58474e-171 1.2224e-91 7.35451e-313 6.86732e-166 5.188e-271 8.75862e-166 2.62789e-189 1.16324e-108 0.014845 2.07626e-201 1.06718e-320 9.18962e-322 7.06514e-322 3.83717e-292 1.1925e-310
1.46116e-214 2.0907e-49 1.7703e-147 3.92632e-190 1.25687e-220 9.4862e-259 7.40646e-87 8.79437e-322 6.99612e-220 9.74263e-213 1.31193e-44 0.570802 3.42844e-79 4.22478e-56 0.00341972 3.79677e-162 8.52045e-250 7.80624e-322 8.43866e-93 3.76457e-169
2.55531e-100 6.01796e-181 1.16367e-200 1.21554e-188 5.4509e-81 1.19374e-88 1.0841e-177 6.49873e-238 3.44226e-226 1.76577e-286 5.79037e-188 4.16437e-151 5.29557e-205 0.0484083 1.03632e-154 8.85011e-273 9.18962e-322 7.21336e-322 8.61122e-306 5.58513e-121
1.42686e-320 2.21789e-71 1.7904e-319 1.4322e-167 3.78121e-295 2.58389e-100 0.00154717 1.77864e-321 0.00935147 5.52511e-186 2.31003e-176 1.62253e-45 1.36897e-145 2.4076e-69 0.216924 3.94124e-130 7.81133e-07 0.347173 4.23238e-252 5.99311e-277
1.39919e-320 1.08431e-248 1.5527e-319 3.68337e-279 2.66795e-322 5.10455e-135 0.709203 8.07695e-170 8.9248e-198 1.33301e-134 0.372298 6.44409e-103 1.38057e-137 6.43154e-91 7.82644e-80 6.18595e-86 1.39821e-321 8.44852e-322 6.68173e-240 1.49897e-183
