2.24042e-229 5.02114e-75 1.29788e-50 3.39609e-97 2.43831e-136 1.11503e-58 3.27491e-239 1.56759e-177 2.65621e-210 8.78649e-153 1.36383e-145 7.73953e-305 1.92071e-54 5.89857e-228 0.219339 1.5316e-321 0.506814 2.61256e-23 7.68537e-145 1.11165e-321
6.86725e-284 6.41928e-178 8.401e-118 1.54036e-226 4.49698e-79 3.16304e-11 0.23841 1.0596e-75 8.31544e-111 1.21305e-24 0.997866 1.16958 4.77379e-227 2.16958e-62 2.00499e-64 1.24505e-321 5.87368e-138 4.90664e-61 2.42047e-06 1.16599e-321
8.38648e-97 2.86759e-87 6.15126e-131 1.06567e-180 3.33624e-64 1.29871e-135 5.14147e-176 3.86952e-164 2.65745e-191 0.152885 3.0116e-41 3.45578e-209 5.45892e-269 2.64373e-202 2.18608e-229 1.00295e-321 1.91738e-239 0.0358679 1.00897e-78 2.38132e-313
1.94126e-124 1.03012e-23 5.69573e-09 1.2983e-165 1.49777e-186 1.27568e-163 8.74287e-14 0.138672 2.99426e-95 3.17769e-209 7.6212e-167 2.38248e-237 1.16276e-29 5.00384e-15 2.69957e-52 7.4461e-125 1.42147e-92 0.108459 1.91585e-41 1.27469e-321
2.39276e-320 3.64102e-283 6.52661e-321 3.25027e-25 1.30329e-120 1.97626e-323 3.20071e-211 9.16203e-54 1.40767 0.41077 3.22255e-36 8.88843e-142 0.601498 1.01322 5.94667e-90 0.516836 1.37998e-111 4.25818e-20 0.563262 0.38402
1.18793e-43 2.27902e-130 7.81726e-43 1.64218e-56 1.72605e-78 2.67642e-37 8.31349e-236 2.81144e-130 1.75256e-175 9.51427e-69 1.60978e-181 8.78945e-283 1.63513e-266 1.68753e-191 1.14645e-245 6.7973e-304 9.9642e-161 0.505403 1.00601e-105 4.29837e-322
2.8161e-14 1.87796e-136 6.78384e-56 2.50721e-29 6.26009e-18 6.29269e-80 2.2519e-210 4.99866e-183 1.17156e-181 3.15826e-139 1.81406e-138 4.41427e-300 2.79137e-184 5.52998e-161 4.59568e-210 6.0276e-322 2.9473e-160 0.723102 2.79954e-98 4.496e-322
1.32121e-62 2.82476e-32 3.56146e-36 1.55808e-108 3.09646e-08 5.232e-70 8.25709e-218 8.36646e-163 1.95667e-229 6.41076e-94 5.78311e-153 5.43134e-260 1.46804e-272 2.21367e-231 7.03805e-187 6.0276e-322 5.28508e-238 0.647246 5.79158e-124 5.2865e-322
0.337257 0.124229 7.24689e-05 2.75841e-09 0.0497106 7.2507e-07 1.00856e-239 1.60312e-205 1.6822e-247 1.00111e-226 7.50635e-172 4.00193e-322 2.02813e-273 3.92054e-268 2.8612e-305 8.89318e-323 2.22318e-248 1.15702e-90 2.31064e-195 8.39912e-323
4.47105e-07 1.94619e-07 0.0124168 0.102865 5.94224e-06 3.4809 3.36171e-236 8.556e-213 2.52876e-253 6.57562e-228 1.00507e-179 1.82804e-322 2.08273e-275 2.5355e-267 9.54509e-305 4.94066e-323 1.06596e-246 6.90765e-84 6.58061e-204 4.44659e-323
