3.54439 0.146744
6.41432e-117 2.02903e-104 0.45139 0.108451 3.71259e-54 5.31172e-24 0.150006 4.83386e-07 8.93821e-81 2.43877e-40 5.26883e-92 1.55241e-31 3.01528e-138 1.98634e-35 1.95367e-92 1.54636e-101 3.79377e-65
3.21132e-36 3.33911e-62 1.94135e-123 8.28175e-94 2.22727e-103 0.0539911 3.36434e-67 3.02941e-79 6.68247e-10 0.686488 1.05264e-89 9.67851e-235 9.77104e-146 6.25497e-37 2.22186e-78 6.19103e-151 1.1579e-120
8.05164e-66 3.87381e-114 1.17432e-81 4.89338e-16 1.32372e-102 8.99341e-39 5.02797e-95 0.104967 1.1151e-76 2.02728 6.58248e-73 0.296442 8.62321e-112 4.90128e-21 0.217299 0.259666 6.16141e-19
8.34053e-47 2.42583e-11 2.267e-168 2.18141e-102 4.4529e-127 0.330668 4.14991e-84 1.21461e-115 1.44801e-108 2.05812e-49 1.20263e-98 6.90573e-173 1.7256e-176 7.80119e-64 1.99864e-88 4.30955e-214 2.19569e-135
1.07729e-48 1.1563e-61 2.05114e-154 2.81686e-75 1.86087e-140 2.38421e-54 1.48879e-17 1.75333e-96 4.76636e-70 0.236195 2.40089e-16 1.00173e-147 2.48406e-202 7.0911e-12 1.17514e-57 5.59922e-193 2.75907e-106
3.84646e-36 6.1702e-61 3.09498e-54 2.61386e-80 0.883851 1.59562e-67 1.26919e-33 1.76434e-48 1.00644e-79 0.206309 1.34451e-96 1.03022e-224 3.07928e-162 1.03336e-30 1.9223e-104 1.69019e-198 5.52393e-83
4.62469e-58 0.0647864 1.59535e-107 4.34793e-87 1.21779e-100 3.39331e-29 5.20039e-19 3.12672e-100 6.34025e-132 1.09646 0.135256 2.91889e-141 5.48893e-73 1.26176e-30 2.66253e-125 1.49903e-184 5.51518e-06
0.0336744 0.00199146 1.38201e-82 1.19612e-79 4.1569e-142 1.35901e-47 4.70785e-77 6.00015e-106 8.25156e-11 5.64451e-11 0.0505091 3.16771e-209 8.94793e-228 3.7394e-29 1.30469e-80 1.3948e-127 1.2633e-32
1.51622e-56 5.20232e-42 4.04781e-129 6.40552e-76 1.47698e-124 3.08281e-25 1.74212e-40 2.20553e-94 0.0173335 4.32757e-105 2.50117e-91 1.66384e-110 1.37259e-123 6.29135e-103 2.00424e-07 1.82733e-210 0.0863757
0.0601255 1.28407e-18 6.49118e-38 1.18116e-37 1.16981e-19 3.18342e-07 1.59108e-15 6.79429e-99 0.371167 5.2561e-114 1.78141e-11 8.32222e-206 2.19327e-179 1.04139e-99 6.60712e-130 6.23378e-156 1.44435e-30
6.02967e-82 7.95958e-73 3.18066e-166 1.75936e-32 4.84657e-29 6.93574e-62 0.145336 3.15757e-53 2.97259e-59 5.40096e-39 1.72065e-62 3.45317e-209 6.85455e-85 2.18965e-100 7.10054e-103 1.18348e-89 1.89552e-23
8.67531e-93 9.89982e-82 1.68089e-177 1.33646e-71 6.57956e-08 0.145283 1.0389e-53 2.41098e-24 3.1614e-63 4.18723e-117 3.56941e-78 3.86692e-05 0.162743 1.19381e-113 2.01055e-72 1.03259e-174 4.35404e-05
3.51929e-15 1.69981e-11 6.62377e-95 4.60475e-17 3.02106e-77 2.22215e-18 5.98972e-15 1.76737e-117 1.54772e-50 0.470152 9.7739e-18 7.52332e-225 2.16622e-149 3.49386e-87 3.38591e-65 2.17794e-210 8.10242e-57
2.39881e-74 1.86667e-70 3.29138e-162 5.50973e-42 4.19008e-159 0.0102789 1.6751e-93 3.9101e-79 7.41396e-128 2.43852e-105 1.57103e-78 2.64915e-193 1.30294e-239 2.21268e-52 2.07691e-47 5.11208e-176 9.99651e-160
5.3083e-101 1.34721e-91 1.06681e-10 9.2997e-65 3.27855e-81 2.56277e-45 1.41499e-32 2.65196e-57 0.065022 1.17296e-108 7.54605e-89 1.90808e-97 5.78784e-235 0.202502 0.391445 3.28696e-128 7.54184e-56
0.000196427 4.42617e-14 1.3475e-155 2.82991e-80 1.73749e-101 0.105275 8.90446e-87 6.4862e-114 2.3814e-123 8.02882e-111 2.61189e-42 3.55205e-175 1.95436e-182 1.14683e-68 7.22928e-98 7.22838e-186 5.29425e-91
