1.77884e-07 2.90617e-105 6.0873e-42 1.33317e-103 4.55466e-70 1.63596e-63 1.95872e-99 4.85193e-89 6.71853e-85 1.59822e-46 4.61613e-52 1.09526e-30 1.53124e-176 9.08311e-182 1.16512e-83 2.70074e-188 3.11305e-182 3.99756e-148 1.68845e-115 2.92294e-128 2.72644e-24 8.87741e-251 1.77949e-175 6.36601e-76 0.129416 2.62551e-272
1.17989e-33 5.17088e-18 7.80452e-160 1.47332e-08 4.74652e-126 4.10134e-133 7.28361e-142 2.20729e-61 1.03162e-16 2.17879e-50 5.31643e-75 2.13654e-141 1.86175e-130 0.00125223 3.63457e-165 3.22172e-46 6.87299e-159 2.19049e-190 4.76207e-41 9.38168e-141 7.37944e-138 6.38261e-55 0.368873 9.2834e-111 1.58135e-147 5.1217e-75
2.19465e-131 2.62492e-104 1.02825e-46 1.31767e-74 1.07825e-79 1.0326e-27 1.63065e-119 5.50225e-127 3.14475e-234 1.26364e-61 0.131246 2.84537e-111 5.67537e-48 3.56937e-155 9.05669e-159 2.67932e-289 3.56978e-218 2.94876e-135 7.78177e-198 1.00236e-128 8.00123e-28 1.68656e-226 3.23134e-98 2.76983e-73 6.14071e-158 1.80562e-239
1.53609e-134 1.60757e-156 1.62723e-236 4.83916e-21 2.55099e-30 4.22688e-141 1.79426e-215 1.41237e-227 3.01631e-133 1.07398e-69 2.42965e-79 5.1905e-92 1.3811e-82 1.45831e-119 4.35666e-74 9.0038e-63 2.22545e-118 0.0819009 0.101581 1.03682e-159 2.29583e-50 2.50074e-159 1.27808e-138 0.185067 4.71849e-115 6.06825e-278
1.2382e-70 2.64866e-170 3.18517e-267 6.24796e-29 1.89036e-129 1.08344e-73 1.64525e-311 2.75207e-283 0.323826 3.23735e-108 1.95319e-54 1.28197e-181 1.09027e-171 7.08506e-126 0.360764 9.84941e-194 1.00754e-227 9.53835e-158 7.78977e-79 9.89336e-113 4.19557e-73 0.306762 3.01277e-177 5.33856e-113 8.08064e-127 0.335872
2.40695e-137 1.66695e-76 1.47418e-102 4.7446e-21 1.12978e-45 7.36019e-12 2.25502e-256 8.70073e-148 1.0438e-17 1.80587e-37 1.43513e-57 2.43928e-109 4.95719e-164 1.25752e-98 7.62917e-48 2.9293e-260 1.84638e-159 6.20473e-99 2.22005e-20 2.39867e-187 2.45189e-61 5.43363e-251 2.02696e-70 5.36455e-97 1.19858 1.42397e-178
1.91396e-10 3.74664e-93 6.00129e-311 6.87713e-261 4.78399e-172 1.14056e-183 6.80936e-319 1.78751e-108 4.5574e-140 0.587888 0.203891 0.973432 0.465999 1.06612e-208 1.09338e-97 0.69712 0.563051 7.56962e-260 0.397914 0.373519 2.96653e-96 6.98489e-91 4.5077e-36 1.1545e-67 1.54755e-159 2.53667e-41
1.86967e-204 3.51136e-87 1.14251e-78 1.26677e-106 2.44965e-125 1.18052e-191 5.86173e-155 4.35311e-10 1.5763e-240 3.55416e-56 5.35732e-124 1.28398e-146 1.52317e-16 8.16422e-181 7.59398e-105 2.62014e-128 2.65709e-203 6.41397e-188 4.19662e-123 1.56927e-150 3.68726e-77 7.59796e-61 0.0514848 4.55823e-95 0.119071 3.37479e-123
9.49219e-05 0.000985225 4.61731e-05 2.83349e-05 0.000338571 0.000490747 0.0212799 5.36117e-05 9.10432e-280 2.36882e-160 2.91248e-141 4.03387e-201 1.82544e-186 1.47006e-214 1.1741e-172 7.86652e-297 2.04777e-296 1.00995e-299 8.53068e-205 1.8856e-211 2.59368e-146 2.19973e-265 1.1146e-190 3.82232e-159 2.61316e-165 1.6657e-283
3.98685e-211 1.57176e-137 3.1224e-14 0.00967574 3.11201e-87 5.13934e-123 8.9843e-179 1.93079e-91 1.00606e-147 1.56399e-84 5.63115e-86 9.1334e-21 9.15452e-46 0.996501 1.84674e-54 2.5166e-240 1.53413e-164 1.40259e-12 7.26054e-201 5.98227e-96 1.02737e-126 6.644e-120 0.504154 1.20885e-48 7.33379e-83 2.7835e-100
0.000105635 0.000723615 4.80924e-05 4.528e-05 0.000314079 0.000400686 0.0235475 3.88701e-05 1.4654e-279 3.0696e-160 3.0539e-141 4.09076e-201 2.21715e-186 3.00182e-214 8.05726e-173 3.93901e-297 1.23018e-296 1.10902e-299 1.28088e-204 2.25455e-211 4.7447e-146 4.27009e-265 1.69392e-190 3.34992e-159 3.38682e-165 3.69533e-283
3.73052e-36 1.83808e-48 2.11006e-166 2.89604e-105 3.34413e-45 1.7648e-114 3.9115e-187 1.0451e-168 3.53001e-262 6.91476e-96 0.121193 6.29038e-112 2.86527e-119 5.05363e-166 1.47544e-73 1.81162e-155 1.68586e-173 3.6449e-163 8.94829e-178 7.70527e-159 3.52872e-22 1.21549e-205 3.56916e-39 1.30972e-152 1.3425e-129 3.88318e-226
1.25186e-281 1.84508e-148 2.77852e-22 9.15319e-243 4.9371e-146 1.70303e-66 1.37546e-307 8.46476e-106 7.27298e-25 1.56186e-45 3.72697e-21 1.11175e-53 2.69952e-41 1.27245e-166 1.01676e-85 0.597429 2.2571e-150 4.50726e-198 3.30761e-146 7.32277e-68 1.20617 0.040921 3.70834e-125 2.42084e-124 3.1167e-103 6.62683e-89
4.03332e-99 5.7123e-11 6.0739e-179 4.80354e-30 4.54848e-35 1.11863e-51 1.2832e-105 1.58117e-149 8.29099e-88 8.06683e-58 5.94466e-17 1.09221e-97 1.46175e-91 2.16178e-136 4.91738e-131 1.1968e-276 2.0507e-279 2.95067e-110 2.77816e-118 1.30133e-173 5.02772e-84 1.0594e-142 0.159687 2.29178e-70 1.08577e-65 1.84911e-246
8.04405e-05 0.00461962 6.26579e-05 7.36523e-05 0.00250359 0.0023184 0.127952 0.000160639 3.85876e-278 9.4256e-159 4.52621e-140 8.52233e-200 8.16736e-185 8.27376e-213 9.77111e-172 9.00997e-295 6.67528e-295 2.40754e-297 3.29423e-203 2.38868e-210 2.69739e-145 1.36096e-263 2.22174e-189 3.5698e-158 1.0992e-163 2.73731e-282
