0.00130504 0.00351457 0.0105966 0.00400983 0.00527723 5.31795e-05 0.002259 0.00791991 4.97364e-215 5.92879e-323 8.39912e-323 1.67982e-322 6.02159e-244 8.39912e-323 1.13635e-322 7.74661e-209 8.48499e-276 1.23435e-240 1.58101e-322 1.72923e-322 5.16963e-264 1.6958e-251 4.70477e-280 2.47033e-323 2.96439e-323 1.33398e-322
2.03304e-22 9.10852e-20 7.25671e-30 6.04747e-10 3.71013e-06 0.0601334 1.74443e-23 1.11874e-13 6.43418e-197 2.2233e-322 2.76677e-322 6.52167e-322 1.35721e-222 3.11261e-322 4.00193e-322 5.68455e-196 4.38807e-279 7.07235e-235 5.48413e-322 6.47226e-322 3.95668e-256 3.63178e-237 1.55594e-242 8.89318e-323 1.13635e-322 9.14313e-319
8.0684e-18 2.61325e-153 1.53459e-61 2.7837e-29 5.14986e-29 5.63188e-31 1.33625e-121 2.19131e-29 1.37618e-197 7.59875e-262 2.97922e-321 1.06349e-239 3.15641e-193 2.72047e-264 1.42844e-270 3.91196e-144 2.59109e-125 1.72114e-110 2.31502e-260 1.80787e-257 8.55606e-139 3.50188e-123 1.58921e-67 4.59975e-321 5.23112e-273 3.93674e-238
3.47383e-207 8.4665e-231 2.54938e-321 2.88253e-164 1.68611e-302 3.03356e-321 0.217355 1.36259e-142 3.1755e-146 2.43735e-285 2.29574e-198 1.42343e-111 5.8188e-112 2.24584e-165 6.14228e-204 1.40602e-80 1.216e-77 1.025e-63 1.89866e-139 3.0326e-157 7.6956e-168 4.54821e-146 0.743787 1.30955e-13 1.85524e-79 4.21817e-47
2.24393e-108 5.65914e-140 4.12607e-176 5.47343e-09 2.12904e-27 1.26559e-149 1.95707e-158 3.3807e-32 6.84966e-103 4.12137e-192 5.89866e-114 5.41208e-238 3.25164e-223 2.32758e-99 1.78411e-146 7.8729e-85 2.82081e-259 9.57786e-96 8.64294e-296 4.5276e-315 1.15541e-245 8.1261e-210 1.43545e-59 1.01778e-321 1.64922e-195 0.143304
7.82748e-235 2.52704e-148 3.28253e-213 1.2341e-155 4.20493e-146 3.08791e-321 7.97435e-12 5.68639e-99 4.77783e-40 0.966562 4.26052e-272 3.235 2.09534e-110 1.61379 1.82094 2.90912e-130 0.18572 0.457692 2.60972 2.48266 1.27532e-210 3.07623e-144 0.0114378 1.1023e-197 0.717793 1.61093e-212
6.58724e-121 2.98184e-283 1.81962e-88 2.92187e-137 5.37697e-33 2.14656e-72 1.12464e-169 5.8526e-241 1.07404e-173 9.32814e-57 0.903543 5.43715e-142 0.231889 2.01354e-55 3.98058e-127 1.14395e-36 0.0201227 1.63686e-77 7.66296e-321 2.1698e-120 0.111966 1.44501e-56 2.63815e-258 1.85813e-218 1.88239e-321 1.35788e-67
1.35707e-22 1.39583e-90 4.8319e-97 5.94822e-72 1.17088e-120 3.26083e-321 4.1465e-131 2.33259e-233 6.63191e-130 3.76962e-237 1.39229e-309 8.7005e-321 4.2817e-245 1.41578e-203 8.72948e-248 5.73823e-63 4.91073e-237 1.44498e-118 9.34698e-180 0.213767 1.24086e-71 6.14497e-249 4.75585e-130 8.50346e-38 7.72721e-316 1.14053e-151
3.96947e-116 3.60336e-243 3.53214e-174 2.60027e-239 2.09782e-103 1.65281e-114 5.16671e-282 1.14041e-233 0.403902 3.78092e-17 5.73066e-120 1.72904e-204 1.18709e-64 4.14521e-321 5.44281e-258 0.198415 2.71206e-220 1.47334e-156 6.88673e-312 1.70556e-185 0.237809 0.195422 8.7699e-94 0.296102 9.38234e-231 1.18794
7.57545e-110 5.39688e-186 1.02283e-78 1.59075e-67 4.63185e-144 2.77903e-196 8.8658e-150 1.94274e-226 3.92111e-28 1.5214e-230 3.16202e-321 1.35133e-314 5.74968e-107 8.60654e-123 3.0939e-150 9.69759e-48 2.39106e-118 2.14556e-84 9.28328e-240 1.07802e-249 1.52441e-230 2.02963e-74 1.02449e-242 1.16216e-223 1.43921e-320 0.0689013
2.83673e-184 7.7216e-192 3.05585e-259 1.4718e-263 4.9472e-85 3.59708e-177 1.94102e-36 2.95537e-173 4.91468e-191 2.64314e-147 2.04427e-278 1.3249e-276 8.34886e-42 1.5421e-179 5.20214e-182 4.63867e-58 8.93062e-191 1.2421e-239 7.72449e-175 1.05144e-108 6.12888e-116 1.33788e-157 0.261457 9.75733e-118 1.14623e-321 9.05995e-266
3.89524e-31 2.42189e-145 8.92483e-39 1.40095e-312 9.08888e-192 2.92487e-321 1.20301e-245 3.03231e-29 0.000214054 5.0457e-199 9.19659e-210 7.90999e-321 3.69471e-45 4.15822e-109 6.61644e-218 2.5314e-144 3.0975e-253 2.2964e-194 1.13744e-141 1.43926e-275 2.08475e-138 2.55155e-42 0.181485 7.14899e-47 2.36008e-314 3.20084e-187
1.32296e-255 1.49402e-51 1.29762e-95 7.91536e-78 1.25987e-321 4.68141e-279 4.76562e-68 2.00258e-244 3.00223e-88 3.05566e-06 3.2851e-66 5.27391e-258 0.298579 4.19312e-168 1.15357e-32 1.26113e-51 5.24775e-22 4.15711e-05 7.9926e-314 1.32643e-245 1.49899e-138 3.01154e-202 1.40831e-95 4.42152e-280 1.55137e-321 5.6615e-191
5.46589e-86 7.83865e-162 1.14959e-127 5.21571e-56 6.07374e-26 1.92386e-18 7.30379e-47 5.42792e-79 2.26075e-161 2.24306e-321 5.41962e-99 7.42581e-321 8.14212e-188 3.11261e-321 6.8448e-210 3.07071e-118 1.2141e-159 3.56928e-224 3.34202e-225 6.70447e-321 8.91863e-172 5.53864e-220 0.0694232 2.84698e-258 1.3735e-321 2.32866e-228
3.54334e-36 1.45479e-135 4.42214e-130 5.75994e-49 8.9463e-273 1.78197e-251 4.0445e-152 4.3374e-123 1.05883e-87 2.24306e-321 6.94276e-160 6.87991e-264 2.72829e-96 2.60036e-270 5.63586e-205 1.56169e-210 6.85188e-19 1.30913e-120 1.96868e-258 7.17877e-321 1.08776e-102 7.19694e-112 0.223463 1.04248e-321 1.22528e-321 4.43413e-58
