1.04431e-158 5.79205e-42 1.57398e-29 1.12808e-42 9.63714e-99 2.23628e-102 0.0230235 9.07864e-150 0.000232169 1.02091e-110 2.16506e-25 6.76566e-57 1.29966e-24 1.64194e-33 1.88429e-09 5.78191e-07 1.0551e-124 0.105605 8.67488e-78 5.05809e-07 1.56682e-06 8.07485e-94 2.04938e-121 4.747e-68 1.44098e-35 1.65477e-50 2.15324e-76 0.0248418
1.2166e-25 2.05494e-64 1.52228e-40 7.38694e-72 1.0247e-61 1.40755e-44 2.34433e-23 2.69222e-147 8.7044e-101 1.82176e-95 5.68167e-83 8.34001e-85 3.7381e-65 4.52397e-17 9.21647e-49 0.137917 0.0620718 1.77229e-37 0.179115 3.64335e-85 1.57418e-98 0.395484 4.51703e-05 2.42371e-36 1.33097e-14 3.13352e-51 1.23406e-132 0.0720327
2.03369e-19 8.46947e-125 3.75431e-171 7.214e-123 3.25084e-26 0.139249 3.89379e-66 2.61692e-92 5.90731e-107 2.06166e-106 2.7754e-42 5.94669e-80 4.54648e-10 4.32482e-41 2.51479e-55 8.58921e-45 4.64965e-115 1.62998e-133 9.58305e-38 0.418632 9.27343e-89 1.86907e-115 2.05892e-61 1.03338e-79 6.94262e-48 1.18785e-115 1.95029e-22 6.88502e-93
0.421012 3.26386e-58 1.12344e-119 0.0213288 4.19374e-112 1.60718e-109 1.80215e-83 7.1002e-61 3.02804e-48 1.35288e-81 7.95728e-41 2.5244e-26 8.81277e-101 2.33054e-104 9.60895e-12 4.24618e-57 6.3864e-131 0.00147064 1.07779e-47 6.23999e-22 1.43496e-54 7.89026e-44 4.09628e-43 1.24232e-18 9.72587e-29 1.36172e-73 1.42252e-88 2.54677e-43
2.6495e-95 2.58278e-79 1.30745e-98 4.69403e-104 7.27634e-85 7.00329e-91 3.35535e-46 0.103299 1.58546e-11 6.11424e-103 0.000467756 3.68277e-40 0.136961 9.63476e-43 0.000169302 1.07634e-36 5.78175e-15 1.8915e-34 8.78711e-05 0.117498 3.45476e-93 7.45949e-117 5.84764e-96 0.0465069 2.27463e-54 6.91319e-35 5.45244e-87 1.62699e-113
1.45272e-162 6.4161e-120 3.93505e-28 2.16508e-16 1.12069e-81 1.73384e-56 1.57517e-90 4.42164e-88 7.87547e-113 6.21935e-103 0.148737 2.42352e-71 1.28795e-25 1.55006e-22 8.46145e-89 2.77088e-75 1.67907e-141 7.45899e-20 5.98334e-27 7.21993e-123 2.57786e-88 5.91774e-116 0.177719 2.46867e-72 0.181229 2.16594e-15 1.17028e-89 1.86192e-135
3.79377e-146 2.3371 4.5933e-99 5.2565e-40 0.0028824 9.60181e-123 9.19201e-89 1.50757e-99 7.57058e-15 8.70545e-11 1.31063e-91 1.40511e-74 6.46413e-139 3.00375e-100 6.13759e-36 9.33179e-84 7.79875e-163 5.59364e-11 3.05737e-07 9.81381e-117 8.53652e-41 3.41213e-52 3.45977e-93 5.45278e-117 5.02976e-11 6.55438e-49 2.51677e-48 4.14302e-57
1.35357e-58 6.79453e-58 7.80203e-54 7.43325e-28 1.1537e-71 5.62947e-51 0.0148824 8.35568e-08 0.207968 5.08904e-60 5.3041e-62 1.38563e-44 1.82209e-122 2.25857e-107 3.08822e-31 5.25219e-83 1.29199e-104 2.49914e-113 2.13393e-94 0.0165582 3.79918e-50 2.08295e-48 6.13067e-91 1.0441e-114 0.00105954 4.05079e-106 0.195582 6.35738e-37
1.27441e-178 2.31224e-11 6.47148e-155 2.39908e-69 7.43136e-82 5.36078e-91 1.99644e-89 2.88993e-53 5.50753e-82 0.175214 1.67128e-101 3.89334e-05 0.000130871 1.13804e-31 0.0413803 2.13513e-93 0.237776 5.92663e-81 9.78716e-52 2.73906e-79 0.111191 3.03932e-116 1.48081e-73 1.39296e-13 1.91987e-37 0.183185 3.3192e-114 9.96119e-107
1.49693e-23 2.02581e-25 4.12954e-167 2.77551e-28 1.11913e-31 1.34347e-131 1.78969e-69 9.40193e-154 2.22661e-140 7.83192e-15 4.7561e-35 4.88048e-21 5.87519e-92 0.187988 5.31697e-40 1.49847e-81 5.57817e-137 1.00826e-13 1.73255e-91 6.28901e-132 1.4752e-27 6.4653e-72 2.01204e-107 1.2778e-105 8.98895e-54 3.92189e-82 8.77529e-88 1.05459e-16
2.3105e-85 8.79203e-56 1.11915e-63 2.00477e-21 2.56353e-108 1.99e-68 7.71893e-82 1.86644e-19 2.53323e-66 2.41696e-25 2.44268e-63 0.192582 1.14115e-76 7.87907e-26 3.11755e-29 1.13761e-23 3.24227e-80 8.41356e-96 0.00321022 4.96981e-62 7.84584e-33 6.09757e-75 4.4721e-28 6.164e-39 8.50361e-89 1.61416e-23 1.69968e-76 7.1141e-89
0.0372644 3.26354e-64 1.32794e-55 3.83934e-87 0.115954 3.24638e-121 7.42568e-17 2.75924e-36 1.20958e-34 1.04696e-12 1.13731e-87 6.04569e-44 2.60926e-59 1.84569e-109 3.23229e-16 6.27237e-96 0.00121407 2.26444e-103 9.04931e-98 4.03115e-127 3.04556e-88 4.73533e-68 6.26482e-23 1.27276e-20 1.14877e-92 1.21054e-38 7.50628e-40 8.51258e-53
1.375e-05 5.86795e-15 0.0758468 1.44134e-28 1.69684e-91 1.63065e-98 1.03524e-91 1.30005e-150 7.12327e-124 7.39508e-82 1.85839e-98 3.28091e-83 1.90239e-120 1.41633e-96 8.4965e-89 3.7889e-97 7.82593e-152 2.87471e-121 5.572e-90 2.61113e-100 4.22485e-95 2.61462e-139 1.81813e-113 1.12488e-86 1.04673e-105 2.4961e-98 7.92074e-149 1.44079e-146
5.3351e-111 7.44878e-13 7.99219e-95 1.69549e-54 7.60163e-15 5.36592e-67 2.5111e-78 2.73198e-29 5.03295e-54 0.112978 3.4237e-30 0.00121964 5.55052e-65 6.64742e-79 3.7817e-31 3.65769e-91 7.77567e-115 1.14452e-70 1.6707e-22 2.41344e-54 4.57377e-29 1.77717e-86 1.8902e-89 1.45132e-09 2.15059e-65 5.56852e-91 2.13401e-74 8.61671e-38
