3.39892 0.0960135
1.19391e-54 5.61696e-58 0.0551579 3.69845e-40 7.3387e-49 2.5573e-68 2.27317e-30 5.2571e-46 0.386086 0.00418592 0.00566532 0.00140156 0.198854 0.0992023 2.40209e-09 0.207744 2.06097e-31 1.33103e-07 3.67078e-47 2.41097e-24 0.000785395 0.107089 1.51026e-109 0.130815 1.12728e-61 5.44917e-23 3.69002e-31 0.317781
6.20377e-95 1.48243e-26 5.61411e-69 0.000114825 5.34387e-26 6.43921e-25 2.2772e-28 1.95184e-71 5.08635e-05 5.05384e-48 2.66989e-05 3.2521e-45 3.32782e-52 8.40607e-20 1.68341e-40 1.40394e-95 9.23035e-22 3.48496e-55 4.34503e-83 3.40844e-50 1.90067e-11 3.18612e-38 0.0343539 8.97145e-50 4.2681e-20 1.6696e-108 0.567383 2.49748e-18
1.65705e-45 2.80358e-24 6.20542e-45 0.113439 9.41977e-09 9.09041e-35 4.32109e-20 1.39038e-54 7.53405e-45 3.21121e-32 1.23516e-31 3.53491e-62 5.84935e-66 6.77812e-87 0.33269 2.84975e-83 5.59458e-14 1.80388e-33 1.66459e-30 2.69954e-41 0.0406699 1.49621e-20 3.83009e-108 4.61932e-65 3.26591e-54 0.022201 2.66552e-57 5.82113e-65
1.24853e-63 0.024312 2.07459e-79 3.20755e-45 2.76254e-46 4.22959e-31 0.0255951 1.50266e-62 1.5123e-81 6.38597e-22 5.73662e-08 5.53632e-59 5.42137e-28 7.29171e-70 4.44616e-75 5.23834e-34 3.43253e-39 9.67631e-28 4.57843e-66 0.137711 0.00142827 3.02331e-72 2.23408e-05 9.71467e-69 5.97166e-63 0.219717 1.15145e-07 3.97176e-53
1.62043e-27 1.37523e-68 4.80363e-66 1.26818e-20 8.14016e-51 8.00057e-56 2.91297e-36 7.4469e-40 1.01888e-30 1.63664e-08 7.8382e-69 1.1173e-48 3.22676e-20 9.51419e-56 6.18285e-11 7.24667e-43 6.78e-17 4.21165e-08 6.73219e-27 0.129688 0.000122271 1.83878e-47 5.59617e-95 7.57894e-59 2.786e-32 5.85141e-97 7.09562e-16 3.06026e-85
3.79112e-17 2.51434e-84 0.00215122 8.93288e-34 2.97608e-26 1.48031e-13 0.000968292 2.7737e-29 6.15986e-20 9.26889e-45 1.55086e-95 0.0881157 0.0393335 6.33492e-76 0.50172 0.0508231 0.0594892 2.78185e-22 0.131947 5.78836e-11 2.21495e-17 3.1065e-66 3.49404e-109 1.48593e-60 0.201479 1.32397e-105 4.32328e-20 3.18148e-96
1.18415e-104 1.45159e-47 2.48893e-91 5.61495e-63 4.79528e-57 4.79902e-06 6.40009e-08 4.91104e-32 1.26346e-72 4.38053e-31 3.98014e-13 7.44718e-17 0.013004 3.7897e-46 3.28882e-62 1.45311e-46 3.70583e-77 0.155417 1.409e-99 5.90456e-69 4.78932e-18 2.91681e-51 6.60457e-77 3.68613e-86 1.86538e-06 2.74975e-35 2.10444e-29 6.45862e-36
3.59721e-95 1.79768e-47 6.50076e-14 3.33309e-27 5.77911e-68 1.36073e-53 2.48064e-15 3.39538e-37 5.81253e-82 2.05999e-11 8.10069e-102 9.56857e-42 5.74764e-43 2.1004e-45 9.28644e-49 6.44898e-77 6.32423e-08 1.58796 1.57479e-79 2.12092e-09 2.41379e-28 2.83665e-53 1.52094e-111 2.49503e-102 6.67688e-42 4.41743e-48 2.17452e-08 7.62324e-67
0.0867182 7.81131e-54 7.51005e-34 5.04238e-15 7.43926e-26 7.34794e-31 1.37974e-22 1.80392e-23 5.93004e-48 5.40639e-44 9.90073e-27 3.99866e-68 2.83792e-68 1.3108e-77 8.92929e-61 4.78033e-87 1.19972e-63 6.80006e-55 6.59325e-63 3.35051e-20 4.65322e-56 2.94759e-66 1.54131e-78 1.52304e-77 7.15149e-48 6.85178e-68 1.49309e-09 7.87334e-83
5.5971e-111 6.80474e-32 1.43311e-45 1.84048e-16 1.18571e-45 5.56616e-55 1.69378e-08 4.82719e-15 2.17427e-50 7.59823e-05 6.51392e-18 7.0955e-65 1.18574e-19 3.2313e-20 0.202439 7.00859e-45 6.19292e-32 1.88264e-43 3.48882e-34 3.19245e-35 0.0011 2.25559e-31 0.0694319 1.74675e-55 6.72282e-46 2.4232e-97 1.42013e-37 6.42726e-92
1.57011e-113 5.57919e-39 2.42213e-73 2.04364e-58 5.8379e-39 5.05891e-67 1.68465e-24 1.18049e-52 7.45158e-78 4.03808e-63 5.02912e-88 8.58825e-82 7.98654e-16 8.52241e-80 1.16492e-77 0.000280852 3.7818e-68 5.52883e-14 5.29335e-93 1.77402 1.82736e-55 6.17685e-67 9.40486e-68 4.61784e-78 4.03617e-42 3.63006e-31 1.22364e-53 5.47887e-60
8.2461e-06 1.27587e-73 2.23287e-18 5.7021e-50 0.17982 0.118449 2.47312e-18 0.135673 3.35209e-80 1.53893e-34 0.204996 2.91054e-41 1.07047e-74 2.18581e-66 1.16691e-35 7.85071e-22 0.0295448 1.17866e-61 1.21959e-19 1.18413e-70 9.37572e-21 1.12576e-18 1.4815e-78 2.08163e-89 1.56835e-32 2.45119e-78 9.53605e-41 5.67988e-65
1.77472e-47 9.90779e-51 1.02786e-51 9.08109e-64 2.5154e-41 9.52928e-55 5.79988e-09 2.26403e-26 9.8205e-18 0.160124 3.37458e-22 3.41583e-54 2.07787e-60 4.47611e-89 1.29472e-30 4.93846e-67 2.0551e-49 1.06216e-35 1.49588e-59 0.156276 2.42084e-63 9.99921e-22 2.70233e-21 6.7594e-31 4.25488e-25 6.67312e-25 1.39049e-53 2.78903e-85
1.17835e-87 1.31934e-42 3.09638e-32 3.0549e-58 1.09419e-40 1.59252e-38 1.75343e-45 0.000754776 1.88009e-78 2.93353e-20 4.86793e-69 2.0804e-40 1.13051e-53 9.37656e-51 4.31135e-75 2.33628e-15 2.11897e-12 0.0596509 1.25999e-50 1.94452e-73 2.13094e-29 6.20983e-52 5.4422e-33 1.25782e-58 1.25396e-46 2.17813e-83 4.67242e-58 3.44279e-62
