6.06862e-35 6.30634e-31 1.63763e-15 7.66999e-255 8.67802e-170 0.742477 1.58787e-148 7.62187e-189 2.76324e-90 4.44602e-198 3.77698e-231 3.40191e-227 3.7921e-123 4.17792e-161 1.91548e-168 2.29438e-103 2.89813e-142 3.58263e-187 1.03896e-165 1.228e-111 2.11067e-82 2.78187e-168
2.59972e-99 2.62005e-191 2.04408e-143 1.25127e-94 4.32289e-180 0.552822 9.80796e-146 0.237936 0.485983 2.57927e-188 5.2973e-14 3.13772e-215 4.13025e-60 0.169019 4.63016e-40 1.59208 2.61865e-83 1.17935e-162 9.91943e-54 5.79547e-115 2.6028e-69 4.45776e-137
5.64745e-109 0.0916614 1.69452e-23 2.52006e-252 2.28984e-117 1.38767 6.5113e-166 5.14524e-139 1.08755e-104 4.10333e-118 1.14303e-116 9.53048e-177 2.066e-72 6.2316e-121 1.98462e-13 5.22963e-165 1.71343e-135 6.05509e-127 3.25128e-176 8.0974e-111 1.47102e-97 5.73812e-170
3.31371e-75 4.83664e-89 4.16642e-64 1.49065e-231 5.415e-208 0.668774 3.39217e-161 1.4454e-150 8.41896e-87 2.92097e-129 1.39198e-210 7.51108e-245 1.81054e-177 1.15557e-106 6.91882e-119 5.32146e-161 2.52356e-96 5.07291e-140 1.03052e-189 2.63725e-151 3.41182e-64 1.72058e-212
4.07024e-32 5.93752e-46 2.1872e-12 2.19001e-271 3.98145e-190 0.314497 8.09738e-167 5.68081e-178 2.71842e-129 2.76162e-167 3.30151e-234 6.95996e-258 1.48472e-160 1.08771e-157 5.74393e-189 3.71525e-133 1.56049e-155 3.28328e-141 2.36383e-148 1.22135e-150 1.24078e-120 4.70404e-169
7.97888e-05 1.55019e-06 0.0176621 6.34778e-287 1.58119e-216 3.00022e-57 3.44331e-170 8.8354e-206 1.7007e-142 1.62178e-200 1.55763e-253 2.0749e-273 4.67334e-191 2.74973e-193 1.98749e-192 1.00192e-177 2.58766e-161 1.63464e-184 1.90241e-199 2.62519e-165 1.85832e-133 8.37297e-225
1.8162e-21 3.68874e-24 5.03607e-27 5.14454e-194 1.24621e-98 1.88458e-59 0.935188 7.73174e-183 5.01804e-137 2.52434e-44 5.10698e-210 1.02402e-156 1.07819e-121 8.97574e-82 2.55883e-155 1.56659e-153 7.83443e-57 3.13851e-156 1.83615e-136 2.54963e-142 4.19622e-104 1.12091e-70
1.58932e-10 2.70424e-50 6.64088e-29 8.14937e-254 8.04548e-200 0.737468 3.18332e-155 1.37187e-175 2.04978e-120 9.10826e-177 2.33583e-200 1.169e-237 2.28733e-134 4.78364e-162 5.05631e-174 3.58912e-144 6.8443e-139 2.70873e-170 4.9561e-170 2.29312e-158 3.26289e-97 2.02734e-210
1.95375e-08 0.00860394 0.00330491 5.46445e-286 3.54335e-219 2.49548e-63 8.30112e-172 2.59327e-209 3.14163e-141 4.55669e-200 8.83546e-252 5.89825e-275 3.63259e-187 1.67364e-190 1.2852e-192 8.26506e-176 1.00624e-160 5.35237e-189 1.61257e-201 1.30106e-167 1.7634e-131 2.04868e-221
5.19345e-89 7.93162e-23 3.4355e-148 1.76434e-153 7.72742e-172 1.91138e-50 5.51517e-68 1.60181e-159 1.08314e-60 1.00364e-152 3.03766e-134 1.24731e-178 1.0127e-87 1.37818e-98 1.15098e-91 7.01936e-80 3.84114e-159 1.47553e-164 7.39587e-165 2.01748e-98 0.119391 3.37232e-173
6.02443e-167 3.04573e-134 6.32206e-52 0.305504 1.28374 6.65575e-10 1.18132e-171 2.56041e-173 9.461e-126 3.42509e-96 5.94934e-250 0.181759 0.389182 7.02071e-101 0.849628 1.539e-107 0.930192 9.14003e-122 3.97999e-108 3.96152e-103 1.85941e-128 1.71889e-88
6.66732e-46 1.82469e-200 4.89869e-59 1.04581e-215 9.02707e-165 1.29705e-31 6.02563e-33 7.65024e-30 5.23888e-60 1.08741e-162 0.0783946 7.19805e-161 2.80696e-93 9.90145e-124 3.18344e-46 0.655933 3.43128e-63 0.598165 0.851527 0.57951 0.0751612 0.588927
2.09033e-14 0.000380686 4.28523e-22 1.84156e-273 1.24382e-189 0.547351 2.8654e-166 1.22084e-189 3.15965e-109 7.19381e-190 2.04163e-242 7.70442e-253 2.16686e-127 5.47792e-173 3.41042e-174 1.4812e-155 2.14705e-122 5.30983e-140 1.19676e-192 1.06285e-132 3.20629e-95 1.06878e-201
3.09551e-13 1.03778e-144 4.28812e-18 1.08142e-276 2.6456e-186 1.44452e-06 2.66158e-150 5.09875e-195 9.30273e-63 3.53064e-79 2.9439e-74 7.38738e-260 1.50173e-94 2.41465e-86 7.97383e-71 2.05899e-29 1.98829e-112 2.87828e-187 8.95766e-97 1.03774e-22 3.63001e-126 0.0910224
1.117e-24 1.96542e-55 9.1689e-18 2.31555e-210 6.67572e-73 2.15895e-06 0.232162 2.05107e-157 5.86114e-115 0.168976 4.74823e-35 2.92217e-269 1.02854e-89 1.13538e-67 5.16724e-64 5.7056e-104 2.05832e-107 0.459259 1.4958e-136 3.82946e-53 2.02963e-65 2.0331e-104
