2.02769 0.154473
2.41307e-33 2.07437e-56 8.94622e-38 4.86075e-92 1.57006e-53 0.388424 5.42538e-101 1.51256e-17 9.16712e-85 2.60462e-111 1.03569e-79 2.4833e-45 5.22198e-68 4.69562e-98 5.08845e-91 6.87979e-91 4.21024e-128 7.88254e-120 6.75104e-76 8.13324e-100 3.5777e-84 2.17008e-54 4.42083e-110 1.5222e-173
2.56911e-33 4.25271e-35 4.58427e-37 3.38515e-34 7.99133e-55 4.75456e-79 3.41398e-41 1.88121e-78 6.55668e-121 1.89003e-75 1.94705e-46 1.05777e-72 9.70181e-54 4.48256e-49 6.58794e-115 3.02692e-160 1.05077e-177 1.88672e-28 1.18649e-67 0.155262 4.4827e-129 4.16607e-07 9.6182e-11 2.92326e-93
1.41907e-105 3.62922e-133 8.07028e-41 3.91846e-68 4.04624e-114 4.50961e-100 0.159635 6.68881e-06 3.08312e-40 2.68565e-33 1.53252e-74 2.97357e-72 2.99484e-154 5.40487e-108 2.32672e-143 6.89247e-96 0.18523 7.81367e-31 5.36889e-92 0.0342299 8.10379e-119 4.30074e-115 0.272224 0.5172
0.00786783 0.0158431 0.00442096 0.0141237 4.00909e-106 1.78698e-85 4.64262e-184 6.70913e-93 2.68368e-163 1.29818e-178 1.04561e-152 5.08932e-102 4.90945e-168 4.72791e-126 1.02573e-205 1.57391e-150 1.53304e-252 8.44613e-131 4.87935e-156 1.142e-159 9.70561e-141 2.45445e-160 3.12739e-122 1.7874e-168
1.02949e-154 2.5745e-87 1.11314e-75 3.03991e-26 0.182808 7.64735e-39 3.03197e-116 8.60673e-91 7.03619e-119 2.40759e-166 9.80971e-82 9.56984e-65 5.82122e-97 5.07265e-91 4.94446e-83 8.01825e-66 5.36253e-202 1.11817e-14 0.0489248 2.93357e-88 2.14808e-80 3.28724e-155 8.50607e-102 9.6116e-142
1.94512e-72 1.14974e-134 6.99647e-08 8.01749e-16 1.61575e-05 0.528568 9.66339e-170 2.4419e-14 3.06561e-34 5.45454e-99 1.85587e-101 1.35308e-94 2.59805e-128 3.09046e-93 2.94497e-92 1.07354e-94 1.05855e-222 3.28617e-128 4.9003e-103 3.53716e-26 0.0212575 8.18517e-148 1.83374e-124 1.73642e-144
6.49813e-58 3.18876e-179 5.52006e-39 4.89666e-26 0.639355 1.68075e-14 4.56176e-176 0.373757 0.042248 0.101215 1.88302e-37 1.55875e-71 2.69437e-150 0.140053 0.221858 0.069933 1.32624e-213 1.53031 0.000215333 5.395e-59 0.191019 0.329522 1.07305 4.72027e-42
2.27833e-130 9.85196e-45 9.17286e-35 2.9663e-31 5.71535e-57 8.83937e-80 1.18518e-179 3.74451e-97 6.46197e-06 4.93829e-40 0.413315 0.238444 1.57242e-87 1.26841e-16 3.17817e-136 1.75103e-30 1.93535e-257 2.89791e-21 2.61091e-89 1.56184e-33 1.0178e-63 1.77798e-99 2.14907e-68 3.76873e-51
2.29937e-256 1.2664e-141 6.83549e-47 1.26072e-205 5.17735e-76 9.68603e-32 3.39163e-79 1.43265e-68 1.04418e-129 4.52352e-90 4.47529e-140 2.90329e-41 0.347195 1.3881e-84 1.6814e-57 0.0614457 2.35027e-247 9.2156e-32 9.28789e-102 2.08302e-53 5.58145e-121 1.13186e-80 3.127e-11 2.54688e-114
