2.39164 0.02734
8.12666e-19 3.33486e-06 8.42581e-14 8.49701e-19 2.4181e-10 1.76776e-25 2.10427e-21 0.122837 1.30983e-24 1.00861e-06 4.42883e-20 5.19929e-23 1.38283e-29 2.26199e-18 0.00104705 2.93292e-31 1.61674e-18 9.03161e-48 7.01231e-24 5.80073e-21 1.01359e-16 0.000201198 1.91688e-11 7.98082e-15
2.47921e-09 0.0103472 1.60364e-05 7.86523e-12 1.21959e-25 7.46472e-31 9.68183e-27 6.67134e-24 6.2737e-29 1.07151e-17 2.03856e-24 1.02408e-24 7.69299e-29 4.23932e-22 8.44548e-21 1.90126e-42 1.1731e-17 3.83201e-55 4.74709e-24 1.23307e-25 4.70956e-30 9.18735e-17 9.43845e-23 9.37921e-24
1.8421e-22 9.2569e-28 0.0385797 6.05517e-08 4.23222e-10 3.81679e-16 7.733e-24 4.53269e-14 1.10005e-16 5.58658e-06 4.03494e-18 3.33162e-27 2.02949e-15 0.00354576 4.37591e-18 8.1528e-19 4.72224e-12 1.29325e-28 1.13342e-23 1.9501e-35 6.81264e-18 2.57041e-13 0.0889131 3.48782e-17
9.57119e-11 3.49097e-21 4.87004e-13 0.0509071 2.42311e-25 0.000346368 5.88741e-33 1.89877e-10 4.09979e-19 1.23505e-12 3.15004e-13 5.60773e-20 8.71007e-20 1.78921e-19 3.35797e-21 6.06349e-32 1.27445e-21 7.02584e-33 1.06371e-25 1.19807e-32 2.04637e-12 0.0465712 1.39091e-07 3.31725e-16
0.0114468 3.43349e-17 6.78282e-28 1.2402e-50 1.70591e-15 0.015995 0.0293949 2.72106e-14 3.66698e-17 8.34041e-15 3.78649e-05 0.0213157 0.016306 0.175949 1.06584e-10 0.000651005 2.55535e-25 0.0383835 7.93937e-28 0.126597 0.0381227 4.16418e-09 1.10927e-24 0.0453435
1.80969e-11 1.81494e-13 7.06696e-05 2.45026e-26 0.0511998 1.52112e-08 3.73379e-21 0.0652639 2.24868e-24 2.17272e-06 8.48428e-24 3.54559e-33 8.02683e-21 1.14586e-14 2.93018e-20 5.77829e-38 6.29701e-20 4.28857e-33 1.57441e-23 3.4417e-31 4.14607e-15 0.000945094 0.0679496 9.52925e-11
4.79098e-14 7.36689e-12 1.31062e-07 3.11516e-37 0.03801 8.63723e-25 1.50357e-16 3.46998e-07 2.9346e-05 8.78652e-11 0.0546442 7.09087e-16 8.65606e-10 2.19915e-13 2.9016e-10 0.0605698 2.02952e-18 4.31741e-26 0.00251612 0.175593 8.19559e-26 2.70143e-11 5.54429e-23 3.87036e-22
2.18969e-19 1.58514e-29 1.45996e-24 9.9815e-21 2.00187e-07 4.25747e-30 2.77685e-30 0.00148357 0.0276781 5.42002e-14 2.35855e-23 2.42137e-10 4.68933e-13 1.92802e-18 0.0223213 6.68808e-27 0.110707 1.98879e-18 0.030785 1.052e-14 2.23667e-08 2.13287e-16 5.95208e-09 9.10429e-19
3.89301e-26 7.96665e-30 2.24252e-20 3.34609e-13 3.11531e-25 7.92659e-21 1.48022e-11 3.65195e-16 1.28361e-10 0.0179777 1.18658e-08 2.58587e-13 4.29178e-13 5.8395e-13 1.60626e-08 1.01739e-43 1.27139e-26 1.3083e-25 2.59718e-23 1.12923e-05 0.164906 9.37529e-16 1.36358e-09 2.81167e-14
