3.09321 0.109336
3.16909e-48 1.22975e-49 2.67073e-124 0.127158 3.48969e-95 2.04393e-107 1.19051e-23 2.81179e-57 3.54246e-85 8.76837e-64 4.44313e-29 9.12715e-160 9.94096e-08
9.06058e-38 1.31296e-22 0.18505 1.15027e-12 1.73901e-107 1.52336e-35 5.1287e-103 8.03054e-10 4.33061e-55 1.2787e-11 0.000781992 3.96467e-72 0.00192006
1.41581e-116 3.36583e-08 0.0312078 9.425e-07 3.4405e-90 1.85213e-92 0.321534 2.21394e-52 1.58386e-97 1.28791e-11 0.0974672 2.29272e-147 3.57188e-56
0.2616 1.46105e-46 3.53823e-32 4.77139e-53 4.25151e-29 0.143706 8.20868e-29 1.10103e-40 0.11874 9.43434e-89 1.27185e-59 1.03699e-51 2.48795e-12
4.27719e-88 6.83213e-55 9.89416e-130 0.201085 2.9248e-145 7.55092e-106 3.70783e-91 3.04715e-45 1.18814e-54 2.7638e-59 3.07077e-26 1.72251e-99 2.71843e-79
4.12669e-45 1.41672e-57 3.56985e-48 0.000463132 1.18439e-168 3.89377e-76 1.49643e-61 1.61906e-46 0.0158374 1.52271e-56 2.55451e-91 9.97402e-157 0.29999
4.97285e-47 2.04215e-54 1.22107e-132 3.40399e-31 2.01163e-144 1.7855e-106 7.45153e-107 1.69924e-23 3.25375e-71 1.34027e-52 0.114024 1.10091e-113 2.43417e-71
7.88745e-77 2.11886e-92 3.41804e-120 1.83667e-41 1.57076e-95 1.1547e-137 1.7881e-84 5.0855e-20 5.2866e-90 1.19204e-57 0.560392 1.27117e-113 4.864e-59
0.167992 3.72565e-34 6.11187e-50 4.93755e-61 1.05941e-146 2.83846e-64 8.59994e-29 0.0767923 2.3539e-31 6.97861e-84 5.8906e-54 1.66271e-84 8.22822e-12
4.42786e-13 0.017099 2.10381e-28 4.61308e-48 2.33856e-48 6.87535e-19 2.47503e-81 9.11716e-24 0.0793911 3.02262e-30 5.7105e-95 9.25426e-157 0.0265115
1.08856e-14 0.102874 1.32536e-107 4.98402e-40 1.22095e-132 6.38298e-128 5.86917e-10 1.43924e-09 4.24373e-45 9.91662e-72 3.45646e-48 6.66933e-139 3.44164e-76
3.68602e-53 8.72085e-104 1.78108e-135 9.64448e-33 1.53402e-176 8.93588e-110 2.64984e-94 1.19085e-44 3.05139e-109 4.25278e-78 0.0630811 5.64454e-90 2.79844e-09
7.84178e-91 2.40719e-11 1.41263e-119 3.25765e-25 2.48964e-162 1.33058e-28 1.93572e-34 1.396e-20 1.85173e-82 0.0539135 1.72133e-82 0.0192921 0.0203547
7.57825e-18 4.1961e-95 1.48264e-111 0.0544109 4.68682e-137 2.84062e-62 2.96066e-80 2.02451e-27 2.26419e-73 5.33455e-65 0.0668666 1.93429e-187 4.98128e-36
9.88932e-78 4.78339e-69 3.2021e-80 3.66628e-47 0.269166 4.68249e-10 2.22478e-36 4.25636e-53 1.5915e-70 5.74909e-33 7.72545e-34 0.905899 7.84268e-13
2.14575e-54 1.31433e-107 9.61318e-64 3.44565e-59 1.30335e-95 7.97389e-77 1.8517e-43 3.70024e-20 1.90331e-102 3.43287e-29 0.16701 7.46006e-102 1.09127e-20
