8.92101e-183 2.41482e-110 8.27195e-165 0.233149 2.08782e-64 3.14287e-162 3.52941e-95 9.48748e-77 6.03308e-234 1.00322e-22 0.119153 2.32154e-236 6.66176e-21
7.91706e-120 2.99851e-28 0.00460157 1.51711e-37 0.115918 0.105597 1.83157e-141 0.19123 3.69052e-265 1.70795e-129 9.38625e-213 0.139557 2.25415e-86
3.18483e-190 2.74416e-189 6.70356e-98 1.13638e-81 1.1555e-131 2.08069e-60 5.91087e-72 7.40663e-142 3.38046e-265 0.483443 1.11064e-203 0.0648614 8.31103e-116
7.4636e-134 3.27983e-49 9.66301e-207 8.0567e-57 4.38964e-97 7.4595e-200 0.0712487 1.59329e-136 1.61136e-169 2.22902e-42 3.37289e-188 5.48654e-72 4.05163e-43
3.12339e-175 0.109902 2.2775e-54 1.1847e-27 1.8929e-29 3.1538e-205 0.00229264 7.92585e-46 2.88722e-229 5.89102e-144 0.1992 0.021978 3.23683e-63
1.97089e-107 1.48526e-126 2.62101e-161 9.68827e-74 0.000575036 2.13947e-174 1.15891e-32 4.39426e-114 1.97044e-250 2.55503e-137 2.18793e-227 1.05148e-166 2.18494e-52
1.13295e-195 1.51444e-174 3.50157e-112 2.05253e-96 2.10545e-93 2.64214e-199 1.95185e-105 2.05217e-109 1.56191e-168 1.8104e-201 3.83686e-196 3.90268e-98 0.239874
1.24107e-157 1.58082e-99 2.89529e-134 0.0456532 9.06566e-52 6.31093e-165 3.1016e-76 1.43884e-89 7.60861e-322 4.78134e-107 1.52648e-152 2.61639e-172 7.39263e-72
3.52493e-195 3.09417e-88 0.19721 4.60365e-111 2.25175e-44 2.24283e-57 1.38698e-121 3.33262e-107 1.06718e-321 1.46217e-184 4.89187e-218 3.74367e-105 3.67067e-16
2.01454e-113 4.58294e-147 1.48563e-91 2.44319e-53 1.52197e-38 8.31175e-203 2.4362e-175 8.52164e-80 9.28888e-255 2.31453e-60 6.1144e-36 5.56728e-170 0.170565
1.27377e-153 6.49108e-37 4.7412e-162 5.46274e-33 1.74481e-25 6.17939e-16 0.0625219 3.94512e-143 3.84991e-319 1.31876e-101 9.54033e-56 1.56884e-187 2.3188e-11
1.33891e-156 5.07714e-94 4.47007e-201 4.48429e-11 2.06093e-124 3.20202e-148 1.07736e-147 1.4899e-69 2.86214e-233 2.28735e-52 1.15625e-241 9.59653e-278 0.00755786
0.851732 5.5275e-140 5.68106e-203 1.57164e-97 3.81055e-93 9.84092e-131 6.44173e-113 6.59059e-117 0.317738 0.00104843 0.240607 2.12709e-275 2.18834e-30
2.52758e-200 3.19369e-92 8.51388e-285 1.28187e-31 5.49986e-113 2.57417e-111 1.86613e-54 1.39312e-37 5.94941e-238 0.138195 6.49674e-150 4.89378e-273 0.000595006
2.82598e-95 1.10031e-106 4.42663e-66 1.78759e-63 0.0660362 6.86206e-165 4.13696e-144 7.91686e-59 1.48879e-288 1.11799e-88 1.43553e-65 1.93944e-107 1.60377e-31
3.98975e-86 4.17766e-90 1.05276e-124 1.79416e-29 3.43783e-111 2.28238e-111 2.16526e-41 1.90599e-62 7.17401e-263 0.317463 4.82455e-173 6.41798e-192 9.2012e-103
