4.21221e-103 4.25112e-48 3.25887e-55 6.52226e-34 5.36903e-23 8.60569e-107 7.33608e-52 3.26287e-16 2.39854e-83 3.6988e-61 2.00171e-175 1.46361e-145 3.4885e-90 1.1595 1.05017e-131 2.70857e-174 2.84986e-63
1.72253e-37 1.71065e-172 5.48988e-109 6.01124e-59 3.93117e-85 0.0189446 4.00108e-50 0.129221 2.39839e-126 2.59817e-20 0.0662832 3.47787e-185 1.31277e-61 8.56098e-80 0.17584 3.17891e-139 7.77558e-74
1.58034e-215 2.29049e-61 4.28456e-65 2.1063e-99 2.19629e-131 3.91127e-41 2.63411e-18 1.00378e-149 4.77912e-111 7.18011e-60 7.35076e-167 0.168697 3.12865e-30 2.0355e-81 1.53594e-34 1.57455e-152 3.52075e-163
2.28482e-08 0.00724911 0.0126083 0.103659 1.15692e-06 2.05776e-122 1.19609e-150 8.59929e-148 1.38493e-208 2.43466e-133 7.70445e-215 2.73932e-214 3.54143e-145 3.75979e-94 3.9049e-146 2.78609e-170 1.31884e-165
4.93794e-44 2.15012e-187 3.49624e-131 1.45105e-44 4.84562e-42 1.91578e-61 0.339004 2.60918e-17 1.02134e-30 1.41794e-23 0.0444573 2.16218e-224 6.81945e-20 0.0260985 3.82876e-113 1.08371e-130 1.34799e-174
1.9943e-170 2.19108e-93 1.96623e-109 1.30543e-88 2.97487e-149 1.68096e-30 1.36192e-34 6.81655e-74 5.27087e-76 2.51786e-81 2.9891e-22 6.38663e-61 0.157798 6.43342e-69 5.7236e-150 0.0935245 4.49693e-175
1.52523e-66 1.88316e-133 1.27678e-124 1.51412e-58 1.63231e-110 0.0541661 7.47083e-48 3.44488e-08 0.168133 3.9758e-107 2.33526e-22 2.09278e-172 8.6837e-06 1.30472e-32 4.84082e-86 5.1706e-92 7.5279e-29
2.15279e-76 7.88058e-42 1.00833e-45 4.38481e-61 1.55328e-101 7.47214e-107 1.51746e-22 7.85465e-116 1.67136e-127 0.389511 1.00065e-229 9.48674e-208 6.03962e-116 7.68688e-70 7.60429e-91 1.78827e-72 5.98199e-128
4.77443e-154 3.20427e-124 1.73571e-135 3.56567e-97 2.16957e-27 0.167895 1.29547e-132 2.11155e-24 2.75415e-77 3.03989e-124 6.21899e-35 7.91915e-149 2.62822e-60 7.06339e-46 8.47262e-139 5.19387e-66 4.44895e-48
1.74864e-40 1.77688e-64 1.41356e-91 6.52804e-87 3.89253e-112 5.90154e-87 2.26169e-143 7.64479e-133 2.81341e-51 3.38654e-44 1.4087e-230 1.24377e-89 6.06945e-150 0.480244 4.74022e-124 7.68907e-174 4.37773e-154
7.04232e-113 8.72785e-54 5.07083e-81 1.63002e-82 1.79995e-73 6.97536e-111 3.3599e-105 5.8335e-37 3.13934e-135 2.02182e-82 1.57358e-187 1.88759e-116 1.7796e-124 9.38258e-72 0.235497 1.40876e-119 0.243687
2.5213e-197 4.45202e-142 1.09416e-37 7.56712e-93 4.20901e-105 2.08316e-117 3.36839e-130 5.76932e-43 1.66975e-13 7.12915e-33 5.22575e-208 6.28745e-78 4.52393e-102 2.02922e-28 0.292899 2.24304e-75 2.27513e-25
0.503993 1.87738e-65 1.19759e-20 8.32113e-44 2.3131e-19 7.15566e-119 2.44814e-141 6.03632e-97 8.72096e-176 6.35834e-133 1.17578e-205 1.17065e-147 4.66935e-141 7.70301e-78 5.4175e-115 4.16533e-129 1.17328e-172
3.1515e-94 3.37819e-54 7.56448e-157 4.91901e-18 1.10535e-41 5.92972e-38 0.000646934 5.69735e-121 3.03533e-166 0.903631 0.197449 6.50266e-75 1.28045e-88 8.43215e-78 4.07331e-07 7.24281e-136 5.7184e-58
