10.5265 1.01667
7.11455e-322 1.36362e-321 2.17389e-321 4.6541e-321 1.79424e-73 4.86655e-321 0.150987 3.58692e-321 3.88336e-321 6.85269e-321 1.83219e-181 3.10767e-321 6.44262e-321 1.22528e-320 0.1606 5.14816e-321 1.56915e-320
7.65802e-322 1.86757e-321 2.26282e-321 4.10569e-321 4.28849e-321 3.05827e-321 9.83685e-321 0.403283 2.44562e-321 2.01282e-320 3.49614e-229 3.0385e-321 8.2756e-321 1.26333e-320 2.9392e-319 5.32603e-321 8.30002e-77
4.15015e-322 1.06718e-321 3.16202e-321 7.43569e-321 1.12704e-149 3.68079e-321 1.16626 3.91794e-321 2.86558e-321 8.14714e-321 1.27864e-320 2.91499e-321 4.15015e-321 1.37696e-320 3.19693e-193 3.09285e-321 1.27617e-320
7.32486e-221 7.06514e-322 0.0321463 1.0033e-307 5.76693e-140 1.75887e-321 0.196113 4.14027e-321 1.33892e-321 6.37345e-321 4.14707e-19 1.82804e-321 3.04344e-321 7.9594e-321 1.56248e-319 2.76677e-321 1.05038e-320
1.30433e-321 1.99108e-321 3.70549e-321 4.12051e-321 1.0229e-103 3.09285e-321 1.36263e-320 1.62491 2.21835e-321 2.31223e-320 1.58813 3.05333e-321 5.50389e-321 1.37696e-320 1.14332e-230 3.37447e-321 3.37694e-320
8.08167e-219 7.10743e-67 0.661983 2.86736e-160 3.00886e-321 3.4387e-321 0.582268 3.71043e-321 2.09484e-321 1.30829e-320 5.86822e-214 3.07309e-321 6.14124e-321 1.13685e-320 3.49645e-319 3.58692e-321 2.33545e-320
4.54999e-11 2.43574e-321 4.17576e-79 4.06616e-321 4.34553e-259 3.45352e-321 0.177232 5.78057e-321 1.77864e-321 6.22542e-262 8.84872e-321 3.12744e-321 8.60662e-321 1.03556e-320 2.58955e-319 3.72031e-321 1.79889e-320
4.15015e-322 1.38832e-321 1.76876e-321 1.26385e-78 3.39423e-321 3.38929e-321 9.77262e-321 3.67961e-271 1.9318e-321 6.01278e-321 0.474087 3.21637e-321 4.84184e-321 1.01036e-320 1.58432e-319 4.09086e-321 5.1722e-203
2.01836e-154 1.2401e-321 1.68795e-15 6.77364e-321 1.49472e-154 2.07014e-321 0.224893 4.93572e-321 1.88733e-321 5.96831e-321 1.09436e-320 1.79346e-321 3.14226e-321 8.84378e-321 2.20714e-319 3.33e-321 1.95255e-320
1.04248e-321 1.06718e-321 2.09932e-135 1.09238e-320 3.10976e-68 3.81419e-321 0.215589 2.66301e-321 1.61065e-321 6.32404e-321 3.73661e-28 3.32012e-321 3.08297e-321 1.14969e-320 3.43089e-319 3.49798e-321 1.18576e-320
4.15015e-322 1.60575e-96 2.6976e-192 4.10569e-321 2.58396e-321 9.1748e-321 1.8646e-320 4.59481e-321 4.51082e-321 4.8122e-47 2.84264e-203 4.28355e-321 7.85564e-321 1.75591e-320 2.37651e-319 4.86655e-321 1.40976
3.43045e-141 4.1346e-286 1.71935e-321 6.33392e-321 3.79442e-321 3.25589e-321 4.65677e-55 6.78216e-188 1.98614e-321 5.80033e-321 0.132986 2.50491e-321 4.74303e-321 8.96729e-321 1.75369e-319 3.58692e-321 1.48813e-320
0.00226743 0.00461157 5.83087e-05 0.0244234 0.00949218 1.4822e-323 7.90505e-323 1.97626e-323 9.88131e-324 4.94066e-323 7.90505e-323 1.97626e-323 2.96439e-323 1.28457e-322 1.6403e-321 2.96439e-323 8.89318e-323
2.248e-321 8.3003e-322 5.95843e-321 5.10864e-321 1.49899e-84 10.3859 4.13162e-242 1.23121e-320 6.93104 15.1355 2.73959 11.2223 9.10472 79.7907 344.614 9.39687 25.1213
