1.22596e-22 1.13012e-254 4.37755e-116 1.44233e-19 1.73909e-111 2.62296e-20 1.25099e-29 0.136899 6.87978e-276 3.58368e-104 5.1514e-168 4.48503e-93 2.34624e-262 1.77412e-80 0.561864 2.29676e-90 4.5236e-107
5.818e-57 1.62241e-140 1.21787e-256 1.7513e-180 1.08088e-134 5.01619e-125 6.23573e-51 0.138831 4.90314e-27 4.88436e-201 2.54158e-14 0.366413 1.05652e-193 0.0167322 4.25043e-189 2.55666e-91 0.0027921
3.0342e-175 8.82063e-127 1.3005e-125 3.35759e-45 4.39454e-88 0.253498 2.08384e-105 2.18184e-69 5.18769e-322 2.2817e-151 4.38593e-78 6.83818e-220 8.1717e-176 1.4766e-77 4.33081e-63 5.04263e-06 2.94307e-50
4.42795e-142 6.13434e-24 1.32252e-15 1.93271e-44 9.43586e-183 0.132498 4.78697e-11 4.44727e-43 0.130689 1.72956e-205 3.91715e-127 3.4372e-217 0.529216 5.26634e-68 6.22507e-169 1.82297e-75 2.08129e-47
8.87139e-126 2.41889e-179 4.33563e-104 8.61423e-128 1.39039e-146 2.93996e-52 3.91344e-35 1.26966e-163 1.6918e-303 1.04111e-158 3.95029e-150 6.01611e-204 1.92988e-178 0.131021 1.24232e-248 5.94959e-177 0.0243845
2.2458e-25 2.20641e-62 1.23493e-128 1.37069e-165 7.24687e-196 4.81974e-24 5.40049e-15 8.56613e-243 2.02912e-113 3.36269e-31 6.78011e-43 4.38289e-120 0.0178742 4.51618e-19 2.15448e-116 9.13928e-218 2.29594e-111
1.74406e-19 9.43404e-29 1.2696e-126 3.93429e-26 5.09998e-33 1.84431e-80 0.04276 6.08516e-191 3.05291e-312 8.74402e-125 3.83283e-150 9.58923e-150 2.94922e-216 4.16598e-69 1.84578e-82 1.94931e-220 7.53942e-27
1.95751e-120 1.68508e-65 2.35241e-134 3.19734e-114 5.05415e-193 5.08116e-103 5.21482e-120 2.36348e-183 8.69332e-116 6.41968e-222 1.80266e-138 2.88361e-194 1.46859e-92 2.19247e-42 1.19832e-67 3.02197e-77 0.144778
1.19153e-91 4.11554e-105 8.42386e-170 2.44771e-43 8.9822e-162 0.0414589 5.97174e-88 2.44516e-113 2.16041e-173 4.50196e-95 2.97442e-47 2.44445e-219 7.14767e-76 4.39034e-71 3.12961e-65 0.486351 5.01217e-31
1.37938e-51 7.14168e-134 4.87561e-47 7.81112e-76 2.86979e-53 1.32795e-53 8.75813e-155 5.83272e-198 9.92841e-225 1.6778e-58 1.59677e-106 1.79717e-195 6.85505e-272 0.17188 3.84683e-208 5.88748e-238 1.18749e-91
8.04784e-107 2.43407e-220 1.37113e-146 0.0240325 9.50041e-196 2.31626e-08 1.11655e-95 9.64972e-181 4.83915e-206 0.180192 9.86007e-45 2.31376e-212 0.395257 3.9448e-52 1.65692e-170 1.86871e-100 1.55611e-09
1.29925e-86 1.54604e-26 2.38248e-69 1.09313e-83 4.21273e-168 7.36665e-88 0.215006 1.8059e-232 5.81698e-177 1.17729e-122 4.95859e-92 3.14658e-89 3.05061e-104 1.14946e-58 2.88341e-228 2.91651e-206 6.39539e-95
0.00183433 0.00205567 0.00010069 0.00260388 0.00291704 1.43133e-203 2.90207e-161 7.52105e-257 4.94066e-324 1.74992e-224 1.79688e-169 7.06828e-226 1.6894e-295 9.91507e-112 7.42647e-256 5.72671e-263 6.82545e-124
6.01844e-46 1.47957e-244 5.33244e-187 5.91043e-108 1.1571e-111 1.39476e-24 9.53113e-73 2.76785e-41 4.45172e-306 1.95738e-68 0.499053 7.56137e-161 0.0722812 0.207875 4.37739e-92 7.78809e-213 3.64869e-95
