5.28749e-36 7.65498e-29 0.00276024 4.66211e-62 9.12597e-53 3.54365e-12 0.236494 6.64277e-29 0.0326119 4.51637e-08 1.74378e-16 1.27462e-54 3.64795e-06 0.086016 5.30225e-06 0.0017954 1.01277e-48 4.7361e-39 2.42733e-52 0.00154562 7.03903e-66 0.145051 1.06064e-14 6.32569e-25 0.0650927 0.0755793 8.35599e-58 4.39597e-33
2.71113e-36 8.36807e-53 1.11186e-35 1.19279e-46 9.51652e-38 7.12289e-13 1.35553e-26 1.13132e-22 5.6071e-41 1.46547e-53 3.95252e-21 3.11811e-05 8.22998e-27 3.9131e-66 0.390385 1.20305e-29 1.99297e-38 3.08788e-41 1.57877e-57 0.000155664 1.59278e-21 1.72402e-50 4.2025e-35 3.17178e-11 2.07553e-34 1.28325e-27 6.27066e-07 2.10244e-33
0.000206779 0.000293145 0.0329462 0.000353206 7.39262e-59 4.25631e-66 5.65114e-57 9.56561e-56 3.87728e-79 1.74688e-75 5.08385e-58 7.38355e-76 1.76524e-74 1.60225e-79 9.84367e-64 1.21256e-46 1.11546e-54 1.07586e-45 6.45466e-67 2.48935e-66 1.1541e-84 1.34779e-69 7.79248e-47 1.46951e-48 2.44029e-53 2.18364e-53 2.18232e-78 1.85372e-60
0.00925067 2.17207e-29 3.88881e-24 9.46416e-27 1.84352e-43 7.15921e-28 7.5398e-19 6.75841e-47 1.18594e-73 1.98757e-16 1.60074e-50 7.342e-73 2.80094e-45 1.00827e-37 1.81963e-18 1.02463e-22 6.5851e-41 5.54935e-20 7.61404e-30 5.18321e-36 2.21407e-70 4.20455e-27 1.01963e-30 0.183399 1.78668e-35 8.80631e-11 1.14759e-41 5.86535e-43
5.77572e-18 2.29606e-90 7.18935e-61 1.75345e-27 6.56784e-39 3.65734e-36 0.16191 8.64182e-24 4.24085e-62 0.0465062 3.21849e-42 6.82893e-34 7.62764e-34 6.36999e-58 2.415e-39 3.48009e-27 1.39649e-28 9.44079e-36 0.0740909 1.31854e-10 1.30155e-10 2.29431e-41 1.75371e-26 9.57269e-21 5.89708e-32 3.77602e-19 9.7007e-24 3.1632e-49
9.54451e-40 7.9365e-11 6.56551e-14 3.93287e-58 0.0601489 1.74998e-37 4.41835e-30 5.58757e-08 1.90381e-40 4.87473e-54 2.95026e-44 1.66935e-52 2.14237e-41 5.29177e-31 0.528009 0.0551433 0.103341 5.58076e-17 5.57689e-12 6.48203e-10 0.0538019 8.75697e-65 0.150137 5.37587e-05 9.37384e-19 1.67587e-35 0.00638131 0.106311
8.15972e-26 5.53083e-08 2.1336e-16 1.0703e-06 1.0603e-45 1.13391e-33 0.401952 0.0583848 5.82179e-21 1.45749e-41 4.10115e-38 1.15156e-63 1.88275e-16 4.80223e-69 5.57627e-37 4.14331e-30 3.58491e-36 0.000256264 1.26045e-13 1.66921e-63 4.01219e-37 2.00082e-29 3.5564e-12 0.0428993 5.67365e-33 3.95452e-18 1.73403e-62 1.93311e-34
8.77054e-18 1.26079e-10 1.67821 1.59274e-27 8.65057e-43 2.0504e-37 1.05108e-29 5.60719e-53 1.87297e-71 2.83312e-55 1.54659e-24 1.50284e-55 3.09799e-29 1.33241e-67 3.64714e-33 3.12779e-37 1.15203e-48 3.64287e-30 1.34789e-28 1.45577e-29 3.64836e-58 2.76838e-38 3.12106e-22 2.61398e-12 1.11299e-23 2.32573e-51 3.5792e-29 7.07334e-59
3.40973e-21 0.0053536 2.5829e-38 1.64384e-35 2.67034e-35 8.2196e-16 3.12349e-49 2.69758e-32 1.65921e-35 7.05829e-40 3.17007e-19 0.120304 0.014358 7.21961e-25 0.10264 5.17969e-41 6.80535e-12 2.97055e-24 7.90861e-58 1.05913e-20 5.92418e-50 4.29031e-14 1.44558e-39 8.42039e-43 1.98515e-08 9.25051e-06 1.22335e-67 1.09804e-44
1.66551e-46 1.15156e-17 4.70024e-16 2.0198e-53 2.00044e-21 0.23589 0.256912 3.67868e-28 3.61657e-67 1.02767e-31 2.28425e-53 3.18507e-68 1.59773e-17 1.49047e-14 2.10281e-17 1.90879e-10 4.02144e-47 9.21515e-07 1.01149e-22 8.09412e-52 3.88768e-20 3.59449e-55 1.00577e-15 4.29163e-15 5.79796e-40 3.09099e-27 4.29498e-46 1.20097e-16
1.06159e-43 6.7014e-24 2.81616e-12 1.09812e-14 1.00838e-40 0.000356623 4.8383e-43 2.49478e-16 3.92345e-06 2.94426e-73 0.0482496 2.29463e-66 2.92539e-15 2.88963e-71 6.54895e-26 4.91947e-07 4.22841e-14 0.0696099 3.02405e-40 0.0581324 4.03423e-75 5.74167e-56 0.0411259 5.57402e-44 0.0232956 1.97996e-45 1.03786e-50 4.26325e-38
