2.26064e-21 5.52327e-07 4.49483e-43 1.08041e-17 3.97354e-20 5.98556e-23 6.45564e-11 8.16487e-20 0.0328539 0.0226124 0.690334 1.40132e-14 5.163e-05 0.0171247 0.0409555 0.0133885 1.63243e-15 0.000403424
3.69106e-15 2.20261e-10 3.98911e-25 1.57434e-06 2.41872e-06 0.0172058 2.0001e-18 2.34288e-05 1.62351e-33 2.26428e-13 0.0496131 7.32436e-25 9.73605e-19 2.48196e-21 3.61963e-31 6.29903e-17 3.45623e-06 7.72644e-11
0.00607113 1.17353e-11 1.21708e-09 4.92705e-09 0.00365732 4.98731e-14 5.95141e-21 1.5037e-13 9.72736e-35 6.8195e-21 0.224091 3.43634e-17 1.80838e-28 3.55265e-35 6.55427e-23 2.11322e-22 8.34855e-19 7.60572e-19
3.49952e-26 1.46334e-05 0.0154843 1.71694e-07 4.16297e-40 2.10134e-24 0.0800116 6.69547e-23 5.71027e-06 6.41158e-16 1.85929e-08 0.0352337 0.0588794 4.9853e-35 2.11374e-28 1.05005e-07 0.0229299 4.49653e-17
5.00268e-24 8.11166e-18 1.80867e-05 0.00334202 4.96103e-24 1.42898e-08 2.03436e-14 8.68965e-06 3.74744e-45 7.28066e-18 0.131488 1.81591e-38 1.16411e-15 1.20691e-31 2.34124e-17 1.79052e-07 2.26658e-18 1.01653e-18
2.81222e-23 6.44134e-09 2.52509e-12 0.0141109 3.87415e-24 3.51623e-09 6.9867e-11 0.0237741 3.80152e-24 3.23964e-17 0.998077 3.26432e-12 4.40944e-32 8.56004e-22 1.04672e-19 1.64915e-10 9.57639e-14 9.37062e-09
1.26926e-25 3.75781e-19 1.38938e-20 3.37414e-07 1.236e-17 1.57832e-17 3.15218e-12 2.43036e-21 1.05197e-34 1.63493e-14 0.128607 2.04172e-30 1.28951e-26 2.4963e-20 1.11755e-31 4.55764e-08 1.21189e-07 1.80125e-14
0.00439956 6.95287e-07 2.82581e-16 7.02463e-06 1.18495e-05 4.38318e-16 2.90065e-17 3.49563e-19 1.97546e-28 1.50332e-21 0.638326 7.52742e-33 7.08587e-18 1.10467e-36 6.38535e-14 7.81028e-19 8.86907e-17 4.50806e-08
3.13173e-20 3.55826e-31 5.05983e-13 0.000216103 3.82579e-16 8.56343e-35 1.81263e-05 6.79129e-18 7.02619e-18 5.21977e-24 0.186643 5.17071e-14 3.96714e-12 7.28583e-36 1.65452e-10 0.000250351 5.8751e-12 4.24531e-05
1.30226e-26 0.0270569 3.04004e-10 2.63543e-15 0.000171061 0.000110008 1.11702e-09 7.76097e-20 3.06376e-45 1.67365e-19 1.33514 1.10272e-22 1.00712e-27 2.28804e-36 9.42952e-23 0.00474769 1.48002e-18 7.09095e-19
1.57906e-18 1.75078e-40 1.28124e-27 5.19629e-26 0.0225933 6.18273e-11 5.56628e-25 0.000163495 3.03667e-19 0.211261 0.415089 1.43966e-15 0.0466838 6.28191e-22 8.54471e-17 3.22131e-14 6.58461e-20 0.013857
