6.8593 0.113947
4.03548e-54 1.85505e-81 1.62856e-126 1.2267e-26 1.95488e-104 3.30339e-11 1.73107e-15 5.58196e-23 3.77318e-44 1.31987e-85 0.246765 8.67409e-98 0.260788 1.09172e-70 0.156207 4.59399e-56 1.80211e-62 5.90488e-85 5.13222e-05 3.10836e-82 1.05631e-10
0.000435533 0.0729727 0.00227398 0.00117092 5.31954e-05 0.000339649 0.00168674 0.00102032 0.00019675 0.000329941 5.80752e-132 1.05524e-169 9.89664e-82 4.20041e-133 6.6598e-96 1.93129e-84 1.62773e-99 8.41827e-147 5.92337e-92 1.05748e-126 2.23691e-88
5.01292e-42 1.48172e-26 1.01873e-44 1.09474e-39 1.05012e-58 1.05275e-54 3.50175e-44 2.12257e-15 8.99513e-08 5.19197e-40 9.43381e-58 4.29772e-103 8.81558e-07 2.39128e-87 5.66913e-89 6.86851e-81 2.85701e-22 5.05402e-81 0.171596 1.54213e-106 9.35044e-37
2.41662e-64 2.25267e-21 7.06156e-63 1.57993e-89 2.27345e-25 3.12139e-72 2.28553e-66 1.63442e-12 5.699e-17 1.66083e-42 3.07691e-27 5.73265e-15 6.95768e-21 3.71205e-90 3.69803e-74 3.83184e-07 0.0883436 0.221866 2.09679e-70 0.588341 1.87695e-52
1.58716e-52 2.43836e-50 3.39492e-38 2.86687e-13 1.33506e-09 1.91918e-12 5.74168e-27 3.22423e-46 3.78017e-90 6.0252e-59 2.36285e-24 5.77116e-62 1.10615e-36 0.107423 2.26624e-56 0.000447114 5.14391e-97 7.03866e-91 0.212631 7.53214e-14 9.26285e-82
5.08957e-72 1.69285e-59 2.41665e-67 3.6289e-39 0.000917671 5.31025e-19 6.47769e-61 1.00829e-24 6.95271e-38 3.56848e-13 1.15173e-106 1.87691e-104 1.65512e-73 3.15401e-28 3.92086e-39 0.0260604 1.33187e-36 5.97535e-35 0.275232 1.48847e-35 2.1223e-44
3.66858e-33 5.91211e-34 3.78902e-94 4.41495e-19 1.34912e-66 1.83938e-27 1.73458e-28 1.5755e-74 1.2718e-37 4.2548e-42 7.05982e-50 1.13636e-46 3.05586e-71 9.5752e-42 3.86924e-27 0.0600958 5.02716e-83 4.04348e-58 2.83106e-87 9.80794e-62 0.0448215
9.93426e-88 4.58903e-14 8.02399e-93 4.65802e-39 1.13162e-63 5.79216e-78 7.77277e-30 9.53838e-61 1.93343e-45 2.22351e-53 0.14363 0.446406 1.25647e-19 2.38019e-64 8.49593e-94 1.84071e-79 1.41035e-37 1.47938e-116 4.48614e-60 2.71044e-51 1.3086e-09
1.47173e-29 1.12747e-30 2.04323e-51 0.000770305 1.18545e-65 2.48419e-58 3.56953e-29 5.13965e-51 5.56445e-42 2.75723e-31 1.6213e-130 2.59325e-146 9.29149e-14 5.65409e-106 1.52858e-51 1.4356e-80 8.03323e-57 1.81693e-95 0.36036 4.50702e-67 4.95461e-77
5.21364e-24 6.56056e-06 1.62749e-51 2.39322e-36 2.11303e-88 3.09467e-36 2.71672e-10 5.35765e-54 1.08878e-12 3.38723e-14 2.27149e-86 2.83647e-54 3.75196e-51 1.49756e-106 3.32532e-89 9.10314e-47 1.18252e-50 9.63034e-117 0.87989 6.52524e-37 5.74455e-55
