0.00114588 0.000881891 0.0025101 0.00229245 0.000819106 0.00142893 0.000503956 0.00218492 0.00385138 0.00210055 9.76662e-102 2.70513e-87 2.63781e-75 2.89917e-78 2.6091e-107 2.3963e-146 1.25384e-96 3.8258e-77 4.11179e-148 3.95542e-131 2.9497e-103
2.00317e-62 1.33093e-32 2.99303e-59 2.80395e-86 1.03303e-30 6.2765e-133 1.05064e-82 3.98623e-21 2.74558e-56 1.52619e-105 2.3807e-78 8.79339e-17 0.0671687 2.10974e-08 1.33099e-16 7.56114e-21 4.37516e-26 5.59286e-50 2.64743e-52 3.62893e-66 0.000115451
1.51988e-80 1.39469e-30 2.22401e-12 1.06607e-91 2.04008e-16 4.49308e-33 1.17238e-17 3.51207e-117 1.22628e-20 7.16e-17 2.19343e-88 5.36152e-30 3.99987e-45 0.273015 3.84929e-73 6.96303e-121 2.45116e-11 8.76635e-28 2.73129e-66 2.76642e-73 3.09291e-90
6.57429e-32 4.38147e-73 3.05828e-21 9.03113e-26 7.63429e-41 1.07665e-121 6.19435e-108 9.76099e-14 4.20118e-13 7.98337e-89 3.79722e-23 0.0312583 1.14853e-59 2.54145e-57 3.00234e-55 1.28685e-122 2.62907e-91 6.41741e-41 2.89901e-147 1.14707e-28 0.193672
2.17927e-91 4.7018e-72 1.7811e-126 2.0455e-46 1.53609e-45 1.17035e-53 5.4619e-35 0.000483088 9.96628e-54 9.48288e-71 0.228557 1.01235e-50 9.78065e-38 1.3049e-45 6.13436e-05 6.8398e-41 4.16042e-22 9.60423e-47 4.79059e-119 3.4359e-14 5.58463e-11
1.84171e-67 9.31247e-14 1.03453e-63 3.90034e-17 8.77706e-106 4.60823e-69 9.65521e-97 6.39091e-88 5.86011e-06 1.21796e-119 7.01348e-39 0.0806258 9.51697e-47 6.43951e-30 1.44783e-22 5.11863e-29 2.01753e-23 2.71538e-41 3.15784e-101 8.47853e-31 8.46642e-32
3.83839e-121 5.15672e-38 1.76915e-90 1.33889e-73 4.04463e-104 4.84819e-118 6.61225e-53 1.01645e-113 1.2898e-55 7.5845e-71 8.69108e-05 2.64443e-50 3.2267e-18 0.00464024 0.100876 4.66236e-21 0.0229699 0.0563823 2.8462e-19 8.84219e-58 0.00862506
1.96716e-43 5.86797e-57 2.54236e-32 6.40305e-80 3.33809e-18 5.16667e-65 1.45535e-77 2.83681e-18 2.78036e-99 0.00732708 8.98096e-46 1.43406e-57 4.00323e-11 0.0417885 2.20162e-28 0.121546 1.20109e-88 3.13784e-70 0.0720245 5.23354e-34 3.67222e-100
3.52342e-109 3.92234e-11 9.08227e-116 8.38179e-42 3.32522e-55 1.60507e-115 2.64194e-19 2.85037e-52 7.72761e-60 1.10652e-19 3.00413e-91 2.2592e-35 0.365407 4.52172e-20 6.52634e-51 1.84914e-121 9.23193e-29 0.00552204 4.8368e-131 7.74695e-58 1.27392e-44
1.24106e-111 2.64108e-50 5.72795e-74 1.24536e-94 1.47371e-32 1.4037e-16 3.99645e-80 3.36694e-165 1.51759e-26 2.16287e-87 0.128418 0.249712 1.36266e-09 2.65433e-76 3.84579e-27 1.78448e-52 2.24241e-93 4.22987e-19 1.23553e-129 0.035822 1.68089e-99
