1.05702e-62 9.22208e-114 2.47941e-95 2.45436e-111 5.51884e-136 1.07544e-107 2.412e-66 1.06725e-79 3.15737e-51 3.68665e-111 1.08466e-41 1.8632e-100 3.92909e-26 1.28789e-26 2.76199e-59 3.04038e-88 1.34767e-66 1.8598e-152 1.58666e-104 1.7792e-127 7.60244e-135 9.30729e-45 2.50679e-163 1.77126e-177 1.84553e-19 2.67594e-293 6.00259e-187 0.0175597 1.20354e-105
2.54163e-07 2.57526e-153 1.05074e-165 1.97401e-17 1.4345e-27 4.16218e-22 1.20466e-29 4.43473e-110 2.32431e-80 9.42545e-05 1.24906e-20 1.29114e-78 6.23655e-96 0.105412 5.63637e-133 9.64169e-142 2.45233e-161 4.70061e-45 1.23934e-27 2.64221e-180 1.94625e-128 4.40282e-16 7.84861e-157 5.23093e-15 6.35932e-113 1.06396e-60 1.8587e-164 4.36729e-148 0.271859
1.1392e-64 9.32485e-79 6.94824e-117 3.38713e-43 3.41641e-151 1.51988e-145 3.1212e-130 2.28732e-95 5.21709e-14 0.107082 4.3195e-42 8.30955e-168 7.70883e-162 1.47336e-44 5.30313e-67 7.72835e-195 1.92585e-149 6.56705e-117 1.57528e-56 4.40481e-142 4.14014e-54 1.39094e-78 3.82071e-252 4.23403e-66 2.6004e-46 1.4529e-258 1.93487e-95 1.56093e-72 2.70749e-221
1.20043e-127 8.981e-45 3.02103e-113 3.80508e-108 1.16808e-143 4.03652e-35 1.77621e-97 1.20675e-87 3.83936e-28 6.72062e-165 8.8505e-96 1.01316e-104 3.82181e-52 7.68583e-97 5.20966e-37 3.36943e-197 5.98296e-94 3.87667e-156 0.189453 3.83663e-252 2.08972e-207 2.73231e-74 3.13924e-148 8.59961e-81 0.000658541 1.57438e-285 2.1554e-68 2.12855e-111 2.89811e-65
1.23436e-73 1.0536e-161 9.65938e-90 1.11218e-50 1.14161e-24 1.3564e-111 3.65953e-29 2.70418e-23 2.89645e-109 5.08667e-29 2.98422e-13 1.11316e-171 0.0699474 2.26674e-59 4.62262e-56 9.65954e-99 1.47261e-23 8.94879e-156 4.2785e-43 2.335e-253 1.56745e-78 1.82386e-97 1.46669e-228 6.67691e-178 4.00107e-13 6.57107e-322 7.85208e-85 0.282353 3.7524e-72
1.27213e-70 1.01495e-133 1.9941e-21 8.13938e-120 8.00932e-56 6.88688e-19 5.28723e-111 1.93982e-83 1.0047e-37 0.186149 5.8455e-29 2.34811e-40 2.25093e-148 6.86678e-23 1.92586e-125 7.08287e-247 1.33541e-134 1.18233e-39 6.65994e-151 3.47199e-182 0.250475 3.20045e-99 4.70841e-208 3.71839e-83 6.17904e-135 1.73791e-259 4.36302e-107 1.4193e-107 9.8767e-99
1.20855e-132 1.53764e-199 1.21247e-102 1.2011e-126 1.19928e-13 2.13354e-145 9.55001e-89 3.48184e-64 0.161523 3.61349e-62 7.08523e-64 4.57801e-62 0.0800501 2.5527e-142 7.13773e-61 1.05311e-162 2.51249e-95 4.54866e-88 5.69189e-121 4.65049e-104 2.70809e-118 1.85346e-115 1.35212e-238 1.3271e-98 1.44316e-62 6.96717e-228 6.41067e-189 4.8643e-22 2.50735e-05
1.52244e-100 2.27519e-292 7.09212e-231 8.14833e-198 9.33078e-23 3.79725e-45 1.46692e-185 7.40378e-47 5.09943e-59 2.68567e-111 1.31702e-42 1.0887 2.15043e-13 8.13245e-37 0.0543025 2.5616e-153 1.12803e-121 0.193226 0.0877517 0.460605 2.45511e-187 1.22953e-108 0.42396 6.40399e-18 4.1549e-08 0.215141 5.17611e-66 3.65979e-111 1.88701e-86
6.06947e-99 1.73369e-150 6.65324e-149 1.60768e-94 3.62856e-101 2.55952e-06 2.85583e-42 8.2447e-94 3.74202e-158 7.54021e-94 4.29863e-09 3.31575e-100 5.66313e-74 3.42601e-118 0.485307 3.83892e-139 4.51011e-135 6.88532e-51 3.52959e-170 1.22663e-129 5.56229e-179 9.24912e-28 5.69405e-115 8.00208e-203 3.57657e-140 8.57444e-267 3.25435e-77 3.34986e-34 4.91666e-128
4.31033e-120 1.44434e-123 1.30283e-88 4.70271e-119 8.52597e-79 3.23369e-87 1.60647e-129 1.35784e-115 4.40154e-46 5.31754e-137 4.86202e-16 1.08451e-63 0.184327 2.67147e-30 6.33732e-148 0.265815 0.0637059 3.92026e-119 5.41325e-75 2.93967e-144 2.16464e-09 0.0354904 2.02126e-152 1.23505e-76 3.92884e-34 1.31903e-107 1.60936e-171 3.54492e-98 2.41856e-190
0.000289235 1.08767e-07 0.106267 0.00271785 1.39169e-06 0.000664821 7.02026e-07 0.00533788 0.00596522 3.73466e-191 1.05256e-107 8.27558e-180 4.13732e-174 9.09964e-179 2.4441e-162 1.37036e-243 2.94631e-204 2.49012e-155 5.9196e-182 5.54133e-265 8.59681e-203 2.31469e-123 2.87848e-255 2.82772e-212 3.25491e-143 3.95253e-323 1.0298e-226 1.19637e-175 3.12477e-231
2.0748e-33 1.22568e-103 6.61733e-40 3.18394e-68 1.86681e-125 5.17918e-73 9.98267e-113 1.95826e-21 7.11531e-08 4.47803e-36 7.07887e-51 2.00016e-69 0.433621 6.95216e-167 9.80458e-44 6.54406e-237 1.54077e-167 1.07103e-83 6.83643e-66 4.13463e-191 6.98023e-98 1.66533e-125 2.57861e-173 8.08354e-120 5.39539e-67 1.15312e-224 1.99318e-187 1.4546e-32 1.02055e-156
1.48412e-26 9.98264e-157 2.20179e-132 2.55583e-78 9.98914e-125 1.48537e-38 0.000126982 9.77482e-84 1.4513e-45 5.24603e-22 0.00129599 6.22313e-29 0.0457082 0.00653769 2.79617e-78 3.16948e-154 1.24365e-140 2.74529e-138 5.40873e-27 5.07489e-243 2.96413e-184 1.0788e-31 7.56207e-239 7.08872e-173 7.56538e-36 1.59636e-299 9.9027e-62 2.7435e-36 9.12295e-165
4.16763e-181 2.21746e-18 2.86374e-48 9.91955e-156 7.4866e-108 2.28082e-104 3.20917e-125 2.24524e-82 1.41613e-265 2.85986e-151 2.1505e-43 2.23339e-48 3.09951e-173 9.03992e-41 0.632005 1.17964e-216 1.36791e-123 5.40466e-57 1.27217e-115 5.52803e-111 1.49564e-125 1.09765e-71 5.47373e-212 8.88434e-18 6.516e-15 7.69826e-291 0.225689 6.73992e-36 7.02826e-25
8.33484e-36 3.82923e-88 1.11339e-108 4.38217e-105 9.64489e-107 1.05694e-97 3.87851e-31 5.62496e-26 8.68104e-186 2.7942e-60 5.33429e-52 0.00152385 3.45861e-81 1.98362e-141 2.15794e-58 3.08104e-107 2.4522e-137 1.57861e-127 2.05528e-38 2.66036e-188 8.72679e-29 2.0204e-72 5.59653e-183 0.282832 0.261841 7.06514e-322 8.22271e-206 1.95229e-22 1.12035e-74
0.000450859 9.76919e-05 0.023531 0.000136244 0.000149183 0.000577428 0.000825474 0.000495168 0.000788726 1.94575e-192 6.67562e-109 1.48391e-184 6.68568e-178 2.45483e-184 4.34873e-167 3.96598e-252 5.76849e-212 2.961e-160 4.39678e-189 7.01377e-269 8.02335e-210 1.33494e-128 6.51729e-259 4.72238e-221 1.90137e-147 0 3.22468e-229 1.73435e-182 1.0286e-234
1.15553e-18 3.90543e-46 1.4137e-60 1.32179e-36 1.1458e-37 2.84486e-103 1.58295e-36 1.77335e-91 1.14441e-63 4.40803e-42 2.38813e-40 1.14226e-179 1.05383e-132 0.0761125 3.05992e-136 2.74809e-151 1.64221e-60 5.05308e-151 4.35184e-139 8.68619e-256 3.71712e-31 2.72063e-55 2.13696e-212 3.65811e-36 7.91487e-92 1.34003e-208 1.70804e-183 2.62063e-85 8.75536e-79
3.04526e-95 4.79414e-34 2.85896e-114 7.65633e-80 6.76402e-68 2.2349e-17 1.04426e-46 1.51786e-57 7.90352e-52 5.44246e-135 0.206112 5.63455e-180 4.75821e-24 1.01972e-132 1.02467e-23 2.26769e-201 0.192219 6.39881e-105 1.54823e-123 1.55693e-199 2.41278e-118 0.122741 5.57918e-38 3.98043e-129 5.43612e-35 4.43187e-241 9.5087e-129 2.40344e-08 1.46829e-219
