2.2879 0.136738
8.64913e-87 1.35423e-100 1.18357e-09 0.0902124 1.09046e-46 9.50213e-36 2.39733e-57 9.84003e-141 1.64591e-11 7.1157e-82 1.34982e-156 0.0822018 1.94531e-73 2.9494e-130 2.47686e-08 6.44474e-114 2.351e-67 6.07781e-55 5.02399e-61
2.83374e-20 3.60743e-72 1.38824e-06 2.83138e-30 7.32394e-86 2.04068e-64 1.34646e-75 6.36853e-139 3.50866e-45 0.0701097 5.42737e-190 2.56935e-58 3.44649e-70 4.38563e-58 5.66964e-52 2.98759e-114 0.119953 6.63037e-30 1.29853e-70
2.84483e-37 1.96959e-97 1.81681e-13 4.00313e-46 2.149e-61 1.89098e-14 8.58029e-45 9.76526e-110 4.93896e-81 1.70148e-12 9.69423e-238 4.40224e-38 2.32926e-99 4.57129e-112 8.74401e-42 1.27135e-121 0.0717603 1.21754e-45 1.93175e-106
0.156257 3.9159e-82 3.06721e-07 6.49861e-78 3.56964e-81 0.0961362 6.97989e-50 6.22328e-71 1.40043e-31 2.63965e-81 1.28827e-181 0.130451 2.87761e-60 1.70307e-43 6.4627e-34 6.53367e-65 3.37152e-84 9.60105e-08 1.07062e-54
2.23408e-17 1.46105 0.10439 6.46131e-125 1.17924e-77 2.65979e-60 1.83078e-15 0.290276 6.26602e-107 1.40862e-97 1.69064 1.26604e-46 0.273493 0.0755988 7.45315e-76 0.242022 5.12048e-21 2.4828e-57 1.46427
1.2072e-70 8.39798e-52 1.03759e-45 0.212074 3.90826e-34 3.32093e-67 3.7353e-25 9.87282e-89 2.03988e-18 7.10034e-34 4.51473e-262 4.19644e-78 6.44052e-76 5.18111e-61 1.09264e-52 8.81739e-55 0.0555648 5.46883e-87 2.38745e-102
9.37326e-10 3.67034e-74 3.07264e-07 2.49774e-13 0.129481 8.38018e-70 0.411098 1.90802e-100 8.41371e-140 3.36725e-100 2.88897e-185 2.51867e-73 1.05875e-128 1.30141e-09 0.10634 1.37509e-68 2.14588e-36 0.181226 5.58797e-78
5.49333e-39 5.98169e-53 1.30045e-11 4.08588e-22 1.19722e-46 2.46239e-77 1.16138e-45 2.27811e-75 0.143189 2.37839e-107 1.6698e-243 1.61696e-27 1.92752e-126 0.0183163 1.93758e-73 1.95035e-129 1.99642e-76 1.09766e-54 7.34115e-68
3.10063e-33 7.12697e-79 6.46123e-49 3.35983e-51 2.15802e-86 7.32479e-91 7.4869e-84 9.08229e-116 2.75312e-134 0.430101 2.35008e-277 1.70676e-43 2.89025e-113 7.22796e-17 3.71231e-14 1.07156e-46 1.52542e-79 6.17534e-99 9.34833e-119
