3.38707 0.144817
0.000457036 0.000296314 9.68952e-05 0.00517548 0.000661704 0.000351663 0.000559634 0.000723168 0.00150462 4.40794e-179 7.20876e-236 4.12251e-183 1.49092e-236 1.52912e-73 1.89418e-118 8.14919e-170 1.58032e-139 1.81775e-250 3.81001e-173 5.82987e-137 3.02355e-187 2.77433e-190 1.01566e-153 1.36944e-244 2.64879e-101 3.69487e-280 3.33415e-233 5.94732e-158 1.36811e-243
2.72488e-84 2.08849e-54 4.72499e-81 3.54763e-34 3.2536e-47 3.64716e-107 1.32467e-19 2.33875e-06 3.97029e-64 4.2775e-172 4.49336e-175 8.58755e-98 6.55168e-188 0.0436972 7.81971e-28 6.36796e-152 1.18997e-96 2.81026e-154 1.66628e-147 2.22832e-88 1.19956e-102 2.07945e-140 5.96675e-90 2.0902e-198 1.69492e-77 4.38968e-254 4.58214e-175 4.21972e-51 2.37843e-225
2.41602e-212 5.67278e-101 1.11655e-66 3.94898e-175 3.15016e-104 2.88447e-205 2.41831e-101 1.20461e-103 1.71231e-54 0.925764 2.60067e-85 0.701974 0.318103 5.10608e-59 2.38508e-11 1.91595e-76 0.230521 0.475167 1.54682e-68 0.291649 2.82453 0.133357 0.178883 0.228823 1.09734e-13 4.00107e-122 0.41469 2.12756e-103 0.551987
4.80171e-176 5.18361e-109 2.24256e-172 4.18671e-27 8.40365e-52 5.15264e-150 5.36654e-56 1.39865e-59 4.60983e-38 9.10375e-14 1.9314e-166 6.08148e-83 8.72819e-36 0.0059645 2.12312e-75 2.34581e-87 6.57341e-89 5.53227e-177 1.06763e-81 9.17264e-56 1.19435e-59 8.76549e-119 8.6593e-62 1.99367e-206 3.59059e-73 8.18738e-233 1.39257e-71 0.208848 4.64054e-154
1.58421e-71 0.0124085 2.04539e-99 4.32076e-37 1.59397e-09 2.91564e-87 0.00096698 1.225e-75 3.5501e-97 2.13852e-133 2.25404e-177 1.06884e-146 1.80468e-178 0.487808 3.23303e-115 3.96806e-110 2.45304e-69 1.26819e-168 5.66201e-137 8.25734e-111 1.80896e-139 1.07374e-173 3.51714e-114 3.20031e-208 7.66263e-82 3.15099e-261 3.93192e-155 1.20206e-155 8.55669e-188
1.18356e-149 5.52944e-91 4.92992e-22 1.67153e-57 9.92814e-12 5.20049e-126 5.59861e-60 9.0134e-58 3.1122e-70 2.67912e-123 2.69277e-181 1.46228e-63 9.17619e-132 8.80025e-25 6.174e-31 2.43108e-152 0.172698 1.62974e-85 4.57332e-145 9.95327e-129 1.0412e-146 7.83042e-153 1.28449e-134 3.15964e-234 3.51882e-11 2.60857e-194 3.62087e-128 4.3073e-33 8.61811e-146
3.60249e-06 3.29537e-158 2.59973e-55 6.56754e-112 7.1121e-127 4.79433e-230 1.57029e-223 9.16976e-30 2.80996e-244 7.23121e-48 0.368059 5.36521e-41 1.91039e-18 3.90271 1.33938e-90 4.49438e-07 1.20692e-29 5.83031e-215 0.432063 9.34062e-38 8.34138e-97 3.54694e-25 0.113211 3.15753e-70 3.13057e-33 0.636122 1.43266e-205 5.43682e-118 3.44839e-217
2.95052e-08 9.28459e-72 2.01836e-153 1.36287e-136 5.47372e-50 1.47359e-13 2.68952e-77 1.26992e-121 2.01217e-40 1.46677e-129 1.09981e-165 1.95574e-162 2.85992e-77 4.82732e-39 5.36374e-26 0.162742 2.73669e-55 3.84557e-211 2.96723e-171 6.97505e-101 5.35704e-61 4.64603e-164 1.31737e-38 1.97216e-195 1.35831e-31 1.98425e-199 3.60044e-90 6.30628e-134 4.76986e-232
3.07436e-162 1.10913e-33 5.57497e-32 4.56475e-27 1.78109e-26 1.75912e-74 7.0437e-152 4.41792e-43 1.6392e-36 6.66503e-92 7.57474e-176 5.54611e-111 2.4557e-195 0.112749 1.43366e-98 2.86021e-164 2.35064e-133 2.62819e-79 1.46245e-124 2.75361e-86 1.80307e-55 7.37343e-152 4.7276e-98 2.65278e-178 1.76513e-61 7.58724e-220 4.87579e-202 1.9527e-76 1.64824e-163
5.06543e-101 5.63284e-26 3.64048e-94 1.04424e-140 1.93544e-147 5.30038e-99 3.04518e-171 3.48333e-66 2.8013e-106 3.45966e-68 2.19196e-210 5.89805e-102 1.57638e-166 1.4683e-68 1.04572e-41 0.0480456 4.29505e-134 1.47353e-210 8.78921e-143 1.04703e-96 9.13968e-116 5.43343e-127 1.8429e-135 4.58749e-157 1.16883e-72 8.34378e-213 2.82116e-195 3.87357e-103 3.15274e-213
5.54289e-64 3.64174e-55 2.43026e-137 7.41703e-11 5.3636e-43 4.03174e-64 1.44481e-26 2.70014e-136 5.3263e-65 1.65033e-69 4.35378e-173 1.47017e-116 1.59235e-201 9.28558e-36 0.4527 6.76618e-159 3.29473e-94 7.72847e-238 1.01082e-72 8.71805e-109 1.01611e-89 5.35206e-43 1.52883e-26 9.36713e-222 2.98626e-18 9.3636e-266 1.30762e-116 2.10291e-13 7.90556e-164
3.39818e-105 1.50248e-20 4.84484e-14 3.77706e-09 2.52352e-14 3.29738e-130 3.41983e-82 1.72642e-116 1.45069e-05 1.05687e-171 3.53009e-143 1.27331e-156 1.18152e-204 8.76449e-31 1.00673 1.23781e-20 6.35677e-34 6.41337e-183 7.33756e-135 1.54318e-58 2.96463e-170 1.77402e-105 3.29383e-42 4.58743e-155 2.02904e-64 3.44401e-208 1.917e-205 0.00301868 8.69876e-155
2.03681e-25 7.28621e-24 1.20405e-25 1.21955e-155 1.80311e-123 5.24061e-31 1.26483e-69 3.89641e-37 1.83598e-140 4.91152e-95 2.37688e-84 9.82621e-83 2.46689e-209 2.77104e-30 0.466093 6.69068e-25 6.63803e-25 1.48872e-229 4.78182e-67 7.08329e-90 1.4595e-93 1.41291e-73 8.67457e-70 7.53389e-201 0.185992 3.73795e-171 2.22725e-140 4.41678e-28 6.18412e-139
1.36868e-90 4.98271e-14 4.12566e-91 3.44373e-94 3.4241e-07 3.54753e-133 7.49163e-108 1.02914e-72 2.30862e-18 2.35136e-54 2.57852e-122 2.49979e-110 2.71004e-195 8.8469e-69 8.86742e-98 0.2592 3.34662e-53 6.26738e-180 6.97647e-165 2.73299e-104 6.21404e-167 5.59954e-183 4.90063e-41 8.51097e-214 2.76559e-96 1.44997e-139 8.02931e-104 1.09288e-105 4.66846e-167
