1.53776e-20 1.77037e-55 4.05229e-21 1.52933e-93 3.97779e-64 3.61847e-65 1.98189e-56 1.12034e-25 6.40072e-66 3.26467e-35 3.00085e-73 3.84987e-21 2.01435e-73 5.66418e-25 0.0599317 5.49091e-29 1.7687e-71 4.69393e-51 3.45946e-17 5.45378e-20 5.0412e-31 1.50511e-39 0.372203 5.46148e-21 1.78953e-17 3.26811e-57 9.63971e-74 0.00108272 6.63734e-74
2.87979e-09 7.09799e-84 4.65876e-13 3.78483e-18 6.51782e-97 6.55715e-63 1.82229e-15 2.64074e-30 5.17059e-07 4.47579e-23 1.51957e-95 3.70961e-35 2.76586e-33 1.13818e-33 7.85299e-47 1.3198e-32 1.1619e-119 2.05774e-92 4.86807e-65 1.69885e-82 3.75817e-90 2.47697e-72 1.6396e-100 8.23853e-36 4.39677e-38 0.0256204 1.52588e-80 0.0339631 3.08533e-55
4.29515e-63 1.77429e-10 5.0437e-42 8.94081e-60 6.71027e-100 1.00054e-46 5.04325e-66 5.21933e-70 2.19815e-19 4.68422e-17 2.72022e-116 1.55567e-18 8.78597e-60 1.76518e-25 1.13952e-80 2.30476e-84 6.28505e-75 9.22843e-87 1.29038e-17 3.06486e-40 3.70551e-57 4.95896e-55 2.72192e-33 0.0256197 4.35402e-12 2.4618e-26 5.01779e-70 8.50243e-50 1.92948e-62
3.90177e-20 4.49858e-12 4.08944e-10 2.15053e-14 3.00096e-83 1.72706e-47 3.81211e-31 8.87834e-15 0.0326626 2.21916e-40 5.24834e-95 2.37548e-45 7.35072e-74 0.210075 1.92558e-76 1.3424e-43 1.14049e-79 9.29577e-67 2.95207e-103 1.75794e-66 1.11489e-91 1.6632e-94 3.57493e-70 6.92022e-33 4.08695e-46 8.13974e-13 5.2772e-76 1.14882e-52 2.78542e-29
2.57393e-108 1.34648e-13 1.65039e-37 3.29045e-12 7.81481e-28 1.40491e-40 4.83205e-39 7.11595e-08 6.39259e-44 0.0814867 3.1046e-76 0.084723 5.02228e-86 5.52385e-13 1.5904e-76 0.0760668 1.34523e-97 1.35511e-86 0.0287693 1.63093e-22 4.33508e-32 4.27336e-65 1.70686e-23 1.61235e-46 1.02793e-35 1.5064e-23 3.23084e-25 5.07834e-12 1.94747e-71
0.000967162 5.52758e-08 0.00459319 4.89433e-16 0.0426728 0.00348051 1.16911e-16 1.98916e-16 9.7695e-06 3.97341e-46 2.1494e-105 6.20921e-61 2.21796e-92 2.42371e-41 1.74111e-83 1.49083e-81 3.90587e-128 1.44944e-94 3.05499e-95 7.90356e-83 8.99097e-86 6.86117e-93 1.56175e-101 7.82212e-46 3.59516e-42 5.41264e-57 7.13529e-118 1.32753e-56 8.69793e-80
1.34415e-24 3.41363e-10 2.63644e-80 1.50531e-82 3.63485e-108 1.45613e-37 2.04853e-66 2.46719e-79 1.63916e-33 0.0369514 1.26145e-106 1.61751e-37 2.79209e-28 2.83778e-15 4.90905e-76 6.70448e-23 1.22781e-49 7.08617e-111 2.14846e-30 6.53349e-18 3.2972e-40 2.32469e-80 2.2199e-62 6.00569e-28 4.11206e-31 5.97792e-50 2.47814e-111 1.99075e-48 1.47548e-06
3.83695e-69 5.79756e-23 1.78773e-14 9.48339e-54 2.06536e-28 7.09331e-95 1.49543e-80 5.98197e-09 2.15354e-27 1.64089e-27 1.7735e-66 0.000374153 2.85399e-82 1.19647e-18 0.0410488 2.20282e-20 2.19247e-28 3.65376e-35 2.75936e-67 0.0546022 8.51908e-25 5.29412e-37 5.75714e-37 1.36407e-06 0.0285084 3.92525e-42 5.87841e-27 1.09766e-53 0.121814
9.71351e-117 2.69819e-103 9.18876e-171 3.3898e-97 4.2838e-93 2.23831e-36 5.70786e-75 1.60946e-49 1.53549e-102 8.54822e-31 0.0383164 5.40237e-55 0.157063 2.14657e-09 0.00721381 9.34e-52 0.169863 0.0458869 2.10674e-89 0.130099 0.0917358 0.297716 4.32898e-39 0.057601 3.4108e-14 9.95566e-37 0.0529665 3.61216e-40 3.11786e-15
2.09298e-17 0.00875015 0.0113116 0.0185456 6.46561e-21 7.27066e-15 0.00476448 0.00268198 1.42218e-10 1.66586e-49 5.55013e-104 1.40746e-61 1.86787e-87 1.52825e-38 1.5206e-101 9.60419e-76 7.53925e-140 1.13581e-96 7.91473e-90 9.96712e-92 1.4079e-93 7.87003e-97 2.98047e-95 3.83054e-52 8.85554e-42 3.14862e-55 4.98937e-105 1.2082e-53 2.88667e-77
8.60683e-66 1.55086e-44 1.93774e-111 6.68617e-47 9.02776e-29 1.3854e-14 4.98315e-49 6.24973e-54 3.36281e-30 0.0141152 2.07357e-61 3.3308e-19 1.99334e-44 2.60577e-06 8.24493e-05 7.93417e-12 1.78885e-104 8.04712e-102 6.8057e-53 4.5702e-74 2.75406e-33 7.29896e-65 3.38354e-35 3.7576e-42 2.16505e-19 0.175377 6.40513e-82 8.78016e-57 2.42698e-77
1.0783e-81 4.06954e-38 2.74216e-84 2.51657e-75 2.24646e-46 4.95232e-41 9.24208e-42 0.082552 2.13726e-17 2.17274e-23 1.05984e-48 3.31208e-50 2.74129e-69 0.626257 4.89731e-87 3.39225e-73 4.21243e-81 1.41417e-101 3.80406e-24 5.43645e-05 7.2276e-37 5.78902e-57 4.038e-34 3.2264e-46 2.45817e-31 4.07892e-06 2.11873e-43 6.01216e-20 1.95023e-40
2.02539e-63 1.35116e-68 5.52787e-73 1.84255e-47 1.3478e-77 1.26727e-32 3.45553e-59 1.84872e-77 1.68589e-44 2.53628e-51 8.10694e-98 3.58509e-56 4.54903e-85 0.17236 1.23361e-50 3.51205e-34 8.11113e-108 1.29635e-93 2.05478e-31 2.06133e-36 1.84684e-66 4.39675e-50 4.0539e-96 3.89463e-21 7.19314e-24 6.24779e-58 9.46905e-54 1.14583e-53 4.324e-39
0.000857622 4.06267e-32 1.2667e-93 4.93586e-87 1.21551e-95 7.90657e-86 6.68513e-05 1.16891e-45 1.37935e-34 0.00751425 2.43356e-112 3.74343e-09 1.96215e-21 4.00286 0.00178914 1.52433e-82 1.08256e-75 1.34969e-88 2.99106e-66 2.07322e-67 1.45815e-30 6.13302e-101 1.75973e-88 1.20195e-49 6.69527e-42 1.1608e-05 5.32184e-103 1.0041e-10 2.93626e-70
