1.94691e-27 5.87422e-95 3.9069e-92 3.07988e-127 3.03705e-07 1.1816e-21 1.6673e-103 5.26335e-27 2.7549e-167 7.11631e-105 4.7913e-21 0.0314393 0.00997011 4.92939e-82 0.0302319 0.18136 1.55504e-166 6.48126e-107 8.40026e-24 9.39967e-79 1.20938e-05 3.17845e-19 2.48562e-82 1.05261 0.414084 0.186491 5.4137e-22 7.69367e-76 5.09476e-75
4.63274e-05 0.00499723 3.1114e-08 0.00504441 0.254045 0.00018759 1.81538e-07 0.00102209 0.0077203 6.63889e-133 4.16846e-116 1.83469e-103 6.36542e-138 6.64726e-95 5.14091e-92 1.19644e-104 4.6913e-188 1.30051e-129 9.39555e-200 5.66806e-77 1.05681e-189 1.44401e-80 1.37054e-114 4.21089e-105 4.6175e-139 4.94238e-102 4.1287e-124 3.30772e-98 4.04491e-145
1.09449e-43 3.89767e-139 2.58345e-131 1.63641e-131 8.71036e-119 1.33998e-102 2.92603e-60 2.99848e-73 2.09926e-50 0.0117555 7.74679e-73 1.78967e-11 3.05646e-34 5.3271e-77 8.98264e-07 1.63496e-08 6.15994e-72 8.80185e-109 1.79745e-11 7.69538e-68 2.18793e-47 9.70345e-59 5.84881e-106 2.24719e-79 9.5285e-37 7.26774e-74 0.107375 3.93656e-50 1.17534e-65
4.96767e-86 7.26917e-44 1.54028e-111 1.9056e-35 8.49406e-60 3.31113e-35 9.3513e-73 8.91493e-81 2.19563e-127 7.59988e-119 5.35704e-47 6.33432e-58 1.10159e-103 1.9558e-43 9.97086e-72 1.20567e-11 3.16338e-62 6.57759e-55 6.30787e-99 0.193278 5.11721e-25 8.26001e-40 4.45627e-45 2.15717e-21 7.07017e-138 1.63628e-05 6.29145e-71 0.160529 9.68835e-107
3.50317e-13 0.00371504 4.5064e-16 1.05707e-05 0.707089 0.00186398 6.61409e-16 8.63469e-05 4.14299e-19 4.3619e-119 2.29492e-117 1.37355e-95 4.51965e-124 9.47003e-90 6.6836e-92 6.64435e-100 4.90652e-169 5.18626e-113 5.69947e-196 1.16075e-74 8.6781e-179 4.96916e-80 1.32695e-109 5.58592e-99 2.03452e-140 5.50822e-94 2.12369e-112 9.66821e-92 1.25086e-128
8.27302e-93 7.5268e-47 1.40374e-18 4.34968e-110 8.99907e-96 1.62403e-61 1.12488e-20 7.22386e-40 1.58343e-66 3.50938e-116 0.253033 6.16532e-67 1.00578e-107 7.71062e-14 1.43744e-32 2.12523e-66 1.17134e-90 1.08381e-93 8.82113e-135 1.19164e-72 6.56247e-166 6.14585e-60 1.82064e-100 5.78337e-22 5.43887e-74 1.9786e-82 1.51414e-34 5.87502e-24 1.99309e-147
3.32111e-35 4.73038e-17 5.52366e-183 8.31652e-130 8.0186e-114 6.81682e-152 6.529e-52 2.4673e-50 2.62308e-15 2.56503e-54 4.75687e-48 2.06308e-57 7.90261e-24 3.87784e-69 0.217377 3.34933e-61 0.113329 0.128731 0.311179 4.63874e-12 0.234545 5.43592e-08 0.124114 4.71005e-54 5.23104e-110 3.07817e-35 6.05502e-115 2.83112e-54 0.826151
9.29806e-75 2.06714e-37 2.64727e-39 1.34458e-41 1.15861e-90 3.7832e-50 6.58211e-21 7.33492e-49 1.96702e-105 0.113639 9.77784e-49 1.67715e-80 1.53325e-52 5.12917e-50 8.87667e-90 3.65018e-40 1.90433e-139 2.12447e-51 1.95965e-142 4.38969e-21 2.00089e-188 1.55299e-08 1.77247e-54 3.53353e-89 9.37856e-39 3.77213e-64 0.0209572 1.57053e-34 2.8857e-20
4.04191e-07 1.92183e-06 0.00262515 0.000139693 0.131487 0.00356249 0.00500005 3.81704e-05 4.05891e-06 1.46109e-137 9.00877e-117 3.76871e-103 4.12911e-137 4.77093e-95 7.33577e-94 2.17642e-106 4.08472e-189 3.01562e-125 3.49811e-201 2.18336e-79 9.31732e-197 3.94933e-82 2.03211e-118 8.99851e-106 1.17184e-142 1.77764e-105 4.24016e-124 1.48292e-100 1.5384e-147
2.37053e-66 4.7299e-53 1.83175e-102 7.09521e-56 6.56051e-69 1.65479e-31 1.36724e-61 2.37542e-91 1.05051e-112 1.53665e-40 1.12542e-46 3.4098e-100 3.97092e-34 2.98339e-65 0.0488943 7.39323e-66 8.50005e-156 2.66967e-43 1.88218e-110 5.19387e-65 4.75184e-195 3.67995e-34 4.31351e-84 5.4692e-49 5.47634e-65 8.70916e-83 7.41866e-19 3.44803e-76 7.81579e-113
3.29643e-13 6.95621e-29 2.35343e-71 4.27079e-88 2.64251e-93 1.49061e-103 1.35409e-21 0.0648457 4.59284e-12 1.51163e-37 8.59006e-90 3.07243e-102 8.70983e-123 1.93308e-65 0.132761 1.9459e-30 3.50969e-150 1.80905e-88 1.5447e-178 1.15438e-33 2.1078e-128 7.27893e-71 8.53018e-93 1.30116e-71 2.07104e-100 5.62427e-94 2.37297e-21 7.99858e-66 3.2207e-19
1.80603e-65 1.12139e-84 8.56845e-15 4.15008e-69 1.77206e-102 5.77839e-124 0.210567 1.91953e-110 6.91482e-94 1.06414e-111 4.51717e-115 2.64182e-36 1.73679e-95 0.116813 6.11676e-61 2.53347e-81 5.9289e-184 3.6113e-108 2.79437e-194 2.24314e-13 1.41662e-161 0.425822 7.59614e-114 4.57069e-24 1.20954e-105 2.88596e-18 1.61012e-59 1.83429 3.24702e-83
7.91526e-82 7.96609e-62 1.64376e-14 6.31799e-130 7.15332e-89 1.43038e-12 8.53589e-18 1.89899e-85 2.01115e-166 3.0982e-39 0.585899 1.30668e-44 0.119929 8.16711e-62 5.28614e-78 1.06947e-48 2.72665e-174 1.29427e-08 3.15549e-196 0.000288277 8.76116e-51 1.73229e-66 1.41229e-69 8.52836e-55 2.59225e-10 3.87994e-48 5.10776e-50 7.04558e-77 0.307006
8.14639e-09 1.24084e-86 1.67576e-59 1.87946e-81 1.10008e-63 2.18486e-118 1.79717e-75 4.66316e-26 1.49463e-31 0.975056 2.82633e-73 1.71448e-13 2.78873e-92 1.88962e-85 7.73494e-93 6.74028e-53 9.39203e-82 1.04385e-125 6.99945e-155 5.94879e-60 1.85419e-104 1.34847e-75 1.21002e-85 1.89752e-53 5.84536e-113 1.46013e-94 1.31e-107 0.274629 1.13965e-08
