1.89907 0.343462
1.83882e-132 2.30171e-169 9.47074e-103 0.108097 3.87245e-125 9.23084e-13 2.34187e-321 8.65603e-321 6.66989e-321 2.05965e-213 0.271946 1.29541e-66 3.34834e-152 4.56209e-99 3.45846e-321 4.03428e-100 8.19267e-276 4.45611e-08
1.342e-85 8.03066e-125 1.16951e-205 3.7549e-322 6.40996e-158 3.55727e-322 1.08213e-180 6.41273e-82 1.11042e-242 3.77087e-32 2.49571e-60 1.53276e-233 1.93857e-272 3.53984e-257 2.21946e-139 8.89474e-250 4.9763e-252 0.339676
1.36047e-186 2.57737e-173 4.43177e-321 1.99987e-290 1.11659e-321 3.70549e-322 4.48798e-228 8.34971e-322 2.20948e-113 5.03039e-110 1.5284e-214 3.12773e-132 0.313536 8.1213e-43 3.06425e-167 1.63645e-149 5.83545e-140 6.38859e-107
1.02188e-266 1.31975e-254 1.38148e-290 3.70549e-322 1.49702e-321 1.3612e-50 1.46295e-127 3.00273e-263 8.73971e-23 0.292746 9.06047e-12 1.68421e-70 1.63998e-62 1.52666e-321 4.50925e-30 5.87e-264 1.66828e-150 6.23687e-62
0.00968978 5.07714e-07 0.0288143 3.10245e-06 3.80873e-08 0.00265191 0.0178259 0.00494761 0.0382169 6.72289e-251 1.72923e-322 1.47232e-321 1.58737e-317 3.95253e-323 7.41098e-323 8.39912e-323 1.48258e-308 3.78041e-260
2.41744e-195 1.94132e-39 4.78256e-321 1.06896e-248 1.45749e-321 3.85969e-137 3.68863e-197 9.09081e-322 1.47477e-213 3.71271e-51 1.30589 1.7584e-218 1.0772e-212 4.39659e-310 9.75701e-92 4.06713e-09 1.20082e-95 1.21167e-135
6.31334e-13 0.0828915 2.99606e-21 2.02353e-11 0.0163795 1.88741e-17 6.15859e-15 3.68886e-10 0.00840497 5.90309e-236 3.45846e-322 2.43674e-315 3.39745e-304 7.41098e-323 1.4822e-322 1.67982e-322 2.44878e-309 6.00833e-247
9.41055e-116 2.49184e-129 8.88634e-251 9.20994e-187 6.32316e-167 1.44966e-183 2.03233e-100 7.41542e-206 1.75314e-172 0.272179 3.06095e-273 9.39782e-110 7.95053e-218 2.90015e-216 5.00502e-28 5.22428e-237 6.74479e-208 1.40849e-201
1.36374e-290 2.89192e-193 4.52734e-214 3.80431e-322 1.47803e-25 8.07567e-187 2.64325e-321 1.46163e-305 1.19859e-60 9.01746e-115 0.246515 3.2977e-194 1.74196e-177 0.347265 2.49565e-240 5.31532e-280 3.11034e-81 2.13007e-115
0.0414828 2.46331e-101 3.97494e-221 1.16112e-211 1.21113e-130 5.47236e-72 7.70243e-188 3.61354e-282 9.49188e-215 0.0852485 7.63825e-321 8.30401e-283 6.73034e-35 1.74405e-321 3.03589e-147 0.00778519 6.63818e-293 0.00937256
5.43311e-104 9.27855e-321 4.67386e-321 4.34778e-322 7.42283e-131 5.13828e-322 3.06815e-321 1.03352e-187 8.29536e-321 5.34554e-58 8.30524e-321 1.22532 4.94841e-131 1.96638e-321 3.79442e-321 0.458935 1.76334 4.47329e-254
2.21561e-120 5.7984e-156 7.40911e-208 3.99989e-170 1.35868e-321 1.36643e-259 2.72724e-321 8.34971e-322 1.18241e-64 1.19503e-204 1.39265e-296 4.77842e-204 4.19963e-288 2.55455e-180 0.300654 3.74566e-292 3.64027e-133 2.55018e-254
1.00866e-181 0.0164352 6.82319e-249 3.95253e-322 1.19564e-321 2.48179e-245 7.06437e-222 3.54591e-114 1.58456e-168 1.61051e-222 3.12244e-09 5.03565e-300 0.0541455 7.56686e-299 8.28605e-229 0.368878 9.59514e-245 1.05217e-155
0.0961289 1.47687e-12 5.37991e-314 5.27851e-40 4.6023e-280 2.38608e-61 3.38788e-21 2.49306e-224 4.9639e-152 3.21446e-42 1.31767e-82 9.04809e-240 0.0729225 1.20339e-218 0.318825 2.95451e-321 1.39813e-258 1.12065e-42
