2.32735 0.203849
0.10408 2.61198e-119 1.12496e-99 1.24638e-93 2.52584e-88 4.27005e-45 9.11202e-152 1.41718e-111 1.58666e-183 8.41069e-59 1.56094e-275 1.37011e-204 2.49955e-125
1.83855e-69 4.17237e-139 3.07875e-09 3.83265e-137 1.5717e-26 1.03974e-91 9.80777e-160 0.317602 3.36503e-46 7.47581e-12 9.07e-90 8.09859e-76 2.27601e-265
2.44333e-42 0.168249 2.11675e-56 4.7133e-15 0.631984 9.49181e-107 1.24434e-83 2.67977e-184 2.4197e-26 2.07275e-29 3.69832e-100 9.95564e-36 8.2648e-156
4.22043e-66 2.9415e-125 2.59865e-104 0.121704 0.19602 0.829543 4.75862e-172 2.72503e-220 4.60005e-182 6.71948e-38 7.7854e-87 1.33658e-161 4.20239e-134
2.1071e-22 1.66132e-15 0.000113641 8.43385e-22 0.221871 5.11604e-87 2.46408e-132 2.29216e-102 3.47444e-31 3.74591e-45 1.19225e-136 2.74241e-39 1.47403e-281
2.26784e-73 9.23195e-15 9.3258e-119 1.27006e-116 2.59576e-140 8.30649e-18 9.59515e-84 3.46052e-104 1.9975e-12 2.64778e-74 0.314399 0.276051 0.692544
7.40624e-103 2.80462e-92 2.50194e-115 7.5893e-84 0.411554 2.09869e-192 1.17272e-08 1.97993e-170 0.239705 6.68422e-31 2.04038e-65 1.36244e-109 7.55416e-137
3.54763e-61 5.7816e-158 4.69527e-105 4.1785e-45 0.450658 2.14305e-31 0.548801 0.0117453 3.23104e-20 2.58772e-115 1.0242e-49 8.11053e-235 7.98631e-151
3.50031e-28 5.8735e-95 1.34654e-31 0.0482743 9.43563e-14 6.80061e-67 2.74096e-82 5.88006e-211 1.39806e-152 0.3 5.37268e-124 1.38724e-201 2.38256e-267
0.0382772 9.36979e-143 0.422735 1.24389e-77 5.12489e-143 5.97382e-32 3.15375e-117 2.81962e-159 1.33494e-145 6.20848e-103 1.0254e-282 1.15375e-204 4.52697e-179
