5.67485 0.0364645
4.66864e-15 0.0324143 2.37766e-27 0.0665378 1.24582e-33 1.3949e-34 1.02866e-20 1.51534e-22 0.000786104 1.02807e-08 3.36173e-12 0.000335465 2.50027e-13
4.34475e-22 1.2686e-08 3.64451e-21 8.48802e-10 0.183945 4.28321e-26 0.0189934 2.90026e-21 0.0103802 0.0156177 0.0787191 0.238381 1.38839e-18
3.47257e-20 4.37156e-47 0.0587558 3.14163e-26 6.80366e-05 0.201948 4.60399e-10 6.86361e-20 6.94698e-15 2.02429e-25 1.23374e-25 5.04516e-24 0.00154722
1.90624e-21 2.11804e-17 3.74474e-33 1.0445e-11 5.44458e-36 5.82389e-38 9.94444e-28 1.31876e-09 1.39216e-52 3.46823e-08 2.25943e-21 8.03247e-25 0.184428
7.35255e-26 6.10702e-47 1.09011e-05 0.0800964 7.47455e-17 9.97238e-23 0.198956 1.61389e-06 9.45133e-51 5.84157e-12 4.0716e-26 1.48858e-06 3.76956e-17
0.0107668 4.34513e-30 0.000142099 5.48515e-30 2.3331e-29 0.0222719 0.0597768 5.55602e-14 3.47343e-32 0.000268386 5.09178e-08 0.148253 0.207987
4.03873e-25 4.62402e-30 6.55383e-32 3.90776e-27 5.91276e-32 4.70658e-11 1.25986e-12 6.78168e-22 6.87864e-39 1.10076e-25 9.52197e-25 4.56855e-11 0.432004
5.5648e-26 1.00645e-37 6.70508e-26 4.13064e-12 7.30814e-17 2.24022e-20 1.77579e-19 1.26509e-17 9.72767e-44 8.35165e-18 1.44634e-27 2.51746e-26 0.112039
5.54981e-13 1.14325e-15 1.76091e-17 1.73854e-21 7.64437e-14 0.18335 1.06784e-20 5.78801e-08 3.99171e-47 0.000159629 2.64296e-24 1.15985e-25 2.56886e-16
9.27119e-05 2.42429e-40 6.20223e-31 0.0145993 2.87102e-38 1.81338e-10 5.77936e-23 0.0397233 3.14716e-22 0.021934 1.54967e-33 0.00271731 0.000248281
