6.25214e-50 1.27541e-137 5.34768e-103 1.03182e-54 1.41558e-136 5.59338e-40 1.09476e-51 8.98213e-67 1.38666e-57 2.82665e-40 5.25302e-40 0.0849978 2.87834e-15
6.33141e-81 1.2889e-123 2.33911e-103 0.0144331 1.70222e-122 5.46463e-61 1.55679e-73 2.54771e-66 1.75073e-79 7.72316e-37 9.72058e-11 6.44988e-82 7.40333e-27
7.33561e-40 2.6752e-137 3.02755e-78 0.0737649 4.02342e-183 1.9876e-17 1.11789e-71 8.46184e-120 2.09226e-108 5.09995e-49 1.35386e-14 1.84812e-79 0.0024883
9.83294e-81 9.4814e-126 2.70622e-05 6.56025e-56 2.16633e-188 2.14744e-74 0.0258377 0.0487456 1.14063e-43 0.101463 1.01956e-26 1.52043e-91 0.00573837
3.31864e-59 1.58984e-121 9.57284e-80 0.0412004 6.41991e-105 0.278283 1.44083e-63 6.39202e-98 1.82002e-74 3.17256e-60 0.294907 2.70399e-86 1.08074e-22
0.362944 2.56253e-98 1.93863e-69 1.39149e-46 1.06528e-64 7.41137e-69 1.43594e-66 3.76455e-62 0.0675706 4.00634e-23 3.65916e-35 6.37626e-17 1.98407e-21
2.13946e-36 0.166512 0.0884259 1.17964e-33 0.0614873 4.08414e-38 8.94801e-62 2.13495e-69 0.0115248 1.50715e-09 1.76988e-43 0.0310306 0.0313053
4.97419e-27 6.54993e-101 6.90994e-40 7.42309e-07 1.32867e-147 1.90862e-09 1.12194e-59 3.42068e-28 3.06734e-59 2.18311e-15 0.0912166 8.79712e-35 1.55182e-37
8.65693e-58 4.17998e-81 8.41786e-70 1.23607e-55 4.38433e-145 2.52886e-24 2.61112e-82 1.75462e-96 2.61151e-74 1.53563e-83 6.09597e-10 2.19658e-19 0.00803244
1.48891e-87 2.02689e-137 1.51764e-19 0.327095 2.07521e-141 1.46853e-64 4.82923e-64 3.45904e-102 4.12011e-40 2.99212e-74 0.0125789 0.110477 7.03116e-56
