1.87943e-320 2.0899e-321 2.4891e-320 1.45541e-198 2.20704e-319 7.18371e-321 1.21649e-319 4.77761e-321 5.20251e-321 2.74503e-320 0.85352 1.41896e-320 1.38536e-320
3.40214e-320 1.7032 8.06109e-140 4.06476e-76 2.41588e-319 1.499e-320 5.2661e-319 4.658 1.15414e-320 31.4833 2.36509e-320 6.33837e-320 2.92974e-291
6.98609e-321 2.16401e-321 1.04001e-320 1.04689 1.64257e-319 8.30524e-321 1.32454e-319 4.0711e-321 8.16691e-321 4.98117e-320 1.00888e-320 8.87342e-321 1.19119e-320
1.07509e-320 1.06525e-120 3.75885e-320 7.09478e-321 2.6473e-319 1.45058e-320 2.08886e-319 1.69124e-280 5.97325e-321 4.32653e-320 0.779394 1.31767e-320 1.66154e-320
3.08281e-85 0.0285278 1.52469e-320 7.2183e-321 4.99545e-319 1.60275e-320 9.84376e-320 1.56566e-296 5.8942e-321 4.09037e-320 1.13115e-91 1.12894e-320 1.16105e-320
9.24771 1.42522e-124 17.8577 3.90282 241.343 7.38356 171.095 7.75683e-321 8.23722 5.00834e-320 6.18331 18.7813 18.4525
1.68476e-321 4.05134e-322 2.12942e-321 1.24999e-321 3.04789e-320 9.83191e-322 1.72083e-320 7.65802e-322 9.83191e-322 5.36061e-321 1.81322e-321 1.75887e-321 1.85769e-321
3.01048e-312 0.0967344 1.08991e-320 6.22523e-321 3.63514e-319 4.8369e-321 9.36353e-320 5.34085e-321 5.60765e-321 5.13532e-320 1.50492e-320 1.36164e-320 1.62251e-320
2.18673e-320 3.68573e-321 2.71884e-320 8.91788e-321 4.44901e-161 7.6679e-321 1.85275e-319 0.3887 1.71149e-240 7.5261e-320 1.7979e-320 1.29149e-320 2.18377e-320
8.08785e-321 1.57607e-321 8.52263e-321 4.87643e-321 1.15715e-319 3.47328e-321 5.40211e-320 2.12448e-321 3.52763e-321 2.02715e-320 7.26771e-321 6.54637e-321 5.09382e-321
