6.09906e-149 4.68329e-46 2.91772e-153 0.0550346 8.82271e-67 2.51801e-83 7.42628e-200 8.18372e-91 1.73865e-137 3.57132e-133 9.62158e-93 2.62368e-96 1.96963e-67 1.36745e-77 5.85339e-122 0.0523257 2.80618e-124 7.18876e-243 3.97572e-123 2.28041e-107 2.29772e-116 4.51355e-170 2.69974e-115 2.33844e-76 4.53569e-124 1.24061e-246
5.29016e-175 0.00114621 1.18458e-157 1.31817e-15 2.36931e-41 3.50196e-75 2.13755e-179 6.27958e-201 2.78348e-145 1.09492e-134 6.53262e-27 4.77137e-73 1.17959e-125 4.36374e-29 1.72187e-38 5.05242e-35 2.69183e-187 4.72361e-189 1.2338e-106 7.85383e-66 1.61918e-41 0.0558056 3.52761e-117 2.21352e-191 7.78194e-114 2.09282e-138
2.66073e-175 3.40603e-30 2.55552e-112 1.23814e-29 1.78721e-106 1.27143e-103 6.17754e-124 9.73361e-29 5.14576e-65 2.67576e-21 1.1071e-60 6.64802e-42 0.160758 1.47925e-47 0.137582 1.36943e-51 4.34963e-126 6.48076e-204 1.18478e-61 8.42246e-19 4.52643e-159 0.0447331 4.0443e-49 4.85405e-73 1.10454e-79 3.32782e-193
2.36612e-29 3.71084e-43 5.81199e-139 8.79338e-123 0.160645 2.52096e-46 8.77313e-84 6.87112e-86 1.04995e-190 1.95163e-16 2.11426e-40 2.48326e-42 5.23924e-131 0.247946 2.34121e-96 0.129932 7.89744e-122 1.68142e-147 9.07087e-190 1.38206e-77 2.11226e-84 4.00937e-36 1.35185e-104 3.75593e-125 5.83671e-172 4.08921e-70
8.68418e-262 1.25454e-108 3.66305e-51 1.3413e-225 8.85938e-73 2.91656e-73 0.195552 2.32018e-202 0.196371 0.276812 8.12735e-85 3.03916e-89 6.68923e-84 1.89618e-44 1.80108e-79 1.25556e-13 3.11502e-136 5.9139e-221 6.25507e-222 5.66379e-164 2.83864e-32 2.46958e-173 6.08201e-62 9.75736e-77 0.514562 2.85227e-123
2.4409e-25 7.92483e-96 0.10101 6.03946e-121 2.24127e-89 4.96858e-60 3.50826e-165 2.10981e-202 1.33085e-104 1.56706e-109 6.72549e-90 2.55249e-137 5.22795e-83 1.55715e-96 2.5347e-86 0.119881 2.21436e-89 3.47971e-184 7.17431e-200 1.33571e-120 1.05119e-146 6.33234e-09 1.77235e-54 6.71613e-235 2.08734e-158 2.18919e-166
2.06383e-150 1.36717e-42 5.35745e-145 1.21801e-69 5.64048e-10 3.29561e-25 1.60346e-111 5.14677e-205 5.56335e-100 3.25034e-85 3.85575e-71 7.04565e-81 5.46897e-139 1.47552e-125 2.92378e-58 1.92914e-63 1.92824e-177 2.1256e-108 3.18008e-194 3.55611e-47 0.17915 0.0548169 4.47298e-46 1.69019e-48 8.75016e-80 1.54885e-87
7.31235e-24 6.63588e-151 3.72811e-189 1.4008e-133 3.43009e-73 1.28389e-15 8.59255e-213 5.02286e-57 1.77866e-51 0.0871818 5.3803e-20 0.124746 4.90995e-75 2.46445e-95 5.46902e-129 1.08052e-54 2.95664e-79 6.02212e-77 0.251677 1.16579e-107 1.34182e-17 2.29189e-136 3.58914e-76 0.248582 2.79286e-138 8.46669e-108
1.87333e-206 6.72725e-05 1.99115e-79 4.37977e-116 0.651712 0.458347 1.42829e-100 1.75669e-26 0.000863063 7.9424e-31 3.70614e-57 3.14387e-189 6.77061e-18 0.00114196 3.70987e-14 1.29735e-46 0.107535 3.89236e-252 1.14028e-184 0.106413 1.08054e-21 0.790266 2.56903e-137 6.3694e-87 0.469485 0.157792
1.47853e-194 5.55222e-15 3.33554e-119 7.79994e-73 3.4198e-22 1.69541e-18 6.68952e-107 5.98464e-121 6.86514e-86 1.069e-88 0.0851684 1.25769e-220 1.52322e-57 1.31359e-138 4.12734e-118 0.00163376 2.03325e-153 1.42611e-168 2.79375e-172 4.85915e-12 6.65338e-150 1.14119e-56 5.35856e-37 1.12185e-193 1.35839e-150 4.67522e-135
3.75432e-103 1.86948e-159 1.87935e-139 2.87452e-202 1.89122e-119 1.18506e-54 2.69049e-140 1.2631e-91 1.27486e-101 4.31255e-23 3.33041e-87 2.66835e-192 1.47369e-103 7.15656e-42 1.90696e-45 0.0740848 3.64643e-155 5.35669e-62 5.59214e-128 1.46809e-50 3.79088e-45 2.44527e-33 2.23855e-95 4.11206e-189 2.93164e-58 2.63072e-229
0.414425 1.21808e-58 7.34154e-05 8.37244e-41 1.72663e-143 2.72612e-91 1.24564e-166 1.01852e-136 6.68351e-126 1.86749e-122 3.34565e-95 2.26891e-197 1.6939e-65 3.10686e-109 2.00456e-73 2.11357e-67 2.41676e-187 6.56309e-170 1.34276e-174 3.12769e-91 1.3942e-59 6.66949e-136 2.53367e-94 2.01761e-234 5.81553e-148 2.05414e-250
9.52784e-149 2.75736e-58 9.79934e-12 0.0692179 0.115214 1.29867e-40 4.20652e-191 2.44722e-65 7.7416e-103 2.14473e-81 3.05753e-86 6.67541e-85 4.83331e-129 1.7092e-102 1.59338e-112 8.83948e-94 1.34519e-121 1.63802e-231 4.0977e-125 7.37977e-155 4.23649e-122 2.28582e-120 7.48064e-133 4.4256e-53 1.44858e-52 9.858e-94
2.4548e-136 4.33191e-124 1.18703e-188 1.06173e-31 8.22061e-130 3.34066e-43 8.32342e-205 0.190681 2.10049e-122 2.12913e-16 1.17879 1.11112e-121 5.88219e-157 7.67611e-48 5.15211e-81 2.95738e-14 2.18357e-114 0.178189 1.23981e-50 1.46251e-07 8.4089e-55 1.41627e-102 0.370948 8.3976e-199 1.31857e-84 2.34746e-37
6.2176e-19 0.0779268 1.74885e-84 2.13986e-69 2.99116e-24 1.71328e-116 3.67498e-199 4.07128e-138 1.43495e-202 3.12129e-66 9.52331e-136 1.85105e-194 2.68567e-140 2.51412e-82 7.58811e-49 2.8925e-107 1.19024e-125 4.56527e-168 8.75478e-146 5.38875e-63 4.87791e-19 0.234518 4.1498e-25 9.48621e-93 1.4878e-148 1.11174e-236
5.72383e-181 4.33046e-89 4.55921e-70 6.03988e-160 0.0940437 4.17702e-19 9.68435e-77 2.04013e-167 1.86459e-105 2.03092e-115 8.02891e-14 1.0643e-97 8.45648e-12 1.70485e-52 7.61577e-89 3.83358e-83 7.17869e-70 8.09109e-230 5.23576e-46 3.62587e-83 7.61306e-32 1.7316e-99 1.96113e-17 4.07869e-214 2.0849e-159 4.42236e-124
