2.73218e-321 4.2707e-217 1.78258e-115 2.9741e-32 1.71249e-267 4.12051e-321 2.31717e-321 1.56887e-163 9.80023e-154 2.82347e-106 9.56017e-321 4.63625e-72 0.705074 3.56442e-119 1.92686e-321 5.03432e-194 1.96106e-95 1.63117e-194 8.05327e-322 3.35471e-321 2.74799e-165 5.68779e-318 1.59978e-102 1.39821e-321 8.87342e-321 1.5069e-321
2.79147e-321 8.40874e-222 3.3616e-247 1.92192e-321 2.51191e-312 4.01675e-321 1.46737e-321 2.27674e-43 7.9841e-321 7.82139e-78 9.28109e-174 9.41617e-145 0.0164728 1.35272e-50 1.92192e-321 0.321713 3.91485e-78 2.05175e-175 9.0414e-322 1.18139e-106 8.58642e-192 1.29398e-134 1.01876e-248 1.13635e-321 4.9456e-321 1.80828e-321
1.07871e-255 5.06001e-87 2.43165e-103 1.10394e-170 4.73708e-198 2.64325e-321 1.15117e-321 5.15986e-246 4.57686e-281 8.44923e-88 1.11313e-320 0.181666 3.17432e-38 4.09914e-157 1.90215e-321 1.22102e-289 5.76287e-129 6.78782e-87 4.7365e-105 4.49099e-289 8.82927e-192 4.49381e-314 3.60268e-230 1.16105e-321 6.48214e-321 1.6403e-321
2.47915e-21 0.00814999 0.0366637 3.90775e-08 1.13635e-322 2.02567e-322 9.38725e-323 1.45606e-270 3.60668e-322 4.01871e-213 5.82997e-322 3.7549e-322 1.03866e-270 2.35807e-254 1.23516e-322 1.08694e-322 7.16775e-223 1.89704e-180 5.92879e-323 1.72923e-322 4.84922e-309 1.23516e-322 9.17164e-310 6.91692e-323 3.11261e-322 8.89318e-323
8.59425e-124 8.91816e-81 1.35553e-18 7.13051e-139 2.17486e-311 2.32705e-321 1.52666e-321 2.60608e-181 4.01675e-321 0.000198258 1.0909e-320 7.65351e-202 1.6859e-78 0.307993 1.65018e-321 4.71833e-321 5.69841e-83 2.08044e-125 7.00543e-299 2.11954e-321 3.37616e-274 1.45255e-321 1.57133e-113 1.16105e-321 5.25686e-321 1.00789e-321
1.29315e-254 1.98767e-142 2.17411e-107 3.68261e-226 1.10671e-321 3.10273e-321 1.38832e-321 2.47919e-271 5.78057e-321 1.26796e-11 9.69851e-321 3.75517e-178 2.52059e-128 6.89262e-152 1.29445e-321 2.0095e-250 3.96197e-129 0.103186 1.18531e-141 1.84286e-321 5.5677e-187 8.29885e-288 1.75158e-171 9.23903e-322 3.87842e-321 1.06224e-321
3.06815e-321 1.51957e-105 3.39636e-147 1.4761e-89 5.40882e-68 2.94957e-321 1.42291e-321 9.12305e-100 1.65885e-183 1.29354e-80 9.5157e-321 3.38889e-159 0.388417 2.19755e-54 2.22824e-321 7.91536e-68 1.56574e-25 1.10746 8.64615e-322 1.20619e-205 1.56827e-213 2.22597e-183 4.54397e-316 1.35374e-321 6.32404e-321 1.35868e-321
3.04839e-321 5.13828e-322 5.019e-241 2.2727e-321 1.60042e-194 4.63928e-321 8.75081e-188 9.21459e-05 1.18971e-320 4.33301e-39 1.74158e-320 5.89186e-235 0.000129177 4.39503e-189 7.14915e-309 7.66639e-111 1.30036e-163 5.47174e-71 4.96006e-229 5.35073e-321 1.20714 0.000315427 7.70913e-64 2.38634e-321 2.95523 4.22143e-176
7.36708e-123 4.06088e-54 1.30739e-90 0.221175 8.89318e-322 2.03555e-321 7.16395e-322 2.73763e-216 2.6976e-321 2.34749e-122 5.16299e-321 2.83594e-321 4.10982e-191 1.8568e-238 1.10671e-321 2.43244e-268 4.71632e-110 7.89849e-136 9.83289e-302 1.47726e-321 1.00338e-205 3.13166e-303 8.74121e-302 5.53354e-322 2.89028e-321 8.34971e-322
3.36417e-260 3.94069e-290 3.71544e-191 1.01725e-113 1.58101e-321 3.65115e-321 1.46737e-321 1.09457e-86 7.25782e-321 1.83439e-118 1.13586e-320 1.5167e-272 9.06078e-56 0.184718 2.06519e-321 1.36362e-321 1.58372e-126 6.02289e-144 8.59674e-322 5.62708e-278 1.63443e-167 1.33751e-309 5.14055e-86 2.05529e-296 6.53155e-321 1.68549e-292
3.73514e-321 5.21865e-261 1.66364e-97 2.14424e-321 0.862865 1.6678 0.962145 0.47991 3.40068 9.09521e-111 5.88857 0.759494 3.76037e-07 0.352651 0.894166 3.57683e-242 1.0069 4.80731e-165 4.30612e-289 1.26453 2.09192e-318 0.914932 0.780081 0.6044 8.61961e-123 0.78645
2.6001e-172 4.71642e-209 1.1167e-67 2.79343e-18 1.45255e-321 1.94662e-321 1.12153e-321 7.302e-217 3.18672e-321 0.165021 9.29337e-321 3.34977e-321 7.77644e-193 1.17894e-145 1.25493e-321 1.54884e-307 2.23811e-177 1.36414e-97 5.33591e-322 1.57113e-321 1.93989e-239 1.2154e-321 2.60892e-267 7.01573e-322 4.53058e-321 1.20552e-321
2.84088e-321 1.28805e-151 7.43815e-22 7.53997e-59 2.25788e-321 1.6537e-267 2.14919e-321 1.09245e-31 2.0171e-28 8.78093e-34 4.99087e-30 7.35664e-321 5.16078e-259 2.14665e-175 3.53343e-315 0.0620994 6.4696e-28 1.08017e-48 2.26597e-140 3.62644e-321 1.32983e-117 1.35949e-229 2.32684e-227 1.07167e-184 3.31941e-203 2.01579e-321
4.24896e-321 4.97926e-197 2.97564e-171 2.82111e-321 2.49503e-321 1.18154e-269 2.41104e-321 2.13479e-225 6.81811e-321 0.275971 1.44001e-72 2.99508e-91 0.271377 7.52014e-132 1.91203e-122 2.42696e-277 7.4958e-226 6.47573e-112 0.284818 4.29837e-321 1.36524e-184 1.69442e-79 1.02024e-235 3.89454e-169 9.34278e-321 2.32705e-321
2.86529e-156 5.43386e-197 4.28825e-129 8.8615e-129 1.5069e-321 4.21504e-291 2.11954e-321 2.54242e-113 4.79738e-321 5.22584e-191 8.93271e-321 0.431421 5.37593e-250 7.45983e-208 2.25041e-242 2.70064e-150 1.95888e-64 7.6629e-187 2.20732e-36 2.86064e-321 7.1722e-226 1.64524e-321 1.50719e-158 1.11165e-321 5.82997e-321 2.96398e-303
0.0454893 6.18341e-13 0.000515115 7.9897e-19 1.03754e-322 1.92686e-322 7.90505e-323 4.90916e-277 3.35965e-322 7.82457e-229 5.82997e-322 3.60668e-322 2.23813e-271 7.17615e-249 1.08694e-322 1.03754e-322 7.48667e-227 2.13385e-195 5.43472e-323 1.63042e-322 2.56914e-322 1.13635e-322 1.40983e-316 6.42285e-323 2.86558e-322 8.39912e-323
