0.164187 0.0149458 3.51699e-15 7.07129e-22 1.0803e-34 6.81903e-20 8.88268e-16 0.0181664 0.0419763 0.128163 0.0827345 4.57861e-33 0.0219057 0.00410818 4.15801e-41 1.80173e-22 0.00549377 5.57134e-59 7.976e-08 5.47793e-29 3.14467e-27 1.58597e-24 1.19811e-16 4.40824 0.0906402 3.65087e-37
8.22169e-45 5.71166e-52 3.58499e-49 1.23357e-29 1.3823e-39 3.61856e-35 1.80442e-39 1.68571e-32 1.38815e-34 2.48103e-34 1.22255e-39 6.1362e-30 1.43543e-48 1.11751e-42 9.0285e-38 8.10714e-32 6.21885e-50 4.08519e-61 6.06856e-23 1.31921e-44 7.37081e-45 1.16889e-46 1.95486e-33 0.109429 2.55023e-60 7.0615e-41
6.0885e-48 2.74014e-52 1.72812e-51 5.27024e-29 1.80632e-29 1.65756e-39 3.89199e-39 6.68419e-32 5.41615e-36 5.11916e-39 3.76141e-39 1.80735e-34 7.04236e-46 6.65284e-48 2.22606e-35 2.66115e-32 2.11648e-48 1.85271e-47 5.02915e-25 2.54723e-46 7.39948e-44 1.62895e-45 4.15466e-38 0.745386 5.35914e-56 1.9479e-43
6.28427e-50 2.59281e-53 1.22215e-51 4.23635e-31 2.76354e-32 8.15663e-43 1.47807e-38 1.09174e-33 1.32122e-32 1.76231e-30 5.70092e-41 6.13168e-31 1.4159e-54 9.00339e-52 2.46844e-43 8.28337e-34 7.99492e-44 2.79385e-59 6.42765e-21 2.04265e-48 2.71005e-43 6.5857e-48 3.25635e-31 1.11653 2.61517e-65 4.75542e-45
7.77408e-43 1.55553e-48 4.80344e-45 8.86491e-25 1.90549e-34 2.32889e-43 9.77916e-42 1.92552e-33 7.46538e-26 1.39136e-39 6.67404e-35 3.40751e-29 2.25615e-50 4.11096e-50 5.23135e-33 6.82702e-38 4.57478e-50 4.35553e-61 2.3768e-25 3.18685e-42 5.377e-47 8.27427e-40 1.45523e-32 0.327335 1.33436e-65 1.37793e-45
2.31572e-30 2.88861e-27 2.63432e-12 0.0586283 0.0269052 1.01645e-10 8.23735e-35 1.98056e-24 5.5435e-10 2.87826e-12 4.23916e-22 7.61788e-27 8.95311e-12 0.0186813 0.000151871 1.36764e-35 4.66177e-34 3.85028e-32 7.91795e-05 5.34683e-38 0.0447999 1.39398e-28 5.63914e-27 0.173717 1.93565e-12 1.01788e-47
1.80016e-38 3.2928e-59 7.56703e-53 3.73769e-29 6.66261e-39 1.14755e-30 3.11351e-36 2.7883e-36 4.32671e-28 9.26663e-25 4.01986e-32 6.90835e-35 2.93965e-43 9.09272e-42 1.73107e-39 3.23217e-24 1.03887e-49 2.88977e-53 6.86523e-16 1.65656e-34 1.15593e-42 2.3754e-35 8.13988e-32 0.592351 1.09448e-61 6.02314e-37
2.38391e-17 2.5502e-50 0.298275 2.13785e-25 5.24085e-21 0.0419706 9.55354e-43 4.0752e-07 3.02086e-28 6.93233e-10 3.44696e-10 0.0510275 1.08326e-47 6.29265e-24 0.069958 0.0791767 2.27979e-38 1.46248e-44 5.3743e-18 5.62037e-44 9.07028e-49 0.0634549 5.81246e-05 1.26563e-06 1.95086e-35 4.27065e-25
3.57966e-47 1.41177e-33 2.43967e-13 3.98475e-14 3.98133e-19 0.000146485 5.20569e-12 3.06815e-19 3.45438e-07 0.0703693 1.0008e-29 1.3824e-22 3.5128e-21 3.26582e-34 1.24579e-21 1.90361e-19 2.99687e-36 4.32071e-35 2.96223e-26 3.93353e-35 3.4038e-19 1.09451e-20 9.97526e-11 6.05962e-09 1.31738e-62 9.16568e-30
2.97986e-40 3.56151e-48 3.60715e-40 4.11908e-34 1.52827e-28 4.33457e-30 1.32851e-29 9.09454e-31 4.83319e-24 9.58261e-25 6.13012e-37 1.39076e-31 4.63299e-49 5.66218e-37 1.87875e-31 1.02054e-25 1.97531e-38 1.83038e-47 1.88564e-22 1.38804e-50 7.07604e-36 7.21272e-48 6.10979e-30 0.583476 1.83046e-49 2.19855e-34
6.06819e-44 1.25768e-54 1.40063e-47 6.33073e-28 7.57137e-30 5.78091e-41 1.44938e-44 3.67852e-36 3.15403e-32 1.00284e-40 3.72764e-41 4.79766e-27 2.18997e-53 1.69896e-42 3.5519e-39 1.13542e-34 3.50564e-48 1.1866e-49 1.28846e-21 4.84864e-50 1.09497e-43 1.40072e-47 6.57623e-32 0.0717125 3.44452e-57 3.39118e-42
8.88166e-50 1.095e-50 1.68876e-40 2.3327e-23 5.3149e-35 1.04413e-40 7.18816e-41 3.59341e-26 6.66978e-28 1.1283e-40 1.33853e-41 3.66014e-31 2.60341e-51 1.74239e-46 9.07285e-43 2.24099e-37 2.27942e-40 6.6036e-48 7.04228e-24 3.21514e-40 2.64973e-42 1.02323e-52 8.10372e-38 0.169416 1.01859e-56 8.20604e-39
4.33519e-37 1.66238e-48 1.57692e-42 1.66677e-22 7.01103e-28 4.9453e-33 1.09376e-32 4.60048e-23 4.47899e-29 2.08924e-36 4.28163e-32 5.25844e-32 1.46874e-49 1.84207e-51 6.26348e-43 1.43185e-40 2.716e-46 1.20913e-45 8.70695e-20 8.18061e-47 5.49015e-41 4.67577e-53 1.05809e-37 2.31485 1.14695e-61 7.12492e-38
1.20855e-42 4.63701e-47 8.7513e-43 5.33767e-24 2.52388e-33 5.67418e-42 8.52633e-30 5.56895e-35 9.87718e-33 3.99208e-29 2.32509e-33 1.0427e-24 8.84832e-50 2.16911e-43 1.65855e-37 3.13677e-28 2.90002e-36 7.57126e-52 1.6503e-17 1.14145e-33 6.05122e-33 5.20917e-33 1.64395e-31 0.470417 1.89095e-53 2.52837e-30
3.56405e-36 7.45388e-21 3.21957e-28 8.52355e-11 4.41032e-38 1.5104e-05 0.023171 7.05335e-33 3.40643e-07 5.37861e-19 9.11082e-26 1.95313e-28 7.63684e-38 0.0296987 6.71427e-31 3.04039e-20 2.61216e-29 0.01661 2.23022e-10 2.11634e-44 0.000168982 1.44415e-30 4.20939e-26 5.66956e-11 2.75671e-29 1.08441e-44
2.69724e-42 2.20812e-56 4.64847e-45 5.43938e-28 6.10924e-26 9.49314e-31 2.26064e-33 4.03065e-29 4.95859e-30 2.32457e-36 9.87485e-34 2.31234e-27 6.40029e-45 3.98972e-42 2.77266e-42 1.44741e-34 6.90976e-50 4.93016e-47 2.69166e-27 2.5535e-50 1.13538e-41 1.21931e-38 2.1985e-33 0.132397 1.36826e-56 1.79807e-37
1.82295e-23 1.46328e-24 3.73736e-47 4.6074e-29 0.000249006 1.67428e-23 0.016643 7.97931e-07 6.05894e-16 2.76212e-12 2.37175e-40 2.3891e-24 3.22442e-51 5.60753e-23 9.32889e-33 0.000144699 2.92065e-37 1.45812e-34 0.00374422 0.00566342 2.46993e-12 1.0535e-09 0.0314139 0.535293 2.38268e-33 0.0195704
