2.38964 0.0902512
1.12449e-59 5.26902e-61 2.30277e-63 4.05581e-44 1.15119e-39 3.07372e-60 1.26768e-36 0.0394893 8.43859e-70 9.84403e-08 5.54342e-55 4.0657e-51 3.50831e-57 1.38168e-110 7.83406e-51 5.82285e-99 0.00487959 3.96058e-73 7.7475e-71 3.33651e-70 5.90848e-49 1.04099e-57 3.61367e-32 1.39176e-25 9.00325e-85 4.5203e-50 1.03599e-69 9.05676e-35 1.12143e-72 5.19455e-71
1.62489e-43 4.45694e-34 0.066077 4.0855e-20 0.215814 3.5055e-68 2.11515 1.77068e-61 5.88739e-29 1.51158e-57 3.86837e-50 7.03619e-74 6.0323e-17 0.777652 7.9696e-57 4.04064e-86 4.38221e-24 9.7104e-58 0.143591 0.741379 1.38961e-39 0.0239913 1.57725e-49 2.04184e-62 1.60105e-41 2.90944e-33 0.0322808 0.710775 2.31521e-06 0.117822
2.39103e-63 3.05217e-43 1.61319e-102 2.52616e-44 3.20378e-54 1.40222e-79 5.5298e-42 8.9837e-30 0.017492 1.9318e-07 3.62647e-43 4.69776e-32 4.05031e-56 4.69647e-91 1.51569e-46 4.01271e-89 0.000816608 2.96744e-75 3.41041e-103 3.52325e-83 5.41826e-21 2.28432e-48 2.4363e-93 3.99614e-74 4.6995e-46 2.81986e-46 3.29081e-111 2.13737e-40 1.6993e-24 2.07976e-98
1.49405e-10 1.62515e-58 4.52487e-95 9.86491e-65 2.97548e-11 0.166216 7.87632e-65 4.64609e-08 1.54105e-53 0.138799 1.51491e-13 0.114914 4.85946e-31 0.0011932 0.151178 0.0852415 0.0758189 1.68691e-81 9.32981e-37 8.93045e-123 1.88176e-47 1.26758e-23 0.0706891 0.478491 1.08681 0.0761928 1.52737e-106 1.11332e-62 1.68095e-84 9.3793e-109
0.100262 0.102939 1.01702e-52 2.03577e-16 5.30552e-33 9.02996e-88 0.0862232 0.00359538 3.63317e-39 7.70627e-56 0.0598937 1.73019e-52 2.95962e-39 2.21047e-52 3.07971e-85 2.57395e-122 1.47359e-46 0.0148395 6.34577e-115 3.63622e-71 1.32657e-45 1.23605e-77 6.32742e-77 4.28431e-48 8.19978e-33 8.4607e-38 1.08722e-86 3.11269e-62 1.09148e-22 1.12222e-80
0.00282795 4.23744e-57 5.39098e-60 1.3161e-18 8.34357e-26 2.3999e-23 1.29895e-34 7.46316e-59 3.4582e-30 0.0211345 3.71184e-24 1.70745e-60 1.48432e-05 1.22931e-77 2.74021e-108 6.99706e-74 1.83923e-06 8.5852e-15 5.9381e-68 5.54029e-102 4.82291e-44 1.29038e-48 6.2968e-19 6.40692e-27 9.31125e-64 4.99834e-18 2.16847e-53 4.79153e-73 9.12184e-17 1.54865e-65
2.66562e-17 2.45776e-49 7.56846e-103 0.0137179 3.16843e-54 1.9288e-34 3.73983e-09 2.4368e-43 8.56583e-38 1.03177e-41 2.80554e-06 3.88994e-18 5.42547e-48 7.25582e-73 4.89727e-40 3.55722e-64 1.0146e-57 4.27477e-11 8.05946e-123 7.51921e-128 2.41719e-41 3.54359e-30 6.64949e-35 1.12276e-50 5.05252e-16 2.93442e-15 6.06899e-44 7.16323e-73 0.0777248 1.17324e-110
7.83062e-33 0.000284898 4.71439e-63 1.22564e-58 6.46512e-59 8.58465e-81 0.179511 1.30628e-40 0.00548948 1.29226e-26 4.14316e-07 1.36106e-81 9.95456e-49 4.20985e-126 2.12434e-84 1.14281e-134 1.07657e-57 3.52473e-37 3.9839e-63 7.62231e-100 0.0269684 7.88696e-63 6.61406e-102 7.20479e-06 1.50239e-15 3.22401e-52 1.03233e-75 2.19745e-73 2.37701e-55 7.85614e-64
1.08903e-77 8.58117e-43 2.28127e-54 0.0439447 7.62443e-59 1.0206e-83 7.9788e-66 0.0591576 0.0748519 2.86906e-09 9.32231e-39 7.78711e-73 1.0758e-32 4.22528e-119 1.06776e-86 5.00265e-114 9.46716e-38 0.0448393 2.11564e-53 2.85883e-70 2.10376e-22 1.02151e-40 1.92123e-20 4.50992e-57 2.66907e-72 3.5542e-27 4.86079e-52 1.06846e-33 2.40032e-16 1.14011e-126
9.25389e-82 1.78333e-59 8.76866e-53 2.90034e-38 2.37831e-37 5.10175e-82 2.28452e-52 3.30607e-51 4.45991e-36 0.208456 5.57811e-23 5.101e-54 0.0325587 8.98452e-112 1.37087e-111 8.82473e-115 6.60178e-43 5.3176e-60 8.52291e-134 1.21576e-93 6.211e-36 6.40957e-45 8.62586e-38 2.47654e-73 1.80309e-53 7.97345e-55 9.41344e-53 1.80692e-38 1.88431e-16 2.63995e-149
