0.00144795 3.29753e-17 1.93173e-16 3.09226e-14 1.0065e-12 5.84462e-15 7.92831e-08 2.82995e-10 5.31094e-08 3.96808e-18 3.44733e-07 2.57536e-06 0.000102331 1.05315e-09 4.14754e-18 1.67452e-17 1.65037e-09 5.26337e-14 3.54075e-07 2.6255e-05 4.10982e-10 3.67209e-13 6.07053e-15 0.000467625 0.343802 5.1905e-09 4.29442e-07 4.71432e-11 3.88556e-05 1.45088e-09
9.20925e-07 2.56859e-05 1.70291e-07 1.20062e-20 1.07713e-05 2.69754e-16 9.76171e-10 1.9748e-11 3.52203e-17 0.00605539 0.0306782 0.00329607 3.35678e-05 4.58493e-06 4.44112e-17 9.39427e-11 0.01651 8.24683e-10 4.3852e-10 0.000252959 0.00496 5.79269e-18 2.0871e-06 1.94195e-06 0.664852 1.8645e-05 0.00148451 3.06392e-05 0.0679681 0.198126
2.79709e-09 1.75405e-06 5.349e-14 5.013e-18 2.56e-05 3.78268e-09 1.09919e-07 1.24256e-05 9.63616e-05 4.33658e-17 0.00314255 6.20735e-12 0.262437 0.00728519 7.55404e-16 2.07353e-15 0.0439614 2.64977e-14 0.0367795 9.68536e-06 1.55864e-10 1.38786e-22 8.09446e-07 4.76446e-06 0.986186 1.28438e-11 0.000240486 1.67202e-12 1.70185e-08 1.45485e-14
0.0083897 4.34227e-19 0.179628 0.0104973 0.00174266 1.37322e-12 1.61889e-06 2.59826e-19 4.10817e-08 7.43579e-17 0.000323735 0.000357683 0.000117465 9.94809e-09 0.00109067 0.012662 0.000381291 0.00891188 4.49832e-07 3.9228e-06 6.00398e-05 0.0128149 2.31801e-12 3.38117e-06 0.471407 0.000162037 4.9951e-12 0.0595162 1.3555e-09 5.51397e-12
1.11887e-05 6.2742e-08 1.54229e-16 2.16677e-08 6.21034e-07 0.0169998 1.51645e-10 3.9145e-13 0.00598368 0.00285516 2.77388e-05 2.5033e-11 0.190044 2.7599e-10 0.00601115 7.15343e-13 0.000214525 9.61422e-05 1.7454e-07 0.00102572 1.03678e-10 2.36593e-17 1.11676e-11 4.56377e-05 0.159859 0.334217 3.48398e-07 7.6888e-06 0.0501222 5.13214e-19
1.18865e-07 0.00267235 7.04611e-12 6.54861e-13 1.03516e-05 0.000945645 0.00593395 0.00609094 8.31294e-14 0.0164322 3.13664e-06 2.32781e-10 1.83025e-06 7.95397e-12 1.18941e-17 7.96886e-05 3.59838e-07 9.12574e-13 3.47239e-07 0.0087826 9.09721e-11 7.42351e-24 0.0125197 0.22166 0.52325 0.0612343 0.00705064 0.000186953 0.0885125 0.00184695
4.14263e-12 5.83034e-18 9.67531e-18 1.00633e-23 6.57715e-13 1.53198e-15 7.34521e-10 7.01304e-22 1.54671e-16 6.00276e-15 3.21068e-10 1.42085e-12 2.35287e-05 1.69189e-12 9.00118e-18 1.70927e-16 2.31058e-10 2.50636e-12 1.02968e-10 4.21251e-10 2.0161e-11 4.31541e-24 1.73518e-16 9.31474e-06 0.11497 5.67471e-17 9.90324e-14 1.40045e-16 1.24433e-07 8.42591e-20
4.77618e-05 1.72498e-10 7.29271e-13 9.49058e-24 4.80159e-12 5.63633e-17 1.74683e-11 2.97458e-12 1.20096e-12 1.2798e-15 4.54783e-12 4.91574e-12 4.19175e-05 4.01134e-12 4.35276e-14 6.07712e-20 5.41545e-07 8.4083e-05 8.25512e-07 1.48317e-05 0.0045291 2.25334e-14 3.92131e-10 1.62501e-06 0.300701 2.14335e-09 4.31043e-11 2.48356e-14 3.07071e-08 7.4975e-12
3.80439e-09 1.11417e-22 6.75389e-18 5.82417e-24 5.76115e-14 4.8461e-18 2.45102e-11 1.93319e-18 1.10426e-13 8.6796e-13 3.09849e-12 2.34606e-13 5.72703e-06 5.75497e-13 8.477e-17 1.71315e-22 2.0105e-11 3.84502e-11 1.50082e-05 3.44401e-10 5.25886e-09 5.30924e-23 5.51383e-21 3.27688e-06 0.0811864 1.44197e-13 3.83335e-11 7.35666e-14 9.22398e-09 5.80606e-19
6.17257e-12 1.74925e-20 1.38949e-15 2.2699e-21 3.5393e-14 7.32331e-15 2.11369e-14 2.15415e-22 2.07367e-13 1.8423e-14 1.88198e-12 3.09905e-11 1.2477e-07 5.63605e-12 1.28282e-16 1.07037e-15 1.07923e-10 1.78484e-14 8.42988e-05 2.24104e-11 8.21758e-11 5.48806e-17 2.40111e-22 5.25952e-05 0.228615 2.70564e-12 1.99433e-13 5.15625e-17 1.44334e-09 5.33703e-14
