8.76909e-17 8.27568e-15 5.29085e-12 3.22121e-12 2.92118e-18 5.56713e-10 2.26775e-09 4.29639e-08 6.37425e-17 2.04865e-08 5.7863e-25 1.52046e-11 5.01742e-09 1.80653e-14 7.88936e-36 5.62827e-09 1.14833e-14 2.62067e-28 1.13093e-20 1.88523e-22 0.280674 1.64986e-16 2.84579e-08 2.00023e-14 5.30135e-11 9.47348e-25 5.4456e-21 4.57091e-37 5.33398e-28 5.95957e-09
1.41531e-06 3.81504e-14 7.12912e-24 0.00626957 4.33846e-18 1.98047e-08 3.28755e-14 0.00793065 0.0198574 4.49609e-08 0.000326011 8.70555e-09 0.000798041 5.44645e-15 4.24283e-35 6.72531e-16 8.05624e-17 6.92278e-33 1.50713e-13 1.39178e-18 0.0460786 4.25893e-10 0.00922343 0.0194313 8.37115e-12 0.00981487 0.0172025 2.5364e-37 6.77329e-13 0.0636715
1.19525e-15 2.13936e-20 1.20724e-15 6.20444e-07 3.28386e-13 4.17331e-20 4.21047e-12 6.40166e-19 1.04806e-26 5.48314e-08 4.83882e-21 1.13547e-07 4.6225e-21 6.61463e-14 9.27713e-27 1.6675e-13 1.7844e-16 3.29699e-28 3.18796e-19 1.87918e-22 0.273118 3.56657e-18 1.24193e-18 1.24952e-24 5.697e-14 7.90677e-27 4.67272e-25 8.13114e-39 1.93822e-34 1.76739e-11
7.87658e-20 1.27558e-12 0.00320089 2.53861e-12 1.66172e-17 4.19848e-09 2.78412e-15 4.57447e-17 1.13037e-19 6.00247e-05 7.89109e-24 2.77742e-16 2.95353e-11 1.00421e-11 6.10516e-25 1.26046e-12 1.28164e-06 1.68055e-13 4.54358e-19 5.13742e-24 0.121127 1.51782e-19 2.30918e-15 2.4711e-09 2.91245e-07 1.73687e-09 1.35652e-24 1.2554e-20 5.27333e-36 0.00170019
0.00621899 0.120896 6.75613e-18 0.0565218 3.94167e-15 0.07989 6.14853e-16 1.9078e-18 1.6797e-20 8.72689e-10 0.0130852 1.76486e-18 0.0289423 0.0409302 3.81949e-25 0.0197631 1.1859 0.0472795 0.00486609 2.89185e-09 4.74843e-05 0.120526 8.95045e-05 3.97244e-05 1.35454e-11 0.000405186 4.33313e-18 0.0265218 0.141294 1.09883e-07
3.16749e-15 1.2003e-08 0.0368294 0.000201611 3.89889e-13 3.6288e-19 1.09999e-08 0.0022641 2.77499e-14 0.0290117 1.56324e-17 7.51831e-14 3.5258e-19 1.04716e-11 8.44603e-32 4.28322e-13 1.15277e-05 2.95072e-13 9.98071e-17 1.73941e-12 7.23954e-07 7.67359e-12 0.00249345 1.83778e-20 1.70795e-08 1.30603e-13 3.42219e-15 3.66456e-32 2.69758e-32 7.7952e-15
2.05864e-22 1.09115e-22 2.95634e-24 9.5498e-10 5.12478e-16 3.05259e-16 3.99788e-13 1.84719e-13 6.62427e-18 2.46215e-12 4.56196e-26 1.0432e-19 1.72905e-19 7.5018e-13 2.27189e-28 5.19338e-16 4.42548e-19 5.24132e-26 2.70643e-20 1.78368e-31 0.127774 1.02153e-19 1.10917e-19 3.25627e-16 3.51637e-14 1.33055e-28 3.11345e-29 2.26425e-36 4.40358e-37 7.1755e-13
1.43726e-15 1.84637e-21 7.05969e-15 7.80255e-10 4.88676e-15 3.52174e-17 9.14016e-13 3.45712e-21 2.34885e-27 1.01894e-07 2.26747e-21 4.04136e-21 2.53614e-11 1.468e-07 1.0223e-25 1.15578e-17 1.44487e-19 3.0673e-24 4.6833e-25 1.92816e-24 0.559216 1.40311e-16 7.59076e-13 1.15931e-17 2.30249e-18 1.92702e-22 1.2466e-19 6.97758e-31 1.04821e-26 6.11725e-18
3.0436e-15 1.12842e-16 4.77446e-05 5.7036e-14 0.0334009 0.000256881 0.0517792 1.01142e-18 2.87032e-26 1.28756e-06 6.28364e-09 0.0922916 7.4337e-09 4.2316e-07 0.0914378 7.31907e-07 9.85348e-07 2.20015e-18 0.00086117 0.0157601 0.164689 0.198797 2.48371e-09 2.47275e-14 0.16527 4.77319e-22 8.06882e-08 7.86621e-07 4.91716e-09 4.4983e-10
1.84721e-18 1.20525e-17 4.25285e-13 0.000177573 1.53388e-12 8.59896e-20 8.21126e-16 2.6266e-19 3.32416e-20 3.52248e-15 1.3707e-20 1.30646e-15 9.37109e-23 3.28185e-11 1.3097e-35 4.15777e-20 5.45189e-14 4.2472e-29 1.16374e-26 1.00092e-28 0.0994695 1.07104e-13 1.86142e-11 2.39134e-15 2.86888e-18 3.07034e-27 2.93144e-27 4.17719e-33 1.01861e-30 2.21606e-15
