0.0476029 0.0367551 0.0495179 2.72574e-19 1.70101e-15 8.02909e-08 0.0997489 0.360328 0.0641195 0.244888 0.047198 1.11059e-17 2.91181e-08 5.71508e-30 0.0508325 0.0349536 0.0119475 9.93789e-51 2.84469e-46 0.0544102 1.64453e-26 0.0185439 1.16575e-18 4.27634e-19 2.31972e-22 0.00442549 5.74921e-15 0.00942168 0.0252362 2.34409e-41
7.39085e-51 2.73258e-29 1.60614e-10 2.4305e-43 1.27704e-05 1.20838e-24 3.42479e-36 5.24782e-40 2.4979e-36 1.61161e-59 9.70237e-28 2.32669e-16 0.0139923 2.66118e-06 6.35339e-38 2.88659e-53 3.05386e-29 2.95063e-19 0.041204 6.58636e-50 7.37699e-32 1.85943e-21 3.59387e-25 6.17023e-06 2.86109e-11 5.00781e-11 3.59953e-31 5.76683e-56 2.56183e-39 2.8539e-18
2.68765e-49 1.99194e-16 2.67434e-39 2.63571e-34 5.25362e-07 3.56814e-13 4.51391e-06 3.68475e-55 2.80172e-18 1.00934e-24 1.04228e-21 1.24119e-07 3.11506e-16 2.46902e-15 1.84819e-31 1.22629e-41 0.00103788 1.46148e-45 1.17655e-25 1.28851e-42 4.21182e-14 1.33568e-30 6.42877e-29 7.56766e-12 1.89292e-21 2.25528e-05 0.0553248 2.33758e-60 2.93356e-22 3.38379e-49
2.55674e-54 4.81877e-38 9.74124e-28 4.56923e-27 0.0585338 7.96362e-08 7.18671e-37 2.54695e-35 3.9917e-27 5.69945e-32 1.79443e-19 5.10567e-08 1.11233e-13 4.89205e-31 2.73146e-44 9.79965e-33 9.50935e-31 4.12715e-59 1.18717e-20 2.00348e-59 9.04731e-33 6.66349e-27 9.60318e-35 1.11702e-07 1.05592e-19 5.04738e-13 2.33062e-16 1.92482e-52 1.31396e-25 1.62116e-53
1.07215e-36 2.46724e-16 0.00188723 7.23631e-36 0.000388104 4.37416e-27 2.23434e-20 3.4769e-47 1.14195e-44 2.12892e-31 2.34042e-30 3.64388e-09 0.0287453 0.174833 3.35598e-05 1.54667e-20 6.63144e-12 2.42826e-56 2.44914e-36 3.08204e-37 0.0139031 1.49785e-29 5.59592e-31 1.18288e-11 1.31171e-14 1.96419e-06 1.00359e-17 1.48686e-28 4.25863e-30 1.86888e-42
9.92282e-51 4.20381e-34 1.18543e-24 3.88253e-46 2.38051e-22 1.82841e-23 3.43779e-11 2.35386e-52 1.1732e-34 9.81635e-47 5.35137e-28 4.02021e-19 2.61781e-32 6.04299e-18 7.15664e-33 1.88012e-39 4.24658e-21 1.13781e-37 7.97759e-36 2.21875e-35 1.05774e-07 2.99999e-20 3.10629e-42 1.12275e-06 2.39365e-28 5.18492e-22 7.06153e-24 1.10042e-64 1.31177e-30 5.6179e-30
3.71697e-54 6.70249e-37 2.23492e-36 0.158715 5.58065e-05 2.07365e-24 7.4089e-33 8.47241e-56 3.03241e-41 9.83577e-41 8.71464e-21 0.0284522 4.13647e-27 3.29953e-08 2.56548e-15 1.00307e-20 9.99067e-19 0.0524038 1.27821e-22 6.33342e-37 2.20786e-12 7.09464e-35 0.0644148 9.95202e-20 0.00919575 1.10082e-23 1.25605e-10 4.39426e-56 1.30415e-24 0.0563479
2.39687e-27 1.41641e-20 2.92741e-44 1.71946e-26 2.47376e-28 0.112557 6.61144e-26 8.29265e-41 1.80596e-20 2.70903e-59 7.69621e-26 1.3256e-09 5.87496e-32 7.25929e-38 2.07281e-28 2.64491e-37 3.62048e-26 1.13472e-36 1.41548e-23 5.54793e-41 1.69303e-23 3.42368e-16 8.43369e-25 6.75322e-09 0.05418 2.99937e-24 0.175264 2.04115e-69 1.53134e-23 5.97092e-41
2.3393e-31 8.8991e-28 1.57649e-34 1.45467e-34 5.29234e-17 1.17239e-15 6.7929e-06 4.33156e-48 2.69175e-07 1.1381e-39 1.21847e-37 7.80558e-12 4.40295e-07 5.91308e-18 1.29858e-24 1.20147e-27 7.84129e-17 3.9722e-38 7.53939e-09 1.91776e-36 5.79355e-11 3.4638e-16 7.60556e-33 0.00272753 2.99319e-12 0.0186884 0.0849812 3.45133e-53 2.64861e-30 3.91487e-23
7.45741e-42 1.12701e-34 3.52757e-45 5.77609e-30 4.74086e-22 9.96763e-28 1.9336e-25 4.76915e-54 6.00317e-19 1.73617e-18 1.41825e-12 0.0258171 3.60087e-20 7.42501e-17 3.56845e-41 8.86223e-19 2.62852e-31 2.47412e-35 6.46272e-45 1.94941e-54 0.0325234 1.48754e-20 8.88307e-26 0.0428734 3.36409e-08 2.5953e-16 0.169013 1.46514e-66 3.80454e-31 1.18718e-46
