3.11904e-44 5.00329e-119 3.6912e-194 1.24206 1.80557e-106 5.14276e-157 2.04219e-28 1.17742e-107 9.9395e-90 3.22137e-122 4.96521e-57 0.0916834 2.14804e-71 1.87114e-138 2.65578 5.00514e-115 1.47772e-147 3.02562e-115 1.9112e-170 3.04364e-166
7.07087e-57 1.73317e-20 2.55277e-90 5.09052e-79 1.04305e-111 1.42206e-283 2.26586e-132 1.88712e-57 5.26175e-102 8.15671e-80 1.52748e-33 2.63696e-97 3.61861e-152 1.79524e-126 0.28084 1.11966e-100 3.04214e-155 1.72293e-125 9.89752e-164 6.47504e-114
9.74817e-89 1.00225e-137 1.62258e-131 2.19185e-66 1.02538e-101 4.1649e-115 1.28842e-39 2.18832e-68 1.1211e-117 1.7443e-73 4.19429e-41 8.23859e-84 7.53139e-115 1.79046e-165 0.358136 1.63646e-33 9.20996e-171 6.03607e-145 1.09298e-140 1.09863e-127
2.47057e-81 1.68304e-105 6.15053e-213 1.49157e-19 4.34811e-14 8.37279e-207 4.24397e-128 4.67195e-109 8.11827e-38 0.111538 0.0732993 1.88896e-104 4.84985e-161 1.89816e-137 0.525347 0.196234 2.10212e-163 0.121848 6.0826e-42 1.74081e-155
3.61039e-63 1.45241e-61 4.5214e-29 0.000103967 0.826977 0.445838 8.95363e-21 0.27643 0.284711 1.45438e-46 2.51614e-97 1.24805e-55 0.165626 0.155685 6.99604e-49 9.77581e-112 0.371344 3.4336e-51 0.417641 0.0427644
1.68372 0.00444155 0.00270593 4.336e-95 1.90184e-136 8.28471e-302 6.13331e-83 7.21654e-71 2.21847e-154 1.36488e-113 2.40976e-70 7.43983e-110 5.23186e-166 3.98642e-168 4.67883e-30 3.35277e-154 1.76089e-142 3.79345e-120 1.69774e-162 2.53342e-118
1.60293e-23 7.12963e-32 4.02916e-94 9.04124e-69 3.38717e-127 5.79653e-241 1.30973e-46 1.47601e-74 7.52181e-132 3.73091e-83 2.74799e-68 5.81005e-77 1.08209e-115 1.68241e-126 0.965577 3.75799e-97 5.25889e-140 2.11803e-141 1.04566e-157 3.07913e-87
3.89979e-57 5.75777e-39 1.72407e-70 2.63935e-73 1.99941e-121 1.00824e-265 2.11374e-05 1.06411e-119 5.68664e-111 6.56309e-107 1.30449e-62 8.30721e-121 1.48681e-118 5.11828e-178 0.0656237 1.06993e-156 5.22659e-118 6.16051e-79 2.05174e-93 9.96936e-90
8.51934e-55 1.83394e-74 5.3243e-32 6.78027e-75 1.07035e-94 4.31247e-296 2.02124e-19 4.31922e-41 6.7916e-109 1.49685e-121 2.55158e-54 3.06786e-48 3.40134e-185 5.94554e-154 0.0627357 2.20908e-133 1.36414e-125 3.96638e-128 1.43798e-112 2.13046e-112
3.04311e-72 7.7297e-96 2.74718e-59 2.4521e-103 3.03549e-142 5.09983e-233 0.106968 4.11119e-50 1.20113e-103 1.53628e-112 0.066049 3.90643e-72 8.43419e-150 5.58687e-88 4.68869e-41 1.54471e-102 5.22472e-103 9.67371e-126 4.86055e-93 6.40347e-108
