2.16078 0.0973373
1.1408e-06 1.49959e-19 9.39493e-05 0.0117754 4.57499e-164 1.57926e-107 1.48623e-191 3.15787e-131 6.11422e-57 8.75413e-64 1.82942e-88 1.34657e-114 9.09529e-44 1.55027e-49 7.02547e-78 2.05116e-154 8.76399e-104 1.30154e-120 1.68558e-184 5.53625e-105 3.17161e-184 2.95935e-152 1.07984e-88 1.14762e-28 1.04749e-120 1.56467e-196 5.24718e-84 1.69277e-92 8.07651e-89
4.68912e-84 2.8295e-84 3.64624e-22 2.05839e-34 9.58627e-98 1.19346e-120 1.39794e-187 1.03601e-48 4.01016e-11 1.4413e-59 1.55785e-95 2.92799e-39 4.24132e-20 0.000372758 7.29253e-13 3.71719e-119 1.04035e-63 4.16282e-86 1.00331e-114 0.638433 1.23271e-89 3.81071e-126 0.047501 7.85826e-21 9.58777e-116 8.1885e-115 1.4094e-51 9.84605e-86 1.2227e-85
2.19628e-81 6.13931e-35 5.22247e-08 3.695e-07 4.61968e-150 1.85411e-69 5.16173e-140 1.42555e-66 3.07297e-47 1.77706e-53 2.68517e-31 9.70057e-48 0.0644761 7.38117e-39 7.37801e-66 3.38835e-126 4.8572e-105 1.18883e-108 6.74069e-97 3.12617e-59 2.95571e-155 1.09796e-98 1.05026e-74 2.65657e-10 7.11632e-109 9.37275e-128 9.4698e-27 0.0261586 4.28501e-47
1.65085e-32 2.20251e-54 5.84185e-39 1.66526e-13 4.82949e-175 5.12314e-121 1.41535e-207 4.18855e-122 1.10753e-34 3.8812e-52 8.43217e-87 3.25614e-111 4.83863e-43 3.6012e-44 5.25966e-65 2.45837e-126 4.91335e-89 4.96079e-86 9.3301e-140 3.34987e-106 6.32376e-127 1.8557e-126 3.57317e-76 0.0438069 1.00776e-85 1.1134e-180 1.42074e-71 9.10329e-89 5.33219e-92
1.99484e-45 1.43409e-26 2.40375e-63 8.31799e-15 6.87118e-135 1.96121e-111 6.76323e-160 1.61081e-77 2.5475e-22 8.01396e-78 1.94337e-79 3.79317e-32 0.0734865 1.51017e-37 2.70996e-19 3.17221e-132 2.36384e-63 1.64239e-111 5.98561e-139 2.90259e-74 2.39919e-169 1.15679e-127 1.94754e-26 5.91743e-16 2.60589e-114 6.46441e-198 8.82556e-96 7.42231e-63 4.93735e-50
1.79443e-41 7.10016e-25 2.44191e-30 3.52159e-08 2.70209e-84 1.19591e-125 3.52615e-132 2.67034e-93 6.18829e-39 1.41964e-51 3.56206e-43 0.0555628 1.19776e-07 1.68841e-11 0.0157469 3.49738e-157 1.19965e-97 2.34044e-119 5.36015e-75 5.10935e-121 2.76597e-178 9.27667e-100 5.89247e-34 6.95531e-05 8.27882e-77 2.6192e-145 2.31855e-21 1.01097e-77 1.01113e-78
1.02857e-19 9.54073e-67 8.2102e-08 1.37934e-31 4.68104e-107 2.01926e-102 2.20545e-209 8.19979e-138 3.56683e-42 6.45949e-13 1.80169e-51 4.27647e-100 0.0350829 1.90234e-58 0.00327503 2.2741e-123 5.34648e-87 3.98067e-75 1.20048e-146 3.90146e-33 1.83568e-93 1.39471e-112 3.47916e-11 1.99178e-27 1.21438e-83 1.70879e-167 1.42657e-52 3.42807e-71 5.8002e-74
8.87193e-17 4.73759e-85 6.81323e-07 2.28356e-63 2.02244e-162 1.02096e-103 6.82208e-107 3.18489e-57 5.13406e-45 0.100098 1.09419e-89 9.83966e-107 2.64243e-46 0.330831 1.36469e-72 8.43273e-141 5.466e-74 4.28335e-68 2.50895e-143 2.76055e-115 2.45893e-183 4.27361e-90 2.48517e-17 0.0837595 3.22666e-132 4.01085e-102 1.45421e-29 4.92405e-70 1.57761e-93
0.000140302 0.0344409 0.00142536 0.000639004 6.07829e-189 7.43144e-130 7.78875e-213 9.08843e-143 6.13557e-66 2.7781e-81 2.35913e-101 4.03519e-116 5.77061e-53 3.78113e-73 1.01572e-91 3.31683e-161 1.3446e-118 4.43256e-126 6.60013e-186 2.323e-129 8.884e-188 9.17655e-160 1.82247e-90 3.53251e-44 1.58504e-133 3.38895e-202 3.94122e-107 8.93687e-105 1.59638e-95
5.99678e-110 2.48323e-64 1.83223e-73 1.00225e-207 0.416803 0.487724 0.290493 0.274775 0.0360029 9.86535e-36 0.129935 5.10125e-98 2.51817e-17 1.44532e-27 2.2538e-26 0.55502 0.137632 0.155819 0.729246 0.0409243 0.157399 0.505659 2.34385e-60 2.2428e-05 0.283412 0.079897 0.304639 0.0426674 0.134814
