2.53496e-32 2.20316e-80 2.05273e-69 2.2986e-89 0.285 0.0954527 6.17201e-31 1.085e-41 9.61093e-36 1.05661e-43 4.45054e-46 1.11332e-46 2.58678e-48 0.120616 8.60043e-20 0.425534 3.52179e-65 4.11731e-38 0.112508 7.16031e-33 3.59411e-73 0.545363 1.43892e-17 4.83322e-59 7.13569e-18 0.192283 1.11854e-24 2.83067e-44 4.91667e-52
6.48178e-71 8.64513e-73 4.30942e-60 3.5154e-43 5.09344e-49 4.7688e-55 2.26075e-74 4.53454e-78 0.104644 2.71783e-75 2.07129e-53 1.00411e-43 2.34271e-26 9.14914e-71 4.12939e-49 9.00168e-55 1.56545e-28 0.0132156 6.67615e-33 9.2691e-27 4.97398e-36 2.87906e-49 2.74039e-13 1.06236e-54 8.07453e-25 7.06027e-20 1.20903e-24 2.16235e-48 8.2703e-94
7.52053e-65 8.64836e-46 6.59518e-61 3.99349e-53 6.18452e-81 1.28911e-56 7.76845e-14 1.27997e-17 2.96986e-64 1.61479e-75 1.52914e-21 6.04432e-24 0.0133418 5.02577e-30 2.35537e-43 1.50078e-42 2.92293e-71 3.22802e-28 1.22515e-23 0.0176864 9.72269e-30 2.65778e-26 7.10361e-74 1.08193e-10 0.0340501 1.34126e-28 1.60285e-05 1.28923e-37 2.72785e-89
3.65721e-44 1.78721e-108 1.08759e-27 2.29208e-59 1.85684e-28 1.22653e-51 0.0867945 1.22197e-19 9.39946e-46 1.10149e-33 2.41232 0.210881 0.0792358 1.51034e-09 0.288682 2.69491e-74 1.73459e-31 7.38229e-31 3.50466e-54 5.86128e-34 0.430769 7.88924e-21 0.361667 0.218309 6.42233e-11 1.56272e-14 1.59159 0.104588 0.014459
7.4706e-81 6.64279e-38 3.62153e-41 2.20958e-61 1.38704e-91 4.72049e-33 7.02478e-73 6.05278e-18 9.25657e-61 5.19593e-76 2.07845e-36 8.42891e-08 6.29263e-40 7.20342e-69 1.75465e-15 3.03644e-36 6.01943e-72 0.00102305 2.49349e-66 4.49987e-38 5.23687e-83 0.00748379 1.4691e-72 2.40004e-50 0.274727 4.52551e-06 4.91939e-29 3.63466e-06 1.03965e-96
0.000604542 0.000507478 0.000502699 0.00424342 9.69711e-95 1.30783e-103 1.3697e-76 1.04234e-88 1.5125e-73 2.75616e-117 2.44343e-65 2.84435e-65 4.3235e-55 1.2877e-89 3.62118e-59 4.21269e-90 4.82109e-73 3.99613e-50 2.9479e-89 3.78127e-59 5.57527e-86 1.70181e-57 5.85874e-80 6.35801e-72 5.62785e-40 6.75492e-72 9.078e-57 1.99635e-76 1.84816e-108
4.78263e-52 5.41581e-11 0.00231489 8.55956e-31 5.40641e-55 1.13642e-95 3.18351e-65 7.21429e-54 3.16763e-65 5.74753e-86 2.33186e-41 2.81033e-43 6.9747e-53 1.06681e-48 3.2828e-28 3.50954e-50 8.55505e-07 5.81488e-23 1.28703e-33 3.10487e-15 1.13606e-69 1.52625e-42 8.20929e-62 1.6095e-68 0.0675998 1.70137e-10 5.63421e-47 4.72894e-14 4.50635e-47
1.54111e-10 3.39592e-40 1.03077e-68 1.07273e-55 3.01404e-32 3.7152e-41 2.20162e-59 9.69258e-47 1.31859e-05 1.3132e-42 2.41691e-50 2.22469e-54 2.93185e-13 1.72161e-73 2.94267e-34 1.40975e-35 1.12062e-45 0.0344346 1.27302e-22 7.1976e-07 5.14496e-73 1.16489e-25 5.3804e-33 6.11572e-44 2.52332e-18 2.52392e-16 4.9719e-32 5.8233e-56 3.20257e-67
1.02918e-74 7.53169e-89 9.65722e-76 5.17394e-06 9.93634e-07 4.97822e-100 0.135266 0.0319088 0.0374401 0.0709116 1.46839e-31 1.39611e-28 4.47132e-13 1.03035e-75 1.8193e-13 3.08814e-28 9.17872e-40 6.03009e-07 2.49489e-52 2.49913e-27 2.67099e-49 1.13213e-49 2.30181e-59 6.77755e-13 4.26825e-19 3.85993e-39 1.39638e-17 8.92941e-06 3.36862e-26
4.42676e-74 4.12145e-63 0.000149096 2.30708e-20 6.62446e-57 3.71715e-77 1.0628e-52 3.66697e-78 4.81971e-57 1.40055e-67 5.2784e-29 8.7376e-45 1.61886e-44 3.56479e-27 1.80861e-15 2.45486e-74 0.521906 7.18114e-47 1.63232e-42 3.40065e-32 1.969e-56 9.38308e-20 6.73273e-63 1.2367e-09 1.43455e-19 2.26796e-68 7.47396e-49 2.12085e-73 3.51124e-40
