4.50853e-19 0.0146333 3.66718e-05 2.11865e-10 4.18706e-25 3.47157e-13 7.70815e-18 3.24173e-18 1.15783e-21 1.60882e-11 5.15534e-12 1.96461e-17 5.87373e-23 3.35089e-17 8.8743e-17 0.383957 4.97128e-12 8.13007e-20 5.77776e-13 7.75559e-06 6.27581e-07 6.66744e-07 2.38988e-05 3.08226e-21 2.75359e-11 4.96807e-15 1.1433e-12 2.61018e-20 1.10465e-10
4.85973e-05 2.38879e-14 1.16505e-05 0.000133328 1.29011e-21 2.75132e-10 7.17145e-30 7.3087e-10 1.07273e-23 1.80078e-25 1.25e-20 1.55534e-09 8.03481e-21 7.09717e-09 2.26063e-20 1.05929 6.33441e-16 1.99626e-08 2.48861e-16 3.79866e-05 0.00213399 1.73523e-12 9.98644e-09 3.25742e-15 0.00930879 1.12002e-08 1.94893e-18 6.87401e-22 5.67495e-16
0.0043022 1.91785e-06 0.000205236 7.79317e-07 1.6351e-22 7.21929e-12 7.67906e-31 2.47239e-19 4.64378e-25 7.00853e-26 5.1243e-16 1.39085e-18 3.9273e-17 3.86097e-08 8.30393e-19 0.0815408 2.34728e-17 5.10193e-11 4.5915e-19 1.18049e-16 2.03541e-10 1.54478e-12 2.10908e-12 3.32397e-20 1.04418e-12 1.15262e-18 1.10339e-10 7.71283e-16 7.09714e-13
1.02616e-27 1.07937e-09 6.53494e-07 0.0218711 2.6516e-20 3.08025e-11 5.50087e-19 3.80762e-16 4.29191e-27 0.0224026 3.16657e-10 6.71055e-20 4.14614e-25 0.10158 4.04917e-11 0.000771357 6.00892e-14 2.21188e-06 2.38469e-05 1.81199e-11 2.46605e-13 1.72894e-10 0.00969016 1.26498e-17 8.29424e-12 1.03769e-11 0.00401379 3.36688e-20 3.79597e-09
4.92443e-25 1.0774e-08 1.5049e-17 5.54026e-05 2.76743e-15 5.05899e-13 8.51928e-11 2.11877e-05 1.07282e-17 0.00764338 1.43394e-09 1.88695e-11 1.63245e-13 2.42315e-19 2.41778e-19 3.04373 5.89429e-10 1.36324e-11 1.62182e-21 0.000132466 0.0191125 6.77731e-11 2.83244e-05 8.60507e-14 1.21268e-13 3.35824e-17 1.05859e-17 3.03095e-09 1.70196e-18
1.09547e-26 2.19991e-33 6.538e-32 2.48249e-23 0.933585 0.00299083 0.00336056 9.21975e-08 0.00722326 1.91542e-24 0.0136723 1.31914e-14 0.0148934 1.70633e-10 0.0520432 6.10833e-08 1.04378e-17 1.06749e-09 0.0552768 4.33911e-08 0.00101467 0.0252255 9.95047e-09 0.0102462 4.05795e-07 0.0396908 1.64649e-09 1.58471e-22 8.10234e-21
1.37507e-16 0.00013904 8.36757e-15 7.981e-09 6.78269e-21 2.4136e-15 6.33929e-09 1.30668e-10 1.15443e-22 1.7355e-18 1.47572e-08 0.0531429 5.70766e-09 2.69027e-08 1.05553e-09 7.64093e-10 0.0241736 8.50005e-15 2.97341e-07 4.2636e-05 1.48814e-09 0.00406113 3.16154e-05 1.40082e-16 1.01941e-12 8.50756e-17 0.0047446 8.36392e-06 2.49776e-08
1.07054e-30 3.58852e-24 3.91316e-25 2.06766e-19 2.26515e-11 2.69119e-06 3.57846e-27 0.0326701 4.22374e-18 1.12369e-18 0.0502378 3.12557e-23 1.65947e-12 4.2964e-18 2.2514e-16 0.000608728 2.8757e-09 0.149084 6.21066e-18 9.20182e-06 2.96057e-07 3.61966e-07 6.70881e-12 0.000399344 1.65447e-05 0.0120087 0.00721725 0.0135238 0.0149202
1.35806e-10 1.18986e-09 5.41448e-15 7.90261e-14 6.33616e-26 3.5595e-26 4.21979e-21 3.47001e-19 1.64056e-25 5.61811e-17 1.2193e-17 1.48707e-13 5.34649e-21 2.03269e-19 1.80923e-23 0.0436315 2.37594e-12 2.21975e-15 1.65168e-17 3.01325e-13 2.8374e-15 3.83225e-08 4.80592e-06 2.59969e-16 4.04643e-13 4.70269e-12 1.19758e-07 5.33506e-20 1.22395e-18
4.82755e-16 1.68158e-14 0.0229146 4.99897e-15 1.77678e-26 6.74597e-13 1.90779e-24 1.28628e-09 9.70202e-28 3.57526e-24 2.08728e-10 3.28194e-14 5.87804e-13 1.37534e-19 6.17077e-12 0.196643 1.22342e-15 1.71688e-20 1.48074e-22 0.0154428 0.000124864 2.09543e-10 4.80032e-09 1.79882e-15 9.22088e-13 2.9442e-10 1.33775e-08 3.30773e-13 3.97393e-12
