1.04394e-258 4.08134e-179 2.08781e-150 1.61559e-321 1.68777e-24 2.13371e-68 2.39414e-287 5.97683e-284 6.95197e-203 9.40103e-213 5.67659e-97 9.92236e-163 2.35317e-167 1.58595e-321 1.87745e-321 6.59528e-63 2.28468e-225 1.76876e-321 3.57874e-259 1.41797e-321 1.71935e-321 4.35272e-321 1.38832e-321 2.41598e-321 0.788276 4.70777e-181
2.06519e-321 1.0516e-180 3.78265e-32 1.47726e-321 2.83594e-321 4.11533e-147 1.57113e-321 8.24827e-144 8.48144e-253 1.8057e-94 6.90657e-108 1.19048e-312 8.18995e-176 2.15413e-321 1.85769e-321 2.46852e-108 1.40594e-184 3.15708e-321 1.13154e-166 1.44761e-321 2.10966e-321 6.72423e-321 1.54148e-321 3.23613e-321 0.341386 3.18908e-06
1.91203e-321 1.51052e-274 2.55394e-45 4.18729e-202 9.79753e-240 2.91008e-86 2.00443e-282 4.11492e-13 5.70321e-183 6.26234e-296 8.26042e-47 1.36126e-05 3.28803e-145 4.21075e-312 1.39821e-321 1.50318e-13 0.0911832 2.18871e-321 2.17883e-321 1.31916e-321 1.80334e-321 6.51673e-321 1.81816e-321 2.93969e-321 7.22324e-321 7.14913e-321
3.95755e-203 1.9921e-16 1.38819e-94 9.04207e-232 3.19166e-321 1.03284e-32 3.72094e-32 8.45881e-32 5.19689e-317 1.0934e-226 2.91499e-322 1.18195e-130 2.59326e-74 1.6403e-321 1.7984e-321 4.87379e-55 6.95945e-112 2.0899e-321 5.976e-67 1.54643e-321 1.55137e-321 5.14322e-321 1.55137e-321 3.07803e-321 0.0875729 4.43334e-33
1.16579e-66 1.80819e-142 1.36016e-209 1.15939e-185 2.94463e-321 5.47782e-37 2.48551e-64 1.2788e-300 6.88796e-226 3.83826e-66 3.0138e-322 5.15426e-206 4.07936e-278 1.37225e-207 2.20847e-321 0.341682 3.08774e-85 2.54938e-321 3.67195e-284 2.00591e-321 2.31223e-321 9.24397e-321 1.92192e-321 2.92487e-321 8.86484e-200 2.61001e-215
4.89993e-30 1.71426e-293 2.57902e-321 1.80334e-321 4.06825e-178 2.15323e-251 3.49542e-245 5.33515e-281 3.6826e-115 1.28712e-13 1.53768e-212 1.43529e-77 2.42553e-243 2.73297e-230 2.40116e-321 0.459606 3.88919e-89 2.09484e-321 2.15257e-299 1.5316e-321 1.8231e-321 5.09382e-321 1.55631e-321 2.69266e-321 7.64227e-262 2.03888e-227
2.69755e-96 2.7615e-168 2.51925e-262 1.16682e-127 1.17376e-275 1.70097e-23 6.54768e-36 6.66989e-322 7.48292e-276 4.58705e-300 6.0239e-78 1.0786e-224 1.00431e-230 1.98614e-321 1.60077e-321 1.99301e-238 0.516967 2.65313e-321 2.52468e-321 1.83792e-321 2.08496e-321 6.74894e-321 1.81322e-321 3.4634e-321 0.677076 6.78932e-67
0.000222493 0.00021337 0.00130388 2.7243e-05 0.00179831 0.000821955 0.000108833 0.000302724 0.000625097 0.000159003 0.00013776 0.000397066 0.000958672 9.88131e-324 9.88131e-324 5.81597e-252 1.4822e-323 9.88131e-324 4.94066e-324 0 9.88131e-324 2.47033e-323 9.88131e-324 1.4822e-323 2.47033e-323 2.47033e-323
4.84242e-125 1.34386e-321 2.51479e-321 1.23579e-285 3.77466e-321 4.20721e-266 1.55631e-321 1.15281e-89 4.32541e-49 2.40116e-321 4.496e-322 5.77284e-134 2.29741e-321 1.37645e-63 4.47623e-321 1.20175e-63 7.19876e-143 4.01976e-212 0.122954 5.48907e-321 2.93969e-321 1.01629e-320 3.74008e-321 4.85172e-321 1.85275e-320 1.75047e-320
4.27578e-262 8.47243e-32 7.95845e-252 2.48936e-301 3.66529e-237 1.1129e-36 0.00062408 1.33175e-157 0.00486727 5.2555e-11 1.08059e-224 1.15611e-321 9.92947e-136 1.65512e-321 1.44761e-321 0.460955 3.10348e-131 2.46539e-321 3.62122e-273 1.69959e-321 1.91697e-321 7.38628e-321 1.71935e-321 2.55432e-321 4.68143e-196 3.60489e-48
0.000691452 0.000460164 0.000329548 0.000600504 0.0003357 0.000955047 0.000494014 9.243e-05 0.00162091 0.000585268 4.34625e-05 0.00025759 0.000157 0 0 6.30312e-253 9.88131e-324 0 0 0 0 0 0 0 0 0
3.99527e-78 1.97403e-171 1.55349e-131 9.06599e-10 5.27e-12 2.54621e-137 1.6897e-321 7.80624e-322 4.55848e-128 3.60633e-11 4.14816e-75 5.01844e-190 3.14945e-85 2.16401e-321 2.01085e-321 0.0559782 5.97542e-212 9.18816e-233 1.5006e-39 2.70748e-321 1.80334e-321 8.65603e-321 2.42092e-321 2.8804e-321 9.37684e-281 0.570174
2.01579e-321 1.77864e-321 5.70539e-32 1.64524e-321 4.97524e-321 6.72423e-321 3.00886e-321 1.16599e-321 7.00091e-321 6.97075e-169 3.90312e-322 2.65083e-91 6.18137e-299 2.00965 2.42547 1.96406e-47 8.39226e-192 2.14417 1.44413 3.5754 2.90322 6.48512 2.15566 3.92182 0.27521 5.06951
1.00669e-162 5.53997e-234 6.41947e-125 1.40981e-299 3.2464e-275 4.20191e-181 3.84338e-75 1.74567e-62 1.21356e-147 1.42113e-309 2.24678e-75 4.61841e-32 4.03437e-69 1.92686e-321 1.48714e-321 0.41855 2.44705e-257 1.73417e-321 1.34664e-88 1.3735e-321 1.81322e-321 4.40707e-321 1.25493e-321 2.27764e-321 1.46339e-196 1.24334e-150
