6.5488e-64 5.61592e-101 1.22923e-05 1.06847e-159 4.01173e-187 3.66091e-64 7.55574e-135 1.85973e-22 6.91441e-191 3.83788e-199 1.41356e-16 1.42989e-28 0.210047 7.51025e-20 1.30371e-07 3.20059e-97 2.75169e-134 6.52064e-21 3.4071e-10 1.88085e-83 8.57051e-73 3.14894e-14 6.01725e-120
6.84923e-109 3.67908e-105 9.22978e-55 1.89162e-83 2.88927e-73 5.25022e-89 6.58277e-102 0.141188 1.36801e-155 5.02633e-197 2.46577e-43 2.4582e-31 5.07898e-33 2.15044e-07 1.95097e-30 0.0921082 1.7659e-166 2.61699e-66 2.42753e-143 4.15882e-14 2.46736e-61 1.54198e-111 2.13179e-140
3.51225e-133 1.42758e-27 4.74682e-68 4.21132e-75 1.26708e-121 0.189607 6.87964e-38 1.85347e-150 3.62998e-63 1.53108e-74 3.43817e-95 6.50548e-77 1.4306e-87 0.101091 0.00799528 1.68218e-64 2.59994e-78 3.67418e-27 9.23421e-156 2.41671e-14 6.86723e-121 3.46325e-114 1.70786e-37
4.42642e-20 3.80661e-116 8.02617e-69 3.1552e-124 1.62786e-134 8.48202e-82 6.98283e-101 7.98721e-39 7.71753e-132 3.07778e-200 6.42737e-88 5.21388e-115 4.77662e-82 0.0275756 2.92785e-43 1.44509e-80 1.4259e-111 1.93421e-73 6.29161e-138 3.35138e-26 3.23112e-132 2.92526e-101 1.34932e-72
5.80444e-33 1.2678e-29 0.246328 9.85314e-163 3.39466e-52 4.29148e-64 0.174661 2.62566e-143 8.87288e-124 8.07673e-197 3.3411e-25 1.04555e-47 1.80467e-48 3.04083e-26 7.36257e-85 0.000179727 1.41879e-48 3.19022e-10 3.88036e-163 3.47656e-107 8.15903e-45 6.54364e-106 1.70582e-55
5.66753e-28 1.42845e-07 1.3174e-43 8.22209e-179 1.81384e-34 3.09742e-61 4.80462e-76 1.10106e-105 2.64269e-39 4.56168e-111 1.58863e-27 1.6247e-150 1.32087e-62 0.0351879 6.97887e-49 1.3997e-87 4.10153e-70 0.124933 3.64293e-31 1.95445e-106 1.49126e-18 9.07433e-154 5.12651e-47
8.03086e-14 1.76125e-47 7.48233e-26 0.0142812 0.282457 5.92613e-10 1.19928e-139 2.33264e-101 2.42346e-51 0.388058 2.04015e-06 8.71449e-67 6.50133e-14 8.25037e-34 1.75745e-83 1.80704e-123 0.388968 1.75683e-68 3.73123e-29 2.65527e-94 9.91202e-58 6.2477e-112 1.50485e-44
1.58259e-70 6.01969e-75 1.40505e-132 4.87928e-145 2.94805e-71 2.0086e-85 1.84436e-141 1.23136e-133 8.86698e-109 8.66292e-51 6.52918e-90 2.6102e-53 1.02261e-29 1.75329e-81 1.74309e-29 3.02413e-59 3.1019e-33 5.94654e-66 2.90086e-149 1.7765e-09 6.38106e-43 0.127943 0.142313
7.04798e-68 3.03803e-68 3.69804e-92 1.14741e-187 1.44742e-83 4.49815e-67 1.73837e-71 1.80059e-60 1.08398e-167 5.02059e-133 1.26958e-86 2.64334e-114 1.25882e-55 1.50348e-132 0.0509058 1.83773e-89 1.24708e-189 1.56046e-39 2.16193e-155 3.7186e-17 3.26705e-174 5.18824e-62 2.82799e-136
7.32588e-130 1.96514e-111 4.67944e-80 2.47928e-88 1.88771e-97 3.09634e-97 6.69296e-96 9.87699e-130 5.30529e-119 1.20834e-116 0.400995 1.22327e-116 2.05669e-36 2.89673e-103 2.37571e-48 6.26434e-115 9.2297e-81 1.63301e-67 4.62879e-55 5.76892e-08 3.32482e-200 5.28473e-67 4.02814e-88
4.61212e-112 3.38898e-30 1.00953e-166 2.63711e-82 8.18026e-154 3.94826e-78 2.71754e-165 4.97889e-84 9.60736e-76 2.95888e-184 0.276355 7.28782e-54 7.96594e-18 5.91922e-113 7.92892e-28 1.0104e-140 9.83818e-207 8.27609e-25 7.08511e-83 7.96947e-94 9.23874e-133 1.20246e-68 5.34872e-143
2.80526e-41 0.0986054 1.15666e-132 1.00683e-94 1.57003e-130 1.16339e-31 7.5672e-184 2.63107e-166 4.26473e-154 5.48403e-173 9.83877e-53 2.97965e-69 0.167156 1.50638e-79 2.46315e-52 5.79045e-19 5.76185e-204 2.13885e-45 2.02454e-117 1.17597e-31 1.14711e-186 4.52553e-131 0.0242245
0.202917 1.30584e-33 2.74932e-46 4.84534e-196 3.6985e-114 2.40296e-43 5.01413e-158 8.47854e-134 1.79065e-20 4.33125e-160 0.0663698 0.177881 4.88835e-47 9.84665e-39 8.99124e-75 0.278692 5.57943e-113 8.78259e-14 3.62805e-79 2.15728e-40 5.7961e-70 6.63581e-149 0.00652781
4.16652e-74 2.08953e-61 1.62467e-196 1.22702e-158 5.64277e-46 8.81125e-20 3.73166e-92 8.2616e-41 2.71646e-67 2.65704e-206 0.114704 2.60279e-87 3.37278e-57 4.14663e-75 1.49029e-53 4.04388e-145 5.96699e-215 3.34041e-79 3.22622e-119 7.16424e-24 4.35707e-152 5.03854e-90 2.11239e-66
4.82756e-25 8.49055e-47 1.84961e-159 8.28351e-191 1.09662e-117 6.67823e-51 6.82331e-173 2.63542e-100 4.71609e-82 4.76285e-142 0.476204 8.99339e-61 1.93566e-76 1.54917e-43 6.52426e-05 5.36155e-169 8.02873e-158 5.1332e-37 2.39136e-165 7.3352e-36 1.35771e-98 1.95114e-65 3.66517e-67
5.49403e-59 1.89125e-51 5.01523e-53 3.36368e-75 3.87175e-120 4.13023e-13 4.75672e-147 2.71539e-113 2.66732e-160 2.82382e-106 0.0599522 1.88993e-113 0.118485 1.53808e-28 4.64753e-31 2.8685e-135 1.48787e-128 7.41408e-24 5.74616e-47 0.134928 2.75848e-164 1.20068e-128 4.19224e-47
4.97157e-09 0.00802246 6.67561e-63 0.726067 4.60587e-116 3.84362e-11 0.0336203 3.21914e-39 0.557413 6.89997e-125 1.94283e-72 2.8756e-71 2.04856e-65 7.4965e-152 4.51037e-34 1.86971e-136 1.12096e-09 1.68528e-53 0.123646 6.59961e-65 0.0647542 4.33672e-109 1.2977e-52
