0.03013 1.13675e-14 1.50738e-112 1.42824e-88 1.39718e-100 3.74889e-164 1.86787e-08 0.158054 1.77785e-170 1.454e-112 2.63484e-89 4.01883e-30 6.62376e-128 0.0407358 0.0278133 4.17765e-64 8.24234e-41 1.91908e-113 2.3787e-128 9.2335e-36 5.31858e-68 3.05632e-92 7.1593e-81
1.45824e-63 2.49385e-09 1.43425e-96 1.21372e-60 3.13934e-17 4.90846e-162 2.77554e-28 1.60487e-124 1.69328e-109 7.28525e-76 3.38498e-26 1.11874e-98 3.21814e-84 4.84196e-168 0.0992541 3.07196e-200 2.16232e-36 8.81725e-07 1.77779e-79 5.0727e-33 2.96367e-91 3.34846e-55 0.265019
3.3567e-39 4.57002e-12 2.46668e-139 0.0941151 2.50463e-64 1.04111e-161 1.35667e-23 1.64318e-48 7.50336e-169 2.32786e-97 5.51063e-85 1.07707e-139 1.64942e-93 3.02996e-51 8.47288e-74 2.73457e-119 0.118168 7.46396e-106 2.97889e-48 1.89724e-74 0.0777202 1.31927e-44 1.34903e-124
3.33997e-18 1.54082e-83 1.38498e-52 2.56261e-86 1.15383e-110 2.35912e-94 5.11034e-23 6.9605e-54 4.71424e-176 1.55336e-73 4.95496e-98 4.28625e-166 0.000812668 9.0042e-83 3.59192e-25 1.2148e-204 8.50511e-75 1.01518e-45 4.80614e-130 4.52642e-70 1.3682e-26 2.45029e-74 2.20953e-34
2.26418e-35 0.0131539 1.05028e-111 1.40857e-134 9.85216e-59 2.73657e-39 3.56119e-41 0.0650077 3.10377e-181 5.3008e-117 2.50626e-30 4.26407e-109 2.90527e-143 1.0282e-125 3.36835e-44 4.82999e-75 9.4249e-129 0.159328 2.68479e-77 1.57013e-57 4.56226e-125 6.98979e-86 6.25045e-105
8.09672e-95 2.41512e-06 5.48506e-153 1.39711e-170 9.58225e-142 7.97415e-157 1.58111e-76 0.000648645 6.33435e-148 1.81551e-137 0.122781 1.48997e-150 2.90325e-109 8.48162e-12 1.02122e-29 2.0556e-87 3.29656e-39 0.00313442 4.27701e-37 2.3229e-05 6.21874e-107 1.45687e-82 2.21224e-92
8.18194e-22 3.2043e-31 2.64565e-96 2.97682e-55 1.02441e-105 0.656533 9.08569e-51 1.76352e-44 1.10072e-198 3.50818e-132 2.71957e-24 3.83875e-106 0.162398 1.63509e-103 6.89774e-35 1.41541e-60 0.0278865 2.29235e-111 7.63847e-72 0.75723 3.51261e-35 7.8223e-82 2.21596e-93
1.43683e-16 5.38729e-84 0.284064 3.19605e-178 1.46198e-108 2.99774e-152 2.58199e-91 1.87352e-118 0.771107 0.163169 0.0448142 7.39135e-59 8.03821e-94 0.347738 1.79005e-40 0.409186 2.05556e-149 3.74328e-50 6.66037e-97 7.14896e-83 0.239544 5.29233e-128 2.6698e-80
0.142849 4.38759e-19 3.08051e-99 1.45944e-135 1.10128e-75 1.32082e-32 1.4993e-49 1.16213e-15 7.45479e-79 5.67814e-61 9.12079e-39 1.29806e-128 2.67945e-155 4.10244e-181 1.31741e-15 9.69518e-195 2.14446e-16 7.85118e-92 6.58047e-30 1.4349e-60 2.64872e-130 0.149253 7.66956e-74
4.67299e-07 3.56287e-27 2.338e-142 0.00392674 0.00528323 1.87799e-115 1.17233e-82 2.04699e-35 4.9294e-153 8.33077e-120 1.47607e-89 1.95551e-12 3.70982e-104 0.00122909 2.97512e-100 8.54953e-215 6.66709e-51 3.99349e-91 8.04749e-73 2.48394e-61 2.42894e-42 0.154974 3.31253e-108
4.62634e-22 5.00388e-45 1.47025e-102 5.00143e-121 2.12814e-125 6.0375e-113 3.95608e-61 8.90436e-05 9.54742e-228 7.36535e-92 0.039062 2.88422e-126 5.37262e-42 5.50856e-108 4.60462e-99 7.95989e-69 3.39706e-58 1.13163e-61 0.051554 7.44717e-40 1.4449e-16 6.98951e-15 5.85176e-05
3.33212e-58 0.207156 1.25199e-118 2.40414e-28 1.5872e-19 6.13907e-116 1.83012e-35 4.11905e-125 1.26268e-123 2.1115e-52 1.57191e-68 1.82899e-109 3.41879e-91 1.92264e-193 5.99995e-76 2.30955e-93 1.1597e-68 1.59917e-09 2.85726e-138 6.49115e-77 6.06947e-87 4.16126e-128 7.77976e-118
2.32178e-49 1.14448e-68 2.29458e-95 2.57197e-83 0.220531 7.8811e-163 0.0302705 4.44613e-99 1.63103e-91 6.07059e-42 9.30571e-20 1.06161e-65 1.75105e-66 3.24651e-27 4.46758e-90 1.42494e-61 2.88476e-64 4.08245e-100 1.28096e-11 4.73935e-25 9.28361e-138 1.22817e-08 3.20707e-82
5.63828e-37 0.0231279 1.27948e-62 1.5534e-29 3.34843e-123 2.91203e-129 1.31499e-91 6.19622e-116 1.57656e-189 7.72987e-46 4.85822e-28 1.05012e-97 1.35731e-10 6.23001e-71 1.64937e-33 3.35499e-93 3.88756e-90 3.21745e-74 0.0695128 0.063604 1.09957e-127 8.44437e-117 9.27202e-89
0.412039 2.73092e-43 1.66798e-140 4.15804e-15 4.58306e-27 1.26791e-170 2.20469e-33 4.97657e-15 7.77154e-111 3.18224e-59 2.25719e-99 0.139188 1.06252e-163 5.09108e-139 5.07671e-114 2.28321e-85 3.87311e-50 1.3298e-18 1.27976e-38 8.35288e-80 7.72395e-13 2.97205e-94 3.08646e-06
4.08412e-60 1.29087e-69 7.05922e-150 1.67413e-136 6.64946e-140 2.65502e-155 2.09821e-53 1.86348e-76 1.42314e-172 4.55235e-102 5.14285e-65 6.92199e-182 3.60516e-157 1.7217e-167 5.5414e-94 6.58948e-225 1.79657e-137 1.84853e-96 2.38179e-136 3.51788e-77 2.66886e-115 6.55114e-143 1.19352e-79
1.09696e-72 8.54539e-52 3.52168e-102 2.39442e-183 1.22147e-73 3.03394e-179 0.0545586 5.06873e-84 1.6235e-133 4.59387e-83 2.76216e-85 5.50515e-105 5.099e-94 1.64412e-151 2.37307e-107 1.1221e-155 1.19488e-32 4.93791e-82 2.01049e-111 3.09161e-41 0.0100128 9.61543e-122 3.18534e-76
