4.60022e-104 2.42586e-321 8.08735e-287 8.64712e-221 7.03682e-281 1.04725e-38 3.30584e-191 2.3874e-07 3.28554e-321 1.24642e-294 1.00326e-225 5.81993e-312 4.37109e-292 3.1865e-09 4.52441e-90 0.205228 2.03441e-146 0.221024 9.76263e-176
2.91499e-322 2.4976e-79 0.000131985 7.52701e-63 1.46985e-320 3.80925e-321 0.295989 3.40411e-321 2.5906e-160 3.96241e-321 0.747568 2.03555e-321 1.87211e-279 1.86503e-283 6.70477e-249 5.1251e-189 1.19925e-319 1.94101e-117 3.0138e-321
5.32609e-46 8.6895e-252 1.07827e-300 6.86323e-82 9.72815e-321 4.73124e-16 1.51873e-147 6.63339e-280 6.08924e-231 9.30845e-97 3.71413e-08 9.30741e-189 1.3241e-321 1.5153e-10 3.13732e-321 6.45249e-185 0.456522 2.38792e-249 3.29515e-297
3.16828e-178 2.27464e-67 3.21499e-244 4.79729e-148 5.84303e-169 1.10094e-55 3.67907e-53 5.47202e-101 9.47239e-200 2.50767e-230 0.0560655 7.92068e-211 2.03555e-321 2.19829e-09 0.859755 1.79458e-154 6.96745e-210 1.68437e-17 2.8557e-321
2.3676e-189 1.86734e-307 1.24425e-92 2.32306e-217 9.40701e-321 7.20863e-318 2.04709e-22 4.44165e-321 0.99326 8.16991e-184 3.2623e-108 3.25589e-321 0.000450821 6.982e-87 4.1817e-276 1.4674e-14 6.29926e-221 2.92779e-63 0.886094
3.55727e-322 3.2943e-151 1.21248e-166 2.55387e-36 1.34152e-196 2.27135e-89 8.00551e-260 1.38581e-291 8.84875e-152 4.28849e-321 1.12468e-268 1.44446e-80 1.84286e-321 0.214322 1.13872e-214 2.19691e-66 1.87631e-146 4.38674e-26 4.28735e-265
4.19421e-109 8.81548e-99 4.25994e-36 4.11618e-09 1.70062e-94 5.88488e-129 0.110498 1.37186e-285 2.06519e-321 3.51281e-321 1.84942e-287 1.39821e-321 1.46737e-321 2.50767e-155 1.39765e-276 1.07321e-287 4.86469e-271 1.18731e-165 1.43279e-321
0.000526561 0.00330089 0.00197099 0.00403509 0.0220337 0.00580649 1.4822e-323 2.47033e-323 1.4822e-323 1.97626e-323 4.15385e-296 9.88131e-324 9.88131e-324 1.02879e-313 1.4822e-323 1.69042e-299 9.88131e-324 7.04893e-261 1.4822e-323
1.56001e-236 1.12972e-165 1.29063e-285 6.89672e-242 1.34929e-320 9.19973e-26 2.06025e-321 1.16623e-306 3.51775e-321 2.1108e-206 2.68568e-272 2.01579e-321 3.7196e-252 1.54429e-97 2.76364e-99 7.81225e-32 1.96144e-321 0.864436 2.05037e-321
2.17258e-17 5.71126e-26 2.29368e-35 6.56102e-318 1.32755e-320 6.31284e-179 8.60628e-29 0.272868 3.22029e-179 0.386607 4.17317e-07 1.2671e-132 2.03061e-321 2.36227e-132 3.24107e-321 3.18618e-168 1.36394e-72 6.21046e-231 2.49503e-321
1.9056e-76 1.36757e-192 1.21886e-160 4.54566e-224 2.01695e-191 3.74008e-321 0.0559824 0.397787 2.29336e-301 3.60668e-321 2.40976e-77 2.29765e-207 3.51958e-192 6.10579e-97 1.0787e-142 1.00323e-271 1.00459e-256 7.80901e-19 1.6897e-321
3.91536e-84 6.50496e-271 1.60571e-321 9.10671e-89 8.90724e-203 3.50787e-321 1.68773e-246 1.28767e-39 2.99898e-321 2.44005e-154 2.26833e-66 2.23318e-321 0.636637 0.0265186 3.36953e-321 1.24593e-05 4.32536e-121 1.83309e-83 2.64492e-102
6.44624e-142 2.46045e-321 4.83075e-46 3.82434e-259 1.44475e-296 5.44227e-190 2.18101e-124 4.24391e-35 5.9776e-79 4.13261e-172 2.93072e-157 0.65809 2.15413e-321 7.96097e-309 2.45286e-51 0.106973 3.27161e-292 3.38476e-223 8.92463e-269
1.14024e-36 2.06533e-169 1.14313e-201 8.3675e-184 9.79607e-266 4.22285e-114 8.48854e-103 3.75298e-235 1.10744e-278 3.41893e-321 3.39369e-116 7.53141e-143 4.57602e-231 0.316998 2.66321e-205 2.14227e-122 7.43515e-163 8.47196e-172 1.55137e-321
3.26083e-322 3.81164e-180 0.00246584 1.08776e-17 2.52049e-212 2.05841e-175 2.01579e-321 2.134e-196 2.39622e-321 0.521841 1.80298e-245 2.21245e-309 1.88733e-321 8.05171e-121 1.04569e-289 1.63439e-295 0.0490351 1.12806e-29 1.72429e-321
