3.34927 0.159897
1.35097e-26 1.38324e-09 5.23541e-177 1.23563e-141 3.42126e-175 5.6051e-101 1.65018e-321 3.06072e-120 2.19784e-214 3.62239e-239 1.15754e-113 1.68543e-73 9.13214e-132 2.27393e-150 6.55918e-78 9.77795e-117 6.33442e-188 2.61002e-48 6.78361e-93 0.0496467 1.37584e-198 8.21884e-197 4.15355e-70 3.16465e-30 1.19391e-36 2.75189e-140
5.0549e-179 0.442194 2.3382e-118 8.28858e-35 1.18637e-174 1.51207e-72 1.56619e-321 2.12752e-151 1.4299e-234 9.33756e-242 4.6536e-114 7.64535e-19 3.76488e-119 7.1317e-32 1.70807e-50 6.90961e-195 1.33242e-136 1.25868e-147 4.36627e-204 1.7518e-32 2.56914e-322 2.64647e-95 2.10646e-118 6.07997e-179 4.89105e-119 3.12294e-115
2.75774e-160 8.91728e-75 0.000240077 7.02617e-59 8.99372e-123 0.152873 1.53597e-212 1.9454e-147 4.47977e-248 1.67008e-165 0.0681992 1.97998e-55 5.64594e-131 0.289298 2.00522e-34 8.33882e-55 1.09038e-227 6.92096e-106 2.1101e-91 5.79859e-13 2.11435e-241 1.09848e-142 0.125228 7.53041e-166 2.06398e-20 3.09046e-183
7.12547e-155 0.356575 3.71441e-18 1.26168e-133 1.94086e-180 2.8959e-120 1.49208e-321 2.39656e-186 5.82323e-166 2.84907e-300 3.80933e-175 0.019744 1.45367e-169 6.83027e-75 8.6329e-73 2.62122e-167 4.16853e-215 5.41054e-145 5.05437e-239 0.0815837 1.73809e-278 1.37829e-179 2.06121e-64 5.38067e-154 1.03908e-121 1.0791e-96
0.155308 3.35664e-22 0.199404 6.0541e-60 1.61193e-164 9.86629e-16 1.94625e-191 5.86156e-56 1.75795e-112 3.4523e-243 2.42779e-146 1.56289e-107 8.10755e-87 1.03374e-17 0.400666 1.79074e-131 6.1043e-83 7.49578e-83 7.54571e-142 1.0602e-27 3.11371e-207 4.83141e-206 3.71192e-30 1.88433e-91 0.229133 5.9365e-105
7.03722e-150 1.17079e-30 4.73314e-93 1.12078e-118 3.48455e-262 5.1718e-42 1.68476e-321 2.69941e-209 2.71738e-155 3.53226e-312 7.76786e-144 0.0323507 7.13269e-108 1.65643e-62 3.36286e-73 3.90349e-163 7.10104e-199 1.5143e-151 1.46957e-179 1.14091e-96 7.88324e-311 1.24517e-103 5.34055e-62 5.91205e-127 9.2399e-97 9.16018e-142
2.88417e-162 2.48633e-85 4.27853e-150 4.36649e-159 7.52885e-271 1.74623e-125 3.45846e-322 4.78533e-267 7.34625e-274 2.12448e-322 1.28415e-210 1.09334e-121 1.20176e-183 4.57221e-130 3.70195e-137 8.25632e-195 6.75238e-215 3.37606e-146 5.53752e-209 3.93456e-112 8.72372e-314 1.48187e-201 1.30691e-149 1.1693e-166 2.43971e-126 3.46251e-207
9.8983e-39 7.62138e-69 5.14692e-29 0.11097 2.39971e-145 3.02297e-107 1.62548e-321 1.21719e-148 6.1847e-168 9.63742e-253 8.63185e-126 5.23611e-94 5.07859e-172 7.53287e-104 5.84234e-50 8.81197e-164 7.11193e-145 2.53658e-122 9.76304e-145 1.50332e-61 3.73677e-283 4.21913e-199 1.18253e-61 8.5286e-35 5.23597e-126 5.11487e-176
7.29205e-67 0.0387235 3.88166e-49 2.06391e-43 5.18235e-179 1.42081e-132 2.05269e-235 1.7534e-255 1.23281e-141 6.93113e-235 2.06062e-175 5.6563e-80 4.41514e-161 1.27631e-48 1.87747e-128 3.12203e-76 3.52817e-156 4.46952e-77 3.64125e-185 0.00412592 5.1288e-277 1.22319e-209 7.44841e-103 1.16372e-15 1.33277e-64 3.10391e-169
3.29606e-50 3.71619e-81 4.14245e-50 0.244385 1.48295 5.32712e-68 0.846326 0.259276 0.901049 0.429369 1.79868e-184 2.03691e-121 1.20896 0.00163739 8.49383 0.441426 0.112251 5.03084 3.02518 2.83449e-34 0.135748 0.283451 9.54547e-84 0.40571 2.4295e-115 0.434586
5.46238e-20 0.000133676 6.77092e-83 7.01458e-98 3.95529e-187 4.87208e-131 7.30769e-268 7.31866e-174 8.46578e-185 8.49793e-322 8.82937e-40 0.335839 2.90378e-145 3.52626e-44 1.70225e-27 2.81351e-108 2.49515e-162 1.14776e-99 5.1122e-158 2.24175e-18 2.62894e-252 2.05023e-135 7.06781e-161 6.85701e-85 1.66337e-45 1.64047e-136
