1.4864e-32 4.70476e-38 0.0541393 1.83721e-15 2.22825e-10 2.41536e-10 4.5471e-38 2.48101e-55 1.29468e-20 2.12564e-13 3.35601e-68 3.42015e-20 1.3638e-38 1.13593e-71 1.64945e-30 1.66766e-21 1.25078e-32 7.60865e-06 1.40909e-17 0.0279084 1.12891e-37 1.29025e-15 2.56704e-18 3.10509e-12 1.14586e-50 2.57635e-28
0.0660451 8.69935e-15 7.54296e-20 2.83006e-15 0.0227496 3.07876e-28 2.13136e-16 2.27179e-33 1.99442e-39 5.95328e-28 0.14349 2.79571e-07 8.08764e-58 0.111728 1.19658e-30 2.28376e-47 0.11353 1.91387e-08 1.92988e-08 9.63895e-07 8.38578e-45 2.46271e-29 6.77389e-24 2.31205e-41 0.183096 1.35429e-07
1.68494e-53 1.69208e-22 5.56682e-21 5.47866e-13 1.21222e-13 3.4122e-22 1.73216e-40 1.1365e-50 3.77054e-40 2.34746e-27 8.64883e-67 0.0408369 8.86119e-45 6.88163e-68 4.58281e-49 4.11728e-47 2.91558e-73 8.64068e-13 1.09296e-25 1.0266e-17 4.97184e-45 2.66198e-38 8.15557e-37 1.93815e-45 5.67377e-59 4.39283e-49
4.25564e-51 2.98785e-23 8.01705e-23 0.13735 3.00098e-10 2.11e-09 2.66153e-30 8.31618e-50 1.7255e-27 5.92539e-09 1.91073e-49 4.7354e-07 1.29906e-54 4.8837e-52 8.99318e-30 2.55743e-50 3.36527e-61 0.000138098 2.49907e-16 9.11145e-22 1.96736e-46 1.97701e-41 2.20784e-60 6.09583e-45 9.73912e-55 3.06515e-50
2.54894e-42 1.08397e-08 4.85734e-11 1.76426e-15 0.0762617 0.0796618 4.6169e-41 0.144167 2.39721e-26 1.26122e-21 1.75235e-33 9.6925e-11 0.133081 1.02662e-41 0.0714677 7.57453e-36 3.70827e-20 5.40533e-06 0.028408 0.000222564 0.0166405 1.75331e-23 0.0531571 0.0235886 3.32766e-26 4.85024e-21
1.84396e-72 1.89372e-39 8.65758e-33 0.0403418 1.86763e-16 5.77283e-17 2.55064e-43 2.8298e-63 4.10936e-44 9.18166e-23 1.74636e-59 2.02689e-12 1.22603e-48 8.75827e-69 6.92227e-48 3.51809e-54 3.48911e-60 6.91234e-21 1.15061e-18 1.26885e-44 1.02379e-32 1.39731e-31 2.818e-57 1.69459e-38 1.29577e-72 2.0009e-46
2.35555e-34 1.69861e-15 6.86302e-30 0.00279184 2.55177e-13 1.00277e-09 0.0490375 3.82488e-25 0.0195629 0.129865 2.12226e-52 0.12883 1.20154e-11 5.36907e-56 3.55168e-22 0.0719103 3.37516e-69 2.37244e-22 4.40623e-32 8.77008e-08 1.18717e-12 0.220296 1.56357e-44 8.84044e-45 7.0222e-30 0.0458645
9.95745e-66 0.0137017 2.80266e-07 1.50004e-09 0.0178028 8.23445e-37 1.56611e-36 3.14691e-24 2.3519e-32 1.15419e-17 1.09832e-76 2.05058e-07 6.45439e-58 7.37612e-73 3.98858e-27 7.55624e-57 6.77931e-82 4.28371e-31 0.0327188 8.38806e-12 4.23169e-19 2.69495e-39 1.27965e-56 3.68389e-14 6.82186e-48 1.9346e-16
4.3964e-45 8.56334e-13 0.00418182 0.0344656 2.73557e-27 3.51856e-18 4.11068e-26 9.01414e-49 7.89116e-37 1.68556e-16 1.6698e-65 2.28215e-21 2.00402e-20 6.47742e-40 1.0762e-50 3.1822e-47 1.53744e-61 7.11411e-25 6.97143e-11 7.47876e-36 5.4964e-44 1.43462e-46 1.26381e-47 6.24102e-23 1.45506e-33 1.45283e-25
3.75615e-35 4.76573e-25 5.64051e-18 1.67457e-17 1.06725e-16 5.89525e-19 1.83629e-39 1.8103e-73 5.54587e-36 1.4087e-20 3.37331e-54 1.70888e-17 4.31451e-33 4.20214e-59 6.98649e-42 7.03758e-32 1.1928e-70 4.00325e-36 2.20665e-09 1.96111e-05 6.1728e-21 1.17752e-26 0.00280487 5.95301e-14 1.93496e-52 7.21685e-33
2.51762e-71 0.012031 4.78125e-16 7.59245e-19 1.41089e-21 2.94401e-11 1.30992e-33 2.43746e-66 6.23996e-44 0.00381225 1.56891e-77 5.84347e-18 2.32422e-27 4.51604e-69 1.69732e-48 1.28145e-28 4.5565e-57 0.0058271 2.92901e-24 2.54233e-24 1.99445e-33 1.82711e-26 1.46448e-09 2.33845e-21 1.81372e-62 2.65636e-49
