3.62306 0.244897
8.33067e-46 3.73556e-123 2.48453e-207 8.41527e-217 5.53116e-158 1.35913e-199 7.04242e-56 6.17582e-322 6.66462e-175 6.97099e-116 3.97043e-299 6.55775e-161 8.39912e-322 2.43586e-281 8.45687e-43 4.27861e-321 2.87761e-179 1.00387e-134 2.99305e-87 4.35831e-99 1.57113e-321 5.80219e-86 2.06838
0.0263077 2.77573e-143 5.86849e-232 2.28239e-96 8.22906e-29 5.93131e-111 1.29136e-154 3.7355e-215 2.84102e-207 1.12849e-67 1.86466e-253 1.39723e-169 1.20058e-321 3.38929e-321 2.19571e-173 5.86147e-234 2.09195e-157 3.42966e-149 0.0431796 2.97355e-202 1.82994e-280 2.4793e-105 1.28158e-145
2.04419e-76 7.10184e-23 7.34666e-128 2.02257e-214 3.28867e-106 3.48855e-163 2.10027e-130 8.67264e-237 3.72864e-109 1.64898e-146 3.76478e-321 8.13818e-208 9.53547e-322 3.19166e-321 1.21305e-80 1.13223e-291 3.81677e-283 2.74564e-157 7.82691e-160 1.23527e-226 1.55137e-321 0.873447 7.4196e-195
1.33432e-202 1.75913e-130 2.97266e-79 5.80221e-172 8.23393e-18 1.75139e-183 2.73748e-39 6.12641e-322 3.70708e-195 3.23202e-160 3.74502e-321 1.0919e-180 8.15208e-322 3.00886e-321 0.0124266 5.72868e-179 4.38969e-207 0.0750417 8.97015e-25 1.83814e-126 4.06398e-273 3.37048e-96 1.47739e-175
1.02766e-321 1.68649e-171 1.77594e-305 8.64615e-322 5.72398e-198 5.9914e-310 7.10821e-92 0.253814 1.53313 3.88134e-121 1.88949 0.920243 1.15747e-272 6.73324e-220 1.91308e-147 1.91574 0.166224 3.91045e-248 1.36204e-183 3.92354 2.91499e-321 4.55517 6.73472e-117
1.99897e-112 3.12703e-113 1.59947e-91 1.4806e-84 5.84411e-113 6.12124e-11 6.15762e-39 6.66989e-322 3.76739e-116 6.38431e-38 1.95697e-300 4.78154e-251 1.02766e-321 3.09285e-321 0.342199 5.22721e-321 8.9356e-179 1.09758e-27 3.71535e-81 3.04431e-235 1.76876e-321 0.0159428 8.58812e-116
3.80082e-145 2.80397e-65 9.43758e-109 1.96046e-69 2.32131e-123 8.26566e-83 7.23122e-63 4.5454e-322 4.84573e-205 3.66218e-158 2.41795e-317 1.0274e-193 6.17582e-322 1.07648e-253 5.91598e-181 1.04706e-254 2.66795e-322 5.42216e-142 2.68559e-164 1.86258e-257 7.86518e-312 0.268625 6.95241e-162
1.04368e-85 0.000425697 2.24774e-110 8.33277e-149 3.86966e-175 5.88249e-29 3.85335e-38 1.13547e-229 1.28976e-147 3.10424e-164 3.11261e-321 2.45082e-303 6.86751e-322 3.02483e-270 5.92678e-88 1.62406e-243 3.11261e-322 9.9081e-203 1.66638e-92 4.09931e-149 1.11659e-321 0.109973 6.00566e-177
0.00048245 0.000119065 0.000456575 0.000551677 0.000404255 0.00425453 0.000768563 4.94066e-324 3.6033e-296 3.36964e-179 1.97626e-323 8.87159e-311 4.94066e-324 1.4822e-323 1.3189e-233 1.97626e-323 0 5.31629e-280 2.4618e-202 6.81139e-266 9.88131e-324 8.56484e-137 4.25106e-220
2.49259e-156 4.3957e-132 1.97195e-109 1.23519e-44 1.94952e-160 3.37908e-58 2.11331e-124 2.2698e-241 3.79094e-270 1.20677e-62 4.91913e-308 5.94075e-239 8.20149e-322 8.15654e-249 6.21447e-102 1.01984e-217 2.31723e-222 1.69158e-174 9.53036e-63 1.15596e-184 1.53654e-321 0.654393 2.4199e-179
5.25896e-191 4.79359e-20 1.5481e-142 7.01883e-108 1.37008e-15 2.04273e-73 2.1138e-96 5.26993e-308 4.2362e-168 1.0683e-176 3.52763e-321 1.49152e-271 1.02272e-321 1.41355e-271 1.01482e-189 1.72056e-217 3.99395e-305 1.45205e-256 1.18068e-185 1.27171e-139 1.5069e-321 0.0722432 2.14132e-103
3.51681e-221 6.351e-142 7.02365e-24 8.77706e-115 1.62451e-200 2.33428e-163 5.35823e-13 5.68175e-322 3.64162e-293 9.90776e-106 3.3053e-321 1.7011e-247 1.12153e-321 1.86582e-279 5.34552e-231 9.22558e-301 4.15015e-322 1.27445e-123 8.9568e-141 2.10063e-260 7.67533e-313 0.371471 3.11303e-184
6.09576e-19 3.01492e-117 1.40875e-122 1.1503e-187 6.54955e-221 6.1e-103 6.93327e-78 7.48639e-129 1.21291e-292 2.18738e-157 5.31453e-192 5.36829e-196 1.23022e-321 1.24803e-221 1.99387e-42 3.95885e-260 1.4996e-284 0.0931331 7.87469e-169 1.52876e-201 1.78358e-321 6.1967e-70 4.50504e-137
2.10772e-137 3.2254e-46 3.44319e-31 1.35965e-124 4.45442e-161 5.2375e-81 1.47787e-41 4.84519e-235 5.49312e-234 0.217365 4.30654e-264 2.19048e-255 6.62048e-322 2.6729e-321 5.93848e-116 1.00217e-232 1.97751e-197 7.31111e-256 1.08073e-147 2.99668e-120 1.55137e-321 1.8055e-128 2.51011e-132
2.67838e-72 8.98342e-153 5.70669e-185 3.55718e-160 1.69509e-52 3.26281e-08 1.56956e-52 5.78057e-322 1.65812e-222 2.08504e-173 3.59186e-321 3.52944e-299 1.10671e-321 9.79593e-168 6.40916e-220 2.61267e-248 8.8867e-223 1.701e-161 2.52552e-189 7.7969e-186 1.75393e-321 1.01976e-128 0.418438
8.66289e-266 3.21716e-113 7.25172e-38 0.00119057 1.54929e-242 1.02423e-173 4.72428e-70 1.37118e-257 7.20702e-158 2.93702e-140 3.65302e-251 9.97577e-206 1.43724e-315 5.61656e-151 0.0800976 2.16453e-273 1.0326e-321 2.71243e-47 2.36014e-115 4.99622e-156 1.91203e-321 0.938039 2.39446e-104
1.19564e-321 2.17412e-83 4.48462e-121 4.22371e-256 6.52167e-322 8.96235e-321 2.24449e-313 1.83244e-223 2.38699e-276 5.38499e-117 1.29007e-40 3.79483e-252 0.703247 1.63005 1.39793e-100 6.13227e-133 7.56633e-122 2.84783e-44 0.115089 3.70317e-125 0.927373 2.51141 1.03968
