2.19785 0.386317
0.0610951 0.000682189 0.00382296 0.00107929 0.00172292 0.00926504 0.00094252 9.88131e-324 2.56007e-301 1.97626e-323 1.74061e-318 3.45846e-323 3.45846e-323 2.53e-215 2.0771e-298 1.97626e-323 1.97626e-323 1.4822e-323 2.47033e-323 9.88131e-324 9.88131e-324 1.97626e-323 1.97626e-323
2.73194e-07 2.17389e-322 4.59923e-125 9.79435e-85 6.88182e-08 8.58092e-190 1.94231e-73 5.00355e-170 1.83555e-101 5.42661e-124 3.37562e-161 1.92787e-60 1.32474e-46 1.53521e-99 0.694934 6.16974e-228 0.000727108 1.8231e-321 1.67297e-124 1.23962e-297 4.79235e-75 0.650264 4.89619e-321
2.2895e-320 4.21195e-231 2.2156e-203 4.84184e-322 1.67033e-142 5.85374e-154 4.05134e-322 3.23719e-89 1.87406e-52 3.12744e-321 1.76281e-171 2.29141e-190 3.25095e-321 1.47723 1.77485e-237 3.90143e-224 7.39716e-252 1.35374e-321 2.24306e-321 1.18576e-321 4.59619e-276 6.44774e-112 2.63337e-321
7.73515e-266 7.92603e-128 5.08635e-214 2.61855e-322 4.44659e-322 1.78255e-136 2.89666e-318 1.19564e-321 1.30645e-06 3.25589e-321 1.01443e-111 1.75598e-256 1.2403e-297 1.1728e-140 1.79305e-07 2.15445e-236 9.61482e-106 0.0304143 5.41439e-200 1.35374e-321 1.12564e-293 1.29247e-115 4.36754e-321
1.20044e-119 3.06321e-322 2.90074e-219 1.54371e-286 6.28045e-249 1.7021e-142 5.38427e-66 6.77267e-12 0.173545 3.38929e-321 3.36809e-09 9.41988e-120 1.29899e-55 1.41693e-152 4.89791e-87 4.8938e-207 2.20827e-59 1.66622e-119 2.45892e-237 1.14129e-321 9.48606e-322 3.18483e-50 2.8804e-321
2.3394e-320 2.81794e-183 7.82973e-27 4.64422e-322 2.22899e-214 2.71511e-15 5.33591e-322 1.34623e-232 2.61748e-264 1.03964 6.30006e-80 4.96042e-321 1.04294e-160 3.54558e-27 3.10034e-119 0.76529 2.50491e-321 0.419458 0.870071 0.439258 2.88986e-247 1.74005e-169 1.14723
3.97389e-35 3.06321e-322 1.5918e-149 4.89125e-322 1.21844e-130 5.3315e-223 7.14517e-91 2.04395e-218 2.20011e-231 1.09198e-287 2.43206e-201 0.702353 2.2564e-320 2.02227e-56 3.7953e-78 2.58789e-263 1.25616e-172 1.84781e-321 2.1536e-125 1.01351e-220 0.22991 0.0282503 1.07457e-288
6.34317e-216 2.86558e-322 1.55137e-321 5.03947e-322 2.64805e-267 2.42193e-287 4.6188e-160 3.48817e-152 2.54935e-136 9.58517e-222 6.3192e-319 1.75546e-313 5.81235e-317 7.98496e-185 2.79429e-66 3.34144e-252 5.98786e-181 6.25721e-175 3.03356e-321 2.248e-321 0.125292 2.48899e-271 5.60322e-89
3.56632e-234 1.54386e-41 3.18406e-131 1.82698e-22 1.38062e-217 4.47853e-212 1.48426e-144 9.2094e-101 4.19424e-195 1.28163e-206 2.89749e-246 2.11385e-296 1.49841e-150 7.45677e-10 0.187683 2.81617e-321 1.01299e-191 7.53715e-222 3.01872e-183 1.22528e-321 1.24505e-321 7.73127e-85 3.67735e-309
4.11236e-164 3.39729e-183 1.543e-104 4.13846e-242 6.63911e-244 0.010982 8.56137e-148 1.11165e-321 0.381278 1.83701e-257 1.87547e-131 8.42897e-25 0.413016 3.71658e-199 6.09541e-153 1.08419e-115 1.28151e-264 5.62968e-244 6.59049e-181 1.16105e-321 1.85525e-84 1.51779e-144 3.89324e-321
7.25484e-207 1.95592e-272 1.75393e-321 4.79244e-322 3.48359e-78 4.32079e-226 4.10074e-322 7.27026e-182 3.87826e-159 2.81617e-321 0.184319 3.79245e-239 0.0241347 7.71618e-45 9.6035e-44 1.08403e-302 1.72923e-321 1.31916e-321 7.61721e-178 1.56027e-187 8.58957e-182 1.36759e-89 1.94493e-74
1.47305e-162 1.08262e-295 4.43689e-127 5.11075e-148 6.7687e-322 1.06164e-21 2.24551e-46 5.27537e-191 5.9482e-291 2.49997e-321 2.41126e-91 1.53918e-278 0.406928 6.98426e-174 4.63356e-292 4.15025e-213 2.99241e-252 1.23978e-180 2.08002e-321 4.51451e-291 1.09189e-321 7.27172e-86 1.26453e-219
5.22974e-56 6.76458e-75 6.2821e-239 1.33568e-101 1.73345e-52 1.86583e-122 4.24315e-246 1.27226e-231 1.02898e-160 2.95945e-321 0.287742 9.46264e-22 4.25226e-281 6.83671e-65 5.6169e-46 3.46864e-156 1.15631e-94 8.31089e-205 2.84582e-321 1.082e-321 6.56642e-98 1.74126e-282 1.39819e-256
3.85967e-135 3.22586e-24 1.31592e-23 2.09682e-111 1.01196e-294 5.92583e-09 1.06328e-147 1.27553e-290 2.07833e-167 2.81617e-321 2.70078e-229 3.1966e-321 6.37049e-140 3.24125e-52 0.397372 1.25983e-168 2.1609e-251 5.99351e-309 1.17903e-268 2.45503e-278 2.10117e-295 1.06352e-282 3.3536e-221
9.19182e-269 1.90056e-91 2.56909e-155 1.21103e-152 6.12933e-88 9.26107e-191 2.65689e-103 1.28951e-321 1.67937e-184 2.59879e-321 1.96866e-58 3.48757e-267 8.42789e-312 5.036e-175 0.052585 2.55926e-321 1.83792e-321 2.66963e-259 3.32012e-321 1.61268e-222 1.26975e-321 5.23609e-228 1.32386e-233
1.07072e-186 2.81617e-322 1.87745e-321 5.63235e-322 2.53853e-234 1.00703e-278 2.34835e-301 2.78706e-183 4.42479e-135 1.19268e-189 3.25433e-209 0.377904 1.30927e-320 4.11002e-68 1.86584e-62 3.86641e-183 0.53267 2.05037e-321 3.41893e-321 1.42785e-321 4.01063e-240 5.14474e-16 2.10712e-299
3.34118e-47 3.50787e-322 4.20782e-216 1.05072e-77 1.55156e-313 1.44541e-281 4.19956e-322 0.360589 3.24326e-159 3.24601e-321 1.80254e-251 8.76151e-48 1.04647e-76 1.31149e-185 1.06168e-153 3.2347e-143 1.80658e-271 2.18308e-104 1.3889e-298 1.34386e-321 3.15129e-316 0.0118345 3.57401e-171
