1.53779e-34 1.50052e-38 1.2018e-32 1.70795e-88 6.57016e-200 9.54131e-189 7.54452e-260 5.3461e-118 1.15083e-193 3.20382e-30 2.06756e-142 1.13497e-26 4.93299e-120 1.13635e-321 1.20637 1.53359e-60 6.28941e-178
8.73339e-60 1.0141e-211 8.54912e-138 1.67982e-322 1.12461e-310 1.84164e-212 4.57825e-113 1.17184e-11 0.134865 0.0754596 0.821285 8.84853e-232 1.93893e-299 1.07614e-262 2.07027e-101 0.222797 2.21726e-217
6.68709e-86 3.29897e-311 3.94302e-40 4.57639e-118 4.19288e-115 8.78563e-243 1.89743e-235 1.92667e-161 2.24296e-273 2.51421e-191 1.83792e-321 3.14471e-09 1.14309e-289 1.21864e-176 0.0460883 7.03216e-169 6.58052e-274
5.65998e-57 3.02558e-91 2.43962e-115 0.020547 6.34632e-152 6.76664e-103 1.13293e-177 1.60235e-129 2.26387e-211 1.86965e-247 1.1907e-321 7.02606e-191 8.30218e-264 7.85564e-322 6.51565e-203 1.27469e-321 5.49722e-192
2.23241e-07 1.18686e-156 0.475367 2.71736e-322 4.49087e-198 4.7595e-279 3.46089e-154 2.2516e-312 2.41943e-222 1.32124e-62 3.24601e-321 1.77553e-143 0.616859 0.480002 0.164074 2.19129e-125 0.436521
1.74392e-271 7.63513e-178 4.01676e-209 6.55299e-174 9.36143e-146 4.16788e-05 3.02645e-130 1.7445e-66 2.49181e-91 0.329997 3.28207e-312 1.51074e-24 4.38129e-182 1.10025e-258 4.1124e-291 4.61252e-271 5.49794e-166
1.13635e-322 1.01778e-321 7.13882e-300 2.02567e-322 1.56614e-272 1.46227e-225 2.7113e-69 2.34962e-81 8.25317e-84 2.79241e-35 1.9428e-152 0.129034 1.41402e-94 4.58333e-116 1.45264e-70 3.52399e-275 1.67945e-20
2.78392e-168 7.11455e-322 3.05107e-63 6.57602e-30 7.59279e-108 5.61444e-258 2.77871e-231 1.18424e-185 0.197936 6.17533e-84 2.51493e-211 1.88767e-159 3.29224e-153 8.15469e-279 1.30096e-18 6.73341e-235 2.87851e-206
2.46313e-242 2.92839e-224 4.84685e-92 2.86286e-319 2.66327e-214 1.71592e-46 8.3781e-255 1.42042e-211 5.73278e-22 1.6656e-133 9.1274e-306 0.271552 9.57023e-210 1.07212e-321 5.69844e-102 5.5606e-178 1.94978e-146
1.08694e-322 1.58524e-54 1.81322e-321 1.05253e-317 2.64588e-199 1.34021e-145 1.246e-95 1.89129e-173 1.39988e-101 3.22717e-82 1.09782e-205 6.28679e-193 8.60175e-65 1.31421e-321 3.99961e-258 5.70769e-157 0.112894
0.000548902 0.00490046 0.000101586 2.34254e-06 0.161357 2.94761e-07 0.0150288 9.27236e-05 2.70774e-279 1.08964e-245 4.44659e-323 9.12438e-261 1.5468e-298 2.96439e-323 1.27933e-295 5.43472e-323 2.00681e-307
2.31283e-47 2.16558e-16 3.71178e-63 9.89076e-103 4.49273e-87 0.0917921 1.67972e-61 0.185312 6.56771e-178 9.05388e-252 5.18769e-322 2.86271e-169 3.27591e-280 2.86558e-322 1.59159e-299 5.04504e-267 3.38711e-234
4.69118e-80 1.31764e-131 8.03098e-48 8.64402e-319 6.72852e-277 3.41817e-89 8.18472e-08 1.55358e-89 5.79779e-25 1.47664e-112 2.16895e-321 1.79195e-80 4.49275e-28 3.75759e-110 3.55164e-55 0.424067 1.44086e-205
2.0876e-07 6.52673e-18 6.6319e-08 1.07446e-16 1.50327e-06 4.56035e-12 0.0183481 1.41246e-07 1.22623e-276 2.27052e-253 4.64422e-322 5.06791e-259 1.05385e-290 2.66795e-322 3.07335e-300 5.78057e-322 1.80135e-299
