3.64798e-17 0.0558253 1.00577e-143 3.0812e-167 3.02409e-42 1.0831e-73 0.0271314 0.0335193 8.9476e-68 0.00054866 1.25689e-39 1.8222e-29 0.0751714 0.151445 0.104914 2.56049e-121 8.22017e-76 0.136104 2.37152e-09 1.18197e-47 1.02586e-69 3.46584e-27 8.56631e-93 1.63699e-38 2.28523e-36 8.53707e-127 1.03696e-127
1.75633e-77 3.41907e-29 0.257521 6.4687e-83 1.08173e-11 0.605661 0.00138937 1.71287e-13 6.57975e-36 1.91332e-36 5.72631e-24 3.79888e-18 1.42664e-25 4.58316e-80 1.0731e-82 4.05347e-55 3.69061e-66 0.0138739 3.12147e-54 0.0578606 1.08086e-48 8.61121e-29 2.99504e-104 0.130506 1.87441e-66 2.82376e-112 0.455564
5.17654e-53 1.24601e-34 4.88011e-123 1.10384e-160 2.74001e-39 6.57213e-129 1.98488e-63 2.92754e-59 5.39614e-103 8.03804e-31 8.47366e-26 1.18413e-76 4.85536e-26 6.88396e-60 6.20879e-103 7.53732e-88 4.77651e-58 1.83019e-80 0.322916 4.45155e-53 1.09403e-79 1.64383e-14 5.15891e-69 5.14948e-86 4.41394e-54 6.80193e-105 1.05692e-120
4.95138e-50 8.30953e-50 7.74986e-118 8.02722e-164 3.29469e-59 2.95874e-132 2.09186e-09 1.76424e-32 1.80054e-89 7.68404e-31 0.414177 6.26651e-16 7.27228e-22 2.23199e-83 2.71744e-55 1.19613e-86 2.11504e-18 3.12546e-65 0.279103 2.82458e-52 9.21104e-37 1.41389e-48 1.71494e-84 2.21282e-56 2.6637e-51 1.62495e-65 1.54872e-113
5.76249e-100 1.39304e-58 8.50954e-137 1.72855e-168 7.16334e-45 1.45563e-104 6.0485e-33 1.17001e-60 1.46947e-102 0.234022 2.32172e-45 2.93357e-24 2.47607e-32 3.24722e-61 1.03108e-105 1.5557e-108 2.13169e-38 2.28532e-53 2.80484e-12 7.31502e-57 6.42821e-79 1.6585e-25 5.50759e-64 1.30596e-81 3.95598e-27 1.31991e-68 3.0784e-119
1.07125e-114 0.00665925 4.50856e-125 8.50159e-136 6.9858e-14 8.43303e-48 1.17087e-48 1.34895e-27 9.55384e-28 9.33479e-09 0.121368 1.49525e-47 1.76235e-20 5.61105e-15 3.38405e-83 3.24914e-46 0.194854 5.83136e-40 4.71224e-48 5.86892e-67 1.00301e-29 9.4259e-55 1.02608e-64 2.52298e-77 1.21898e-50 2.84926e-117 7.20376e-15
7.46386e-47 1.08586e-23 7.23382e-134 5.4705e-176 9.69103e-25 5.70695e-111 1.10715e-34 6.96264e-25 1.83065e-76 2.50973e-08 8.08604e-60 7.32584e-72 1.83412e-56 8.08308e-77 9.58823e-92 1.55787e-125 1.0161e-88 3.31333e-47 0.207202 6.97028e-89 5.53269e-42 3.94487e-68 1.44678e-85 1.36966e-63 1.65691e-43 1.20085e-127 2.19779e-60
8.32214e-07 2.25697e-61 6.37127e-77 5.61319e-175 3.16179e-32 6.66743e-31 4.13246e-67 2.65941e-26 3.0635e-71 0.0024959 1.4228e-10 1.70725e-61 1.40536e-23 8.92912e-23 3.42369e-52 1.20555e-129 4.26777e-86 2.27858e-81 3.7697e-12 4.12113e-15 1.39711e-25 3.49539e-69 7.90852e-106 2.84854e-85 2.50669e-64 2.58804e-82 2.81239e-115
2.01103e-103 5.95021e-23 2.45269e-115 1.39296e-143 5.85983e-64 1.03579e-111 6.70629e-21 2.29538e-15 5.61835e-52 1.05129e-05 2.35267e-52 0.0420456 2.906e-33 1.55952e-72 6.16325e-119 2.21152e-53 7.74669e-43 3.28671e-39 8.07202e-13 1.26787e-96 1.00466e-56 0.0147961 2.89508e-69 2.65552e-49 1.28798e-57 3.39222e-111 3.88931e-70
4.04996e-107 0.117966 3.36046e-74 0.302329 0.101338 1.60457e-56 1.55895e-18 4.07362e-36 0.207942 0.0593009 7.9271e-37 3.77513e-30 4.54614e-11 3.67701e-81 5.3476e-86 0.491808 6.27488e-58 7.19234e-23 5.65209e-56 2.73192e-93 0.244238 7.81491e-46 0.0676567 7.94999e-11 0.196474 0.38165 6.67607e-07
0.120082 1.77759e-71 2.42544e-53 4.40541e-149 1.69593e-51 1.53081e-41 5.872e-61 3.3238e-40 3.83844e-43 7.45014e-34 1.31072e-30 0.502774 6.86714e-27 4.63699e-21 7.77641e-83 8.62776e-106 2.26729e-65 1.28198e-17 0.158119 0.077484 4.6836e-39 1.82694e-43 3.94772e-117 1.7269e-31 7.64217e-69 9.11206e-113 9.76776e-99
2.55476e-73 0.0553342 1.01343e-147 2.05601e-141 2.4914e-48 1.77868e-38 2.90719e-16 5.6381e-53 7.18859e-91 2.17868e-09 1.9368e-08 1.90671e-23 4.25907e-37 6.20882e-16 2.98781e-36 9.60582e-61 1.40047e-70 7.94879e-15 9.1301e-32 3.74236e-78 4.85516e-62 5.32211e-09 2.85705e-63 1.9021e-85 1.07686e-26 2.4102e-102 1.87184e-22
7.14297e-41 1.11363e-23 6.56289e-99 4.81574e-119 6.0162e-56 5.66074e-97 1.92819e-24 1.60464e-16 1.16733e-107 0.317902 1.91152e-66 8.48045e-17 1.01025e-24 1.31182e-44 2.72587e-116 8.37991e-35 2.35223e-05 1.19491e-80 3.54534e-53 3.75303e-85 6.02579e-49 8.90068e-49 2.04156e-65 2.59924e-52 1.0531e-58 3.86348e-93 8.57661e-70
1.17779e-98 6.58957e-30 1.86081e-56 2.02961e-100 1.46324e-11 6.6887e-122 9.07445e-10 7.10865e-18 9.40042e-87 9.94753e-48 6.32761e-52 2.31364e-33 3.79012e-36 1.33537e-26 3.21441e-42 5.51734e-31 7.35199e-23 9.78879e-45 0.0435927 3.77022e-24 1.44084e-48 5.4673e-27 9.40103e-120 2.21542e-36 3.50556e-81 8.42504e-94 4.66403e-99
