1.2206e-47 7.98957e-53 1.87113e-15 0.0210416 1.68688e-31 5.31859e-42 3.55062e-50 4.08155e-25 1.44477e-38 1.14923e-78 1.93262e-58 1.00564e-32 3.88205e-76 0.0671695 1.65389e-23 1.55933e-18 2.31503e-53 4.43807e-32 0.00610749 4.73195e-13 7.08278e-73 3.53272e-72 1.41504e-75 4.24173e-18 9.10291e-10 1.06823e-39 6.41306e-24
4.23605e-78 3.14675e-29 9.01773e-35 5.97352e-31 5.16501e-23 2.33995e-45 1.13671e-61 1.50504e-31 0.45892 1.36434e-77 8.26074e-37 6.28662e-25 2.00771e-39 6.46219e-20 4.58357e-38 1.07919e-27 3.36707e-08 3.99687e-20 6.14041e-50 3.66696e-51 1.33498e-13 2.71862e-06 6.49056e-21 9.92033e-66 6.81678e-14 8.45181e-60 1.04651e-13
4.49761e-50 0.012999 9.09356e-37 3.82847e-77 2.80821e-75 0.028961 9.61949e-50 6.2075e-64 1.16576e-43 8.19375e-41 1.35212e-43 1.15188e-16 7.15376e-68 0.419263 3.89679e-66 5.21803e-25 4.87386 3.01715e-36 5.9695e-69 0.0610773 2.0763e-43 1.46774e-39 1.94634e-14 1.45482e-48 1.10984e-54 1.87509e-18 3.49464e-55
4.78078e-40 8.5365e-18 4.59327e-47 9.84351e-51 6.84775e-06 6.00127e-20 1.44368e-64 0.234701 6.7688e-17 2.15308e-43 0.0233167 5.40917e-32 1.3568e-17 1.35246e-47 1.33805e-34 0.0158422 6.49123e-47 7.4203e-32 0.208845 4.02824e-31 1.31675e-52 4.34182e-62 0.0501516 6.54086e-60 2.05135e-42 1.10311e-41 9.65228e-11
2.2272e-21 6.96072e-05 0.200879 3.43009e-70 4.32094e-11 1.51135e-24 4.30961e-25 3.67377e-57 1.06861e-28 9.2795e-16 3.07432e-08 4.34229e-54 2.29942e-14 1.48138e-51 6.10114e-72 9.2314e-31 9.23521e-12 0.272868 1.41282e-67 0.0189725 1.8673e-32 1.56055e-22 1.02852e-44 4.25321e-62 8.79796e-22 2.62581e-53 8.07245e-12
3.08237e-87 6.94506e-36 0.0422864 7.00806e-59 5.39567e-15 1.2361e-07 7.84722e-56 8.71427e-21 1.02987e-25 1.6538e-05 2.70606e-21 3.91e-16 7.88287e-60 9.66486e-64 1.25014e-32 3.55392e-35 3.35936e-25 1.13092e-25 5.73904e-77 3.52045e-72 5.49067e-69 0.137831 6.36159e-39 5.29083e-14 0.255723 1.67676e-44 8.42945e-53
4.72887e-29 2.22565e-36 1.07314e-41 4.3136e-25 0.000285999 1.03134e-64 4.69901e-12 3.68473e-12 0.0338031 1.53291e-91 4.39924e-36 2.32848e-21 9.5547e-49 2.61805e-55 2.43914e-38 2.68471e-96 3.06727e-05 2.9637e-38 1.76329e-54 8.06287e-69 9.83413e-60 5.68824e-36 1.32578e-17 5.70353e-20 8.04115e-46 7.2918e-57 2.30194e-51
1.10902e-15 4.99298e-33 3.06512e-27 3.17082e-61 0.138742 1.34624e-70 2.45677e-47 5.40615e-65 3.30918e-12 2.32189e-68 9.06303e-28 8.17884e-13 2.30958e-20 6.34621e-73 0.0356059 1.11081e-78 5.46967e-48 5.85948e-44 1.52211e-70 1.3339e-81 0.00308993 5.16651e-59 1.35548e-24 6.6927e-15 3.58251e-60 9.54486e-19 1.93323e-49
0.0301005 0.000771652 2.95131e-15 3.26152e-29 4.10255e-72 1.74047e-30 2.57779e-54 1.49867e-07 1.64718e-11 0.627058 3.64837e-23 0.0877217 0.226028 2.56337e-94 1.58314e-10 9.76518e-107 3.02092 1.45486e-15 9.80851e-45 3.94886e-82 0.0737294 9.86461e-30 1.20832e-39 0.59849 7.69419e-23 0.105459 1.18134e-47
8.96912e-33 4.9887e-30 2.23557e-56 3.09055e-33 3.60917e-63 1.33576e-10 0.031249 0.0192891 2.19055e-51 1.84686e-80 8.62918e-34 1.17592e-31 3.45796e-77 2.99921e-48 0.162247 3.58554e-93 1.16386e-24 0.00155994 6.83713e-61 2.45157e-68 1.69965e-52 1.68154e-26 1.47916e-26 8.36852e-66 2.59358e-64 5.13612e-29 1.59335e-57
4.54691e-40 3.8664e-53 6.4425e-30 2.70717e-75 1.31338e-51 1.0726e-83 4.17526e-60 1.12645e-56 3.12973e-34 4.06287e-27 1.95088e-75 5.83788e-52 1.05158e-76 2.63753e-69 3.14301e-58 1.68323e-84 1.06449e-37 0.0914785 2.27774e-71 1.53301e-45 1.01534e-65 4.69669e-64 3.61213e-45 1.24955e-32 8.96193e-68 3.81348e-65 4.38632e-44
1.97331e-44 4.63391e-50 4.81179e-51 1.76242e-38 4.62491e-09 4.17682e-82 1.67733e-19 0.176673 1.95272e-05 1.31736e-79 1.734e-38 6.50823e-31 1.59625e-37 6.09066e-41 3.03546e-32 1.8485e-107 1.59089e-27 7.96807e-20 1.75399e-28 4.25631e-19 3.87659e-40 7.96674e-36 4.03275e-19 2.86896e-66 6.50163e-46 6.56056e-25 6.91186e-41
7.47767e-10 6.96689e-19 2.70594e-52 1.29967e-74 8.05173e-73 2.68332e-36 5.1122e-56 6.09226e-24 3.07687e-23 1.95724e-25 2.84368e-48 4.23545e-10 7.36277e-40 3.72074e-39 1.00564e-34 3.57484e-10 0.166284 2.2398e-09 2.40521e-58 1.14061e-53 1.05783e-51 6.99682e-92 2.77682e-21 5.86061e-45 4.88686e-17 2.26695e-62 0.122547
1.07521e-54 4.02294e-14 2.44121e-48 1.1226e-39 7.05686e-68 6.57546e-85 0.0032852 1.0072e-46 0.401619 2.11274e-59 1.0391e-77 3.60348e-11 2.77406e-36 8.35798e-60 7.89098e-57 3.09353e-47 3.03289e-50 3.09147e-08 2.36029e-59 2.69582e-56 6.69076e-66 2.53207e-30 3.60264e-29 5.6487e-14 3.99338e-35 9.19149e-58 1.1103e-25
