1.07866e-125 1.22034e-321 4.6749e-319 1.99566e-228 3.65366e-285 3.11261e-322 4.35272e-321 0.000387384 2.10802 6.94162e-321 1.50739e-320 6.58558e-222 5.09382e-321
4.66398e-321 1.02272e-321 5.20389e-319 6.28229e-244 8.89318e-322 1.03754e-322 9.41195e-321 1.01286e-29 7.90999e-321 8.08291e-321 2.0402e-199 0.84587 8.79931e-321
2.03405e-38 2.43383e-13 1.40231e-16 6.55095e-46 6.48955e-20 7.50844e-13 4.47623e-321 2.91005e-321 5.78057e-321 4.89619e-321 1.34485e-320 3.27566e-321 4.73809e-321
0.00547199 0.0018762 0.0491661 0.00495897 0.000942863 9.06778e-05 2.47033e-323 9.88131e-324 1.4822e-323 1.4822e-323 5.43472e-323 9.88131e-324 9.88131e-324
2.59879e-321 3.26577e-321 6.84014e-319 3.68079e-321 2.00591e-321 2.56914e-322 9.18664 6.45744e-321 2.07204e-18 5.52093 9.92367 1.04531 4.63769
7.31028e-14 3.12071e-09 1.09061 1.16032e-09 0.000732605 0.000249848 2.47033e-323 1.4822e-323 2.96439e-323 1.4822e-323 5.43472e-323 9.88131e-324 2.47033e-323
3.46131e-30 5.49077e-84 4.21972e-319 1.81816e-321 8.64615e-322 5.3559e-297 3.5968e-321 0.477494 6.33541e-108 1.12351e-320 1.46836e-320 3.62644e-321 4.27367e-321
8.34971e-322 1.65512e-321 2.34978e-319 1.44654e-188 4.79244e-322 1.45688e-188 3.23613e-321 0.0296465 4.18474e-321 3.55233e-321 1.67587e-320 4.23414e-321 3.4387e-321
2.70254e-321 9.18962e-322 8.13188e-319 1.94662e-321 4.77991e-248 2.47033e-322 4.8369e-321 5.26573e-70 0.218776 6.77858e-321 1.33694e-320 1.32004e-160 8.02857e-321
6.4525e-321 1.22034e-321 5.7821e-319 2.01085e-321 5.78057e-322 1.23516e-322 1.47824e-320 0.537124 1.02074e-320 1.10178e-232 2.09583e-320 6.71929e-321 8.39418e-321
1.2863e-122 5.64646e-126 1.27362e-87 1.03528e-146 2.58125e-151 1.424e-181 5.4199e-321 3.51775e-321 7.01573e-321 5.93373e-321 1.62597e-320 3.97229e-321 5.75586e-321
