0.14233 7.31361e-36 2.40263e-11 5.25441e-07 1.87613e-38 5.25789e-05 0.045029 2.7673e-25 1.59273e-11 3.87963e-33 1.49325e-14 8.74389e-75 1.3198e-37 1.81281e-09 2.24243e-83 6.71723e-24 3.9813e-39
0.0290499 2.57594e-41 4.11489e-18 1.03857e-51 4.50098e-38 2.66593e-28 5.28647e-30 4.87032e-66 1.36982e-50 1.83093e-69 4.22872e-32 4.39411e-74 5.96573e-42 1.77042e-29 3.15889e-71 6.63775e-38 1.02931e-28
0.166364 1.62528e-33 6.73871e-20 1.36367e-37 8.36124e-25 3.36149e-37 3.29199e-23 8.59962e-48 2.1448e-55 1.81848e-64 8.02549e-30 3.57879e-85 5.05177e-42 1.12854e-22 2.5453e-68 6.15068e-42 1.40968e-19
0.0766538 4.75378e-27 5.81707e-18 1.99962e-51 8.94832e-37 3.05327e-15 1.42277e-21 2.14666e-47 2.10223e-40 7.67048e-49 2.04331e-28 2.54172e-66 2.58478e-29 5.8832e-28 6.21735e-84 4.71713e-33 6.27803e-26
9.29358e-08 1.44982e-16 2.84505e-22 4.12839e-05 0.109344 0.0198113 0.00118609 2.80221e-07 6.06005e-36 3.01879e-45 5.34246e-05 7.36957e-38 7.8627e-13 1.69076e-32 2.04224e-63 6.00627e-14 4.63797e-23
5.69976e-12 1.65054e-42 5.61226e-17 1.51868e-25 3.2169e-32 0.0458438 1.91971e-27 3.6876e-59 4.24816e-41 8.82191e-40 1.39158e-30 1.63247e-66 1.20548e-48 2.48925e-12 4.10489e-50 4.15037e-23 1.97282e-30
2.61482e-11 1.07786e-12 4.71707e-06 1.02859e-39 1.23295e-29 1.99111e-26 1.81872e-10 0.0342891 0.193448 0.801859 4.36639e-19 0.0310019 2.98874e-17 0.01012 0.114431 2.23941e-11 0.0322925
0.0674127 2.55842e-26 0.00174343 1.46533e-51 6.88135e-29 2.88947e-39 6.89616e-33 7.46453e-57 3.31585e-33 5.31952e-47 5.70448e-20 2.81739e-77 4.99758e-36 7.30956e-18 1.0098e-77 1.24373e-36 4.50188e-40
0.00574742 0.0671619 0.0616993 0.0598734 2.32635e-07 2.17684e-08 4.90307e-17 7.7912e-60 1.00546e-20 5.35944e-45 0.0725838 4.50886e-26 0.128587 4.79456e-13 2.49012e-53 0.0252565 0.0223206
0.0949868 1.28294e-35 3.20264e-12 8.19212e-49 1.01158e-30 6.90507e-24 3.44229e-34 4.0863e-49 2.7053e-47 1.81968e-50 5.54537e-19 1.02814e-67 1.11921e-40 3.97907e-27 1.82379e-82 6.2314e-31 2.24433e-36
4.87171e-12 2.38295e-40 7.16602e-19 6.04153e-46 9.97971e-40 1.50408e-35 1.70335e-35 1.47898e-62 1.98092e-52 8.35488e-69 1.97423e-31 2.19287e-79 6.87468e-46 2.15645e-32 9.1832e-86 1.7884e-41 1.87469e-35
