2.72077 0.463652
0.29103 1.24197e-293 7.91182e-21 4.809e-63 1.58217e-192 4.50479e-277 0.0500848 1.8607e-95 6.19064e-321 2.34829e-320 4.88352e-252 2.72724e-321 2.32374e-239 7.95443e-273 1.23418e-320 7.61658e-88 3.87842e-321
6.49037e-53 1.63488 2.71984e-102 0.631778 3.58402e-23 0.928814 5.66025e-28 0.446104 2.34327 8.09681 9.19901e-132 1.4583 1.32055 5.4001 5.31921 1.43477e-320 2.90795e-249
3.03766e-100 5.59673e-102 4.99883e-08 1.2949e-254 7.49887e-168 2.28258e-321 0.142242 1.07856e-35 3.25589e-321 5.56903e-133 2.93452e-07 9.41076e-244 3.42387e-321 2.51454e-157 8.79931e-321 5.8771e-135 1.59066e-288
3.59174e-124 2.83594e-321 9.8303e-88 1.09078e-211 1.25653e-159 2.52177e-300 0.104566 1.46304e-260 2.34187e-321 8.67121e-239 1.75903e-183 1.70947e-321 2.40862e-319 1.84977e-138 2.13311e-293 7.73268e-202 4.56101e-156
1.92403e-90 5.31518e-257 3.60275e-87 1.68102e-168 2.00543e-200 1.64242e-247 8.85287e-104 2.25526e-91 5.59776e-321 1.16451e-320 1.08441e-110 3.44858e-321 2.29606e-281 5.48664e-307 2.58278e-91 2.24038e-306 0.659738
1.27654e-94 1.17628e-245 1.09967e-67 1.85769e-321 6.09564e-53 7.72525e-251 1.18469e-145 3.98596e-83 5.00488e-321 1.91401e-320 1.82282e-245 1.67452e-195 4.65372e-148 1.54988e-320 1.42143e-320 0.00882861 9.33287e-260
7.45336e-149 3.02221e-240 0.562355 2.96797e-122 1.72739e-192 2.00591e-321 0.034528 1.65692e-131 4.32307e-321 1.41896e-320 1.26785e-72 2.1146e-321 2.43574e-321 6.99053e-245 1.15562e-320 5.35729e-121 0.02622
0.177777 1.09715e-297 2.93778e-57 3.0025e-85 0.00895887 2.21835e-321 0.044772 3.39558e-118 4.48118e-321 1.49679e-260 6.95798e-148 5.64252e-188 4.88641e-220 5.89917e-73 2.45461e-279 1.03459e-235 2.15877e-232
2.78999e-240 3.16558e-274 5.9147e-66 6.31292e-93 1.18927e-155 1.94662e-321 2.68849e-305 5.72773e-70 3.10767e-321 1.25443e-320 0.456411 2.47527e-321 2.48515e-321 3.35269e-263 8.7005e-321 1.85654 1.56941e-31
2.50912e-150 1.06626e-283 2.13666e-14 2.28243e-08 2.44214e-71 2.39128e-321 0.0987689 2.70904e-276 3.91794e-321 2.50384e-195 1.27329e-145 2.87052e-321 2.97931e-155 9.20433e-245 1.29989e-320 6.54637e-321 3.01874e-321
3.82798e-113 2.36133e-287 1.30681e-130 3.88497e-295 0.435746 1.24622e-264 0.0224012 4.17697e-108 2.51479e-321 1.77118e-201 2.68932e-120 2.91499e-321 6.56057e-221 3.57981e-102 1.15207e-188 1.95502e-306 3.03356e-321
