3.89761 0.313995
7.16395e-322 7.31217e-322 1.19564e-321 1.51678e-321 9.83191e-322 7.24688e-33 3.37919e-170 3.0385e-321 0.0624884 3.16817e-51 4.86876e-134 3.69316e-30 8.1467e-49 5.24698e-321 9.68369e-322 1.44734e-54 2.68278e-321
7.85564e-322 8.15208e-322 1.28951e-321 9.98013e-322 9.48606e-322 2.78654e-80 4.28851e-95 3.87842e-321 1.82916e-117 0.19084 9.25901e-131 8.19099e-77 1.81485e-148 4.92583e-321 9.98013e-322 2.07931e-76 2.14919e-321
3.90312e-322 4.84184e-322 6.32404e-322 5.78057e-322 6.0276e-322 1.38778e-83 0.835147 1.75887e-321 1.15217e-147 3.06567e-247 4.18466e-92 4.12667e-289 8.11226e-109 3.17684e-321 5.2865e-322 5.99573e-253 1.36362e-321
4.19956e-322 5.43472e-322 6.32404e-322 7.26276e-322 5.78057e-322 2.63108e-17 0.756794 1.96144e-321 1.01988e-124 7.30623e-244 4.28724e-79 2.36622e-258 3.73801e-27 3.27071e-321 5.97819e-322 1.36003e-247 1.49208e-321
5.87938e-322 6.91692e-322 8.05327e-322 8.15208e-322 1.02272e-321 2.29074e-59 2.40347 2.61855e-321 2.47513e-232 1.62153e-97 2.63824e-222 2.90777e-276 7.91025e-146 4.23414e-321 8.20149e-322 7.82798e-306 2.23812e-321
4.84184e-322 6.17582e-322 7.95446e-322 7.90505e-322 9.0414e-322 0.131797 1.49837e-07 2.08002e-321 1.4276e-225 2.26755e-202 2.46658e-58 1.22346e-230 5.81352e-129 4.46635e-321 7.60861e-322 2.50724e-223 1.62054e-321
4.19956e-322 4.59481e-322 5.58294e-322 6.62048e-322 5.68175e-322 2.87784e-29 0.290284 1.94168e-321 1.95236e-193 8.74647e-245 8.07932e-157 2.494e-227 5.83791e-113 3.08297e-321 5.78057e-322 1.83688e-163 1.29939e-321
7.85564e-322 8.39912e-322 9.73309e-322 1.37844e-321 1.42291e-321 0.350832 5.35193e-95 4.5207e-321 1.04789 2.5014e-49 0.408729 0.431421 2.48339e-71 7.54932e-321 1.14129e-321 3.37423e-79 2.66301e-321
2.62874 1.81775 2.64717 1.41608 1.53563 2.84664e-122 8.582e-170 5.00526 1.28384e-171 0.480583 4.69498e-57 6.33817e-07 4.28115e-43 11.5254 2.44565 8.60921 5.33133
4.19956e-322 4.64422e-322 6.7687e-322 7.31217e-322 7.26276e-322 1.90018e-40 2.30229e-30 2.02073e-321 1.90926e-116 1.25052e-265 0.0968059 3.31859e-95 0.127989 3.49798e-321 6.27463e-322 2.99206e-320 1.38338e-321
4.94066e-322 4.94066e-322 7.41098e-322 8.64615e-322 7.41098e-322 0.0638914 1.39154e-92 2.11954e-321 3.35678e-207 5.07119e-123 8.31443e-57 6.87154e-145 8.54488e-53 3.913e-321 6.91692e-322 1.78174e-276 1.6403e-321
