1.39737e-181 1.18082e-321 5.0376e-26 1.59815e-195 1.51843e-207 0.00798644 2.05037e-321 0.0671499 2.11361e-320 1.31902e-77 4.13559e-316 1.31421e-321 2.59346e-136 4.55832e-224 2.62686e-157 3.12352e-204 4.10384e-167
8.42288e-295 2.7986e-260 5.86872e-67 4.64012e-314 7.5856e-318 0.443344 1.13141e-321 6.44419e-243 2.87436e-280 1.78592e-157 7.36158e-322 8.49793e-322 3.075e-182 2.19018e-220 1.17588e-321 7.3195e-272 1.64483e-193
5.71682e-241 2.8399e-302 1.18383e-116 3.3053e-321 6.12641e-322 0.366397 1.14623e-321 2.20368e-166 8.35831e-269 5.03675e-230 5.2371e-322 2.72782e-218 4.80179e-133 8.71781e-284 1.03754e-321 3.4387e-321 1.32045e-131
5.34398e-06 0.339075 3.97581e-146 2.77355e-253 3.87689e-310 6.15734e-40 6.53059e-243 2.90971e-95 7.73534e-309 6.23834e-118 2.67931e-184 1.44761e-321 0.395336 4.4266e-311 1.84199e-280 1.23474e-227 1.16049e-73
6.43341e-264 1.75841e-281 5.22753e-80 5.6867e-321 3.28817e-177 5.31365e-174 4.49553e-231 2.09847e-51 2.19316e-320 1.06317e-268 8.00386e-322 4.73149e-308 0.877472 5.88566e-271 6.59655e-311 5.1284e-321 2.00443e-37
0.241246 1.9565e-321 1.91998e-37 1.86059 0.370865 8.92829e-36 0.837153 1.12266 8.66145 0.189925 0.376463 0.513462 0.36324 0.574628 0.726307 1.82086 4.63266e-161
3.88797e-301 4.44659e-323 5.5231e-173 2.07508e-322 3.95253e-323 5.12907e-183 6.91692e-323 3.87852e-262 8.79437e-322 2.47033e-323 2.96439e-323 5.43472e-323 2.5719e-219 6.42285e-323 6.91692e-323 1.67982e-322 6.0953e-249
9.8827e-190 6.9253e-248 0.539998 3.59417e-258 6.91692e-322 6.48295 1.52666e-321 1.76457e-259 1.38783e-320 8.53088e-159 6.66989e-322 2.29416e-184 1.6694e-135 9.46013e-256 1.26481e-321 1.68324e-272 4.13875e-61
2.89535e-223 1.28951e-321 1.31596e-34 5.05429e-321 4.98915e-202 8.81441e-74 1.81322e-321 2.88038e-263 2.20897e-320 1.66241e-274 9.68369e-322 1.19353e-79 3.34718e-178 1.62054e-321 2.01085e-321 7.67138e-228 0.428583
4.60762e-282 1.03754e-321 1.27781e-137 1.83959e-186 2.97736e-293 0.209874 1.77864e-321 1.10429e-87 1.77073e-320 3.44801e-236 6.57107e-322 2.04527e-227 1.2788e-27 1.49208e-321 1.5316e-321 2.11245e-251 1.08154e-05
5.75575e-158 1.19564e-321 3.52685e-21 5.05728e-301 1.0573e-321 0.320126 2.25788e-321 1.08873e-118 1.54051e-229 4.69552e-157 7.01573e-322 1.26975e-321 8.51437e-72 6.05837e-142 2.67096e-189 4.07604e-321 1.45882e-148
