1.3097e-32 3.73603e-39 6.73986e-72 3.35669e-134 0.411527 9.25952e-170 1.18123e-70 9.31854e-101 8.03576e-81 1.8736e-75 2.9122e-21 1.25414e-153 1.37921e-11
3.75811e-107 1.59464e-11 0.929101 3.38231e-45 4.07466e-101 2.87802e-79 1.43326e-221 1.76813e-238 5.60856e-188 1.60219e-201 7.04185e-188 1.32687 4.93866e-29
1.83405e-305 1.38685e-74 0.0418057 0.172696 2.0634e-51 0.502065 1.3693e-146 1.07032e-233 0.165336 2.25744e-145 1.67804e-106 4.4153e-270 9.30324e-34
2.20921e-54 7.24398e-61 1.11142e-207 0.140251 2.16232e-42 5.21402e-133 1.53012e-320 1.85942e-259 5.01535e-205 2.46055e-229 7.29874e-131 4.40054e-244 2.87626e-142
7.53105e-19 3.23847e-115 0.340145 1.31103e-63 2.20404e-39 2.01948e-251 2.94338e-172 7.83927e-246 1.22681e-243 1.92434e-10 1.18637e-232 3.50889e-110 4.20763e-123
1.24542e-247 1.34066e-127 4.3012e-208 2.17843e-182 2.78917e-66 2.24592e-41 1.49231e-315 6.57667e-94 2.07061e-209 0.153889 1.95056e-197 4.36239e-173 0.0453563
0.232535 1.57865e-13 6.02505e-80 9.77753e-200 1.682e-133 7.43975e-317 2.8515e-259 1.76393e-193 7.30147e-299 6.48962e-219 1.5296e-234 3.34002e-241 6.73828e-156
7.16834e-35 9.66129e-150 9.08148e-67 1.37427e-17 9.63639e-37 1.06705e-90 3.6117e-94 1.62704e-130 4.09793e-149 1.0973e-207 0.0334372 1.51752e-237 1.68649e-198
1.40417e-55 1.68478e-61 0.199402 9.67272e-169 1.78791e-154 3.83956e-129 2.2386e-142 6.86684e-61 1.34292e-103 2.66935e-44 2.76526e-50 2.12152e-240 1.82209e-175
6.05779e-43 1.8145e-142 4.7492e-16 3.72089e-118 2.21538e-112 1.06639e-34 4.22368e-214 6.40692e-139 0.119749 9.14812e-61 6.82087e-248 9.21402e-85 4.06193e-36
2.4773e-129 2.03221e-148 6.49043e-200 1.34265e-50 4.75e-83 4.55762e-195 0.101824 8.05372e-73 1.24958e-204 2.38196e-125 1.58619e-141 1.10785e-67 6.69304e-22
7.23825e-07 1.69573e-71 5.52568e-18 9.09917e-09 0.595057 2.78851e-215 7.06959e-301 2.11656e-172 1.22159e-271 1.10818e-115 0.0348355 6.38129e-189 9.77895e-172
2.74738e-146 3.85626e-172 1.69788e-155 8.03817e-87 2.03376e-184 2.57878e-282 2.78198e-14 8.51178e-23 5.75899e-287 4.46183e-177 1.39059 1.68866e-112 1.71243e-28
4.35208e-130 1.14699e-13 0.580955 8.75404e-122 6.33896e-124 1.11762e-204 9.79734e-290 1.98975e-231 2.08997e-237 2.03053e-91 5.10681e-117 5.13564e-100 2.55591e-177
1.98746e-62 7.07483e-132 3.51394 9.80999e-168 2.56992e-207 2.07038e-307 8.59321e-262 5.21887e-157 7.9432e-106 2.95496e-40 1.78203e-137 2.4883e-248 1.46863e-122
2.68302e-278 1.2684e-79 2.35766e-87 8.78126e-156 1.2991e-199 1.22024e-319 1.33475e-79 1.67902e-86 1.13921e-186 7.23668e-156 8.51985e-193 1.15852e-138 0.675695
1.54906e-230 4.80372e-183 1.32663e-198 9.32189e-89 3.55641e-177 4.16282e-131 0.0958719 0.160669 4.03734e-102 3.12766e-44 0.000393401 6.18999e-262 1.62655e-28
