2.16156e-55 4.42152e-23 1.60625e-29 1.3006e-53 1.80901e-36 3.25823e-11 5.21589e-07 0.117277 5.99379e-204 2.27572e-78 1.35153e-82 1.08833e-90 1.1504e-168 3.79921e-58
1.77375e-93 8.86157e-43 5.03788e-18 2.22671e-33 2.58368e-11 1.43704e-22 5.31323e-70 0.586235 3.42466e-98 5.37962e-89 3.95163e-93 2.61997e-59 5.83597e-161 8.68117e-14
0.00128313 2.27502e-15 2.56628e-20 6.09793e-21 1.00019e-16 9.96885e-20 0.112053 2.41119e-37 4.69952e-192 4.00037e-116 9.64214e-102 1.70265e-93 2.33102e-185 1.75882e-68
0.00777584 0.000488281 0.000649281 0.000152517 1.22527e-05 0.00650816 0.0193739 2.41938e-54 5.42253e-214 8.78442e-141 1.64927e-111 5.71158e-101 5.02786e-193 7.46931e-77
2.02429e-83 2.11694e-17 9.34514e-50 0.0440201 2.73112e-31 4.82479e-59 4.32333e-65 0.283136 1.65482e-151 9.03994e-63 8.97555e-48 3.33398e-51 8.59303e-144 1.24527e-16
1.41435e-58 9.29707e-236 2.35893e-77 7.25897e-134 4.82228e-127 4.82068e-07 1.03086e-118 1.27708e-44 2.11555e-62 0.651114 5.18185e-86 3.45809e-84 0.000444552 1.7962e-13
1.18737e-05 4.35523e-50 1.14858e-56 1.40462e-27 3.87788e-16 5.48848e-38 6.074e-33 0.244267 1.94566e-147 1.02725e-49 1.30232e-97 3.96062e-30 1.07879e-158 6.04431e-26
9.78968e-38 1.21277e-118 3.06068e-86 3.16287e-34 2.80256e-29 4.44759e-90 2.96021e-122 0.248237 3.89921e-126 7.74366e-18 7.78851e-52 1.20095e-38 6.71846e-149 4.40721e-66
6.63681e-72 7.44479e-26 5.58289e-60 1.38061e-17 9.54756e-28 1.75328e-42 6.87215e-43 0.127249 8.62518e-157 1.14929e-56 9.55862e-57 2.5618e-71 4.46856e-138 5.38093e-67
3.31555e-39 2.79321e-28 2.26467e-64 6.38311e-07 4.37651e-41 3.59567e-35 3.57587e-88 0.0973196 2.19325e-181 1.94322e-90 2.33512e-64 8.96895e-15 1.02599e-141 1.63388e-44
1.8859e-62 2.47342e-73 3.90365e-16 7.77587e-65 3.32154e-42 1.23351e-33 5.51609e-59 0.225892 1.37293e-134 3.97121e-99 3.76247e-82 3.87661e-67 2.06036e-175 1.88914e-40
4.05989e-06 0.0013368 0.0473927 0.000897857 0.00038471 3.4912e-05 0.000243886 2.75908e-54 9.87768e-214 4.81908e-138 4.93336e-114 1.30753e-99 1.13101e-194 8.06388e-76
1.50249e-46 1.78571e-59 1.83724e-08 7.43098e-48 1.22895e-54 2.32499e-24 2.27777e-40 0.614578 3.37317e-201 2.96438e-53 1.49982e-89 0.0300929 2.26766e-126 6.87805e-49
6.73237e-62 4.55292e-71 3.48744e-05 2.09573e-69 0.0160507 2.80249e-28 2.10009e-88 0.19028 5.51833e-211 1.04936e-48 1.01095e-29 1.31148e-78 8.9977e-181 0.182735
3.79695e-33 3.39622e-75 1.27686e-62 0.863202 3.2387e-09 5.35707e-05 1.37788e-124 6.94723e-25 0.0982132 0.264507 0.112484 4.61833e-93 1.88775 1.15381e-31
