3.41497 0.250662
1.17094e-321 7.30841e-48 2.91858e-40 3.46113e-171 2.5621e-111 1.68452e-71 3.46908e-111 0.422017 2.82997e-285 1.18969e-148 1.50839e-111 4.95941e-27 5.92183e-227 8.86136e-111 1.97458e-142 3.8511e-45 2.64589e-229 1.03702e-72 3.48841e-130 4.78103e-256 3.54583e-89 2.36525e-293 2.5241e-69
0.412065 1.2559e-112 2.9535e-107 1.55437e-63 5.4218e-67 0.397225 2.30977e-101 0.256064 0.544964 3.22629 0.500314 0.116342 0.474892 3.92691e-146 0.548948 1.97577e-139 0.613085 4.00628e-133 4.04022 0.366846 0.640701 0.498599 6.14221e-54
1.02272e-321 2.09817e-44 5.9732e-102 1.14344e-46 2.22457e-08 1.68055e-145 1.0696e-127 4.79384e-151 3.88432e-142 1.93128e-233 1.91548e-199 2.41517e-135 6.92893e-116 1.805e-31 1.6787e-158 2.00263e-69 1.42785e-321 2.38183e-177 2.77892e-23 3.48244e-110 1.00915e-244 1.27963e-321 0.215865
7.23189e-315 2.49213e-124 2.02499e-17 0.459599 1.06102e-46 1.62246e-62 0.349176 4.10001e-36 9.35448e-187 6.09941e-188 3.97337e-319 6.16697e-12 1.49278e-182 4.0558e-154 4.41135e-288 5.51577e-66 9.93203e-128 3.50727e-143 1.67375e-51 1.19724e-59 1.14312e-105 1.76381e-321 1.11937e-13
2.69985e-309 1.01328e-162 3.08408e-64 2.12508e-143 0.417968 1.42098e-179 5.00114e-96 4.28393e-60 2.87608e-213 1.05505e-242 3.0373e-269 1.26943e-108 4.07862e-275 4.06772e-179 9.18678e-317 1.54779e-274 5.31658e-252 4.66695e-135 6.46367e-83 1.07434e-164 1.08264e-179 7.23967e-238 2.30887e-56
7.22807e-125 7.46629e-18 0.132122 0.285939 5.77099e-72 1.66615e-125 1.78954e-112 1.40448e-77 2.74981e-88 2.00125e-237 2.00112e-218 1.7247e-43 4.65953e-203 3.74073e-119 2.86721e-273 1.21423e-218 3.01593e-142 0.242483 1.45143e-71 7.68034e-262 3.87192e-305 2.53033e-165 2.71812e-121
1.58049e-220 1.77234e-38 1.7662 2.48031e-49 3.89748e-53 4.17059e-131 7.09543e-176 2.51786e-143 3.01106e-139 2.71086 1.01238e-277 7.52392e-150 3.00771e-204 2.80575e-148 4.4258e-129 0.203902 2.10614e-127 1.62377e-109 4.9251e-70 6.28284e-243 2.8529e-72 3.38066e-129 2.17922e-48
2.82633e-244 1.44623e-161 5.03152e-51 1.07736e-181 0.0522693 2.27162e-147 1.2535e-53 2.80975e-63 2.43195e-209 2.33788 1.25741e-190 5.01985e-113 1.76675e-114 0.295449 8.83423e-201 1.41661e-204 1.26503e-169 1.61988e-13 1.3003e-100 1.78903e-192 6.53682e-85 1.03576e-311 3.29784e-160
3.94471e-148 0.485217 0.0427367 1.7306e-105 6.6961e-50 5.49955e-165 6.88748e-121 4.48707e-36 1.29186e-163 5.20376e-57 9.82511e-53 8.47256e-204 1.43239e-46 5.304e-121 8.63423e-147 2.01449e-288 9.12137e-175 1.585e-42 6.51524e-117 2.37821e-63 2.32254e-295 6.07094e-177 0.0394812
1.18797e-304 0.553575 1.29578e-93 1.25271e-112 5.44578e-139 2.28388e-83 2.81145e-189 4.6977e-89 3.31645e-285 1.24928e-203 2.47109e-181 1.04055e-164 1.29424e-251 4.24138e-135 7.88503e-277 4.58195e-150 1.48593e-194 4.49131e-176 2.03163e-96 3.16929e-142 8.74496e-234 1.64634e-227 4.66602e-113
