1.57988e-54 3.80476e-86 0.0136136 5.60213e-53 1.90703e-59 3.86223e-77 1.719e-72 8.23772e-214 0.110934 0.205487 2.32141e-72 1.30626e-38 1.06677e-144 1.65395e-89 3.41856e-101 0.0923865 1.11359e-11 3.88986e-31 1.49821e-31 4.68218e-10 1.39033e-186 4.08439e-39 4.56879e-97
2.29148e-52 0.111556 4.76307e-17 3.19091e-31 8.02631e-113 1.83e-98 6.47231e-58 2.33762e-122 1.85486e-77 1.26809e-75 1.19946e-83 4.07566e-66 2.68336e-123 0.106165 9.04496e-85 1.38189e-14 4.53533e-43 4.24659e-34 0.0517285 5.76129e-36 2.23381e-207 5.00529e-99 4.78911e-99
9.40841e-09 8.13018e-73 2.14676e-43 1.37363e-28 5.49084e-78 0.15338 7.99551e-130 3.10189e-199 7.64302e-75 1.78401e-106 0.12231 8.42373e-25 2.22123e-114 2.80895e-94 2.09557e-96 1.28582e-94 1.14416e-89 1.57667e-78 0.0251707 3.53087e-129 3.32935e-175 4.85975e-111 1.18319e-90
0.124203 3.93793e-87 1.73557e-69 8.98393e-41 1.17767e-101 4.55793e-27 4.21027e-107 4.0075e-233 1.25647e-38 6.41461e-55 5.29865e-37 1.31963e-49 7.02338e-148 6.18679e-40 1.99322e-96 7.02664e-82 1.26728e-26 1.70621e-24 7.48411e-10 2.7629e-83 9.09092e-217 7.07072e-75 2.08885e-55
8.57143e-67 4.60266e-96 1.4769e-43 0.09256 1.49681e-132 1.97778e-53 3.95346e-130 1.66985e-195 4.51679e-28 5.57771e-34 5.52647e-37 1.27508e-78 6.63061e-174 1.46362e-91 1.71597e-86 5.2784e-80 3.01588e-49 3.6414e-65 3.18869e-42 9.23451e-122 5.8314e-202 9.85675e-115 1.38912e-116
2.09587e-34 2.56073e-59 3.34313e-66 0.651444 3.40067e-94 1.35457e-30 1.43527e-96 3.48024e-213 1.95501e-11 1.31717e-56 5.62016e-56 6.69695e-88 1.33657e-165 1.4283e-70 2.75678e-75 5.83013e-107 1.63133e-91 1.20381e-37 4.19219e-13 2.35842e-86 1.3254e-146 3.08194e-83 5.27573e-109
4.00647e-20 2.1808e-28 1.24938e-52 1.86107e-60 1.59651e-159 1.39007e-117 2.07833e-129 6.88229e-126 7.54519e-66 2.6224e-65 6.08135e-65 1.74752e-85 6.50658e-128 4.95982e-61 1.444e-105 2.25387e-37 1.45312e-48 0.110849 4.02827e-26 1.83334e-87 1.50921e-173 9.52809e-68 7.83248e-114
0.105492 6.66388e-37 0.390388 4.92982e-59 2.13402e-123 3.72796e-71 3.23399e-61 6.50553e-179 8.27204e-85 2.49756e-96 6.31491e-64 3.82978e-49 1.83167e-153 5.1944e-65 1.04471e-40 0.0376836 0.0192607 0.168086 1.21147e-28 6.84358e-76 6.25985e-210 5.78302e-70 1.00121e-52
8.19719e-43 5.71042e-53 5.92887e-81 0.666615 1.29743e-123 0.659421 1.49038e-111 9.95168e-156 1.27956e-17 7.45633e-74 1.53479e-14 3.69401e-30 7.32487e-152 2.48895e-42 8.68774e-63 3.97142e-129 3.0544e-28 5.46425e-41 4.63034e-45 5.94134e-111 2.70121e-149 2.80023e-55 2.30407e-109
1.14485e-06 2.73518e-38 1.53046e-39 6.22552e-74 2.66723 2.34669e-29 0.403725 0.28527 2.1085e-19 3.95805e-69 1.94591e-26 0.245224 0.202148 1.95774e-70 0.0901718 1.06105e-101 0.0273788 3.95062e-13 0.0331104 0.270831 1.48585 0.737974 0.383246
