1.33916e-70 2.1447e-89 2.91513e-19 1.18677e-126 4.55325e-59 2.47042e-54 1.35877e-51 1.37485 4.89268e-51 2.96006e-165 5.3287e-05 4.37602e-60 4.72623e-59 0.463559 4.81677e-19 7.01255e-48 7.67116e-16 5.79469e-98 6.96771e-10 3.50035e-29 9.56694e-52 1.31037e-116 1.80194e-148
2.36636e-36 6.30711e-47 0.228661 5.51596e-23 0.514653 9.16956e-74 1.84414e-181 0.550398 6.59859e-36 0.0957256 1.02146e-108 8.89689e-95 0.18185 1.02866e-111 4.63808e-127 1.07563e-98 9.26629e-188 0.195791 9.03128e-99 1.53804e-15 0.195226 0.600271 0.439979
3.05065e-85 2.015e-78 8.19099e-93 4.90025e-27 3.55379e-23 8.47212e-11 1.51183e-72 7.20076e-110 2.90538e-39 3.19541e-49 1.36459e-92 0.175832 2.66839e-111 9.6289e-100 1.62787e-81 2.11054e-46 1.24049e-151 1.08701e-105 2.64492e-40 5.46605e-80 0.350399 2.23123e-84 9.15287e-166
1.22533e-32 1.03849e-36 7.34483e-52 1.10537e-77 1.35307e-79 0.220849 2.43805e-127 6.20857e-47 6.71713e-73 1.10742e-112 2.21788e-54 2.3231e-32 5.96121e-95 1.42031e-101 1.74358e-57 1.68457e-31 9.10048e-147 9.51823e-116 7.48313e-113 3.85321e-105 2.74059e-08 1.00381e-73 8.87127e-158
1.65277e-58 5.99916e-91 1.25299e-87 5.45512e-113 1.37064e-87 9.65131e-46 1.16957e-90 2.56397e-101 2.41137e-31 1.99908e-99 1.48426e-111 0.330378 2.58451e-130 7.49385e-92 2.17783e-93 4.26294e-94 7.74845e-161 1.2392e-75 4.05315e-103 9.57618e-25 4.52949e-08 1.26331e-99 3.20714e-156
2.89103e-131 8.41245e-105 4.16891e-44 1.8333e-125 2.74238e-80 5.50924e-51 2.34669e-150 1.91628e-95 3.45218e-24 1.80783e-145 1.69986e-37 0.256982 9.53915e-65 4.58505e-85 1.92295e-153 5.45481e-87 1.8681e-96 3.84713e-65 1.6517e-63 1.44639e-18 1.71786e-94 2.09653e-116 3.05694e-139
0.203528 5.15307e-80 0.10434 2.26031e-72 9.64459e-90 3.17415e-103 1.00998e-148 1.22397e-69 7.08514e-13 7.87174e-191 0.0481579 1.0697e-18 6.89302e-39 4.72154e-08 0.231577 2.32715e-95 3.31932e-155 1.78026e-90 2.0129e-88 0.340246 1.80947e-61 3.09816e-32 1.8637e-110
0.205631 1.31793e-73 1.23636e-55 7.66886e-79 7.23707e-64 0.273915 6.94109e-130 3.82138e-71 1.9697e-29 3.0242e-119 4.24997e-86 4.88376e-22 3.14242e-117 2.07913e-73 3.95958e-148 2.68386e-111 2.65429e-107 5.14783e-77 2.80815e-84 5.52735e-42 4.53551e-70 3.01393e-135 5.03241e-196
0.00626461 0.224561 6.26887e-78 0.0616416 2.7588e-56 3.82599e-110 0.156643 2.948e-52 0.313477 7.25738e-59 1.04019e-06 1.61034e-110 4.80308e-29 1.41724e-98 1.05376e-48 1.38971e-85 0.0511274 0.0106397 0.103419 3.46205e-10 0.00894272 1.99232e-92 9.03378e-94
2.34301e-65 3.52575e-119 3.11595e-76 4.71163e-94 1.76825e-81 7.56441e-115 3.30951e-127 1.47679e-44 1.51869e-85 7.52537e-87 2.53308e-75 0.207488 6.15537e-122 7.20329e-49 2.38325e-87 0.0775591 5.6112e-175 2.47398e-76 4.55985e-63 9.45253e-27 3.19008e-63 8.09364e-74 1.04823e-134
