0.00227023 2.31188e-10 2.5359e-12 0.00485758 2.00785e-09 3.86336e-10 1.38765e-12 6.48615e-10 0.0146829 0.00918926 1.63969e-08 1.2891e-05 0.000865921 0.0144267 0.000855315 2.05415e-05 0.0334297 3.25919e-12 1.9912e-11 6.7903e-15 3.93396e-12 0.705369 2.11318e-15
0.211915 3.50333e-14 6.06116e-13 2.40513e-05 2.23434e-10 0.000665648 2.61445e-12 1.87237e-09 3.76827e-09 8.87388e-19 1.30835e-20 1.62962e-07 0.0121186 9.76999e-21 1.94346e-11 1.6715e-07 0.000118718 1.80575e-10 2.25651e-10 7.61087e-14 3.6811e-11 1.46689e-14 2.32052e-05
6.12558e-11 6.0384e-07 1.01423e-08 1.68247e-18 4.713e-13 3.78133e-09 0.0214209 0.00208335 5.21665e-07 1.85287e-18 4.59699e-20 2.70048e-09 1.35644e-10 6.29573e-12 0.000448379 2.13151e-12 7.0214e-05 2.12255e-13 0.000601985 0.00318788 0.00928563 0.00166043 0.0169474
0.00445259 1.91966e-12 3.89414e-10 2.13212e-15 5.44409e-08 1.65468e-07 2.6521e-07 4.98644e-10 1.53652e-13 7.38205e-12 7.36769e-17 1.07253e-05 3.92813e-06 2.05146e-17 4.51288e-09 9.97015e-16 8.45872e-12 6.87538e-06 0.000385739 2.55111e-13 4.3641e-14 2.86285e-15 5.21868e-08
0.369347 4.52323e-10 1.68981e-06 2.24699e-15 0.00469724 1.05232e-10 0.0021576 8.15133e-08 3.6741e-14 1.779e-10 3.36266e-15 1.12207e-10 4.97484e-06 7.82186e-07 5.08497e-13 1.25349e-08 2.17329e-09 0.00331767 0.000525113 8.88134e-13 4.90712e-07 1.28869e-10 0.000893295
0.268903 9.55406e-14 0.124317 9.55545e-16 9.44211e-09 1.41122e-14 1.91641e-13 6.99929e-12 0.00839138 1.04753e-10 6.94326e-22 0.0215848 9.15172e-07 8.5656e-13 1.9811e-12 1.15719e-09 7.00274e-08 2.57475e-13 9.0517e-12 1.44215e-10 9.87916e-14 5.34171e-12 4.73231e-11
3.17893e-05 6.74992e-15 1.15938e-12 0.0106104 2.26736e-15 2.92728e-06 2.4623e-06 0.000180112 3.72766e-14 2.20592e-08 0.0104454 4.19975e-05 5.16103e-07 7.56291e-16 2.81942e-09 0.0196452 0.00441314 3.17988e-10 0.0197872 1.52664e-11 5.3299e-09 1.23902e-15 1.89085e-06
8.4109e-06 2.1376e-15 3.33106e-07 7.22022e-17 6.14635e-14 0.0040245 2.37793e-06 4.73248e-07 0.0346824 5.70849e-13 1.21518e-17 9.26707e-12 2.90858e-11 1.41206e-06 1.01932e-11 7.02366e-06 7.07805e-14 0.000353262 4.57762e-11 4.79827e-08 7.83668e-11 3.41233e-14 1.96918e-10
0.0253149 7.34436e-12 0.000871226 4.27553e-13 6.51784e-13 1.09755e-14 3.68347e-10 2.94933e-12 1.8257e-12 2.21753e-18 5.46353e-09 1.78488e-11 4.57996e-07 3.89248e-20 1.34904e-09 1.66136e-12 9.66686e-14 2.25269e-08 0.0210399 2.4488e-16 1.74e-10 6.34341e-10 9.1988e-17
1.04305e-08 0.0179351 0.000820907 3.97483e-14 0.0162764 7.01093e-15 4.60118e-14 0.0378167 0.00833515 8.59176e-08 1.01051e-21 3.94523e-06 0.0355241 0.00214586 1.43558e-06 2.75054e-11 8.35273e-11 3.91071e-13 0.0159149 1.28423e-13 4.81225e-05 7.18512e-15 4.12446e-15
