5.16996e-288 3.4634e-321 1.86757e-321 1.55631e-321 1.23022e-321 1.17717e-282 1.57607e-319 2.24035e-210 3.44858e-321 2.02359e-239 2.235e-318 1.97626e-321 3.93276e-321 9.7825e-322 0.0611888 2.56993e-148 1.85275e-321 3.25392e-320 1.51678e-321 1.22034e-321 6.54805e-24 1.51135e-320 2.6976e-321
4.78256e-321 6.3191e-321 2.62843e-321 2.20353e-321 7.91546e-189 4.56759e-49 6.55812e-110 7.33311e-178 4.27367e-321 5.93373e-321 1.32518e-118 3.28554e-321 1.40536e-287 2.15413e-321 3.67321e-137 0.345603 1.79498e-233 6.84973e-320 9.05498e-58 1.37844e-321 5.6828e-126 1.87943e-320 4.15792e-290
1.92686e-321 1.37844e-321 9.88131e-322 1.30433e-321 1.01778e-321 2.46632e-201 6.1022e-320 9.38725e-322 1.56125e-321 1.73086e-252 1.65301e-184 8.99199e-322 2.50985e-321 5.82997e-322 0.134367 1.26481e-321 1.25987e-321 2.14079e-320 1.20058e-321 7.31217e-322 2.12315e-155 5.32109e-321 8.94259e-322
1.52172e-321 1.06224e-321 6.37345e-322 6.07701e-322 4.5454e-322 4.31671e-247 3.42437e-320 2.34822e-314 1.20058e-321 1.40809e-321 1.14129e-321 6.0276e-322 1.44267e-321 4.15015e-322 8.80573e-84 7.41098e-322 7.70742e-322 1.27024e-320 5.73116e-322 3.55727e-322 7.21645e-193 3.22131e-321 6.47226e-322
5.64223e-321 6.0523e-321 5.67326e-218 2.5889e-321 3.12744e-321 2.98312e-226 7.84177e-155 1.68298e-310 1.02279e-164 1.70673e-115 3.81284e-107 3.24107e-321 1.91797e-242 2.14689e-244 1.72484e-08 3.68862e-262 2.70254e-321 5.51595e-224 1.27282e-171 1.74405e-321 0.420371 1.97132e-320 2.1405e-126
1.98032e-221 2.64589 2.37191e-68 6.18076e-321 0.996556 7.71814e-102 70.0554 6.80156e-27 4.995e-321 5.53665e-98 1.22731e-253 3.27566e-321 1.0533e-203 0.76362 3.91716 8.58638e-20 6.41776e-287 22.7724 3.77466e-321 0.751596 8.81012e-190 2.46391e-320 1.17618
1.55839e-153 5.85468e-321 9.12389e-253 2.09774 1.34878e-130 4.33296e-321 3.25747e-319 2.28737e-193 2.17728 3.11082e-233 1.38632 1.72581 2.7313 3.43376e-321 5.82162e-112 8.78188e-294 1.31309 8.07699e-320 5.21239e-321 2.60867e-321 6.36151e-56 11.0843 6.06713e-321
2.16521 9.3329e-321 1.2322 1.90362e-156 2.98416e-321 0.64927 2.00354e-103 0.765737 1.77801e-197 1.94087 1.70959e-137 4.91007e-74 7.6432e-321 6.42121e-216 1.71472e-138 8.25732e-115 6.85787e-226 6.56465e-320 1.22054 1.06376e-90 6.00813e-66 3.03603e-320 5.61376e-261
4.63928e-321 3.20155e-321 2.67784e-321 3.1966e-321 1.52172e-321 0.167634 2.78011e-276 2.95778e-37 3.34861e-133 3.30941e-89 1.84582e-54 1.86263e-321 6.79834e-321 2.00097e-321 1.19812e-66 0.337523 3.30036e-321 5.85536e-228 2.01579e-321 1.31916e-321 4.05582e-26 1.22232e-320 1.38223e-144
5.27662e-321 4.49106e-321 3.47822e-321 3.84383e-321 2.93969e-321 2.16379e-203 7.64853e-273 2.94087e-260 5.71267e-136 4.34254e-123 8.18943e-171 2.15907e-321 1.70477e-274 5.29145e-265 7.1907e-89 3.43014e-221 3.31024e-321 4.66645e-320 3.61951e-242 1.70046e-38 0.112552 1.99751e-320 2.29246e-321
