2.5927e-189 8.78189e-208 2.63172e-144 1.399e-274 4.8542e-180 7.61988e-203 1.05935e-83 5.69666e-286 1.70673e-23 2.7422e-204 8.3965e-206 3.53257e-321 0.155845 8.66197e-103 1.31518e-33
8.84937e-241 1.3075e-224 7.73377e-44 7.16456e-215 8.22912e-187 4.16302e-284 0.282476 1.54481e-129 1.71376e-104 1.7882e-173 1.3313e-31 4.84184e-321 1.10882e-191 2.02411e-20 4.1346e-34
1.55845e-168 0.403128 3.51297e-189 1.34589e-75 4.40551e-274 4.15297e-300 7.583e-65 8.29611e-286 4.79989e-15 4.63232e-206 6.24612e-269 1.47391e-251 4.37913e-164 1.22178 0.4047
1.7153e-100 2.57426e-178 1.24391e-123 1.88271e-227 1.80659e-83 1.82165e-222 0.0945073 1.84542e-234 0.13782 6.57604e-96 1.61851e-127 5.14816e-321 1.89085e-166 2.17002e-32 8.54993e-20
1.2788e-51 3.39075e-158 0.503836 9.93637e-47 2.16817e-70 5.24718e-254 5.57913e-09 0.229398 3.94784e-38 1.60219e-07 1.71657e-173 4.31893e-93 5.48936e-191 2.22558e-99 3.23498e-99
7.76328e-79 0.257251 5.60899e-164 5.07098e-243 1.3762e-272 1.15528e-149 4.8995e-50 1.05594e-127 2.31179e-131 4.65629e-160 2.03248e-118 3.68573e-321 0.436361 7.66284e-89 1.47489e-78
2.28109e-223 0.000955811 1.86074e-97 0.493676 5.89427e-253 2.75104e-191 5.89614e-102 4.94304e-286 9.24615e-177 0.698293 0.942118 5.78057e-321 2.94277e-215 5.09854e-09 3.02649e-191
1.10962e-94 3.72123e-198 6.71391e-24 2.97978e-180 1.38709e-52 1.45837e-291 2.24768e-33 3.62631e-293 7.93817e-97 5.37515e-158 1.18144e-179 4.81714e-321 0.505692 3.84662e-47 1.57893e-78
3.47231e-70 2.00178e-181 2.23945e-176 5.02353e-110 1.7294e-193 2.18268e-316 4.89601e-18 2.21018e-109 1.4951e-91 5.40354e-277 4.84863e-109 4.90607e-321 0.554195 1.11708e-103 2.96928e-188
0.3062 4.62605e-100 0.294464 4.22333e-215 2.25809e-229 0.381687 2.94723e-99 8.0078e-254 1.31064e-101 8.71316e-270 2.23383e-198 1.9097 6.16209e-39 6.95829e-156 3.73266e-208
4.55066e-96 8.58915e-196 3.63384e-78 2.295e-97 3.59186e-321 2.49194e-246 1.45663e-85 8.85943e-203 9.13772e-11 3.96936e-159 5.36723e-282 4.01181e-321 0.38575 6.35435e-37 0.0929353
6.3116e-185 7.72446e-168 5.47014e-98 5.25876e-235 7.43096e-127 2.33644e-202 1.11014e-152 1.66708e-263 1.04246e-57 1.88474e-186 6.44675e-315 1.63957e-281 9.5516e-121 0.100602 3.2421e-104
7.4401e-140 1.98482e-162 2.04965e-158 1.42859e-192 7.25861e-232 4.39107e-253 5.27803e-77 6.67372e-240 1.15631e-171 6.40884e-106 4.36069e-192 3.90312e-321 0.486457 2.38541e-35 0.0021043
0.259886 1.60788e-127 9.60411e-98 6.34902e-128 0.792492 1.46502e-235 1.38123e-73 6.90497e-38 4.09028e-94 6.1484e-149 6.22622e-320 2.9275e-169 1.66291e-49 0.000104037 5.56843e-56
5.50864e-68 0.204447 5.39628e-105 1.01002e-128 1.38166e-296 1.16937e-318 5.2565e-49 3.23371e-165 2.15223e-134 3.0143e-101 3.39423e-278 5.42568e-261 2.23659e-163 1.80809e-10 1.54308e-97
7.88186e-214 2.60741e-99 8.39726e-21 7.65078e-219 2.88645e-239 9.64794e-255 0.497518 1.51311e-31 2.46721e-68 0.0436012 1.41678e-128 5.80033e-321 3.39261e-75 1.00949e-54 1.61935e-212
1.12076e-76 3.56285e-170 1.46252e-60 3.8853e-317 0.344025 8.22813e-91 1.95518e-100 3.7204e-55 5.72501e-13 1.36779e-298 3.13736e-112 2.63985e-272 3.21781e-240 4.10426e-173 7.26483e-82
