0.00721636 4.67684e-42 2.22528e-27 3.49075e-24 2.34549e-35 9.71567e-60 3.46039e-38 3.57746e-110 4.19747e-33 0.0407053 0.0379244 2.50883e-117 1.8431e-119 2.67911e-48 1.80937e-126
0.3412 8.83454e-126 8.51823e-61 0.478332 1.3191e-59 8.65662e-75 2.069e-71 1.80816e-96 1.41975e-91 2.11712e-39 1.00326e-70 7.73884e-107 1.82675e-133 1.54993e-63 1.83957e-152
2.1259 1.42278e-128 4.40273e-58 2.86166e-46 2.61724e-100 1.07015e-52 1.24872e-77 1.31889e-107 7.2443e-89 1.90148e-67 4.38113e-60 1.52809e-145 9.44675e-152 7.25589e-51 6.66116e-160
8.40229e-11 1.50614e-49 1.70338e-65 1.09895e-42 1.03025e-74 3.65448e-50 0.00599695 3.02299e-106 0.163938 9.80614e-26 1.49969e-46 2.19009e-52 0.371235 3.3269e-61 7.85182e-147
0.250637 6.27286e-89 3.91198e-31 4.51553e-17 1.34075e-06 4.84985e-66 3.97816e-25 1.24902e-42 1.69123e-85 4.8395e-26 2.20369e-31 8.48636e-77 9.17266e-43 3.27043e-21 1.07336e-182
1.37346 3.23383e-28 7.09745e-32 1.59598e-42 1.40466e-93 3.13048e-79 2.02667e-62 1.08512e-76 5.45898e-88 5.51267e-29 8.03891e-66 6.53223e-58 3.81007e-95 1.69545e-13 6.9443e-149
2.13617e-11 1.03189e-113 2.08875 9.60103e-45 1.21557e-48 1.05504e-35 2.65417e-09 0.167357 7.5309e-13 5.06906e-76 4.35303e-78 2.06468e-29 1.55531e-135 0.235856 2.05643e-181
0.0124202 4.30097e-140 7.71461e-58 0.325245 1.69446e-68 9.93638e-73 6.4848e-51 4.20902e-101 5.75737e-124 4.16577e-52 9.09783e-79 1.8003e-110 4.89982e-85 6.77492e-68 7.97843e-178
1.03322e-24 5.1575e-87 4.36789e-59 1.79531e-31 0.0787335 0.314042 3.24028e-50 8.20842e-94 1.18712e-88 3.81047e-59 3.76893e-11 0.27506 1.46382e-37 1.2627e-51 0.209283
0.384508 2.64994e-143 1.71733e-42 3.87623e-08 1.47303e-27 5.94368e-63 1.06264e-34 1.79919e-108 4.02495e-73 1.10856e-35 3.55404e-74 8.10848e-147 1.83265e-90 1.48818e-81 2.08161e-147
1.18493e-41 3.74665e-132 3.75645e-55 7.77633e-36 5.35033e-92 1.96341e-76 1.86752e-67 2.93387e-120 1.22333e-130 3.13961e-64 2.48054e-86 3.15985e-140 3.13282e-144 2.42719e-83 3.63823e-179
0.90654 2.59947e-100 1.70827e-60 1.62993e-19 3.06063e-89 1.11979e-52 2.94437e-52 4.72065e-105 2.21215e-97 1.08927e-43 6.3015e-81 2.32188e-139 1.27185e-125 2.99866e-45 1.73603e-154
9.39776e-35 5.37717e-107 2.88288e-48 0.283366 1.47225e-46 4.08121e-44 4.02739e-78 5.36898e-87 1.36862e-108 9.87477e-65 1.03684e-52 3.82567e-98 2.80019e-152 7.0216e-50 1.41639e-158
0.290974 9.38673e-136 5.02687e-65 1.5589e-40 1.85049e-34 7.19151e-69 1.06226e-22 3.79835e-95 1.29611e-78 5.45782e-38 1.95448e-61 8.08159e-151 1.69005e-122 2.05089e-63 7.56809e-180
0.133691 1.27e-114 2.19481e-33 5.44476e-30 5.79708e-101 3.95794e-47 2.8893e-23 8.031e-82 5.66719e-123 1.91263e-73 1.07883e-31 9.16255e-85 1.33684e-84 2.0128e-81 4.96832e-107
0.107908 4.59473e-142 1.04774e-33 1.16504e-37 1.30095e-78 8.46666e-46 3.34853e-77 9.83267e-90 2.01158e-78 7.4227e-61 5.9995e-79 1.19964e-99 3.54433e-144 2.46964e-73 1.69822e-131
2.50698e-41 0.0446366 0.333738 1.52319e-25 0.145529 8.29969e-55 0.221669 7.85963e-109 2.66954e-86 7.51969e-55 0.0039481 1.0318e-128 2.45144e-152 1.31854e-39 6.31813e-162
