1.85656e-278 7.7757e-76 1.36496e-229 2.38288e-320 1.49894e-114 2.43574e-321 3.73701e-182 2.15907e-321 3.30008e-156 4.42922e-181 6.75587e-123 3.83395e-321 4.19956e-322 5.63665e-111 0.618705
5.07473e-189 8.8447e-126 3.03651e-113 3.26083e-320 6.11766e-119 1.8903e-191 3.94147e-14 1.1132e-88 1.41648e-24 1.07202e-102 0.206967 7.2183e-321 6.32404e-322 0.12405 1.12086e-11
2.42074e-179 1.36809e-115 9.80023e-181 2.15709e-320 3.42749e-140 6.40253e-289 1.68632e-188 2.06519e-321 2.70413e-149 1.94083e-263 3.61728e-154 4.86161e-321 4.10074e-322 3.19126e-220 0.225103
2.46453e-141 4.18975e-61 6.09795e-193 4.96684e-320 3.04954e-127 6.56966e-224 3.13093e-236 3.01439e-267 2.72179e-109 1.33386e-208 9.63292e-144 5.33591e-321 6.07701e-322 2.06603e-43 0.378919
5.65355e-201 2.76442e-98 1.20754e-196 2.38288e-320 1.20341e-83 2.46976e-312 4.9809e-131 2.27764e-321 4.33311e-101 4.83527e-160 3.66611e-219 4.03652e-321 4.5454e-322 3.43604e-141 0.138589
7.44846e-130 2.74321e-114 9.00149e-163 3.53702e-320 2.80962e-32 8.30635e-195 2.33109e-29 1.57341e-278 0.178324 3.42334e-168 3.88236e-07 5.33591e-321 8.39912e-322 4.25795e-154 0.0356889
1.30598e-303 0.19483 8.34532e-137 3.28603e-320 0.00526174 7.91134e-312 0.367331 2.46008e-306 6.56938e-07 9.83414e-139 8.15212e-174 8.75978e-321 6.07701e-322 1.17474e-169 2.11829e-96
7.64005e-277 1.38243e-95 2.11747e-124 3.68721e-320 4.5164e-94 7.44336e-315 1.94221e-245 2.05674e-267 3.78164e-16 5.46098e-241 3.38119e-106 7.18371e-321 9.43665e-322 5.43723e-182 0.0374089
3.26866e-294 1.85337e-123 1.35522e-188 2.38288e-320 7.3852e-135 7.19938e-261 3.54483e-207 2.14571e-235 1.26989e-73 2.25035e-241 1.55301e-243 4.58493e-321 4.59481e-322 6.54819e-173 0.29571
9.60793e-94 2.436e-91 1.39365e-70 3.51182e-320 5.18863e-140 4.5023e-192 6.77296e-79 4.9487e-265 0.497579 1.85138e-134 8.42936e-32 5.64717e-321 9.0414e-322 4.67854e-221 2.41069e-92
2.1541e-274 2.53909e-104 1.70326e-231 2.90955e-320 2.83263e-148 1.10132e-319 1.77552e-83 4.88801e-259 2.73691e-154 3.73149e-267 8.02126e-233 4.79244e-321 4.5454e-322 3.916e-205 0.383231
8.16329e-114 6.90837e-145 4.02287e-156 4.21438e-320 9.11326e-46 3.62572e-176 1.46432e-103 2.99898e-257 0.107478 2.4282e-200 2.09075e-247 8.07797e-321 9.83191e-322 3.30752e-214 3.57037e-14
5.66976e-306 2.61368e-113 1.86294e-103 4.16399e-320 9.59582e-94 5.69576e-174 3.72907e-203 7.01264e-241 1.79094e-43 5.92081e-192 1.01938e-126 7.49498e-321 5.92879e-322 1.83201e-47 0.0567519
2.76237e-249 2.56887e-85 1.90216e-264 2.25739e-320 1.74875e-133 1.45221e-232 2.14802e-252 9.95509e-274 4.50305e-87 2.36106e-253 2.50313e-219 3.79936e-321 4.39718e-322 4.31812e-195 0.34613
3.16086e-189 2.01279e-92 2.16184e-52 3.03505e-320 2.47126e-166 1.03636e-202 1.00777e-28 1.46954e-160 0.050046 3.3574e-189 2.69193e-114 6.12641e-321 7.06514e-322 5.7927e-238 1.14395e-77
0.839415 1.34017e-50 1.7019 35.5652 0.904068 2.18693 0.000187852 1.86612 3.50869e-76 1.70061 7.08822e-227 4.85173 0.604813 1.45559e-248 7.64115
2.52958e-207 2.37136e-142 7.6746e-136 3.51182e-320 5.49103e-23 5.58106e-274 2.07273e-222 2.93475e-321 5.45437e-16 9.52401e-204 0.125336 8.24596e-321 7.46039e-322 4.74537e-175 3.73922e-09
