3.63482e-208 2.86794e-190 1.0009e-196 1.54208e-43 1.52172e-321 4.3755e-99 1.94442e-171 3.70279e-78 5.36775e-141 6.48229e-34 6.16848e-116 0.202685 3.71269e-265 2.94926e-225 2.83691e-67
1.76147e-169 2.49338e-217 2.7993e-111 1.42501e-08 8.13086e-125 3.2366e-228 0.29576 1.24144e-309 5.23898e-46 3.30166e-93 6.84242e-74 5.49139e-121 6.20639e-149 9.01013e-120 3.67599e-168
7.12081e-141 1.14469e-269 1.86709e-252 9.99263e-196 6.89028e-253 2.07443e-288 8.64865e-165 4.2762e-246 2.76101e-175 1.85916e-267 1.44904e-202 0.0367829 4.16042e-102 1.43939e-250 4.70733e-261
2.42477e-227 5.89607e-87 1.08772e-264 0.335429 0.275796 3.30715e-310 4.47652e-147 6.06452e-260 1.62783e-138 1.26813e-275 5.11162e-59 1.75293e-05 1.01308e-230 5.77993e-272 6.19504e-70
9.26431e-41 4.28718e-26 3.19774e-262 5.46343e-38 1.40167e-207 0.695333 1.63167e-30 3.01026e-104 3.68521e-183 0.557324 7.34514e-80 1.63336e-303 3.57486e-279 1.39821e-321 0.156823
5.1984e-258 9.32454e-292 6.94878e-83 4.57032e-57 1.68341e-79 6.70854e-110 4.18459e-155 5.53503e-59 0.117429 1.73261e-35 4.74918e-237 3.89291e-105 3.41011e-215 1.52446e-213 9.23369e-57
1.09628e-117 2.44651e-182 0.786421 1.01616e-201 1.44516e-100 1.06188e-228 1.91642e-07 2.19859e-321 1.87074e-104 2.80834e-310 2.53554e-239 2.67099e-280 7.55099e-115 4.17181e-129 4.37531e-73
2.89902e-199 9.15151e-123 2.61851e-79 0.216368 2.24001e-226 2.17972e-154 9.06582e-109 1.20765e-134 2.20036e-119 5.05515e-57 2.2386e-236 3.23271e-213 3.66107e-273 5.36818e-174 6.03838e-118
6.07855e-218 7.01423e-276 1.15442e-89 0.293945 1.43979e-71 3.99204e-274 3.3809e-05 2.29942e-282 4.1602e-24 5.7424e-258 3.91593e-288 0.000885805 6.0365e-158 9.28138e-250 4.65002e-141
8.7051e-163 8.34784e-94 0.441044 1.45002e-42 1.90215e-321 1.45275e-220 7.38433e-132 9.21931e-49 0.390686 8.91159e-30 1.41833e-196 7.75527e-263 8.8649e-86 1.32904e-321 8.43404e-286
6.06316e-58 3.17937e-69 7.21165e-95 1.88459e-99 6.2364e-80 2.20131e-281 5.64587e-70 8.21299e-303 1.22924e-29 1.42277e-120 3.667e-114 9.72057e-145 8.19656e-83 2.34235e-195 0.0901851
1.13452e-240 9.58798e-177 7.31339e-109 4.17892e-186 0.0853988 3.59576e-190 4.59535e-54 2.36657e-321 3.09944e-168 1.74655e-57 5.18506e-147 0.23445 3.31722e-234 1.43279e-321 8.90284e-113
1.6356e-158 3.72402e-79 6.43908e-18 7.85288e-197 2.95478e-232 1.88011e-173 8.20098e-179 2.60373e-321 1.2735e-25 2.607e-70 0.286034 3.24959e-102 6.33249e-105 1.35868e-321 1.31009e-30
6.21721e-218 8.70229e-265 1.18161e-176 4.36104e-44 1.12239e-35 2.75689e-321 6.7382e-08 3.0078e-166 0.0341651 2.52329e-270 6.58559e-98 1.27897e-59 2.89901e-192 7.61852e-132 1.12596e-46
0.168556 0.865061 1.19911e-29 5.6031e-104 1.18552e-186 1.84481e-254 1.78536e-197 2.63752e-05 1.50935e-66 4.08182e-54 3.76619e-157 3.27661e-56 0.565558 1.34897e-70 5.51797e-258
9.34735e-59 4.10936e-26 3.5012e-141 7.70222e-202 1.04322e-161 2.7834e-281 2.86712e-197 0.625249 2.29651e-74 4.90001e-167 1.39553e-169 1.60107e-138 7.36157e-237 0.355352 2.40447e-252
2.19289e-190 5.67617e-125 6.23017e-136 1.12725e-198 1.0665e-265 2.69422e-277 0.1342 2.17248e-293 5.9836e-89 1.9812e-321 2.22696e-181 7.71445e-57 1.93946e-201 8.334e-191 3.59894e-114
