5.92914e-06 1.35726e-83 8.63577e-54 8.47749e-13 2.69523e-22 1.53803e-55 9.78705e-110 4.90861e-52 5.54143e-68 0.649685 1.26011e-70 3.70296e-35 2.9019e-65 4.44312e-60 2.30683e-48 1.96977e-86 6.18505e-53 3.99255e-08 1.27492e-10 4.90406e-56
1.61096e-20 8.72911e-14 3.97219e-09 1.18721e-07 6.80253e-25 5.5067e-20 6.24012e-88 2.37415e-55 4.13693e-92 3.5579e-54 7.12839e-97 7.52307e-102 2.56829e-52 1.84615e-58 1.21688e-48 1.89761e-75 3.30112e-57 7.34858e-30 7.03583e-61 1.30028e-60
5.09802e-19 7.41282e-40 3.31096e-84 7.60637e-66 3.38141e-17 6.41386e-46 0.113261 1.23536e-42 3.03811e-47 2.88006e-38 3.11138e-89 1.71546e-88 7.21925e-41 0.0916722 1.01745e-38 4.09066e-77 0.0617646 1.91128e-05 4.98333e-15 2.62206e-65
1.38562e-78 1.24092e-120 1.95041e-13 2.28884e-80 1.44908e-30 1.01599e-62 1.33667e-08 1.46252e-16 1.12494e-85 1.48067 0.120981 1.25238e-44 0.0147625 1.12791e-08 1.12993e-56 6.20479e-16 1.96365e-60 1.04289e-33 3.45845e-46 3.18945e-21
8.1872e-61 3.68891e-19 3.40967e-42 3.92959e-34 9.53156e-38 9.85147e-36 8.70317e-53 8.3705e-25 3.13597e-68 0.19 4.67658e-48 2.5833e-86 1.10452e-17 2.42387e-29 3.6581e-43 2.77771e-50 4.64125e-15 4.62387e-23 6.39514e-09 8.11586e-71
2.39534e-50 1.03463e-27 5.3779e-64 8.46193e-27 2.93992e-63 9.35796e-41 1.10734e-100 4.21998e-41 1.46314e-92 1.85971 2.21987e-77 5.6306e-84 3.12995e-33 1.40572e-64 4.15999e-28 3.57024e-46 7.52613e-20 5.04959e-18 1.17272e-65 8.2612e-66
6.4693e-45 7.433e-70 2.09668e-31 6.34174e-26 3.83036e-31 0.00010811 6.27976e-109 2.85941e-46 3.64768e-69 0.221391 3.16199e-55 9.03603e-85 1.83412e-72 1.44541e-33 1.37059e-36 1.26771e-33 3.15165e-06 2.6552e-29 2.5229e-48 8.88658e-35
7.92786e-37 2.79145e-27 1.19678e-25 3.61736e-09 2.69372e-65 7.02661e-09 4.9639e-88 3.09369e-48 1.41017e-81 0.41005 4.40137e-94 6.26541e-89 3.83973e-64 3.67752e-23 3.35799e-15 1.34678e-81 4.91858e-56 0.083582 1.65709e-13 2.23027e-75
0.0114767 0.000381073 0.00147475 0.000811992 0.0136094 6.29658e-05 1.66861e-111 1.85527e-68 8.62992e-102 1.0901e-65 1.47127e-97 9.61159e-103 1.72096e-75 1.34442e-73 3.1574e-60 5.63916e-93 1.07387e-62 1.59974e-45 1.54277e-76 7.47787e-79
3.29845e-17 4.5241e-48 1.17127e-47 1.2013e-44 9.30802e-80 5.50548e-35 1.42552e-71 7.93292e-47 4.16595e-82 0.174933 1.88586e-64 1.28614e-53 4.49799e-41 9.59627e-58 0.0720414 5.38253e-84 7.25624e-11 5.34057e-31 0.0901358 1.09176e-30
6.655e-23 1.29927e-84 1.06209e-32 1.85959e-84 4.18544e-55 1.44399e-51 2.28657e-30 7.76285e-06 1.81866e-07 1.32651e-43 1.56677e-25 0.784264 5.69647e-39 1.21783e-46 0.306374 0.0565438 2.798e-27 1.65192e-27 1.05787e-71 1.74071e-17
3.58246e-17 2.85678e-83 6.63627e-53 2.71977e-42 1.20057e-94 2.61007e-21 6.64057e-109 3.15487e-16 9.18774e-77 5.08575e-37 9.30669e-76 0.0226708 4.58188e-38 8.29902e-53 1.40734e-24 4.19101e-42 1.21037e-07 7.449e-30 0.0277656 9.77988e-58
2.8522e-10 8.75857e-96 1.15868e-90 6.47644e-63 4.72576e-87 1.70565e-39 0.00140714 0.0892588 0.138984 2.52183e-29 4.40195e-47 0.316062 2.25203e-51 2.11204e-28 2.2102e-38 5.38164e-06 1.49178e-43 7.74412e-43 2.4508e-17 0.158737
2.73363e-13 4.4305e-41 1.81304e-38 1.73994e-41 4.7389e-30 0.00495214 1.66587e-107 2.3128e-18 2.86691e-56 9.5966e-49 1.15931e-65 3.48689e-61 1.10704e-60 4.66537e-53 6.47519e-45 1.32334e-61 2.05501e-45 0.104613 4.23335e-75 2.19204e-54
1.4338e-68 1.71674e-48 9.58556e-34 3.42737e-21 4.251e-18 1.42626e-07 1.21028e-80 9.0771e-31 9.68751e-30 4.87734e-35 3.50216e-62 1.84273e-54 1.26936e-62 2.37426e-17 2.97522e-09 4.97939e-24 0.274897 3.17598e-33 0.0142179 9.57526e-31
