8.85385e-60 6.01528e-225 7.41149e-130 1.73238e-176 0.312561 3.76208e-08 1.88109e-06 2.16389e-251 1.79259e-161 3.58601e-180 1.43396e-132 6.02047e-257 9.87778e-45 1.0508e-39 8.47409e-214 1.66968e-144 5.11377e-191 1.92342e-65 4.95281e-58 5.40508e-321 2.25838e-10 1.0715e-171 0.150221 6.46579e-160 4.65299e-209 1.01778e-321 1.85356e-313
7.20073e-272 4.82715e-81 2.96684e-214 2.231e-56 7.99243e-147 4.89832e-106 2.13537e-40 3.39963e-221 6.85512e-318 4.76453e-26 4.41449e-124 3.75449e-05 2.93212e-263 3.78354e-225 5.28808e-111 1.22482e-110 1.43596e-227 4.59386e-31 2.39141 1.69218e-243 2.85161e-81 3.18356e-319 2.83457e-210 4.25808e-198 0.394336 6.4541e-248 1.94212e-303
3.18076e-155 7.23305e-29 5.77547e-90 5.02286e-94 2.67988e-82 2.46771e-295 0.197298 3.59828e-295 5.60988e-243 4.86631e-127 1.06356e-253 1.2891e-295 1.04264e-171 5.15156e-193 8.36124e-75 8.39745e-212 1.72559e-246 5.84892e-247 1.54165e-92 1.52697e-220 1.29907e-20 1.3418e-245 9.41707e-136 3.00898e-212 4.04896e-177 1.07132e-305 3.0203e-105
1.88975e-09 0.0400126 0.000273856 0.0123407 2.31409e-216 3.16828e-290 2.07883e-157 1.33398e-322 8.39912e-323 7.52319e-291 3.0138e-322 7.23928e-316 5.92879e-323 8.20157e-253 1.04161e-205 4.40985e-216 1.42229e-298 4.44659e-323 4.75706e-164 2.51973e-322 2.60769e-160 1.18576e-322 6.62805e-236 1.09183e-311 2.71332e-214 3.95253e-323 6.91692e-323
2.32111e-97 3.95082e-195 3.10373e-52 4.06317e-71 2.19705e-131 0.518613 5.64291e-127 1.21863e-270 3.42446e-129 4.59473e-252 5.06911e-321 0.409946 3.40898e-258 1.78281e-198 1.22301e-98 9.32472e-150 2.28117e-212 3.78176e-251 3.37757 4.77242e-255 1.21112e-14 1.84434e-158 1.16895e-190 2.35669e-321 6.73397e-198 5.2871e-169 1.14254e-30
9.08263e-75 1.52177e-288 7.33017e-112 3.83394e-41 1.16358e-69 6.7892e-38 3.50589e-125 2.71744e-155 1.47488e-179 1.25844e-181 8.14714e-321 1.72971e-300 0.29715 0.46577 1.17767e-29 1.10455e-24 2.09308e-198 2.85371e-101 2.14974e-87 8.58375e-110 9.60904e-69 4.18284e-255 1.85355e-05 1.55679e-221 3.35391e-146 0.251573 7.11454e-11
2.72282e-188 9.30779e-306 1.29743e-315 1.73831e-267 7.58374e-194 1.7173e-296 1.3163e-05 1.08318 0.634627 0.591799 2.43031 1.26123e-56 8.54623e-294 4.22569e-188 1.08383e-136 2.12864e-182 0.706843 3.47923e-101 3.2568e-63 7.77659e-321 1.3644 7.64281e-290 7.97559e-79 0.880792 0.489433 3.37372e-276 7.47138e-100
6.0117e-145 2.51196e-121 3.62023e-97 2.73942e-32 9.41933e-184 2.03873e-259 1.38414e-60 1.05151e-311 1.56603e-282 8.36075e-260 9.09328e-320 3.32696e-143 3.67078e-283 3.63153e-191 3.34952e-158 2.62018e-185 2.34209e-193 1.93459e-142 1.54088e-87 1.55072e-319 4.66323e-98 1.52666e-321 6.9846e-192 4.56544e-257 0.736846 1.28055e-268 9.54315e-237
1.37988e-09 4.40376e-77 2.34827e-47 1.20049e-112 1.97594e-133 6.55448e-19 0.105952 2.20847e-321 7.98763e-253 1.35379e-76 4.38867e-261 2.99143e-280 2.7441e-270 1.55701e-134 1.4114e-202 9.81988e-55 3.79154e-265 2.86408e-231 4.6455e-156 1.43807e-211 1.4099e-37 2.9322e-289 6.23707e-84 2.08596e-266 4.9657e-137 7.90505e-322 3.61704e-231
8.01018e-96 5.41578e-53 0.104864 6.58519e-05 4.04003e-220 3.50968e-194 8.85636e-150 8.99199e-322 5.58294e-322 1.42359e-257 2.10472e-321 3.01951e-272 2.37563e-318 6.07259e-229 5.52208e-170 3.49236e-219 4.14151e-274 1.66616e-314 2.08394e-131 1.11749e-299 1.26044e-112 7.26276e-322 1.90203e-215 2.79233e-299 1.95172e-193 2.81617e-322 1.11576e-245
8.23812e-36 6.94844e-173 5.39835e-120 2.78819e-169 2.40947e-128 1.86743e-165 1.94507e-84 7.47432e-132 4.46013e-18 2.46096e-56 5.19713e-122 4.85008e-84 3.94489e-163 1.01998e-205 1.20413e-99 0.383494 4.35068e-42 7.50765e-89 1.27611e-156 2.68016e-175 3.47454e-143 0.595177 1.5652 1.73107e-212 3.72662e-90 3.55435e-158 0.0881596
4.94369e-102 8.54734e-240 8.09793e-195 2.31794e-69 2.45548e-139 3.01858e-220 8.6981e-10 1.63099e-204 9.28369e-287 1.02282e-103 1.05393e-150 1.38318e-134 0.0014935 1.99112e-231 6.05952e-197 3.60458e-41 5.58697e-144 2.77453e-157 0.730601 1.40851 6.90598e-59 4.50228e-55 2.71868e-10 7.70521e-101 2.0564e-136 1.10177e-321 5.50104e-148
1.4822e-322 1.25284e-63 1.84637e-15 4.52075e-129 2.12751e-141 1.25277e-150 1.97004e-06 1.46626e-182 2.29825e-132 0.320569 7.29241e-321 6.18182e-258 2.36454e-169 1.44114e-122 0.436631 3.42805e-42 2.54489e-296 0.183855 7.60793e-58 2.11944e-53 7.96292e-40 1.40818e-79 7.57644e-09 4.02436e-197 1.94915e-102 3.73692e-268 0.210281
5.85274e-162 3.55919e-95 3.93413e-69 3.20521e-39 4.21965e-85 5.68623e-240 3.07922e-58 1.66994e-321 9.14956e-258 1.24512e-166 3.98217e-321 3.03268e-158 2.58601e-222 4.49969e-234 2.0014e-177 7.15707e-124 1.34518e-177 3.32377e-197 1.19206e-154 1.04725e-286 6.64647e-78 2.85103e-295 5.15221e-165 1.08991e-320 0.458748 9.41816e-243 7.16395e-322
3.74783e-125 1.14021e-139 7.58658e-84 5.37533e-93 2.86834e-09 1.28868e-151 1.74792e-40 3.26654e-239 1.3241e-321 1.56951e-92 5.4215e-301 3.63456e-196 1.03185e-208 7.18529e-249 2.3423e-140 9.5539e-176 3.39692e-203 5.77313e-169 4.50818e-98 2.52121e-170 4.30145e-32 2.82553e-280 4.94191e-24 2.44465e-220 0.26566 1.0437e-188 1.39533e-277
3.66771e-158 5.97265e-81 1.03913e-136 9.44457e-53 1.08726e-104 1.49745e-286 9.25072e-32 1.55631e-321 6.12077e-269 1.65269e-227 2.09925e-279 2.07755e-142 7.01573e-322 2.24e-227 1.06163e-102 4.04129e-139 9.91918e-295 4.84184e-322 6.57355e-94 2.17722e-297 3.27689e-71 1.49363e-193 2.97459e-146 1.92281e-200 0.0734558 6.6065e-264 1.16737e-259
0.0240564 3.58569e-183 2.67637e-109 2.28219e-116 1.945e-139 5.27611e-139 4.41472e-94 2.01751e-229 1.39821e-321 3.42385e-169 1.08398e-189 8.7961e-96 9.83191e-322 1.70522e-81 1.37288e-52 2.91446e-161 1.10875e-170 1.30287e-188 0.0747713 3.8883e-321 1.95378e-14 1.46911e-267 3.55473e-207 1.1128e-110 3.02518e-163 4.66578e-131 1.0326e-321
