1.77462 0.224501
3.21075e-79 1.64084e-62 6.15525e-105 9.06334e-172 1.24671e-79 1.21391e-102 2.13381e-152 3.96335e-37 2.61809e-156 9.23903e-322 7.70742e-322 0.193968 7.17447e-264 5.04703e-122 5.89995e-243 1.43317e-193 9.94923e-239 1.51428e-252 6.68293e-87 2.1893e-39 5.15519e-92 2.68142e-124 0.161259 6.24031e-89 5.22462e-180 8.29417e-94 0.0212562 2.72724e-321 0.00217977
1.81322e-321 3.93276e-321 3.43376e-321 9.7825e-322 2.45591e-69 1.37491e-226 2.81617e-321 5.38532e-321 2.96439e-322 0.580815 0.393687 2.72497e-115 7.33433e-31 1.0242e-108 0.714438 2.63455e-228 0.000172944 1.49826e-92 2.07524e-86 4.17995e-73 2.47962e-29 0.565615 5.99809e-91 2.75476 1.43515e-180 1.96716e-16 0.995054 1.50024 1.23748e-104
3.48767e-73 1.35982e-43 1.61073e-198 2.11952e-82 5.50779e-35 7.23908e-145 3.44126e-12 3.63086e-195 4.00608e-245 2.6622e-269 1.7502e-286 4.42656e-24 1.08483e-121 4.52628e-210 1.7737e-321 0.387357 0.301462 1.3902e-218 6.22936e-151 0.255067 1.86715e-61 1.42749e-54 0.177509 1.9969e-119 9.95948e-100 2.58301e-51 5.09559e-06 1.14699e-252 0.842698
9.17365e-106 1.32644e-11 1.33433e-49 4.09901e-57 1.89304e-106 5.76256e-156 6.75868e-62 3.7761e-128 1.45131e-10 5.82997e-322 4.496e-322 7.24251e-181 2.48617e-253 1.51578e-200 7.85564e-322 4.05666e-216 7.89483e-119 3.19808e-139 6.16995e-75 6.90654e-131 1.36123e-177 1.55811e-281 1.05304e-129 8.58816e-200 2.94584e-110 5.52568e-87 0.0208164 1.57113e-321 1.69117e-104
1.69126e-207 2.13595e-243 1.43694e-204 3.75023e-209 7.02358e-224 1.26851e-229 1.65453e-86 2.21491e-63 1.03994e-283 1.20314e-184 1.05597e-147 5.73812e-66 1.39179 1.7005e-149 9.90878e-226 1.08897e-88 3.99754e-15 0.347874 5.4144e-53 3.41427e-37 3.78687e-157 2.58062e-67 1.13296e-90 2.8483e-151 6.97407e-148 3.35824e-138 3.19515e-27 3.85865e-321 4.34732e-97
2.54967e-18 1.59423e-122 7.46521e-41 9.53772e-08 9.97487e-71 3.44063e-148 8.16977e-111 6.19654e-30 7.77768e-55 7.90505e-322 4.94066e-322 1.01951e-269 1.91415e-294 4.58306e-159 7.16648e-281 1.9376e-221 1.06383e-201 8.00541e-205 9.93402e-153 2.71838e-122 4.97859e-107 6.28724e-228 5.95465e-134 1.73582e-107 2.8585e-07 0.0627651 1.21932e-29 2.51449e-249 0.672429
4.92062e-192 1.46717e-113 1.95814e-35 5.88027e-17 1.30851e-53 1.96791e-312 1.73898e-76 2.02763e-261 5.86636e-221 3.37564e-313 1.80413e-281 3.33931e-29 9.72187e-230 0.308126 1.58101e-321 3.3099e-184 1.69772e-115 6.3868e-35 0.402074 5.10897e-10 0.221581 1.44123e-251 1.90263e-39 7.74367e-102 0.362239 3.81413e-59 6.18299e-93 3.37447e-321 2.4254e-156
2.2992e-141 5.18834e-85 1.81453e-52 2.31264e-157 3.00408e-85 3.29925e-155 1.17678e-168 2.404e-187 1.53994e-74 9.09081e-322 5.32939e-250 3.3283e-100 1.95779e-185 9.00033e-131 4.17589e-265 8.05955e-180 3.28756e-138 2.6444e-252 4.28864e-35 3.36872e-80 5.5543e-80 5.45129e-147 1.24662e-23 3.36658e-178 5.74493e-132 1.46072e-129 3.97293e-88 2.30235e-321 0.04835
1.14532e-123 0.0373709 1.75156e-85 1.30168e-81 6.55221e-70 3.2752e-14 4.08843e-140 4.86304e-118 0.000301865 6.12641e-322 5.33591e-322 5.60509e-170 4.61883e-278 2.01688e-108 2.37825e-275 7.6253e-152 1.94462e-239 4.98538e-228 7.63709e-50 4.99536e-113 1.36734e-246 4.99546e-241 1.04299e-81 1.15568e-202 2.17328e-71 1.93321e-14 1.05347e-36 2.31717e-321 0.258992
3.79455e-177 6.78402e-77 9.43632e-24 3.13337e-163 3.11819e-19 9.84937e-109 7.39629e-160 2.85417e-194 9.69269e-46 9.0414e-322 3.04607e-251 4.18032e-63 1.39487e-251 4.707e-134 1.24505e-321 3.33709e-114 1.31269e-70 4.20473e-249 7.99478e-140 1.54915e-151 3.86833e-141 1.03827e-126 2.3243e-114 3.07363e-67 1.41501e-74 0.529032 1.46244e-20 9.26357e-272 2.07516e-10
3.23038e-130 1.23279e-76 1.3806e-82 2.38467e-100 9.39407e-30 3.41809e-153 2.44626e-20 8.65067e-93 4.89836e-50 5.2865e-322 4.39718e-322 1.68917e-219 7.65457e-292 1.1256e-171 5.34512e-306 1.15796e-208 2.00938e-223 2.74231e-211 2.9188e-129 1.4699e-160 6.05793e-130 1.79116e-237 9.77177e-101 1.33829e-144 3.09557e-59 8.51888e-117 0.00516309 1.65512e-321 6.53865e-129
0.00158728 0.00199535 0.0019645 0.000591112 0.00127063 0.00153793 0.00204696 0.0036131 0.000268535 4.94066e-324 4.94066e-324 6.14184e-286 6.50257e-302 8.62336e-215 4.94066e-324 9.69402e-256 8.01971e-240 5.96471e-271 3.56915e-167 1.49068e-196 2.6042e-249 4.43663e-307 6.21173e-137 8.5108e-218 3.0743e-208 3.48049e-144 2.5109e-108 1.4822e-323 4.23681e-170
