0.0555532 7.859e-44 0.0547869 1.33872e-08 4.4511e-34 0.000114914 2.99561e-21 1.87825e-09 2.62626e-11 1.5887e-19 1.22688e-38 9.76542e-63 0.08529 1.96361e-17 5.01077e-48 2.00143e-09 1.10681e-21 1.09503e-48 4.9417e-47 8.19157e-09 7.0737e-69 1.22958e-61 3.60672e-52 5.89105e-33 4.48864e-39 5.2226e-09 3.16572e-42 0.0484904 1.54927e-32
7.04656e-48 5.96519e-62 2.36978e-46 7.89513e-12 1.77155e-27 4.77339e-50 1.66718e-16 0.0343465 2.17971e-13 1.54529e-19 6.34698e-23 4.13626e-50 1.57892e-06 0.0129201 4.08905e-41 1.67887e-12 0.0952955 1.21796e-33 1.02631e-12 0.0841824 1.49089e-52 1.26091e-26 2.3997e-75 0.161683 0.0351235 8.57796e-09 5.05136e-14 7.11661e-13 0.0137247
1.74539e-07 1.76067e-08 0.0963574 1.67713e-16 1.49199e-07 1.05311e-12 2.27253e-09 1.30302e-05 1.52498e-28 3.41489e-19 4.16298e-36 6.69421e-59 0.493988 2.20756e-20 4.39932e-46 1.34787e-18 1.97522e-26 2.84289e-52 1.59635e-18 6.0521e-05 2.17684e-66 3.11266e-45 1.31643e-41 4.16087e-22 9.27696e-20 0.0486491 1.34942e-25 2.27827e-07 9.58151e-45
1.58678e-06 1.02929e-25 8.95992e-23 1.85474e-06 7.6556e-07 1.66715e-06 1.47705e-11 2.29814e-19 1.5666e-07 4.06249e-26 2.72621e-44 4.13089e-67 0.599472 1.44845e-11 5.67259e-38 8.73494e-38 4.91157e-25 2.86869e-49 1.48487e-46 3.78061e-14 3.82634e-53 1.51941e-51 4.5085e-75 1.57511e-30 7.6841e-19 1.47377e-22 6.01128e-45 1.94905e-34 2.9307e-48
4.79428e-13 2.13303e-20 7.66732e-29 0.000245859 0.0242647 0.0453844 2.28413e-18 0.0110668 0.0081392 4.59743e-15 4.55181e-51 9.23852e-41 0.472091 5.3115e-21 4.5931e-52 3.99807e-39 3.11118e-18 1.85953e-44 7.96846e-36 1.72821e-20 5.42567e-31 5.86035e-59 3.7929e-60 1.698e-17 4.71229e-16 3.09533e-23 2.4868e-27 0.000797669 2.63385e-49
6.33261e-24 5.94193e-47 1.81452e-24 5.97537e-12 1.33903e-47 4.20641e-13 2.21399e-26 7.20724e-33 7.44443e-14 1.11046e-32 1.12202e-28 1.36922e-43 0.129328 0.0193689 1.87359e-44 4.87674e-06 1.27015e-05 7.16074e-46 5.63695e-19 1.54306e-15 1.99373e-51 1.47106e-61 7.32213e-73 3.35614e-13 1.49383e-27 9.33117e-22 6.98777e-40 5.71429e-10 5.87254e-52
3.09397e-20 0.0549983 8.0226e-18 4.08862e-05 1.2061e-31 1.18066e-07 0.00182414 8.33176e-28 4.92659e-22 1.64552e-39 2.63143e-51 2.58057e-67 0.124882 6.82254e-24 1.2029e-46 3.60676e-17 8.58852e-30 6.13177e-51 3.3327e-21 3.93999e-06 1.27085e-54 7.27717e-37 8.42892e-74 1.00471e-33 4.2973e-44 9.96272e-27 1.99871e-47 6.80495e-46 1.13424e-35
0.00133839 2.48758e-29 5.42727e-11 0.0271965 2.1817e-19 1.05794e-22 1.37216e-08 2.5047e-12 2.2891e-12 1.39592e-35 9.67886e-53 3.4989e-56 0.442681 2.01803e-22 5.3809e-48 5.32025e-33 2.11572e-16 4.76292e-47 2.77209e-42 1.86521e-31 4.43005e-63 2.66885e-72 1.49938e-70 3.53031e-38 6.14627e-43 3.1856e-10 5.13416e-47 6.12399e-42 9.12525e-57
3.38089e-17 4.17371e-22 6.78834e-21 9.0679e-10 3.6238e-10 9.70555e-15 0.0202728 3.41892e-08 3.63069e-07 8.13778e-39 1.36604e-50 1.78889e-72 1.32677 4.51856e-26 5.39196e-48 1.93552e-30 7.00068e-22 3.34766e-38 2.75883e-29 2.24557e-24 8.51994e-66 5.3374e-61 1.03671e-76 5.96445e-26 6.50027e-34 1.13881e-17 8.34209e-45 1.31995e-35 7.58765e-53
8.81052e-50 4.78023e-62 2.32734e-38 3.73468e-42 2.62701e-57 1.57221e-56 3.23579e-37 1.24298e-45 3.05583e-21 0.0998796 0.0393966 0.0839927 1.88744e-10 9.41695e-08 0.0547245 3.86433e-19 3.87985e-15 0.0567827 0.15088 6.02195e-15 0.101068 0.126709 0.348486 2.10554e-25 1.21118e-24 4.48662e-17 0.0460618 7.13861e-30 1.27198e-42
0.000131529 8.38273e-13 8.99173e-38 5.78999e-12 7.58782e-17 6.92595e-20 1.67903e-09 9.86139e-23 0.0276916 1.14611e-17 4.30074e-45 2.49561e-70 0.00277615 0.0244885 1.20967e-44 0.037256 0.017393 5.46559e-22 7.69836e-31 1.42256e-25 2.22507e-55 5.5828e-22 3.2317e-88 4.78552e-26 2.38429e-05 2.2769e-19 1.79006e-42 1.90121e-08 2.0959e-40
2.71511e-12 9.08479e-09 1.36199e-11 6.74718e-06 1.96173e-29 6.04067e-21 1.66155e-15 1.30136e-15 1.55048e-19 5.89756e-30 1.41162e-43 3.71157e-66 0.064513 8.15204e-19 3.58811e-54 2.11607e-42 6.65606e-23 1.98733e-32 1.04588e-36 3.75887e-23 4.39943e-57 2.95814e-73 1.11112e-65 2.07435e-38 3.36289e-27 7.71951e-14 9.00985e-41 3.07841e-20 5.98353e-42
