1.96252 0.239341
0.364311 0.682073 7.56862e-15 0.385279 0.11219 1.86136e-128 3.09412e-65 2.7044e-100 1.02989e-136 1.14974e-148 0.355062 2.57786e-20 7.34046e-116 1.76209e-114 7.87584e-237 4.38359e-122 1.16723e-126 6.49705e-238 5.27881e-192 3.55776e-55 4.84264e-268
1.15729e-79 2.21723e-176 6.20287e-114 4.45183e-172 2.52152e-39 6.92834e-34 1.16253e-93 2.66231e-148 2.61545e-55 1.42187e-287 1.45516e-82 2.83371e-138 9.61169e-57 0.166208 3.1875e-141 7.12358e-22 3.66284e-106 7.39495e-178 4.30854e-186 9.41292e-141 7.5513e-110
2.61317e-06 0.0302148 3.96687e-209 9.21253e-141 6.74547e-76 9.36076e-70 1.91036e-64 0.0427262 1.50698e-236 1.75824e-201 5.09894e-125 3.14208e-76 2.92449e-136 3.56514e-196 1.18321e-105 4.43293e-96 2.57618e-169 2.03416e-137 1.43012e-212 7.22268e-73 2.92921e-167
0.123498 2.66823e-175 5.64486e-133 5.11153e-159 8.57703e-84 3.38412e-101 3.81949e-117 6.45749e-127 3.86341e-215 4.48056e-170 1.00583e-121 1.98038e-159 2.12845e-112 1.09521e-212 8.22008e-156 6.68648e-86 2.05136e-59 3.12387e-182 1.2155e-102 1.36563e-111 1.20521e-273
3.43705e-115 1.7664e-147 3.89576e-93 1.37435e-138 1.03622e-300 1.09671e-33 1.38123e-147 0.144837 1.5078e-114 1.82988e-122 6.55067e-113 3.47852e-55 1.59668e-128 1.06643e-175 1.33254e-38 1.46896e-101 1.34876e-25 3.62621e-63 1.52514e-31 1.68457e-45 1.9779e-90
4.63331e-62 1.35797e-53 2.00124e-141 1.34308e-27 5.87938e-322 6.39389e-155 2.34631e-185 7.59669e-110 7.04867e-38 3.01414e-216 9.83071e-132 2.08344e-65 1.08802e-105 7.73694e-05 2.05951e-215 0.339545 6.16119e-83 1.25417e-94 4.15903e-35 0.0662327 5.14477e-131
2.69432e-167 4.12056e-140 1.8128e-202 0.0040025 4.58549e-289 9.40033e-46 5.8528e-41 2.89334e-89 3.23729e-47 0.363661 0.137659 1.70708e-48 7.99271e-21 1.31691e-81 2.11753e-211 0.316776 4.66622e-61 2.4083e-203 3.29985e-67 0.0442554 3.88962e-88
1.87221e-23 5.74606e-111 1.53013e-83 2.28305e-65 4.3419e-118 0.154908 2.3873e-171 2.08714e-60 5.59767e-162 1.77633e-244 7.07069e-154 1.23205e-190 2.3921e-79 8.86057e-96 2.79299e-241 1.01387e-69 2.13258e-169 1.7342e-132 2.02885e-120 8.28606e-53 3.39162e-170
2.11468e-161 1.37996e-74 8.65608e-46 1.19951e-96 4.04586e-179 1.5525e-63 3.14846e-202 3.23289e-131 3.30243e-46 5.24243e-106 7.34251e-72 2.5747e-168 0.0693091 0.22375 1.7089e-208 1.17036e-175 1.32238e-65 4.34634e-101 1.08048e-242 2.28108e-117 1.66988e-204
5.82633e-168 1.69934e-59 0.114182 8.25975e-178 3.62302e-107 7.98748e-47 0.23832 3.10361e-71 3.60462e-08 2.30643e-191 4.99298e-154 0.135595 6.88835e-132 1.61013e-211 5.89385e-30 1.65061e-65 2.78778e-39 0.437779 1.21646e-42 1.95066 2.03703e-77
1.40126e-54 9.41751e-111 2.78537e-104 2.57918e-65 3.06151e-151 0.498793 4.60503e-125 4.26169e-21 2.80959e-72 7.60891e-93 2.2715e-179 3.038e-90 2.33205e-42 6.91998e-85 3.42364e-84 1.136e-48 2.56271e-152 9.61496e-253 2.97957e-72 2.04542e-56 1.39957e-237
4.13375e-96 1.71853e-25 5.40129e-194 3.78084e-62 2.52552e-08 0.433953 3.37921e-134 1.0944e-134 0.33002 2.91724e-196 2.7873e-128 7.46833e-190 9.41978e-80 0.472473 9.03534e-127 3.34943e-143 9.08497e-122 2.99572e-20 0.486901 8.92505e-156 3.94501e-304
7.2042e-121 6.85076e-172 4.97155e-220 5.2108e-143 1.58101e-322 1.1848e-124 3.72933e-227 3.60977e-162 2.88676e-175 6.29612e-219 4.2897e-161 4.51138e-193 3.52738e-111 6.86915e-188 7.97983e-195 6.76143e-148 1.03375e-171 7.63703e-271 1.42001e-229 6.26824e-152 3.23177e-271
7.64185e-19 3.81378e-168 3.14048e-107 2.30973e-108 6.15773e-215 5.16987e-69 9.3581e-159 2.58092e-116 9.95234e-233 8.18086e-222 8.93664e-178 1.80545e-05 6.77721e-119 3.55173e-39 0.110026 0.0613656 1.34338 5.05715e-32 5.25647e-67 2.45231e-172 0.219221
5.87635e-156 2.81387e-127 1.21784e-168 2.11483e-94 7.20886e-293 2.79568e-161 2.06276e-167 0.150996 3.20085e-119 1.43134e-221 5.36729e-160 1.77616e-110 1.34482e-95 4.29719e-143 6.00524e-211 2.0392e-115 5.2951e-150 2.57585e-73 4.46149e-160 1.23212e-58 1.31017e-218
