7.11434 0.509912
6.6483e-258 3.21637e-321 3.49798e-321 1.92721e-183 3.50293e-321 0.189251 8.05327e-321 1.082e-321 1.30427e-250 3.52704e-128 4.1798e-321 1.93148e-212 1.66852e-175 1.34134e-39 3.1472e-321 2.72139e-131 1.24159e-320 2.23812e-320 2.52468e-321 3.15654e-247 4.34236e-189
2.71736e-321 4.03158e-321 8.56605e-102 1.3735e-321 3.85865e-321 3.53455e-320 6.01278e-321 1.40809e-321 0.0866232 2.80135e-321 2.18377e-321 2.02567e-321 3.82124e-125 7.61355e-320 2.26282e-321 5.86649e-47 8.6165e-321 2.21885e-320 1.92192e-321 1.00203e-181 3.14176e-320
4.58087e-267 3.05333e-321 3.38929e-321 3.35312e-103 3.70055e-321 1.25355e-84 7.21336e-321 8.74496e-322 0.0436601 2.90511e-321 2.36657e-321 1.97626e-321 6.17436e-257 0.00143532 2.20847e-321 2.56525e-110 9.83685e-321 2.747e-320 1.78358e-321 0.0464808 5.7193e-320
2.70748e-321 2.26776e-321 1.72175e-265 0.218091 3.25589e-321 4.05009e-296 8.05327e-321 9.73309e-322 1.61579e-175 2.63337e-321 2.64325e-321 1.68476e-321 4.15509e-321 6.65364e-60 2.78653e-321 1.31173e-106 6.03254e-321 1.73862e-320 2.09484e-321 1.31553e-15 2.6388e-320
3.7302e-321 3.04344e-321 3.67585e-321 0.0607179 3.50293e-321 4.01033e-320 7.38134e-321 8.20149e-322 1.04838e-295 3.06815e-321 3.5968e-321 5.64729e-73 9.6395e-108 3.93485e-301 2.40116e-321 5.17083e-245 6.38333e-321 2.33397e-320 1.67982e-321 3.44356e-268 3.61458e-320
2.50491e-321 2.58396e-321 3.98711e-321 5.44881e-128 3.96241e-321 9.2595 8.87342e-321 1.07706e-321 1.55174e-238 2.81123e-321 3.54245e-321 1.99108e-321 5.35073e-321 4.66943e-139 2.04049e-321 8.28636e-17 6.94162e-321 2.73762e-320 2.05531e-321 0.455628 2.8977e-320
2.21341e-321 2.50985e-321 2.92993e-303 2.56889e-193 2.09978e-321 1.05684e-169 4.40212e-321 8.34971e-322 4.02524e-274 2.33693e-321 1.53654e-321 0.0328509 1.56203e-246 6.31366e-320 1.6403e-321 1.69713e-66 6.38333e-321 2.38189e-320 1.47232e-321 1.7384e-45 3.46241e-320
2.84673 3.06721 2.14843 4.62253e-115 3.73351 2.1632e-302 5.81931 1.87239 1.14021e-190 1.78534 2.22805 7.25335e-221 9.52643e-319 40.8551 3.3393 0.22574 8.44268 23.2486 2.28145 8.25786e-148 36.9163
3.33e-321 2.47033e-321 1.61071e-216 3.62751e-19 2.25294e-321 1.26433e-304 7.40604e-321 8.20149e-322 9.57585e-120 3.18569e-107 2.48515e-321 8.96792e-293 3.49759e-28 5.0881e-100 1.6403e-321 0.500065 6.66e-321 1.61362e-320 1.38338e-321 5.07854e-176 4.94164e-320
2.78653e-321 2.26776e-321 9.7858e-164 5.54181e-269 2.25294e-321 1.45406e-276 4.83196e-321 9.18962e-322 0.153909 1.75545e-209 2.25294e-321 4.20337e-36 4.34778e-321 5.79045e-320 2.34681e-321 9.90483e-107 9.03646e-321 1.88239e-320 1.4822e-321 2.66326e-143 4.63681e-320
4.56175e-285 6.57601e-321 4.00266e-281 4.01183e-08 5.33591e-321 8.39829e-250 7.26276e-321 2.03555e-321 1.18391e-23 4.15509e-321 2.89028e-321 7.31697e-26 4.06104e-240 5.22194e-160 4.01675e-321 0.264579 2.23565e-320 4.06353e-304 2.34681e-321 2.37208e-208 1.1688e-314
5.11852e-321 5.34579e-321 3.25589e-321 3.55245e-310 2.87052e-321 4.3773e-223 7.13925e-321 1.25987e-321 1.76977e-254 3.60775e-301 3.09285e-321 1.65018e-321 0.279872 0.000811104 1.91697e-321 1.82155e-17 8.12738e-321 2.19019e-320 1.92192e-321 4.26715e-210 4.46882e-320
2.64819e-321 2.92487e-321 3.69936e-222 0.00993878 3.71537e-321 3.78751e-320 4.83196e-321 1.09189e-321 1.61878e-210 2.17754e-258 2.0899e-321 2.66865e-80 0.0858636 3.39877e-162 1.77864e-321 9.88428e-320 7.70742e-321 1.95008e-320 2.21341e-321 1.28291e-227 2.68426e-320
4.17485e-321 2.25788e-321 3.10767e-321 4.69457e-199 2.6976e-321 1.87268e-19 8.29536e-321 1.03754e-321 1.72569 2.69266e-321 2.04543e-321 0.362537 2.68219e-36 2.00703e-123 1.70947e-321 2.83336e-291 8.6165e-321 1.69069e-320 1.4822e-321 3.01654e-134 3.49255e-320
5.03453e-321 4.47129e-321 2.77649e-219 6.54842e-175 3.17684e-321 3.69032e-254 1.05285e-320 1.91697e-321 0.424629 3.48578e-19 2.59384e-321 1.0182e-230 0.95398 1.56609e-24 4.42683e-321 0.180784 1.60473e-320 3.0642e-320 1.92192e-321 3.40508e-162 4.91101e-320
