2.19256e-314 1.75393e-321 2.47527e-321 5.81021e-321 9.83191e-322 2.49503e-321 1.05236e-321 2.70748e-321 1.69959e-321 1.27469e-321 1.37844e-321 2.47033e-321 0.247091 5.02465e-321 1.23022e-321 1.22034e-321 4.06122e-321 1.26975e-321 1.47232e-321 1.52073e-320 1.56125e-321
2.39128e-321 2.2233e-321 2.62349e-321 6.61657e-116 1.09189e-321 2.81123e-321 1.00789e-321 2.92487e-321 1.76876e-321 1.44267e-321 1.30433e-321 2.34187e-321 1.10162e-245 4.86655e-321 1.25987e-321 8.94259e-322 3.04344e-321 1.24505e-321 1.43773e-321 1.42587e-320 1.58595e-321
2.00746e-130 2.40818e-146 4.82208e-321 0.0387616 1.89227e-321 4.15015e-321 1.36362e-321 4.496e-321 4.02664e-321 2.38634e-321 2.09978e-321 4.18712e-219 3.74824e-221 5.37543e-321 2.84088e-321 1.32904e-321 5.15805e-321 2.02073e-321 2.3814e-321 2.67339e-320 2.1146e-321
2.84919e-281 5.41122e-257 5.24698e-321 0.103702 1.83792e-321 3.15214e-321 1.60077e-321 3.93027e-118 2.60373e-321 1.81816e-321 3.27071e-321 5.29144e-321 8.79039e-49 4.74303e-321 2.30729e-321 2.12942e-321 4.18474e-321 1.68476e-321 1.49208e-321 2.16253e-320 2.04543e-321
4.18474e-321 1.25913e-228 3.67585e-321 1.15256e-251 1.13141e-321 2.99404e-321 1.04248e-321 3.87842e-321 2.04543e-321 1.50196e-321 1.59089e-321 3.38435e-321 0.110446 7.14419e-321 1.72429e-321 1.10671e-321 4.44165e-321 1.665e-321 1.50196e-321 1.90067e-320 1.81816e-321
1.53846 2.40116e-321 1.05532e-320 1.06422e-320 1.97626e-321 5.11852e-321 2.67784e-321 1.36041 6.0029e-321 3.4634e-321 4.5207e-321 6.21535e-321 2.48491e-80 2.82554 2.04764e-39 1.57607e-321 6.42779e-321 3.82407e-321 2.42586e-321 3.52862e-320 3.66103e-321
6.81317e-321 4.03652e-321 5.46931e-321 1.43154e-286 2.20847e-321 5.64717e-321 2.34681e-321 2.48605e-16 5.16299e-321 2.5642e-321 2.99404e-321 1.41646e-113 0.0310152 7.49004e-321 2.06025e-321 3.48332e-122 1.20947e-320 2.71242e-321 4.40212e-321 4.11063e-320 3.10273e-321
2.82111e-321 1.13635e-321 2.17883e-321 1.26133e-255 9.93072e-322 2.44068e-321 7.65802e-322 1.68537e-283 1.43279e-321 1.10177e-321 1.47726e-321 2.93475e-321 0.0750396 4.60469e-321 1.00295e-321 7.80624e-322 3.12744e-321 1.14623e-321 1.04742e-321 1.28309e-320 1.38338e-321
5.07899e-321 7.77218e-106 4.67386e-321 1.58408e-102 3.32506e-321 4.61951e-321 1.55631e-321 0.100245 4.75785e-321 2.70254e-321 2.63337e-321 4.42683e-321 5.06688e-102 8.7005e-321 1.92686e-321 1.49208e-321 7.14913e-321 2.831e-321 4.64422e-321 4.28898e-320 2.6976e-321
1.51184e-320 0.519662 7.28613 6.18347 5.37189 10.3521 3.5086 1.5217e-13 4.71377 4.98288 4.1851 4.33064 8.68967e-282 2.82623e-99 2.32205 1.96145 16.6765 7.8076 4.2664 46.8453 5.34459
1.5527e-179 3.16202e-321 7.9841e-321 9.35266e-321 2.05531e-321 5.87938e-321 3.87842e-321 5.36061e-321 5.04441e-321 2.72724e-321 8.31018e-321 6.22523e-321 0.9798 2.39549e-183 4.63928e-321 4.21287e-88 1.04445e-320 4.41695e-321 6.66495e-321 4.40756e-320 3.2806e-321
2.67967e-304 2.86558e-321 4.51082e-321 0.310697 2.01579e-321 3.913e-321 2.20847e-321 4.34342e-43 3.32506e-321 2.03555e-321 2.78159e-321 5.29144e-321 0.0488222 9.77354e-243 2.64325e-321 3.91324e-317 8.8833e-321 2.89028e-321 2.23812e-321 4.01577e-320 2.79147e-321
5.38654e-185 0.578539 4.17485e-321 9.75286e-321 1.82804e-321 3.9377e-321 1.47726e-321 3.00845e-198 2.56914e-321 2.91993e-321 3.32012e-321 5.83911e-319 1.08072e-151 6.72423e-321 2.36657e-321 1.20058e-321 6.00784e-321 2.47527e-321 2.70748e-321 2.54246e-320 2.88534e-321
4.11557e-321 7.16545e-159 3.56715e-321 1.09667e-24 1.29445e-321 3.51775e-321 1.54148e-321 1.65976e-240 2.1393e-321 2.04543e-321 1.87745e-321 2.94463e-321 0.166155 6.99252e-318 1.43773e-321 1.41303e-321 5.91891e-321 1.8231e-321 1.50196e-321 2.64918e-320 2.34681e-321
2.47033e-321 1.3241e-321 2.5889e-321 7.54438e-321 9.93072e-322 2.36163e-321 9.43665e-322 2.61713e-283 1.91203e-321 1.24999e-321 2.2727e-321 2.23812e-321 1.61267 6.21535e-321 1.58595e-321 1.31421e-321 3.25589e-321 1.28951e-321 1.35374e-321 1.65166e-320 1.32904e-321
