5.12546e-14 1.79671e-12 9.97252e-20 6.02258e-34 6.67003e-24 7.61444e-07 8.03964e-22 1.56996e-30 9.67127e-36 2.65069e-37 5.43826e-24 2.33989e-19 9.72097e-10 1.29158e-24 4.3883e-34 4.05036e-17 8.15401e-15 1.88107e-05 0.936778 8.36742e-08 0.000328473
6.09734e-24 8.56673e-26 1.22168e-15 2.06673e-27 9.36594e-31 0.326817 3.30186e-32 8.41041e-20 2.4227e-19 3.53891e-35 5.36182e-27 1.41018e-28 1.43168e-26 5.52199e-25 5.52594e-31 2.11687e-16 5.35343e-08 0.000191604 5.72576e-22 1.25551e-16 2.22833e-07
1.13963e-21 8.73058e-13 9.89457e-21 1.24281e-17 1.70898e-33 3.36269e-23 5.29298e-31 1.36937e-19 5.75886e-35 4.51189e-25 1.6766e-09 8.9474e-18 1.59627e-26 2.63404e-35 5.45737e-40 6.63285e-20 5.394e-17 7.24452e-10 0.775261 1.02452e-11 3.96133e-11
5.26486e-08 5.98658e-10 1.47351e-30 0.0155102 1.69047e-38 5.10703e-32 2.5368e-20 0.000127972 0.0110987 4.13219e-28 3.53134e-07 1.03388e-09 4.8917e-22 8.96969e-09 9.39681e-31 0.0311719 3.27028e-08 1.51336e-19 3.0469e-20 0.00017177 9.14141e-18
2.52316e-11 0.00309155 2.55429e-31 1.36315e-26 6.7904e-44 1.90289e-21 4.36403e-14 2.25554e-18 3.85484e-16 0.0158781 5.30959e-24 0.0635643 0.00388571 1.77431e-11 5.14772e-21 8.97391e-25 0.11592 9.16674e-18 0.179598 0.00085104 3.03986e-12
8.97702e-11 3.62675e-29 2.57729e-29 9.97013e-14 2.91427e-42 6.495e-08 6.08332e-31 3.85921e-31 6.21748e-27 1.46461e-31 1.74777e-05 2.45179e-22 3.16437e-26 2.89771e-15 1.02844e-24 1.97302e-33 1.15512e-08 6.45897e-13 0.69471 7.0804e-12 3.8347e-16
1.08179e-14 3.45313e-17 4.27303e-17 2.88412e-32 6.3163e-16 0.0496349 5.42475e-12 1.52906e-22 7.76581e-07 9.94096e-26 0.044712 1.54071e-14 3.27876e-14 9.83298e-28 3.14933e-28 1.06032e-17 2.3446e-17 3.08764e-14 1.33157 1.45697e-19 2.98245e-14
4.98905e-15 1.5287e-24 1.67039e-18 6.78516e-19 7.25339e-47 3.53281e-23 8.24209e-31 3.46428e-13 2.47476e-23 1.66574e-38 5.3685e-05 3.14e-18 2.41717e-25 4.03379e-29 5.10623e-27 8.68684e-19 4.33875e-19 7.43118e-08 1.32277 1.07702e-21 5.69527e-07
1.03527e-17 0.00074671 1.10136e-09 3.46512e-31 9.69343e-41 6.75343e-13 0.0930932 2.20579e-26 0.00110109 9.78913e-18 1.87776e-14 3.60281e-16 1.05375e-05 2.65347e-29 4.75626e-30 1.18165e-31 4.76544e-05 5.28043e-17 0.0414196 1.61636e-05 0.000645891
4.95703e-06 1.19573e-13 0.00686475 2.02027e-13 0.0172184 1.18831e-08 4.78662e-27 1.27236e-08 9.19185e-27 5.67021e-26 0.00539473 2.70007e-08 3.05823e-28 5.30873e-16 0.0223163 1.31647e-18 2.61459e-11 6.23367e-07 3.19535e-17 5.75627e-11 1.6723e-11
9.383e-13 8.2414e-09 6.07353e-13 2.9865e-24 2.03968e-40 6.35906e-33 3.51333e-15 1.78471e-16 1.91158e-31 2.63207e-35 2.49896e-07 5.48698e-30 1.23635e-16 2.05285e-15 5.52119e-36 1.36579e-25 1.01221e-05 5.07718e-10 0.449864 1.60015e-17 3.06051e-10
1.00981e-14 7.56521e-18 2.81921e-11 4.29584e-15 1.20848e-40 3.70601e-20 1.40385e-33 1.76167e-33 1.86e-26 7.65336e-18 2.17366e-25 1.54044e-19 1.26471e-19 4.27851e-10 5.04033e-44 7.44654e-19 1.9362e-16 0.0500024 7.07705e-25 4.39898e-13 0.225483
0.0146015 5.73028e-20 1.43017e-31 8.67495e-31 4.11453e-39 1.26291e-19 1.68094e-13 1.62818e-22 1.29508e-35 3.74416e-33 9.76934e-05 1.53158e-18 2.10905e-14 2.68223e-31 1.08846e-10 8.2485e-19 1.2936e-06 2.72075e-20 0.319176 1.03379e-12 1.94789e-15
2.13193e-18 0.00871204 0.0154194 2.86175e-13 1.49108e-25 0.123152 8.97173e-25 0.036514 2.62643e-10 5.99888e-12 0.101439 2.3864e-12 4.55567e-26 0.0022531 1.37333e-12 3.62286e-33 8.0161e-08 3.01406e-17 9.77877e-07 0.191447 2.01416e-18
4.00874e-17 3.4782e-05 2.9283e-27 0.115656 2.6037e-10 0.000472978 2.89407e-32 5.24718e-05 1.08497e-32 1.95534e-10 0.000316995 5.58241e-20 9.54615e-26 3.8618e-28 4.48839e-21 6.83363e-16 8.5186e-06 0.000591917 0.321556 5.30465e-14 5.52092e-14
