7.17648e-48 9.63665e-88 5.79549e-127 1.96561e-31 1.592e-73 3.36812e-46 4.15919e-56 7.61862e-115 8.11693e-33 9.78161e-127 9.40402e-83 2.85804e-95 7.53987e-57 0.0252398 3.32733e-57 1.86553e-68 1.36666e-54 3.64352e-48 1.28645e-51 9.61242e-100 7.71172e-104
2.7537e-33 2.19539e-59 7.14675e-147 3.31969e-31 2.31695e-79 0.291429 1.22992e-29 9.71453e-92 2.48841e-63 5.5173e-108 1.17491e-49 2.77782e-82 9.77265e-56 8.59376e-07 9.1457e-49 1.32807e-53 1.07117e-40 5.95807e-27 1.03245e-06 6.15564e-89 4.23211e-74
1.51867e-28 1.1422e-63 3.27707e-126 8.37246e-35 3.13871e-53 1.84465e-22 0.00319214 8.56803e-62 9.72008e-37 8.11327e-66 9.1765e-65 6.31684e-35 1.73993e-21 3.05587e-21 1.24316e-86 1.11511e-35 8.09131e-62 1.22782e-68 2.59761e-22 6.05888e-82 2.50822e-103
2.55897e-28 3.69696e-71 1.12916e-142 0.082197 2.23192e-58 1.53057e-22 7.2015e-63 2.57578e-126 0.332572 3.84414e-107 8.09089e-110 2.85566e-102 1.18433e-17 5.64271e-21 4.3859e-72 3.14653e-40 1.00773e-43 1.59063e-72 4.80757e-60 1.7185e-93 6.31695e-48
3.60119e-83 1.88657e-83 1.33519e-73 2.30244e-27 5.23073e-73 3.41973e-14 6.57416e-45 1.45014e-56 1.26939e-56 5.06097e-63 1.50317e-105 4.51102e-38 1.34256e-41 9.55077e-07 0.0543388 9.69666e-23 1.94237e-38 1.01232e-59 0.669699 1.76394e-66 5.39256e-58
3.0719e-35 2.64147e-14 4.01368e-77 0.000277128 2.10969e-55 9.03091e-06 1.80305e-20 5.03138e-63 1.61833e-41 7.83022e-57 0.64882 3.00317e-66 1.86244e-07 0.287802 2.91897e-67 5.67374e-83 3.68488e-26 9.769e-82 6.22065e-72 1.0721e-102 7.06067e-105
9.13245e-49 9.61245e-39 4.70291e-138 3.17051e-36 2.9312e-75 1.45722e-65 3.13031e-11 2.13483e-103 1.15287 1.13218e-100 1.94233e-83 2.14186e-64 6.53379e-26 0.00010874 1.1874e-66 2.16814e-43 2.07049e-47 1.1834e-43 2.94262e-52 5.32999e-96 1.58637e-103
0.0718676 3.38823e-27 2.5834e-153 1.59612e-35 2.98583e-70 5.87622e-61 6.11216e-64 9.9243e-112 0.321889 9.46932e-80 4.61651e-07 9.45655e-10 6.32819e-48 1.03373e-18 7.31286e-44 0.0983769 4.68582e-15 1.9393e-29 6.86623e-57 9.86833e-103 1.40608e-79
3.63046e-86 9.06321e-95 7.22929e-130 8.9029e-34 3.70582e-58 4.4943e-61 5.10972e-53 4.98396e-89 2.08287e-29 2.53968e-118 8.08861e-71 2.60793e-69 6.98116e-52 0.302713 1.58866e-47 1.08249e-89 1.02847e-45 2.54972e-65 1.33398e-63 1.14909e-112 1.81442e-91
4.2291e-59 9.42257e-44 2.31437e-107 0.117312 2.97454e-76 2.15088e-51 9.08555e-35 2.65584e-128 5.6592e-35 7.62077e-112 4.21214e-88 2.32371e-76 1.0831e-41 1.43552e-18 1.05528e-63 2.29951e-48 1.50763e-35 5.00808e-37 6.32136e-65 2.21939e-100 4.03997e-92
1.9091e-68 3.24743e-67 3.00344e-167 1.78437e-24 3.6219e-58 3.50784e-67 3.38049e-46 6.89433e-106 2.45563e-51 2.06841e-112 7.95349e-90 2.28046e-103 1.24395e-48 0.216775 5.01941e-54 2.01996e-65 2.64429e-70 2.12527e-76 5.2056e-53 5.03767e-97 1.03694e-88
2.32055e-65 5.13168e-84 1.56054e-144 1.97298e-28 3.10252e-78 1.27849e-67 5.33088e-59 3.1702e-124 1.84112e-40 1.22471e-141 3.58005e-103 4.2625e-78 1.05602e-52 0.147659 6.16995e-72 2.85256e-78 1.32671e-50 2.42501e-60 2.07005e-77 9.50028e-118 4.26e-98
1.65739e-32 1.07269e-70 2.22806e-130 3.22496e-38 6.44815e-58 5.82097e-34 1.33381e-18 1.56071e-77 2.34268e-06 1.20248e-99 5.5268e-78 2.5294e-53 7.13518e-45 0.4579 1.57897e-54 1.6871e-82 2.68104e-69 1.64238e-52 1.24491e-57 2.13604e-118 4.8509e-62
2.33489e-65 3.73214e-83 4.81326e-160 3.61807e-05 5.37558e-55 2.05163e-23 2.18185e-43 4.41703e-100 5.32982e-22 2.82535e-91 4.6031e-25 2.71367e-81 1.98629e-16 4.14482e-11 0.0341887 2.12941e-56 0.0348065 6.9921e-21 3.04084e-58 2.1553e-103 3.19328e-70
2.49541e-24 0.173285 0.144649 1.0251e-25 0.0687475 5.13926e-06 0.126545 21.4519 6.85121 0.0396185 1.18966e-84 0.705188 0.146566 4.5797e-25 1.24249e-20 2.84908e-52 4.66991e-50 0.357291 0.789042 0.0826575 0.466105
