6.83923e-223 5.85798e-213 0.119231 1.39431e-246 2.57656e-130 6.12705e-128 8.37292e-159 2.55564e-87 1.15149e-170 2.55132e-277 1.75334e-192 1.2771e-193 8.08601e-192 0.359752 2.29295e-196 2.03188e-317 6.89575e-93
8.00355e-192 3.92088e-236 1.03945e-30 7.90311e-207 3.14368e-106 2.27722e-214 1.03718e-136 0.142671 4.45936e-72 6.65038e-295 1.40619e-163 1.25239e-68 2.72656e-201 0.485972 1.55444e-32 3.07309e-321 8.16872e-54
1.5069e-321 6.43666e-209 1.46075e-134 5.80966e-279 1.00764e-158 3.67716e-125 3.8477e-200 0.166703 4.66668e-123 1.25804e-266 9.66171e-205 6.70669e-152 2.65176e-145 2.18735e-80 1.74704e-89 5.02656e-241 9.35012e-182
1.07783e-242 9.53309e-155 3.87612e-43 1.90652e-257 1.37803 0.254266 0.75022 5.57055e-90 3.67985e-160 1.21928 1.40035e-119 0.500291 1.37e-36 3.7558e-65 9.37286e-70 1.04935 0.0162434
0.913316 0.3628 1.25026e-156 0.379266 4.11055e-167 6.03368e-78 5.10306e-116 2.09668e-62 8.03902e-129 1.13112e-72 1.1673e-187 1.92378e-134 1.2374e-19 1.27603e-70 0.224541 0.0626751 1.00844e-81
1.04336e-277 1.02272e-321 3.47182e-55 2.87983e-294 2.47136e-121 5.43091e-255 3.9813e-234 8.27794e-49 1.20166e-36 3.1966e-321 1.04427e-136 3.65861e-87 8.11384e-129 0.0870075 3.9104e-83 1.88482e-290 0.181791
4.89352e-290 6.38127e-291 2.10326e-168 1.79912e-184 1.87884e-241 1.84493e-115 4.32796e-134 0.143716 1.90929e-62 2.19859e-321 1.85414e-202 4.03578e-138 6.72664e-142 6.52782e-114 8.78287e-182 2.00288e-271 7.42281e-146
1.36159e-281 3.61939e-200 1.06566e-120 6.95254e-275 4.69442e-187 3.50008e-215 1.99034e-191 1.46356e-56 5.40728e-104 2.88534e-321 8.97115e-98 4.98637e-85 7.10538e-64 1.53895 4.53012e-57 3.13383e-144 6.0641e-115
2.13049e-220 7.7862e-72 3.24264e-12 9.09698e-208 9.08698e-114 5.09671e-118 4.89651e-225 8.55284e-112 0.385258 2.28465e-266 1.57745e-31 1.60622e-62 0.33283 6.04158e-135 0.0107132 1.72742e-184 3.08294e-165
1.3735e-321 6.90625e-302 1.20836e-154 4.10365e-263 2.81338e-209 1.77763e-185 2.17508e-211 0.685786 4.76638e-208 7.16574e-300 6.869e-143 5.49319e-160 6.0527e-169 5.80549e-75 3.57702e-71 2.32705e-321 7.37705e-216
2.02073e-321 2.38317e-176 2.53814e-126 2.44998e-278 3.93613e-81 1.28057e-88 1.47837e-251 7.26275e-133 2.37307e-08 2.9891e-321 0.135227 2.72382e-167 2.17223e-166 5.18044e-88 2.76138e-172 2.75859e-224 1.04698e-194
3.40565e-245 2.84732e-310 1.99659e-227 4.37244e-301 4.66379e-119 6.69994e-72 4.63676e-129 0.721056 0.460454 3.59186e-321 1.57252e-79 1.0605e-154 5.05059e-22 0.0595788 5.67159e-183 3.1389e-226 5.24641e-33
