4.14198e-107 1.63215e-117 1.51197e-39 6.39282e-30 2.39231e-62 7.47052e-70 9.02149e-93 0.0170311 6.97814e-45 7.25531e-75 2.65708e-70 8.63671e-31 1.01464e-47 9.85313e-107 0.646529 5.67631e-70 2.70384e-07
4.29284e-91 4.32168e-95 1.21048e-17 9.77486e-67 1.06393e-68 2.92567e-97 3.10699e-104 7.71137e-32 3.51931e-23 3.36097e-50 1.13801e-92 7.47559e-61 1.46677e-44 1.28692e-106 0.653394 1.13714e-70 5.70395e-18
7.94102e-113 3.94462e-68 8.70302e-10 1.41398e-41 7.97029e-69 5.34547e-143 1.8726e-135 6.39762e-45 6.49235e-40 6.82208e-25 5.48092e-62 1.20234e-75 0.265829 2.1617e-177 2.46588 0.234711 2.91676e-18
1.17559e-26 2.76624e-123 2.7031e-55 5.42523e-58 0.222656 1.47776e-127 5.23379e-82 0.335307 0.121694 3.62022e-27 1.11467e-64 3.08643e-26 1.30431e-71 1.80451e-108 6.71963e-25 1.24944e-40 0.017654
0.0770434 0.420516 7.91431e-54 1.14725e-19 1.29905e-50 0.375102 0.47018 2.79854e-26 9.07446e-38 3.188e-69 0.13332 0.200864 3.33769e-34 0.191972 0.0257609 5.11264e-100 9.13141e-30
7.49063e-58 7.10301e-131 0.0522399 1.75224e-60 0.117439 1.96436e-89 2.90036e-144 2.81241e-33 1.45057e-112 9.1729e-16 3.06648e-81 2.37781e-32 4.05594e-16 3.76564e-199 1.25738e-27 1.70912e-45 1.76624e-44
3.88934e-75 2.39806e-99 1.44873e-60 5.10065e-24 1.03437e-75 1.20376e-100 5.34144e-99 0.062448 1.51532e-60 5.95171e-67 3.54617e-100 1.47748e-81 8.11553e-63 6.45063e-135 7.69731e-67 1.44292e-104 5.1781e-59
2.86678e-107 2.06276e-139 1.07555e-46 1.73312e-62 1.14882e-97 4.66767e-132 1.49795e-140 0.097337 7.46243e-88 2.5892e-82 3.23985e-129 2.47137e-86 2.3073e-67 5.66131e-158 5.62334e-40 2.18574e-64 5.128e-33
7.25306e-98 1.8298e-134 3.66754e-39 3.23051e-69 7.20966e-62 2.56098e-123 8.32994e-126 0.0955336 1.43082e-77 6.72642e-74 8.85306e-107 5.05715e-55 3.29636e-73 1.31366e-156 5.2711e-61 7.9823e-58 5.83121e-48
2.60317e-42 1.37596e-143 4.43347e-25 0.0689723 0.00695635 1.05749e-91 7.29108e-127 8.51161e-28 6.33951e-46 1.09153e-55 1.76879e-23 1.60598e-45 1.02561e-54 1.68259e-100 9.36324e-21 9.44456e-90 0.111094
2.44195e-101 9.85712e-94 3.25672e-42 1.70366e-27 1.15227e-78 1.03399e-121 4.76603e-87 0.250598 1.82417e-70 1.99595e-28 3.72247e-99 7.82875e-57 7.58084e-56 9.18318e-190 2.08858e-48 4.09e-89 2.48062e-58
3.84007e-80 2.2634e-145 6.78767e-70 7.95093e-53 1.90892e-72 3.74871e-129 1.94476e-142 2.35818e-35 7.32271e-35 0.0800515 1.56422e-81 2.63403e-32 9.37001e-17 4.76601e-101 2.6474e-30 7.87307e-62 1.29877e-55
