1.08925e-122 1.08598e-167 2.51554e-122 8.88095e-71 1.25917e-262 3.98702e-14 1.82179e-114 3.23172e-15 3.1884e-159 1.40473e-280 5.18592e-295 2.13765e-226 1.61066e-220 1.07114 2.09613e-79 0.2394 1.16583e-39
2.09829e-312 7.91581e-177 2.4845e-20 2.30867e-150 4.99311e-163 2.87093e-74 3.34628e-242 8.29972e-133 1.28209e-107 1.53893e-236 4.31679e-246 1.45409e-235 2.27801e-112 1.86072 5.07795e-280 1.82865e-45 1.84475e-217
6.61206e-154 2.4181e-97 1.30413e-32 9.58929e-92 6.89484e-153 2.63021e-33 7.91416e-155 1.17219e-112 2.59802e-138 2.15917e-242 1.30229e-41 2.01085e-321 5.75755e-314 3.28316e-129 2.4731e-284 0.766711 1.1748e-63
1.69686e-151 2.57729e-67 1.61713e-12 5.69374e-98 1.19902e-70 0.0773902 8.57537e-195 0.00118694 1.20236e-113 0.174386 0.530756 7.37116e-84 5.61462e-175 2.75002e-192 7.19161e-169 9.56794e-112 2.2585e-114
3.38647e-203 3.08504e-193 2.32346e-173 1.47672e-72 9.35557e-237 3.67383e-68 1.66485e-236 0.0333179 0.300163 1.8551e-315 1.22544e-140 8.88182e-306 8.82151e-308 7.73163e-64 1.49666e-153 8.37759e-59 1.4737e-156
3.26083e-322 1.28238e-184 3.06943e-187 9.24141e-199 7.89667e-246 2.36967e-63 1.73048e-284 1.43871e-84 5.56428e-139 1.33685e-250 2.1431e-215 8.20149e-322 1.02625e-272 2.24454e-186 7.46039e-322 1.88986e-163 4.72803e-234
1.00295e-321 1.17693e-199 0.256839 2.10059e-202 1.66864e-276 1.56976e-103 0.291838 3.55549e-20 0.0106799 3.11843e-92 1.72279e-145 2.40776e-112 7.3992e-173 1.78561e-84 2.04543e-321 3.48843e-188 1.7959e-07
2.35784e-244 3.00251e-174 3.63545e-89 1.85669e-83 3.26862e-159 0.238015 3.19358e-225 8.65829e-37 9.37809e-48 3.42337e-266 2.07263e-226 1.3735e-321 1.98273e-235 2.3079e-190 3.54932e-201 0.578521 1.34701e-195
3.67808e-162 6.36004e-72 9.44071e-77 1.0266e-156 2.36958e-142 9.01456e-131 4.51764e-73 1.53047e-120 6.78137e-176 1.1361e-227 5.94707e-138 1.96638e-321 4.57568e-286 3.14928e-121 8.47219e-177 0.874882 0.142975
5.37468e-228 1.24028e-119 1.20977e-219 5.39249e-76 3.42097e-207 2.32528e-141 5.02698e-221 0.182054 6.5685e-67 9.59764e-145 1.63422e-307 1.55631e-321 2.37879e-211 9.00708e-139 3.02084e-307 9.84855e-170 7.2109e-162
0.245318 0.85216 7.26598e-89 0.54124 0.814385 7.09409e-43 0.428436 1.20819e-141 1.11018e-167 1.71816e-46 2.69761e-64 0.678144 0.76254 3.35511e-86 0.514129 1.5398e-169 4.00868e-118
9.89345e-295 4.64952e-225 0.0565062 5.00098e-160 1.41385e-226 5.57766e-125 2.4303e-152 3.8239e-117 2.43937e-31 9.55909e-291 1.53091e-274 3.04889e-173 2.30044e-257 8.89084e-105 1.33892e-321 5.53368e-144 5.00577e-71
