1.99754 0.370823
3.10981e-166 4.42772e-261 5.12484e-317 8.816e-227 2.91241e-178 0.0232978 1.8231e-321 2.75894e-254 7.34801e-187 8.49399e-263 2.25294e-321 5.13428e-90 1.76972e-175 2.27764e-321 4.65904e-321 1.09986e-35 3.7586e-288 1.34696e-232 6.24584e-168 1.44052e-216 3.44394e-129 1.19006e-213 4.10954e-74 4.01492e-191 7.22519e-124
3.94432e-217 6.5454e-262 8.54071e-123 2.83676e-75 1.35868e-321 1.09352e-151 1.86757e-321 4.17321e-153 2.92053e-215 3.58424e-115 1.86263e-321 2.74206e-321 3.21646e-245 2.60867e-321 5.75025e-131 1.6177e-178 4.74965e-167 7.6331e-198 4.3572e-252 2.22298e-195 3.07733e-179 3.10753e-211 0.0767197 4.52179e-80 1.03948e-81
2.06793e-110 7.10406e-198 4.23753e-107 3.01837e-45 2.96216e-316 0.283803 2.87433e-154 6.36639e-222 1.30112e-105 7.91339e-224 9.3713e-144 5.66355e-295 5.87103e-224 1.55735e-247 4.71833e-321 2.84929e-43 7.20876e-205 7.12025e-314 1.17067e-91 3.9935e-119 1.94091e-213 2.24393e-164 1.68145e-37 1.55372e-219 5.8697e-120
3.35363e-186 5.17127e-229 1.97491e-124 2.14466e-190 1.5316e-321 1.20317e-221 4.64739e-261 2.23318e-321 9.07187e-103 3.43367e-99 2.22824e-321 4.7164e-247 8.09327e-150 1.59411e-176 2.61633e-96 1.70536e-181 1.1314e-289 3.83181e-255 8.77728e-173 2.50751e-243 0.192716 3.90171e-130 2.3157e-57 1.40961e-64 7.11345e-277
1.2301e-194 0.267535 2.05566e-79 3.96765e-141 9.3969e-108 3.76959e-45 8.40325e-307 1.10632e-187 8.22485e-68 8.64446e-52 2.06519e-321 1.07941e-210 1.12625e-186 1.62074e-137 4.0037e-307 1.38177e-218 1.24778e-277 1.55137e-321 2.90124e-235 1.1907e-321 0.10177 2.50356e-70 8.49944e-47 0.0112425 1.71722e-247
3.04406e-25 3.34315e-79 5.77563e-321 5.90129e-35 0.454749 1.08359e-239 6.41068e-168 0.924215 0.439845 4.84495e-78 0.667345 0.874029 2.62535e-88 7.70708e-80 9.55252e-48 4.67798e-67 3.9377e-321 7.81671e-143 2.27357e-245 5.9755e-251 1.33921e-259 3.74477e-232 2.81044e-193 6.34129e-141 0.59655
1.2541 3.23496e-144 1.21912 7.00134e-76 1.05979e-98 5.205e-230 5.12483e-196 1.22554e-52 3.89492e-251 5.2527e-272 2.8804e-321 3.98711e-321 0.32652 0.931241 1.8353e-302 5.92018e-164 0.842082 0.472942 4.30092e-80 1.13632e-140 1.65844e-218 2.01849e-92 5.58669e-88 3.878e-47 1.83838e-188
2.90556e-157 1.96649e-122 0.0174128 1.11052e-231 2.20869e-297 2.15494e-200 6.51514e-122 8.11133e-183 7.46452e-162 2.20138e-269 2.47527e-321 5.01774e-63 5.05463e-145 1.18824e-49 9.13555e-235 1.5536e-283 4.59969e-198 2.07014e-321 1.37482e-83 1.41988e-264 3.28243e-190 0.56049 1.40996e-15 1.39657e-286 1.02078e-16
2.17553e-95 4.2512e-182 0.039282 5.25179e-163 2.42701e-229 4.0823e-29 5.5552e-256 6.62157e-161 5.01731e-52 4.75346e-34 3.17638e-119 5.15045e-161 4.77513e-204 2.12586e-301 0.429456 1.10317e-222 7.73602e-236 3.228e-194 0.430949 1.60313e-65 8.89266e-102 8.83732e-269 1.30031e-250 1.05073e-05 1.98457e-72
3.56466e-154 1.08186e-64 1.04507e-100 3.8609e-125 1.51678e-321 5.59861e-143 2.29246e-321 2.94957e-321 1.4237e-228 3.81767e-209 1.84781e-321 2.85076e-321 0.0491506 5.45428e-280 2.95668e-135 4.39156e-122 6.85421e-193 4.98389e-238 7.66755e-87 3.98005e-47 7.7981e-205 1.50336e-203 0.316648 1.97649e-288 2.05366e-218
1.99334e-194 6.84219e-263 6.23393e-52 3.40474e-117 1.44513e-167 1.28681e-73 3.29696e-274 3.77466e-320 9.93165e-82 2.62064e-211 2.32705e-321 3.48183e-177 1.24419e-280 2.13011e-258 0.751325 3.50556e-199 1.80542e-292 1.66994e-321 2.52665e-251 4.60832e-88 2.56447e-270 9.48418e-175 1.59347e-124 1.25624e-12 3.93883e-298
2.63243e-181 3.1352e-152 1.16318e-161 2.57775e-242 1.0326e-321 2.6304e-143 4.08229e-234 1.97132e-321 3.41036e-247 1.55358e-99 6.10218e-317 7.68464e-257 2.58999e-114 4.24854e-291 1.81516e-203 1.13142e-238 3.89592e-212 1.08694e-321 2.3927e-205 1.59095e-281 0.182419 1.05836e-184 0.0737048 1.01672e-153 7.27639e-173
3.80118e-142 2.3422e-209 4.34778e-321 8.78423e-176 1.56767e-204 2.43041e-28 2.0899e-321 3.32012e-321 3.4379e-205 6.0826e-78 7.0754e-161 3.34856e-66 0.318139 2.44562e-321 3.29009e-111 1.67689e-103 2.96933e-321 1.51184e-321 1.4869e-206 1.32151e-241 9.74129e-263 1.76064e-57 1.14579e-236 8.12056e-98 4.81646e-130
3.73916e-17 2.9238e-114 1.2563e-122 5.3694 1.91697e-321 1.26599 0.730977 2.20585e-08 9.34622e-187 0.331328 4.5837e-252 2.60384e-288 4.73189e-152 2.61478e-77 4.73515e-24 0.551134 4.39316e-317 9.89482e-226 3.35369e-107 0.442301 7.42256e-171 8.16524e-68 1.31117e-14 0.525232 8.56297e-105
5.14099e-175 8.47424e-171 2.34772e-301 3.57946e-210 1.04248e-321 0.40032 1.56619e-321 2.29246e-321 8.15874e-202 6.23297e-204 1.38832e-321 4.33456e-298 1.21862e-88 2.36163e-321 6.20596e-260 4.33262e-174 1.00341e-205 2.56312e-225 5.01188e-211 9.43665e-322 6.28315e-102 1.32616e-223 1.67767e-179 1.38715e-291 5.40172e-106
