5.08466 0.293266
5.39806e-230 6.81079e-295 4.02664e-321 9.8571e-263 2.52774e-76 3.83462e-270 5.82997e-322 1.09781e-320 4.35613e-288 9.23923e-181 7.33687e-321 1.70453e-321 6.81539e-195 2.60814e-113 1.75326e-311 2.89394e-130 3.1348e-149 1.25514e-63 0.479829 1.40908e-226 3.53257e-321 7.39742e-123 1.53735e-141 6.13135e-321 6.1355e-263
7.96514e-201 6.21747e-199 3.6429e-252 3.46149e-203 0.0418651 4.32231e-177 3.94299e-183 2.33742e-320 5.14866e-320 3.70225e-64 7.86553e-321 4.2415e-224 0.344375 8.63902e-10 1.03412e-312 1.45263e-84 1.16658e-187 2.36275e-112 1.40881e-142 1.3735e-321 2.05716e-244 2.41349e-223 3.22849e-28 1.01629e-320 1.99981e-103
1.34229e-209 1.12647e-321 4.06616e-321 2.49874e-286 3.34685e-96 2.16875e-80 3.57373e-141 1.92389e-320 3.43277e-320 0.0202219 8.07797e-321 1.67488e-321 4.98189e-146 6.37579e-229 2.12302e-287 4.10342e-46 1.08274e-78 4.41332e-185 3.50183e-225 9.60457e-150 4.49106e-321 2.00284e-177 6.50065e-146 8.51275e-321 8.30386e-134
6.05048e-256 1.14623e-321 3.39423e-321 3.41054e-237 4.61486e-104 2.26055e-267 1.0297e-111 1.82953e-320 3.18144e-305 1.99536e-69 6.86257e-321 2.23318e-321 4.98797e-103 2.08238e-102 1.73262e-292 2.39389e-123 9.17095e-55 5.11558e-11 0.0314558 2.21104e-71 2.8954e-294 3.39012e-11 1.84907e-43 6.53649e-321 7.1937e-246
1.31344e-196 4.0192e-214 3.70055e-321 8.4162e-294 1.87312e-34 5.7357e-161 7.60861e-322 1.51085e-320 3.71481e-254 3.42515e-168 1.15611e-320 9.50619e-140 4.88512e-204 7.58405e-101 1.27377e-272 1.05634e-140 1.59778e-197 0.0176195 1.14056e-115 2.22126e-174 6.6472e-220 2.78563e-194 5.98976e-170 7.94458e-321 4.70081e-278
8.44724e-312 1.45255e-321 1.61114e-245 2.01579e-321 3.5749e-88 4.55529e-321 1.28321e-221 2.44365e-320 5.62444e-320 1.96092e-06 1.27222e-320 2.16895e-321 4.86461e-178 1.25093e-216 2.45057e-321 0.260735 4.51791e-83 7.78622e-108 4.13386e-76 1.93278e-71 1.18249e-244 0.368439 2.5659e-18 7.826e-321 3.48029e-107
3.56077e-243 3.06356e-283 9.2314e-297 1.50196e-321 6.15254e-208 4.4227e-71 4.37113e-173 2.20749e-320 9.37495e-213 1.18847e-187 8.86848e-321 7.20829e-186 5.49832e-223 2.11915e-103 1.24909e-284 2.00978e-128 6.55133e-170 6.88544e-77 0.00267392 7.9598e-284 4.995e-321 2.29208e-41 4.93956e-96 6.93668e-321 5.91383e-168
5.02959e-321 2.09484e-321 2.20241e-279 8.47187e-164 2.64565e-175 1.23697e-212 1.09463e-88 4.47376e-320 7.29933e-320 4.78119e-223 1.10325e-320 8.18308e-73 0.22992 2.58243e-239 3.54739e-321 2.22813e-80 3.66024e-51 1.23478e-191 3.02665e-190 4.71506e-232 1.58528e-213 7.1546e-91 1.68982e-16 8.36331e-278 2.45979e-19
1.08684e-315 9.83191e-322 3.68079e-321 1.53654e-321 0.411863 1.99421e-236 3.43697e-293 1.20404e-320 3.47378e-320 1.47191e-145 7.86553e-321 1.86757e-321 6.34542e-146 1.55488e-108 2.06025e-321 1.6631e-66 9.26822e-116 3.60942e-114 3.15853e-161 5.69771e-157 4.18474e-321 5.40577e-73 1.40964e-138 6.2944e-321 7.44992e-193
9.3348e-226 1.18576e-321 4.29343e-321 4.27359e-299 1.20621e-112 8.95076e-106 1.03651e-160 2.20749e-320 1.33449e-225 0.194046 1.03457e-320 4.68691e-146 2.8561e-189 0.381575 4.51025e-214 7.23503e-208 2.41898e-171 0.194551 1.56255e-218 9.82399e-88 4.46635e-321 1.02797e-204 2.76928e-87 7.826e-321 2.21898e-165
1.91726e-297 1.55242e-148 4.41695e-321 2.39622e-321 2.98865e-70 5.07899e-321 2.68701e-258 2.46687e-320 5.81071e-320 3.2595e-67 9.50088e-321 1.09757e-278 0.647589 0.184945 3.28554e-321 2.31793e-78 2.08276e-158 2.87504e-76 1.55944e-144 1.52666e-321 8.92022e-204 1.27102e-92 0.517753 1.32311e-320 1.24079e-104
1.86034e-234 1.00915e-182 4.47623e-321 8.05907e-246 1.45988e-85 1.49257e-244 1.52219e-256 1.22775e-320 1.86947e-266 0.00942873 6.44262e-321 8.11958e-239 2.31631e-67 2.05222e-61 1.52764e-265 5.09542e-190 4.41341e-173 1.89381e-134 0.166809 1.16105e-321 4.42683e-321 3.78416e-153 1.97925e-184 6.65506e-321 1.13555e-145
3.37169e-236 8.71015e-298 5.72622e-321 2.08496e-321 1.9601e-198 0.968003 1.24131e-267 1.95946e-320 2.14303e-243 2.90639e-142 1.35127e-320 1.2814e-203 2.25335e-211 1.41953e-216 2.94463e-321 1.71263e-189 0.0993014 1.07763e-139 0.14432 0.314192 2.64201e-272 8.30113e-226 1.75669e-157 1.1739e-320 2.45193e-89
1.55168 0.624496 2.44176 0.86223 4.11615e-18 4.66507e-176 0.33854 14.0994 24.6987 8.54821e-260 6.30582 1.07127 4.83327e-54 2.55023e-87 1.20027 0.466281 2.19969e-191 2.98383e-66 2.68223e-42 3.71661e-06 2.42626 2.0867e-66 1.05834e-78 4.81791 0.959658
2.831e-321 3.16049e-314 3.63632e-321 1.56619e-321 5.75635e-134 1.02291e-306 2.15495e-266 1.47528e-320 3.49453e-320 0.227265 6.96633e-321 1.78434e-295 5.74334e-128 8.70081e-235 1.86834e-307 6.69137e-52 4.91161e-89 3.95523e-46 2.16938e-121 1.82559e-168 7.00652e-309 6.13302e-85 2.3019e-104 8.10762e-321 1.74775e-259
