7.27783e-129 4.47345e-59 2.25833e-169 2.86031e-103 2.26261e-175 2.17936e-64 2.15188e-96 8.84056e-33 3.06203e-169 5.65904e-102 8.40455e-134 0.00130171 8.35613e-50 4.42302e-201 2.89363e-184 7.14927e-243 1.5435e-161 2.29553e-138 2.10003e-45 2.06655e-123 1.67804e-138 1.33397e-72 1.64991e-85 2.62651e-169 2.7104e-159
1.70968e-101 2.27428e-28 1.6165e-53 1.17824e-131 0.253618 2.86661e-87 3.21108e-191 3.20484e-112 1.1387e-28 7.22293e-99 4.63249e-48 0.171647 1.68084e-115 2.95466e-120 3.25797e-105 4.40932e-217 2.63005e-158 5.68025e-68 1.07267e-149 0.144019 0.176367 2.59108e-15 2.81146e-115 2.68206e-46 1.4756e-134
1.38412e-193 2.05772e-81 2.99124e-147 2.29963e-142 1.69814e-73 1.69845e-87 1.10803e-153 1.83776e-102 4.63928e-134 0.0728354 2.774e-117 1.37269e-90 1.66244e-128 1.4737e-164 1.36923e-234 2.71416e-203 1.16807e-182 4.65416e-39 2.53879e-168 1.00696e-179 1.58736e-76 6.88303e-59 6.52752e-62 2.1394e-127 3.68119e-225
2.3801e-93 1.16544e-130 9.50428e-234 1.2879e-69 1.86332e-190 5.75415e-104 7.20886e-108 3.14451e-100 3.00886e-155 6.74813e-105 1.25528e-153 1.86109e-12 4.75407e-170 8.86423e-216 8.72388e-248 3.31179e-118 8.97658e-182 0.0812939 6.77955e-165 1.72233e-217 6.92957e-124 4.18258e-76 2.40184e-30 6.46641e-11 3.03133e-165
1.49713e-55 3.18721e-143 0.424237 1.83348e-113 3.45142e-132 2.1673e-30 0.285164 1.22281e-168 7.34494e-157 4.60768e-05 0.0538529 5.04358e-71 8.9459e-11 0.410711 0.222944 0.496711 2.12751 1.25941e-81 0.389301 6.7778e-164 1.44585e-55 0.157613 2.42858e-133 2.18938e-72 3.06233e-54
1.31706e-79 7.94665e-13 2.01433e-231 0.215581 4.4627e-137 8.12135e-76 3.07024e-119 4.95306e-172 4.27425e-107 2.83376e-107 0.174947 1.63876e-38 6.63089e-149 6.21633e-39 9.6523e-239 3.11622e-47 7.72228e-246 3.73296e-120 6.53446e-122 0.376991 1.12142e-110 1.80224e-54 8.57583e-136 1.14211e-16 2.7757e-221
8.76653e-173 7.89443e-25 2.90931e-112 2.22707e-124 4.13211e-124 8.30798e-138 9.15382e-111 2.189e-155 1.50567e-109 1.11377e-42 1.44789e-129 2.74536e-120 5.14773e-47 1.02516e-191 1.67031e-300 1.12112e-181 1.22859e-141 4.19516e-94 3.08619e-69 1.34397e-156 3.90235e-31 0.0503475 3.22979e-46 7.98245e-143 2.16305e-132
4.2177e-208 3.97715e-60 7.44528e-214 7.06984e-72 9.39664e-101 1.6258e-118 1.33996e-146 7.6966e-136 5.35023e-143 0.0371245 1.35285e-114 3.11414e-108 7.08716e-151 6.8293e-188 1.06334e-204 9.2857e-272 2.07983e-193 1.32993e-95 3.92601e-162 1.0709e-138 1.61073e-91 2.37149e-65 2.85112e-104 7.12265e-98 1.7276e-217
9.02725e-189 1.09352e-44 5.74291e-204 7.19422e-73 4.33338e-165 7.32777e-66 9.88074e-139 1.31032e-168 8.23015e-87 1.0759e-90 5.08527e-152 1.56873e-110 5.50169e-171 7.22249e-116 1.64455e-261 4.84543e-122 3.68382e-159 0.294844 5.4222e-138 1.17766e-182 6.09457e-127 3.58263e-25 1.45237e-24 2.75974e-58 9.97116e-76
2.63966e-09 5.23518e-55 7.65426e-215 2.17813e-06 2.99609e-64 0.428962 3.66429e-179 0.28233 0.183143 5.20569e-88 1.68275e-05 5.05572e-113 1.15703e-90 2.01797e-18 1.16591e-263 4.21933e-298 1.92419e-208 1.44625e-49 9.7918e-84 3.59691e-77 6.62471e-28 1.50987e-35 2.26167e-148 2.61668e-160 1.0702e-95
2.11341e-132 8.01846e-83 1.78999e-95 4.24432e-95 2.3308e-94 7.26574e-117 3.11711e-87 1.00712e-177 9.64451e-33 2.21227e-16 1.06321e-163 1.15897e-43 8.44893e-181 1.10239e-54 1.11995e-148 6.85979e-123 4.30491e-233 0.459735 1.64479e-142 5.69493e-91 6.05606e-63 6.07794e-99 0.65776 1.33465e-25 1.85619e-176
0.156834 2.06942e-52 1.11654e-115 2.65284e-69 8.44183e-73 1.19016e-71 1.61193e-99 9.71893e-63 5.2759e-150 2.58085e-102 2.02653e-114 2.41943e-81 1.70683e-106 1.94984e-172 7.31217e-322 1.14328e-224 6.79829e-246 2.35898e-47 8.77309e-82 4.37322e-31 2.49038e-79 4.68218e-99 1.27217e-137 0.19099 0.227851
8.85284e-74 4.0823e-73 8.52709e-70 6.44939e-141 2.14962e-93 1.77767e-134 1.72815e-77 7.42968e-164 1.07125e-118 4.20173e-73 1.50205e-128 5.66021e-120 0.154616 8.93278e-47 1.7612e-133 5.15087e-126 3.83143e-222 0.15397 1.0904e-152 1.07844e-144 3.13559e-42 1.47587e-104 2.39481e-57 9.8668e-191 1.26252e-172
7.2116e-67 8.55235e-16 6.17167e-148 1.97219e-54 6.09487e-168 7.18291e-22 2.13619e-115 5.51708e-112 7.60279e-65 6.83022e-63 2.38243e-46 2.90401e-33 4.2901e-90 2.02835e-138 1.93822e-225 6.64039e-123 2.89687e-208 1.18528e-05 6.50933e-169 2.96133e-126 6.10672e-99 7.29361e-24 1.82725e-152 0.187563 2.66784e-163
4.58994e-198 0.115508 6.10356e-144 0.0450842 6.9157e-57 3.87466e-140 9.21946e-201 1.02951e-116 1.15946e-62 2.68983e-82 8.91114e-46 1.10651e-11 7.12744e-12 6.59872e-90 7.30134e-194 1.41387e-120 1.59038e-169 1.84581e-48 1.72286e-28 1.72847e-07 1.06103e-119 3.67509e-73 2.35874e-26 2.68214e-25 4.25283e-80
