5.04223e-131 6.4887e-65 5.55037e-283 4.89803e-43 3.86969e-253 2.42536e-241 1.55629e-243 3.11791e-110 2.72344e-59 2.8359e-126 3.80925e-321 2.51812e-257 5.89052e-180 4.11883e-152 4.58922e-298 8.3735e-261 2.90582e-234 1.58164e-109 5.5032e-196 0.464528
0.000110048 0.0102509 0.00113906 0.0239937 2.28232e-05 0.00195047 7.06868e-05 9.03403e-05 1.02343e-06 0.00101189 3.95253e-323 1.97626e-323 2.47033e-323 1.97626e-323 4.44659e-323 3.45846e-323 1.44704e-275 1.43772e-307 9.88131e-324 1.08431e-287
0.00481575 0.000697876 0.000301698 0.000747354 9.09698e-06 6.28336e-05 0.00174403 0.000734704 0.00367882 0.000780856 1.4822e-323 4.94066e-324 9.88131e-324 4.94066e-324 1.4822e-323 9.88131e-324 2.16535e-279 8.32142e-309 4.94066e-324 1.04458e-289
6.98773e-32 5.35073e-321 1.04248e-321 2.30095e-75 2.47033e-323 4.02315e-17 9.45862e-255 2.9152e-178 4.72327e-321 4.43004e-185 1.93147e-243 2.22306e-106 0.726427 2.15413e-321 4.4057e-213 4.79572e-194 2.81484e-266 0.21427 9.93072e-322 3.82853e-156
2.3202e-87 5.52803e-285 2.89877e-129 4.88402e-179 9.01235e-130 3.2956e-270 5.87852e-244 2.28227e-216 3.15936e-252 2.61414e-152 6.50558e-173 5.73721e-221 3.07719e-196 2.59313e-197 1.73563e-303 5.89234e-125 1.98342e-65 1.38071e-186 8.20149e-322 1.25876
7.8647e-30 1.65807e-184 2.14084e-36 6.23716e-80 2.60332e-271 7.85564e-322 3.70957e-225 4.12975e-247 1.43637e-153 9.50088e-287 3.98416e-208 1.33437e-05 2.6976e-321 2.1726e-165 1.75087e-191 9.32713e-218 7.6778e-202 2.49663e-49 7.53593e-182 0.066224
5.38962e-16 6.69953e-321 1.21638e-142 1.12179e-282 9.92845e-25 1.04671e-163 1.31901e-203 5.30773e-32 7.5389e-80 3.55737e-268 2.7909e-277 4.74874e-237 1.24733e-241 1.84286e-321 0.617766 0.759043 4.23213e-43 5.12387e-301 7.05807e-298 6.7021e-238
1.29401e-203 1.49222e-305 6.68792e-74 2.29732e-244 1.49846e-37 8.21219e-65 8.44332e-112 8.99199e-322 8.68582e-98 1.52072e-31 4.6701e-68 4.35682e-314 2.34681e-321 1.56125e-321 2.22751e-102 5.7026e-59 1.28733e-181 3.92922e-165 1.68289e-154 1.54151
8.80436e-177 3.80161e-186 7.21336e-322 5.63001e-244 8.46928e-285 9.38725e-322 4.29836e-112 7.22299e-134 6.80693e-97 1.61559e-321 1.3969e-318 4.77926e-192 2.72128e-276 1.66006e-321 3.88735e-300 0.22921 3.51656e-164 1.9284e-181 8.87579e-271 1.74024e-32
8.83654e-147 2.44011e-312 1.67466e-129 8.14637e-22 2.47033e-323 1.11165e-321 5.08409e-281 9.58606e-305 4.4957e-78 1.65018e-321 5.82009e-321 0.702966 3.67215e-37 0.637457 0.918419 5.85021e-06 9.94185e-166 7.82812e-42 0.305515 1.06571e-239
2.41973e-262 5.07845e-283 1.99067e-11 4.20823e-234 1.14907e-118 1.68167e-247 2.12827e-136 8.80564e-225 4.93078e-321 4.4904e-170 1.01233 7.63797e-91 2.57408e-321 1.81051e-161 5.41002e-321 2.03718e-180 4.18859e-90 6.06131e-173 8.69556e-322 0.699197
3.22503e-36 5.07086e-173 4.807e-81 4.78897e-94 4.25622e-284 6.76296e-209 9.89982e-15 2.07722e-54 1.69488e-175 2.4903e-156 9.73991e-216 2.25783e-305 1.42445e-222 3.4392e-158 3.3703e-177 6.21514e-140 4.92323e-102 2.00331e-87 8.71092e-219 0.0791798
1.24325e-25 5.31278e-138 7.11455e-322 2.73702e-109 1.45807e-262 8.54329e-130 6.34198e-172 3.72488e-238 5.82934e-144 9.59353e-123 1.08768e-118 8.99807e-258 1.7121e-262 3.98662e-320 3.71494e-130 3.10613e-300 4.8576e-60 0.0345276 1.57565e-270 1.67428e-72
4.41103e-109 6.10171e-321 3.28247e-318 2.14355e-140 3.24501e-186 1.09683e-321 4.77381e-105 1.05456e-38 3.3462e-251 4.94427e-131 1.08406e-173 1.73426e-258 0.0180083 2.07508e-321 2.70189e-77 1.18723e-268 4.6607e-126 5.51523e-299 4.79892e-174 0.304514
8.95903e-20 1.01377e-09 2.36868e-67 6.36123e-102 8.61263e-15 6.39199e-39 9.0934e-41 6.81837e-218 3.0591e-23 2.19376e-65 1.01094e-293 1.50934e-157 8.92283e-321 7.01573e-321 2.80897e-274 1.0651e-238 7.73279e-58 1.80658e-35 1.12149e-282 8.84396e-158
4.63378e-30 3.34888e-132 2.16088e-125 9.61778e-107 9.7117e-177 2.21676e-20 3.02026e-279 9.83191e-322 4.01675e-321 9.88206e-188 5.68243e-135 6.15265e-319 6.46287e-260 1.38044e-96 4.85976e-164 7.49222e-292 1.0553e-146 2.06805e-186 9.38725e-322 0.15889
3.02852e-07 0.00150558 2.2782e-16 0.0178122 7.06739e-09 1.23017e-15 8.40639e-05 5.87216e-11 6.16031e-05 4.00475e-10 3.60668e-322 2.32211e-322 2.37152e-322 1.58101e-322 4.64422e-322 3.40905e-322 6.89436e-275 1.30152e-293 7.90505e-323 8.66442e-282
7.68878e-198 2.21246e-256 8.59674e-322 2.78464e-127 2.98218e-163 2.74528e-268 3.34082e-93 3.1925e-115 3.86853e-321 2.39682e-11 4.3379e-321 2.84996e-156 1.41657e-255 1.63536e-321 1.00774e-156 4.0857e-83 0.657456 0.0147213 1.8916e-131 0.608657
