3.35965e-321 4.20296e-243 2.48515e-321 8.59674e-322 3.43285e-99 5.40345e-24 1.86757e-321 9.98506e-134 2.20376e-57 1.9896e-320 3.00886e-321 2.37744e-320 2.27009e-185 3.08297e-321 1.91674e-288 4.14521e-321 4.74797e-321 8.1196e-231 0.0585604 2.07508e-321
4.03158e-321 8.05916e-60 1.78852e-321 1.04248e-321 7.83013e-103 8.20637e-48 1.74405e-321 7.73707e-321 3.66103e-321 1.80729e-320 4.64916e-321 2.15067e-320 0.351329 2.2233e-321 1.77506e-111 3.29542e-321 2.75195e-321 8.86848e-321 5.51621e-25 1.08694e-321
4.22426e-321 1.1907e-321 4.5207e-321 2.45551e-321 3.45846e-323 4.16127e-136 4.32433e-15 1.17044e-320 2.66301e-321 6.37986e-40 5.04939e-204 7.54982e-320 12.7335 1.37746e-320 3.91228e-290 7.04538e-321 2.7415 6.91698 7.60812e-320 2.20996
6.72917e-321 2.64876e-39 2.12448e-321 4.15726e-131 5.43472e-323 7.79142e-321 2.11954e-321 7.42581e-321 6.89716e-321 1.89801e-129 0.430189 4.5123e-320 7.25962e-187 5.55824e-321 5.11852e-321 5.06417e-321 7.826e-321 7.88966e-286 5.16941e-320 6.37839e-321
2.95646e-166 1.06224e-321 2.5642e-321 1.80828e-321 2.47033e-323 5.68175e-321 3.42755e-59 1.01139e-148 1.71632e-101 2.61064e-320 5.13876e-316 3.06008e-32 5.73894e-111 3.71537e-321 0.857582 4.06616e-321 4.15509e-321 1.54606e-08 3.16498e-320 3.43376e-321
3.18672e-321 1.99712e-107 2.13436e-321 2.86064e-321 2.52937e-162 4.25391e-321 2.61361e-321 7.45187e-66 7.36652e-321 1.54593e-320 1.71005 3.13068 3.39243 1.5928e-167 1.1567e-108 5.04096 1.91431e-291 5.73573e-67 2.20351e-309 6.71929e-321
3.23613e-321 1.2401e-321 1.96144e-321 9.33784e-322 9.27522e-83 6.34575e-10 9.70733e-82 7.35466e-243 7.42986e-156 7.13991e-135 3.58692e-321 0.73408 5.00832e-144 1.80334e-321 8.01401e-185 3.0138e-321 2.17389e-321 3.40288e-187 5.86857e-82 1.06718e-321
3.14226e-321 1.29939e-321 9.37645e-61 1.7984e-321 2.96439e-323 6.0276e-321 2.12448e-321 1.11955e-320 2.04543e-321 4.2544e-320 7.86553e-321 2.97616 1.20406e-316 3.38801 5.41496e-321 5.91397e-321 3.06465e-189 2.16253e-320 12.6473 5.12346e-321
4.00193e-321 5.268e-21 1.76381e-321 9.28843e-322 3.95253e-323 1.80549e-92 2.53111e-175 1.02568e-320 3.57209e-321 1.98466e-320 3.96241e-321 1.08277e-202 4.96028e-18 3.74008e-321 1.43431e-197 3.44858e-321 3.98711e-321 9.88625e-321 0.083333 1.85275e-321
8.0342e-31 2.01723e-51 3.07902e-28 0.0389097 8.22825e-35 9.50765e-27 0.00689633 7.30131e-28 4.47315e-43 1.86064e-16 2.86558e-322 2.06519e-321 2.8804e-321 1.97626e-322 2.17389e-322 2.61855e-322 2.12448e-322 8.64615e-322 2.35175e-321 1.18576e-322
0.00176604 4.74688e-10 5.80742e-13 3.91818e-17 0.000156669 0.000407411 0.0056399 0.00354229 1.0018e-11 0.102887 4.94066e-323 3.60668e-322 4.89125e-322 3.95253e-323 3.95253e-323 3.95253e-323 3.45846e-323 1.5316e-322 4.10074e-322 1.97626e-323
0.00476733 0.00189131 0.00290841 1.15284e-07 1.98557e-06 0.00291309 0.000272164 0.00843988 0.0045495 0.000181091 1.4822e-323 1.03754e-322 1.23516e-322 1.4822e-323 9.88131e-324 1.97626e-323 9.88131e-324 4.44659e-323 1.03754e-322 4.94066e-324
1.80237e-59 5.27264e-67 2.36328e-06 2.68154e-124 2.96272e-160 5.4757e-05 2.01579e-321 1.07486e-198 3.53329e-195 2.7228e-320 6.08813e-270 6.05739e-131 0.604096 2.9891e-321 4.1681e-264 2.99404e-321 3.11261e-321 8.15529e-51 3.22568e-196 1.38338e-321
7.90037e-27 2.96281e-118 1.67718e-215 1.99158e-320 3.12487e-36 9.87704e-94 1.18492e-163 6.00347e-90 1.83826e-38 3.10892e-269 2.75689e-321 6.86899e-320 4.10914e-320 1.90709e-321 7.64067e-290 2.52468e-321 1.99108e-321 4.67683e-320 2.65212e-310 1.13141e-321
3.01157e-42 1.06718e-321 2.65313e-321 1.57607e-321 2.60995e-197 3.92288e-321 1.64836e-18 8.94753e-321 8.28082e-26 1.91964e-145 7.08595e-152 3.20253e-320 3.80171e-222 3.79442e-321 1.4367e-174 4.56023e-321 2.99898e-321 1.5689e-318 0.0746872 1.96638e-321
1.83741e-196 9.49334e-128 1.80742e-307 9.58487e-322 3.50892e-248 0.251439 1.53276e-254 1.78385e-296 2.12942e-321 1.03055e-122 2.90511e-321 0.279507 2.29395e-320 2.05531e-321 1.54252e-178 2.18377e-321 2.60373e-321 2.54049e-288 4.70043e-211 1.30927e-321
6.48137e-178 3.62743e-211 1.57113e-321 5.06647e-163 3.16578e-40 2.30147e-193 2.3396e-117 8.46829e-321 2.29741e-321 2.12498e-320 3.10767e-321 1.32566e-71 1.11078e-139 2.2233e-321 1.9835e-265 3.20155e-321 2.05037e-321 1.03094e-171 0.0589224 1.15117e-321
2.98577e-76 4.03704e-23 1.99195e-125 3.61473e-77 2.47033e-323 3.84162e-52 5.02403e-239 2.20265e-200 4.04126e-112 1.78254e-31 2.68772e-321 1.65461 2.50837e-320 2.33199e-321 1.81816e-321 2.24306e-321 1.7984e-321 8.16196e-321 4.91832e-229 1.082e-321
