3.2605e-15 1.43326e-27 2.08705e-34 6.54914e-25 5.2555e-32 8.55945e-21 3.11824e-14 1.05851e-28 1.82594e-41 1.38712e-17 3.70366e-126 6.20758e-181 1.85597e-207 1.58407e-201 4.57655e-97 2.46249e-141 1.90114e-36 1.28054e-122 8.51019e-107 0.0438453
0.000218913 1.75559e-09 7.55723e-09 0.000599319 3.57591e-12 8.57936e-06 4.89627e-08 1.3307e-06 1.95151e-16 0.000534613 7.35454e-133 6.91127e-195 6.73553e-232 8.71191e-192 3.21447e-87 1.11615e-161 2.06453e-41 4.05762e-125 2.09353e-112 0.376121
3.97707e-11 1.55449e-20 6.81777e-16 8.27628e-24 1.14217e-20 4.58061e-21 1.81377e-27 1.50415e-32 2.36211e-60 7.27282e-31 9.3147e-134 1.58946e-171 1.51683e-208 9.88061e-179 3.6235e-63 1.79729e-152 1.38521e-31 1.15051e-79 8.90205e-57 0.179306
1.13026e-08 6.69964e-09 0.0113733 1.95296e-06 0.004303 0.000582022 0.00930292 0.00099473 1.06703e-15 1.10639e-08 1.43542e-130 8.81829e-188 4.75837e-230 1.38514e-206 1.33414e-93 5.77712e-169 1.63303e-39 7.67492e-122 1.75594e-117 0.766591
1.2103e-13 0.000100112 0.00873091 3.28276e-05 8.10258e-23 2.5686e-05 2.73363e-13 0.001486 3.65462e-06 7.12889e-09 1.38369e-130 1.39893e-186 1.13709e-226 4.0982e-200 4.10037e-91 1.92806e-178 7.97039e-42 1.35603e-124 3.99392e-119 0.0752923
1.08642e-12 4.18628e-14 0.000340195 0.00764662 2.26827e-17 1.75797e-06 1.15242e-11 2.2347e-06 0.0225992 0.00119175 3.86034e-136 2.11249e-191 7.32174e-235 3.10572e-200 3.97842e-86 1.40605e-167 1.78414e-40 1.93154e-116 4.31774e-104 0.0109651
9.24773e-19 8.00173e-06 1.53597e-13 1.68195e-06 1.20443e-19 2.03333e-06 1.34107e-09 0.0219815 2.10702e-21 3.1764e-06 4.9451e-130 3.7619e-179 4.70476e-234 6.05884e-205 3.17834e-89 2.18008e-165 7.89005e-41 1.62809e-124 7.04385e-115 4.44591e-05
1.04363e-07 0.0131349 2.73204e-05 4.43417e-12 9.21329e-16 0.027285 3.91757e-12 5.5669e-15 1.06234e-22 4.51876e-19 2.39567e-119 5.33178e-187 1.81348e-211 2.54456e-192 6.47829e-96 2.06149e-160 9.55775e-32 1.86305e-98 7.615e-85 1.20473
1.14011e-106 1.61322e-27 2.32391e-77 0.00550603 7.51364e-89 4.45316e-77 2.66826e-92 2.17845e-63 1.1336e-138 4.27188e-43 2.20085e-86 1.22124e-130 2.78856e-211 2.9816e-127 9.9994e-81 2.10063e-52 0.00143087 7.3938e-61 6.76068e-28 0.11508
1.06049e-17 1.12597e-07 4.73275e-05 1.13179e-18 3.35082e-05 1.48558e-30 2.02266e-11 1.78755e-15 5.53817e-24 1.5277e-19 1.67328e-121 2.24163e-185 1.63674e-230 2.36279e-180 3.45833e-96 2.37632e-143 2.88769e-29 4.50961e-93 1.24366e-80 0.177586
7.45204e-41 1.14774e-32 8.34186e-26 1.43737e-19 5.29239e-07 6.61706e-88 4.28603e-22 2.27503e-24 7.56192e-101 6.17169e-46 1.94535e-87 3.53778e-123 3.41568e-228 1.31801e-175 2.44669e-40 5.223e-121 6.54917e-42 1.5817e-115 8.22346e-78 0.0554037
2.55683e-50 2.00362e-46 7.95086e-08 0.167366 5.3335e-77 2.6765e-54 1.10172e-26 5.57274e-31 2.4535e-32 2.4058e-18 8.60969e-109 1.63423e-169 6.13252e-202 7.58876e-173 7.46342e-68 1.19478e-114 1.34494e-33 2.34869e-76 5.28882e-113 0.0819579
3.04292e-08 3.04713e-18 2.63961e-11 0.000403623 4.58498e-10 2.85046e-21 1.61779e-09 1.37828e-10 5.52522e-09 2.99383e-05 1.0127e-131 2.22805e-189 2.69682e-217 2.14515e-181 1.35568e-84 1.19973e-162 1.96452e-26 6.72087e-102 4.13778e-106 0.675512
1.36332e-36 6.30085e-54 1.51792e-67 9.89591e-39 5.32328e-26 1.97716e-24 5.78019e-68 9.18462e-115 1.58184e-64 4.19555e-30 1.89194e-43 6.47491e-145 3.76457e-136 8.0302e-85 3.6068e-51 1.43131 1.66881e-30 4.21571e-47 0.0853063 0.000224482
2.24136e-28 2.64054e-43 2.00018e-45 2.26139e-27 2.54255e-36 1.48359e-30 1.31582e-31 3.6866e-22 8.65895e-05 7.90116e-19 1.85839e-118 5.79186e-178 1.3428e-201 5.23008e-148 3.40105e-60 1.02376e-136 3.7132e-42 3.53022e-59 7.33238e-61 0.622221
1.77012e-05 2.33808e-07 5.11445e-08 3.81615e-09 8.27147e-08 2.65536e-08 0.0275391 1.14326e-08 5.89374e-15 0.00771724 1.61933e-129 1.58423e-189 1.35962e-226 1.99123e-202 3.80777e-97 2.2887e-178 8.18072e-35 3.02755e-126 6.54482e-108 0.592339
3.10436e-24 5.63325e-07 2.49751e-33 5.64425e-09 4.71748e-10 5.07994e-09 7.78401e-06 2.45711e-22 2.624e-09 6.42748e-18 1.33414e-122 4.96266e-175 3.63541e-229 1.43048e-201 1.14086e-85 2.36772e-173 1.91467e-38 6.24963e-107 7.20381e-102 0.0202721
1.33533e-263 5.64249e-204 2.09788e-311 2.09588e-39 3.34799e-199 4.65241e-176 1.40426e-222 7.89016e-116 5.0387e-209 1.81689e-190 0.159914 0.390429 1.12136 0.11605 2.03403 7.6359e-153 0.281155 0.218443 2.16143e-73 4.38212e-07
