2.2531e-32 3.35321e-17 9.79121e-19 9.49236e-68 0.00364804 4.28427e-78 2.84313e-23 8.56779e-58 1.66249e-20 0.119425 1.52354e-48 0.0487669 1.10895e-22 3.87823e-59 1.4203e-18 7.74786e-14 9.5749e-43 3.44705e-20 0.100095 2.97101e-33 7.48168e-59 1.43234e-84 1.61046e-10 1.51521e-51
0.00247881 0.0241301 1.86449e-06 1.04708e-08 4.3493e-60 3.43418e-79 3.04856e-66 1.41327e-58 1.20383e-72 8.43324e-57 2.09197e-68 1.7286e-61 3.19381e-43 1.26859e-70 2.06486e-62 5.99898e-36 1.40619e-43 4.91983e-31 1.71169e-48 1.11061e-40 5.01434e-121 3.00874e-86 3.63349e-27 1.57827e-55
2.15921e-27 5.71598e-42 1.0516e-34 0.00348701 2.1363e-20 1.24609e-63 2.60946e-32 1.05131e-51 2.51502e-14 2.75331e-54 5.10519e-71 9.52572e-28 0.15424 1.14669e-52 1.35126e-28 2.50833e-08 7.28091e-32 0.634101 1.33058e-47 3.99454e-32 3.12907e-85 1.33614e-38 7.28824e-17 0.00150717
3.82923e-39 8.11808e-39 1.15556e-14 1.47229e-30 4.40505e-50 1.18445e-46 2.36323e-08 6.29203e-37 4.72306e-80 3.83201e-29 1.06039e-57 3.3756e-25 8.46805e-16 8.25425e-78 3.94831e-58 4.94707e-13 3.88667e-36 0.539571 4.428e-42 3.25694e-24 1.04924e-91 1.26788e-65 0.00935392 4.05062e-23
3.41469e-29 5.01267e-40 8.07022e-32 9.95239e-32 8.7379e-14 5.65001e-60 8.01878e-14 7.84005e-47 2.34065e-78 7.58879e-18 5.27087e-29 2.05823e-27 3.08518e-39 1.38431e-65 3.34527e-27 5.20045e-30 2.9431e-16 0.0213345 4.45588e-20 8.8448e-11 4.99901e-96 1.3087e-83 4.49302e-05 5.02862e-42
7.1881e-11 1.60337e-50 0.0357791 0.140243 1.05834e-39 0.037576 3.16478e-47 0.0946576 1.87687e-24 5.31557e-13 0.151392 4.91396e-61 0.000109528 0.55909 0.201726 2.62112e-27 5.92245e-21 5.47988e-14 8.89371e-19 0.256711 0.191801 0.039814 2.22561e-10 0.0598813
1.56003e-23 1.3341e-24 1.86194e-31 1.50732e-58 1.74185e-45 1.61188e-36 2.80165e-61 4.78176e-42 9.27862e-49 2.81423e-55 1.00238e-61 1.22065e-55 7.31532e-40 8.00455e-17 1.18387e-24 1.00776e-08 3.86768e-47 0.171414 1.74251e-51 8.85762e-39 6.10115e-117 5.51973e-58 1.78723e-12 1.61005e-38
3.17508e-32 1.30458e-05 3.4076e-10 4.33409e-40 3.4599e-05 6.3422e-69 3.74379e-44 2.02946e-57 4.08415e-30 7.19158e-50 7.30893e-31 6.06722e-57 1.67051e-13 1.61657e-42 1.03613e-20 0.172364 0.0346759 3.24547e-10 0.0186781 5.69223e-15 1.18003e-105 2.58077e-42 1.23877e-15 1.024e-46
2.76522e-14 1.16108e-39 2.37341e-32 2.78171e-05 5.89955e-39 1.40632e-49 8.65703e-49 5.60769e-41 2.00067e-45 1.542e-51 2.06918e-24 4.46684e-32 0.0477905 1.31416e-25 1.68881e-49 0.00518839 1.16507e-12 1.15179e-06 1.7182e-26 2.89549e-05 2.91097e-117 1.29971e-69 0.000163258 1.72932e-57
0.0182365 6.50249e-11 0.000264965 1.13765e-17 1.02825e-60 1.79084e-79 3.67108e-63 3.74259e-61 6.9015e-62 5.59781e-51 3.51697e-64 8.01092e-52 1.81897e-34 4.18752e-70 4.89051e-65 1.13235e-36 1.02675e-45 6.53379e-28 8.56702e-49 3.1949e-31 1.90951e-101 5.37947e-87 5.97612e-29 5.14898e-50
9.91907e-51 7.07629e-37 6.77402e-22 1.32548e-10 6.59269e-37 5.17964e-67 8.56053e-51 5.37033e-35 8.74362e-25 8.24557e-28 1.35709e-51 4.10964e-47 6.93224e-37 3.13176e-29 9.40846e-26 2.23847e-20 5.48062e-11 1.85458e-12 1.18292e-41 0.00861236 7.30674e-103 5.70387e-67 0.0429312 2.68164e-58
8.33472e-49 1.48346e-38 1.26906e-23 5.04631e-70 3.58235e-14 7.29356e-21 0.0629185 6.96299e-06 0.03129 7.41751e-11 1.16416e-21 2.37954e-08 1.86188e-20 0.0231366 2.0546e-34 4.99856e-24 3.01857e-12 1.49809e-29 4.86962e-26 2.76465e-27 7.19705e-54 1.41834e-41 1.4502e-09 1.66872e-27
