0.113884 2.51749e-30 1.60057e-39 5.85737e-46 2.72439e-19 2.91672e-24 1.63707e-06 5.91689e-41 3.53495e-41 1.13248e-35 5.76934e-83 2.5983e-46 0.0472287 2.67585e-46 6.59796e-58 5.79813e-17 5.0864e-20 2.61809e-32 7.21788e-58 5.15725e-63 1.78018e-81 3.28093e-72 4.40541e-32 9.26173e-46 3.97411e-48
1.2709e-08 0.00725953 9.09189e-09 0.0136988 4.5614e-39 3.04701e-10 9.5036e-16 9.67916e-28 4.6489e-65 2.21543e-35 1.04665e-56 2.01139e-33 2.11255e-12 7.75707e-58 1.45705e-56 4.99201e-25 6.52006e-45 5.90108e-37 2.9899e-46 1.93389e-48 5.10534e-48 6.08113e-67 2.95877e-28 0.139242 1.36972e-86
4.88241e-06 1.88273e-06 0.00197846 1.182e-08 0.00409215 0.00389679 0.00410725 0.0581803 1.36055e-84 3.08631e-59 2.22568e-109 1.24471e-91 3.4352e-47 5.1861e-95 1.15228e-73 1.94364e-40 6.29764e-58 1.17007e-67 5.49414e-59 8.03883e-90 9.68331e-86 6.39643e-90 1.44223e-69 1.11427e-54 8.66251e-92
1.58843e-55 1.13665e-07 9.4938e-48 1.12712e-20 1.459e-43 3.27463e-59 4.34998e-54 1.46599e-71 1.61115e-06 0.246083 7.10958e-66 2.12714e-25 0.13751 3.55239e-32 6.44566e-55 0.000796054 1.49908e-42 2.14165e-46 0.139833 4.53012e-10 0.0417091 1.38728e-92 0.050548 0.498472 2.76026e-46
1.12794e-29 0.0313702 4.21825e-22 3.00495e-41 8.35709e-49 3.44013e-23 1.20411e-30 1.72677e-09 9.30127e-70 2.92276e-30 2.22717e-91 6.25562e-71 1.82439e-34 5.89049e-62 6.09817e-72 2.3239e-23 0.288498 5.02295e-65 5.15836e-50 2.62186e-62 9.87271e-78 7.54726e-47 9.73831e-45 1.33206e-16 3.36362e-53
1.98538e-08 0.000433906 1.58948e-60 4.00597e-96 5.28278e-82 2.629e-36 1.68175e-11 2.31928e-33 3.35802e-73 1.87861e-53 5.7273e-44 5.79606e-31 6.06928e-25 1.03242e-43 0.000298852 1.79005e-27 2.88964 0.0435479 5.08525e-24 7.16139e-32 5.58742e-27 5.45831e-29 1.01036e-06 5.37453e-36 0.0457465
1.88342e-22 2.61387e-18 3.03779e-31 3.08761e-10 5.82037e-51 4.12712e-30 0.305461 1.47339e-20 1.16658e-50 1.86392e-41 6.731e-106 7.0765e-85 8.70067e-41 9.48527e-54 2.62867e-39 1.05461e-35 6.87908e-47 5.00675e-34 1.43498e-53 3.53097e-62 2.47256e-43 8.68913e-58 2.84266e-31 1.92335e-31 6.14668e-52
5.00695e-45 5.27749e-15 1.1468e-91 4.83137e-44 1.13358e-26 3.79199e-48 2.66946e-05 1.16532e-36 0.0585957 4.82857e-40 0.389397 0.600805 0.00102298 0.0401871 0.359462 0.239436 4.4361e-23 0.00111065 3.35775e-53 5.75888e-18 9.73894e-17 0.0519372 1.43882e-11 1.69766 2.42307e-15
3.15387e-34 7.98155e-21 0.00010301 1.65337e-26 1.39069e-61 0.0147628 5.29998e-09 2.93395e-57 1.07225e-54 6.1251e-08 5.02943e-101 3.63813e-37 5.38071e-41 3.86448e-62 3.21837e-05 2.85969e-09 0.342855 9.41224e-29 1.18024e-21 0.170748 4.35443e-67 4.92967e-15 2.98511e-32 0.910108 3.12442e-17
1.9167e-47 6.05566e-68 1.07784e-44 2.589e-45 2.90094e-67 6.046e-34 1.6817e-31 1.26589e-63 6.22331e-32 1.3532e-26 1.17951e-97 6.00493e-57 1.55608e-16 2.1399e-16 1.93381e-68 5.16122e-35 7.71435e-29 8.51128e-38 1.42659e-16 1.15305e-84 4.92248e-73 3.51497e-38 4.02753e-42 0.213832 1.36741e-65
