2.40588 0.287486
2.80278e-133 5.00941e-155 7.8913e-134 4.42365e-58 1.17387e-209 1.33592e-253 4.75608e-153 9.67254e-41 8.93267e-36 0.232652 1.34254e-52 1.68511e-102 1.27992e-115 0.596804 1.07671e-111 2.59376e-45 0.0766659 3.48196e-119 3.58046e-253
1.22595e-306 2.65561e-97 7.74858e-42 2.91729e-34 5.06484e-37 5.8857e-116 2.99289e-84 1.09106e-197 1.89104e-238 0.0292559 7.32065e-44 1.30377e-24 0.207533 1.16553e-48 6.68123e-63 6.55565e-128 6.79605e-109 1.75573e-94 4.23289e-27
3.14226e-321 5.51823e-224 4.22511e-76 2.0064e-141 1.77916e-181 2.38501e-21 8.05025e-119 2.11376e-230 3.71673e-142 1.72663e-162 7.53423e-47 3.54859e-45 2.77915e-180 1.53607e-196 4.92122e-122 3.1982e-147 1.21716e-124 1.35034 0.0888161
8.81741e-45 3.53901e-32 1.93767e-10 5.91265e-154 3.60374e-164 3.19592e-146 3.32367e-204 6.01953e-183 2.9869e-124 1.58466e-155 7.76421e-94 6.889e-44 1.25542e-120 5.57989e-292 0.0690633 3.09268e-36 1.96838e-143 6.13154e-175 1.93777e-33
9.30871e-103 1.00554e-75 2.09597e-122 7.74738e-63 3.42972e-255 1.95514e-287 1.88896e-292 4.69768e-278 1.84165e-11 3.12053e-81 5.45579e-271 1.91696 4.11432e-212 2.19235e-199 1.39424e-157 0.423225 1.16959e-84 5.44895e-46 3.00427e-159
1.8882e-287 4.4706e-156 3.43239e-247 6.13179e-175 1.94218e-89 1.38603e-33 1.09439e-255 1.35716e-33 1.48765e-279 1.9347e-257 3.15261e-52 5.53825e-98 0.183921 0.400008 2.69436e-155 2.1942e-222 0.142672 1.97961e-111 1.16765
5.43502e-163 4.76502e-92 1.08025e-19 1.04686e-128 2.92501e-37 1.35915e-05 4.31013e-300 2.81741e-192 4.20413e-255 4.38856e-268 0.937293 2.55263e-08 5.89814e-207 3.85229e-28 0.239497 1.08917e-24 3.39046e-59 0.0202543 5.67364e-35
0.0016791 0.000622999 0.000557627 0.00105142 0.000662907 9.54277e-05 0.000682289 0.000632051 0.00948493 1.38198e-270 7.30507e-309 5.61787e-252 6.72102e-258 1.4822e-323 2.59856e-175 1.56869e-313 6.26137e-165 8.93712e-248 1.97626e-323
4.51298e-240 4.48752e-85 2.79595e-128 1.88407e-190 2.0447e-163 1.89534e-142 5.64517e-219 1.1367e-72 4.91102e-270 6.92861e-190 1.60424e-284 0.000534915 0.637455 4.36844e-237 2.03687e-26 9.15804e-155 3.24832e-159 1.84192e-69 5.42484e-321
1.22516e-188 1.08595e-119 1.49121e-99 4.51586e-26 0.00950652 7.23412e-184 7.54504e-160 6.90752e-176 3.34603e-26 4.00953e-85 1.95467e-66 0.517674 2.81943e-182 2.07907e-13 2.38788e-49 2.29999e-65 2.89732e-76 7.21975e-60 2.57883e-196
5.07558e-129 1.15903e-47 5.57952e-05 1.51626e-105 2.07381e-59 2.43357e-115 4.84097e-45 8.17948e-112 1.23001e-123 7.82295e-179 7.38462e-132 1.58238e-126 2.14591e-226 3.77841e-26 0.0391622 1.65847e-208 0.27971 1.01019e-168 4.90607e-321
7.39583e-161 1.44101e-146 8.44796e-191 2.80266e-81 5.71918e-123 6.96083e-86 2.79513e-181 2.25915e-93 6.88231e-177 3.61441e-37 3.04242e-257 4.44895e-81 1.0149e-169 1.67461e-179 0.0220316 6.88137e-200 2.09027e-134 3.14252e-217 2.07919e-212
