1.82804e-322 3.29941e-283 4.37644e-264 3.90848e-89 9.7825e-322 7.59873e-321 4.06737e-31 1.12036e-128 1.32904e-321 1.02766e-320 0.133003 6.27463e-321 0.638456 7.01573e-321 2.10966e-321 2.14637e-235 1.42587e-320 4.9866e-320 8.80425e-321
1.45974e-06 6.97864e-05 0.000217533 0.000163232 9.6722e-05 0.000691252 0.000391786 0.0102573 0.000267992 0 0 0 0 0 0 0 0 0 0
1.42766e-05 0.000493052 0.000418488 0.00298912 0.00253442 0.0021242 0.00111899 0.00292684 1.49846e-05 1.33398e-322 3.35965e-322 1.5316e-322 1.28457e-322 8.39912e-323 3.95253e-323 9.43665e-322 3.85371e-322 1.3241e-321 1.5316e-322
1.55967e-15 2.45929e-11 2.6728e-05 0.0068952 1.5859e-09 6.07361e-22 1.91963e-26 0.133745 0.00138054 2.51973e-322 6.17582e-322 2.61855e-322 2.2727e-322 1.43279e-322 6.91692e-323 1.69465e-321 6.37345e-322 2.20847e-321 2.76677e-322
4.44952e-05 1.01946e-05 0.00388549 0.00133462 7.85801e-06 1.77897e-05 0.00657537 0.0120157 8.4311e-05 1.97626e-323 4.94066e-323 2.96439e-323 2.47033e-323 9.88131e-324 9.88131e-324 1.87745e-322 6.42285e-323 2.96439e-322 3.45846e-323
1.33398e-322 4.84184e-322 5.16216e-45 1.9812e-321 3.51548e-109 3.15043e-105 2.69197e-25 7.70953e-19 3.44772e-208 4.22426e-321 0.36485 4.80363e-230 4.19814e-270 2.71242e-321 1.15117e-321 4.49004e-266 9.91096e-321 4.50094e-320 6.40803e-321
5.78846e-133 3.27437e-42 5.2796e-255 5.73625e-06 1.48565e-189 4.92693e-48 4.69362e-321 1.22013e-80 1.87326e-237 4.32307e-321 1.26029 5.55824e-321 3.02862e-321 2.71242e-321 1.35374e-321 2.83396e-320 1.08694e-320 3.26528e-320 1.36779e-279
7.05446e-259 6.19273e-208 4.26119e-130 1.52749e-209 5.50631e-130 1.34964e-243 5.49253e-254 1.56785e-162 7.7488e-31 3.35471e-321 0.249197 3.26083e-321 2.31944e-207 2.28258e-321 1.20058e-321 2.70205e-320 8.12244e-321 3.07408e-320 3.51281e-321
1.23516e-322 3.70694e-61 7.52462e-321 2.1393e-321 2.02567e-321 7.67778e-321 5.09876e-321 6.8853e-320 2.0899e-321 5.28082 5.7197e-59 4.23056 1.51578 3.25467 1.31503 25.6454 17.4158 40.0667 4.69267
1.97967e-10 1.64448e-08 0.00887964 1.93023e-06 0.00127755 0.0015432 0.00382028 0.00173372 7.42256e-08 3.31024e-322 8.00386e-322 3.55727e-322 3.16202e-322 2.02567e-322 9.38725e-323 2.35175e-321 8.94259e-322 3.08791e-321 3.60668e-322
1.5316e-322 7.26276e-322 3.78948e-321 2.63337e-321 1.11659e-321 2.73399e-67 8.32501e-321 7.15703e-320 6.52608e-166 6.04736e-321 2.85859e-254 8.46334e-321 0.244564 4.91109e-286 1.79346e-321 1.68786e-10 3.53553e-320 2.70791e-185 6.66495e-321
0.000555666 0.00112239 9.41591e-06 4.03715e-09 4.39394e-08 0.0139654 1.68676e-07 6.91974e-08 0.000571662 9.88131e-323 2.56914e-322 1.08694e-322 8.89318e-323 5.92879e-323 2.96439e-323 7.5098e-322 2.56914e-322 8.84378e-322 1.03754e-322
