9.18962e-322 1.34015e-13 4.0711e-321 3.01874e-321 2.08496e-321 2.93628e-217 6.91e-320 5.79049e-12 8.00386e-322 1.63887e-234 0.517998 2.77096e-155 0.216714 6.8874e-211 3.7438e-105 1.291 1.4914e-09 4.27615 1.05413
1.87697e-76 8.83994e-36 1.97433e-89 2.53009e-171 3.5449e-89 9.02888e-130 3.88483e-59 9.88943e-130 2.15514e-204 5.51551e-255 7.65802e-322 5.30623e-93 8.64615e-322 4.24485e-146 1.21282e-144 1.48714e-321 1.67966e-229 0.149553 9.86649e-321
4.88649e-120 4.71365e-144 1.30504e-08 3.16886e-167 1.06805e-127 2.31375e-98 3.2606e-58 7.25708e-38 1.47236e-171 1.69039e-80 6.86751e-322 1.71975e-146 3.56014e-101 8.49473e-196 3.97349e-212 1.57607e-321 1.32564e-146 0.127244 1.62986e-287
1.21927e-184 3.00821e-124 2.1007e-123 1.05794e-98 1.58471e-75 5.3613e-267 1.62865e-236 7.87508e-164 1.14159e-100 4.71526e-187 8.74496e-322 2.80266e-24 5.54392e-222 1.96467e-137 3.53426e-41 1.80828e-321 1.23355e-121 0.707674 1.14228e-320
1.04219e-137 5.64471e-109 1.93096e-40 2.46542e-194 4.03426e-137 1.42955e-158 1.405e-140 1.31545e-71 1.41845e-75 3.14837e-295 5.58294e-322 1.12163e-160 2.57413e-294 2.82135e-228 2.3909e-272 1.3488e-321 3.51033e-235 0.0704704 1.60077e-321
8.3003e-322 4.12702e-102 1.86981e-92 1.10895e-317 5.10851e-131 6.86088e-94 8.86215e-135 1.88264e-20 4.34028e-259 0.079612 4.92917e-285 3.21556e-119 1.81003e-303 3.53272e-137 3.85057e-123 3.71043e-321 1.00668e-216 7.47851e-132 1.71878e-135
6.66671e-98 2.95766e-31 1.07499e-71 2.05174e-38 2.12964e-286 5.99796e-321 2.54961e-271 5.00437e-162 1.52967e-225 0.136816 9.09081e-322 0.152403 2.76222e-256 0.571248 2.05174e-218 3.35471e-321 3.14882e-70 4.3182e-22 2.57362e-258
8.89318e-322 1.13393e-250 4.42649e-185 1.68476e-321 2.18871e-321 1.29805e-92 5.82503e-320 3.52724e-208 6.12641e-322 1.09245e-218 4.45713e-175 4.33937e-68 3.63144e-185 8.92437e-177 4.67982e-207 6.11711e-211 2.78905e-194 0.0856535 6.94868e-261
1.06397e-161 5.26687e-25 0.111114 2.48442e-166 1.43936e-117 7.21327e-183 1.40134e-213 0.000865837 8.45381e-224 1.37365e-298 7.11455e-322 1.78187e-189 2.37514e-128 2.24232e-244 2.89152e-117 1.84286e-321 2.26407e-251 0.132855 4.71215e-266
2.07761e-164 5.44631e-54 9.75257e-106 6.60619e-50 5.69082e-168 5.88926e-321 3.44216e-126 1.52667e-46 1.75635e-262 4.41035e-85 9.73309e-322 1.6886e-08 0.222302 1.46528e-114 6.53724e-275 2.17883e-321 0.000146381 1.05173e-43 3.64692e-188
0.000350126 0.00032668 0.00110685 0.000789655 0.000818575 0.00283273 0.0234719 0.000325673 0.000255543 2.49322e-310 0 4.96836e-211 4.94066e-324 7.80899e-272 9.3799e-282 0 2.49394e-258 1.91018e-160 9.88131e-324
2.95385e-230 1.0789e-48 4.09275e-268 1.72429e-321 3.00283e-61 1.58085e-90 2.04395e-148 1.11597e-182 4.99878e-40 0.024927 9.73309e-322 2.05106e-199 1.77166e-48 1.43406e-118 0.391767 3.78243e-287 0.441139 1.34633e-110 2.81123e-321
