9.43435e-24 5.86456e-321 5.8037e-09 1.32948e-145 3.67091e-321 1.47726e-321 1.10429e-205 2.34439e-222 2.31223e-321 3.042e-231 5.99054e-227 2.85202e-183 2.13727e-76 9.7825e-322 2.16895e-321 2.79641e-321 6.17582e-321 0.122587 1.0577e-260 9.79489e-34 7.243e-321 3.85865e-321 5.383e-149 2.51479e-321
3.41399e-321 3.18828e-88 3.33653e-204 9.23624e-255 2.35175e-321 9.73309e-322 1.30927e-321 2.91993e-321 2.77665e-321 1.56044e-08 1.69465e-321 0.905189 2.15063e-162 1.15611e-321 2.31223e-321 3.39423e-321 5.69658e-321 2.7388e-124 1.5899e-320 1.25493e-320 9.0661e-321 4.00193e-321 8.9044e-250 2.73712e-321
3.13068e-49 2.02054e-15 6.63872e-146 9.53048e-278 3.33988e-321 1.0573e-321 1.92756e-119 3.6215e-321 8.2376e-110 1.59629e-83 9.99332e-10 1.2723e-82 2.14046e-73 1.36856e-321 2.81617e-321 2.7636e-105 1.33506e-291 2.48007e-129 0.303025 1.34089e-320 6.44756e-321 4.69362e-321 3.47512e-116 3.43376e-321
8.21582e-156 7.12818e-123 3.76161e-157 3.55681e-108 2.50985e-321 7.85564e-322 1.27963e-321 1.22609e-224 3.29048e-321 5.19632e-252 2.1146e-321 0.162826 8.576e-104 7.41098e-322 1.86757e-321 2.46539e-321 1.87935e-271 1.04049e-93 1.57573e-256 1.23813e-320 5.27168e-321 5.14739e-295 3.07309e-321 2.16895e-321
3.94264e-321 4.48479e-52 4.62629e-143 5.98227e-100 3.2806e-321 1.6897e-321 1.97132e-321 2.86064e-321 4.22206e-145 0.270319 1.48468e-305 9.71833e-146 1.94659e-92 9.63428e-322 2.73712e-321 4.93263e-192 2.67487e-320 3.53291e-185 3.501e-205 2.47283e-238 1.17192e-320 4.70845e-321 5.58261e-242 2.01579e-321
3.65115e-321 9.26373e-321 1.05236e-321 1.28289e-233 2.28466 0.994456 8.6874e-217 1.53489 7.57897e-321 1.23336e-17 2.10786e-90 7.81938e-261 3.25096e-173 1.28319 1.81378 8.21616e-06 1.49459e-36 1.81915e-101 2.69877e-28 3.76824e-320 7.10859 2.8943 1.71957 2.17346
1.41775e-157 4.22118e-118 1.85521e-240 3.33472e-210 2.65807e-321 7.85564e-322 1.13141e-321 9.22333e-307 2.14424e-321 1.39998e-164 1.40991e-137 0.00103856 0.215988 8.64615e-322 2.00097e-321 6.53391e-103 4.01615e-184 4.06966e-124 7.64727e-128 3.22419e-141 8.07797e-321 4.91101e-321 3.42648e-269 1.66006e-321
1.36249e-229 8.01269e-85 6.37089e-273 3.04639e-174 3.83889e-321 1.24505e-321 4.20828e-153 1.46048e-297 4.46635e-321 0.343697 1.83298e-321 4.336e-208 0.0687623 8.20149e-322 2.6976e-321 3.47822e-321 8.07797e-321 3.62451e-15 2.69947e-118 1.06713e-166 6.22029e-321 5.25192e-321 1.38063e-210 2.40116e-321
2.8804e-321 1.71624e-94 3.01893e-147 6.77461e-230 2.27764e-321 1.05236e-321 1.41303e-321 2.86064e-321 2.36657e-321 4.06156e-05 2.20353e-321 1.15297e-295 1.54988e-104 1.07706e-321 2.57408e-321 4.15109e-97 7.15901e-321 0.4878 3.24603e-78 1.04212e-188 9.97519e-321 5.25192e-321 6.91246e-184 2.40116e-321
2.9994e-218 5.55775e-192 5.19016e-279 7.5223e-273 3.21637e-321 1.14129e-321 1.55069e-195 2.49503e-321 2.15413e-321 1.17525 2.05531e-321 4.36232e-86 3.42247e-252 1.06718e-321 2.68278e-321 3.58692e-321 1.83876e-232 7.27853e-11 2.81862e-221 4.15245e-64 5.53848e-321 3.89324e-321 7.65717e-153 2.70254e-321
1.60282e-144 8.6727e-204 3.33351e-244 1.09718e-55 2.93969e-321 9.28843e-322 2.09978e-321 8.14709e-160 2.9496e-245 0.276327 2.31223e-321 2.43925e-238 4.62771e-204 8.10268e-322 2.30235e-321 3.13732e-321 5.13828e-321 4.22574e-48 1.00889e-287 1.3656e-320 1.04693e-320 4.14027e-321 2.68772e-321 2.28258e-321
7.11313e-65 5.67669e-123 4.56702e-100 3.65609e-322 4.0464e-321 1.6897e-321 0.654277 4.37742e-321 1.27028 1.25818e-179 7.0193e-163 1.60886e-226 5.54254e-26 2.59384e-321 4.74303e-321 1.0438 2.27537 4.34022e-68 6.20768 4.66704 8.98705e-321 1.2091e-317 1.83814e-111 2.52962e-321
0.00536184 0.00851999 0.000986239 0.000409378 9.88131e-324 4.94066e-324 4.94066e-324 1.4822e-323 9.88131e-324 9.41106e-312 1.4822e-323 2.96439e-323 1.18605e-297 4.94066e-324 1.97626e-323 1.97626e-323 3.95253e-323 2.42068e-235 1.13635e-322 8.39912e-323 3.95253e-323 2.96439e-323 1.97626e-323 9.88131e-324
2.5671e-289 5.06966e-269 2.51314e-33 2.25183e-34 3.08297e-321 9.7825e-322 1.26975e-321 1.80379e-166 2.07067e-253 0.340124 6.10614e-306 4.16003e-321 5.04547e-115 7.95446e-322 5.09876e-321 4.95593e-131 6.45744e-321 4.65662e-34 7.58197e-215 4.61633e-149 7.35664e-321 3.76972e-321 5.32736e-180 1.60077e-321
4.16355e-275 5.03947e-321 1.09263e-312 1.6345e-282 4.51082e-321 1.42785e-321 2.28752e-321 0.0312117 6.63266e-134 9.11215e-157 0.719388 1.13122e-47 3.28172e-196 1.16599e-321 2.86558e-321 1.1476e-39 7.54474e-16 2.64357e-218 6.76664e-163 3.85258e-235 8.00386e-321 7.38134e-321 5.00983e-321 2.58396e-321
