2.99979 0.0888484
7.97856e-07 8.08893e-30 1.15745e-78 1.89114e-55 9.10286e-54 0.0250635 0.423884 0.111578 0.702151 1.23452 2.30711e-37 1.2204e-89 0.00210568 7.97353e-33 0.1596 9.10709e-45 1.53791e-15 2.78479e-59 4.14399e-48 9.40412e-23 1.03343e-45 9.40696e-20 0.552247 5.66358e-34
4.71791e-22 7.01895e-39 2.45301e-12 3.8825e-62 2.36327e-46 1.83153e-64 4.08358e-105 3.6043e-100 1.58094e-108 4.84953e-181 1.99387e-33 1.63763e-51 1.90299e-14 1.58943e-37 8.0915e-71 2.50471e-54 3.28981e-51 1.52356e-71 1.65766e-35 0.0718263 2.84068e-37 4.94727e-48 4.78928e-126 7.89245e-16
5.51678e-20 2.75886e-48 5.12257e-62 6.44877e-70 9.0938e-08 1.40853e-67 1.54228e-61 8.99858e-71 2.15962e-81 9.13637e-155 1.87017e-29 8.73737e-59 5.13186e-96 1.75535e-26 4.10368e-78 1.00945e-35 3.32e-62 1.1906e-27 0.0783377 0.01131 0.0880655 2.84745e-33 4.49413e-164 6.83958e-73
7.08036e-06 0.00876392 4.5436e-65 2.73108e-08 3.19897e-17 1.03544e-43 1.14856e-106 5.77749e-112 1.01825e-68 3.59373e-179 0.000169479 1.5369e-58 4.43422e-30 6.85978e-40 6.23714e-77 4.42759e-34 1.15361e-36 0.00107202 3.10465e-54 2.85969e-44 6.15711e-81 3.55415e-40 9.93223e-178 0.332745
1.63021e-55 2.82424e-49 4.74921e-32 1.58273e-54 2.61955e-63 6.05963e-63 7.1476e-105 9.50896e-116 4.21737e-77 2.01724e-184 1.80679e-45 2.04334e-62 3.66929e-94 1.07642e-49 2.58876e-102 4.45917e-55 1.68068e-48 0.0484359 2.99021e-41 2.95307e-88 1.39848e-28 3.4938e-52 3.40868e-113 0.0382893
0.00193785 0.00435041 6.92068e-42 1.64589e-61 1.90792e-44 6.98092e-66 7.60782e-93 2.33661e-99 3.0029e-75 3.30179e-182 6.84931e-52 2.86812e-72 1.17213e-67 0.56171 1.66218e-99 2.18198e-51 2.14564e-60 2.40142e-39 1.31224e-40 1.02102e-75 1.7844e-75 7.13007e-20 2.07775e-185 8.88686e-27
3.52946e-31 3.34927e-27 5.88825e-10 0.00159852 2.40777e-53 3.63044e-76 2.41031e-74 3.05193e-74 1.92007e-69 7.60294e-121 4.05337e-63 1.15931e-43 2.34111e-28 0.10501 4.00896e-108 5.26345e-15 8.83151e-47 2.03024e-69 1.43716e-40 5.44224e-84 9.8561e-36 3.10114e-16 3.46068e-171 1.30501e-75
9.40313e-57 1.42957e-35 0.00977779 5.03431e-52 2.25025e-10 8.22861e-51 1.79819e-89 1.86731e-61 2.35418e-66 1.61873e-112 2.23206e-43 1.20867e-25 0.0857521 0.501768 3.14566e-50 9.11103e-48 9.50914e-43 1.15209e-60 3.96411e-55 1.17122e-40 7.97218e-59 3.02617e-37 3.20025e-118 3.43787e-46
1.99441e-41 1.21792e-34 2.87537e-37 4.4114e-30 3.6422e-18 9.83947e-52 4.66258e-58 1.88812e-78 5.52429e-76 6.3343e-136 5.49154e-53 7.73537e-87 2.75374e-73 0.113728 1.58936e-94 0.0961992 1.74259e-37 1.14598e-66 7.11675e-13 2.21743e-37 4.42626e-11 1.40719e-05 2.10303e-177 1.97311e-36
2.79192e-12 1.90421e-10 1.22691e-86 3.07098e-32 1.08037e-57 3.13567e-39 1.4152e-70 7.77971e-62 2.64486e-73 6.57165e-122 0.45573 3.72824e-76 0.00109436 1.07479e-44 2.57187e-78 1.36163e-51 3.46062e-53 1.74897e-10 1.74696e-17 1.53005e-73 5.71245e-42 1.09626e-06 2.96527e-149 0.085731
6.4447e-10 9.04398e-46 5.96437e-35 5.77663e-16 0.000604398 8.68183e-49 1.79913e-67 7.47798e-102 5.81899e-106 6.80121e-190 8.65078e-46 2.79788e-78 8.00679e-74 0.205708 4.01107e-102 4.30908e-57 5.82946e-73 1.20089e-41 9.91674e-24 7.85999e-86 5.80924e-72 3.38673e-24 2.09342e-101 7.37994e-41
2.01732e-14 1.45237e-34 1.84168e-67 0.0479943 1.83308e-64 4.51465e-73 6.4113e-80 4.94672e-58 1.12021e-62 2.02957e-100 4.33182e-62 6.09782e-77 1.23419e-58 1.15704e-18 2.70287e-89 0.0375026 2.15151e-43 4.15319e-53 6.72726e-34 7.30251e-73 0.109871 1.13963e-23 9.11583e-164 4.22631e-48
8.96371e-11 1.02654e-44 1.10651e-96 4.19351e-43 1.18842e-14 2.4942e-60 3.73746e-32 8.41169e-50 2.23055e-33 2.70068e-57 2.43569e-53 0.426937 3.33088e-90 1.41546e-09 4.96556e-71 1.18205e-31 0.230355 3.34734e-62 1.10807e-16 1.2852e-48 3.02316e-77 0.27823 5.76526e-77 2.31265e-66
3.39461e-15 1.17954e-32 3.18009e-18 3.19883e-48 1.03235e-60 4.17808e-48 4.81336e-80 7.77752e-92 2.98653e-78 8.97738e-180 2.38817e-62 2.01611e-80 4.84334e-81 0.195959 3.03409e-70 9.58883e-52 6.00773e-51 6.06493e-44 3.13332e-47 1.49888e-53 1.82807e-71 2.88568e-33 2.12551e-183 4.69305e-27
4.58208e-40 3.58438e-48 2.35027e-51 3.88504e-23 0.0210564 8.13013e-68 3.15213e-109 3.24925e-74 5.37406e-105 1.0867e-103 1.75655e-59 1.62958e-54 9.89687e-28 0.393156 3.23324e-73 1.63143e-16 9.23829e-37 8.92675e-45 1.60302e-54 4.41149e-84 4.43345e-66 8.95817e-09 1.08687e-130 7.3194e-52
