11.8548 0.398739
4.63179e-124 5.84058e-80 1.7532e-114 2.57916e-32 7.80309e-229 1.09218e-78 1.21959e-202 1.79642e-320 4.6922e-237 9.18541e-80 9.38938e-311 1.1515e-174 9.89119e-321 7.4082e-288 3.12508
2.59384e-321 2.71643e-200 1.75393e-321 2.15907e-321 1.67042e-289 2.21144e-319 5.20284e-199 0.777777 7.19984 1.93106e-65 1.05273e-246 1.71928e-110 2.9531e-139 4.08527e-91 2.16726e-80
4.2364e-236 2.68772e-321 1.4063e-164 1.87251e-321 7.21138e-320 2.58876e-66 4.97743e-71 3.77763e-320 2.64827e-160 5.56754e-129 2.01239e-09 2.74581e-184 1.61263e-307 0.401166 1.07106e-158
5.98807e-106 1.25937e-320 1.85275e-321 1.05503e-47 1.32789e-143 1.52241e-319 1.02391e-230 3.09878e-320 2.27023e-320 0.405879 1.54435e-73 5.40337e-311 2.92804e-179 2.38313e-55 3.81058e-189
0.00688306 8.72725e-09 9.75289e-14 0.000438922 3.0353e-08 0.851869 1.95337e-09 6.91692e-322 5.87938e-322 6.52167e-322 8.89318e-323 2.32211e-322 4.10074e-322 2.12448e-322 9.47392e-237
0.000982938 0.0152028 0.00185509 0.000820258 0.0527869 0.0232658 0.00372118 7.90505e-323 1.08694e-322 1.18576e-322 1.4822e-323 3.45846e-323 6.91692e-323 3.45846e-323 5.58726e-236
3.61608e-227 4.73488e-36 2.21341e-321 2.01579e-321 3.48988e-232 2.6835e-284 3.53257e-321 6.80216 1.19396e-257 1.75006e-125 0.739556 3.82984e-290 9.89052e-23 0.951819 1.23264e-183
5.06556e-10 2.17455e-59 1.11357e-44 5.23007e-109 2.14503e-285 3.54541e-249 9.53969e-243 1.66397e-286 6.39583e-209 0.454786 7.90433e-123 3.3946e-215 7.38628e-201 3.66721e-211 2.04392e-167
7.7702e-246 0.000914216 1.30927e-321 1.3488e-321 1.10276e-12 2.12906e-311 2.4061e-321 4.54967e-274 7.96358e-205 3.16632e-170 1.65805e-197 1.91951 1.8651e-320 0.422645 2.25653e-05
2.28752e-321 1.3926e-311 3.76375e-213 1.01876e-286 1.34458e-130 1.46815e-87 3.52269e-321 3.50737e-320 1.57202e-240 1.34304e-37 9.26195e-241 1.66227e-29 2.23244 1.7039e-184 4.73159e-130
5.30678e-238 1.17464e-167 1.69465e-321 1.62548e-321 2.53348e-177 2.6478e-111 2.68772e-321 2.43624e-320 2.16895e-320 1.01396e-73 5.30192e-184 6.68501e-269 0.155403 1.16922e-155 6.48664e-117
8.37528e-204 2.46586e-103 3.50787e-322 3.26083e-322 1.6748e-74 3.25985e-320 7.06514e-322 5.87688e-182 2.64424e-320 3.00935e-320 3.44429e-105 0.0797366 8.3272e-161 1.94696e-261 1.80517e-146
1.2522e-20 1.32421e-153 1.43279e-321 1.20385e-215 2.39098e-181 1.79266e-183 3.15708e-321 3.94497e-256 4.38553e-291 0.825403 3.44604e-180 2.69918e-214 1.10522e-320 1.03902e-165 6.33465e-51
5.20851e-190 6.40119e-146 2.25115e-39 2.96222e-58 1.27902e-35 4.30073e-210 3.13732e-321 3.75816e-174 8.19631e-266 2.15191 1.94277e-100 6.91369e-142 3.0214e-14 9.1814e-187 1.60853e-84
1.39193e-31 6.65468e-31 2.07425e-28 0.0927791 2.9671e-61 7.89733e-38 5.06071e-29 1.71885e-320 1.23961e-320 1.32239e-308 1.58101e-321 3.79936e-321 6.87739e-321 2.41975e-295 4.62593e-217
6.02327e-167 2.86285e-60 2.75942e-44 3.694e-148 1.14877e-65 8.40754e-115 3.27757e-130 6.84223e-260 1.24106e-316 0.423855 4.75427e-272 8.07522e-249 0.193464 3.98104e-131 9.79294e-97
1.30324e-249 1.31323e-320 2.24306e-321 1.42785e-321 7.25205e-131 1.46318e-319 4.42499e-128 0.414135 2.53914e-163 4.06471e-308 3.51347e-268 2.41426e-228 0.817034 8.24101e-321 1.08721e-221
