6.18358e-24 7.91756e-33 1.26617e-33 8.00826e-30 8.1918e-20 2.25335e-63 1.55208e-17 4.68925e-66 1.39161e-51 1.71378e-45 9.11175e-104 2.98177e-115 0.126043 1.39804e-112 1.36239e-128
4.29592e-27 3.9646e-25 4.12932e-42 0.00599829 0.125014 6.44469e-58 4.49559e-17 2.00624e-91 7.19087e-55 3.70667e-60 4.34141e-107 6.24122e-67 0.140729 7.69677e-113 2.73788e-93
5.24666e-51 2.00769e-56 7.86783e-85 4.07413e-65 9.549e-137 1.25035e-79 2.38184e-08 0.696489 2.43446e-34 2.28908e-41 2.69574e-22 1.77517e-55 0.698499 0.32201 6.70137e-43
4.84788e-40 5.68874e-23 1.33123e-95 5.66457e-114 7.05676e-74 3.05378e-89 5.48106e-16 2.24005e-12 5.44181e-14 1.48018e-53 0.0949714 0.0834659 1.70651e-56 3.88278e-81 0.426554
5.88304e-37 2.44459e-06 5.31324e-17 9.25227e-77 5.75984e-46 8.90156e-19 1.2666e-52 2.27529e-56 1.45294e-102 1.24813e-25 6.62544e-89 6.52661e-111 0.0889243 2.15022e-129 4.44291e-56
3.03845e-37 4.29658e-10 4.61828e-23 5.51609e-35 5.79391e-44 1.94374e-84 5.30621e-68 7.45629e-72 2.62242e-74 2.29935e-14 5.57079e-99 1.99184e-131 0.399406 1.8925e-53 1.14452e-109
1.24167e-23 1.15582e-23 9.23992e-49 4.30514e-65 1.4698e-21 3.82847e-33 5.97198e-25 9.81109e-86 1.34433e-25 0.484125 1.28204e-80 9.4784e-62 0.656262 1.79959e-81 1.29658e-92
1.40295e-34 2.90931e-13 4.76926e-10 1.55481e-41 7.91151e-14 3.5447e-41 5.8649e-35 3.34461e-93 1.54669e-94 1.31341e-67 1.52413e-117 8.76148e-103 0.280432 2.5098e-109 1.79789e-130
8.79116e-81 2.41808e-48 1.38908e-33 1.25443e-70 9.38478e-89 4.0961e-91 2.26829e-22 3.21568e-91 0.0805269 4.37812e-34 2.02055e-109 2.03756e-67 0.813373 6.39019e-42 1.59138e-69
7.21981e-13 0.00159145 0.00636964 0.137024 4.82427e-40 3.92348e-13 5.37631e-43 1.63932e-71 1.34826e-46 3.98735e-51 4.11546e-74 1.82396e-93 0.247122 4.04148e-102 6.36859e-83
4.15483e-20 1.87113e-36 9.15762e-18 2.65537e-65 3.12583e-57 3.94877e-67 6.18811e-56 1.29536e-91 2.74513e-54 0.000183077 1.4721e-104 8.15701e-65 0.0275772 1.02592e-95 5.11619e-149
2.82477e-06 1.51238e-21 2.9487e-31 8.02627e-57 4.2158e-39 1.71121e-34 0.17398 4.24191e-92 4.40246e-94 1.26115e-37 8.12656e-95 3.63187e-95 0.219456 1.11258e-82 2.01049e-135
2.0963e-44 0.948089 4.18512e-41 1.31053e-26 4.20703e-36 2.04381e-70 2.51969e-10 3.27879e-102 6.62454e-68 9.62473e-40 3.15145e-103 7.25343e-132 0.14815 6.98169e-103 6.55817e-78
0.0163273 1.42766e-24 4.66153e-32 2.30631e-43 0.00203723 9.11354e-12 2.31757e-26 1.04481e-112 2.35777e-72 2.48092e-65 3.53463e-111 8.96932e-120 0.272136 1.37452e-91 2.50796e-94
5.74943e-17 3.90096e-08 1.15583e-40 3.71911e-24 3.42761e-17 1.89212e-50 1.21841e-39 3.18855e-104 7.93646e-103 1.43492e-41 8.9957e-108 3.07014e-112 0.0561755 7.50514e-115 4.48733e-77
2.95513e-36 2.59247e-44 0.0207376 3.07828e-67 5.34574e-46 0.00990822 2.54126e-17 3.09938e-100 1.01567e-71 5.82017e-37 8.7051e-68 1.93952e-91 0.82243 4.96627e-132 1.81984e-135
8.81813e-34 0.000628204 1.4325e-32 6.87134e-36 2.62011e-40 3.56631e-39 7.19378e-37 1.1463e-115 1.69796e-72 2.61473e-57 2.45907e-79 3.68976e-115 2.93676 2.00734e-88 1.45456e-106
