2.82111e-321 1.20748e-207 1.97626e-321 2.20967e-116 4.23908e-321 1.65226e-105 1.55571e-153 6.79072e-179 3.95862e-100 9.16529e-136 2.00956e-42 2.10778e-318 9.68924e-234 5.24792e-210 4.5588e-305
9.20154e-51 3.63057e-292 1.20758e-180 1.12322e-186 8.3192e-158 1.17774e-13 3.24412e-122 9.88131e-322 0.182781 6.49705e-261 2.67576e-72 2.57902e-321 2.46494e-213 3.26188e-116 1.19544e-111
1.53546e-58 2.18642e-306 4.07952e-209 2.65313e-321 2.56425e-162 5.7206e-66 3.48316e-321 1.08705e-149 1.44396e-257 4.30721e-118 1.57214e-193 1.14128e-178 1.09902e-257 1.0913 2.44349e-215
4.25885e-321 6.05322e-44 3.52157e-240 2.57902e-321 6.31416e-321 1.9199e-213 5.77841e-67 0.399278 6.18586e-267 0.323171 3.20846e-55 2.5867e-121 1.57386e-69 0.103161 2.78664e-61
2.05853e-126 8.68315e-143 1.7779e-98 6.19018e-103 3.01032e-184 1.2927e-122 2.09276e-105 1.27963e-321 8.06531e-238 1.86263e-321 5.60976e-213 2.50985e-321 1.71441e-321 8.72781e-135 9.48606e-322
1.56257e-22 3.98448e-218 1.58775e-158 2.88534e-321 1.56308e-206 4.45064e-128 3.55727e-321 4.62927e-256 0.291431 3.32771e-234 2.11357e-46 1.99108e-321 6.36294e-304 2.18326 1.53487e-214
9.06442e-139 2.42986e-32 4.41915e-34 2.09002e-46 6.71137e-115 5.6993e-64 1.17089e-173 1.15117e-321 3.11759e-272 4.64422e-321 7.38209e-280 2.8557e-321 5.95596e-320 8.69876e-203 4.02169e-321
5.94067e-30 3.79098e-44 1.14922e-182 4.66105e-216 7.53198e-286 2.10204e-262 2.01569e-303 1.30433e-321 2.7693e-216 1.14441e-110 0.332593 2.48515e-321 2.83594e-321 1.72113e-111 1.59089e-321
2.94769e-66 2.58878e-60 1.46737e-321 2.92487e-321 6.32651e-224 1.86956e-272 1.25945e-234 9.18962e-322 1.3255e-42 2.83594e-321 7.11078e-275 2.01085e-321 1.07186e-177 3.47354 2.77242e-239
4.4633e-180 6.79254e-178 1.38832e-321 2.5642e-321 4.71833e-321 3.5527e-169 1.27629e-155 9.58487e-322 2.32196e-82 1.40561e-139 1.24611e-268 1.97132e-321 1.2917e-166 0.15938 3.85271e-222
3.25152e-81 9.96545e-11 1.91203e-321 5.44366e-208 6.11159e-321 1.5105e-240 3.33988e-321 5.49213e-99 1.04974e-197 0.578878 1.92475e-21 3.4881e-321 0.0148358 4.70376e-09 0.504939
3.12249e-321 1.36856e-321 1.3735e-321 4.46141e-321 6.00784e-321 1.54941e-18 5.21239e-321 2.08002e-321 8.22376e-114 6.63611e-256 0.984016 0.93693 0.891335 4.14513e-218 9.17406e-120
4.67941e-109 3.23805e-08 2.62296e-42 3.08486e-06 1.97949e-29 0.0278133 0.110452 2.2727e-322 1.0197e-273 5.58294e-322 2.19851e-230 4.74303e-322 4.79244e-322 3.30592e-251 3.26083e-322
2.67784e-321 1.73451e-251 1.46737e-321 1.42969e-219 4.89125e-321 7.20108e-226 3.56356e-130 1.47232e-321 9.27256e-259 3.28554e-321 5.02974e-124 2.11954e-321 2.47527e-321 0.531888 1.18798e-174
2.98416e-321 1.30318e-249 2.10472e-321 3.38435e-321 1.68631e-279 1.92423e-110 1.35086e-64 1.665e-321 1.14335e-219 4.77783e-317 1.72665e-261 2.34981e-310 0.0971491 3.33227e-239 2.01085e-321
0.00169038 0.000457658 0.000712095 0.00134364 0.00237439 0.000337211 0.000749683 0 2.97485e-282 9.88131e-324 1.25847e-289 4.94066e-324 9.88131e-324 9.25094e-254 4.94066e-324
3.41893e-321 8.00386e-322 1.08826e-126 2.4061e-321 1.92844e-169 1.42543e-219 5.35567e-321 1.58595e-321 1.06805e-05 1.20058e-320 2.14479e-183 5.60555e-301 5.09096e-247 0.517035 5.3023e-74
