1.47057e-39 0.0142339 6.34112e-21 2.09219e-27 6.78634e-07 9.17495e-27 8.41671e-08 4.15723e-08 1.47526e-15 0.00890227 1.44993e-22 1.22173e-10 9.43237e-20 2.89286e-12 0.0141761 6.73272e-05 0.037044 7.22616e-24 3.67324e-25 0.0118413 2.34984e-10 0.303184 4.98624e-08 1.67851e-19 0.0379455 1.25291e-12 3.63544e-33
4.87717e-12 2.82568e-19 4.48641e-12 1.06885e-20 1.00327e-16 0.0239538 8.05512e-20 2.23766e-18 6.3493e-21 5.11562e-06 1.23452e-17 0.101071 8.46776e-18 7.22453e-09 0.0169605 1.77281e-23 3.34028e-17 0.0303707 5.51013e-29 1.43563e-15 0.000131676 5.08856e-19 0.660031 1.32786e-18 3.67526e-19 1.01344e-25 6.28616e-32
7.32625e-12 4.43184e-10 7.41674e-10 4.29561e-06 1.96616e-15 7.28759e-06 1.65597e-18 0.0364259 4.6883e-07 1.2808e-17 1.57139e-09 1.42211e-12 6.96901e-09 0.687164 2.78302e-07 3.19071e-18 4.28197e-05 6.20279e-24 2.72937e-16 5.04784e-17 1.87103e-15 1.23426e-26 3.56689e-11 4.75829e-07 1.85972e-16 5.26264e-28 1.24401e-34
9.00664e-19 0.00227817 7.76924e-05 2.65183e-06 1.37943e-08 0.000607295 2.25819e-08 6.99811e-08 0.00602157 1.39813e-14 1.74619e-16 6.02181e-20 9.84586e-14 0.00105436 1.54093e-05 1.66268e-26 3.22005e-16 5.88394e-17 1.03758e-21 1.01601e-15 1.26226e-17 2.59644e-27 0.534188 1.1288e-16 4.39989e-13 2.4083e-19 7.10665e-29
8.76353e-20 2.32013e-05 1.61193e-09 4.84075e-14 0.000268222 1.69844e-19 5.70239e-07 1.49236e-15 1.55888e-22 2.16611e-20 1.46031e-20 1.08234e-08 7.08687e-12 0.00116797 2.69671e-13 1.24582e-31 3.85612e-09 4.04202e-18 3.40773e-14 2.75755e-20 2.41295e-11 1.19314e-13 0.532219 3.72477e-10 2.69188e-13 4.13532e-13 4.11279e-23
6.44859e-30 2.46156e-19 5.94257e-11 9.1444e-32 0.000422066 2.76532e-08 6.44973e-05 4.4361e-29 9.32175e-34 1.37434e-05 3.02834e-17 2.66715e-07 0.0471887 0.0322347 0.000337256 0.116295 0.000362132 1.35222e-13 3.23863e-29 2.9556e-32 0.0332775 2.19467e-26 0.0223194 0.0100101 4.04486e-14 0.0374434 0.0333326
0.000372325 0.00033841 0.000151498 4.40155e-05 0.000242337 0.000631404 0.00024754 0.00247984 5.65105e-05 1.80391e-27 1.51412e-27 1.0771e-22 8.63913e-25 1.67772e-17 2.45099e-18 9.8256e-34 5.76925e-19 1.66558e-34 2.4612e-34 6.51516e-34 3.60793e-21 8.85091e-33 5.04583e-14 1.39825e-21 1.90282e-25 3.9556e-31 6.3701e-38
2.78048e-10 1.60738e-11 1.4557e-21 1.74618e-06 3.33247e-15 9.18455e-27 3.0183e-17 1.86663e-15 3.38649e-31 6.61905e-11 1.22579e-09 9.59784e-07 4.42692e-18 3.58067e-06 1.42934e-14 9.21612e-06 6.21954e-10 7.35616e-20 3.63778e-23 1.54499e-12 6.42255e-19 1.41199e-19 0.0419143 3.69297e-07 5.78847e-08 0.186528 6.29939e-15
7.76934e-27 9.56825e-10 1.15249e-08 1.97808e-11 1.33782e-10 9.29753e-12 6.1259e-06 1.66805e-21 9.47634e-12 0.0116358 7.10147e-14 0.0493989 1.15252e-18 0.0330522 4.40724e-16 7.80733e-28 1.40251e-09 5.6347e-19 0.0563084 4.18835e-32 0.000147846 1.40043e-14 0.0825879 8.64657e-13 7.1598e-08 0.00122483 8.31199e-17
4.07257e-09 2.71795e-15 1.56895e-19 0.00013843 2.9137e-16 9.1428e-14 1.43777e-18 1.24068e-15 0.000217513 4.57287e-12 0.0174794 8.71191e-08 1.13915e-19 0.490386 1.6962e-08 3.00446e-11 5.21667e-06 2.47762e-28 2.66305e-08 2.33466e-16 2.13725e-18 3.48303e-24 0.309571 2.01285e-12 2.00498e-16 9.71186e-24 2.27022e-13
