2.72832 0.0803752
3.22648e-81 2.32284e-78 1.4904e-54 1.0599e-36 5.24389e-63 2.93567e-52 5.03893e-59 1.3628e-68 3.16301e-14 2.06993e-26 2.48722e-36 3.73207e-19 4.2553e-30 1.05132e-70 6.47241e-35 2.54445e-24 1.93894e-69 0.00531671 7.73586e-80 3.10315e-16 2.90652e-49 0.0952735 1.15831e-73 4.77707e-45
0.744181 9.57888e-45 1.68494e-07 2.12548e-52 2.54466e-71 1.39047e-32 3.15397e-33 3.03948e-82 0.105552 0.0178494 2.59537e-32 9.74613e-08 2.58519e-12 1.63791e-32 2.91406e-26 5.09147e-58 0.0107251 4.95476e-53 1.60554e-56 7.75485e-38 9.63568e-76 1.46668e-62 7.61881e-72 1.63726e-15
3.56909e-73 0.123921 1.43971e-57 4.04034e-54 0.0461436 0.00294237 5.01728e-61 7.88351e-49 6.93292e-52 4.02632e-76 1.59176e-39 4.97111e-45 1.70425e-45 1.04736e-14 1.00615e-07 1.67677e-31 0.00635911 3.11043e-58 4.8189e-11 1.62078e-07 0.0866478 1.13318e-26 7.35425e-27 3.34889e-61
2.97014e-71 5.78962e-87 9.76348e-50 7.25876e-34 2.31962e-87 1.76726e-39 3.18652e-32 8.45028e-40 4.06593e-41 7.8999e-70 2.3337e-19 8.86854e-55 8.1204e-37 5.73695e-50 3.07822e-61 1.20337e-29 5.9869e-27 0.315756 1.95278e-28 7.38258e-44 1.0852e-81 2.44914e-08 2.2607e-45 1.65095e-15
1.32645e-14 1.41836e-55 8.01944e-30 7.74632e-23 3.02858e-41 1.34068e-22 8.07653e-86 1.32911e-20 6.04436e-46 7.43656e-17 4.01258e-40 3.67341e-41 0.138669 7.571e-89 8.73189e-39 1.33313e-24 1.9362e-24 1.37367e-44 1.34265e-82 2.52608e-53 1.48847e-62 1.01143e-50 1.60018e-18 8.08633e-23
3.83399e-70 1.58562e-97 8.51564e-33 8.81638e-60 1.60254e-30 9.42193e-51 1.80649e-32 1.50691e-30 4.81128e-29 1.39915e-45 6.45165e-20 3.87765e-52 4.40926e-30 2.98011e-75 3.62831e-72 3.75821e-35 5.73709e-83 1.07085e-30 4.01286e-83 8.15276e-40 3.14169e-41 0.0467708 1.38637e-48 3.5969e-64
2.14231e-32 8.74271e-84 5.38953e-14 3.27835e-26 1.20899e-66 1.81773e-45 1.21713e-57 8.18234e-80 0.000262483 7.46557e-64 3.42045e-48 0.0216169 4.924e-30 4.02652e-83 5.12332e-44 2.44891e-16 1.53793e-52 1.08058e-20 7.97825e-53 2.51924e-74 1.25765e-37 4.22914e-51 5.15847e-74 2.96204e-32
6.01381e-30 3.02769e-54 3.48085e-08 6.50692e-45 3.77205e-61 1.31098e-14 5.95482e-89 8.59613e-77 1.34614e-19 1.61474e-62 1.46887e-39 1.10593e-05 1.51735e-63 1.32028e-46 0.0730543 1.1291e-09 2.1288e-17 0.101292 3.99513e-52 1.02919e-31 8.07499e-22 3.33453e-35 1.05681e-21 4.40765e-55
1.29511e-08 1.32702e-51 0.0599423 9.4129e-32 4.92117e-44 3.57059e-56 2.34353e-95 9.17792e-51 4.92911e-33 0.0558428 0.234531 0.0553518 7.24335e-42 1.11516e-12 3.41153e-78 1.59681e-19 2.02852e-55 6.64188e-18 2.76125e-27 0.000230221 1.68728e-41 7.61151e-23 0.654888 0.29644
2.37561e-14 7.70195e-59 9.54132e-57 0.0251663 2.08217e-67 6.5626e-28 2.6065e-51 1.1118e-72 4.64127e-13 5.83045e-35 8.78661e-29 6.31809e-08 0.272216 0.226506 1.91983e-22 0.106338 7.81448e-33 7.10136e-19 4.42665e-60 2.47679e-73 2.76145e-56 0.0859045 0.196523 1.76128e-62
6.10355e-50 1.4698e-89 2.32297e-45 1.24624e-32 6.2293e-28 1.90537e-52 1.1638e-67 5.5617e-82 0.00370428 3.97749e-45 1.06435e-29 3.38519e-17 1.39499e-64 8.56118e-35 9.57992e-17 1.56465e-62 1.53693e-63 3.50996e-18 7.33144e-75 0.0822869 3.98464e-56 0.103147 8.27277e-54 3.13816e-63
1.77e-51 3.75864e-75 4.83938e-15 9.00496e-21 7.53096e-31 2.81301e-44 0.228696 0.0823732 1.27089e-39 2.40995e-36 1.0868e-36 1.07359e-48 1.02932e-46 1.21396e-55 1.98142e-70 2.02231e-52 1.59123e-64 1.13465e-35 1.44575e-13 2.41018e-20 5.45386e-47 5.84461e-07 3.64365e-69 0.12583
6.36888e-62 8.40069e-37 1.81419e-23 2.69355e-38 4.45269e-25 4.43382e-48 1.68092e-59 9.24509e-48 4.98184e-23 1.04155e-68 0.327524 5.59488e-18 1.51645e-62 1.32059e-34 5.93218e-82 5.31467e-15 2.06317e-63 1.52421e-34 4.59221e-33 5.89278e-72 4.09876e-79 8.29773e-35 5.4928e-64 3.47266e-53
2.90088e-75 3.52877e-35 1.38573e-19 4.8975e-26 4.22297e-44 0.130804 1.61452e-42 6.07217e-47 3.93477e-41 4.4754e-94 6.91439e-13 8.02199e-20 5.13323e-14 0.106182 5.52276e-42 5.05545e-07 1.17873e-71 1.67869e-22 0.0668245 3.34598e-25 1.37679e-65 2.051e-61 5.57894e-42 1.93204e-45
