3.15641e-72 7.18866e-321 2.77171e-321 1.56872e-88 3.83541e-180 2.70748e-321 2.19172e-210 2.85466 3.72031e-321 1.62801e-222 7.74279e-12 2.22547e-281 2.00593e-164
8.75235e-85 7.01573e-321 6.50328e-194 1.17261e-167 1.30834e-134 1.65046e-46 4.78772e-14 0.548233 8.13902e-30 1.53482e-180 3.75156e-282 1.48042e-285 1.26854e-170
0.0529356 4.47093e-07 2.5261e-16 9.57936e-29 3.38024e-30 8.83151e-20 1.34012e-257 5.9951e-256 2.17389e-322 2.37152e-322 1.26975e-321 2.63182e-309 7.37986e-320
2.03555e-321 7.6432e-321 8.42133e-301 9.09145e-237 2.41037e-26 9.46817e-236 1.27802e-142 1.00033 1.11127e-297 3.02883e-234 3.67364e-133 4.89649e-34 1.88012e-90
6.82708e-06 0.0145011 0.00262849 0.00139696 0.00610532 0.00320532 9.79527e-259 2.53429e-287 9.88131e-324 1.4822e-323 7.41098e-323 9.88131e-323 1.38338e-322
2.10472e-321 6.75882e-321 1.30927e-321 9.53547e-322 2.01009e-278 2.27679e-19 0.0467557 6.73535e-168 2.72724e-321 8.56661e-287 6.03004e-203 1.81516 2.46501e-191
1.91959e-48 5.85073e-282 5.5465e-74 6.12503e-209 2.97263e-27 1.48474e-16 4.05019e-200 1.92039e-230 1.33677e-132 7.47647e-310 1.16442e-176 4.54042e-207 3.38827e-285
7.20337e-154 2.27299e-21 1.83298e-321 8.3003e-322 3.84383e-321 2.92238e-146 8.50887e-15 9.29552e-230 3.62009e-273 6.24916e-44 1.2993e-26 0.153777 5.41414e-246
4.40612e-48 6.4772e-321 4.07023e-295 2.74039e-61 5.99833e-246 2.2761e-299 1.36998e-160 1.16383e-138 2.71736e-321 3.12249e-321 7.21768e-168 0.718027 3.91622e-110
3.14176e-244 6.41297e-321 6.10447e-35 1.97141e-82 2.18488e-77 3.93663e-28 0.433749 7.69819e-178 1.76876e-321 2.23318e-321 3.55101e-315 3.24247e-223 4.49228e-272
3.26362e-119 1.07418e-284 1.3241e-321 1.10387e-150 1.3644e-07 3.38787e-274 1.54445e-151 4.01761e-282 0.186338 3.2806e-321 6.64463e-257 9.59233e-105 6.34885e-195
8.35742e-124 7.47027e-321 1.49702e-321 1.00789e-321 9.74844e-46 3.77012e-233 9.73123e-147 2.54586e-27 2.61855e-321 2.31861e-103 0.82504 1.06437e-96 2.58592e-33
8.82552e-212 6.5859e-321 3.05142e-246 8.00386e-322 5.92853e-73 5.39888e-304 0.0350693 3.16359e-100 2.10837e-285 0.847945 0.152758 5.10994e-35 0.0124187
1.55801e-193 5.23985e-207 4.78873e-15 3.99646e-275 2.04464e-78 5.41257e-266 6.26125e-26 9.03345e-226 1.53966e-54 3.92177e-156 0.42834 6.19219e-208 1.22287e-54
8.51379e-317 7.81612e-321 8.18858e-155 1.83859e-205 0.000314482 0.00260354 1.511e-141 3.18727e-150 3.29036e-274 2.01579e-321 0.981764 2.66826e-98 0.392324
1.84781e-321 6.90746e-54 3.0442e-52 2.21377e-56 2.64099e-184 6.86457e-235 3.29892e-122 7.34963e-245 0.342863 1.87251e-321 2.82002e-50 0.546871 2.384e-261
