2.0917 0.236026
1.21479e-42 1.00403e-59 2.05717e-66 0.279688 6.35701e-63 2.17723e-19 7.41045e-230 3.2738e-112 3.28321e-122 5.76065e-164 2.90662e-89 4.76973e-47 2.80114e-234 1.36012e-25 0.86571 9.46529e-45 4.50025e-222 8.0559e-165 5.57219e-139 3.43565e-43 5.07555e-89
0.120423 1.15507e-13 1.17693e-127 2.88451e-136 5.27747e-05 6.01371e-147 4.81675e-94 8.41192e-35 1.64518e-157 1.1687e-10 3.3928e-85 2.53598e-228 6.95162e-49 5.66836e-40 6.80616e-188 1.28586e-279 1.71793e-222 1.11298e-164 3.07198e-179 2.03229e-53 4.55004e-170
8.48319e-133 6.854e-127 5.56391e-178 2.29349e-96 1.04072e-30 1.26049e-104 4.99788e-143 7.69422e-156 1.06023e-142 1.45939e-43 5.07699e-06 3.16857e-211 0.169102 1.53862e-79 5.6766e-185 6.38244e-186 7.90025e-155 8.10462e-32 4.89017e-42 8.40195e-168 2.23471e-147
1.49661e-22 4.88038e-204 1.86139e-219 3.01836e-208 0.105381 3.86796e-155 0.332803 5.89413e-65 1.58344e-120 1.17566e-94 4.13967e-26 6.34529e-102 2.15524e-64 5.94148e-174 1.56449e-135 1.50018e-29 1.41239e-144 2.46251e-103 1.0609e-137 1.3388 6.62672e-104
4.22528e-211 1.50013e-153 5.02347e-200 1.6227e-184 1.03303e-124 5.32379e-180 2.6045e-254 6.76752e-137 8.83351e-149 8.405e-157 7.46372e-52 8.37855e-187 2.4954e-216 3.6322e-57 1.67287e-64 1.29232e-96 2.38791e-60 0.146481 5.44715e-148 9.27789e-173 8.89695e-136
3.07809e-134 2.91607e-116 1.4114e-200 4.06505e-141 2.2618e-79 5.49855e-154 7.99927e-142 1.16421e-72 3.58625e-189 3.35743e-55 0.00442257 2.59765e-147 5.16238e-139 6.59361e-149 1.39078e-144 5.66329e-118 6.06477e-226 1.50171e-52 1.06058e-128 8.16664e-155 3.31967e-154
9.35102e-102 1.30393e-187 2.60551e-73 3.64242e-106 3.6666e-128 0.227476 3.80204e-216 2.50204e-151 1.02397e-89 2.20511e-77 3.16603e-81 1.52526e-73 1.71436e-57 7.96773e-103 7.75038e-60 6.71285e-259 6.51809e-34 5.82673e-80 0.823361 1.02412e-138 5.11844e-126
1.87395e-107 5.25703e-175 1.25309 2.16944e-65 9.28279e-193 5.34424e-101 2.50197e-156 4.71946e-43 0.0756686 2.89899e-53 2.73231e-32 1.07915e-73 8.02129e-132 2.71798e-144 2.33785e-63 1.18423e-234 9.48368e-233 6.01884e-13 3.86023e-29 1.03091e-225 5.10437e-146
2.41365e-110 2.5318e-18 1.03913e-50 3.46099e-78 6.7789e-204 7.04799e-182 3.65026e-267 1.73217e-14 9.6597e-07 1.3437e-175 1.37432e-73 0.255259 0.00280728 6.06356e-123 4.43965e-60 7.32595e-36 6.02312e-223 3.40988e-35 2.38246e-46 1.22425e-13 1.00749e-163
5.71134e-117 1.81484e-118 5.8941e-176 2.98066e-92 1.32054e-200 2.19107e-29 3.29433e-180 8.16817e-118 6.88828e-106 6.11867e-166 0.124606 8.53766e-175 6.15135e-36 6.08408e-215 7.96066e-149 1.12243e-40 1.1129e-232 0.00370797 4.35631e-199 4.40341e-125 9.34698e-133
2.35237e-149 4.33171e-226 2.48738e-174 6.90498e-88 2.53453e-13 0.423187 8.24833e-101 0.491528 0.181502 4.41304e-104 0.0815395 6.21301e-268 1.33269e-40 1.34681e-51 0.00825273 3.0651e-294 1.90057e-209 1.93083e-135 1.12299e-132 5.21617e-57 2.39429e-77
6.7725e-200 0.0795764 5.49604e-174 8.07532e-115 1.41139e-132 2.09875e-188 1.85979e-151 2.34651e-132 1.31854e-117 2.63611e-145 0.0428248 8.18256e-90 5.38542e-151 1.55497e-213 6.90947e-68 2.99674e-218 3.16776e-43 2.09522e-20 6.17792e-206 1.11567e-84 1.02076e-74
0.156007 2.98333e-27 1.20888e-87 9.77747e-16 2.15402e-127 3.29441e-48 1.60614e-79 3.68763e-128 5.03059e-182 5.03969e-107 1.71296e-122 1.54696e-207 9.1936e-106 2.09123e-174 1.3821e-103 5.83337e-137 7.30822e-106 0.499588 1.58606e-192 8.08661e-110 4.40766e-94
1.5315e-165 1.01996e-40 6.05199e-43 5.10473e-81 0.595291 1.72245e-106 2.17702e-100 7.36967e-170 1.54379e-148 2.80378e-18 3.11006e-36 4.23558e-179 1.31346e-122 1.14076e-40 5.22909e-85 0.308015 2.46674e-128 1.05763e-24 1.69193e-64 1.66636e-87 1.44755e-144
2.34373e-54 4.41625e-142 2.17598e-59 1.22147e-168 1.40924e-193 4.27743e-70 3.69388e-94 9.4748e-73 1.55649e-104 1.02121e-05 3.158e-117 9.5504e-15 2.4045e-44 1.19246 4.57684e-119 1.35924e-145 0.3041 0.0434176 5.22606e-194 1.7253e-204 1.2623e-86
1.91915e-07 9.15682e-87 1.20914e-112 7.79244e-151 0.120746 4.00709e-18 6.10574e-152 0.254207 4.6006e-153 1.6923e-125 1.41894e-104 4.92067e-274 1.58111e-196 1.18524e-120 5.5054e-125 9.29061e-81 4.59424e-26 6.53906e-58 8.29683e-157 1.18101e-182 1.29817e-145
4.63908e-160 2.90257e-63 1.40551e-134 2.32315e-36 0.0493473 1.34763e-115 1.26124e-112 6.78272e-79 2.31586e-69 7.08069e-74 0.00496036 3.00576e-232 3.61635e-247 2.23666e-58 2.64678e-76 2.25827e-71 6.17134e-50 2.37927e-121 2.25691e-119 2.97643e-147 1.52448e-48
2.87753e-181 1.30234e-161 6.33824e-211 9.96642e-184 0.00146223 3.99914e-45 5.27259e-96 8.18919e-46 7.33057e-42 0.0823766 2.58638e-05 6.48697e-226 2.67303e-08 4.17275e-176 5.64888e-67 3.98215e-253 6.03808e-237 2.66336e-162 9.04292e-79 5.94043e-149 0.351566
