7.38117e-86 2.85261e-83 1.52775e-55 0.954956 7.71554e-74 6.19893e-156 1.15532e-131 3.18421e-207 2.60948e-156 2.50827e-108 6.20159e-128 8.49127e-123 2.77032e-94 1.28351e-92 7.60326e-183 1.07452e-79 1.53089e-139 4.76171e-99 1.37179e-94 1.00975e-122 4.3871e-119
9.58472e-129 5.10796e-80 2.3409e-83 9.47507e-15 0.767913 7.96183e-30 3.59416e-55 0.652854 4.6559e-148 1.14774e-68 0.429748 0.557736 1.3252e-66 1.66829e-55 0.262738 4.70486e-133 0.211681 2.42906 0.286774 0.618587 0.149097
8.64104e-70 3.38011e-40 7.7134e-80 0.0544337 6.30445e-14 4.22413e-56 2.95199e-63 3.02849e-53 1.15738e-47 2.97531e-92 1.76891e-159 3.43745e-123 1.50462e-09 1.17849e-67 1.75635e-112 0.19012 5.3382e-75 3.41755e-26 1.91327e-49 6.86186e-26 9.85958e-99
1.5005e-119 4.01745e-123 5.40565e-85 0.321146 6.47838e-49 4.64983e-97 1.86966e-76 1.05728e-214 1.10097e-112 7.77062e-97 2.57509e-156 4.45998e-139 1.48895e-53 9.37615e-122 5.52848e-149 1.09272e-124 6.44693e-175 4.42783e-131 1.57805e-91 2.83739e-73 7.04486e-149
8.61329e-116 4.45765e-107 1.9001e-38 0.46111 4.79058e-89 2.39555e-88 1.0604e-100 9.01462e-184 7.2931e-103 8.33823e-78 2.29506e-119 1.17235e-129 2.06208e-29 3.31427e-73 1.67523e-153 4.43916e-103 5.32098e-120 1.16077e-146 1.65799e-53 7.69629e-70 5.87353e-99
1.32866e-75 1.7181e-98 0.0968186 4.51307e-09 2.94516e-69 1.46171e-169 3.98647e-40 1.43073e-125 2.49919e-152 1.86248e-61 1.15069e-171 2.10659e-112 6.0653e-64 2.95705e-56 2.65915e-81 1.18286e-37 2.43547e-204 2.60942e-146 3.90997e-62 3.65177e-112 5.46386e-158
1.9779e-67 1.26544e-32 0.57412 7.95147e-14 1.76894e-35 1.32882e-52 5.39285e-116 0.721487 2.87441e-30 1.00212e-51 4.01578e-67 1.38159e-132 3.24851e-78 6.34338e-127 7.2806e-67 7.08292e-19 1.0928e-51 4.31979e-91 7.81418e-10 2.0349e-88 1.16063e-117
1.23072e-92 9.09225e-96 3.14611e-61 6.0408e-12 1.46468e-52 0.298181 6.89826e-79 3.22015e-91 0.0969407 3.33791e-108 8.24259e-163 2.11378e-08 6.41044e-106 0.631505 1.70886e-192 1.0054e-49 4.07519e-169 0.404316 1.27248e-16 3.42387e-17 6.29275e-102
3.09342e-82 2.00728e-91 7.1377e-52 0.314802 1.68642e-57 6.12427e-144 5.04887e-104 4.22027e-170 7.41582e-158 3.68366e-68 4.14141e-127 9.35028e-121 2.05511e-116 1.91006e-96 3.06568e-179 3.14657e-72 1.97561e-196 3.05098e-102 4.29896e-69 5.69118e-81 2.62464e-114
3.80793e-66 5.56761e-131 0.0373127 5.21595e-08 3.61941e-53 5.78399e-130 3.79517e-104 1.26784e-157 5.43721e-139 3.36193e-55 7.06919e-107 8.47695e-88 6.71585e-31 2.2631e-104 8.79598e-97 5.79726e-59 4.52201e-151 7.82308e-140 3.2965e-57 1.2976e-76 6.42885e-101
2.66446e-51 4.55626e-15 1.38779e-67 6.52872e-06 2.40646e-60 1.17766e-74 2.35247e-73 1.78822e-196 5.53464e-155 0.00457977 2.26523e-93 1.96773e-76 0.203251 3.82417e-60 1.05175e-169 8.9207e-120 1.61149e-160 8.95787e-154 4.48919e-75 0.029521 2.06199e-107
2.12406e-122 0.0357874 2.8671e-51 0.977807 5.72755e-70 1.59961e-132 2.64974e-57 1.75339e-79 2.60253e-60 3.77103e-82 5.1187e-67 3.2167e-56 4.90338e-89 1.53421e-85 3.07512e-34 1.72191e-73 1.62971e-79 5.96138e-126 7.88603e-52 7.65539e-70 2.27249e-92
1.35302e-87 0.0911722 2.14161e-71 9.13024e-19 3.97117e-15 1.04828e-61 1.38307e-120 1.22155e-69 2.66011e-158 0.0720449 8.24948e-66 7.43877e-54 1.30635e-83 2.91321e-28 3.38454e-161 4.93721e-78 6.70828e-109 2.9729e-82 9.49331e-10 7.92187e-33 2.47125e-49
0.269031 4.48808e-106 2.06763e-38 0.273367 3.11366e-81 2.0873e-26 1.96798e-107 1.31e-166 2.42404e-41 4.18592e-95 1.27687e-47 5.0453e-76 1.75099e-86 4.31947e-130 4.6003e-60 2.8777e-129 3.30783e-102 4.9925e-69 1.55922e-75 1.02515e-112 1.26264e-119
1.07894e-78 1.37723e-89 1.43077e-63 0.113515 1.34259e-85 2.61628e-129 1.27966e-55 3.61692e-169 2.36281e-109 3.98075e-69 4.77884e-165 4.70504e-69 7.01762e-15 7.7217e-78 1.12526e-86 3.49106e-106 7.86062e-107 4.801e-60 3.50705e-73 6.88412e-118 9.92209e-131
2.7421e-100 5.85708e-39 0.953442 1.10615e-41 1.37907e-27 1.14266e-99 1.13829e-73 2.41038e-173 1.28878e-164 1.2923e-92 1.97043e-88 1.11525e-36 4.75781e-10 2.05594e-122 4.69072e-74 1.70063e-30 2.894e-18 5.55213e-27 1.07044e-85 2.23085e-81 7.74452e-39
2.85304e-110 6.44511e-151 1.62095e-27 0.160004 1.65577e-89 1.92199e-53 2.80151e-48 4.26998e-144 4.57408e-95 6.72537e-93 2.61774e-119 9.65982e-122 4.6183e-106 7.71033e-129 8.57402e-140 1.53061e-81 1.53501e-193 3.25602e-97 9.30882e-98 6.05721e-113 1.36046e-127
6.61226e-81 1.02503e-118 1.01983e-20 0.236746 1.81801e-44 1.96994e-70 4.01906 4.66357e-202 5.90213e-164 8.4242e-34 1.51463e-78 5.38118e-67 3.22649e-76 3.89659e-31 7.2551e-64 4.75164e-85 6.39565e-105 8.13488e-27 3.64278e-80 8.82953e-39 2.91575e-60
