3.48486e-54 4.31383e-91 1.30692e-196 1.16953e-71 3.00659e-73 2.59133e-70 1.90201e-51 3.46966e-45 4.79801e-73 4.87754e-173 2.43816e-36 1.8802e-172 2.89542e-63 7.5997e-18 0.24598 4.21158e-51 1.87947e-112 6.17507e-46 7.79898e-101 9.95349e-80 3.64608e-39 5.06816e-66 7.37076e-169 8.00234e-26
1.24749e-90 5.27389e-75 1.2695e-195 7.19999e-93 7.68808e-146 4.26467e-61 3.91481e-85 3.48344e-34 1.26415e-99 4.95824e-156 3.05152e-70 1.4286e-149 8.22196e-55 0.0181156 1.3317e-47 6.6315e-74 1.41797e-137 2.4243e-81 2.48626e-128 5.53862e-95 2.44068e-39 3.56604e-66 3.0539e-166 2.19006e-54
1.11566e-67 3.19286e-118 7.72905e-182 5.89935e-101 5.17197e-45 4.40897e-28 4.10205e-38 1.3195e-17 3.36578e-42 1.58335e-116 0.0702484 5.86211e-162 7.02787e-74 1.8568e-25 1.63725e-53 1.73513e-42 8.04219e-111 1.95065e-98 7.31563e-113 2.46929e-67 1.02635e-50 3.03833e-43 6.96466e-130 4.14989e-16
8.14057e-64 2.13384e-76 2.22914e-193 1.01271e-104 2.50288e-117 3.17256e-49 9.00761e-51 4.35379e-49 3.14019e-89 1.97808e-135 3.16136e-57 4.09891e-189 1.01556e-80 0.0633753 2.17355e-44 7.05879e-47 3.70417e-118 2.52905e-65 1.57177e-87 6.5912e-72 4.0708e-31 1.16082e-34 1.01244e-164 4.2861e-63
5.38596e-66 1.59504e-84 2.3818e-163 3.42407e-78 1.22268e-105 5.29849e-60 4.5536e-43 1.60699e-40 4.86632e-74 3.78499e-135 1.28202e-50 3.60934e-190 1.20292e-82 1.1283e-17 0.0305795 7.94232e-68 9.2633e-133 4.14626e-81 1.03158e-120 3.90435e-57 4.97599e-33 8.30978e-08 1.09645e-162 7.69647e-59
1.70905e-39 3.38254e-77 1.16751e-118 2.75991e-65 0.202959 6.25039e-09 3.75732e-74 2.92856e-37 5.52209e-73 3.76581e-109 0.000245357 2.37368e-95 8.98533e-44 1.15293e-12 1.53805e-25 1.33085e-56 3.2947e-115 1.61504e-46 2.08196e-91 3.6042e-38 0.0120608 2.97203e-35 8.81736e-108 0.111752
2.03077e-69 1.12951e-72 9.90872e-178 3.49683e-94 2.0681e-119 6.35314e-47 4.23177e-64 3.08339e-38 5.79476e-60 2.15691e-164 1.01206e-31 6.38537e-164 2.24131e-75 0.0323865 2.88744e-27 2.4209e-42 1.00015e-131 2.77335e-77 9.90573e-110 7.12342e-85 2.40652e-42 4.37936e-56 2.237e-199 2.3187e-80
6.60678e-79 6.65134e-117 3.37054e-157 2.26371e-11 7.95494e-88 5.60571e-43 4.39003e-91 4.98799e-24 0.000843369 1.87701e-65 1.99571e-71 5.77669e-122 0.0742494 0.762872 2.78295e-21 0.053527 2.88083e-120 1.72819e-94 4.06324e-63 8.97908e-55 3.05178e-12 2.11512e-41 8.33103e-186 1.86967e-39
8.38954e-19 4.53143e-10 2.48959e-197 1.23462e-97 2.97173e-131 9.92035e-69 1.47078e-50 6.56422e-54 0.000341669 4.40935e-91 2.13711e-73 7.23367e-179 1.04899e-11 7.24122e-34 0.477222 6.4033e-48 1.12173e-109 7.68787e-60 1.78959e-44 8.69229e-54 1.0126e-37 6.28933e-20 3.23313e-103 7.33186e-30
1.10433e-67 3.96564e-111 2.87864e-121 2.14626e-73 3.45289e-100 2.90557e-29 2.86454e-49 0.158325 4.95955e-97 1.42907e-127 7.88962e-21 3.74936e-178 4.83098e-34 9.79774e-29 8.77771e-48 2.49036e-32 1.85445e-145 8.1264e-83 1.58271e-116 7.16253e-60 0.00310468 3.87079e-21 1.46509e-180 1.32929e-23
5.55768e-77 4.72786e-96 4.30676e-168 4.00299e-96 8.39201e-60 1.67792e-66 6.74793e-50 5.45177e-57 3.94781e-40 1.682e-158 1.16997e-49 6.46277e-170 3.8358e-35 0.0686576 1.13906e-40 1.53619e-41 5.25956e-139 1.02924e-78 8.23313e-124 2.16625e-65 1.15956e-56 3.17156e-38 1.33145e-202 1.14428e-47
2.0173e-67 1.85151e-54 8.32849 8.77139 2.87706e-107 1.50829e-16 0.135579 0.0992393 0.0273535 0.184037 9.9986e-68 0.168728 0.143931 7.14735e-12 1.33797e-53 9.87675e-57 0.53931 0.136967 0.055579 0.0673619 3.28644e-23 1.00925e-40 0.195884 2.78066e-53
0.096231 0.0622311 1.45661e-88 4.55353e-45 3.18313e-148 0.0782775 4.26725e-81 4.87852e-33 7.52821e-83 2.24616e-159 3.3564e-54 1.70146e-76 0.0024475 2.28076e-33 8.61389e-51 6.61023e-68 7.32494e-139 7.46803e-93 5.34489e-128 7.62537e-76 6.1362e-25 0.12259 4.83313e-120 3.48327e-16
3.546e-101 1.73186e-64 8.70762e-165 7.72178e-87 3.19092e-88 1.7982e-34 9.34373e-81 3.13283e-50 2.42979e-44 7.81201e-114 1.20549e-16 3.16285e-149 2.91794e-44 0.140386 2.02595e-18 1.83837e-58 2.70334e-109 2.06382e-56 2.92039e-105 2.2706e-90 9.2719e-21 4.10092e-68 1.1574e-141 1.88035e-53
