3.61318e-46 9.18968e-63 1.45232e-12 0.117825 3.61333e-144 2.89633e-127 7.32278e-83 3.69172e-24 5.79159e-188 1.31915e-10 7.7782e-65 0.0873457 6.48149e-139 7.25578e-82 5.90598e-181 2.04367e-111 2.90187e-106 3.1633e-34 1.96011e-244 7.8227e-129 2.1696e-27 2.13652e-103 2.86017e-201
0.29092 2.3058e-56 1.95774e-95 2.68437e-62 1.545e-95 1.61591e-145 1.48381e-99 1.12042e-63 9.36211e-32 7.37739e-70 3.15267e-62 5.71753e-24 6.66249e-86 1.00897e-240 7.80007e-203 2.23761e-12 6.06755e-51 0.0169669 2.62895e-25 1.05289e-98 6.9519e-56 9.40622e-08 9.19718e-51
1.47109e-64 3.61003e-114 2.44647e-168 2.10928e-61 2.41492e-168 2.18828e-222 7.25462e-170 3.28356e-86 1.27862e-80 7.37688e-100 4.76817e-116 1.89307e-76 3.3128e-157 5.74661e-170 4.4423e-196 0.446513 3.87529e-84 4.09128e-34 7.25639e-247 2.4303e-191 4.19519e-74 1.37391e-67 2.59853e-162
4.91799e-104 2.4488e-278 5.64618e-272 8.82972e-81 2.91395e-05 0.38731 8.39606e-75 0.246916 9.65916e-178 1.74868 3.02805 9.4404e-09 3.16761e-43 0.625641 1.77179e-79 0.735368 1.03351e-127 0.286044 4.37295e-246 0.355828 3.91643e-118 0.0648167 1.44241e-163
8.58914e-129 2.62946e-26 3.94509e-109 1.60327e-27 2.79627e-11 2.56733e-227 5.19342e-81 2.85591e-55 7.40434e-34 1.64808e-154 6.74158e-233 9.71378e-150 2.17736e-36 6.10386e-180 6.55839e-99 4.93311e-168 5.64565e-131 1.66808e-186 6.18519e-12 2.39692e-125 0.542755 0.114814 5.95928e-66
3.29689e-232 4.96552e-219 1.19162e-67 1.32112e-09 0.286343 1.79143e-31 6.88888e-76 3.33611e-11 4.55678e-89 0.000349005 2.33094 7.31795e-125 8.92331e-170 9.79938e-161 0.230293 4.26748e-63 1.35016e-52 3.22851e-54 7.80798e-46 6.05878e-173 0.00185494 3.84596e-101 1.20449
2.01473e-117 3.25061e-181 3.07127e-91 1.50954e-42 4.62928e-62 2.59349e-205 2.34352e-151 4.36095e-117 3.36089e-18 3.20384e-81 4.74469e-123 3.89779e-107 3.04855e-111 4.35488e-119 1.2301e-128 2.01137e-153 6.5243e-71 5.51292e-217 1.39837e-49 1.43899e-138 5.24819e-149 0.0680794 6.69892e-234
1.82368e-41 1.75464e-94 2.25816e-62 6.69394e-161 1.00912e-128 1.1993e-127 5.56498e-160 7.53848e-84 8.57364e-143 3.77956e-143 3.20427e-109 1.94025e-42 1.98631e-171 2.27426e-174 1.03989e-79 0.277406 1.66497e-110 2.39738e-78 1.10703e-88 1.03155e-158 2.74204e-97 1.36872e-117 1.11714e-190
7.38217e-94 4.12789e-198 2.85031e-12 2.11652e-10 3.06077e-131 8.04585e-126 8.91677e-88 3.75483e-120 3.17293e-67 6.43715e-106 8.82411e-210 1.06748e-101 1.17281e-129 4.15701e-185 3.68537e-177 1.32224e-142 5.18665e-102 5.96402e-105 0.156162 4.45861e-78 4.26344e-92 2.40559e-116 4.80359e-61
5.80555e-31 0.020491 0.0350547 1.3882e-177 2.1899e-150 1.54826e-257 2.32723e-147 9.48243e-136 3.04117e-189 1.41109e-149 2.28581e-251 7.93452e-132 1.43525e-157 5.26151e-270 1.6148e-205 3.28845e-145 6.93831e-135 2.23223e-213 1.07287e-247 4.81012e-198 2.4547e-146 1.10281e-108 2.43417e-245
6.01136e-168 6.46194e-167 2.17741e-175 5.08474e-74 1.90297e-67 4.86201e-113 4.19932e-71 1.97167e-146 0.196071 4.25699e-27 2.61111e-94 5.95726e-146 0.0887669 9.78328e-186 2.63397e-170 3.10325e-93 1.59848e-105 1.06312e-133 2.54095e-207 3.15144e-31 0.1733 9.72105e-96 5.71562e-08
3.48681e-127 2.07501e-289 1.06744e-61 3.74537e-08 1.30261e-84 1.53564e-52 2.64787e-113 6.40868e-34 3.09557e-15 1.10953e-136 0.336683 2.50056e-17 1.23438e-14 7.53688e-40 7.77897e-153 5.41477e-65 4.92855e-106 3.14413e-66 5.5417e-91 2.07827e-52 2.48731e-30 8.17766e-88 5.98199e-136
8.62727e-175 1.4116e-104 3.33719e-122 2.87342e-10 1.60671e-53 5.58843e-233 4.75452e-143 6.92735e-70 1.92173e-181 2.87679e-147 2.65725e-52 8.0527e-138 1.67674e-151 1.3206e-106 1.07486e-173 2.12621e-155 1.14733e-60 1.86945e-68 0.126448 1.65899e-152 3.90056e-15 3.78907e-67 9.97108e-130
3.49284e-25 6.9113e-196 5.20291e-186 1.06134e-38 1.59496e-60 2.85626e-145 0.165662 5.54065e-142 6.23353e-49 3.78845e-157 1.00005e-241 0.292073 5.79272e-30 5.10684e-149 3.24485e-171 0.0833257 0.263534 0.958874 9.01878e-218 4.67677e-133 5.88875e-141 6.36408e-90 4.91101e-218
2.64214e-73 7.42324e-15 8.52127e-138 1.01987e-74 2.94706e-28 2.5335e-156 1.89565e-15 1.59347e-83 0.0426749 1.09146e-123 5.61283e-267 5.32953e-94 7.00369e-35 5.88842e-245 5.53274e-172 1.23183e-136 9.271e-65 1.29167e-61 1.1715e-151 5.41647e-107 2.5833e-127 1.39984e-86 2.65702e-128
