0.0207186 8.35316e-45 1.15216e-77 7.64739e-15 0.11964 6.35354e-30 3.25451e-116 8.55667e-22 1.75995e-67 1.14567e-59 6.73303e-18 0.0190122 2.11595e-99 8.37073e-39 8.12418e-34 1.19929e-50 2.00375e-63 1.49031e-114 3.53466e-76 1.20524e-48 0.129943 9.47747e-27 3.47381e-60
2.7399e-16 7.67537e-07 1.40569e-60 1.02005e-94 9.03121e-43 2.04317e-67 1.6371e-54 9.37591e-66 4.57126e-43 3.02376e-56 0.016508 5.62326e-50 2.68916e-65 1.14552e-05 1.63923e-51 0.151773 1.80059e-32 1.31107e-24 4.67108e-32 2.32904e-13 1.74711e-73 2.61102e-85 0.0525728
2.88175e-67 2.66174e-51 6.07842e-77 1.02619e-62 3.6431e-73 0.137513 1.88979e-70 3.35813e-08 2.48292e-33 0.423902 1.94382e-102 4.87121e-23 6.36809e-70 2.84016e-24 3.04959e-25 6.30086e-17 0.0347734 3.76971e-26 1.75328e-33 2.40583e-73 1.35573e-08 2.22513e-106 2.44578e-71
2.14906e-74 5.80875e-26 5.19179e-78 4.55088e-84 1.23435e-43 7.10822e-48 1.76464e-81 1.16828e-10 0.0116482 9.84857e-05 8.78702e-38 0.00218522 0.0160678 1.98635e-91 8.36058e-20 0.244685 7.48775e-07 9.37926e-53 5.86319e-34 6.73281e-52 1.71578e-31 2.85933e-42 4.27875e-43
1.11775e-51 2.20598e-09 3.59223e-10 5.17148e-102 2.96434e-49 4.90822e-58 2.44137e-90 6.65988e-24 7.48781e-65 0.5454 1.40631e-36 6.97969e-27 0.00274671 2.92293e-41 6.03776e-05 2.04474e-20 3.98937e-14 5.53372e-108 1.68023e-29 0.0597048 5.93228e-81 8.60479e-54 3.10274e-27
1.02847e-26 2.69318e-65 0.0954949 1.93341e-52 3.05678e-81 3.32945e-23 1.56455e-31 1.40249e-30 8.87386e-59 9.47747e-47 9.03204e-12 2.70547e-74 3.29063e-92 0.007168 1.69568e-49 3.10487e-25 7.96812e-41 0.0843477 1.48931e-38 3.18429e-11 1.65775e-13 9.18805e-61 3.24846e-31
3.82387e-06 4.83376e-52 3.04106e-50 2.91685e-42 4.74103e-67 2.40219e-42 5.09582e-26 6.18473e-32 7.57677e-52 3.26905e-35 2.28684e-43 1.87781e-23 1.73337e-86 0.142464 3.99229e-47 0.11901 4.04954e-38 7.12672e-106 4.58142e-105 4.25675e-87 1.84117e-71 1.01845e-26 2.40034e-48
2.42498e-47 3.38146e-73 2.88446e-49 3.29539e-33 1.20679e-53 2.54799e-82 3.88052e-49 3.75371e-13 2.55542e-35 0.000141733 5.70627e-60 4.60852e-28 6.09101e-17 1.75426e-50 1.50709e-45 0.140218 2.17221e-31 2.96178e-76 1.0651e-31 1.20628e-22 1.92997e-30 3.61896e-113 3.85751e-42
0.00738269 0.0876169 4.13061e-23 0.084669 3.93989e-23 2.78511e-79 3.54092e-59 0.000211582 0.000161558 8.27482e-58 4.8865e-93 2.45771e-81 0.0106177 0.0177807 2.40366e-11 8.67498e-40 1.27303e-20 0.738876 4.54966e-119 2.46865e-12 0.00025505 8.1137e-63 7.47589e-12
3.87863e-28 1.30841e-29 2.18564e-99 6.52269e-118 6.64531e-55 1.35704e-107 1.90915e-74 0.100425 0.0805821 6.63622e-05 2.51781e-89 6.83329e-27 2.51958e-60 7.65975e-63 1.26884e-20 0.819634 1.44502e-56 2.31644e-81 0.172578 8.94619e-10 0.0673609 8.73761e-85 6.9979e-13
0.00530072 1.49986e-14 3.56574e-27 7.11774e-106 2.24747e-37 3.08782e-29 3.2944e-117 2.98406e-62 6.58031e-29 2.54394e-39 8.32041e-22 1.72324e-43 1.98505e-61 1.54824e-78 2.04197e-65 0.36257 5.19355e-55 9.58374e-74 1.07222e-77 2.08615e-73 4.36936e-41 3.66436e-83 3.31744e-59
7.4814e-56 9.7268e-116 1.85976e-11 4.82945e-69 1.16503e-07 6.0123e-15 2.86242e-65 9.0451e-19 5.98006e-13 8.93784e-59 4.52587e-57 0.0422736 2.62019e-81 1.53476e-67 0.571836 7.63003e-33 6.99529e-40 4.53353e-45 3.40257e-15 5.02874e-16 3.28349e-73 0.0517432 1.75605e-09
1.29852e-44 5.02658e-71 1.02303e-40 4.0875e-22 7.27158e-77 5.47135e-108 5.86374e-55 4.4271e-23 1.56329e-17 1.57977e-43 9.23584e-86 2.95633e-27 1.32437e-83 1.33058e-79 4.82913e-58 4.33825e-21 2.49167e-18 4.8637e-78 3.74143e-88 9.62441e-07 5.88189e-22 7.30293e-111 0.118154
1.61316e-77 1.31114e-112 1.99712e-77 4.32168e-109 3.12397e-86 3.35502e-53 0.146763 3.58447e-47 3.30537e-53 6.16388e-31 1.3894e-77 2.18217e-33 2.54782e-100 2.35218e-89 1.5563e-62 1.12808e-09 1.77523e-13 8.94264e-73 6.00837e-108 1.24641e-89 2.56431e-05 1.01163e-100 6.71332e-06
8.13138e-55 1.45932e-86 1.86065e-35 1.0787e-15 6.28539e-32 9.07293e-83 1.99665e-117 5.00713e-39 1.50073e-12 0.269611 1.05397e-77 1.89628e-65 6.52987e-56 2.35325e-27 1.61345e-47 5.96202e-22 1.01392e-24 5.79275e-44 8.03312e-106 1.62478e-51 4.1821e-47 8.44201e-109 6.10266e-33
