2.15785e-60 1.55453e-11 3.01733e-24 1.74102e-77 1.0556e-42 2.91659e-35 3.38376e-101 5.26467e-24 8.79533e-115 0.118448 1.50706e-110 1.10029e-81 3.17969e-132 6.7417e-24 1.20249e-14 1.26124e-71 7.90762e-47 3.27827e-24 0.239949 8.21712e-49 6.64086e-60 1.05012e-57 1.90697e-95
7.20231e-59 6.77213e-49 1.81898e-16 3.25388e-51 1.68048e-80 9.22101e-10 1.28511e-27 2.18196e-17 3.64126e-96 0.0442789 2.73958e-71 3.68588e-23 9.62052e-96 6.57431e-15 1.79356e-77 1.09901e-113 6.47844e-47 1.9064e-44 5.17703e-22 0.000121374 4.31474e-82 3.92947e-24 1.48693e-23
1.59652e-51 2.16552e-92 0.000296664 1.03042e-94 1.72674e-103 1.23097e-27 3.4889e-35 1.8785e-45 3.1567e-119 1.71785e-41 3.93949e-56 4.39734e-61 3.4758e-120 1.34138e-36 1.67669e-21 6.95812e-68 1.9954e-49 5.02227e-07 6.79907e-44 1.59857e-16 1.05231e-88 0.195719 2.22867e-88
1.92242e-11 3.65184e-85 6.62688e-44 1.82714e-109 6.67319e-28 3.39005e-31 3.23114e-64 6.69319e-46 1.41892e-32 8.56442e-06 2.95639e-53 4.01454e-53 8.33013e-94 7.26108e-56 2.32168e-74 1.99023e-95 1.37323e-09 0.0429735 6.82018e-39 2.34434e-51 3.28039e-98 2.77904e-49 4.09432e-90
2.47953e-09 1.8847e-16 1.84737e-66 3.15487e-70 5.62068e-79 1.34466e-74 5.95346e-64 2.982e-31 7.00085e-93 1.87388e-31 1.18649e-99 1.10618e-60 8.16425e-98 6.77709e-48 2.57641e-78 1.23574e-74 4.82387e-35 0.0482661 1.87598e-11 1.80536e-44 3.15614e-92 0.421964 4.43466e-118
1.09601e-34 1.11465e-14 1.65299e-15 6.14976e-61 1.18882e-100 4.98602e-68 2.9876e-38 6.98294e-61 4.64903e-94 1.50201e-34 2.72647e-86 1.6936e-87 2.67391e-123 2.01137e-69 6.76048e-86 2.62752e-87 5.43355e-27 6.58506e-97 4.71679e-26 1.52723e-21 2.87763e-55 0.0632688 7.47097e-97
5.07873e-49 2.12495e-32 1.74911e-55 2.53225e-90 2.66886e-56 0.151698 6.73517e-68 2.04246e-54 5.49507e-120 9.27322e-71 6.81722e-33 0.5239 7.06747e-113 0.000819863 0.107128 3.59322e-56 5.60961e-15 7.00191e-61 7.47449e-16 1.569e-19 0.0702596 5.63265e-46 3.3962e-102
7.83702e-50 2.80531e-69 2.43765e-65 4.59675e-56 1.41017e-108 1.10632e-24 1.85485e-64 1.30259e-64 6.80205e-77 0.186886 2.12688e-45 4.5508e-56 1.04923e-100 5.89363e-74 3.29571e-56 4.82051e-66 0.13215 1.39666e-72 3.04788e-21 0.000316035 4.29444e-50 0.0275702 5.46223e-67
2.45843e-09 0.000384999 0.001302 6.39097e-105 4.97851e-116 9.83162e-74 3.17073e-111 9.58608e-93 4.76907e-130 1.2647e-73 6.20585e-125 6.50124e-94 7.68339e-123 2.77463e-71 4.19798e-87 7.2563e-112 3.44554e-48 2.33865e-92 7.02577e-56 2.04359e-52 1.39958e-93 1.74824e-69 1.31853e-116
1.17206e-74 3.22592e-31 4.52206e-15 7.44314e-105 2.24292e-120 3.24416e-33 3.44017e-119 1.84456e-28 4.73069e-114 0.0664916 8.17899e-113 2.82391e-19 7.77723e-85 2.91121e-06 1.52865e-56 4.64e-24 9.93391e-54 9.10959e-79 7.97586e-08 5.84746e-47 6.43481e-60 1.98665e-40 0.234995
6.24041e-62 2.62523e-97 1.00828e-14 0.196295 3.43624e-90 1.02647e-13 0.134323 5.94867e-83 2.80345e-17 4.37289e-60 0.12393 1.54718e-71 6.61306e-98 8.15717e-67 1.34709e-67 0.173879 0.0136275 6.00896e-29 0.00215477 8.38248e-15 9.15323e-93 8.90861e-63 1.46007e-22
4.4385e-10 3.15622e-109 5.30033e-36 1.28561e-73 3.90035e-34 7.77645e-81 0.00219172 0.0573294 3.7397e-54 6.50807e-44 1.39232e-50 1.87103e-54 9.46568e-44 0.227568 4.38126e-14 3.75818e-30 1.1165e-16 2.4597e-05 2.83968e-57 0.0654008 7.47726e-73 1.74587e-44 1.86646e-83
0.075905 2.88999e-89 2.68151e-54 8.44592e-14 0.480475 5.01838e-85 8.95671e-38 1.4553e-41 8.73776e-38 0.37232 1.3456e-111 5.5654e-40 0.334449 1.78172e-35 3.0123e-57 2.91859e-120 2.13348e-40 8.36132e-15 1.60903e-15 3.82997e-12 1.11789e-61 2.41488e-19 1.38903e-94
6.81972e-19 2.38864e-59 3.45233e-89 1.37081e-83 1.66984e-53 1.00611e-11 2.6895e-122 1.68367e-43 0.0818072 2.83652e-39 1.1834e-26 6.27852e-51 1.00328e-60 10.859 3.40241e-97 2.8003e-58 1.63001e-49 6.11665e-86 8.56367e-14 3.25142e-41 1.20124e-55 6.66501e-76 1.88008e-83
8.00931e-43 2.09922e-79 3.27741e-60 2.03347e-91 2.6202e-121 6.20117e-35 3.66425e-51 3.14192e-54 1.65297e-46 0.0933144 5.35819e-50 1.44715e-59 1.22702e-60 3.56328e-59 1.42038e-34 3.87245e-81 7.57704e-10 2.11073e-09 1.89066e-09 2.63376e-19 1.62134e-46 1.18421e-41 4.07858e-115
