5.83436e-56 1.28668e-08 4.0921e-38 1.38274e-20 7.55945e-71 7.13488e-22 1.29791e-29 2.62568e-120 2.6289e-188 1.23237 4.68688e-108 9.56428e-160 3.1879e-150 1.1416e-56 3.09176e-86 1.69327e-82 2.99708e-133 5.28724e-70 1.02402e-123 3.11341e-92 5.37141e-84 1.0181e-102 1.88691e-81
5.50928e-136 1.74255e-80 1.16807e-39 5.98813e-19 1.44354e-49 9.41351e-67 5.07686e-17 3.60336e-102 1.09173e-163 3.47423 1.5402e-62 7.01173e-73 2.76839e-55 2.13499e-33 1.08707e-64 6.54795e-08 1.2977e-26 7.18137e-27 4.06973e-114 6.45059e-52 3.02041e-116 2.07759e-42 7.64802e-72
1.73442e-165 4.17398e-68 1.46156e-16 7.0579e-86 2.31116e-134 1.74712e-102 2.15424e-101 0.191354 5.16789e-62 0.000261685 1.67295e-55 0.12176 1.04896e-43 1.43611e-74 6.60685e-18 2.563e-19 8.05599e-34 1.81642e-24 4.08598e-11 1.01548e-140 7.23461e-106 2.99447e-37 8.77517e-49
1.85314e-65 3.07365e-41 0.15126 9.73065e-54 9.039e-43 5.15199e-39 7.9117e-06 8.92541e-93 1.02982e-143 1.86303 1.30796e-94 7.26357e-131 1.90176e-91 8.02398e-12 4.10044e-60 1.03967e-42 2.91465e-129 2.65038e-92 4.01379e-66 8.78271e-103 7.75704e-57 5.87864e-135 8.57651e-58
7.97555e-75 6.93854e-57 1.53064e-22 7.44199e-07 9.29368e-21 2.27683e-45 2.55655e-07 1.0026e-130 1.43793e-177 0.226161 1.89514e-94 7.3396e-125 1.3244e-93 4.70411e-75 1.53362e-83 5.90471e-51 1.82415e-108 1.12573e-64 2.67161e-102 9.94971e-120 3.34008e-91 2.98997e-139 2.40824e-80
3.56295e-87 3.20181e-58 8.44909e-75 1.37287e-27 2.90999e-45 1.19992e-35 1.55378e-63 6.99168e-26 1.79032e-72 0.705927 2.94858e-148 1.79976e-101 1.23262e-82 4.32262e-48 5.45619e-51 0.16425 1.97633e-135 7.96559e-94 4.55793e-66 1.25394e-46 1.8669e-134 5.90506e-159 3.32031e-47
1.59695e-21 5.59271e-09 4.31239e-22 0.00171078 3.16637e-09 0.00138654 0.0978068 4.2585e-131 1.04141e-207 1.82324e-35 2.91064e-136 7.13999e-160 7.14843e-153 1.483e-59 7.95959e-78 4.7364e-88 4.72341e-162 9.37411e-102 1.7834e-121 2.03282e-147 6.70934e-148 8.59394e-143 2.00729e-97
1.53737e-22 1.27843e-18 4.45784e-54 1.30718e-54 7.11347e-39 2.28813e-22 1.54971e-55 1.16985e-121 1.77102e-203 0.0211937 1.22497e-80 2.23973e-102 5.04054e-93 0.0945608 8.28381e-33 3.52502e-46 3.60652e-117 5.89868e-105 4.69918e-116 8.89523e-107 7.9823e-117 2.53977e-130 1.17323e-98
1.21076e-20 0.0696955 4.28141e-21 3.09582e-09 2.41043e-90 1.26663e-54 1.63219e-67 5.49068e-64 1.66155e-116 1.95398 5.76926e-143 5.13662e-141 3.34059e-116 1.42773e-58 5.55557e-15 1.16614e-70 1.25315e-62 1.36092e-34 3.62528e-62 2.9229e-135 1.63756e-67 1.06456e-82 7.50311e-99
1.55015e-97 1.31949e-95 7.28033e-19 0.1045 2.12006e-22 2.56027e-37 6.4792e-92 3.62968e-94 2.65938e-141 1.74489e-27 1.3181e-147 0.109275 1.68896e-119 1.53126e-26 5.97218e-66 3.70841e-69 2.10287e-22 3.9206e-91 2.08584e-74 2.08881e-34 1.82621e-39 5.3059e-161 1.1095e-66
4.04485e-18 2.09514e-90 1.05416e-173 5.57505e-23 4.16332e-104 3.32054e-98 3.14285e-78 1.16593e-35 0.164579 1.0552 2.46459e-93 5.24622e-106 3.73657e-150 1.14153e-55 1.45773e-56 3.97632e-61 7.67308e-109 6.66771e-55 2.94207e-89 1.45302e-146 0.255296 0.0554438 0.345296
5.47202e-79 1.90444e-93 2.01983e-66 6.2114e-90 0.00969374 3.60275e-80 8.72987e-80 2.07696e-78 4.0381e-101 0.582091 3.28458e-129 1.54187e-06 1.85841e-23 0.309892 5.66835e-78 3.06167e-89 5.60636e-25 1.26185e-21 7.33776e-26 2.69869e-38 8.55636e-132 1.78561e-81 4.20112e-80
3.79812e-65 4.69593e-67 2.14379e-17 1.22886e-31 0.0493391 1.31854e-62 2.30557e-92 0.0028928 4.05274e-152 0.94749 5.81125e-103 1.01291e-10 0.0997074 1.42904e-74 0.0466464 2.00396e-07 0.552321 0.0802786 0.173909 0.124668 1.14905e-85 1.17577e-127 7.70583e-20
3.47229e-82 9.22908e-34 9.46238e-100 2.83933e-28 2.30358e-62 8.97495e-62 3.71871e-87 1.22316e-17 3.00172e-161 0.0890972 9.55387e-150 6.89191e-41 1.27374e-86 1.05746e-82 1.42602e-14 6.23653e-43 1.66323e-126 4.26147e-58 2.38454e-82 1.37133e-93 7.79383e-149 1.10161e-62 1.66439e-32
2.05786e-93 9.01448e-43 1.46351e-33 5.59597e-48 2.06685e-09 3.88618e-22 4.37201e-105 6.26448e-70 2.52221e-145 1.71633e-46 4.865e-147 1.10083e-129 1.21078e-95 4.70627e-10 8.49775e-08 0.260494 1.70134e-46 2.0991e-25 1.28622e-46 1.65325e-31 1.36846e-147 1.62648e-66 8.81137e-27
8.19678e-74 4.10773e-14 1.55528e-136 2.10041e-81 4.54961e-131 3.00249e-17 1.11913e-99 6.01756e-63 5.51391e-137 7.29551e-25 0.119997 4.05594e-65 2.8867e-143 4.87826e-51 1.28693e-09 0.304116 2.30604e-83 3.20087e-73 1.33801e-40 7.30158e-62 1.13725e-132 1.74841e-32 9.97741e-19
6.4406e-77 8.07447e-24 4.08354e-09 2.45671e-05 3.87553e-57 7.7268e-23 1.16366e-50 4.13279e-108 1.35493e-206 0.0629066 1.84859e-92 7.02587e-106 6.59473e-117 6.15268e-52 2.92568e-82 3.06405e-80 2.15709e-140 5.9188e-61 2.69768e-70 2.81022e-139 3.81274e-79 4.16728e-136 2.18277e-100
0.110628 5.75423e-08 3.2232e-40 6.09696e-06 4.04266e-14 1.13156e-14 2.99227e-29 6.02616e-135 3.865e-164 7.32865e-37 5.34411e-144 1.20057e-153 2.12306e-154 1.33496e-54 1.96572e-91 2.81528e-77 1.05671e-127 3.5966e-73 5.48457e-93 1.15582e-103 1.72426e-128 7.01197e-149 3.77093e-98
