6.09136 0.173363
8.21321e-17 2.62178e-27 8.37167e-91 2.58654e-86 6.22557e-125 1.98124e-111 1.59587e-21 1.02367e-118 8.63987e-116 9.57286e-65 2.79464e-117 8.72978e-149 1.47549e-154 3.29576e-98 2.12424e-25 2.91348e-104 1.34638e-249 0.133823 3.92228e-163 7.77101e-206 1.05618e-144 2.86433e-76 4.62618e-43 3.214e-139 7.57927e-87
1.36725e-88 9.24221e-178 3.82812e-291 0.443492 3.67955e-29 3.1057e-83 6.01093e-26 1.25215e-27 1.3796e-60 0.239288 2.17758e-148 8.18003e-104 3.7935e-94 1.07047e-55 6.00078e-06 2.11554e-22 1.36722e-253 2.60421e-32 0.0658822 7.09728e-205 0.422843 0.091538 1.95117e-36 0.837115 0.23641
2.14832e-155 1.04215e-141 2.57981e-255 2.82392e-42 3.72523e-06 2.67258 2.62557e-115 1.15271 1.1018e-114 8.35352e-173 0.628908 0.187072 0.773544 2.19964e-44 1.27673e-82 1.31816 0.642651 13.3258 4.86414e-173 1.53763e-124 1.34882e-06 1.47949e-24 1.76283e-71 3.27237e-85 9.49831e-67
2.64038e-78 7.73748e-171 2.43034e-200 3.36871e-48 0.204651 1.95269e-72 0.0478729 1.18696e-168 1.62423e-44 2.86153e-32 1.13483e-36 2.97441e-125 5.50035e-159 8.01334e-49 2.87422e-97 3.15744e-158 2.16893e-81 0.00233101 8.12422e-148 6.89535e-65 1.02172e-77 2.27277e-23 0.189309 1.0536e-188 3.08612e-112
6.56638e-75 6.76e-98 5.47953e-19 7.10132e-34 2.42633e-74 1.77803e-80 2.46802e-93 1.60764e-146 1.31383e-46 5.3611e-35 2.27614e-210 8.36977e-151 8.28948e-210 4.28943e-21 0.854019 8.9799e-225 6.31758e-131 2.34615e-46 1.24218e-169 9.34415e-137 7.32412e-101 9.03717e-72 2.45143e-111 1.37911e-99 1.42708e-103
3.80805e-25 1.27868e-121 1.53924e-134 5.07045e-98 3.42343e-73 3.71911e-20 3.88389e-06 1.11228e-55 5.85181e-25 4.87139e-90 2.29924e-206 1.42715e-61 1.91195e-233 1.00648e-105 3.494e-68 6.85256e-181 1.28944e-197 1.48696e-75 0.179147 3.949e-19 2.71062e-78 3.28799e-68 1.76761e-42 5.04118e-207 1.03222e-60
6.604e-74 1.04952e-32 1.19857e-26 2.57014e-69 1.14719e-132 3.26047e-77 5.2326e-65 2.07631e-152 1.60298e-104 6.69422e-84 2.44384e-186 1.12914e-67 4.27528e-265 1.5515e-61 5.02217e-66 1.18325e-161 8.06786e-166 0.287549 2.49564e-161 4.60943e-155 5.09096e-143 2.40666e-87 9.10826e-79 1.95279e-226 3.94756e-139
6.47044e-55 5.53897e-132 3.26025e-99 1.59484e-07 1.79325e-114 2.75052e-77 3.56171e-65 3.78206e-145 2.00597e-08 5.00514e-60 2.85138e-130 4.34267e-138 2.07019e-242 9.13358e-31 8.23867e-121 1.73065e-220 1.66669e-188 0.601835 3.30065e-185 1.11489e-93 2.04053e-148 0.000599023 1.26296e-73 9.48973e-130 8.83324e-33
1.17346e-27 1.2827e-109 1.06565e-97 1.30596e-20 1.1817e-82 8.70178e-69 3.67389e-79 3.51865e-79 1.09194e-51 3.01676e-135 7.57343e-208 5.97371e-153 2.43127e-191 7.20096e-91 0.0143887 4.9949e-220 6.14227e-155 4.36332e-70 8.34133e-38 4.18954e-161 1.85024e-129 0.0987212 1.92611e-108 6.145e-167 1.2285e-55
0.249229 1.76097e-46 0.0312429 7.99982e-91 1.79951e-70 0.49403 1.52768e-20 6.50919e-96 6.58572e-46 6.17318e-87 9.0969e-85 6.27118e-122 2.35953e-192 1.88998e-24 1.99108e-109 1.64274e-48 6.35043e-139 7.58295e-89 7.67528e-81 0.125293 1.04164e-36 8.17952e-39 1.66035e-87 2.55571e-130 1.22063e-87
1.3842e-22 2.31153e-10 2.79589e-47 2.94635e-52 9.39851e-112 3.74097e-148 3.71738e-41 1.74922e-139 2.45442e-60 1.78091e-166 5.68799e-99 9.44317e-118 1.42842e-162 2.22688e-28 2.88903e-77 1.34173e-225 1.33942e-171 0.417713 3.5025e-95 1.06869e-46 6.99414e-131 1.19925e-80 1.53599e-90 2.73282e-215 4.69757e-93
2.54762e-13 1.44812e-51 2.64121e-23 5.75633e-21 5.91316e-85 2.01393e-53 1.97446e-74 1.94707e-109 1.38198e-119 1.72694e-138 8.162e-199 2.33596e-110 3.08134e-143 1.5013e-58 3.10226e-29 1.47227e-236 1.94713e-146 0.661558 1.97287e-67 8.05763e-91 3.53145e-60 3.28302e-58 8.93275e-142 5.5143e-133 1.05955e-130
1.29938e-19 7.08327e-30 0.00438011 1.29792e-64 3.50878e-76 1.29941e-111 2.27159e-11 4.28999e-179 5.41652e-62 9.62685e-140 5.39796e-204 3.25996e-63 6.46497e-222 1.95387e-09 2.89029e-53 1.23769e-58 3.77058e-148 2.60907 1.92978e-109 5.69215e-153 6.59482e-68 2.37616e-72 1.67007e-58 4.55468e-207 4.37145e-128
2.61254e-82 3.2077e-46 1.51196e-42 2.72191e-40 3.16842e-84 9.75804e-41 8.54635e-99 3.85605e-161 1.92117e-109 8.66639e-163 3.07752e-108 1.9233e-36 2.45446e-124 0.338176 1.25028e-55 1.58395e-71 3.85627e-231 1.58747e-47 0.707098 6.7454e-130 3.33646e-07 3.84974e-31 2.17459e-50 1.2018e-214 1.74255e-38
3.51389e-26 1.12133e-141 3.58389e-146 1.86404e-44 2.44132e-61 6.94963e-58 7.83806e-129 6.55005e-63 0.183468 9.09987e-174 8.48319e-67 8.79367e-149 6.23011e-186 1.29867e-08 3.6889e-39 9.6968e-192 2.4655e-136 0.353487 7.15821e-18 3.98519e-100 6.19287e-109 2.89098e-53 7.37696e-119 1.06266e-107 7.63435e-22
9.63331e-96 4.78521e-147 1.2176e-52 1.93543e-27 2.72474e-05 3.24199e-120 2.01698e-101 9.56848e-75 4.54895e-45 6.80122e-09 2.41479e-168 6.33187e-101 5.06872e-207 4.66486e-83 0.539733 6.18918e-82 1.94901e-152 0.00188318 5.58865e-113 5.24006e-163 1.2025e-118 1.06346e-98 7.54785e-34 2.02923e-63 1.08213e-129
2.31469e-126 2.08799e-77 1.28016e-78 1.10896e-39 4.11792e-126 1.11949e-46 7.3162e-39 5.51933e-157 4.12039e-31 2.54948e-125 5.89407e-158 4.38384e-52 3.11285e-216 2.84564e-06 1.67989e-111 3.55372e-72 5.90193e-183 9.611e-75 1.94487e-27 0.181673 1.2429e-127 7.06606e-93 1.85404e-18 6.51656e-65 9.90289e-105
