2.38577e-303 1.49154e-247 1.37426e-289 7.24641e-117 5.49656e-156 3.07053e-24 7.70742e-322 0.228265 0.470608 1.14995e-122 1.87148e-80 3.89818e-321 1.26452e-14 1.5069e-321 1.33013e-235
4.08728e-221 2.57198e-202 8.47339e-263 5.00866e-81 9.66052e-246 1.34135e-85 7.64832e-263 1.36233e-236 1.10205e-316 2.45057e-320 2.61277e-160 3.69561e-321 0.0819352 1.27963e-321 1.5069e-321
6.94387e-259 3.31436e-65 2.45078e-268 1.0573e-321 5.82175e-254 2.27764e-321 4.58701e-76 3.34482e-321 1.68476e-321 7.27926e-233 6.41791e-321 4.92974e-233 0.20387 1.2192e-256 1.57113e-321
2.11166e-80 0.243061 4.10152e-183 1.01283e-321 2.66279e-107 3.0138e-321 6.52975e-234 2.12447e-268 1.11522e-306 7.75684e-285 4.48878e-272 0.537263 0.0247478 2.48286e-102 1.39922e-227
3.44362e-11 6.23139e-193 5.08362e-298 1.28493e-202 3.80767e-124 1.0592e-78 1.32693e-280 2.43137e-234 9.21165e-13 2.52122e-320 2.89107e-154 0.262605 2.36169e-09 1.56619e-321 1.87251e-321
6.50039e-196 1.19564e-321 2.55432e-321 1.04248e-321 1.73008e-205 2.32705e-321 6.47226e-322 4.51082e-321 2.75689e-321 0.286253 3.73469e-222 0.0709014 1.33431e-87 2.14424e-321 0.530923
5.91779e-309 8.78074e-273 3.36159e-102 3.35863e-14 2.86851e-128 1.849e-255 1.95304e-194 4.01181e-321 2.62326e-192 3.37674e-263 9.96208e-223 7.79566e-137 0.130564 5.94833e-205 3.16093e-192
2.0983e-320 7.02523e-62 2.5395e-321 1.39906e-308 1.55631e-321 2.16167e-297 2.48427e-243 1.24904e-285 2.39128e-321 9.03304 2.87643 7.1974e-126 4.61759e-74 1.06931e-12 2.14424e-321
0.238033 2.57835e-07 0.0213684 0.0124313 0.0145468 0.0270588 0.00765309 1.43279e-322 8.39912e-323 1.06224e-321 2.91499e-322 1.4822e-322 2.09902e-208 6.42285e-323 4.44659e-323
2.50244e-320 1.13141e-321 2.45551e-321 1.52811e-73 2.39128e-321 1.73417e-321 9.11038e-198 5.99283e-215 5.21022e-38 4.99846e-320 1.27321e-320 0.276907 3.4003e-11 1.30158e-282 8.65887e-209
2.581e-320 1.83333e-122 2.44562e-321 4.21445e-232 1.71441e-321 1.37074e-206 1.07391e-86 6.63951e-181 2.19127e-90 0.353655 1.89667e-179 5.2013e-182 2.22683e-79 0.561373 1.77762e-62
1.2841e-167 1.12074e-64 3.36297e-119 1.93367e-287 1.25987e-321 2.80135e-321 1.92908e-230 0.592294 2.10616e-286 2.67191e-320 6.88359e-120 2.48583e-267 1.29187e-170 2.48021e-321 1.92192e-321
