6.29672e-66 1.2154e-321 1.02242e-173 1.53092e-202 2.16262e-182 0.275999 1.67579 7.40973e-69 2.17078e-205 6.49641e-205 0.456666 7.92289e-125 8.83813e-166 0.904761 9.30688e-105 6.57044e-232
1.79991e-155 4.91842e-88 1.74374e-21 3.84235e-14 1.72957e-102 7.65028e-157 9.70129e-187 3.13768e-43 5.98353e-174 0.191087 7.75017e-213 2.89943e-180 2.48194e-55 4.38765e-188 9.88213e-90 2.10069e-205
2.57408e-321 7.68556e-265 3.69074e-63 1.17549e-238 2.91926e-241 1.03222e-135 7.21887e-80 0.00729814 2.52901e-194 2.49294e-105 2.36099e-178 3.92681e-237 0.212463 7.0109e-27 1.95653e-183 0.103048
1.56955e-142 3.92567e-308 6.56813e-164 5.71053e-226 8.27961e-200 2.95989e-240 5.237e-08 0.152474 1.03068e-237 1.86226e-151 1.55005e-109 9.11385e-80 2.36561e-99 5.07397e-165 6.03943e-185 1.00724e-181
2.1823e-136 5.55403e-289 5.18766e-11 9.28843e-322 1.30875e-117 1.46874e-82 4.07582e-61 0.181415 4.31571e-96 2.32763e-81 1.38811e-40 0.197105 4.0229e-80 2.12625e-202 5.53281e-90 1.9655e-60
4.5865e-255 3.64692e-231 1.57503e-124 5.1394e-276 2.61378e-142 1.09122e-218 0.357497 2.04764e-35 8.25846e-237 2.91744e-185 1.36816e-25 2.55669e-59 1.62569e-86 8.1077e-114 0.215865 2.59064e-87
2.96997e-81 6.23931e-135 1.35496e-46 9.2619e-105 7.47821e-73 8.51696e-242 1.57149e-134 0.529352 5.85216e-307 4.25356e-176 3.7217e-246 8.97232e-148 1.44573e-101 1.55748e-191 6.02005e-236 6.50549e-239
0.000842466 0.000507473 0.000758113 0.000407646 0.000718022 4.94066e-324 1.42157e-231 2.94049e-81 4.94066e-324 1.03583e-238 3.82066e-319 3.42498e-285 2.47943e-173 6.05199e-230 8.60861e-241 4.70332e-307
2.91808e-182 9.8696e-204 1.86099e-158 1.22487e-240 3.6629e-58 3.49907e-222 3.00912e-135 0.388897 1.41282e-316 1.36896e-179 4.53363e-108 2.13389e-93 1.81287e-121 5.72341e-95 3.79929e-232 7.02714e-207
5.29153e-50 1.14382e-144 8.31978e-31 1.21448e-73 1.82719e-25 1.06863e-195 4.5912e-141 0.335857 5.33603e-246 8.60183e-77 1.6135e-142 3.07541e-226 7.65131e-143 5.20953e-105 3.31411e-179 1.74634e-209
6.5618e-156 9.57968e-16 1.4334e-95 9.68117e-158 2.95427e-85 1.1618e-220 3.58199e-161 0.291316 5.80432e-219 2.77769e-83 1.29041e-173 1.40022e-234 6.57794e-108 4.29116e-157 2.46289e-198 2.89521e-150
1.64856e-280 3.90345e-24 2.14857e-220 1.14267e-144 1.48591e-140 2.11143e-309 2.56563e-84 1.60241e-32 4.6996e-243 0.69085 4.15245e-252 1.18817e-06 7.1406e-99 5.33817e-136 4.76236e-145 4.14989e-302
2.16703e-188 4.46237e-119 4.45216e-14 2.80918e-41 4.67008e-72 2.95942e-191 1.72829e-69 2.69638e-49 5.7976e-291 1.04046e-60 3.82856e-37 5.53626e-263 7.44556e-11 3.15383e-195 0.389061 1.8386e-203
7.15598e-23 8.00631e-147 3.29927e-18 0.000275989 9.27941e-63 6.0276e-322 2.8014e-155 0.160412 1.21338e-227 1.10901e-180 1.42647e-305 3.88096e-186 4.8336e-106 7.25725e-220 2.12174e-154 9.60974e-168
2.0899e-321 2.76126e-240 8.35426e-80 9.88131e-322 4.45719e-123 1.30927e-321 2.05263e-191 1.23072e-34 0.20148 1.05953e-195 2.15211e-307 3.91601e-157 3.20602e-159 6.56132e-150 0.0375656 4.19763e-92
3.772e-42 6.53888e-213 2.17855e-55 3.8146e-75 2.86289e-171 4.48696e-239 3.02243e-203 2.72986e-26 6.76047e-179 1.33867e-188 0.0980245 0.157208 0.132052 4.42888e-15 1.38525e-231 4.59671e-178
