1.86757e-321 2.49006e-132 4.8696e-143 9.67834e-167 2.5556e-216 6.74586e-258 1.72642e-285 9.36921e-255 9.40129e-275 3.12391e-218 3.65768e-27 6.17075e-123 4.49229e-206 1.65632e-272 0.156582 0.0446827
4.11472e-242 1.1552e-56 4.76955e-84 2.63574e-127 0.219458 3.90312e-321 6.85868e-306 4.98568e-247 3.87076e-148 9.7391e-196 1.12772e-274 2.13693e-187 3.03447e-201 2.84582e-321 1.39327e-321 1.27194e-223
4.98038e-276 1.31115e-172 1.08309e-151 1.8127e-229 2.70185e-142 4.06722e-176 8.60513e-86 4.87253e-194 7.05054e-247 5.3367e-244 5.88539e-78 0.169966 0.52513 5.21733e-321 6.40669e-203 1.88589e-06
5.74095e-111 3.26993e-94 1.50514e-82 3.54085e-68 1.85522e-208 1.68796e-18 3.72208e-186 7.90011e-321 2.75738e-245 3.35912e-226 9.14025e-210 2.17743e-312 2.79963e-126 1.53035e-215 3.04754e-157 0.358933
2.35175e-321 1.48741e-57 7.12561e-258 5.42259e-08 4.59377e-285 1.59563 2.1741e-202 5.94114e-146 3.30852e-212 0.5912 4.00653e-168 2.69897e-305 2.01579e-321 6.73689e-117 7.22802e-107 2.19475e-180
0.00913867 0.0180264 0.0119105 0.0627746 1.79577e-07 1.33398e-322 9.15598e-314 1.4822e-322 3.05578e-279 7.28814e-299 4.496e-322 8.39912e-323 3.45846e-323 8.89318e-323 4.44659e-323 2.7806e-320
9.97358e-196 1.12584e-132 6.02742e-203 1.02343e-267 2.74119e-40 2.10485e-270 5.5135e-298 7.96434e-321 3.37666e-256 0.335857 2.31985e-274 4.88631e-321 1.73996e-06 4.72821e-321 6.39797e-243 7.15384e-29
3.25119e-10 6.15112e-321 2.73568e-71 7.48892e-56 2.29246e-321 7.51612e-261 0.241347 2.55606 1.98137e-209 2.46274 4.10506e-59 1.68078e-172 1.14424e-276 1.81499 1.01629e-266 6.84826e-318
3.78395e-145 2.04858e-193 8.39487e-108 1.83168e-22 6.61421e-162 0.141275 6.49483e-245 4.99909e-158 4.60986e-28 1.09111e-244 2.37626e-118 2.88327e-261 1.94275e-175 2.69912e-157 2.28322e-17 1.23388e-152
1.96638e-321 3.5609e-248 2.55685e-78 6.73482e-207 7.4223e-216 2.4075e-278 1.51499e-78 4.4913e-224 0.789316 6.77405e-171 5.70814e-280 5.09876e-321 2.49503e-321 5.48907e-321 0.617024 4.67401e-286
3.91216e-310 3.27234e-267 3.06001e-190 1.01234e-320 3.02873e-213 2.0888e-149 3.12639e-301 2.85741e-214 9.00417e-188 7.44371e-173 2.88188e-68 0.402309 7.80925e-196 7.3764e-321 3.95253e-321 3.14363e-155
1.20285e-198 9.27606e-30 4.19226e-212 1.74545e-150 1.31406e-59 1.40348e-137 2.03984e-83 1.82075e-148 7.24498e-80 2.59916e-133 1.05676e-268 3.46254e-267 2.50278e-46 5.48907e-321 2.90511e-321 0.154604
2.99252e-195 5.1754e-09 0.00160983 3.57116e-273 4.40718e-158 6.51673e-321 3.18055e-148 1.19677e-223 2.49721e-146 1.62174e-290 4.37841e-110 0.405963 3.10777e-113 5.09382e-321 1.20448e-197 3.3267e-168
2.25826e-234 6.677e-293 6.55107e-240 1.06023e-271 2.375e-75 8.12833e-144 0.111451 5.38682e-140 9.77432e-160 1.88025e-113 1.94345 5.12596e-179 2.01579e-321 2.73629e-17 1.45559e-194 0.00406071
2.27178e-20 3.11737e-76 2.67595e-134 1.13685e-320 1.14142e-07 8.41667e-196 6.49829e-136 2.07155e-243 4.01671e-69 0.42195 2.22885e-254 4.61457e-321 2.27619e-114 2.35318e-16 5.33732e-144 1.4417e-124
4.11778e-132 3.59699e-09 9.94317e-110 1.03161e-320 1.10761e-189 6.42024e-175 4.35654e-59 3.26365e-255 6.22895e-07 6.47682e-256 5.50504e-12 0.0686383 5.25737e-49 9.52229e-22 3.9015e-289 0.278365
