2.0872e-55 3.63121e-28 1.00742e-55 1.15281e-89 7.18901e-31 6.20786e-53 8.89972e-30 2.5094e-73 1.28534e-161 1.88401e-58 0.766436 1.67235e-14 0.0997014 1.16121e-110 7.81574e-82 1.33493e-22 5.53351e-79 4.36606e-29 2.95754e-79 9.38123e-54 6.8106e-83 9.37257e-79 4.94645e-105 2.7466e-37 2.16896e-09 5.5953e-26 8.06054e-121
3.77897e-28 1.24093e-125 2.08105e-19 1.63733e-58 0.00105037 5.72254e-70 4.28031e-41 3.10639e-95 0.362631 0.0992111 6.49645e-44 1.14658e-06 1.14787e-11 1.23403e-96 0.188758 2.5436e-61 0.1071 2.58968e-33 2.55996e-42 8.94967e-55 1.67581e-90 2.46823e-38 0.19565 4.4128e-42 0.181629 0.275074 2.44886e-33
7.8309e-68 1.5841e-55 7.20504e-28 1.27738e-10 8.38059e-56 1.4452e-93 8.79246e-55 5.20683e-59 2.49325e-103 4.26364e-45 2.67207e-24 5.89922e-34 1.30417e-19 3.06379e-80 6.11786e-67 3.89725e-65 2.04098e-35 4.4592e-55 9.65492e-67 0.177182 1.74345e-86 9.19735e-83 5.2185e-153 4.31385e-58 1.11084e-107 1.31901e-50 3.70371e-101
0.0162131 3.08479e-138 0.00443471 2.29875e-117 4.72974e-15 9.28784e-13 2.47899e-62 9.90922e-40 2.02251e-05 1.02845e-94 5.566e-41 1.65656e-51 0.117026 0.0186444 7.46993e-36 9.5302e-22 1.27901e-53 1.96576e-36 2.11762e-30 3.48683e-23 4.81368e-94 0.297055 5.79301e-53 6.77998e-44 4.48241e-89 6.48409e-81 0.16477
0.000418131 0.000688373 0.000565313 0.00410873 8.07165e-131 3.10642e-94 1.59955e-105 4.26789e-105 1.16898e-167 1.69907e-97 4.30371e-68 2.18223e-89 2.23852e-109 4.2564e-121 2.73834e-136 1.56374e-84 2.80707e-84 5.14802e-85 7.41928e-87 5.30706e-60 9.29814e-115 1.37173e-111 1.86492e-187 6.25204e-80 2.60188e-108 2.78357e-83 1.6747e-123
6.24596e-96 0.259245 3.52933e-41 5.96205e-29 3.34045e-112 4.98371e-14 7.19052e-66 2.9179e-50 2.67618e-28 2.31738e-23 1.79976e-57 2.77582e-74 2.50528e-23 2.49353e-88 5.86026e-08 5.66132e-19 8.80781e-09 6.30741e-28 7.18032e-85 3.84132e-52 1.22792e-25 3.65859e-24 2.40022e-90 1.94417e-62 4.79632e-107 6.3199e-43 0.435046
2.93389e-36 5.58072e-16 1.45816e-56 1.07651e-30 1.94377e-89 5.90854e-52 8.19046e-54 2.26956e-33 6.32535e-127 4.25385e-71 1.1024e-31 1.03052e-71 1.85971e-70 7.67248e-102 2.10844e-123 3.98288e-26 8.74945e-67 2.38291e-70 0.150533 1.06268e-10 5.0226e-55 7.39834e-72 1.03879e-92 1.03651e-57 1.73711e-43 2.17946e-75 2.21769e-47
2.59196e-28 2.33871e-113 1.54441e-60 2.26639e-22 1.69104e-98 9.00814e-10 9.16509e-79 6.29877e-66 4.61249e-86 1.11207e-61 1.57691e-48 1.42197e-63 2.36318e-44 1.67169e-55 8.69773e-71 1.23314e-31 3.58536e-37 2.58466e-83 5.48808e-08 0.320194 0.0646865 4.46765e-47 8.82879e-50 1.75357e-31 1.597e-76 9.06547e-13 5.76442e-83
1.55941e-82 9.17867e-96 7.09113e-33 0.0820747 0.261494 0.260155 5.30536e-58 0.0324099 4.27036e-153 3.72813e-49 0.00402192 1.68955e-43 4.85675e-92 5.36789e-59 3.96155e-12 0.000623777 0.0905461 0.279882 9.89211e-55 4.67984e-36 3.81734e-71 4.07275e-92 3.57413e-137 0.112253 1.64669e-73 3.07709e-24 1.40908e-125
1.52632e-89 4.81031e-17 0.00146215 7.44323e-66 2.35642e-51 1.15958e-70 1.30259e-50 3.99016e-71 2.10026e-154 1.35481e-40 1.75168e-37 1.46025e-82 0.060009 3.24393e-41 1.01026e-130 6.37915e-24 1.54566e-79 4.02362e-45 5.96145e-63 5.77501e-24 3.73437e-114 2.00906e-30 1.04631e-106 8.57217e-79 1.11421e-20 1.5421e-83 7.08916e-97
0.0155253 1.85481e-06 2.2072e-18 7.83563e-115 1.2284e-107 1.82174e-33 0.627534 2.1473e-101 3.57613e-51 9.64981e-58 4.80293e-34 6.03391e-73 3.30825e-70 7.00725e-99 1.8595e-101 0.326878 1.19172e-17 8.92683e-57 1.64406e-70 6.52714e-55 3.34909e-59 3.61869e-97 2.87671e-133 8.22454e-18 7.59891e-34 5.57859e-16 9.47232e-35
8.08667e-132 2.97828e-73 4.11838e-50 1.19755e-48 6.08447e-94 1.44801e-73 3.19348e-16 7.98696e-94 1.21156e-113 6.08101e-50 2.08599e-48 0.0440913 1.89357e-105 4.6629e-86 1.12457e-127 5.20937e-83 1.60879e-44 9.54082e-30 9.52659e-23 0.379467 2.25072e-91 1.83426e-12 7.23004e-48 6.95383e-25 2.72954e-24 2.86757e-40 2.94264e-25
