2.47524 0.0505197
2.94595e-08 5.75309e-46 0.000344231 4.36431e-43 2.60836e-41 9.43287e-18 1.25333e-21 1.66049e-14 5.24649e-23 0.00538031 7.3607e-34 1.35723e-24 4.51426e-17 2.47713e-22 3.44941e-36 1.08712e-16 3.99918e-06 4.31027e-34 0.165404 5.8976e-15 2.74737e-28 1.93947e-24 0.0250041 0.00425334 0.0292373 4.84986e-14 0.00608332
9.81351e-06 5.55373e-49 2.47172e-14 1.73535e-20 3.93736e-33 7.10798e-10 5.08546e-25 2.38087e-24 1.55412e-08 7.64868e-07 6.85018e-13 5.26489e-29 2.13577e-35 0.0945392 0.44455 7.01322e-22 2.61125e-34 3.68772e-27 2.78203e-05 5.91348e-20 2.77423e-52 1.61206e-24 7.61649e-59 2.69425e-34 1.56544e-08 0.089136 4.02089e-19
6.08895e-21 1.46343e-30 2.19972e-15 0.0296331 6.87319e-19 2.47468e-23 1.7858e-05 3.08523e-30 2.14708e-23 7.21788e-15 0.000656811 7.54549e-20 1.17928e-12 1.36482e-51 1.62881e-31 5.84694e-43 6.00097e-11 2.38574e-56 5.5968e-23 1.19131e-32 4.98529e-53 8.28438e-21 1.26717e-41 5.81038e-25 1.92617e-23 3.61879e-48 7.20202e-20
1.54807e-14 0.0264446 2.69677e-18 2.72257e-31 4.13614e-47 0.0629759 5.07332e-26 1.22175e-08 1.67799e-11 5.81255e-23 0.168357 2.6852e-45 2.40597e-09 8.38592e-31 4.92291e-19 3.97882e-42 1.10242e-08 7.73291e-34 9.08145e-18 3.58566e-29 1.46802e-21 1.54122e-19 6.10491e-59 2.45601e-15 5.96882e-27 3.12233e-13 2.98394e-37
4.11798e-31 0.0428445 0.00319726 1.44461e-27 1.45513e-20 1.61031e-19 0.00159536 2.97269e-17 2.70009e-15 1.8014e-16 3.49394e-11 1.68356e-38 1.32603e-11 9.20891e-20 1.01572e-16 2.95348e-30 1.18994e-06 9.44822e-48 2.32794e-19 0.0453023 3.32195e-19 0.022061 2.68813e-53 9.86417e-45 5.06602e-27 2.23157e-30 9.10335e-34
0.128187 2.30439e-12 1.48229e-06 1.02458e-41 2.29947e-08 2.21077e-31 0.178112 5.44166e-30 2.94225e-23 3.22294e-07 4.57672e-11 3.43372e-23 2.96918e-36 2.07706e-48 4.09117e-24 0.00593441 2.25143e-25 2.80485e-34 5.25784e-12 1.03459e-49 4.60042e-29 8.2551e-05 4.23185e-35 4.4556e-12 1.09602e-36 5.87136e-60 2.21356e-42
2.10009e-15 2.05336e-22 1.47264e-09 9.84801e-37 0.0546501 2.3677e-17 1.23698e-27 1.09924e-18 0.021527 7.98881e-16 0.141981 0.0631038 1.03636e-29 5.62863e-11 3.33467e-38 7.01551e-27 2.54965e-34 0.48507 3.99499e-05 0.0380704 1.2727e-32 3.70687e-22 1.40248e-34 9.52154e-23 4.21526e-35 7.23668e-06 0.0379448
4.1277e-07 1.571e-24 0.0520804 4.42301e-27 6.28856e-44 3.20391e-33 0.0213227 1.55783e-11 0.00167515 0.0316279 2.7659e-34 9.21491e-20 3.83927e-41 8.19155e-18 6.47581e-20 2.35903e-42 2.35082e-08 9.14657e-32 4.85237e-11 2.4826e-06 2.43811e-07 6.25925e-13 8.42242e-30 2.21627e-11 6.09655e-35 4.60163e-41 1.23752e-38
1.35325e-08 5.92595e-19 0.0431037 9.62729e-16 8.24543e-53 4.03077e-17 0.00555278 0.136767 3.74951e-09 0.0180199 7.58946e-30 5.63886e-36 1.47578e-13 7.28228e-41 1.74454e-22 7.85275e-12 1.87256e-05 1.92583e-38 3.76136e-33 4.18937e-30 0.25819 0.0191661 3.73455e-34 9.80813e-31 9.16875e-23 5.22008e-40 2.54181e-23
1.5921e-12 1.32798e-22 2.1351e-19 6.7432e-44 1.42492e-36 1.11434e-27 2.91373e-22 2.13221e-29 6.03224e-10 4.05137e-13 3.31967e-38 6.28033e-25 7.72899e-34 2.02322e-39 2.30443e-26 1.36787e-44 1.27473e-09 8.79968e-34 2.94465e-26 2.57494e-18 4.98186e-49 6.98256e-25 1.86942e-28 6.27054e-28 1.43234e-37 5.40672e-40 5.74779e-32
8.02811e-06 1.83814e-40 1.7607e-32 1.1909e-24 3.98594e-64 1.99982e-29 2.17703e-09 0.159044 1.87598e-20 1.63138e-25 0.00339832 2.56732e-28 0.0480677 9.08732e-33 1.2935e-43 8.27489e-27 0.0613551 2.76693e-14 7.9686e-05 4.10837e-24 4.0133e-46 1.80323e-29 2.04759e-44 4.54179e-57 5.65997e-06 9.79378e-52 2.44298e-43
8.44256e-22 1.3664e-12 2.49568e-14 1.87059e-17 7.32468e-47 5.63615e-16 2.86595e-26 8.21665e-15 0.0273961 9.90544e-28 4.61475e-34 1.29155e-42 8.84323e-44 6.17168e-26 1.73692e-24 4.61973e-43 1.73309e-11 2.15036e-49 4.40347e-27 9.52281e-43 2.00945e-35 4.38768e-21 5.82753e-43 1.23944e-54 3.82407e-16 1.70648e-30 1.77068e-32
