1.91642 0.345167
3.00784e-258 2.51254e-206 7.5266e-25 1.8173e-151 1.55137e-321 1.95392e-269 2.89458e-96 2.61884e-267 1.01614e-277 6.90918e-295 5.44896e-90 8.61707e-159 4.75235e-184 0.796891 0.186736 0.0352068 5.56318e-321 1.85275e-321 1.6801e-300 2.86248e-90 4.49034e-313 7.97385e-58 2.8804e-321 4.92472e-45 2.71736e-321 1.0326e-320 6.06599e-142
1.45766e-69 1.19382e-72 4.46253e-158 5.07038e-236 1.75887e-321 1.9318e-211 5.58732e-105 2.03401e-180 3.45352e-321 1.48441e-154 2.15365e-221 6.16719e-172 6.07173e-161 1.82444e-241 2.14635e-110 0.0814256 5.16793e-321 3.04839e-321 1.54445e-320 0.328985 6.51446e-192 8.08523e-27 4.08098e-321 9.58583e-34 1.87147e-112 6.25796e-166 3.49278e-311
6.3001e-10 3.41944e-07 5.29865e-10 4.97811e-05 0.0204466 2.38947e-13 3.44146e-18 0.00528968 7.14599e-09 1.21068e-14 4.50615e-06 6.76069e-05 2.10065e-12 4.7421e-285 4.44659e-323 5.43472e-323 1.63042e-322 8.89318e-323 5.68175e-322 5.2342e-283 1.18576e-322 7.98174e-139 1.23516e-322 9.36831e-249 9.38725e-323 3.31024e-322 4.94066e-323
4.58603e-168 3.61908e-87 3.67909e-176 1.10457e-173 3.72681e-162 3.2573e-139 4.24443e-164 1.79111e-116 2.46539e-321 1.27469e-321 9.40838e-243 2.99107e-27 4.69064e-251 1.57457e-170 2.55845e-150 8.67473e-153 8.67085e-321 2.37152e-321 1.90858e-320 3.95146e-116 4.08592e-321 0.304343 5.8695e-321 1.77633e-19 5.46459e-128 1.81434e-227 1.28457e-321
5.64243e-216 2.60401e-64 3.49896e-14 1.68443e-299 3.45846e-321 4.39466e-111 2.37494e-242 3.80238e-183 3.96378e-260 7.85743e-158 1.00049e-287 2.14424e-321 1.34085e-302 6.23493e-233 3.35073e-41 0.27087 1.78339e-210 3.60668e-321 8.21075e-144 2.64378e-265 2.73879e-173 2.44924e-22 5.9064e-162 1.03586 1.15632 1.75817 0.352925
4.16998e-11 6.8779e-06 0.00125527 4.13142e-06 0.000171569 3.56836e-11 5.89654e-08 0.00283112 0.0254294 0.00163365 0.000187045 0.00839756 2.85051e-06 8.13253e-291 8.89363e-319 6.42285e-323 1.87745e-322 1.03754e-322 6.12641e-322 2.50823e-282 1.4822e-322 1.6572e-136 1.5316e-322 7.03608e-246 1.08694e-322 3.90312e-322 5.43472e-323
0.000726162 0.00253204 0.00281512 0.0011306 1.885e-05 0.00309167 1.64083e-05 2.91833e-05 0.00115743 0.00123971 0.00436075 0.00209208 0.00266703 7.06722e-295 4.94066e-324 4.94066e-324 1.97626e-323 1.4822e-323 8.89318e-323 1.28007e-286 1.4822e-323 1.91318e-138 1.4822e-323 6.90353e-250 9.88131e-324 2.96439e-323 4.94066e-324
4.84184e-322 2.15413e-321 4.10569e-321 2.01579e-321 2.42586e-321 3.30036e-321 7.49883e-09 1.42785e-321 4.80726e-321 1.33892e-321 7.57897e-321 4.59975e-321 2.55926e-321 7.24725e-165 1.97314e-285 2.82606e-321 4.02165 2.8745 8.56653 2.73169e-214 2.6161 1.08844e-77 2.96224 3.52089e-99 5.72063e-275 3.14117 4.81971e-270
7.34569e-134 7.5279e-19 5.04595e-09 3.82874e-19 3.81186e-223 0.000965993 0.349698 3.2831e-22 1.6056e-90 2.87117e-107 1.88995e-30 4.53926e-69 1.27104e-37 3.62544e-266 4.30268e-153 3.24262e-315 1.7737e-321 1.00295e-321 6.36357e-321 1.24395e-206 1.66006e-321 0.194888 1.45749e-321 9.88894e-122 1.40315e-321 4.7875e-321 2.32667e-161
