2.96015e-155 1.42418e-61 1.45451e-146 3.84707e-185 5.88485e-263 3.71268e-07 1.27368e-70 2.50589e-230 2.16122e-203 1.48676e-22 2.70665e-51 1.039e-66 5.04221e-125 4.66823e-95 4.17077e-59 1.88984e-210 0.0194125 1.65489e-126 6.54791e-112 1.71709e-226 1.1312e-94
1.29393e-114 1.8998e-171 1.37559e-37 2.5083e-136 3.37471e-86 5.3232e-221 6.81848e-95 2.4305e-254 8.39241e-214 3.67702e-49 4.8765e-45 0.166601 1.08205e-153 3.22868e-159 3.797e-30 1.03216e-245 1.15041e-81 1.39198e-146 8.82537e-31 1.49466e-91 1.69503e-229
2.58115e-73 9.4753e-70 1.67825e-73 0.134361 5.65906e-73 1.11707e-31 1.42342e-162 4.53655e-134 4.68672e-204 5.41918e-143 7.95511e-210 1.00084e-120 2.18039e-89 5.0384e-101 0.427174 1.51427e-104 3.37682e-158 9.08655e-40 5.14322e-151 1.56931e-243 5.182e-143
2.86835e-80 2.42911e-105 3.26469e-105 1.66264e-116 0.387374 2.23015e-48 1.03606e-16 2.93245e-239 1.46136e-177 3.3422e-159 3.86248e-196 1.3451e-171 6.41786e-135 6.40998e-76 1.38754e-70 2.69806e-21 3.16049e-56 0.181101 6.83005e-119 9.75949e-233 0.141555
7.97348e-132 6.03766e-100 1.97075e-190 2.61761e-76 1.99916e-93 7.96985e-197 5.22192e-53 3.15925e-37 2.70037e-61 4.87574e-97 1.20648e-191 0.00166894 2.45902e-83 1.92616e-57 5.49137e-15 2.7835e-242 0.257948 2.23505e-68 1.42371e-25 4.92345e-162 0.947181
9.8677e-175 3.78905e-143 1.84939e-34 4.0546e-53 1.50798e-293 4.19269e-200 1.5014e-39 0.0337224 4.35711e-237 9.80704e-151 4.48464e-251 6.50839e-143 1.6489e-111 0.230232 9.26686e-155 3.82989e-13 2.42592e-123 4.4604e-113 0.233698 8.96923e-156 1.45227e-148
8.14087e-79 1.17397e-54 3.53274e-186 2.14279e-16 9.95408e-296 3.63576e-183 1.15784e-137 1.96718e-80 5.5744e-143 0.321974 7.89904e-234 8.95673e-12 1.169e-88 1.43739e-124 7.87711e-43 3.87848e-267 2.34225e-15 2.62439e-203 6.05205e-89 4.70698e-67 5.65113e-103
1.77948e-101 3.98616e-90 7.74572e-124 6.06506e-05 7.40422e-172 8.98791e-227 2.9732e-94 0.233609 2.28524e-251 3.15534e-23 9.90208e-144 5.9633e-05 1.07263e-28 5.99118e-49 5.18134e-65 2.56426e-135 4.08724e-151 2.13612e-81 4.98417e-115 2.67767e-79 4.21001e-193
3.24929e-37 1.00435e-182 5.81428e-71 2.02087e-12 1.20573e-55 1.63699e-152 3.39731e-54 1.87691e-279 2.37665e-81 1.05957e-53 1.48292e-176 3.2405e-160 1.41256e-140 1.8721e-66 4.34136e-61 1.1095e-243 2.2181e-150 1.07145e-15 0.219094 1.25698e-135 4.09971e-63
0.00163115 2.66346e-68 5.42481e-92 1.33642e-160 6.91296e-144 1.72944e-77 2.27677e-145 2.68472e-64 5.06726e-121 4.65003e-179 5.32676e-109 0.0669407 2.95719e-124 2.98558e-64 6.32869e-40 8.02939e-94 1.53854e-22 1.06257e-87 1.59216e-172 3.29168e-204 0.0952804
6.34435e-53 2.35835e-152 1.14225e-95 8.166e-53 5.02514e-32 0.0831527 0.270462 1.02738e-30 1.63256e-126 1.40508e-12 0.305754 2.93646e-156 5.80702e-18 2.50331e-74 1.05934e-132 7.40748e-47 8.49322e-67 2.64945e-100 1.81314e-18 1.5926e-170 2.47425e-96
5.57637e-117 1.39566e-68 5.73631e-61 1.43824e-09 4.94871e-128 8.75642e-112 3.49612e-93 1.72824e-134 1.76981e-63 0.000607056 1.45152e-118 3.43281e-49 1.06443e-72 1.10292e-118 3.93244e-142 0.243666 1.99051e-29 1.32067e-114 0.0138155 2.96853e-248 4.07942e-238
9.82359e-63 1.75983e-234 1.48311e-90 0.279071 3.48953e-274 1.04947e-126 4.14348e-196 1.19197e-85 0.405456 0.43143 0.014858 5.3613e-06 1.69953e-166 4.6103e-111 2.12099e-72 7.39964e-174 2.06343e-50 4.7108e-06 0.225251 0.31263 1.16162
2.90249e-86 4.07174e-14 3.0876e-96 6.96285e-54 1.9376e-32 3.44575e-142 1.92247e-221 1.38678e-132 5.46886e-250 7.09283e-47 3.29611e-45 1.62203e-173 0.349596 0.283046 2.36979e-132 0.138571 1.02166e-84 1.5619e-145 6.29281e-234 1.58762e-141 3.35642e-237
0.0192463 0.0014923 0.0292689 4.19962e-185 2.35753e-295 1.47889e-222 8.06999e-214 2.56376e-266 2.99319e-253 2.82731e-181 5.77143e-245 7.79238e-172 5.4351e-174 3.57855e-255 9.51699e-205 4.77328e-315 4.95419e-166 2.45647e-204 1.50735e-232 1.29966e-288 5.54553e-237
