1.01869e-207 2.37063e-51 8.50387e-189 2.54628e-170 1.05573e-177 1.26831e-58 3.233e-193 5.23576e-80 5.73878e-161 2.39475e-42 3.69478e-110 3.08171e-251 4.24387e-183 0.445787 1.31318e-102
1.32342e-224 9.19283e-36 1.09148e-312 1.88585e-198 3.94921e-145 9.60908e-163 7.07247e-78 0.953673 4.03048e-195 2.94865e-284 5.47313e-314 1.59067e-278 1.44993e-67 6.31371e-14 1.91133
2.69907e-195 7.69932e-258 1.13663e-48 0.148532 1.1415e-270 1.38042e-320 1.40315e-321 8.89287e-162 0.15268 1.54419e-114 3.88784e-256 2.18945e-179 3.63156e-206 8.31174e-166 1.517e-241
2.00531e-85 0.155101 8.50514e-253 0.00347677 3.10788e-239 1.16741e-241 5.87703e-131 5.17333e-174 8.47887e-06 1.84561e-232 0.0798198 1.46002e-226 6.17989e-106 2.38346e-179 6.00231e-301
3.40905e-322 7.22129e-185 1.12846e-116 2.00893e-118 0.302133 4.86452e-251 5.15074e-64 2.32749e-231 5.70421e-201 0.49254 6.83657e-310 1.46222e-214 1.06821e-138 1.9713e-114 7.52045e-39
6.76269e-184 8.05327e-322 7.18347e-285 2.02549e-293 9.99892e-234 8.47224e-110 4.99537e-95 7.9505e-237 2.13609 3.92958e-204 8.54026e-100 1.23972e-40 1.1995e-200 8.52842e-20 1.05654e-65
7.63406e-248 1.25248e-128 3.0278e-219 5.82997e-322 2.14866e-206 4.18473e-301 2.55074e-170 1.2639e-58 3.73263e-67 2.30235e-321 1.15883e-127 4.28644e-180 0.243872 1.36939e-141 3.56889e-313
5.29887e-133 1.01368e-94 2.34784e-278 1.61741e-284 7.89427e-109 2.47957e-286 2.43272e-316 2.53411e-98 2.92744e-164 6.46203e-276 3.15924e-126 3.17916e-187 0.306877 9.92092e-219 3.84369e-193
0.0710844 8.2509e-322 2.37848e-259 7.55222e-86 9.45128e-105 2.78875 2.53314e-55 2.04046e-147 1.40364e-70 2.73533e-26 3.0103e-33 1.93356e-67 3.2601e-157 2.68499e-177 1.2377e-307
1.80333e-223 7.17101e-222 3.59062e-313 2.8239e-158 1.14838e-121 1.34291e-19 1.46342e-242 9.10082e-65 3.48675e-63 6.23729e-121 1.23663e-308 6.1168e-124 0.254455 2.51942e-253 1.82212e-125
7.71723e-293 4.85591e-57 5.53757e-153 1.80284e-140 0.126529 1.02074e-320 1.36633e-125 2.14166e-236 3.71363e-190 1.19394e-121 4.23815e-276 1.44699e-194 6.40531e-30 0.0418729 4.37188e-286
2.86558e-322 1.37769e-153 0.832671 6.65235e-304 1.65108e-52 7.46012e-204 1.12295e-212 1.25018e-58 5.87841e-152 0.171965 0.828072 6.21815e-24 3.59133e-21 1.11854e-254 8.42856e-231
9.81985e-109 1.05782e-217 1.02565e-17 3.67167e-77 2.88242e-110 5.71028e-245 0.354645 0.0607003 1.82163e-53 2.57439e-188 1.3042e-155 0.466731 2.2437e-74 9.13077e-39 6.56807e-275
1.75306e-106 3.6463e-120 2.54579e-115 3.98152e-91 3.805e-143 1.61486e-185 1.06775e-160 3.55862e-187 4.31192e-177 2.3536e-262 3.82661e-103 3.28278e-247 0.123787 1.58495e-30 6.90576e-260
