3.20249 0.133415
6.5504e-19 4.32038e-144 8.90432e-31 0.166958 1.15306e-51 4.07172e-73 1.03229e-122 0.0778385 1.40112e-51 0.132432 2.04939e-149 0.47696 1.47484e-48 1.34556e-09 3.26005e-96 2.21578e-146
1.11818e-21 1.75176e-100 2.8187e-53 2.45707e-118 9.90757e-67 3.49845e-74 1.92381e-70 4.48009e-86 8.32278e-82 8.99996e-23 1.47359e-166 9.62161e-155 1.03502e-110 0.09749 3.78159e-64 4.62306e-105
1.66612e-27 2.75777e-21 5.15877e-71 1.51255e-138 1.97753e-130 7.65467e-95 3.64494e-133 1.41986e-105 2.74758e-78 1.20791e-134 2.62127e-147 8.90873e-172 5.6787e-108 3.37333e-115 9.83599e-85 3.4196e-124
2.56406e-10 6.42224e-113 7.86858e-33 8.63918e-95 6.26209e-96 2.87753e-132 3.47854e-96 9.92011e-15 0.0854573 9.47497e-52 1.43204e-170 1.44776e-47 0.00495424 1.87417e-08 1.64656e-49 2.10558e-25
4.35637e-103 1.17661e-122 2.36569e-33 1.10099e-30 5.23463e-48 1.61086e-115 5.51862e-101 2.02248e-75 6.64135e-20 4.65796e-137 3.25364e-123 4.52666e-51 8.91431e-81 1.38475e-62 7.00512e-92 0.236339
2.70806e-97 7.01011e-21 2.29203e-76 6.98516e-156 1.30179e-33 1.35544e-86 8.19639e-34 1.38695e-08 8.55395e-47 0.0194554 3.42432e-17 2.07864e-189 6.31953e-84 1.17081e-57 2.13753e-110 9.96825e-75
0.000163877 0.00297729 5.67721e-101 1.0911e-163 1.79614e-138 4.99566e-142 1.27343e-148 1.46967e-149 2.47957e-110 2.97409e-162 6.95865e-173 1.10996e-194 8.63585e-122 2.48564e-135 1.15662e-137 5.20326e-158
0.0105036 1.17434e-18 2.03784e-47 2.31266e-163 5.3422e-126 7.59018e-84 1.60746e-75 3.6511e-127 1.72629e-54 5.35827e-75 4.58006e-172 1.36865e-182 1.0097e-26 8.27571e-98 2.26721e-109 2.58567e-128
9.64311e-06 2.85555e-23 1.04931e-84 8.22596e-136 2.96914e-87 1.51692e-120 8.71218e-126 2.44306e-65 1.7745e-83 3.4443e-103 9.46638e-172 9.39593e-60 0.0325113 1.2562e-23 7.07011e-20 9.99462e-121
4.73008e-05 7.58026e-90 0.070768 1.16414e-125 1.07404e-68 1.24915e-17 4.13324e-39 5.07919e-75 8.94446e-84 3.72641e-80 2.21448e-112 1.00448e-185 0.0601389 1.94007e-12 6.24518e-49 2.61463e-129
9.6559e-74 8.33463e-144 1.30156e-84 1.63714e-15 4.99327e-81 1.77253e-55 1.60759e-102 9.83808e-62 6.86105e-47 3.92964e-137 1.64095e-105 6.30307e-159 2.25357e-45 0.81274 4.2509e-25 6.56175e-115
8.35745e-09 3.32104e-10 4.6531e-96 1.48165e-19 1.02499 0.199088 4.03122 6.54772e-94 1.76203e-82 3.87751e-83 0.399265 6.48276e-34 0.000958514 0.501909 1.69441e-30 0.303014
4.65667e-11 1.32363e-35 1.12673e-09 3.5023e-49 2.19386e-101 1.11666e-78 5.82584e-52 1.78377e-64 2.48489e-45 6.46223e-65 3.13168e-30 8.02347e-40 0.0842633 2.29663e-104 0.0869215 7.37994e-130
