3.69691e-23 6.5801e-64 8.27285e-282 4.10471e-41 2.6762e-62 9.34513e-163 1.13808e-197 0.116861 1.10468e-132 5.37365e-133 1.71104e-163 1.3295e-30 0.0210038 4.19255e-51 8.93846e-171 6.01196e-50 2.59353e-221 9.38081e-161 4.44774e-122 5.2097e-128
5.30734e-129 2.93077e-129 6.36758e-313 8.97402e-60 2.8096e-76 4.68071e-210 7.86383e-226 0.262206 6.90583e-103 1.49844e-226 7.98508e-132 2.20675e-72 1.45119e-63 5.20186e-156 8.27239e-144 1.53383e-190 5.23761e-240 3.33299e-171 6.57173e-125 6.80986e-169
7.21123e-53 2.97859e-81 4.45229e-242 2.00655e-73 1.02289e-72 4.06525e-231 2.74456e-204 0.11549 1.04661e-79 2.72185e-236 8.92835e-164 1.87227e-103 5.63688e-73 6.32352e-119 4.50978e-173 1.42899e-79 2.88114e-283 8.26067e-159 9.40903e-93 4.52077e-126
0.659262 8.99571e-74 1.9593e-215 1.32561e-37 7.4865e-18 1.67601e-203 1.06076e-163 0.0652936 0.101411 3.25656e-126 1.30248e-152 4.08665e-94 1.83295e-15 3.08353e-135 5.12092e-181 1.57906e-70 3.28485e-248 4.97816e-166 3.97988e-50 9.5677e-39
1.31651e-62 1.0227e-80 8.05327e-322 4.85065e-93 0.183257 5.92301e-108 4.06991e-255 1.22638e-10 9.39338e-102 2.35401e-238 0.0471298 4.45572e-76 0.226922 7.89815e-80 1.33943e-131 4.58869e-23 9.59583e-144 2.88864e-60 1.23681e-85 0.369571
5.76297e-93 2.59241e-126 8.713e-231 2.06734e-09 3.27338e-77 2.01568e-171 2.86061e-213 2.6747e-19 4.08091e-133 1.58722e-279 9.23384e-141 1.08152e-61 0.140761 2.81672e-55 8.49826e-147 4.87653e-172 6.41068e-289 5.97276e-130 1.64984e-43 1.88129e-39
4.54142e-100 4.41967e-64 3.46989e-228 7.58734e-23 2.12068e-27 1.66408e-146 7.40443e-224 9.40419e-34 2.637e-80 9.35364e-206 5.34846e-106 0.129489 4.46928e-36 7.65559e-139 4.769e-96 6.15739e-11 3.12508e-162 9.23547e-39 6.02983e-62 4.47675e-142
2.59077e-118 3.66718e-108 2.32145e-245 4.05076e-93 3.4693e-46 2.52928e-235 1.34532e-230 1.63805 2.60778e-157 3.00338e-136 5.98446e-119 4.2748e-103 2.43989e-07 8.00144e-81 1.35479e-153 2.26261e-113 3.88317e-169 6.53654e-173 3.18162e-41 8.99323e-105
7.62374e-132 2.37048e-129 2.76677e-322 1.7518e-93 5.85334e-101 3.63962e-238 5.67812e-275 0.203947 7.89572e-122 1.41167e-252 2.43223e-154 1.99149e-88 1.02307e-80 1.27143e-106 3.5572e-161 8.75506e-167 1.85259e-263 9.46446e-199 7.16915e-131 7.55561e-129
7.63658e-35 1.06786e-27 1.041e-250 1.03986e-64 9.2316e-123 6.69701e-254 1.12127e-186 6.87869e-38 0.030472 1.99594e-249 9.41922e-154 0.0169798 6.44604e-70 1.93664e-36 1.67638e-142 2.10054e-07 8.962e-295 2.24286e-205 1.80131e-125 1.21177e-77
2.35434e-146 1.00381e-106 1.10529e-270 7.12005e-52 1.00353e-114 1.5247e-204 1.25828e-262 0.237155 1.87156e-90 1.98664e-259 1.83442e-128 3.83261e-119 6.99698e-40 7.97584e-111 6.29727e-143 3.21865e-90 4.85921e-263 1.86774e-203 3.9921e-100 2.2731e-102
0.0783138 4.12032e-99 3.6975e-131 6.22636e-22 7.19652e-121 7.91315e-156 2.19885e-236 1.33327e-29 2.3187e-100 1.81687e-231 6.94755e-130 1.03892e-116 1.63496e-25 0.267875 0.330772 1.99782e-158 6.17433e-79 6.57768e-12 1.29752e-47 1.21072e-62
4.75644e-18 2.21689 0.26463 0.406007 0.483235 0.458057 1.73501 5.55599e-46 1.98169e-66 0.311412 4.20829e-53 0.000428697 4.20334e-29 5.07757e-88 5.79213e-49 0.204616 0.441057 0.123576 1.70631 4.02057e-36
1.73783e-66 4.012e-31 5.11284e-282 2.34082e-19 8.29918e-125 4.04896e-275 7.93693e-146 3.25487e-43 0.0403258 4.70539e-144 1.26177e-122 2.86105e-95 6.58377e-80 7.01579e-140 1.01271e-115 8.97118e-146 1.11791e-285 1.20927e-174 2.10805e-33 8.02596e-10
8.43575e-36 4.29933e-106 7.9515e-257 8.5504e-19 9.5735e-135 5.6219e-249 2.36303e-275 0.0291915 4.40217e-66 2.54793e-275 5.64287e-108 3.55939e-65 2.46799e-30 1.51171e-52 8.85724e-96 5.33165e-190 5.39268e-239 4.32707e-191 2.54955e-116 8.93992e-174
7.02269e-117 2.97976e-114 1.77204e-230 1.5826e-101 1.54732e-38 2.33157e-260 1.37087e-272 3.92838e-36 1.29871e-30 2.79647e-144 3.41486e-125 2.97655e-84 0.00438416 2.54806e-118 4.55198e-109 1.48469e-99 6.10846e-218 4.01591e-199 4.78582e-59 6.04093e-142
4.02104e-106 9.21612e-133 2.76677e-322 1.26452e-61 3.31586e-88 1.74902e-217 6.01709e-254 0.451848 2.72755e-120 6.17454e-239 9.25603e-158 1.8254e-116 1.2837e-55 7.94903e-120 1.10276e-166 2.30657e-183 1.86117e-223 6.23268e-175 7.30001e-100 6.77126e-185
4.75676e-100 5.90482e-120 1.65671e-269 3.30032e-49 1.02123e-75 3.06992e-167 1.02213e-242 0.127772 3.91988e-64 1.15676e-230 2.89186e-76 2.15134e-29 1.56747e-31 6.36469e-122 1.1294e-120 2.61339e-142 5.40317e-217 1.36396e-115 4.8997e-117 5.08589e-191
