10.2716 0.544787
5.12724e-251 2.54938e-321 0.415083 9.67371e-295 3.44811e-295 2.09484e-321 0.0133917 7.56873e-152 4.72924e-208 5.77563e-321 9.209e-137 5.30627e-321 1.01548e-95 8.13692e-105 1.5736e-320
0.332952 2.98416e-321 1.49066e-253 6.03546e-53 3.66597e-321 1.73911e-321 3.54742e-116 3.83579e-229 0.00812843 6.30804e-244 2.81815e-320 2.43618e-282 3.495e-79 4.93932e-306 8.7005e-321
5.09563e-58 1.75533 1.65611e-234 1.42534e-308 3.45712e-130 2.0991 1.84881e-19 1.97576e-173 22.5468 3.42607 8.65313e-76 2.8464 1.05839e-319 3.73633 6.85737
9.10368e-202 4.28355e-321 1.35953e-159 3.14769e-320 4.3626e-321 7.15494e-295 2.13677e-21 5.29263e-151 0.29705 8.19655e-321 4.86213e-118 7.19418e-33 4.79554e-149 9.08093e-321 1.52864e-320
0.493772 1.5461e-283 24.318 2.91877e-68 1.06325e-95 2.46539e-321 2.6538e-05 2.35669e-321 9.34401e-139 7.26771e-321 2.48469 1.0526e-233 8.19485e-118 2.85345e-41 1.19465e-320
4.63642e-136 1.52666e-321 0.0552741 1.27213e-243 6.54995e-197 2.68278e-321 2.73077e-118 1.86263e-321 5.74154e-320 6.36851e-321 1.52567e-320 4.10569e-321 4.97771e-320 7.1936e-321 5.23216e-321
2.69532e-127 2.59879e-321 0.0828378 1.98071e-320 1.12433e-196 2.91005e-321 0.183953 1.14145e-152 8.34131e-320 3.42807e-254 2.91894e-320 1.6869e-168 6.12592e-320 5.72128e-321 6.03748e-321
2.31717e-321 1.66006e-321 0.142307 9.63413e-237 5.90017e-241 1.71935e-321 2.83461e-13 1.74065e-163 7.57205e-320 4.58987e-321 1.84089e-320 1.94978e-293 7.05987e-159 6.38827e-321 6.38827e-321
3.29998e-255 1.54643e-321 0.360056 1.4145e-83 2.23812e-321 3.21637e-321 3.09885e-163 2.18871e-321 6.11554e-320 4.15509e-321 1.59534e-320 7.69767e-316 3.10685e-307 7.22818e-321 6.19558e-321
2.12448e-321 1.76876e-321 2.22968e-112 1.21415e-126 2.23812e-321 1.99603e-321 1.08196e-21 1.90709e-321 0.179952 1.46316e-209 1.85373e-320 4.14521e-321 5.65186e-237 6.94656e-321 5.87444e-321
3.5968e-321 3.58198e-321 4.314e-201 6.19313 1.12434 3.33e-321 1.23044e-152 0.756325 12.8132 6.19862e-246 5.97508 5.34306e-255 17.9985 1.00246e-320 1.51233e-320
2.68772e-321 2.06519e-321 1.64449e-39 1.43201e-101 2.2233e-321 2.46539e-321 0.0954993 5.8796e-199 5.89731e-122 3.75645e-282 2.14968e-320 3.98711e-321 4.40311e-320 6.78846e-321 5.68175e-321
1.77152e-232 1.33398e-321 3.75984e-320 1.25392e-194 1.74899e-321 1.38832e-321 0.0940975 1.55137e-321 5.47079e-320 3.29048e-321 1.63289e-320 4.05121e-290 3.81517e-320 3.41399e-321 3.40411e-321
3.15214e-321 1.69959e-321 6.07889e-22 1.95837e-197 3.70549e-321 1.75887e-321 6.91703e-127 2.00097e-321 0.101769 4.86161e-321 1.9733e-320 4.28683e-241 1.04936e-310 9.55829e-226 7.45051e-321
