2.84707e-25 0.467331 8.31701e-150 1.4356e-48 8.8932e-151 2.10996e-301 6.83438e-157 3.9153e-139 0.498282 1.517e-19 4.56215e-271 7.36507e-36 7.40072e-138 4.74111e-162 4.33233e-160 1.9173e-45 4.07014e-169
4.01595e-180 0.0812352 3.06043e-13 5.28089e-246 8.63804e-154 8.48991e-116 3.69699e-44 7.89648e-160 1.18865e-68 2.2454e-91 0.476736 4.09675e-111 4.51588e-50 3.19844e-202 1.35532e-71 1.47296e-167 3.41615e-215
8.49395e-86 3.51204e-304 3.0911e-158 1.20803e-111 2.64689e-280 1.73196e-251 5.38154e-171 0.25823 1.70353e-99 2.19139e-237 0.0703315 7.82529e-63 7.8211e-106 7.40824e-180 8.54493e-05 3.56301e-42 6.75563e-77
3.25095e-321 1.26361e-117 9.66937e-89 7.66546e-228 2.9881e-154 1.14619e-258 3.84164e-90 0.0880857 2.57005e-100 1.66404e-171 2.25615e-214 9.76902e-98 1.57926e-96 2.5058e-138 2.66e-35 2.03497e-122 2.70651e-10
4.92626e-201 6.00566e-215 4.15246e-29 9.73181e-87 9.2211e-293 1.21333e-210 6.66797e-21 5.22003e-33 1.21537e-101 1.1243e-47 1.87701e-130 5.32457e-187 0.125624 4.42597e-190 2.29527e-131 3.04254e-28 1.5179e-149
4.24102e-228 5.22619e-16 1.93032e-146 2.72494e-150 2.94321e-234 7.53962e-239 4.26178e-110 9.03269e-32 2.44382e-05 4.92643e-206 9.19233e-102 3.036e-108 3.50192e-51 5.32088e-203 0.261132 3.64435e-166 4.02665e-106
7.52143e-230 9.13478e-96 6.46919e-246 5.89289e-173 3.1365e-266 1.95528e-172 1.07302e-132 3.4921e-144 0.172176 1.62305e-237 5.04126e-97 4.66445e-66 9.48212e-141 1.12012e-126 1.81056e-66 1.7445e-73 2.66377e-41
7.6325e-121 0.349124 0.391072 3.29021e-216 1.77382e-44 2.65982e-165 2.10596e-42 6.25297e-165 1.99324e-100 1.06476e-278 5.62862e-173 1.90893e-42 2.99663e-98 3.45409e-109 6.60941e-150 3.29187e-64 1.23201e-64
3.6537e-178 6.87428e-164 2.41884e-130 6.00055e-135 7.54012e-183 1.54643e-321 4.24894e-09 3.63698e-167 3.36531e-138 1.06992e-82 0.392336 5.10496e-67 1.0791e-37 1.22175e-157 2.01899e-121 9.02682e-145 8.4244e-173
5.76567e-225 8.25231e-299 5.95108e-169 0.03794 1.18476e-291 1.61396e-182 5.25816e-163 2.27646e-167 3.75318e-186 3.0014e-227 7.18581e-64 1.52996e-15 1.45502e-28 7.32268e-166 4.40218e-117 2.24663e-37 0.0393456
6.83282e-259 9.50097e-87 1.57282e-225 1.84251e-182 2.58109e-258 1.65512e-321 3.19007e-69 3.70803e-99 1.96929e-101 2.85356e-41 1.56969e-166 3.27464e-116 1.02604e-84 1.02614 3.5207e-155 0.0198194 4.28445e-48
1.40674 1.82187e-121 6.61724e-116 1.50051e-125 0.602601 0.523882 8.01489e-167 2.96821e-39 8.35391e-91 7.07807e-23 2.10367 9.15072e-60 2.7115e-151 2.06115e-22 1.87727e-35 7.61638e-80 0.743836
5.86456e-321 0.0149292 2.91932e-122 2.56694e-161 1.2745e-129 2.04895e-110 0.110796 0.0031623 3.70466e-203 1.55143e-227 1.56159e-260 1.0026e-76 3.76072e-148 1.67406e-82 7.65436e-28 4.36187e-99 3.08891e-61
1.00748e-55 3.51122e-241 9.03175e-140 0.207345 6.6516e-214 1.64997e-61 1.61736e-125 1.81624e-95 1.18048e-157 0.374372 2.64476e-187 0.841557 1.74872e-117 1.4408e-84 1.94584e-36 3.77298 1.24331e-213
