2.55405e-09 2.73582e-15 2.61214e-190 6.19391e-56 1.51049e-98 9.10665e-87 4.37123e-33 1.6613e-41 5.32253e-103 3.39055e-97 6.67859e-67 2.41715e-34 5.04758e-159 2.14102e-140 1.08966e-72 2.79765e-195 5.24511e-130 3.62393e-110 4.09148e-23 1.67239e-139 0.0896133 0.121485 3.63612e-94
0.0676396 6.13985e-44 3.36501e-22 6.99829e-146 1.82049e-194 4.42287e-106 3.19087e-148 2.03175e-48 9.17077e-149 2.10743e-218 1.10153e-183 4.43936e-112 4.57031e-113 5.98981e-188 4.82035e-70 0.0885409 0.246064 1.1217e-35 1.59903e-17 2.75742e-26 1.54544e-106 7.44911e-57 5.3417e-20
1.27225e-69 4.20249e-135 4.24226e-113 9.34331e-172 7.43929e-41 0.15984 1.26382e-243 0.00210212 4.27744e-63 1.55691e-18 5.1189e-54 5.44325e-142 2.18353e-141 6.51113e-210 3.94421e-237 1.23405e-117 3.14343e-91 0.164498 2.47282e-60 4.42824e-31 1.48395e-146 3.0822e-150 0.369675
6.67101e-106 3.36008e-121 1.80763e-77 2.38548e-25 1.95452e-67 7.52013e-94 1.70777e-107 2.54873e-112 4.78108e-115 1.67108e-80 9.88631e-12 8.2375e-186 5.75195e-46 1.90587e-162 4.96343e-162 7.23449e-109 1.47646e-121 3.72521e-82 6.12367e-103 1.97427e-153 1.53738e-114 0.368236 2.30208e-16
1.16837e-126 8.63186e-143 1.9025e-25 6.07507e-98 1.8758e-44 3.00989e-119 0.056136 1.21605e-216 1.95956e-174 0.153706 3.29263e-206 5.45953e-133 1.39465e-64 1.31788e-189 3.84357e-32 1.23633e-149 1.58728e-218 1.31411e-46 0.101884 1.04949e-13 4.24797e-14 2.14184e-113 4.87158e-13
2.25425e-58 1.14492e-20 3.97516e-63 2.94358e-13 3.27903e-33 8.11609e-06 1.67945e-90 2.82348e-70 6.3128e-10 5.91527e-25 0.151475 9.9612e-161 4.92019e-129 1.0107e-197 1.34476e-298 1.1128e-193 1.15031e-228 2.39538e-132 2.36661e-137 2.41492e-180 1.35082e-109 9.87437e-143 2.09763e-112
1.52363e-228 2.22486e-290 3.36787e-127 0.0624254 6.15611e-85 3.02773e-187 3.35965e-322 8.85177e-306 4.47261e-48 1.36643e-206 7.01655e-106 1.27909e-20 4.15423e-151 3.7097e-194 1.18001e-165 1.10595e-06 2.45673e-118 1.7016e-29 0.372335 2.55105e-85 0.00744364 2.0559e-80 1.55905e-50
1.56485e-68 1.204e-11 5.54561e-53 3.02441e-182 0.511637 5.55909e-117 6.51085e-101 5.66676e-44 1.3805e-172 5.05557e-85 2.09607e-146 0.215812 1.24868e-59 4.11761e-276 3.22365e-86 1.29283e-88 9.81938e-145 7.09836e-122 9.46687e-81 1.10183 1.16889e-106 9.62683e-127 3.73079e-74
1.04866e-191 3.82497e-140 1.41286e-55 4.76916e-30 4.94085e-121 1.96485e-105 1.3635e-287 3.44505e-211 6.30582e-93 4.67109e-48 7.53369e-162 1.66636e-241 0.0883096 2.93074e-132 1.05022e-16 6.30258e-137 4.53117e-61 7.36433e-47 9.27844e-25 1.00319e-143 2.56829e-86 6.38467e-105 1.0069e-53
7.51659e-102 2.13326e-218 3.62804e-234 8.42e-171 4.27107e-94 1.25812e-222 1.62343e-233 4.06265e-62 3.57858e-131 2.38392e-45 3.74655e-100 2.76155e-186 6.47117e-122 6.10064e-175 9.10572e-81 3.34961e-76 1.33192e-120 7.0323e-160 1.37576e-51 4.88723e-32 0.00972687 2.2136e-31 0.896883
2.68502e-282 1.75333e-32 0.168466 6.13174e-199 8.69372e-57 2.65526e-197 1.32092e-115 2.06633e-160 8.09175e-84 8.68617e-143 1.70074e-47 5.39785e-193 2.2536e-92 2.55419e-06 1.77757e-208 2.00915e-214 1.79217e-169 1.33659e-29 9.40438e-40 6.95442e-07 1.3308e-121 0.528338 4.25364e-47
3.90901e-73 4.87211e-79 1.42491e-259 8.24003e-105 1.31969e-140 4.06907e-64 1.9961e-145 1.123e-177 1.56254e-69 2.03852e-124 2.05535e-17 7.78672e-132 0.229792 2.30942e-40 1.02652e-79 6.15503e-188 6.94205e-110 8.14721e-67 1.25415e-41 6.74604e-83 4.31158e-77 3.07884e-84 2.38736e-93
8.13828e-107 2.26062e-92 3.23618e-222 1.37738e-27 2.09396e-111 6.65044e-36 1.98751e-226 1.70332e-133 1.12381e-135 3.3446e-08 3.22879e-66 7.17395e-191 6.0424e-134 1.73738e-197 7.62384e-90 1.07613e-211 5.07802e-208 5.49724e-135 3.0935e-57 1.32594e-74 1.03444e-13 2.7946e-99 0.196789
6.78297e-27 0.234239 4.49595e-159 7.2406e-264 1.85265e-14 1.71377e-218 5.33044e-310 7.88869e-113 1.77645e-95 5.40189e-197 5.25794e-59 1.20519e-46 5.54905e-60 0.267982 1.12196e-252 2.22248e-60 1.69394e-30 1.69438e-40 0.0213203 1.39898e-58 5.25128e-59 3.27241e-126 2.05441e-26
1.56302e-210 8.45166e-65 3.52353e-30 8.76716e-133 1.4494e-94 5.23149e-138 1.04614e-139 1.18559e-82 8.13863e-53 7.16965e-71 1.22757e-35 2.90695e-48 5.74193e-88 5.37258e-195 1.08997e-302 1.59579e-160 3.08761e-212 1.43234e-119 1.95029e-45 9.63089e-71 7.01824e-45 0.0612386 3.87962e-24
3.6376e-130 2.30293e-293 2.37803e-46 3.88524e-138 1.56872e-182 2.79412e-67 7.8299e-56 3.32653e-170 6.25803e-70 9.33213e-89 8.71119e-262 0.0574389 7.12635e-170 6.56134e-125 0.34059 0.218973 7.65719e-70 0.117794 1.36291e-66 2.7132e-145 3.10942e-123 3.1657e-68 4.34785e-22
