7.41098e-322 3.84461e-149 1.04742e-321 1.8724e-222 2.97428e-321 1.09683e-321 3.626e-290 6.85763e-321 2.70629e-277 3.18178e-321 1.32904e-321 0.223818 5.14733e-301 1.35374e-321
2.37152e-322 2.12217e-228 2.56914e-322 9.41421e-297 8.94259e-322 3.80431e-322 4.92375e-297 1.80828e-321 5.48413e-322 8.3003e-322 2.76677e-322 6.39437e-256 2.17389e-322 3.80431e-322
3.88634e-102 4.7663e-146 7.95023e-178 3.06321e-321 0.0299572 6.13743e-63 0.629631 1.0988e-320 0.410958 7.28747e-321 2.18871e-321 1.3457e-265 8.88307e-149 2.68772e-321
4.79807e-252 0.172325 1.5069e-321 3.48904e-290 3.76661e-290 0.543258 2.73676e-159 2.80465e-34 0.30557 5.82009e-321 3.69028e-272 7.72431e-180 7.00609e-169 3.86853e-321
1.90215e-321 1.96294e-200 1.5316e-321 4.10599e-118 0.46304 2.37342e-132 4.79311e-205 1.3528e-191 3.00358e-12 4.31813e-321 2.46045e-321 9.4437e-87 2.08496e-321 4.42189e-321
8.99199e-322 2.56371e-134 1.10177e-321 1.05051e-222 9.62698e-198 1.4822e-321 4.10474e-246 8.84872e-321 1.99108e-321 5.18275e-321 1.52666e-321 1.32359 8.95018e-312 1.63042e-321
3.76487e-205 1.02849e-79 1.58595e-321 1.57468e-159 3.80846e-109 1.17065e-212 2.14672e-135 9.49339e-141 6.01742e-159 4.41201e-321 1.41303e-321 1.53143 4.05733e-318 1.91697e-321
8.34971e-322 9.56593e-112 9.0414e-322 2.40247e-217 3.46508e-268 1.75673e-263 2.01232e-288 8.92283e-321 1.26483e-234 2.52468e-321 8.94259e-322 0.120552 7.85564e-322 1.17094e-321
1.21046e-321 0.55829 1.50196e-321 4.62822e-84 4.75291e-321 2.75567e-290 1.77266e-280 1.18724e-320 1.17617e-292 2.8552e-216 2.06519e-321 1.87806e-66 1.14623e-321 3.90806e-321
1.80828e-321 9.30977e-272 1.40291e-117 6.84885e-54 1.38348e-199 4.119e-108 0.92041 6.71448e-221 1.57563e-67 1.06195e-269 2.04037e-240 4.40335e-146 1.65512e-321 1.64456e-301
7.95446e-322 2.57225e-105 8.44852e-322 2.92954e-295 2.76183e-321 3.5196e-217 3.65294e-239 8.24752e-283 1.80334e-321 2.41104e-321 1.24505e-321 0.272143 3.52763e-321 1.28457e-321
0.555041 5.49718e-216 1.58101e-321 2.37254e-240 8.5795e-119 3.28252e-109 1.21807e-265 6.98137e-41 9.89447e-297 7.59379e-321 6.31097e-138 9.19024e-262 1.7984e-321 2.39256e-229
2.4308e-321 3.71725e-258 5.11899e-183 1.44667e-292 5.83559e-35 3.23616e-138 7.73076e-173 1.92834e-320 9.6753e-51 9.67381e-321 2.26282e-321 1.97495 2.38937e-225 5.13828e-321
1.0326e-321 1.02914e-258 8.74496e-322 5.57505e-180 8.46141e-274 1.09371e-246 1.72517e-218 8.43568e-316 2.51809e-280 2.6976e-321 1.24505e-321 0.168964 7.26276e-322 1.56125e-321
1.71935e-321 0.0821805 1.49212e-180 1.00351e-119 8.79489e-246 1.66994e-321 4.5938e-305 1.35325e-320 2.74206e-321 8.81114e-253 1.4822e-321 6.13564e-32 1.38338e-321 2.50491e-321
1.33892e-321 1.15744e-137 1.86757e-321 4.63103e-284 7.5996e-186 6.19732e-112 1.25245e-250 1.22775e-320 8.14483e-238 4.3587e-303 2.19547e-293 0.0105995 1.06904e-162 3.22131e-321
7.23625e-263 2.5988e-223 1.18576e-321 3.25128e-170 1.40411e-179 2.04543e-321 9.53877e-242 1.2905e-320 4.65358e-123 4.23908e-321 2.04188e-296 0.246016 1.13635e-321 1.78886e-270
7.53676e-311 2.92822e-41 4.599e-172 0.792179 0.832926 2.65839e-317 4.11671e-211 2.82718 1.52336e-41 4.70221e-21 4.87692e-151 2.25434e-105 0.53598 8.58951e-78
1.30367e-69 7.48777e-268 0.529525 2.36044e-317 3.131e-204 1.64177e-136 4.77666e-30 1.33728 2.74301e-213 2.20436 0.65923 1.86252e-222 2.70222e-157 1.1732
