7.35302e-24 1.57044e-49 6.98001e-48 4.5289e-39 0.0366023 4.09472e-89 7.0306e-42 2.79304e-35 8.45449e-79 2.11777e-19 4.79704e-21 4.18777e-46 9.28236e-50 2.3538e-78 3.9952e-86 4.00093e-70 4.79185e-44 2.75847e-25 2.25012e-39 4.1737e-63 2.10111e-25 8.15722e-106 2.87642e-50 0.235895
1.06661e-43 1.52471e-28 1.78116e-42 1.21325e-65 7.59869e-53 2.63268e-100 3.453e-06 3.80728e-30 5.84752e-76 5.32503e-43 0.76993 7.0276e-86 2.90285e-77 1.16222e-57 2.63906e-47 2.00681e-45 2.56211e-47 7.18308e-26 4.55266e-109 8.17554e-30 5.49808e-35 5.75722e-87 2.42783e-85 2.43429e-47
1.88012e-24 8.57671e-49 0.116021 0.0933321 7.88499e-51 6.64897e-18 1.16573 0.0796406 9.17891e-30 2.34583e-53 5.35973e-15 3.61134e-09 3.21591e-82 0.0607165 3.12651e-73 2.10216e-26 1.32404e-39 1.56889e-39 3.118e-34 3.42845e-35 5.45599e-46 0.0454236 0.120079 1.38338e-16
1.25228e-38 1.33768e-40 1.29967e-46 1.59481e-43 2.58431e-23 6.90442e-107 0.0565517 2.80324e-75 1.21177e-80 3.7925e-22 1.62214e-28 8.25482e-94 1.41436e-95 4.87641e-51 5.76689e-51 1.42321e-41 6.58032e-37 3.67093e-36 1.21836e-96 1.61999e-40 2.40653e-56 1.70727e-86 1.8109e-96 3.46242e-35
4.79483e-16 0.195482 4.8235e-50 7.45177e-26 0.000623426 0.0807254 8.60508e-27 2.86795e-57 8.5877e-09 0.000215236 8.31415e-24 0.0994521 4.60073e-65 0.021351 1.78768e-63 8.8299e-23 0.00316074 5.31456e-21 0.123551 2.0045e-30 4.47901e-58 5.70539e-109 2.34304e-49 5.74363e-23
2.39596e-56 1.41639e-46 1.48142e-38 1.07688e-45 9.83917e-38 5.25877e-57 0.0295942 2.54861e-62 3.9299e-66 2.12499e-19 4.7104e-30 1.30232e-100 4.47872e-40 3.52985e-95 4.15484e-63 8.02844e-47 8.19262e-89 3.02058e-43 1.78092e-66 3.48704e-41 1.19224e-54 6.47501e-85 7.43064e-77 5.05955e-12
1.50023e-41 1.13835e-33 9.72392e-08 1.82334e-51 2.22558e-24 8.60563e-76 3.3394e-18 2.20479e-11 8.44463e-72 2.38418e-43 5.96789e-18 3.09629e-95 8.70768e-71 8.54622e-42 1.45421e-76 7.67641e-27 0.0794331 6.42814e-42 1.85962e-77 2.22286e-29 8.62069e-45 2.45939e-89 3.87662e-63 0.0142357
3.95144e-36 2.38573e-48 2.47203e-31 7.90913e-52 1.0587e-41 1.26977e-57 0.22282 2.70378e-27 3.37188e-52 1.09193e-44 4.09301e-05 1.05004e-57 5.16897e-87 4.45688e-44 2.597e-35 4.83765e-54 2.67912e-42 1.57981e-20 5.16171e-107 1.83807e-54 4.05573e-47 9.22358e-112 3.36124e-74 4.62031e-58
0.36925 1.85474e-42 2.14651e-33 3.1467e-24 0.0562741 2.21983e-98 1.63738 4.7514e-46 1.46495e-86 0.393932 4.06763 5.29183e-31 0.330514 6.94034e-51 2.96621e-74 3.30882e-75 1.05838e-52 1.41164 1.43277e-114 1.88231e-68 1.50507e-38 2.47568e-85 6.80697e-53 0.00155883
3.42985e-53 3.9645e-59 1.61578e-60 1.95825e-73 2.01558e-18 5.3895e-48 1.44856e-48 9.40506e-26 0.0607248 0.495427 3.65103e-30 1.10948e-89 6.37479e-69 1.03794e-90 0.22255 0.0236575 2.34191e-99 7.47088e-49 3.22449e-90 0.0624671 0.228259 4.19689e-38 0.00443349 7.59891e-07
