0.0436554 3.95077e-32 2.20692e-140 0.247766 7.61148e-97 3.18767e-107 5.89898e-152 8.61964e-128 8.98356e-44 4.09332e-114 1.62027e-84 1.6236e-88 4.01591e-55 4.05551e-109 1.59862e-69 4.75192e-19 1.06919e-49 1.94108e-77 1.71347e-33 4.25295e-114 3.17806e-89 0.132639 0.00572885 7.48118e-59
1.21444e-40 1.08128e-53 1.43832e-114 6.51715e-26 2.71492e-83 2.50575e-74 3.32645e-137 8.52279e-132 6.09977e-36 4.79102e-102 1.17915e-123 7.90485e-113 7.33285e-110 4.22642e-167 9.4022e-42 1.89737e-07 1.76823e-72 2.33435e-38 3.58547e-08 1.49386e-117 1.72284e-109 3.58639e-29 0.0545191 1.15135e-31
2.1237e-66 3.95412e-28 8.06693e-57 1.86917e-14 9.9712e-89 1.05685e-111 2.59902e-93 9.22104e-71 0.00901484 2.45812e-56 3.58651e-131 3.27361e-99 4.92122e-62 2.08978e-164 1.20359e-22 1.18764e-24 0.0867375 0.150288 3.06183e-27 2.05068e-88 1.13462e-60 0.000645526 8.72841e-52 0.0489022
3.54977e-40 2.27865e-32 3.78365e-130 2.7822e-23 6.87101e-119 1.54262e-71 1.12275e-123 4.85496e-111 1.34865e-56 7.68926e-120 5.99089e-133 8.77734e-81 2.82612e-116 1.87143e-197 5.2796e-68 0.0517265 1.65779e-49 1.97528e-93 1.28425e-58 4.12338e-119 1.40346e-81 2.51765e-42 1.00827e-35 5.89833e-61
1.58746e-52 3.89e-52 6.98229e-160 0.0184785 2.11517e-92 2.61391e-47 5.32803e-102 4.06611e-84 1.70461e-58 7.58599e-60 1.28038e-132 1.11172e-76 2.61867e-86 6.95211e-200 4.31132e-78 4.37375e-29 4.74457e-36 9.72027e-99 0.0288836 1.99392e-108 6.72277e-95 4.42579e-16 8.02867e-48 4.09929e-27
1.32957e-65 0.198911 8.27706e-79 3.05237e-33 7.05558e-104 1.19568e-129 1.91338e-142 2.47529e-91 2.89734e-31 4.43613e-110 3.39709e-114 8.75973e-73 9.82108e-87 2.94713e-119 6.81036e-78 0.0502542 7.42485e-28 3.26345e-86 3.9746e-50 1.64797e-145 7.61229e-114 1.91563e-43 2.59435e-33 2.10011e-13
1.89407e-60 6.00519e-31 3.29794e-149 3.02019e-19 1.15774e-69 1.62765e-70 7.15902e-138 1.77449e-105 7.43122e-08 2.48965e-111 2.0986e-103 9.08811e-85 2.36374e-83 1.86798e-181 1.11461e-56 0.0444925 2.53325e-29 2.026e-99 0.0994577 1.90552e-90 2.38912e-96 2.54409e-43 1.03394e-37 1.72912e-43
6.85122e-05 2.6019e-41 3.8121 0.591533 0.451616 0.101333 0.235422 0.156729 0.264456 0.341626 0.0993551 0.451073 0.517722 0.239133 0.233059 2.50297e-30 1.42704e-68 1.60238e-25 8.51553e-18 0.221035 0.271021 2.98325e-32 0.000207757 4.08776e-54
1.18956e-51 1.38498e-27 2.67176e-106 1.20715e-37 4.94442e-113 9.82689e-117 2.02112e-159 1.15467e-136 2.87509e-55 4.67244e-120 5.54038e-141 2.79763e-103 1.69038e-128 8.95465e-144 3.68123e-42 0.131665 2.12737e-59 1.25403e-67 2.56856e-49 6.45107e-133 9.97872e-101 2.73262e-29 4.13199e-12 7.32572e-36
4.45778e-59 3.08704e-17 1.38729e-110 7.02729e-46 1.252e-97 1.40057e-135 2.68315e-111 1.26337e-107 1.67546e-27 9.42217e-71 1.59989e-119 1.70198e-101 4.60241e-105 2.22593e-165 5.52733e-33 1.10862 2.49818e-91 1.00544e-53 4.93192e-52 1.401e-92 4.63187e-78 7.41869e-25 1.46835e-49 1.04134e-44
