7.40632e-47 1.27195e-33 2.20368e-16 3.85778e-68 0.229284 0.0300409 1.03696e-54 0.0230308 3.72494e-50 2.85804e-52 3.48432e-71 6.75143e-86 3.85085e-48 6.69433e-101 0.0429565 8.14105e-24 1.00711e-24 6.06783e-66 2.16862e-14 3.10384e-30 2.43454e-49 6.49329e-34 1.84728e-13 7.15888e-73
1.27461e-45 0.0918806 3.04056e-17 0.108754 3.66871e-65 8.44803e-33 2.16785e-102 1.62976e-48 6.34583e-53 1.23901e-41 2.04967e-34 3.78751e-29 1.06094e-67 3.17061e-48 8.94293e-90 0.048685 3.76563e-63 6.60526e-47 2.46476e-36 3.98376e-56 6.52173e-34 1.44071e-57 2.25889e-08 3.05754e-05
6.61717e-09 2.30329e-76 1.63387e-28 1.52735e-86 2.08143e-84 0.00074683 1.40905e-109 7.67525e-11 7.11115e-70 1.37102e-15 2.49568e-19 3.54051e-08 0.00301042 4.287e-46 1.12887e-55 2.05789e-34 5.66078e-117 2.43721e-42 3.685e-09 2.69579e-56 0.10568 7.06559e-28 9.56833e-09 6.79359e-13
1.70911e-54 2.62574e-20 0.120901 2.41155e-33 0.000337337 0.00683089 1.23941e-39 4.43688e-50 2.22369e-45 6.50651e-52 1.00089e-48 6.97834e-58 1.33403e-57 0.122103 3.59532e-100 2.34447e-54 6.99913e-111 6.89589e-95 4.92188e-57 7.85757e-83 4.13963e-65 0.0461308 1.19396e-33 8.24731e-15
1.26491 6.06562e-65 9.10949e-17 8.50014e-64 0.183179 1.11971e-18 1.25114e-66 2.86152e-80 8.2133e-23 1.84449e-09 4.93919e-45 0.0593455 0.196501 1.65137e-65 1.09021e-68 7.99028e-32 0.184989 0.132341 0.0530007 9.16807e-32 0.00495118 0.0154802 8.65679e-30 0.0124596
1.35289e-43 5.05727e-54 6.92289e-49 3.25797e-46 0.121883 1.54077e-23 1.23543e-72 2.86874e-46 2.06631e-57 1.41084e-29 2.29107e-62 6.88918e-46 8.29811e-112 3.87983e-50 6.74735e-77 1.04087e-64 5.34158e-61 2.55667e-50 1.72246e-30 1.90549e-69 1.95299e-21 1.20059e-32 7.04875e-23 1.48487e-13
1.43167e-58 8.77209e-58 1.89726e-11 5.31971e-29 0.602691 4.97073e-35 2.81669e-96 2.20335e-38 5.32346e-34 7.84266e-43 1.17448e-69 3.9555e-89 4.34749e-87 4.3599e-29 1.64965e-71 1.49537e-55 2.25619e-109 1.70181e-45 1.63915e-56 1.72242e-65 1.00171e-59 3.67293e-43 7.2973e-06 7.48e-32
2.82779e-41 2.73004e-60 2.32969e-35 2.88627e-96 0.285296 1.02842e-20 1.12883e-94 1.50956e-79 6.34108e-66 0.0329301 4.31784e-68 2.25581e-51 5.72071e-123 6.56074e-98 5.27175e-35 2.60824e-79 1.80918e-59 8.09378e-44 1.22561e-37 5.43904e-68 5.94216e-29 1.8065e-72 1.5855e-31 2.72017e-22
1.10628e-33 1.384e-33 3.14892e-34 3.5855e-57 0.134116 1.88456e-06 0.175589 0.000268879 3.21332e-85 1.44123e-52 0.0582936 4.09361e-68 0.00967298 1.59391e-72 0.00584661 9.07394e-53 6.09689e-39 4.46607e-23 8.34308e-35 0.0716491 2.93247e-32 5.05851e-42 0.052713 1.10337e-50
6.18702e-62 7.1731e-65 2.10014e-48 6.06397e-92 6.359e-68 2.54075e-30 2.16864e-106 3.58742e-59 0.73726 2.91801e-25 5.28005e-76 1.89562e-25 1.15173e-81 6.05296e-15 4.85149e-33 1.60682e-49 3.52413e-40 2.11181e-21 6.27813e-52 1.20175e-40 0.208683 2.12287e-27 3.22968e-19 0.154789
