6.58237e-97 2.56061e-77 8.87516e-102 9.93968e-112 1.68822e-102 6.83103e-123 3.18786e-67 5.85642e-116 4.59511e-61 0.179849 4.39724e-30 3.02816e-40 5.99701e-76 8.54151e-96 4.49823e-175 3.79888e-62 1.50862e-153
3.63145e-76 2.03595e-16 9.40565e-21 4.56604e-09 2.98032e-56 0.18412 9.6755e-122 1.49103e-202 1.39299e-50 2.82993e-97 1.04926e-52 9.77638e-83 7.12908e-40 2.22677e-94 5.71975e-99 1.74899e-99 3.89103e-209
1.22154e-101 1.08997e-23 1.21313e-11 2.74971e-109 4.5922e-65 1.49117e-93 5.99956e-132 3.29184e-173 1.38916e-48 3.48547e-42 0.109355 3.59802e-151 1.43804e-17 7.79285e-174 1.06401e-207 8.05469e-91 1.43701e-196
1.22493e-63 4.77169e-34 1.44638e-33 3.71084e-26 2.6551e-38 1.15562e-128 1.18864e-139 1.44594e-160 1.19872e-53 2.35662e-68 0.393139 1.33788e-175 1.32048e-10 1.82038e-156 8.68995e-113 2.18869e-89 1.19417e-115
0.0502274 2.27351e-25 1.78995e-115 1.09244e-87 5.85166e-125 5.35162e-58 1.81959e-126 1.83788e-75 5.02155e-93 6.86097e-57 1.13307e-69 3.17962e-31 0.102667 1.06643e-87 3.68045e-71 1.27101e-97 6.29618e-87
2.79447e-13 0.00991086 0.0075264 2.12957e-10 5.08568e-08 3.74675e-148 6.42228e-161 5.42051e-215 4.74012e-140 2.14406e-103 2.27853e-67 1.12836e-183 1.21827e-92 7.41286e-172 6.56684e-217 3.44613e-132 2.42787e-250
1.00555e-116 4.0552e-60 2.48463e-224 3.61064e-228 1.43176e-193 6.06754e-97 0.0424851 2.52655e-14 2.37669e-88 2.94764e-25 0.0808652 0.175136 6.59412e-39 1.57668e-49 1.70442e-175 0.0205828 6.38041e-22
1.55556e-96 1.46083e-65 3.85092e-208 7.49001e-159 1.33387e-27 2.79493e-44 6.88052e-61 5.10951e-172 0.839169 2.09526e-66 1.10238e-66 2.98985e-133 1.41737e-95 7.49793e-132 2.05713e-27 6.99007e-135 1.37272e-117
4.06158e-113 7.9593e-60 3.9171e-19 0.000330909 8.91111e-118 2.91547e-133 6.11094e-84 2.1225e-99 6.33637e-59 1.3398e-43 0.63315 2.95985e-181 2.30517e-76 8.60904e-158 2.378e-94 1.94451e-40 2.60139e-252
2.0581e-12 8.36169e-13 1.01935e-55 7.06778e-60 1.14235e-61 4.17684e-96 3.50978e-136 7.63432e-188 3.08113e-73 1.093e-101 0.18663 8.80031e-184 1.74066e-39 3.20196e-92 6.93768e-180 1.95597e-88 1.1459e-147
2.31847e-15 7.07482e-120 1.67444e-79 5.13137e-126 1.11103e-16 1.35661e-77 1.91302e-66 0.0840426 9.87428e-26 1.12463e-36 0.000429327 3.15537e-111 8.89196e-13 0.109306 4.98647e-178 2.77494e-06 0.135578
1.63459e-32 5.13237e-35 7.44639e-31 2.20765e-115 2.50088e-100 0.000350305 0.399824 1.08408e-221 0.95292 1.41381e-12 5.43113e-20 6.4182e-45 7.88001e-47 7.03032e-14 0.342102 0.0958495 3.57718e-199
1.40934e-109 1.04413e-22 6.72567e-73 0.0719779 8.66749e-162 3.59912e-53 1.52531e-142 2.7146e-191 3.90489e-12 4.98214e-63 1.30857 8.67435e-49 2.41885e-18 2.48142e-108 4.88027e-155 2.78007e-27 1.46357e-249
7.19658e-100 1.57466e-93 1.13159e-55 1.23058e-92 6.68331e-118 1.16744e-117 6.67785e-126 1.5727e-96 3.015e-39 0.0723965 0.173342 1.09462e-172 2.98722e-57 4.21884e-173 3.16268e-102 3.39066e-67 3.55489e-234
8.72172e-57 1.16073e-10 3.86497e-23 3.73317e-98 0.0390503 3.55775e-59 3.60727e-114 8.02458e-70 6.991e-22 0.130269 6.39038e-27 1.45052e-185 0.0826546 6.26515e-147 1.14676e-163 6.52984e-115 2.56472e-84
2.70476e-50 3.18194e-28 2.15194e-139 5.59221e-112 1.89238e-82 0.262999 4.05374e-72 3.67272e-157 6.26867e-35 4.96737e-62 5.83058e-56 2.04095e-152 1.08931e-44 4.27918e-150 5.26288e-187 2.64529e-57 6.33985e-210
3.55397e-129 1.65669e-76 6.60557e-75 5.86914e-94 3.11662e-190 0.00126015 3.07512e-53 1.09688e-28 3.40565e-135 2.09769e-47 0.135978 8.13509e-115 1.19074e-40 0.166103 4.09492e-135 2.12082e-43 2.39424e-181
1.84164e-55 7.8094e-32 1.50568e-125 2.93745e-50 1.70464e-39 0.0892321 4.47456e-100 4.07879e-219 2.27311e-55 2.90882e-47 0.0894673 3.39676e-92 3.55159e-73 1.71346e-55 5.14078e-210 4.13588e-105 3.26255e-222
