2.641e-98 1.07282e-116 1.35447e-128 1.95246e-136 7.53778e-153 4.56953e-158 1.8662e-106 1.31953e-133 3.61594e-149 9.35028e-74 1.14792e-92 1.86322e-128 2.11022e-101 7.18641e-96 4.1325e-116 5.36743e-95 9.61011e-39 8.00516e-126
5.58076e-139 3.03484e-36 1.51166e-117 8.23966e-127 2.34411e-23 5.50469e-91 1.60404e-140 1.32791e-138 5.41445e-154 2.80468e-97 3.81996e-94 2.66906e-74 1.12531e-15 0.214708 1.19035e-144 0.215572 8.80953e-39 2.40119e-94
3.61426e-51 5.60468e-193 1.5175e-36 5.03201e-143 5.86108e-32 1.07961e-160 8.25713e-84 2.39778e-133 2.61805e-80 3.95638e-15 5.5408e-45 2.22675e-95 2.54016e-107 3.34315e-22 1.41077e-48 0.153586 2.10234e-74 2.48063e-163
1.76356e-132 8.20288e-100 2.82511e-109 4.80566e-164 8.24006e-93 9.29836e-188 1.20047e-116 2.79516e-148 4.39236e-35 1.45319e-13 2.65224e-09 1.40021e-57 5.40184e-68 0.118618 3.28446e-141 1.32866e-96 0.00198072 8.51775e-96
8.42674e-95 6.79e-71 0.224734 2.83141e-139 4.75261e-28 5.62075e-30 1.44038e-149 1.00413e-109 6.73971e-50 0.0865845 0.0591094 5.06679e-82 8.53335e-100 5.63479e-124 3.5262e-98 1.59769e-87 8.69669e-19 3.34106e-12
5.27726e-125 3.34694e-182 2.03206e-67 1.60517e-158 2.24788e-150 1.04569e-186 1.0446e-148 6.23166e-100 1.88257e-48 1.07856e-75 5.50513e-84 1.31841e-81 1.23497e-43 0.0768081 2.01568e-69 2.33794e-24 2.43844e-06 2.15631e-96
9.50292e-136 2.95376e-131 7.60568e-69 8.04002e-99 1.83439e-44 7.64889e-197 8.55731e-15 1.07204e-105 8.40197e-156 1.32465e-94 5.3239e-59 5.44442e-48 5.89945e-05 6.02527e-55 3.88858e-27 4.18369e-89 0.181432 3.93584e-110
1.40943e-105 8.50408e-195 5.46876e-129 1.6917e-190 2.1739e-78 1.3153e-115 2.48371e-48 1.17892e-126 2.26099e-76 2.75923e-33 1.45792e-81 3.76064e-86 1.52498e-107 2.57439e-55 1.80768e-117 0.00544752 1.02165e-21 2.95187e-171
6.13113e-116 1.39228e-37 4.3557e-88 3.21096e-173 1.61882e-117 1.1339e-70 1.22436e-145 3.48309e-144 1.09376e-89 4.74295e-79 2.25557e-85 8.72324e-117 3.21234e-23 3.16986e-85 3.92738e-63 0.37652 1.39733e-46 0.0887529
2.15443e-98 5.91791e-163 2.44356e-74 3.27467e-43 5.3643e-147 2.16237e-115 9.75587e-111 1.95888e-42 9.56639e-87 9.56e-34 4.13828e-49 4.00997e-92 2.64503e-25 0.146082 1.61226e-163 2.47571e-39 1.03023e-11 1.60697e-68
1.24905e-39 0.0723146 1.33503e-119 1.02382e-147 0.16366 8.26266e-113 2.11307e-65 5.85698e-15 2.97415e-134 5.60644e-13 8.22588e-31 6.50025e-19 4.36467e-64 2.59516e-08 7.19499e-78 5.11433e-33 0.162237 1.52671e-62
1.29024e-93 8.3112e-35 2.37366e-56 3.77684e-86 2.2393e-07 3.61979e-105 3.88792e-18 6.51251e-49 2.08353e-16 0.00409979 1.79508e-12 3.39867e-94 2.3265e-57 1.7777e-141 3.53303e-121 3.13101e-58 1.66459e-75 2.18972e-89
0.215189 4.16198e-130 0.0457041 7.25836e-107 1.24866e-52 0.29232 1.16018e-138 1.11398e-74 2.90207e-79 1.88699e-08 1.33038e-97 2.00896e-113 1.47008e-64 2.45469e-85 7.80319e-98 6.69227e-75 4.43989e-30 1.59437e-107
8.7938e-33 4.4348e-37 4.01772e-70 6.40532e-119 1.24262e-94 2.1084e-195 3.56253e-137 7.55691e-86 0.0566648 5.52274e-95 4.77864e-40 1.81e-59 1.74959e-107 3.08353e-40 1.46566e-134 6.57326e-35 8.84603e-71 9.22876e-67
1.41962e-134 1.95951e-134 5.78042e-95 0.254192 1.68478e-121 1.75229 2.94954e-27 5.37396e-68 7.92904e-74 9.5959e-27 1.25746e-60 0.652341 1.22832e-89 5.23311e-73 0.257549 2.1742e-61 7.17729e-26 1.13063e-50
7.14114e-44 1.03863e-57 0.128116 1.11436e-35 3.17918e-134 4.22454e-171 0.68437 0.597168 1.33841e-153 1.14556e-65 1.27373e-61 3.86383e-07 0.0905236 6.80306e-38 1.86466e-54 2.09281e-33 1.66803e-24 8.28655e-196
