3.84212 0.0898444
4.11245e-76 1.07309e-63 1.46558e-55 3.3891e-110 3.28979e-26 7.90926e-138 0.154598 1.95781e-91 7.50203e-50 5.62078e-109 4.03935e-92 9.96165e-123 9.40225e-117 1.27454e-105 3.12814e-88 8.72987e-52 3.4929e-111 1.52116e-46 2.06299e-65 2.68625e-92 3.07152e-123 1.84076e-48 6.16303e-102 2.44113e-59
3.37059e-90 1.77185e-63 4.20262e-63 2.3017e-78 8.18354e-56 5.44959e-127 0.0529552 7.9377e-140 2.58912e-82 7.93784e-125 1.43581e-80 5.26005e-134 8.74605e-101 1.02381e-104 3.62836e-117 7.49291e-81 1.7791e-116 9.58427e-66 6.53694e-58 4.01382e-74 5.19028e-103 7.93477e-60 2.44876e-112 1.42979e-60
3.20721e-94 6.30881e-75 2.0208e-77 3.21199e-84 1.70129e-30 1.02628e-135 0.0982925 2.86957e-114 8.50902e-57 4.13226e-111 4.67576e-100 2.7277e-135 2.98586e-82 1.34364e-104 3.11718e-106 8.23041e-71 5.45463e-119 1.82131e-70 5.56202e-42 4.08255e-92 3.86288e-102 2.14169e-68 8.62466e-76 1.6481e-63
9.04419e-90 3.26663e-28 0.021319 0.331556 7.64695e-08 2.47858e-135 0.175621 1.11527e-89 1.01376e-42 1.02989e-54 5.87829e-24 1.97567e-75 1.69761e-66 4.18246e-77 1.97482e-29 3.78398e-06 0.180195 1.0164e-60 3.48633e-09 2.30052e-13 9.32112e-56 1.98274e-18 2.25571e-58 4.206e-25
3.63554e-77 1.43097e-58 3.09092e-79 7.85561e-47 5.26214e-46 1.92859e-120 0.370186 3.09664e-104 1.03603e-31 6.55943e-73 1.23356e-39 1.08641e-72 3.58763e-103 1.08274e-54 9.30834e-74 3.69484e-81 3.55452e-34 1.19975e-42 3.17655e-33 1.98813e-44 2.3241e-35 1.32166e-85 6.65997e-52 2.03656e-32
2.42489e-54 2.16428e-36 1.63059e-43 6.58366e-101 0.0479318 4.86714e-87 0.34921 1.04394e-93 2.30745e-28 2.20868e-48 1.17334e-48 5.89569e-123 2.25992e-100 9.54357e-53 2.16313e-78 3.22012e-73 5.66933e-57 2.4309e-46 7.94183e-28 3.53771e-74 4.15239e-49 1.55055e-44 1.87526e-62 1.04844e-57
1.46882e-67 2.0083e-53 5.5398e-58 9.14441e-45 3.94e-25 3.59572e-111 0.694817 5.49046e-82 6.78171e-83 1.78281e-54 5.95984e-59 2.29717e-135 8.42857e-35 4.15774e-55 7.01242e-101 1.20569e-43 5.69666e-63 2.54026e-55 9.14705e-32 7.97168e-64 1.50718e-120 1.08378e-27 1.64263e-103 1.12048e-58
2.43751e-76 1.26757e-65 6.94626e-82 3.82908e-83 1.19861e-47 4.3553e-125 0.12075 6.9223e-119 2.39993e-80 1.2126e-115 3.98083e-75 5.38197e-148 5.15104e-99 4.36554e-108 1.18296e-91 9.67359e-57 9.34171e-86 2.8853e-79 6.88148e-48 1.13733e-96 7.76943e-93 1.10471e-69 8.87163e-74 2.4408e-65
1.30036e-54 0.0650435 2.76121e-05 1.95807e-60 7.59135e-55 4.92844e-106 0.0504748 1.04839e-15 3.09568e-62 2.35435e-10 7.77096e-16 1.14148e-92 2.61349e-114 1.53209e-08 2.24003e-25 0.0875896 1.23383e-28 2.58386e-62 4.49465e-30 1.06595e-87 4.93489e-96 1.89294e-70 2.82485e-56 6.32248e-26
2.31248e-60 3.00211e-78 8.96202e-40 4.19879e-66 7.23297e-27 4.42572e-109 0.0339506 2.23143e-109 1.62377e-39 2.72901e-129 9.34981e-67 1.53597e-115 1.33009e-83 7.20663e-47 4.84375e-124 4.70958e-50 1.37697e-66 2.65708e-66 3.45619e-61 3.37553e-75 2.83424e-52 6.6963e-77 1.52629e-112 3.44911e-82
0.205616 4.3495e-40 1.91803e-52 5.0264e-120 0.00723565 0.14132 0.927268 0.0732202 0.0647664 0.0422698 2.47465e-26 0.321349 1.50556e-109 0.12502 5.04495e-93 2.73695e-25 2.49421e-104 1.52357e-29 5.24235e-45 1.38755e-53 2.56781e-12 1.13274e-10 5.72609e-103 2.23547e-06
5.27729e-94 4.73278e-86 7.41154e-79 6.06956e-06 0.24137 1.45829e-141 1.04144e-53 4.8718e-38 5.23052e-68 2.6197e-97 9.71065e-113 4.90295e-24 7.24024e-68 2.30297e-26 1.70376e-116 7.91645e-24 2.42877e-111 0.714642 9.86994e-15 2.14859e-33 0.199704 2.0327e-74 2.91845e-101 1.33521e-06
2.00423e-87 5.41976e-62 1.39544e-68 6.33504e-50 9.87733e-34 3.09271e-118 2.93563e-06 2.59358e-55 9.2433e-80 1.22779e-37 0.120619 2.08376e-128 4.30473e-110 6.68191e-43 0.000130832 5.42267e-72 1.92969e-59 4.72571e-72 0.0464081 0.0103726 2.8014e-65 3.85465e-82 1.09476e-37 7.63904e-13
5.63311e-97 1.00236e-49 6.38314e-36 1.29683e-115 1.32071e-45 3.76995e-125 0.454425 3.96473e-83 3.69554e-87 5.18899e-88 2.48659e-26 1.05768e-145 2.22612e-78 2.60066e-23 3.35873e-89 4.09647e-52 2.97105e-82 3.50523e-32 1.56788e-32 2.02266e-25 6.83649e-56 8.32798e-22 1.28774e-103 1.427e-66
1.54897e-54 2.08712e-34 4.23936e-11 9.07198e-22 6.86364e-50 1.39752e-49 6.79276e-21 4.09789e-39 8.26518e-10 1.9197e-100 1.08805e-64 1.17603e-140 0.132241 5.36715e-11 6.07466e-31 7.06438e-34 6.80693e-27 8.41256e-25 1.97706e-11 0.17516 3.17141e-25 0.0924113 1.49944 0.0357518
4.31629e-92 2.36799e-68 8.25544e-45 2.11718e-86 2.09166e-05 2.36963e-73 0.277574 9.74092e-117 2.93455e-74 1.73921e-53 1.60333e-74 5.00231e-142 2.32624e-88 1.01515e-35 1.13423e-25 4.19827e-70 1.72455e-92 3.75361e-43 7.03444e-12 7.22904e-53 6.88562e-63 1.0338e-75 8.34673e-75 1.50522e-14
2.90039e-54 1.98779e-75 4.89559e-67 9.87841e-86 1.5927e-50 4.18579e-87 0.381137 6.41866e-132 3.9034e-21 3.00424e-99 4.67745e-52 4.45848e-106 1.00364e-108 1.23914e-31 2.14675e-103 1.60079e-39 2.3116e-77 4.15388e-55 2.88562e-50 6.99633e-76 3.22346e-72 9.1184e-58 2.80795e-44 1.57189e-86
2.03436e-76 1.5616e-09 4.57963e-86 5.29513e-57 1.38149e-43 5.40285e-66 0.245006 1.91844e-127 3.6589e-27 1.64559e-60 6.25396e-23 7.71949e-81 2.0762e-121 2.61802e-75 0.210228 9.46002e-48 1.36033e-106 1.98327e-34 6.09073e-17 1.15734e-33 4.73627e-99 1.70439e-56 2.06546e-31 2.60481e-47
