1.95705e-27 2.94757e-211 1.51026e-43 5.609e-120 2.42092e-321 6.86573e-238 1.43899e-225 0.538172 6.17195e-104 6.52453e-107 1.22319e-65 2.14784e-262 1.34306e-193 2.63586e-177 2.46446e-233 2.60354e-254 5.89792e-68 6.262e-89 2.47085e-283 2.06777e-152 0.370155 0.269947 1.66006e-321 4.02769e-263
4.1991e-73 4.26873e-321 2.93128e-84 2.97984e-309 1.84286e-321 3.3417e-56 4.90113e-246 2.5203e-165 6.42654e-288 2.84956e-10 4.21995e-62 2.76207e-263 0.172682 2.42388e-58 1.63207e-59 0.136617 1.24266e-100 2.56083e-265 4.20557e-292 2.28076e-194 1.40585e-268 0.304535 6.43209e-289 2.45551e-321
5.16726e-60 4.8548e-260 1.02696e-214 7.98888e-141 2.16895e-321 8.31975e-176 2.02647e-05 4.08226e-153 8.91433e-299 1.07341e-127 2.4953e-54 2.99084e-137 7.5592e-322 9.74259e-110 0.00555552 5.82992e-194 8.0438e-149 3.15388e-121 2.24094e-55 2.46209e-118 8.71559e-62 1.00184e-53 1.04248e-321 2.06025e-321
5.48145e-83 4.63725e-180 7.61216e-81 1.1359e-39 2.75689e-321 0.470327 0.39328 1.39035e-165 1.51356e-318 1.81089e-125 5.61903e-121 5.05423e-236 1.1867e-136 0.618826 3.61817e-34 0.220043 6.30942e-110 3.48563e-274 8.27432e-120 1.16967e-131 1.41227e-08 2.17174e-90 1.45255e-321 5.17766e-182
5.51766e-177 3.84877e-321 9.85412e-221 4.05898e-233 1.78852e-321 6.5661e-78 3.22509e-141 4.92919e-82 3.37181e-316 0.0679807 1.00575e-239 1.69635e-77 4.21873e-34 1.15239e-229 2.65659e-38 2.91592e-104 2.12704e-251 7.76062e-247 1.3639e-123 1.04271e-135 6.27827e-246 3.03527e-182 1.01778e-321 2.32705e-321
0.236563 3.81419e-321 8.14442e-175 8.12178e-291 2.27764e-321 1.21972e-189 1.30556e-173 2.04701e-209 8.43163e-303 2.71566e-12 0.1763 1.08821e-222 4.60255e-305 1.8858e-182 1.3035e-215 1.13607e-68 1.63927e-83 2.35589e-83 1.46278e-207 7.37536e-39 6.8241e-261 1.19494e-44 1.14129e-321 2.1393e-321
3.22681e-168 3.6462e-321 1.14334e-184 2.1051e-164 1.89721e-321 0.00141578 5.02224e-209 2.82933e-159 2.98864e-145 1.66643e-168 8.24868e-170 2.77075e-136 1.13389e-308 4.65556e-151 1.06867e-194 1.44837e-199 3.51324e-137 3.19356e-108 1.22141e-205 1.33119e-202 3.80778e-84 1.08243e-46 9.23903e-322 2.49009e-321
7.5806e-26 4.45647e-321 6.88582e-303 1.10193e-118 2.55926e-321 3.20456e-104 1.52395e-198 1.64586e-126 1.75785e-236 0.167764 5.09979e-213 1.58718e-87 1.28663e-238 1.51523e-66 1.2686e-240 2.02814e-94 1.30984e-181 9.47382e-184 1.59503e-66 2.57945e-66 5.17629e-69 1.92006e-117 1.54148e-321 1.52195e-205
1.10417e-38 2.2603 0.714785 0.774276 1.45346 1.38046e-41 1.22921e-239 4.48023e-46 1.15003 0.412076 5.32492e-202 4.51838e-271 4.99998e-12 8.38496e-168 3.9541e-113 7.40913e-17 5.75299e-42 0.457605 0.592662 2.01049e-135 0.668025 7.4242e-122 0.66751 1.19435
3.47456e-35 1.99992e-281 8.84824e-113 1.5611e-109 2.07014e-321 7.66272e-139 3.07215e-27 4.10517e-222 1.04519e-163 4.54354e-172 3.01018e-238 5.41399e-186 4.15004e-313 6.39977e-212 5.50196e-203 4.96297e-173 5.39641e-20 3.76762e-110 1.18311e-65 3.66099e-89 2.97922e-321 0.0965502 1.0573e-321 2.2727e-321
6.93829e-121 3.7796e-321 1.61833e-139 5.44004e-233 1.61065e-321 8.12056e-134 1.93074e-207 3.7524e-216 2.52539e-188 3.9637e-118 7.0531e-178 1.06379e-262 4.23115e-63 6.07317e-109 1.99921e-195 2.27455e-214 9.1361e-103 2.11399e-180 1.74523e-175 7.86943e-154 7.77366e-297 0.0903973 1.41797e-321 1.99603e-321
3.11997e-113 1.19087e-249 7.87118e-205 4.65334e-238 2.71242e-321 4.29197e-31 1.8926e-128 5.02266e-113 5.09277e-281 1.70027e-12 5.48159e-159 0.549526 5.3011e-82 3.7831e-76 2.03861e-227 0.131597 1.1276e-29 6.13575e-255 3.15682e-84 2.88008e-203 3.1966e-321 7.7291e-183 1.45255e-321 2.63895e-297
2.89812e-66 5.20251e-321 6.14576e-101 2.83897e-234 3.13732e-321 3.78612e-74 6.03399e-141 0.126045 2.66142e-280 6.79359e-183 1.15244e-293 3.57808e-194 7.38782e-221 3.38714e-143 1.14562e-136 1.82375e-116 0.544502 6.04248e-169 1.93623e-225 1.43906 1.14193e-35 6.24865e-96 1.39821e-321 8.30869e-288
1.33352e-135 3.47328e-321 8.45974e-170 1.46829e-217 1.43773e-321 5.11675e-126 5.5175e-104 4.85985e-31 1.9789e-230 2.55977e-152 3.40333e-123 3.59846e-274 3.47288e-76 1.68847e-146 0.0624585 7.58018e-169 7.51169e-110 8.57041e-215 2.52328e-304 2.30574e-141 2.18871e-321 2.41053e-120 1.16105e-321 2.7464e-304
0.0591779 4.4494e-230 4.1752e-259 1.75465e-199 1.70947e-321 7.65626e-77 1.38681e-188 5.06971e-217 9.23733e-197 1.73187e-98 4.87079e-26 1.44506e-197 5.63349e-232 5.60642e-185 0.12118 5.58794e-252 5.26047e-258 1.2765e-42 3.34482e-320 1.50268e-85 1.06133e-99 1.72576e-119 1.37844e-321 1.19619e-248
1.95815e-189 3.83586e-244 3.55999e-296 1.9799e-292 2.10472e-321 4.09093e-52 1.61536e-130 0.047505 3.1204e-246 3.95081e-50 1.0944e-248 7.38469e-240 1.79019e-74 8.97512e-177 6.04422 9.58734e-246 9.10127e-142 1.9574e-244 5.7928e-250 7.59123e-86 2.42312e-229 4.02677e-123 8.84378e-322 1.90709e-321
1.63043e-41 1.08086e-257 1.74315e-176 3.36151e-314 2.46539e-321 5.04598e-186 2.28569e-24 2.13165e-168 4.46775e-294 7.96896e-110 7.29607e-21 8.55129e-201 7.5592e-322 7.84942e-78 5.09041 5.27782e-228 8.9946e-153 2.65751e-128 2.69664e-149 5.04315e-104 2.59381e-216 8.7538e-148 8.79437e-322 1.75393e-307
2.54145e-59 3.74502e-321 5.9964e-156 1.09898e-161 1.99603e-321 7.71534e-211 2.16455e-132 8.15158e-128 1.13783e-274 4.75784e-196 0.328935 2.49128e-248 4.30183e-279 5.02919e-121 4.87817e-242 3.35093e-265 2.67744e-97 3.37476e-77 1.11659e-321 2.96685e-167 2.48771e-184 5.07008e-193 1.09189e-321 1.37858e-272
