1.97475e-22 5.48048e-20 9.2201e-17 3.10352e-51 0.174451 2.1734e-09 6.5947e-30 5.24563e-44 2.77023e-19 2.68864e-28 1.12114e-35 1.38192e-10 1.75872e-24 3.49138e-27 9.64806e-25 2.70782e-32 6.29483e-27 5.68905e-40 2.19683e-33 1.1124e-22 4.94522e-16 1.88728e-16 0.210502 2.95076e-45
2.57946e-33 3.1232e-34 3.31454e-18 2.4129e-53 0.147745 1.72224e-10 1.43184e-39 1.06255e-35 2.11422e-33 6.42653e-25 5.18347e-47 2.16748e-11 1.14298e-10 3.88439e-53 4.47031e-27 1.87319e-25 3.28966e-21 1.28807e-21 4.4985e-46 3.55813e-18 4.66001e-20 8.82074e-19 5.35534e-14 9.35273e-25
5.99738e-31 1.36934e-27 3.66157e-18 2.04393e-33 7.98531e-11 7.99806e-07 1.68937e-25 2.29528e-45 8.05913e-25 2.56924e-31 3.9914e-39 6.01485e-12 7.29215e-07 7.78899e-35 8.17279e-27 7.46098e-32 1.44782e-33 2.55104e-27 2.81484e-27 4.59844e-24 4.13521e-16 0.00359074 0.0894448 4.70072e-43
1.69731e-34 4.24304e-21 2.66683e-12 2.28774e-51 0.0682043 5.16795e-11 4.14895e-33 9.96501e-45 7.01797e-28 8.38814e-31 4.11789e-49 4.1676e-19 1.12245e-10 2.01659e-50 2.49584e-42 1.63185e-29 2.7792e-35 1.10942e-25 4.41052e-36 1.50734e-20 5.31408e-24 1.33092e-21 5.24955e-14 4.53237e-27
6.46359e-21 4.60548e-26 1.76127e-10 2.62289e-39 8.11481e-08 7.78584e-08 2.81467e-20 5.54348e-36 7.58313e-21 5.02722e-31 2.15865e-50 2.35918e-14 2.94339e-05 3.07285e-32 2.44195e-22 3.51535e-27 7.38205e-12 1.74989e-10 7.87942e-36 2.69874e-19 2.7163e-23 4.19234e-08 0.291262 2.32897e-33
3.59723e-34 9.61272e-30 6.28229e-21 2.3276e-49 0.177601 9.82717e-17 2.77762e-28 3.2979e-44 3.5569e-28 3.23213e-39 1.91965e-37 7.05996e-15 1.77064e-18 3.34275e-32 2.78641e-36 6.43545e-35 3.80476e-16 2.20298e-36 1.11863e-28 6.76655e-12 2.14942e-18 2.59835e-12 5.69736e-13 4.76665e-31
1.76959e-38 0.131314 2.23373e-20 1.21762e-36 1.52544e-12 3.67016e-12 2.55713e-17 8.94505e-31 9.16655e-05 9.6337e-37 0.0569466 4.84517e-08 0.00182931 2.73357e-05 0.00965981 0.0279025 7.07586e-20 5.7625e-24 0.0636516 2.73421e-15 1.00353e-18 7.94376e-10 1.65226e-11 1.81609e-36
0.0557034 0.000111781 0.00136763 7.14687e-55 2.52053e-12 1.03856e-21 1.53101e-24 6.20508e-35 0.0278954 0.128418 3.36634e-43 0.102942 5.076e-10 1.94778e-18 1.24089e-36 9.61482e-13 6.63391e-05 7.00126e-26 5.53915e-25 3.75807e-17 0.0420043 0.000722777 5.94345e-06 0.116269
9.75179e-40 5.05143e-28 0.0499888 0.00861746 0.0488949 3.55747e-14 0.0049168 0.224143 3.0253e-33 1.83083e-37 5.21779e-52 8.34561e-08 2.2203e-08 0.113836 1.66661e-33 1.56276e-36 1.38079e-26 5.03422e-06 2.21777e-34 0.0202023 3.67347e-28 3.20308e-12 6.32243e-10 4.43081e-32
7.03639e-39 2.67076e-26 1.36617e-11 2.09827e-44 0.000100993 1.10254e-15 7.18033e-36 1.35422e-34 1.21014e-23 8.03743e-24 1.47866e-40 6.5422e-16 1.01372e-09 1.84627e-53 4.051e-26 6.93459e-26 5.19743e-33 1.52408e-22 7.30202e-31 9.00057e-14 2.22439e-25 5.81623e-27 0.0283104 3.45109e-27
9.36177e-26 1.59495e-18 9.1336e-19 1.42048e-54 5.29147e-08 6.23763e-12 1.0941e-34 2.79926e-45 1.43975e-28 2.93871e-30 1.80919e-45 1.10877e-14 8.16242e-07 4.98113e-37 3.67239e-34 1.31096e-38 5.36029e-36 4.20072e-39 1.06015e-42 3.31773e-27 1.37416e-24 2.14407e-20 0.194534 8.54879e-36
4.08325e-32 7.06962e-32 1.58293e-21 3.51336e-34 0.186267 1.9717e-14 1.00354e-30 9.11552e-48 3.45336e-25 4.35409e-28 2.34708e-34 8.91835e-18 6.25445e-20 3.70954e-28 1.67747e-29 2.36655e-23 1.08654e-21 4.517e-07 2.266e-21 0.000877508 2.70296e-12 0.0134445 1.18142e-10 5.36908e-29
8.97115e-34 1.75764e-17 6.447e-09 9.32602e-41 2.32591e-09 0.0192461 5.14786e-30 6.95216e-42 1.55544e-17 2.72541e-26 2.10772e-29 0.0148341 0.0343181 1.21772e-35 5.30192e-35 1.47628e-38 0.00799765 0.0116001 1.25042e-21 1.14848e-30 1.99298e-26 2.5037e-24 1.3586e-11 1.11688e-30
2.35196e-21 1.01774e-13 0.0103525 3.45497e-26 5.49722e-18 0.0141768 1.16011e-30 5.19049e-47 7.79428e-34 4.07518e-21 5.90414e-29 0.00224462 9.91812e-14 9.10666e-41 1.30689e-21 1.11469e-19 5.58204e-19 5.21296e-20 2.7936e-33 0.000422673 1.39075e-07 0.00229465 5.77717e-06 1.03128e-10
1.82041e-23 8.46592e-20 9.11355e-05 2.19438e-37 3.72888e-05 1.03659e-07 1.67534e-27 2.08188e-20 2.10104e-33 7.79738e-19 3.45013e-31 3.26641e-10 5.84645e-06 2.55754e-20 3.07089e-27 2.32399e-28 4.75772e-11 5.56128e-07 5.01696e-21 8.56571e-05 3.56956e-07 0.00613717 0.000519867 2.56915e-18
1.52139e-29 2.59067e-17 1.4741e-08 6.75514e-39 1.75474e-17 7.27308e-15 8.30699e-39 7.78066e-51 7.15392e-33 6.33047e-36 6.8363e-35 1.04389e-08 9.94015e-20 6.39789e-39 2.63536e-26 4.22048e-27 1.87607e-13 3.58503e-14 7.34057e-35 8.24681e-28 1.71314e-22 1.89821e-19 0.379749 1.03552e-23
7.09891e-35 8.80953e-29 2.68971e-16 8.56167e-43 0.207719 6.1562e-19 7.91618e-29 9.72791e-51 1.00568e-25 4.76106e-29 1.07614e-36 4.14248e-16 3.72493e-09 3.30327e-42 7.09631e-30 1.29363e-37 8.57397e-33 5.68616e-23 3.1685e-28 3.51264e-16 3.81459e-27 8.75172e-22 0.0103553 2.48899e-32
4.3522e-39 5.70233e-22 3.44005e-16 1.97592e-43 0.0987672 2.07181e-16 3.46862e-34 1.38296e-46 3.42234e-31 4.46786e-27 1.41612e-47 0.000145005 0.000939993 7.26027e-32 2.93511e-41 3.06937e-34 3.27114e-25 1.21231e-13 2.62279e-41 4.41957e-11 4.07533e-20 4.47926e-13 0.0347912 1.2068e-25
