4.60744e-56 1.32044e-24 2.83719e-58 7.33648e-06 2.95404e-21 3.10869e-53 2.34672e-26 2.10165e-54 1.70062e-82 2.86209e-35 3.53112e-68 2.0523e-127 4.92093e-81 0.00300278 7.86718e-69 2.29705e-47 7.16447e-130 4.22188e-34 2.13081 9.11058e-12 0.149871 8.71012e-36
0.101614 2.48453e-48 1.78585e-66 1.38445e-37 1.16639e-05 2.65074e-60 6.43e-17 8.57401e-45 6.60064e-90 2.27435e-38 1.23172e-14 1.71954e-144 1.48683e-41 2.37689e-57 4.31916e-08 1.03281e-67 1.66306e-93 1.58843e-53 0.0851347 8.22398e-36 6.61994e-23 1.26273e-45
1.21096e-33 1.4399e-39 1.93017e-67 1.08299e-61 9.15894e-113 5.9811e-52 2.43428e-33 5.55163e-39 9.11239e-55 0.0243866 0.92933 4.00014e-13 0.267632 7.24155e-11 0.0228511 0.140415 5.96468e-36 1.3327e-17 3.48258e-70 5.22163e-59 5.99042e-93 0.0145679
1.27418e-63 1.053e-50 2.41127e-43 1.117e-66 1.0493e-92 1.57676e-49 7.29275e-55 4.73052e-26 1.39263e-97 1.71413e-62 0.472397 5.05864e-130 9.54506e-28 8.81811e-62 4.76712e-90 2.58726e-28 1.47531e-83 5.98525e-43 2.01196e-66 1.03204e-32 3.62141e-78 5.69837e-20
1.63572e-38 4.17141e-47 4.95201e-13 2.13113e-60 0.0554071 1.42026e-63 3.75948e-43 3.11745e-05 0.158087 9.65831e-14 5.77901e-54 2.32023e-68 0.000280162 1.11963e-40 2.29045e-68 3.93512e-66 0.710436 0.0070653 2.98267e-34 2.32187e-73 1.34529e-26 3.48101e-53
2.53192e-60 0.112453 1.20805e-38 6.5939e-66 1.10077e-49 7.54165e-59 7.99318e-62 0.277667 5.38825e-92 6.63584e-47 2.15953e-51 4.21341e-101 5.52262e-71 2.45351e-67 3.31725e-40 1.12117e-62 2.22169e-101 1.39927e-76 1.5145e-25 0.199766 7.85907e-19 2.12251e-64
1.33184e-10 2.77266e-79 5.60066e-16 3.85862e-11 0.0722028 5.9529e-20 2.38291e-49 0.0062905 1.0453e-92 2.29975e-29 3.80734e-60 2.69892e-52 5.36323e-48 9.04526e-38 7.07552e-37 4.50424e-06 7.75729e-120 5.40594e-19 3.6962e-33 3.1829e-73 4.92388e-48 6.52184e-38
1.13968e-51 1.71096e-08 5.78217e-82 2.65903e-58 2.189e-76 0.47448 1.05023e-27 2.65614e-41 5.37215e-25 1.06663e-15 4.04474e-91 0.222504 7.80908e-67 5.20443e-47 1.00555e-91 2.95467e-69 1.22413e-83 1.33557e-66 9.10006e-69 2.94652e-35 3.24936e-90 0.14448
2.92323e-42 8.87602e-106 6.14303e-54 9.64342e-15 1.05647e-18 4.30369e-17 6.01759e-53 4.7723e-35 0.140973 1.24011e-83 7.07088e-35 8.32664e-105 4.81007e-83 1.72538e-53 9.71536e-81 1.96189e-07 1.14648e-62 1.70357e-74 1.1581e-39 8.76126e-71 1.71361e-59 1.70737e-53
3.33586e-44 1.63613e-10 2.13487e-28 0.331491 1.27859e-112 8.98476e-63 3.08003e-43 3.173e-48 1.29435e-50 1.86191e-27 3.8844e-85 1.41686e-136 1.99191e-25 0.013735 0.111308 6.44619e-51 8.98456e-58 0.0905256 8.36856e-06 1.64181e-51 1.29106e-19 0.154824
8.88259e-61 1.59017e-95 3.58828e-77 3.74446e-68 3.78573e-102 1.52021e-72 1.83311e-56 7.06606e-51 6.73162e-94 3.23689e-84 5.86124e-95 5.81281e-137 1.42713e-81 6.76596e-65 4.69591e-100 6.47005e-66 2.75971e-135 3.73199e-83 1.43433e-80 1.54278e-73 1.42713e-90 7.69702e-101
4.62776e-61 2.65568e-58 0.224706 3.33097e-24 3.69988e-34 2.49806e-28 7.85663e-54 2.89155e-55 2.69048e-40 3.1253e-07 0.000573841 1.3372e-147 2.02631e-33 4.34956e-69 2.62663e-13 4.05981e-43 3.17281e-135 3.14379e-57 0.0895594 2.63822e-28 4.76029e-40 9.21948e-58
5.53482e-59 2.27413e-68 2.05095e-23 6.4606e-08 1.13292e-107 1.16527e-33 0.109202 1.13025e-32 2.5475e-93 4.5008e-76 7.88766e-27 2.26873e-14 6.37622e-82 1.59813e-31 0.0935311 0.331619 6.67802e-98 1.31467e-20 1.10638e-60 4.08678e-64 5.17284e-27 2.27382e-74
