2.85241e-139 1.66935e-133 7.43507e-69 1.23808e-256 1.98017e-66 3.93797e-69 1.86791e-226 8.32185e-97 2.15152e-125 0.0733895 1.09137e-190 1.4659e-05 0.891169
3.1792e-192 3.61603e-162 4.91257e-42 5.86105e-239 6.02051e-199 1.82595e-114 2.90095e-195 0.00486506 1.03993e-190 5.99462e-60 0.232483 7.95787e-47 1.86961e-267
4.84098e-284 5.05e-114 5.74578e-107 1.18677e-157 8.15811e-230 9.19947e-46 4.99947e-147 2.20723e-146 2.32876e-216 1.02563e-141 0.330597 1.27871e-216 4.23414e-321
0.117528 7.18854e-08 8.89318e-322 2.89411e-99 1.50335e-160 3.06321e-322 2.30807 1.10755e-137 9.30957e-31 1.54959 2.9427e-220 6.79289e-195 2.41858e-109
8.49947e-11 0.0132709 0.0103853 0.00781083 0.0259267 0.00280606 1.61172e-291 9.07286e-216 7.90505e-323 3.11261e-322 7.12691e-254 9.01503e-223 2.47033e-322
4.56742e-298 1.01263e-213 2.93174e-41 7.90505e-322 2.76183e-321 7.59244e-78 5.36087e-34 0.198945 0.396007 1.95087e-107 3.44302e-39 3.44888e-84 1.48153e-202
1.82767e-245 6.30355e-73 1.07756e-320 5.52968e-85 1.05898e-173 6.47433e-55 3.32429e-231 1.37097e-107 0.0205439 9.39179e-73 4.25741e-60 0.000103395 2.06324e-275
7.94247e-223 1.01643e-115 1.0835e-283 6.58969e-190 1.24526e-154 3.41194e-113 3.73826e-132 3.83851e-21 7.03704e-287 3.76995e-224 3.00479e-203 0.537369 7.2633e-208
2.49708e-212 4.35048e-72 4.55278e-66 1.40476e-47 1.97731e-52 2.90711e-299 9.58943e-193 0.158187 9.16914e-177 6.75388e-321 3.42471e-174 2.69868e-122 7.2651e-138
6.31292e-283 3.14398e-55 7.89916e-60 2.72376e-177 2.74714e-34 1.15351e-148 7.06118e-140 2.3106e-206 9.981e-185 1.53003e-116 0.24319 3.14613e-58 2.02707e-150
1.10419e-104 1.20537e-117 7.01573e-322 1.66957e-204 1.9243e-246 3.11719e-159 0.258363 1.33493e-217 3.3437e-76 7.67484e-210 2.08724e-186 0.850989 8.21552e-17
2.2499e-14 2.02292e-12 4.27225e-99 9.09081e-322 7.70742e-321 2.28023e-314 3.06397e-122 0.120269 1.0941e-126 1.21542e-261 2.44614e-32 1.08179e-152 0.391056
