3.84932 0.0214374
0.00634522 4.07777e-11 0.0133429 8.01805e-24 0.125276 1.07318e-05 6.85096e-06 5.31677e-07 0.00486908 1.58802e-09 0.00492097 0.423087 1.80327e-06 2.50575e-07 0.0298774 6.04394e-07 1.22511e-09 2.72577e-20 0.00937448 6.03692e-20
6.54664e-10 1.57015e-14 1.55931e-07 3.17965e-08 3.86343e-06 8.68308e-06 0.000512111 9.27972e-11 5.04142e-08 8.04211e-06 2.30243e-07 0.478922 1.52649e-10 3.18757e-22 0.000363665 0.0167544 1.07803e-16 8.78121e-24 2.47021e-20 0.0314333
5.69744e-06 0.00235207 0.0372873 2.66094e-08 3.90461e-15 1.94454e-13 0.000640912 2.06414e-13 0.0758881 0.00041802 6.33036e-08 0.00015073 0.0303789 9.523e-32 1.50883e-16 1.05244e-13 1.46707e-15 0.00190867 1.30132e-15 4.69797e-08
1.51935e-22 7.44451e-21 1.93106e-12 1.33109e-28 9.16211e-12 2.9517e-13 6.24417e-06 3.57659e-14 0.014854 1.01223e-17 2.19821e-13 3.43292e-22 7.38317e-10 3.70028e-26 3.50159e-21 5.23339e-12 1.00606e-09 2.26026e-26 1.71793e-21 4.27126e-16
1.2936e-26 3.77268e-19 0.000193725 0.0207489 0.0654898 1.04023e-17 1.55366e-09 0.0446482 0.0196876 4.72169e-13 0.00174 1.76977e-11 6.9611e-18 0.00135094 6.75018e-23 2.10046e-12 0.00553843 0.000857646 2.42407e-10 2.3167e-15
7.01055e-06 3.11208e-19 1.48006e-06 9.05471e-05 1.13453e-10 5.67314e-14 3.8557e-08 2.53286e-15 0.000185728 0.0371846 1.5078e-05 0.011804 3.71535e-16 3.23215e-12 1.41686e-12 0.000735506 0.0265717 1.10599e-17 0.00258716 1.59035e-09
1.24665e-23 8.77065e-20 6.33328e-17 7.16983e-27 8.62641e-16 5.21959e-17 0.000570316 5.14075e-16 0.0131286 2.3564e-19 1.25012e-18 2.67981e-22 1.75985e-12 1.29321e-38 1.04522e-21 1.08771e-16 9.78831e-13 2.08137e-19 2.89372e-18 2.40957e-12
3.06015e-07 5.34296e-14 5.41897e-08 2.67234e-06 5.61099e-07 0.0802193 0.00981849 1.26293e-07 1.07724e-06 6.47744e-19 0.104593 0.00116956 5.97191e-16 4.42288e-33 2.35993e-05 2.87444e-07 1.23806e-06 0.0266899 4.06519e-08 7.76356e-18
3.17811e-15 5.60222e-21 5.2108e-09 8.39461e-21 2.819e-13 0.117004 0.00157851 0.00458493 0.00245547 1.36491e-05 5.20143e-13 1.159e-09 7.2815e-16 2.40211e-22 1.70702e-19 5.22497e-16 3.59578e-17 1.61512e-07 2.60271e-06 3.10074e-16
