14.6135 3.81436
0 3.95253e-323 0 9.88131e-324 1.43279e-322 4.44659e-323 0 4.24896e-322 1.51572 0 9.38725e-323 1.67982e-322 0 1.08694e-322 2.23416e-320 1.5316e-322 0 1.97292e-316 4.15015e-322 7.16395e-322
0 3.95253e-323 0 9.88131e-324 1.82804e-322 4.44659e-323 0 5.2865e-322 0.108808 0 9.38725e-323 1.97626e-322 0 1.08694e-322 1.67613e-163 1.5316e-322 0 9.69717e-240 4.15015e-322 8.10268e-322
0 1.97626e-323 0 0 7.41098e-323 2.47033e-323 0 2.12448e-322 2.17834e-320 0 2.96439e-323 7.41098e-323 0 5.43472e-323 8.66097e-321 0 0 0.39574 0 3.7549e-322
0 3.95253e-323 0 9.88131e-324 1.43279e-322 4.44659e-323 0 4.24896e-322 3.96982e-320 0 9.38725e-323 1.5316e-322 0 1.08694e-322 0.179812 1.5316e-322 0 1.80372e-149 4.15015e-322 6.62048e-322
0 3.95253e-323 0 9.88131e-324 1.08694e-322 4.44659e-323 0 3.16202e-322 14.9166 0 9.38725e-323 1.38338e-322 0 1.08694e-322 5.74675 1.5316e-322 0 7.8816e-310 4.15015e-322 6.42285e-322
0 7.90505e-323 0 2.47033e-323 2.51973e-322 8.89318e-323 0 9.53547e-322 0.240947 0 1.5316e-322 2.86558e-322 0 2.17389e-322 1.82425e-123 3.11261e-322 0 7.56499e-206 8.3003e-322 1.33892e-321
53.7348 103.647 36.3091 57.8436 185.919 114.921 140.007 544.504 1.15944e-318 724.421 159.196 77.7744 8.1422e-321 277.039 4.77747e-319 793.476 208.029 1012.91 2132.19 92.5346
0 1.97626e-323 0 9.88131e-324 1.08694e-322 2.47033e-323 0 3.16202e-322 3.7717e-320 0 6.42285e-323 1.03754e-322 0 5.43472e-323 3.5842e-297 1.5316e-322 0 0.327357 4.15015e-322 5.08888e-322
0 7.90505e-323 0 2.47033e-323 3.26083e-322 8.89318e-323 0 9.53547e-322 6.79387e-153 0 1.87745e-322 3.95253e-322 0 2.17389e-322 3.96586e-320 3.11261e-322 0 4.59074e-316 8.3003e-322 0.362149
