2.75479 0.375439
6.5035e-268 6.48051e-219 8.57911e-273 2.16581e-188 1.61482e-232 2.21835e-321 9.10548e-318 7.32652e-313 9.28843e-322 1.17588e-321 1.42785e-321 1.57607e-321 1.0925 7.5098e-322 2.7434e-240 2.8804e-321
0.00324413 0.0175133 0.00134591 0.00586816 0.00659023 1.95501e-05 0.00868988 0.000572078 9.88131e-324 1.4822e-323 9.88131e-324 1.97626e-323 1.63042e-322 4.94066e-324 3.52324e-241 2.96439e-323
1.55983e-165 4.3392e-57 2.29012e-183 1.25281e-100 4.47888e-104 2.73061e-89 6.49967e-89 2.03529e-256 7.75683e-322 9.28843e-322 8.74496e-322 1.30927e-321 0.105087 7.16395e-322 1.31898e-204 1.8231e-321
7.30659e-91 9.30326e-321 2.93179e-320 4.68652e-61 3.95876e-250 2.10966e-321 4.43177e-321 1.85769e-321 2.69809 3.44793 2.67256 1.9623 2.24373e-290 1.78406 6.18378e-26 8.91162
1.45599e-121 5.42981e-14 2.42711e-222 3.88234e-295 7.66299e-85 2.17883e-321 2.62768e-21 0.303844 1.01778e-321 1.20058e-321 1.48714e-321 1.91203e-321 1.13221 1.09683e-321 0.0741192 2.46539e-321
4.01228e-29 1.75973e-48 0.247182 7.2009e-35 4.35207e-05 9.48861e-34 8.7307e-50 1.10494e-05 1.08694e-322 1.23516e-322 1.23516e-322 1.92686e-322 8.91189e-296 9.38725e-323 1.19074e-207 2.86558e-322
1.2604e-109 2.63599e-74 1.31596e-182 7.36861e-240 6.72206e-117 2.67524e-103 1.99587e-121 2.15468e-164 6.57107e-322 7.90505e-322 8.54734e-322 1.17094e-321 1.04594e-320 5.38532e-322 0.325731 1.8231e-321
1.43687e-281 5.70152e-321 6.58418e-248 2.32705e-321 6.9001e-37 2.45805e-108 3.7302e-321 1.72429e-321 1.03754e-321 1.59583e-321 2.15907e-321 2.21341e-321 0.67569 1.2154e-321 2.83489e-161 3.68079e-321
8.36403e-19 6.69146e-57 2.24539e-182 6.68741e-190 4.64383e-57 3.21038e-66 1.29631e-121 2.51053e-306 8.2509e-322 1.16599e-321 9.28843e-322 1.42528e-299 1.13982e-119 9.53547e-322 0.158239 2.30235e-321
1.37971e-299 4.91101e-321 9.45799e-104 6.13505e-59 1.00334e-83 3.85503e-258 1.19662e-228 6.39605e-159 9.68369e-322 1.15117e-321 1.3241e-321 2.09484e-321 0.0407006 8.99199e-322 1.35926e-140 2.78653e-321
0.00154118 9.97655e-15 2.81436e-12 1.27379e-10 5.76861e-05 0.0245648 4.07905e-07 2.19843e-09 3.95253e-323 4.94066e-323 4.94066e-323 7.90505e-323 7.31217e-322 3.95253e-323 3.18745e-235 1.28457e-322
4.1035e-36 8.36947e-321 1.55631e-320 2.70748e-321 4.12507e-310 2.21341e-321 5.78551e-321 1.76876e-321 1.38338e-321 1.57113e-321 2.25294e-321 2.89028e-321 1.1711e-61 1.40315e-321 3.08503e-227 4.35272e-321
