2.66301e-320 8.54734e-322 2.60895e-290 6.88208e-307 6.09677e-321 8.28944e-190 2.92279e-233 4.27888e-63 1.94168e-321 5.78551e-321 0.378806 5.13334e-321 5.06588e-130 2.11823e-213 9.97078e-277 5.77541e-227
3.20451e-320 4.46899e-08 2.0287e-79 4.52934e-297 6.6353e-321 2.7571e-92 2.5988e-171 3.69077e-18 4.39705e-46 5.46437e-321 1.0544e-57 2.59031e-302 3.61162e-321 1.90958e-233 0.197564 0.187468
3.36014e-320 2.49229e-72 3.22779e-264 2.37152e-321 1.0494e-320 3.63138e-321 2.61376e-154 1.10177e-321 2.4308e-321 0.0463795 3.32639e-186 1.91787e-119 2.30586 3.53088e-223 3.4881e-321 1.6345e-154
4.82208e-320 7.75683e-322 2.08496e-321 1.28951e-321 8.66739e-163 0.939174 3.76972e-321 1.06293e-215 9.59727e-130 4.32802e-321 1.85069 0.062263 8.05485e-155 1.10971 4.37248e-321 1.49212e-147
5.45053e-320 3.00578e-201 5.94055e-69 1.66006e-321 7.76177e-321 9.1408e-305 6.68965e-321 3.48962e-92 3.39216e-296 5.93867e-321 1.73446 1.41611e-270 4.25562e-297 4.99006e-321 5.16299e-321 9.4989e-234
4.53842e-40 2.21633e-271 2.00097e-321 1.57607e-321 7.42087e-321 3.67698e-276 1.81252e-246 6.82574e-63 1.25493e-321 2.44068e-321 1.05038e-320 4.15803e-131 4.68868e-321 2.87052e-321 2.82526e-213 0.733478
1.83222e-165 5.2371e-322 2.52962e-321 1.02073e-297 8.05821e-321 1.80277e-39 1.20235e-234 2.48147e-219 1.96771e-220 3.80925e-321 1.06239e-319 0.413594 1.4568e-110 1.08985e-143 4.68868e-321 1.18447e-91
2.71291e-320 0.00774714 2.29741e-321 2.12206e-232 5.57306e-321 4.08254e-62 4.61951e-321 9.30514e-271 1.45255e-321 3.86359e-321 1.09534e-320 0.459759 3.42882e-321 2.41598e-321 0.0198854 1.42651e-144
1.51309e-66 4.34721e-200 2.08217e-195 1.3488e-321 7.73213e-321 3.65668e-211 5.47919e-321 2.69538e-192 0.635326 1.0531e-67 5.40855e-144 5.31121e-321 1.28954e-207 1.0765e-233 2.86558e-321 2.39971e-125
3.15461e-320 6.71929e-322 1.85769e-321 1.30927e-321 8.59674e-321 6.04896e-80 3.26275e-127 8.59674e-322 1.82753e-315 5.67681e-321 1.15826e-31 8.19493e-277 2.96313e-161 3.20905e-142 0.642665 1.10981e-132
8.81521e-141 6.86751e-322 2.51479e-321 1.39327e-321 3.97509e-298 2.7544e-101 1.04638e-65 8.15208e-322 2.58929e-142 1.43954 9.82203e-321 0.261541 8.30524e-321 4.23908e-321 3.7302e-321 5.31917e-180
0.128785 0.00227423 0.0100514 0.00708431 0.0319425 0.00249693 0.0171114 0.00273849 1.97626e-323 3.95253e-323 1.28457e-322 5.43472e-323 3.45846e-323 3.45846e-323 3.45846e-323 1.43675e-244
