3.65585e-40 2.32439e-84 0.457296 4.05868e-47 6.62283e-10 9.21478e-07 2.85533e-47 0.000588888 0.148227 7.21407e-167 3.11528e-105 7.74633e-25 0.498988 1.44475e-130 2.62792e-78 0.265299 5.64179e-67 0.480024 0.746867 0.280026 1.49561e-99 0.310188 2.72983e-86 3.81016e-82 3.52268e-54 3.93866e-65 0.0779191 8.48701e-44 2.29699e-152
4.34661e-21 3.43589e-117 1.13074e-70 2.65854 1.36651e-86 0.118529 2.07958e-63 0.181357 6.7747e-135 4.14042e-54 6.94242e-30 0.112126 3.48927e-22 4.323e-81 2.96061e-105 7.19844e-163 4.17062e-25 7.28812e-24 7.19798e-71 6.39269e-161 4.2841e-72 2.04109e-221 2.49047e-154 0.326526 4.72228e-22 0.244447 1.80689e-116 0.337868 3.18791e-42
2.8747e-40 4.04281e-35 4.91379e-68 1.85853e-88 2.91217e-26 6.23964e-141 0.0995103 6.65234e-110 3.46128e-49 0.0478326 3.02443e-18 2.76984e-105 4.11241e-92 0.188714 4.65064e-51 6.27515e-162 3.06975e-90 1.44814e-152 2.08871e-129 3.92172e-162 9.5127e-73 1.80522e-141 1.16731e-17 1.10956e-90 2.03998e-65 3.0142e-48 6.45226e-117 9.22544e-82 4.30147e-148
9.33147e-63 0.000152064 1.65472e-37 5.65852e-46 0.456684 1.11667e-97 1.08077e-135 2.56093e-92 4.11612e-111 1.01059e-35 1.88246e-99 2.3728e-176 8.81252e-74 1.85453e-22 2.0582e-127 1.99214e-111 0.4252 2.82395e-160 1.12624e-86 1.911e-46 3.2229e-63 1.16666e-63 2.57254e-71 8.74498e-27 0.0219219 7.45022e-80 7.81774e-108 2.90881e-67 3.58524e-36
5.91427e-95 1.33504e-13 0.00109742 9.80958e-44 2.60077e-66 4.89969e-60 4.27127e-82 9.23786e-79 2.33485e-138 1.42113e-107 1.09812e-69 2.68633e-120 9.39222e-05 4.20728e-50 0.082535 5.88816e-180 4.64194e-68 1.28224e-150 8.39989e-71 1.44612e-82 1.27946e-59 2.36845e-152 0.132438 3.42645e-28 0.315693 1.40512e-140 2.8104e-80 4.00259e-78 4.7146e-11
1.66402e-67 9.70193e-62 2.09898e-67 2.26386e-125 7.49848e-102 2.50919e-212 2.32988e-89 2.29257e-126 4.76055e-134 2.01283e-156 4.06284e-91 2.07689e-151 2.83062e-80 4.5806e-89 4.08075e-119 3.05871e-150 0.129027 5.03382e-135 1.20299e-148 9.35112e-164 5.57587e-101 1.07657e-148 2.85056e-129 9.8046e-36 1.58255e-66 8.12261e-145 4.59854e-57 3.63757e-78 2.78375e-115
0.231015 1.20239e-35 9.87447e-48 6.12385e-53 1.0045e-50 4.47505e-184 3.35449e-67 7.55927e-84 0.0203025 3.95386e-144 1.13237e-58 5.77903e-163 7.03819e-15 1.041e-81 4.02071e-32 1.02248e-76 4.763e-23 1.01029e-86 2.6491e-76 2.35982e-31 0.111869 8.10595e-154 1.407e-119 6.84637e-10 1.40606e-28 1.60449e-163 3.49588e-99 2.49235e-99 0.200856
1.24431e-74 2.49496e-46 1.74874e-23 2.18903e-99 6.9161e-93 1.01645e-112 1.78105e-123 1.14197e-103 1.29204e-81 1.77894e-184 5.05668e-105 3.07224e-161 2.13415e-13 0.0400461 0.0257677 1.32679e-170 5.95342e-42 9.22969e-151 3.17352e-73 1.06772e-164 9.19915e-30 1.56234e-139 3.83817e-138 9.53513e-42 1.1316e-52 6.70648e-136 9.2649e-62 9.45065e-39 5.21771e-128
4.22169e-60 8.51572e-102 2.11e-25 8.1226e-58 2.28305e-36 1.36361e-124 4.47674e-64 8.07339e-108 2.36743e-122 2.12395e-136 2.84459e-16 1.27038e-185 1.07795e-38 3.47845e-126 9.36738e-91 1.56286e-155 0.447403 5.16368e-84 6.53553e-65 3.99747e-137 5.85167e-60 2.09913e-170 8.93779e-67 8.90718e-28 1.53856e-92 3.3773e-89 8.345e-106 6.84221e-125 3.75467e-51
2.51416e-33 0.000508564 9.30118e-57 1.45047e-97 1.95625e-48 1.0741e-196 1.0193e-48 5.20183e-108 4.40482e-140 2.70507e-136 6.24283e-66 1.1486e-210 2.29679e-40 0.263338 8.114e-13 3.61417e-90 0.215812 8.58809e-74 1.44127e-13 4.07709e-120 3.432e-52 1.45341e-149 2.56219e-60 0.0825155 3.51632e-58 1.42577e-129 2.59151e-117 6.94066e-67 5.98357e-66
6.46059e-96 0.0353352 4.30988e-14 1.47626e-129 2.1845e-50 1.56473e-109 1.68667e-38 7.54613e-50 1.29734e-138 1.0175e-184 0.0723483 2.20608e-92 1.43429e-104 1.81234e-45 0.142773 2.11111e-76 6.87313e-70 1.62993e-94 3.13287e-81 1.27898e-104 7.70557e-41 1.53272e-145 6.11571e-58 9.09784e-41 6.44394e-86 7.21771e-93 2.21216e-61 5.94705e-114 2.98152e-53
5.26159e-45 1.6008e-116 4.27028e-51 4.44631e-21 0.0277126 6.45683e-184 8.56428e-60 4.86795e-89 8.52811e-131 3.69544e-60 6.54763e-40 1.28086e-142 0.0154546 0.000287356 8.87835e-73 7.794e-79 1.44082e-62 3.20984e-80 3.12562e-104 2.41912e-56 2.1557e-97 2.76785e-181 4.27212e-08 8.84027e-89 1.19976e-16 8.38686e-65 5.92672e-109 9.53869e-91 3.3278e-64
