1.64137e-66 1.42834e-10 6.89203e-70 0.137194 4.52467e-72 1.30963e-108 5.69807e-79 2.21344e-68 0.0338487 9.69854e-17 1.73314e-17 6.74171e-76 3.64249e-40 0.0705481 1.2255e-43 0.0714415 9.92977e-78 0.0797459 7.72551e-21 4.4012e-11 2.07083e-44 3.55404e-45 1.33475e-21 7.67641e-86 7.09028e-33 0.0728819 1.84695e-112 9.40672e-28 0.000364245
7.04938e-84 2.70587e-77 1.88576e-100 1.25947e-38 0.000363148 1.64038e-128 2.39848e-64 6.15367e-89 9.50571e-55 2.88292e-39 2.18985e-38 1.4374e-60 1.86608e-31 1.45056e-26 0.473173 2.48896e-103 7.2403e-74 6.93306e-42 1.02017e-89 9.06941e-113 0.140833 0.412813 4.03099e-71 7.52132e-171 2.62789e-23 9.65986e-109 4.44624e-15 1.19603 0.0812264
6.60898e-32 2.23888e-51 1.4476e-29 1.18517e-48 0.031709 8.0208e-39 7.79793e-70 8.44903e-114 1.11989e-63 7.69538e-23 2.88198e-49 6.70118e-46 8.78171e-08 6.75452e-68 7.32014e-40 3.43289e-59 4.98531e-52 6.85511e-77 0.000907347 4.28721e-39 2.68766e-33 1.01972e-24 1.55708e-66 1.26862e-68 4.67174e-49 1.21606e-81 2.27325e-22 1.43312e-25 6.2045e-06
2.91442e-76 1.82191e-29 1.08936e-36 1.42946e-92 8.43235e-80 9.03296e-45 1.66847e-27 7.20194e-60 1.17894e-19 6.92701e-90 3.013e-72 2.24207e-13 3.56997e-28 1.74153e-82 1.69605e-127 2.18557e-45 1.4233e-99 6.54505e-61 3.19038e-102 6.21913e-118 2.33361e-42 1.80821e-06 6.35754e-47 1.44661e-180 0.307182 1.90301e-64 2.33494e-54 1.45423e-43 0.000263222
3.00761e-19 1.7623e-77 9.17445e-44 1.07423e-31 9.22941e-62 3.29601e-100 8.05385e-62 1.84383e-114 7.97749e-68 6.00229e-35 4.30438e-17 1.51701e-62 9.45315e-43 1.77598e-72 7.47399e-67 8.45678e-100 4.83278e-85 3.79396e-46 1.99335e-95 3.07732e-40 1.66964e-62 7.60853e-10 2.58365e-47 1.31163e-63 1.00551e-80 2.08468e-24 1.96559e-80 0.595829 3.79525e-50
6.63195e-50 1.0425e-38 1.2464e-69 2.79401e-52 0.146568 5.65074e-118 9.72317e-29 2.40767e-86 1.64766e-29 1.31603e-84 3.00007e-63 0.220393 2.30663e-67 2.9036e-119 1.58954e-75 1.1432e-111 1.44823e-124 4.24239e-87 0.112206 1.68543e-63 2.76416e-69 3.47907e-39 9.4432e-123 1.05028e-173 5.86795e-72 2.69379e-122 1.1868e-30 8.28772 6.09718e-32
0.151057 3.44559e-08 0.170238 6.42718e-89 5.42586e-36 3.11095e-58 1.66342e-88 0.852534 1.5191e-09 3.07745e-52 1.53563e-80 2.47284e-46 0.0859175 2.74041e-82 1.89324e-65 1.44323e-24 1.44906e-79 3.48239e-08 1.94419e-69 3.26356e-82 0.0255781 1.71577e-97 1.43253e-31 4.84173e-182 1.57509e-83 1.85257e-77 2.03306e-76 4.78625e-47 7.36438e-41
4.76451e-81 0.185517 1.00164e-120 1.17493e-141 2.14526e-73 6.12667e-161 1.32453e-12 5.49692e-71 7.73238e-33 8.8298e-53 0.0734884 7.55295e-46 1.22634e-42 9.92938e-86 0.000423465 1.43677e-44 1.22883e-122 0.0398163 1.40001e-46 0.0632456 5.11724e-50 4.71803e-62 1.85883e-70 3.29108e-162 6.4349e-69 4.38098e-111 0.0525509 1.05719e-58 4.90703e-89
7.66993e-88 4.39426e-98 1.14724e-71 2.32796e-92 2.25629e-10 3.62009e-58 7.81226e-29 5.4762e-105 2.85394e-30 2.06081e-48 1.25808e-89 3.93832e-76 1.68989e-82 1.0187e-91 1.17611e-66 2.40988e-84 2.034e-119 0.0578884 1.95005e-96 4.85226e-100 1.03317e-58 4.0048e-21 1.28653e-111 4.85996e-50 3.89737e-16 1.55686e-58 2.98178e-66 4.5859e-57 6.39622e-63
8.68061e-46 6.0699e-05 1.43178e-138 6.22514e-41 5.82445e-81 6.13267e-109 0.154582 7.67449e-41 4.95565e-28 3.21971e-30 1.0237e-45 9.68811e-63 6.07509e-75 0.0115076 1.75277e-94 4.66774e-110 4.65749e-68 7.46612e-08 4.24926e-70 7.18005e-50 1.00814e-65 3.83231e-18 6.53884e-98 1.0787e-169 1.90818e-59 1.46145e-116 2.43059e-67 8.17168e-29 6.90502e-64
3.1431e-17 6.38774e-88 1.82691e-119 9.00003e-109 6.47779e-21 0.202483 1.87066e-99 1.16797e-27 3.74258e-58 0.274939 2.85563e-97 3.43889e-55 7.62508e-64 1.39109e-20 7.72135e-80 6.8473e-96 0.122268 1.2458e-71 6.69289e-05 1.21369e-75 7.80995e-07 8.42556e-31 0.118447 0.150886 2.42965e-12 1.5214e-56 0.342812 5.94141e-61 8.4947e-52
3.57488e-85 4.83717e-30 3.10984e-33 2.23663e-45 7.0961e-52 1.6144e-86 2.081e-19 4.994e-22 5.52263e-10 2.30551e-16 0.147631 1.1624e-92 1.29485e-31 7.85679e-108 1.47773e-117 1.06895e-64 2.89238e-123 6.48061e-92 0.0394002 1.14416e-129 1.05638e-89 5.76536e-26 5.49059e-127 7.31543e-73 1.37344e-06 7.44432e-106 7.67901e-30 9.80389e-61 7.23517e-51
