3.66779e-15 0.0366997 2.9961e-47 1.71847e-10 2.19538e-87 8.9822e-41 1.43707e-19 0.0696038 0.115207 6.78463e-08 9.30389e-19 0.0259551 9.36437e-06 5.10512e-41 9.49595e-06 0.0291094 0.151405 0.00241366 1.8798e-67 1.08795e-31 5.94962e-57 4.46722e-56 0.101117 5.83073e-26
2.71945e-05 7.85491e-28 6.94273e-47 3.69438e-44 2.59547e-46 2.45573e-38 2.52855e-06 5.64152e-10 0.173343 0.00462736 3.82674e-13 3.4243e-40 2.01758e-12 1.70856e-22 0.0609402 1.48496e-48 2.75424e-21 0.00102759 6.30793e-68 2.18037e-48 3.84537e-61 1.93757e-77 2.63203e-23 1.33453e-54
0.044669 1.01469e-42 1.2251e-39 0.0217244 2.01458e-22 0.0600084 9.04606e-16 4.38426e-20 2.87636e-26 3.20595e-11 5.75388e-47 4.95578e-57 9.36533e-25 2.11163e-52 0.0594112 2.27507e-16 1.86354e-17 5.75026e-20 2.4546e-110 0.0536977 7.87555e-45 6.25197e-56 8.70929e-30 0.118832
1.2069e-30 6.96138e-37 2.73379e-43 5.52095e-40 4.76737e-74 1.41991e-09 1.76212e-23 2.82782e-25 0.057544 4.68955e-24 2.5965e-35 2.60644e-41 2.73179e-07 8.77448e-22 9.80832e-29 8.47586e-31 0.00336175 7.51598e-10 9.65875e-107 5.40917e-30 3.71411e-61 2.46445e-74 3.33737e-33 2.95527e-18
2.28959e-38 3.13385e-28 5.68793e-33 4.98707e-31 6.14996e-26 4.45028e-28 1.73546e-38 6.33992e-24 8.23137e-08 8.11045e-18 2.95198e-37 1.15435e-31 9.28917e-28 0.00613297 1.85744e-23 4.25222e-36 9.23416e-10 0.438148 8.50566e-53 2.75584e-13 3.76056e-30 8.23881e-58 1.165e-27 2.4691e-22
5.09326e-29 3.65519e-08 0.398276 3.97863e-33 1.44939e-76 1.59077e-44 7.689e-16 1.02789e-20 1.93298e-18 7.97574e-39 2.8634e-10 5.02456e-20 0.0300525 1.02799e-08 0.00576833 8.13737e-74 4.04018e-20 5.47804e-06 2.20194e-48 2.84557e-49 2.26895e-15 1.0879e-22 4.88522e-41 1.38574e-39
2.03906e-30 1.95003e-29 1.38521e-21 4.60224e-26 1.27161e-93 5.01636e-28 0.0892723 6.89287e-37 1.83627e-31 0.195229 9.63373e-33 4.78193e-17 2.33281e-10 4.00713e-20 5.72495e-28 1.61931e-25 0.00089807 9.17566e-41 6.71658e-74 3.05678e-35 1.63907e-10 6.50423e-70 0.038888 0.0492071
2.48216e-14 1.0365e-15 4.90178e-06 6.15076e-29 6.05099e-80 4.17885e-12 1.01804e-21 2.32017e-30 3.50055e-30 5.90294e-43 3.07428e-52 3.36824e-72 0.0165004 5.08942e-19 0.102647 4.00221e-21 2.07013e-16 7.65981e-26 2.09969e-102 1.15246e-53 5.11916e-25 3.50278e-63 1.17631e-41 2.38877e-50
2.71472e-38 2.0233e-34 1.74761e-23 1.56004e-39 1.03621e-30 1.74479e-27 2.00979e-23 1.61578e-26 1.244e-21 6.03745e-36 4.41483e-31 1.29935e-06 9.56745e-47 2.11925e-14 3.51378e-37 6.00544e-50 7.33983e-32 1.80514 1.77188e-92 4.97523e-27 1.5688e-53 7.91014e-66 1.33361e-28 1.13634e-27
1.917e-09 1.62429e-34 1.3113e-11 1.66533e-35 1.15794e-71 2.73775e-15 2.67773e-38 2.9603e-17 4.36095e-13 3.47315e-14 1.3519e-21 3.15206e-62 8.2238e-25 1.06487e-40 1.91881e-08 9.50903e-76 0.0220529 0.437574 1.14115e-60 7.10067e-65 1.08582e-22 2.27088e-66 2.83656e-43 2.48909e-33
2.2567e-19 3.41024e-29 1.56608e-46 0.004512 0.127223 3.06196e-23 0.000278995 2.83276e-31 6.28609e-21 1.07872e-21 0.0272534 6.45275e-06 6.27492e-37 0.288914 9.41325e-21 2.62046e-44 4.39191e-19 4.32712e-29 0.341466 5.95223e-59 0.0385492 0.155107 4.51896e-42 1.26303e-53
1.65717e-11 1.3902e-40 7.94314e-35 5.17128e-20 2.70362e-46 1.45571e-08 7.93215e-25 5.03856e-30 0.036655 4.78377e-24 8.21302e-34 1.23541e-35 1.1643e-41 1.26115e-07 3.50361e-06 8.27197e-28 1.12546e-13 7.08878e-25 4.21919e-70 4.49566e-52 7.37749e-38 2.39852e-62 2.15337e-48 9.32104e-24
