7.76037e-183 4.54781e-52 3.59734e-119 3.49271e-101 3.88425e-72 2.52133e-128 2.291e-78 8.42264e-129 2.67456e-153 1.6469e-83 3.14357e-106 4.10834e-101 1.63698e-80 1.03914e-112 5.51601e-105 8.27547e-71 4.70641e-61 1.07716e-85 0.25703 6.9553e-68 8.40696e-150 1.27328e-142 1.17718e-151 9.66179e-120
3.02852e-115 1.1297e-47 1.18148e-180 0.0862255 4.32631e-12 1.86599e-107 1.00502e-43 9.52899e-63 2.65707e-58 1.02119e-29 4.95598e-35 0.148426 4.64168e-39 6.51238e-141 5.0984e-08 4.72196e-116 0.140743 2.66562e-57 0.0107863 1.48364e-33 2.01037e-104 4.1259e-214 3.10168e-45 4.14937e-171
3.936e-215 0.0707545 2.96928e-63 6.07594e-135 2.2563e-69 1.30345e-122 7.74422e-99 3.60934e-113 7.81025e-144 7.43171e-27 9.68765e-12 9.55206e-131 3.14821e-37 4.17506e-90 1.42008e-17 1.04637e-35 2.21478e-41 7.44943e-14 7.65807e-110 2.54685e-122 9.6719e-130 5.36688e-189 1.25322e-19 6.8813e-192
5.89934e-51 4.6752e-79 4.48193e-115 1.76734e-157 0.127097 2.05227e-106 1.03311e-19 2.09384e-06 3.87392e-44 7.89672e-32 0.0617238 4.09133e-81 1.28588e-26 0.0826295 1.30721e-27 3.72892e-126 3.34001e-31 1.43512e-55 9.53299e-71 4.88548e-52 1.4732e-38 0.0409774 4.50976e-146 8.50537e-78
8.04553e-214 0.161592 9.11048e-72 1.74254e-69 4.6967e-79 9.58873e-40 1.37326e-113 2.8368e-11 6.66119e-176 1.17566e-53 4.02909e-97 1.17646e-11 0.0867245 6.0135e-44 3.51484e-113 2.5452e-85 4.2782e-62 3.91671e-78 0.011053 6.27102e-130 1.88408e-160 3.44922e-190 1.08394e-74 6.97939e-122
2.62326e-219 1.14613e-05 9.26835e-143 1.24686e-72 4.40134e-119 2.3213e-125 0.433033 5.13668e-68 1.36876e-49 2.11454e-87 6.03033e-27 4.8223e-139 1.06388e-50 1.74834e-92 2.69075e-51 5.10218e-38 5.14521e-46 1.59395e-95 7.7999e-36 0.117762 1.20562e-122 0.427258 0.148724 9.50808e-105
1.1067e-145 5.1291e-59 3.60372e-102 1.44228e-101 1.93574e-66 2.02607e-24 7.6713e-42 0.960467 1.39048e-118 1.54224e-53 1.71615e-76 7.81228e-154 2.2876e-47 8.20146e-186 4.54641e-111 1.35746e-49 1.18666e-87 1.24319e-31 4.50929e-21 1.20504e-101 3.25845e-66 2.97311e-86 8.40895e-13 3.60286e-110
7.40703e-119 1.5745e-34 2.23745e-180 1.25223e-88 2.45206e-99 1.90024e-49 8.28255e-61 2.56678e-131 4.23727e-102 0.658234 8.96092e-95 2.70607e-96 8.82571e-61 1.17896e-150 5.83761e-65 4.17098e-52 5.07694e-94 1.63669e-49 0.023545 1.32471e-49 2.28564e-95 4.2542e-166 2.31676e-82 5.42765e-118
4.7558e-217 5.48963e-100 2.59667e-178 1.42739e-176 6.05526e-41 9.05055e-72 8.74815e-122 3.83523e-71 2.55829e-123 4.11885e-67 9.21763e-23 5.21048e-158 9.67835e-30 3.02194e-68 8.33083e-63 3.34097e-66 3.6735e-69 1.06167e-87 0.529307 2.16252e-48 1.7767e-122 6.80581e-99 2.40646e-136 3.58056e-184
0.313008 9.72844e-37 0.0980651 7.99569e-100 4.23919e-107 0.119542 1.04686e-118 0.716917 1.59649 5.57366e-34 1.88782e-66 9.91545e-50 3.87768e-43 4.07089e-11 0.171443 5.26192 1.28665e-25 7.37817e-104 1.51028 1.87757e-32 0.176883 6.42804e-129 0.000300916 0.283314
6.9941e-113 5.65282e-67 6.3213e-96 7.77713e-128 3.23614e-99 1.03445e-103 2.74248e-08 8.26227e-69 1.22959e-106 4.39539e-61 1.84442e-64 2.68556e-20 9.78177e-39 2.30601e-110 0.037949 4.79976e-92 7.30428e-73 0.185145 1.50694e-62 1.41813e-75 1.59025e-165 3.01057e-75 8.51497e-32 2.06708e-188
2.99124e-151 1.50516e-97 9.77535e-60 3.10976e-119 8.41324e-32 5.38653e-53 1.21825e-73 1.01323e-46 1.1904e-204 9.48715e-45 0.000534445 1.4281e-121 9.59092e-51 2.63275e-79 4.27996e-09 4.03158e-68 1.05632e-23 2.47751e-70 7.45094e-43 9.29434e-31 1.98262e-52 5.55414e-200 2.97123e-97 8.23619e-157
