2.95257e-89 3.09955e-169 2.02024e-119 0.000342938 2.76782e-84 7.2516e-200 1.22215e-21 4.67024e-161 1.11042e-137 2.67678e-58 1.05547e-126 1.38665e-61 7.40097e-137 2.20661e-22 4.5661e-75 2.66602e-57 0.13661 1.159e-83 1.74032e-81 1.94804e-86 2.05215e-26 1.43371e-219 1.10035e-190 1.84896e-106
3.61007e-12 9.46635e-100 2.67654e-153 3.57466e-68 1.11217e-79 1.6167e-108 1.07037e-113 1.22553e-186 1.06159e-139 1.33359e-45 3.8339e-176 9.54807e-97 2.0866e-121 0.134058 2.52205e-186 2.08348e-83 2.5098e-53 8.55763e-146 1.07637e-182 1.51814e-111 1.05594e-27 4.35746e-225 6.37487e-90 1.29339e-155
2.59914e-05 2.02967e-187 1.357e-53 7.46042e-13 1.71734 1.79116e-192 0.436762 8.00729e-96 1.60767e-57 2.17446e-25 2.36184e-142 4.31855e-26 2.64322e-119 0.285929 2.21904e-164 1.72617e-42 4.07164e-36 9.40271e-63 4.00071e-257 4.96569e-115 0.00244379 5.38303e-79 1.56369e-79 4.16761e-180
4.28517 0.218563 0.311625 3.78672e-68 1.32563e-77 0.152592 0.555917 0.931433 0.401682 0.0952182 0.147332 2.44575e-32 0.287228 1.10315e-84 0.63401 3.7768e-68 3.17057e-110 0.39578 0.26724 4.10531e-108 0.187723 0.258171 4.75158e-169 1.45197
1.60341e-96 4.06759e-164 4.73561e-111 3.9675e-70 3.47169e-87 2.02283e-146 5.53371e-102 5.55157e-155 2.30109e-118 5.09885e-87 9.62018e-154 5.12208e-91 1.45253e-119 2.10681e-65 1.22481e-141 1.27484e-84 1.37801e-117 2.36627e-205 2.2521e-212 1.62076e-173 1.07172e-92 2.50849e-215 2.49941e-160 6.53326e-157
7.89954e-54 4.35322e-163 1.06127e-31 0.223004 1.2717e-70 2.08986e-105 8.43509e-89 1.37758e-46 2.69607e-140 1.86669e-34 1.27609e-180 1.42128e-59 3.89733e-85 1.70988e-41 2.10874e-187 0.226694 2.15978e-30 4.41102e-181 5.88051e-192 4.35991e-19 1.76472e-122 5.53987e-75 0.198205 9.0767e-133
5.61514e-77 9.65668e-121 3.47967e-83 0.0684851 3.20167e-62 1.28392e-149 2.75084e-142 3.67098e-97 7.00191e-79 6.1133e-51 1.10585e-65 0.118943 2.16394e-124 1.6843e-34 9.48796e-67 1.52093e-71 0.0111569 8.98605e-138 9.70423e-167 2.34126e-47 1.75822e-61 1.75382e-186 4.10762e-123 7.95001e-88
3.93544e-95 1.17043e-81 1.57584e-92 5.00105e-44 0.187251 8.07404e-127 1.94988e-65 2.36924e-125 1.04865e-123 2.07021e-108 1.94412e-90 7.90515e-60 2.08902e-145 2.23155e-10 2.21624e-188 6.73805e-90 3.29874e-139 1.66864e-137 2.37111e-117 5.9265e-66 1.87273e-89 1.3441e-109 1.96747e-177 4.82529e-183
8.73816e-38 4.06737e-67 6.46491e-45 1.4916e-78 0.550794 1.87083e-114 3.50614e-16 9.95784e-155 5.20307e-112 2.51254e-87 7.3317e-108 2.94371e-38 4.87068e-33 2.60961e-40 1.42207e-122 1.81767e-83 2.51621e-37 4.29194e-99 1.57912e-140 9.36939e-30 1.45886e-37 8.31889e-117 2.72504e-138 3.17445e-128
7.21967e-15 1.05595e-89 7.05083e-98 4.68252e-36 0.62349 2.04878e-158 1.07306e-110 1.74409e-146 7.1826e-101 1.56069e-55 1.17747e-181 6.73355e-49 1.97358e-72 1.08674e-60 4.72629e-148 1.38253e-133 8.04228e-112 1.86633e-135 1.06219e-247 5.80048e-92 6.09848e-07 1.38975e-200 6.97425e-103 1.59069e-121
8.31078e-09 2.29129e-182 1.05394e-111 8.83787e-25 7.07187e-21 2.49837e-94 2.00322e-93 2.97516e-127 2.10234e-167 3.02155e-132 3.21323e-135 0.265244 5.20185e-82 2.32058e-59 3.69881e-131 9.69222e-59 3.48647e-110 1.21217e-198 7.07687e-207 2.14494e-132 9.48371e-65 8.08169e-160 2.92862e-191 4.84237e-200
1.75559e-82 0.0143259 8.40499e-50 1.54933e-18 3.59906e-34 2.52199e-21 1.36704e-159 8.55107e-42 3.51444e-156 2.69593e-45 3.13849e-41 1.13838e-59 8.96036e-53 2.87411e-22 9.81072e-51 0.00343776 1.73613e-89 8.67677e-167 6.60651e-113 0.267049 4.39074e-117 1.63724e-81 0.0804514 1.00908e-178
