4.72691e-52 3.72154e-73 3.54725e-34 5.59543e-82 0.188444 6.1996e-59 1.18026e-65 2.43399e-131 1.76751e-53 5.17736e-96 3.68742e-20 1.88109e-79 8.84309e-65 1.26629e-12 3.04322e-71 2.45057e-55 3.87465e-85 8.26653e-98 3.95309e-40 1.01514e-13 9.11212e-16
1.54474e-34 2.81904e-141 1.83838e-60 2.38496e-83 4.53891e-45 0.228285 9.90149e-56 1.13459e-72 0.0273256 1.06229e-43 1.48602e-82 2.51971e-87 1.61597e-35 0.118537 1.34138e-93 3.09611e-32 1.3425e-76 1.53262e-158 1.33539e-86 1.4227e-42 0.0260316
2.73489e-66 2.45439e-178 5.23464e-27 7.16952e-67 3.59889e-27 0.237764 3.74169e-34 6.72627e-112 4.09581e-13 1.2567e-56 5.54437e-117 1.25357e-12 1.47374e-76 5.8674e-63 1.45523e-10 3.87691e-75 8.96249e-62 6.12786e-59 3.0456e-17 1.51036e-74 8.92147e-23
1.46166e-66 6.50025e-148 6.65653e-35 0.103204 0.822888 0.0186058 3.4582e-79 1.54113e-38 0.0971717 0.112883 1.00194e-74 7.75938e-49 3.14112e-76 4.50076e-45 0.108104 0.168198 9.43203e-95 3.01824e-88 1.74604e-44 2.92365e-54 3.13146e-31
1.67556e-38 3.53057e-81 9.08514e-12 3.74022e-63 2.08775e-43 8.13405e-25 3.61517e-100 2.44904e-151 1.1131e-59 9.92298e-98 1.63276e-109 0.026293 6.69014e-98 0.203832 3.22604e-71 5.1619e-51 2.51281e-150 7.27349e-78 1.80607e-67 1.37727e-100 1.62044e-39
1.43484e-66 0.0588593 6.2437e-38 1.1242e-23 0.0225364 3.5833e-60 0.0178687 3.3367e-133 9.19172e-57 2.29104e-92 0.09414 8.58088e-57 0.254183 1.39119e-64 7.34285e-49 5.53186e-71 4.28182e-137 4.42174e-32 0.252186 1.20135e-72 1.40265e-67
1.76045e-100 1.39974e-142 0.0791209 7.3121e-83 2.09066e-24 0.00478876 1.64951e-71 2.71695e-57 1.51582e-24 5.74225e-98 3.78638e-05 3.75228e-05 9.05667e-56 8.59721e-10 1.04599e-68 1.54922e-50 6.98664e-45 1.49197e-101 1.70582e-36 0.301003 1.07066e-22
6.94634e-94 5.35535e-108 1.31594e-23 3.45248e-48 2.18296e-07 1.4016e-40 1.62904e-59 1.37628e-158 2.97012e-44 1.07709e-135 6.67158e-59 0.00938884 1.04507e-22 1.13184e-63 0.0375882 3.33147e-13 7.04864e-115 2.68651e-12 1.18916e-80 3.19651e-86 4.16241e-67
6.97407e-44 2.14898e-126 2.82536e-30 0.203899 7.30866e-13 7.26886e-59 3.58226e-33 3.7454e-52 9.45106e-33 4.22002e-93 8.87373e-82 1.72294e-67 2.75595e-111 3.29604e-57 3.05745e-24 1.27066e-23 1.37014e-109 0.000130899 1.96588e-19 9.34256e-108 1.67798e-19
2.86965e-59 1.80656e-134 8.73964e-39 9.94618e-102 5.72842e-11 2.23644e-46 2.37834e-98 1.44856e-153 9.28333e-49 1.19417e-111 5.4046e-88 1.2259e-17 4.55282e-109 1.21066e-10 4.91733e-92 1.38863e-98 7.89665e-80 7.1637e-141 7.15626e-82 1.18381e-91 0.049743
7.99123e-106 4.62897e-172 0.270027 1.87562e-85 3.49929e-39 0.00651056 0.122813 7.97325e-25 1.84875e-12 1.87932e-85 3.23946e-73 1.55037e-48 2.13157e-45 2.00171e-102 1.56983e-75 7.97198e-56 2.21896e-95 1.90036e-114 1.86818e-57 1.5764e-22 8.114e-83
0.178637 3.60529e-115 5.78691e-07 3.28301e-31 0.00717998 8.57365e-15 3.32911e-14 0.0760283 3.13486e-41 0.0276142 1.09782e-134 4.99652e-14 7.13073e-85 1.43152e-95 9.24552e-23 7.40023e-11 0.0455138 0.206447 2.99874e-87 1.33828e-66 5.39397e-80
