1.01646 1.08357e-185 3.35359 3.92554e-40 3.50014e-290 2.80228e-76 8.01693e-111 2.97666e-243 1.00359e-89 3.43346e-166 1.41687 4.94063 9.24512e-50 1.23385e-173 3.40755e-153 0.260155 1.81572e-104 0.706137 1.54988e-152 1.98299e-86 0.149663
2.65905e-97 5.66482e-164 1.39498e-237 1.95351e-161 1.49353e-121 3.9681e-212 1.08403e-49 4.03871e-111 5.4126e-51 1.76192e-232 4.14521e-321 3.66055e-288 2.55653e-48 0.26782 2.49581e-168 3.5264e-223 2.31818e-111 3.79552e-69 1.01677e-58 1.71033e-191 1.69317e-111
7.70393e-60 3.41669e-245 2.73636e-155 2.93021e-46 1.41559e-69 1.28267e-90 4.03748e-61 7.32844e-226 6.32161e-82 4.28143e-59 2.91047e-166 2.11915e-173 0.186022 2.22382e-109 3.42887e-213 8.39912e-322 1.34927e-221 3.02003e-205 3.57556e-59 1.88449e-170 2.17924e-151
3.15433e-99 0.134288 8.65131e-149 0.273955 8.82142e-179 0.157405 0.350126 6.45989e-275 9.33323e-60 1.05816 1.96437e-234 8.79024e-113 4.94534e-157 1.36926e-128 2.19339e-137 7.95446e-322 1.60907e-134 0.52876 6.02407e-101 3.74156e-29 2.24188e-144
1.17869e-26 6.01097e-74 2.44207e-163 1.3326e-17 7.53708e-301 5.94727e-223 4.69636e-173 6.10492e-106 0.0411569 2.0724e-72 2.29653e-228 4.37269e-271 2.47173e-21 2.4663e-61 1.15053e-100 9.28843e-322 2.43529e-53 2.09138e-147 4.56581e-20 3.0111e-67 1.20787e-38
3.91106e-181 9.38008e-254 8.24487e-248 3.4586e-146 8.60818e-311 1.01263e-218 8.68786e-167 4.2093e-265 1.00269e-93 5.25788e-222 4.91037e-289 3.45805e-297 1.50783e-127 1.79567e-202 5.41046e-231 1.77864e-322 3.07114e-228 1.59293e-205 6.71339e-186 2.06029e-214 1.381e-236
2.27175e-14 2.36803e-54 5.69556e-174 7.20893e-140 4.90829e-91 8.37871e-166 3.2954e-54 1.93685e-103 0.0731151 2.18381e-97 3.06813e-247 6.9453e-231 2.11826e-86 0.174113 4.67356e-111 1.32157e-205 3.19863e-114 1.3889e-199 6.53523e-191 9.63026e-150 1.43576e-114
1.06846e-94 6.36993e-139 9.93282e-55 3.4787e-11 1.4872 4.02664e-106 2.95753e-176 1.81144e-123 1.98618e-17 0.0630329 1.95752e-296 6.25348e-79 5.04803e-148 2.86985e-150 2.73777e-198 3.88452e-83 0.12437 1.06301e-90 2.08244e-107 5.26501e-136 1.12118e-244
7.17377e-90 7.48965e-82 9.8419e-286 7.66334e-159 1.33127e-204 1.97988e-240 4.36499e-195 1.15468e-286 0.0544278 1.92381e-215 1.0504e-203 1.90829e-258 1.7728e-106 2.91597e-61 9.23473e-177 4.89125e-322 4.00932e-216 8.09026e-208 1.96e-109 1.42829e-205 2.21607e-283
1.09888e-07 0.137276 4.63411e-108 9.24512e-25 1.24077e-185 1.44438e-144 4.82012e-113 3.53425e-171 3.73434e-11 7.01363e-145 4.97139e-312 9.25066e-90 2.0193e-40 6.30268e-51 2.92728e-189 5.02466e-224 4.68145e-122 3.69502e-188 0.22219 7.09712e-130 3.15551e-157
3.91764e-180 3.41339e-199 2.19629e-257 3.98931e-84 2.51168e-141 1.42957e-195 1.46484e-74 0.220336 2.43161e-90 7.5032e-235 7.24185e-254 1.11099e-110 0.529296 0.185223 0.435939 1.06224e-321 0.327672 2.48024e-143 6.85522e-182 0.335569 1.50675e-232
0.489946 1.65979e-234 4.31872e-169 3.26025e-130 7.33527e-248 1.57769e-73 6.10117e-127 4.289e-242 6.69641e-100 3.39311e-166 1.25163e-279 7.72923e-289 8.55162e-155 1.80882e-176 5.24462e-157 1.07324e-237 2.15285e-208 2.725e-135 3.23084e-133 2.21333e-221 1.66513e-130
