1.69401e-17 1.30708e-85 6.091e-49 4.61458e-30 7.95929e-60 2.31971e-77 1.3816e-95 0.343995 2.38029e-86 3.29466e-132 3.25853e-93 3.85717e-65 7.15965e-95 1.58923e-78 3.78231e-117 1.22987e-102 2.36921e-118 1.0872e-41 9.2933e-55 1.7046e-118 7.6694e-66
4.25529e-109 0.380392 2.06302e-37 6.30622e-58 1.95165e-23 1.32766e-97 2.33606e-82 2.20956e-07 8.21941e-43 2.71409e-133 5.37691e-52 4.78931e-65 0.0328268 0.0564807 0.0847655 0.0127117 5.24025e-12 0.300529 1.62088e-65 1.56214e-29 3.58767e-11
1.15319e-112 4.70868e-62 1.84007e-35 8.42749e-41 9.30074e-25 1.87241e-85 3.18137e-142 8.62451e-60 1.53109e-127 8.40614e-89 1.12331e-74 2.52641e-59 8.95182e-39 4.11214e-62 4.04461e-112 4.29755e-93 0.22636 1.39336e-33 8.03918e-85 1.82742e-128 2.94557e-47
2.3683e-144 6.83321e-12 1.94924e-41 0.432708 3.89119e-83 6.75985e-16 2.18046e-128 0.0931815 0.169177 6.37074e-84 0.371599 1.54361e-18 6.96082e-139 5.2467e-105 4.71976e-75 2.61535e-29 1.8581e-46 2.63337e-58 0.275731 1.3065e-61 4.9908e-25
1.79459e-72 3.9148e-12 0.236657 3.55693e-160 8.77453e-08 7.25628e-104 2.14429e-20 5.78311e-25 5.72358e-50 2.10716e-24 1.78383e-19 0.467706 0.0238224 9.77714e-116 1.04795e-53 5.57423e-124 6.49432e-49 3.43996e-90 1.68271e-32 1.96802e-82 4.62827e-92
1.15493e-142 1.44551e-75 1.7671e-20 3.96282e-119 0.0685126 0.0583771 4.86665e-36 0.0168778 9.71619e-101 1.04022e-77 4.05841e-53 1.09198e-07 1.22553e-118 2.02887e-80 9.6487e-71 4.35797e-28 1.77114e-77 6.25856e-15 1.11725e-60 0.236808 0.522753
8.43084e-56 4.98845e-09 7.85905e-09 2.56589e-13 7.6686e-63 0.000624341 2.67836e-29 6.88102e-22 5.09365e-102 0.185081 3.8437e-33 1.76564e-44 3.42521e-123 8.31394e-51 1.45501e-102 0.0481094 2.94284e-75 1.2329e-61 2.18493e-15 7.78688e-154 0.265639
8.78302e-51 1.30592e-72 0.543377 1.13812e-75 1.93839e-05 4.93038e-25 1.27006e-146 1.36157e-44 1.19663e-100 3.69008e-52 1.01637e-115 2.22713e-07 1.38302e-34 2.37301e-123 5.35031e-120 5.09126e-107 3.72533e-25 3.64781e-81 1.42882e-46 1.09421e-51 1.51756e-82
4.95536e-40 8.01008e-49 6.29971e-32 1.54368e-122 1.2814e-59 2.15427e-54 1.36093e-138 4.69967e-68 1.33546e-79 5.03569e-125 7.49999e-66 0.143032 8.14798e-68 5.88697e-108 2.05983e-137 2.69517e-64 5.56177e-74 6.52415e-115 4.31014e-120 6.47008e-88 4.008e-47
1.17758e-68 4.11113e-73 0.157645 7.39103e-157 1.24479e-62 1.25588e-22 2.00914e-39 2.90967e-38 3.68024e-18 1.4218e-43 9.48145e-86 3.93343e-36 4.87627e-94 4.16834e-164 2.40069e-148 2.39176e-36 1.28107e-149 2.66839e-123 6.26146e-113 1.24122e-99 7.86413e-61
0.109765 1.56118e-100 2.72586e-23 3.51039e-120 4.33943e-76 1.29697e-114 1.58485e-125 2.10348e-12 6.88151e-56 2.88906e-27 4.40964e-126 2.54104e-14 4.13149e-137 1.31433e-149 4.65806e-117 2.25461e-48 6.15729 1.02979e-13 6.49248e-116 1.23205e-61 6.97601e-65
1.12658e-78 1.24492e-45 1.99915e-26 5.70966e-98 3.7691e-45 4.72774e-115 0.105139 1.46212e-38 3.38855e-53 1.6849e-34 9.87257e-05 0.257781 2.80117e-157 1.09928e-120 1.53371e-93 1.7739e-39 8.62885e-50 1.04546e-50 2.34077e-159 1.93297e-94 1.64956e-93
