1.53394 0.11098
0.111084 0.00644683 1.4542e-24 0.213036 7.98192e-19 1.46807e-15 4.89966e-69 0.0284988 1.39503e-89 1.82905e-79 0.488036 1.01511e-37 1.58231e-25 1.10199e-30 1.44039e-45 0.141832 4.14867e-61 2.2884e-09 5.39958e-84 1.86834e-69 1.55717e-27 2.27851e-54 1.43304e-09 0.0972987
9.40082e-38 6.41868e-120 3.91216e-103 0.00728117 4.21766e-58 9.79675e-12 2.39031e-30 1.53433e-55 6.0811e-76 5.76109e-80 4.3048e-32 2.65352e-62 2.23897e-33 3.14935e-11 1.29523e-113 6.69446e-26 2.11302e-75 3.66057e-46 1.34488e-50 3.38062e-92 4.52868e-57 0.0349586 7.23019e-79 1.22649e-32
1.25727e-110 1.02044e-13 0.144803 6.47778e-26 1.65393e-98 4.36419e-08 2.88884e-77 3.47987e-39 0.0379437 4.55942e-69 1.70017e-22 5.55632e-07 1.76582e-05 2.18852e-07 3.31742e-120 2.89716e-87 1.76299e-33 4.8707e-13 1.34178e-10 9.26414e-32 1.34551e-15 1.91547e-11 1.44286e-07 1.57839e-21
1.30169e-81 1.45289e-31 3.90969e-68 5.97579e-78 0.228662 2.48184e-32 3.51699e-54 3.97544e-98 7.43743e-30 6.96912e-26 2.0161e-24 4.20316e-131 2.42812e-28 5.62533e-68 0.11557 6.59828e-87 9.53589e-70 0.0346299 0.125941 3.01293e-78 2.44854e-29 1.87182e-34 1.20473e-55 1.69739e-36
2.57727e-80 7.81807e-86 6.56167e-93 3.15092e-31 3.06346e-74 1.17307e-67 3.53294e-45 4.38151e-93 5.53162e-94 3.08483e-48 6.68022e-96 1.27458e-107 0.0298912 7.09257e-82 4.42544e-72 4.19383e-53 1.40075e-62 1.81265e-41 1.22044e-52 5.78957e-114 4.57445e-35 8.82364e-28 3.56893e-39 7.552e-52
1.65481e-125 6.73648e-131 0.0785729 1.11711e-50 2.55658e-91 1.29155e-47 2.82448e-78 8.24694e-09 2.15729e-47 2.83395e-50 7.57226e-47 1.50889e-75 2.83455e-35 9.34671e-28 4.872e-72 1.96742e-53 1.67975e-50 1.98063e-42 3.41148e-29 1.88401e-58 3.60455e-39 0.0563663 1.23633e-32 8.36754e-18
2.35701e-68 0.497139 1.82867e-39 1.78239e-27 1.88091e-94 5.25389e-09 0.053405 2.25686e-68 5.74879e-68 0.0222559 1.59042e-37 0.46323 0.260021 0.169111 2.17653e-32 9.24581e-69 0.093429 7.13974e-05 1.20705e-26 0.412087 0.0494061 1.57705e-06 2.14486e-08 4.93723e-25
1.56051e-131 7.88261e-66 1.3154e-34 1.15136e-69 1.92454e-09 3.59682e-34 0.00513821 6.48951e-29 1.15024e-70 4.04661e-70 1.41018e-90 4.67311e-73 6.38649e-13 3.85958e-69 1.02901e-82 2.38176e-42 6.82012e-34 3.63787e-38 9.10194e-33 1.75461e-91 4.51455e-68 5.62608e-36 2.9786e-71 4.3088e-48
1.97313e-134 3.34011e-13 3.46942e-18 2.15318e-21 0.00186731 0.244787 1.03635e-68 3.7552e-63 6.36156e-55 7.1185e-44 1.38194e-89 1.83226e-77 2.67829e-06 1.77931e-18 1.12433e-101 5.76064e-51 6.99793e-13 7.67957e-12 9.40769e-87 0.0185949 2.79565e-27 1.52354e-59 0.156837 5.04288e-47
