0.0566432 5.59061e-97 1.66298e-55 0.000113908 5.12171e-29 0.0495234 6.63865e-55 2.94295e-60 3.4421e-69 3.3158e-17 2.87729e-78 1.99631e-41 9.00587e-56 3.56557e-13 8.16687e-58 5.1772e-48 9.949e-110 8.06206e-70 2.26143e-88 2.01907e-52 1.66678e-69 4.24617e-22 1.34586e-49 7.76912e-35 8.15376e-19 8.17007e-54 1.04078e-50 1.63643e-38
0.641748 7.56388e-17 6.90299e-60 5.65478e-81 1.36624e-29 5.71902e-30 2.40589e-56 6.08135e-10 5.30669e-31 5.15223e-62 3.3435e-45 7.88704e-99 4.5864e-86 2.1519e-15 2.73528e-82 1.11019e-53 2.02137e-100 0.056195 1.56475e-13 0.119937 7.70726e-14 1.45201e-15 5.46396e-51 3.81578e-53 2.98229e-28 2.84901e-11 6.90063e-32 1.16805e-69
4.67547e-35 1.76749e-43 1.25862e-45 2.24384e-121 1.1485e-20 1.14528e-49 3.80281e-59 3.12698e-67 3.01493e-82 2.11734e-74 1.43181e-28 2.41197e-50 6.47721e-48 6.55528e-80 5.37072e-68 4.18137e-72 1.11801e-124 1.08581e-33 2.655e-53 6.11608e-22 3.69887e-73 1.65987e-35 0.0219333 7.32438e-64 3.12533e-40 2.71858e-50 4.39e-26 1.255e-23
0.000120375 1.58016e-108 1.61629 2.06114e-98 0.0355945 1.16208e-06 7.46835e-65 7.51293e-77 6.84599e-41 6.59312e-21 0.00513937 4.09744e-13 9.04112e-39 4.75566e-16 3.38966e-18 0.00274534 1.84477e-120 2.03517e-79 0.171893 1.93883e-19 2.04402e-54 7.60264e-14 1.57824e-52 6.96393e-78 0.270446 0.260755 7.54755e-08 5.94194e-22
7.14872e-12 2.81888e-89 1.23429e-30 6.8332e-15 2.51977e-21 5.50689e-18 9.54172e-74 5.33671e-48 3.13824e-84 4.68859e-55 5.06838e-77 3.28235e-33 2.19409e-14 5.78741e-21 1.22003e-41 1.00396e-69 7.84512e-114 4.59018e-51 3.97998e-33 9.8434e-23 1.49263e-17 1.18145e-69 5.75336e-52 3.07596e-51 7.23749e-40 5.60989e-11 0.123092 1.07707e-26
5.27511e-28 2.56588e-45 1.96516e-66 0.115581 1.17451e-22 2.03673e-31 1.92157e-55 0.0114968 2.14357e-80 2.2268e-34 0.227002 0.0216703 0.0317369 1.1456e-50 6.00546e-106 0.158491 1.41663e-105 1.50438e-78 4.27021e-53 2.18424e-57 0.381918 1.91425e-25 1.65762e-09 4.61236e-69 9.00803e-49 6.21065e-14 2.49479e-38 2.39491e-15
1.07605e-44 5.08207e-24 5.32544e-36 2.25831e-89 2.4866e-41 6.85523e-31 2.65821e-70 6.1652e-93 6.69326e-71 1.20184e-55 9.31431e-18 3.8874e-25 1.03498e-06 3.25173e-43 0.00414553 7.50493e-29 1.49796e-74 1.83697e-98 3.0401e-43 0.439634 0.0537312 2.25187e-60 0.0034184 7.11846e-51 1.15514e-10 7.13432e-59 6.06206e-38 7.76513e-16
8.00133e-17 7.22871e-124 2.97912e-40 3.06759e-92 2.22066e-50 1.58891e-43 9.60923e-29 5.14468e-75 5.99559e-45 3.38603e-60 3.84757e-59 1.62963e-28 1.05128e-95 2.41776e-21 6.62102e-40 9.10292e-83 5.13714e-50 1.42704e-74 7.48757e-60 6.64013e-12 9.91848e-14 1.76289e-46 4.35694e-12 2.65814e-39 6.60754e-48 3.12998e-67 0.0561633 3.68852e-47
4.12668e-47 4.0053e-122 1.59585e-59 6.05881e-80 5.42875e-20 1.58407e-14 5.13497e-107 5.52645e-83 6.17604e-45 5.92255e-06 8.99814e-84 5.32365e-52 2.43916e-62 1.14704e-46 1.20751e-86 7.43948e-73 1.95944e-124 2.70034e-63 1.09755e-46 4.00803e-65 2.30257e-24 5.76822e-58 1.85356 3.75635e-80 3.18437e-69 1.97234e-20 9.61684e-31 7.32051e-15
1.0602e-37 1.97177e-68 2.21743e-63 5.12429e-23 2.81321e-28 2.80675e-32 1.11321e-46 0.111734 2.82423e-22 3.29506e-62 4.36555e-26 1.02687e-37 4.3702e-96 7.50951e-44 2.63584e-52 2.42988e-52 0.0989206 6.48015e-17 5.56337e-19 1.24848e-18 7.02592e-15 0.170731 3.82578e-47 6.33736e-35 4.95916e-14 2.94661e-31 0.0772067 0.127941
0.0884729 5.06352e-114 1.02748e-21 1.79551e-79 0.0528128 2.35858e-64 5.18584e-52 8.35708e-97 1.5525e-41 2.08777e-87 2.7305e-65 3.76641e-90 8.48058e-40 2.7341e-55 3.45112e-99 8.27219e-52 3.41442e-72 9.92262e-09 2.55669e-123 2.26309e-57 1.08377e-72 2.20333e-21 1.54854e-56 2.26856e-76 9.50605e-41 3.31429e-55 5.90318e-09 1.07963e-25
7.4269e-32 1.59119e-24 0.267623 4.37203e-55 2.33501e-17 9.06662e-68 1.7038e-33 6.91167e-24 0.0503031 2.87883e-20 1.02429e-86 1.21793e-108 0.160033 5.69724e-65 0.0240108 2.5068e-35 7.6699e-122 8.55463e-74 3.3939e-108 1.52751e-24 2.65089e-67 8.69346e-06 0.00127715 8.89831e-20 9.33088e-26 4.25816e-57 1.27609e-48 1.17014e-47
1.91449e-35 2.22078e-23 2.46395e-31 2.17039e-30 6.21774e-27 3.90331e-18 1.98743e-93 3.57715e-87 1.21274e-40 2.31904e-43 0.0495535 2.16236e-35 4.17395e-96 3.38259e-64 1.50508e-65 6.89354e-09 5.72448e-102 2.83863e-52 2.16182e-120 4.49506e-77 1.85853e-53 2.98639e-10 2.22615e-22 9.84214e-25 8.0099e-70 9.10577e-20 1.43116e-51 1.30791e-63
1.48024e-39 7.41938e-76 5.77055e-38 3.48996e-62 1.87346e-52 1.53131e-68 6.28952e-49 3.07035e-81 2.26441e-24 4.05658e-51 7.62579e-91 1.37786e-108 6.52777e-47 1.0179e-52 3.92879e-71 3.28567e-51 1.1348e-105 1.424e-55 6.42329e-41 1.01164e-10 1.12149e-61 3.04912e-72 0.333176 2.93231e-45 1.45868e-43 8.87677e-44 1.15488e-52 1.25943e-11
0.149815 7.53701e-83 2.72114e-62 1.00342e-28 4.52873e-12 3.94889e-61 1.12326e-83 5.88913e-114 6.67074e-68 4.29609e-20 9.31341e-16 1.40641e-105 3.33951e-78 4.06632e-70 4.54611e-49 3.96948e-51 1.21651e-142 2.23633e-72 7.55003e-100 1.44494e-29 2.31445e-36 7.63436e-56 1.53354e-28 1.50335e-57 7.15284e-71 2.56297e-63 1.77121e-49 1.96736e-23
8.52807e-24 0.0712566 1.16346e-17 4.72428e-48 3.05272e-35 1.40799e-28 0.148774 3.70125e-86 2.69499e-34 0.115213 2.60094e-51 2.09764e-31 3.14465e-56 0.0323638 6.95571e-20 2.29233e-71 0.0018696 1.46327e-21 3.3559e-05 2.4308e-47 1.2872e-34 2.78127e-39 1.69575e-28 0.0648157 1.05804e-67 2.81406e-66 5.89548e-21 0.0344168
