4.70663e-42 0.156777 2.18152e-98 1.50582e-56 1.86888e-53 6.72073e-77 3.28211e-132 5.9276e-34 2.08729e-106 4.49404e-90 5.04796e-155 1.91163e-12 1.7236e-110 2.08172e-173 1.09591e-107 2.3551e-134 9.00495e-130 4.24156e-185 9.83239e-90 1.64767e-49 7.96867e-14 1.92503e-78 1.77175e-58 9.54071e-29 3.14742e-11 9.18913e-74 3.16282e-43 4.67006e-139
6.46844e-119 0.00561945 1.16034e-35 3.4109e-37 8.88162e-123 2.30124e-125 3.24914e-135 3.81213e-56 5.016e-127 2.98735e-96 5.96819e-144 3.59697e-36 6.6234e-66 7.00707e-139 5.73742e-64 8.5147e-44 4.86107e-129 1.87705e-208 1.83981e-130 0.196809 4.59182e-82 5.75934e-126 1.26787e-08 1.26849e-20 4.31012e-71 8.14459e-70 1.2993e-32 5.75302e-163
2.01006e-110 0.162131 1.04624e-125 1.29342e-133 1.0154e-105 2.35314e-106 9.7198e-192 4.25513e-62 1.15854e-183 4.47324e-62 7.34146e-133 1.85373e-17 3.15601e-143 3.88913e-98 3.44478e-95 2.37691e-129 1.85838e-99 1.13822e-180 1.01347e-75 1.48825e-67 5.62494e-23 1.81086e-165 2.7272e-70 6.76851e-33 4.90395e-19 3.48723e-133 3.19861e-145 2.80924e-143
3.76029e-58 1.08521e-06 1.46771e-39 2.0556e-52 9.15221e-65 3.61365e-92 2.65841e-63 0.582018 2.57099e-72 3.50694e-81 3.02413e-118 0.0356137 6.98175e-79 3.08254e-75 6.30036e-166 3.05681e-122 8.07071e-56 1.13926e-95 2.37094e-75 6.90367e-65 2.99397e-64 8.07016e-39 2.32081e-68 3.07755e-105 1.20364e-120 2.02531e-108 0.0251311 4.4209e-23
2.90748e-29 2.21949e-52 4.44965e-36 4.85176e-135 1.32382e-75 1.19057e-16 4.10176e-131 3.09321e-61 8.41012e-93 3.83659e-82 2.48276e-110 1.36172e-66 3.08882e-135 2.15791e-71 1.15172e-83 5.76092e-69 1.31286e-106 1.05815e-178 2.06058e-93 0.225111 8.31107e-32 8.57165e-127 2.52845e-18 6.81255e-94 1.58438e-119 1.49536e-117 7.20122e-86 1.40893e-164
1.05869e-62 2.5745e-24 6.99694e-65 0.117958 7.0442e-58 5.62486e-102 2.06608e-44 2.68549e-73 3.87361e-97 2.87792e-20 2.00046e-133 0.0184765 1.22354e-48 1.28338e-147 5.66918e-134 0.298237 7.82997e-64 3.57679e-140 3.35529e-32 1.04461e-39 1.31331e-16 1.21661e-90 0.0417613 4.04101e-49 4.77014e-50 5.93893e-22 6.07143e-135 1.59265e-71
0.0135623 2.42025e-65 4.80047e-69 1.66754e-87 4.30953e-106 4.26285e-138 1.40893e-56 0.0205062 4.59505e-149 2.61107e-42 2.343e-57 9.50645e-12 1.63722e-43 6.46643e-172 7.93893e-122 2.27465e-92 0.128097 6.8346e-143 1.58933e-129 4.26177e-32 6.76192e-75 4.00969e-143 0.270772 1.95304e-44 4.7177e-95 1.8808e-57 1.94583e-89 1.67605e-169
8.89635e-113 5.21506e-69 2.73491e-49 7.85453e-59 3.02117e-114 2.44108e-09 6.22134e-157 4.60891e-58 1.07797e-155 1.12335e-56 1.51442e-114 1.19168e-54 2.44722e-145 2.27501e-63 1.51735e-76 6.44257e-43 7.02473e-96 9.2236e-188 3.5158e-59 0.161705 8.33334e-19 6.48594e-39 1.25274 1.67593e-101 4.62643e-09 1.27692e-147 4.7366e-32 6.15722e-163
1.85943e-84 3.04489e-77 3.3635e-69 3.46655e-26 4.23435e-56 1.35663e-104 1.40591e-130 1.01605e-16 2.26075e-171 2.17839e-22 1.93955e-74 2.86731e-79 4.78749e-141 6.86144e-97 5.51707e-94 2.04423e-132 1.01481e-99 6.13684e-214 2.58393e-117 1.11027e-07 9.22834e-49 2.25135e-121 6.57706e-22 1.92016e-25 0.227693 4.65992e-96 7.21552e-114 1.30284e-116
7.45065e-70 0.0363749 1.44914e-118 3.9725e-98 1.29064e-38 2.49948e-13 1.75603e-105 5.31257e-25 3.06826e-114 8.8159e-68 1.3178e-116 4.38387e-33 0.0247533 2.44383e-89 6.0448e-129 2.8197e-49 6.0514e-91 9.40641e-79 5.42544e-121 1.54965e-53 1.12807e-41 0.0527796 1.30079e-65 6.09961e-54 0.00146149 9.46657e-134 6.16954e-116 0.0557031
4.73772e-101 1.07642e-21 0.152426 1.52663e-58 3.44221e-31 0.00130317 6.5435e-152 5.15857e-74 3.48767e-116 3.6868e-05 5.34389e-123 9.96362e-56 2.74052e-146 6.43291e-130 4.26897e-150 7.70897e-62 1.30702e-136 1.78822e-120 3.78574e-69 2.41798e-06 9.87108e-71 2.2565e-143 0.201398 1.05663e-63 0.334293 2.70996e-38 3.2021e-141 1.8977e-108
0.0118881 0.00179353 1.61557e-08 3.32937e-87 0.22367 7.41567e-08 0.428767 1.34528e-61 0.453709 1.13157e-77 0.104171 6.94169e-36 1.37403e-42 0.20554 0.263251 6.19066e-05 2.56906e-54 0.674297 0.0821057 3.13259e-34 7.00766e-11 6.10467e-166 5.72803e-63 0.513181 3.59095e-121 0.435055 1.47719e-20 1.95916e-167
2.28968e-112 8.51815e-83 2.87505e-116 4.96844e-128 8.87194e-113 9.08669e-134 2.56799e-204 3.15851e-102 1.29061e-197 1.29701e-106 2.15054e-155 7.5125e-94 1.03131e-142 2.21822e-194 3.51886e-169 1.74589e-129 1.14613e-133 1.72438e-213 7.11024e-158 1.09941e-65 7.11159e-67 1.89893e-166 1.32494e-65 1.906e-101 1.90791e-112 2.95952e-126 1.86238e-127 6.89453e-158
1.26518e-15 2.99732e-42 6.44573e-29 3.47332e-95 1.51422e-107 8.23842e-56 2.52883e-199 8.34294e-41 5.88377e-108 8.87519e-89 1.60673e-152 1.77146e-16 1.41734e-133 1.19795e-205 0.219594 2.70833e-113 1.19337e-10 4.19011e-66 1.32338e-135 3.88335e-53 0.198449 5.28305e-60 4.41214e-56 9.85402e-09 2.84153e-79 3.59925e-07 0.218075 7.15278e-50
2.22148e-78 1.11173e-27 7.79462e-44 6.91049e-113 3.60211e-75 3.42167e-47 1.29099e-79 2.11578e-53 5.18306e-143 7.47517e-19 9.77353e-106 2.281e-52 5.43455e-39 1.08042e-149 2.71611e-106 3.73317e-67 1.08429e-55 1.91117e-105 3.62971e-159 2.22021e-38 1.90447e-37 4.80042e-63 1.51605e-71 6.4982e-106 1.27604e-33 5.8708e-108 5.58423e-67 2.61349e-111
3.18001e-73 9.92906e-34 5.68085e-51 4.43701e-09 9.39722e-72 0.153901 1.85756e-102 4.72857e-80 1.77504e-199 0.109121 5.02593e-98 1.30839e-48 0.0769494 3.14003e-183 1.32495e-142 6.51653e-15 1.22204e-38 1.0282e-203 5.92624e-75 7.24427e-53 6.02571e-60 4.47244e-143 5.29126e-47 2.35301e-11 1.34661e-55 7.08617e-78 1.43848e-91 7.8458e-58
