7.84986e-44 6.01997e-72 7.18425e-73 1.9967e-17 7.06823e-37 1.86611e-23 8.01337e-44 4.43031e-99 7.47318e-19 4.71166e-12 1.60779e-19 0.161622 2.48169e-37 2.55269e-66 0.173119 1.59351e-31 7.36664e-26 3.81077e-14 3.64385e-61 2.39624e-65 1.69045e-93 1.90635e-90 7.69302e-12 3.94112e-52 1.57506e-80 3.02852e-40 0.0998226 0.0140424 0.226143
3.20864e-97 1.00967e-98 1.00901e-144 1.85658e-102 2.69262e-100 1.63927e-61 2.1932e-103 1.62919e-127 6.74907e-104 0.165669 2.69071e-41 4.93841e-48 1.18255e-28 4.33524e-14 6.044e-43 0.00055717 9.92026e-72 2.79882e-65 2.50785e-84 0.349021 1.52239e-95 2.35034e-33 1.65506e-76 5.52492e-62 0.122441 7.90866e-24 3.60369e-15 0.255699 2.41092e-47
1.82926e-63 2.33778e-57 6.72942e-69 1.43826e-09 4.05182e-39 1.67624e-37 3.99072e-34 5.01625e-24 1.23874e-80 1.32296e-23 5.39849e-32 1.04412e-48 4.66702e-19 0.0123693 2.2925e-97 6.5895e-100 0.0974308 1.9165e-23 2.26891e-103 4.0905e-89 9.7014e-27 1.06943e-97 1.76286e-28 1.06531e-16 3.86863e-26 9.28558e-38 4.50306e-18 1.18482e-55 7.00605e-15
5.18957e-14 3.91681e-86 6.14478e-127 4.70332e-117 1.06151e-25 4.77608e-28 5.64356e-15 1.4793e-14 0.0180953 6.16834e-48 7.498e-40 1.28877e-64 0.13732 0.0722619 1.17972e-92 0.0326369 8.6568e-15 8.86348e-16 1.4542e-79 2.78717e-36 7.39253e-56 0.118996 2.46805e-23 0.0324116 1.72303e-94 0.0578115 1.32227e-33 5.5046e-22 1.63752e-15
3.90954e-116 4.65764e-35 2.9808e-44 2.26228e-27 4.77015e-39 7.06812e-27 5.13015e-25 1.01841e-107 0.089368 5.3665e-33 1.66037e-59 6.46888e-30 5.08438e-61 5.86443e-09 6.95815e-28 3.00616e-57 5.43755e-63 2.61045e-39 0.000822172 3.30111e-60 3.68816e-43 1.21832e-57 1.06607e-39 1.50143e-76 0.00634886 9.45743e-23 0.0231375 8.65312e-74 4.11761e-23
0.00107118 0.004803 2.7305e-07 0.00192677 0.000956958 0.020415 0.0197545 0.00167938 8.40881e-07 4.19385e-56 2.69921e-93 1.75493e-67 1.78054e-129 9.54296e-119 5.56662e-118 1.925e-103 9.0838e-73 3.03169e-86 5.11374e-110 7.85506e-105 3.26882e-111 6.34045e-116 2.0118e-79 6.06755e-109 3.54238e-93 5.81612e-68 8.26182e-73 1.96156e-113 3.74051e-82
1.03078e-132 1.39309e-137 4.80329e-111 1.35522e-36 3.17678e-49 3.26516e-45 4.63401e-48 2.68407e-18 5.87453e-64 7.13416e-52 1.41511e-33 1.72708e-22 2.30577e-66 0.0732326 1.27707e-59 8.44648e-65 2.91282e-29 2.05856e-39 5.70571e-89 1.00312e-93 5.04439e-59 7.09821e-33 0.182206 5.84618e-32 2.14116 4.05902e-14 1.62008e-69 1.05157e-76 8.12814e-70
6.43499e-46 2.06842e-54 3.8454e-16 4.37534e-106 3.08895e-27 2.11488e-79 6.6753e-38 9.93564e-79 8.00819e-87 9.12237e-41 0.162858 8.83462e-44 3.49417e-126 9.93448e-16 6.49627e-23 0.176028 2.83234e-46 2.77009e-23 7.96153e-65 1.66535e-51 1.74122e-73 3.60353e-111 2.2146e-28 4.45266e-53 0.0307874 9.0002e-27 5.34752e-06 2.43905e-05 2.33719e-26
3.87365e-24 1.1413e-40 6.31453e-63 2.11195e-74 1.20028e-34 4.36913e-16 9.08609e-75 1.05915e-58 1.01646e-18 0.4062 8.02585e-47 4.74355e-36 8.10262e-73 3.36369e-72 1.5118e-112 8.28068e-96 1.0306e-27 0.0622133 1.12721e-49 8.52574e-80 6.33805e-106 3.64392e-63 3.25571e-31 3.57415e-56 7.35601e-28 1.30134e-52 7.80058e-58 1.21513e-66 1.51954e-82
1.06932e-11 2.43727e-85 0.432276 5.6538e-13 9.67504e-37 3.33226e-23 5.06571e-83 1.72394e-13 3.30609e-50 0.0261599 1.25115e-88 6.92935e-08 1.981e-11 0.0228103 4.99926e-99 4.6636e-81 3.13967e-28 2.9981e-38 0.100748 1.23728e-46 0.0320175 2.59404e-36 9.3902e-15 2.94617e-108 9.91108e-12 0.00130382 5.11392e-65 4.34391e-12 3.40929e-75
