1.82517e-43 3.37749e-43 2.1763e-150 1.37842e-114 9.58128e-86 2.91535e-27 1.43188e-22 7.72677e-106 0.023248 7.97923e-76 6.19125e-150 1.947e-126 5.98682e-120 3.24401e-159 2.52716e-50 6.41516e-67 4.691e-46 7.58423e-149 4.50666e-65 6.48236e-90 4.12077e-113 1.64937e-84 2.2861e-113 2.26898e-81 6.5957e-161 8.53545e-136 0.313994 2.1399e-64 2.13978e-152
1.40919e-111 2.01468e-110 3.60544e-160 3.97452e-48 8.75486e-29 3.66509e-122 1.6058e-83 1.9478e-61 1.88899e-72 4.31758e-113 3.88688e-171 9.62824e-117 3.97193e-26 2.11404e-130 0.000428354 1.50214e-165 9.39471e-79 4.85507e-77 2.16885e-225 2.79137e-37 6.41439e-110 2.34307e-64 1.22527e-46 1.27683e-104 4.33619e-131 3.47866e-72 0.295713 2.35477e-100 2.55089e-190
1.02e-59 4.97508e-103 1.18492e-156 1.91182e-99 1.90925e-70 6.22593e-98 1.01478e-178 2.58767e-09 2.64996e-60 4.25782e-27 3.32649e-79 2.59301e-47 5.803e-98 1.38599e-145 2.04929e-19 1.55298e-48 3.99367e-52 1.04292e-90 1.58757e-185 1.62509e-43 1.02573e-65 1.23772e-14 1.32151e-112 3.04528e-208 6.08907e-140 1.2442e-132 0.789826 1.33696e-49 1.16423e-87
5.09636e-64 7.87179e-25 2.52697e-200 9.25941e-15 1.54394e-184 1.36908e-61 9.44931e-15 1.35998e-72 4.49251e-99 6.80508e-72 6.83094e-74 1.18703e-06 0.0882123 2.34134e-85 6.39804e-18 5.02262e-39 9.91816e-11 7.65473e-57 1.88476e-68 0.521622 9.2197e-90 3.3258e-14 7.28652e-58 2.55829e-67 2.64749e-161 4.32173e-142 2.2521e-64 7.27161e-30 8.25988e-18
5.79219e-94 3.64606e-102 2.22175e-181 3.20145e-63 6.9121e-34 8.96527e-62 1.70791e-75 4.36609e-84 1.65288e-119 0.258672 2.0609e-207 0.0533952 1.71639e-15 1.24136e-85 3.46703e-51 5.12359e-150 5.47053e-92 1.79759e-184 0.0740684 6.21691e-128 1.63227e-75 1.2392e-75 2.53431e-18 1.70675e-177 1.76564e-61 6.68574e-179 1.81055e-15 1.42323e-23 0.000868712
2.78596e-109 3.81206e-170 0.159296 2.9734e-86 4.02677e-260 1.3167e-174 0.0741557 3.36254e-86 9.46885e-120 2.00111e-19 9.13616e-112 1.5485e-84 2.13254e-28 0.053029 4.80065e-86 2.44642e-52 1.84904e-75 0.903565 2.20361e-74 1.01253e-103 5.64607e-48 0.164623 0.44746 0.1461 2.57906e-14 9.16596e-50 1.00597e-10 1.79543e-29 2.21448e-59
3.4753e-141 2.59847e-66 1.66561e-26 1.71656e-15 8.47105e-164 1.59864e-88 7.85031e-100 1.98914e-125 3.14891e-129 5.84722e-65 0.247089 0.197386 8.63153e-53 4.90184e-24 1.76284e-109 5.77332e-114 6.63949e-70 3.29706e-190 3.96786e-96 1.37904e-99 0.195873 2.78649e-110 2.10206e-109 5.52112e-12 2.77479e-34 0.796 2.17421e-27 0.111947 0.136634
0.0014831 0.0851721 5.16889e-05 0.00102331 0.00230848 0.00311413 0.00187233 7.61807e-05 0.000144156 6.52418e-125 4.47476e-208 2.42239e-192 1.07961e-130 2.1479e-190 5.02012e-110 2.43357e-167 1.10624e-118 1.05812e-194 4.99998e-229 2.80328e-154 2.24834e-113 1.60437e-137 6.48681e-130 1.78276e-218 3.08332e-177 5.7494e-250 1.60117e-102 3.89828e-129 6.90106e-190
6.12167e-117 1.46447e-105 5.00163e-81 3.36428e-106 2.44901e-133 9.89248e-22 1.12374e-66 8.05168e-05 0.307615 8.42793e-28 1.24324e-78 1.97679e-177 1.62795e-48 2.35895e-145 0.118684 1.57777e-86 1.89013e-50 2.18192e-90 8.00268e-97 8.41754e-42 4.41614e-48 1.71298e-56 6.0649e-122 9.97332e-149 1.00916e-110 2.88084e-210 2.4148e-95 4.51711e-111 5.06664e-135
8.04308e-175 4.2873e-66 5.85156e-46 1.76918e-43 6.73051e-46 2.67101e-61 1.43588e-50 2.57228e-121 2.8199e-131 4.88374e-38 3.85121e-66 1.4888e-70 1.41861e-119 2.91521e-178 6.66436e-85 0.054744 0.10203 2.3959e-13 2.00477e-204 1.26042e-141 5.8263e-21 3.90794e-118 3.52403e-05 3.54352e-12 0.462879 0.249124 9.49359e-19 2.00005e-77 1.01311e-185
