4.44654 0.123554
3.51469e-16 1.17348e-20 0.0580382 0.0499036 4.68454e-21 2.37766e-111 1.97626e-322 1.39351e-42 1.56763e-118 3.21488e-32 2.83303e-219 7.68932e-212 9.4443e-302 1.5406e-62 4.47293e-58 2.11076e-113
1.31934e-24 7.25497e-107 7.6484e-12 3.23125e-55 3.19768e-86 3.07663e-112 1.29445e-321 1.01686e-05 8.88812e-38 0.234256 4.56911e-154 2.66361e-211 5.23052e-288 9.90083e-13 2.37663e-69 5.76318e-76
0.0216463 2.52955e-43 1.22774e-24 3.83008e-61 7.55876e-08 1.14559e-89 7.31217e-322 6.18019e-23 6.39461e-101 0.617678 2.24838e-191 8.0536e-213 9.52961e-306 4.71218e-66 1.74041e-52 9.32948e-75
5.45986e-65 1.8133e-37 2.01458e-28 4.64253e-76 6.20971e-68 2.08179e-100 1.24999e-321 1.15157e-13 2.30769e-94 0.0652756 3.94965e-158 2.82022e-196 3.95894e-293 8.07485e-51 8.18152e-60 1.1106e-115
9.07676e-158 2.64136e-285 2.62356e-177 1.03517e-164 4.95522e-257 0.21968 1.11987 2.78374e-14 4.12405e-47 1.0827 1.00187e-192 0.428268 0.439714 1.82376e-55 0.348287 0.103561
3.84899e-29 2.34592e-16 0.231883 2.36355e-09 2.46992e-35 3.51839e-56 1.11165e-321 5.81644e-22 6.61112e-93 0.278977 6.10192e-212 9.39351e-185 1.50978e-251 1.2071e-52 2.08342e-67 1.34146e-109
1.41845e-84 1.8481e-60 1.12259e-40 3.37061e-10 7.88199e-48 6.08554e-69 1.00789e-321 8.12016e-10 5.06523e-52 0.318506 4.29736e-168 1.05888e-193 9.12471e-243 3.16855e-21 3.66626e-32 3.98995e-91
3.37705e-210 2.35465e-171 1.35043e-114 3.08179e-95 1.4934e-14 6.82983e-58 2.08905e-210 0.125521 0.76635 2.31729e-37 1.51145e-114 9.81627e-136 1.43512e-188 2.85563e-52 6.36326e-40 4.25393e-87
1.50393e-242 1.33143e-283 1.16827e-66 1.1802e-258 6.43055e-245 8.02106e-89 2.11148e-299 2.46656e-17 1.51984e-41 6.54382e-24 0.132874 1.9898e-108 1.11078e-251 0.601047 1.6829e-53 6.65754e-70
3.92439e-49 4.35669e-54 1.50529e-69 4.28985e-08 1.25112e-55 1.32083e-95 1.3735e-321 1.7473e-11 1.54431e-15 1.4369e-35 1.50885e-198 6.23749e-170 2.99556e-290 0.249498 7.69328e-44 8.25154e-36
3.50068e-21 0.0726305 5.38381e-70 1.89803e-21 8.64984e-42 5.49118e-111 1.35374e-321 1.25818e-15 4.79921e-48 1.44982e-18 7.92734e-216 5.5825e-214 9.67116e-220 0.0965075 3.19352e-57 6.01867e-113
1.88239e-21 2.41868e-22 9.24467e-85 1.16126e-68 1.36601e-116 1.412e-54 1.64524e-321 0.290475 4.81645e-93 1.63877 2.51397e-132 1.67743e-135 1.24179e-187 6.98349e-37 3.03015e-10 2.43569e-37
8.4252e-12 3.25662e-23 1.48941e-38 5.86496e-99 0.00627302 1.78272e-49 9.74242e-314 0.194377 3.54794e-86 3.17157e-27 3.5243e-154 3.79025e-206 9.86735e-234 5.58749e-33 0.00607643 4.73371e-89
