2.72094e-146 9.37067e-107 4.93218e-22 3.63325e-38 6.208e-192 1.3618e-78 5.70338e-239 1.08567e-100 4.31228e-166 0.255302 5.82151e-135 1.14347e-251 1.61726e-102 1.14395e-107 1.68026e-94 1.49258e-46 1.08217e-111
6.39402e-189 5.17137e-92 1.19919e-75 4.4175e-59 1.77278e-144 3.99943e-74 3.9077e-228 7.10026e-57 3.92199e-116 0.302321 1.30865e-132 2.98894e-262 6.00891e-84 1.05123e-122 4.82389e-102 3.25733e-142 4.63743e-63
5.33095e-193 4.18045e-05 4.7636e-30 4.06015e-16 7.50253e-60 1.13912e-51 9.22138e-39 0.167735 2.46197e-138 4.9469e-37 1.05673e-135 1.248e-134 0.424893 3.00959e-77 2.33891e-95 8.67705e-55 1.18048e-48
2.95025e-177 1.0542e-137 9.18066e-86 9.65505e-65 7.27716e-162 7.35679e-76 3.05458e-165 2.3185e-153 1.78638e-122 0.533606 3.81163e-141 2.44946e-213 1.1799e-160 7.64124e-105 5.61177e-109 1.40505e-121 5.70853e-85
4.58941e-165 1.43333e-88 0.0687706 6.06538e-62 1.98788e-115 1.70458e-29 2.81921e-128 4.65686e-72 1.4558e-87 0.0815123 1.88994e-89 2.07909e-180 8.83428e-59 6.55532e-98 4.39608e-56 1.32883e-140 7.35727e-108
4.62227e-181 8.69222e-53 2.58151e-53 2.01275e-35 1.15653e-75 0.0353843 1.34502e-213 4.26878e-45 4.63226e-141 2.91104e-39 1.26452e-104 9.95575e-152 1.96537e-104 5.11573e-74 1.48518e-90 2.57699e-103 1.63409e-25
1.42974e-205 1.48985e-115 6.71804e-120 6.37756e-100 1.1962e-153 2.82059e-50 2.89878e-197 9.18185e-103 2.29565e-130 0.0966933 6.18922e-177 6.56396e-252 9.76624e-150 6.90979e-125 1.03988e-108 2.75137e-102 2.59999e-80
7.66832e-142 7.38582e-21 3.82898e-19 1.63717e-55 1.02848e-79 0.113999 6.19304e-97 2.17438e-155 2.19643e-102 1.37135e-12 3.14243e-170 3.53562e-228 9.18041e-103 8.95312e-82 9.84827e-80 1.48421e-11 1.12781e-94
7.58208e-192 0.117457 2.28382e-105 2.89077e-93 5.15912e-54 1.43888e-90 1.08984e-158 0.271698 0.106702 1.56872e-07 0.13558 3.93142e-112 5.67298e-90 2.72991e-30 0.00172441 0.0435256 6.18541e-59
0.24082 4.64141e-87 2.36559e-52 0.443691 0.0847805 1.4369e-26 0.407364 1.9245e-87 1.11029e-43 1.05227e-37 1.31623e-122 0.745938 1.79777e-176 0.34822 1.85656e-96 2.74726e-90 1.27893e-34
1.88642e-206 0.0491621 4.39412e-90 5.90168e-30 4.28799e-171 0.512088 5.0616e-49 3.68021e-145 4.47586e-165 5.2369e-15 1.87279e-160 7.33449e-150 1.7647e-26 8.17843e-49 7.4451e-98 6.01805e-49 0.2308
6.93475e-135 6.48094e-82 2.42511e-08 5.23421e-84 7.07724e-115 1.19961e-21 6.0864e-114 1.08121e-124 7.75981e-91 0.415549 2.49451e-120 1.56454e-183 5.33159e-182 1.52503e-127 1.91596e-134 3.16676e-79 3.70854e-89
4.53398e-155 1.11105e-94 5.91579e-27 1.5974e-65 2.69519e-138 5.21671e-10 2.05966e-203 8.72358e-133 4.96824e-176 0.279149 6.60898e-134 2.63068e-207 4.20583e-165 1.19713e-114 1.04179e-135 1.02487e-69 1.78913e-73
3.0859e-107 0.0599655 8.24683e-102 1.83848e-89 3.07513e-78 6.49508e-09 4.33984e-183 4.89294e-62 4.41379e-70 8.32681e-23 1.30274e-58 2.45817e-176 2.40642e-47 3.28861e-66 0.154638 1.08167e-19 2.91602e-98
