1.592 0.219388
2.06694e-239 3.70982e-88 0.0217141 7.81512e-111 0.514275 8.30207e-40 8.43245e-190 1.18636e-229 1.89732e-165 7.90292e-99 2.62241e-151 3.95511e-234 2.88229e-122 1.22435e-10 5.29517e-130 2.98964e-159 1.04499e-63
2.27912e-163 4.13353e-91 0.13314 2.168e-97 3.61886e-117 2.4797e-14 1.4886e-40 8.06258e-67 6.58215e-164 1.88386e-67 7.14232e-25 1.51918e-179 1.00841e-74 7.01135e-134 0.31612 1.73746e-128 4.7639e-140
1.05677e-141 1.35178e-150 3.10088e-82 6.49999e-73 1.31213e-96 5.20465e-15 1.64739e-94 3.15509e-71 9.36884e-313 8.10786e-134 1.01051e-166 2.53443e-104 0.177723 7.81692e-118 3.7565e-153 5.79482e-189 8.46704e-105
1.2291e-110 1.19047e-86 0.169481 2.89824e-12 7.02694e-159 1.24649e-169 7.43331e-85 2.52116e-115 6.2727e-234 6.0849e-89 2.10093e-139 3.52023e-134 3.19538e-169 1.97952e-26 6.57467e-23 1.67526e-39 3.45288e-141
6.23913e-128 4.20204e-47 1.17239e-236 9.84202e-07 2.09132e-29 1.05019e-140 0.160931 2.70362e-107 2.04201e-246 0.00457234 1.50188e-117 1.34667e-48 0.465615 6.07543e-132 4.22579e-41 1.78295e-110 1.45054e-06
2.76467e-257 3.47467e-144 2.54098e-44 2.9715e-142 9.53343e-46 0.0869029 1.60917e-177 6.49606e-125 1.80034e-197 2.2316e-40 5.54552e-80 1.1823e-38 5.45801e-164 9.0521e-133 0.0207448 4.97819e-132 5.87228e-36
1.74719e-246 1.00018e-127 2.29492e-86 3.19143e-15 4.24643e-173 1.21714e-156 5.81394e-13 3.46241e-230 7.59394e-09 1.05505e-67 5.86978e-48 4.29441e-39 1.85381e-22 2.85117e-21 0.127453 3.97729e-136 7.8852e-59
2.62423e-110 2.03794e-181 1.19851e-97 1.26447e-140 4.01513e-65 4.44084e-60 6.28178e-155 7.46139e-140 2.55068e-270 0.0863002 3.85843e-40 3.20579e-15 1.89149e-149 5.59682e-35 5.60373e-112 7.08401e-47 1.70689e-35
2.36405e-209 1.4267e-184 1.70285e-248 2.60786e-140 3.83165e-167 2.94157e-164 3.49402e-200 6.48059e-226 3.06259e-285 1.65729e-101 9.96715e-145 7.89839e-218 2.82284e-144 3.87702e-153 2.92014e-159 1.81877e-165 5.26043e-152
1.39623e-235 8.57089e-131 2.909e-149 0.0666731 4.8465e-87 1.60308e-140 1.27202e-203 6.24503e-129 2.32689e-218 1.53935e-90 1.87678e-151 0.178367 1.18376e-177 4.5734e-82 8.5505e-95 7.28091e-81 2.33434e-10
4.48015e-239 6.94197e-179 3.09203e-64 1.85792e-182 5.50368e-91 4.1346e-156 1.59133e-141 1.91088e-185 3.08539e-199 0.242853 2.30458e-52 2.38256e-50 7.62707e-33 2.87021e-129 1.73908e-145 1.93763e-105 8.92366e-178
4.21756e-191 1.24935e-63 0.118368 8.46605e-37 6.76171e-105 3.73736e-17 1.15347e-85 1.46191e-62 8.59907e-123 1.79073e-62 3.29765e-22 0.122985 2.04617e-22 1.27321e-105 1.73245e-147 5.66317e-95 3.10893e-187
3.84827e-201 2.43563e-188 1.07546e-222 1.9713e-18 1.77924e-73 2.15319e-66 1.56663e-115 2.37944e-197 6.32045e-214 0.187061 2.99874e-180 2.48289e-135 2.27148e-38 0.0979371 1.05138e-62 2.32541e-113 1.60418e-17
0.894848 0.172678 1.494e-210 3.8456e-133 2.64132e-142 0.0363703 2.35426e-222 0.427199 0.587233 1.01523e-15 0.38413 1.46218e-197 4.77462e-67 3.89881e-131 4.12188e-101 1.17227 0.365896
