9.77125e-78 9.62534e-219 3.61665e-153 9.25489e-139 2.52999e-07 5.3049e-42 4.53847e-57 1.35285e-08 8.17631e-130 2.03987e-98 1.79313e-65 8.15126e-23 2.00182e-57 0.136759 1.21501e-30 0.202319 5.40576e-157 2.88007e-52 5.88801e-49
2.83522e-58 2.36423e-33 9.97208e-104 2.28435e-72 6.96116e-44 4.8102e-67 5.86504e-59 1.10617e-100 3.27104e-164 5.37863e-74 0.175849 0.199361 1.58224e-110 5.21524e-41 3.24888e-74 1.34134e-83 1.78931e-149 1.00448e-39 2.97247e-34
9.0638e-12 2.74716e-55 1.91372e-41 5.45195e-66 1.64942e-69 4.79591e-22 6.44539e-35 0.0365065 1.87014e-147 5.07632e-77 7.85222e-40 1.65954e-27 3.20593e-132 1.85342e-58 1.8712e-93 1.21184e-66 3.84044e-76 5.73926e-54 3.50819e-109
3.1115e-50 1.66485e-43 2.61826e-91 3.98749e-77 4.05549e-47 2.27857e-17 1.02408e-21 6.24414e-40 3.57207e-74 1.92528e-53 1.00569e-102 9.28319e-35 2.12299e-77 1.0533e-101 1.77554e-93 0.496888 3.61573e-157 3.21297e-47 1.09134e-104
4.48975e-123 9.3873e-51 5.58034e-150 7.15828e-90 3.18005e-11 7.6823e-91 1.03055e-60 7.60584e-66 0.247824 0.107972 0.146627 4.79637e-28 0.058374 6.86216e-47 6.47305e-64 2.09951e-34 0.0731822 1.05564e-39 0.299607
1.86911e-106 8.09119e-89 1.17928e-51 2.00023e-42 3.49275e-43 2.50106e-40 8.05312e-19 0.200162 8.49526e-171 1.17578e-28 2.01098e-26 1.00419e-75 4.42358e-79 1.22682e-114 1.08505e-71 7.95485e-26 1.1044e-103 8.94307e-78 1.76696e-36
3.65507e-78 1.88755e-101 8.31314e-31 1.02037e-47 3.77147e-31 5.73201e-86 3.57935e-29 0.239762 1.34448e-155 1.03916e-97 3.67075e-20 1.12447e-19 2.70209e-21 4.24461e-121 3.43927e-49 4.46014e-21 6.53013e-84 0.224218 2.97143e-72
3.05208e-81 7.85943e-24 3.85967e-136 1.10191e-108 0.000320238 2.99161e-66 0.0449767 0.12069 3.19138e-70 1.99719e-26 0.108297 1.35885e-32 3.29592e-105 3.83944e-96 0.078015 0.0105861 5.02007e-133 3.50487e-47 2.47362e-42
1.34077e-48 4.68007e-19 1.78931e-89 1.06069e-111 3.85101e-71 2.50388e-43 0.370814 4.09792e-10 1.04678e-175 2.6643e-17 8.97235e-36 1.16005e-32 1.07183e-40 5.19989e-27 1.80547e-28 1.30821e-30 4.70762e-118 1.44679e-42 6.92965e-51
0.00196444 0.000343128 0.000229527 0.00126369 0.000983252 0.00174805 5.67116e-75 1.02781e-118 6.93201e-183 2.06443e-101 3.96349e-109 4.25455e-83 1.92338e-142 2.38636e-131 1.03825e-97 6.76267e-87 7.38605e-173 4.65212e-86 1.07652e-112
