2.94764e-77 2.40247e-184 9.40402e-285 1.48161e-195 1.41366e-15 1.25041e-36 1.16836e-23 1.03364e-184 6.74894e-321 7.68992e-90 0.697632 1.00547e-92 0.316921 6.2944e-321
3.75229e-46 6.13928e-222 5.29307e-18 3.096e-06 1.27761e-171 1.65653e-210 1.07237e-100 0.783344 4.38236e-321 2.16191e-60 1.33247e-148 0.589804 3.70278e-64 5.36061e-321
0.000944328 0.00113586 3.87156e-06 4.03275e-06 0.0442635 0.00397387 0.000597853 6.3514e-296 3.95253e-323 6.07831e-230 3.45846e-323 1.36635e-236 3.41037e-164 4.94066e-323
1.22715e-48 5.54554e-82 2.27345e-86 1.67105e-14 7.72382e-52 1.46507e-43 1.24497e-54 3.15869e-170 1.9565e-321 8.6379e-136 1.77851e-258 1.86279e-197 0.0433235 2.92487e-321
6.7687e-322 8.13135e-34 2.26776e-321 9.74479e-73 9.97011e-317 1.33087e-61 1.14174e-95 4.70761e-212 1.64364e-20 0.803005 0.119789 3.76605e-120 4.88968e-155 7.6679e-321
8.60423e-84 5.36678e-48 2.12784e-76 2.20424e-120 5.18733e-25 2.69665e-125 5.24224e-92 1.91425e-179 3.21143e-321 1.32016e-114 3.36032e-300 2.26934e-75 0.0841165 6.44898e-286
6.60379e-05 2.18777e-05 0.0103656 0.00571266 0.0110548 0.00147102 0.246254 1.35083e-291 8.39912e-323 5.76942e-231 7.41098e-323 1.37443e-231 9.36953e-160 9.88131e-323
4.79244e-322 1.06749e-225 1.4577e-240 5.62876e-124 8.61667e-248 7.94694e-213 2.70033e-100 2.62974e-93 9.09575e-321 1.92294e-35 1.67791e-10 2.90087e-98 0.135427 6.60476e-234
5.03947e-322 1.37035e-177 2.52468e-321 4.34463e-318 5.69783e-78 1.61087e-249 1.29903e-95 4.74643e-156 2.47226 8.53518e-85 9.5714e-64 2.91987e-146 3.44223e-22 2.95356
3.50611e-63 4.27531e-164 4.93255e-55 3.30918e-28 1.14821e-86 0.000210431 3.37023e-85 4.12453e-222 4.11557e-321 1.98828e-57 1.6994e-305 8.00237e-186 0.650949 3.75984e-321
