2.50279 0.296837
3.03187e-251 8.761e-96 3.19848e-141 2.22804e-190 2.56456e-57 2.6524e-156 4.38816e-196 5.62638e-53 1.19533e-262 3.43431e-266 0.498776 1.64001e-107 0.0600654 0.00643954 2.96475e-104
2.50112e-187 9.36959e-112 1.52172e-321 8.89318e-322 8.11207e-220 8.99088e-09 1.5384e-260 2.32636 2.16875e-09 4.07148e-20 7.10742e-36 5.87868e-52 0.297509 1.75279e-46 4.16626e-198
8.77644e-215 1.10283e-307 4.72882e-153 1.69093e-314 9.11334e-227 3.84815e-22 2.784e-38 5.99378e-30 1.11162e-143 0.606749 0.336353 3.06443e-31 8.19659e-113 0.273875 2.79088e-182
5.40803e-185 2.1976e-315 8.6287e-156 0.158545 6.26686e-58 4.28432e-214 9.00957e-68 2.43511e-104 2.49011e-252 1.2807e-129 0.00658536 0.200905 7.89747e-177 2.16858e-141 9.36706e-70
9.84775e-47 2.74593e-65 1.44017e-53 2.53112e-295 7.382e-154 1.18664e-66 0.237529 9.88524e-94 5.3029e-175 3.78315e-222 8.33818e-298 5.71283e-184 2.46609e-126 3.48621e-171 8.64814e-197
3.58198e-321 1.32525e-171 8.72673e-95 1.0748e-59 3.32668e-94 7.92423e-180 2.95796e-137 9.23484e-85 1.8336e-204 0.0485226 8.75267e-286 7.1757e-129 2.74856e-76 4.21244e-125 1.94753e-33
2.50876e-295 5.35341e-96 5.37427e-109 7.26276e-322 3.98753e-162 1.55853e-24 4.14753e-199 0.928974 0.661344 4.02513e-158 3.70849e-06 2.30414e-92 2.87895e-55 7.48628e-127 1.69116e-71
0.0202512 0.00946007 0.00984453 6.1143e-06 0.0114793 1.39711e-228 3.88089e-298 7.46039e-322 3.40325e-266 1.03754e-322 1.80733e-308 2.82391e-200 2.65435e-254 4.73165e-194 6.82167e-241
1.91269e-34 7.90015e-279 2.07603e-317 1.77644e-249 3.43703e-18 0.423937 0.0680704 2.67158 4.97848e-18 4.92396e-212 3.46177e-212 7.08184e-28 3.25445e-186 9.24296e-68 1.31103
