0.00100937 0.00594207 0.00270815 0.001479 0.000825335 0.00107304 0.00115344 0 0 1.4822e-323 9.88131e-324 0 0 1.04417e-113
3.0181e-22 2.41387e-120 3.50307e-29 1.10513e-63 1.69533e-145 5.21905e-34 2.66854e-88 3.21143e-322 2.94463e-321 3.1472e-321 1.00092e-259 9.88131e-322 5.13828e-322 0.0742246
9.26883e-74 6.71149e-124 3.95559e-186 9.63949e-242 3.54664e-84 2.43959e-218 1.21538e-209 7.65802e-322 9.52559e-321 0.345571 0.663133 1.86757e-321 1.05236e-321 3.2424e-61
3.31518e-321 3.90905e-320 1.93392e-204 5.06417e-321 4.55328e-268 1.98293e-316 1.12993e-320 1.22528e-321 1.27518e-320 1.13932e-320 2.98963e-67 1.51488e-15 4.16991e-321 0.713582
5.03715e-17 3.34472e-263 3.8456e-156 1.20468e-131 5.9643e-17 7.38101e-252 5.8883e-102 6.57107e-322 4.65904e-321 7.17555e-166 3.00886e-321 1.69465e-321 9.53547e-322 0.040986
1.15548e-105 9.50226e-61 3.60482e-16 2.15711e-109 3.95098e-116 2.27418e-56 2.27531e-88 2.51973e-322 1.84286e-321 2.21835e-321 4.4274e-250 7.01573e-322 3.55727e-322 0.339488
5.2238e-16 2.96066e-153 2.17009e-62 1.2364e-175 3.83192e-60 1.20607e-108 4.71599e-13 3.40905e-322 2.68772e-321 3.04661e-319 3.38624e-265 1.01283e-321 4.496e-322 0.116978
4.82208e-321 3.55085e-320 1.13388e-320 5.37543e-321 3.20649e-321 1.27383e-08 4.52476e-251 4.44659e-321 5.53931e-47 1.06916e-320 7.44557e-321 1.74295 3.13238e-321 4.48508
0.000112397 0.01554 0.00110801 0.00142465 0.000940242 0.000581256 0.00356527 0 2.47033e-323 1.4822e-323 1.4822e-323 9.88131e-324 4.94066e-324 1.81331e-112
4.02664e-321 7.02213e-21 2.28308e-320 7.97916e-321 3.72525e-321 5.44954e-321 7.42927e-261 1.54556 5.95134 0.37495 7.77084e-29 1.65174e-48 1.32073 1.08581e-65
1.58773e-226 2.34088e-320 9.73803e-321 4.64422e-321 9.36931e-269 2.17384e-112 1.31968e-128 9.58487e-322 6.09183e-321 0.193692 1.16546e-69 2.43574e-321 1.25493e-321 8.91929e-110
2.81238e-10 1.63582e-103 2.909e-74 3.32806e-58 1.86213e-244 4.31997e-200 6.07097e-140 5.38532e-322 6.27463e-321 8.80456e-274 7.74882e-221 1.71441e-321 9.53547e-322 0.165595
7.2308e-188 3.60357e-220 0.0324661 8.54645e-39 5.24732e-127 1.47819e-80 1.55306e-78 3.65609e-322 2.76677e-321 3.00886e-321 6.64115e-131 1.15611e-321 5.92879e-322 0.176939
4.46693e-79 4.44341e-06 4.59331e-129 8.47196e-237 1.56027e-110 3.80566e-12 1.00464e-60 4.74303e-322 3.55727e-321 1.00308e-148 6.66485e-176 1.47726e-321 9.88131e-322 0.171287
1.49217e-21 4.32276e-121 5.73886e-172 9.82203e-321 3.37941e-321 5.02994e-279 8.05917e-301 7.5592e-322 5.42978e-321 0.189817 3.72031e-321 2.248e-321 1.39821e-321 1.57453e-99
1.0173e-166 2.3646e-320 2.65603e-17 4.69856e-321 9.48399e-21 4.59815e-114 7.71797e-224 9.48606e-322 6.12147e-321 0.660969 3.5968e-321 2.17883e-321 1.23516e-321 2.05193e-83
