3.76624 0.0652238
1.7123e-28 0.119489 7.22863e-59 9.34625e-83 0.153231 2.18217e-82 3.15428e-48 3.96401e-14 0.142816 3.58523e-32 3.2691e-18 1.58286e-22 8.52983e-82 1.28784e-51 2.19069e-53 5.89332e-45 5.27666e-58 2.42707e-08 1.07937e-19 2.85476e-90 1.81559e-48 3.84545e-54 1.74983e-26 9.47961e-23 5.89406e-56 1.08156e-85 1.3867e-38
2.55726e-10 0.0672308 9.79256e-75 2.18692e-68 2.97938e-14 1.41929e-79 2.5142e-35 1.67583e-27 7.12739e-27 2.44888e-48 3.45498e-48 4.70874e-66 1.10975e-31 2.83076e-37 1.10523e-39 3.18065e-22 1.74396e-46 1.08443e-13 4.25055e-17 3.8729e-82 8.7335e-66 3.48887e-25 1.07508e-65 1.07752e-41 2.00678e-96 9.16882e-78 9.66029e-26
3.61734e-35 1.0616 3.44371e-61 1.04124e-57 5.21094e-17 6.84507e-63 2.70901e-97 2.82464e-25 6.7455e-33 2.9203e-10 5.4206e-08 2.82935e-44 6.88155e-65 6.66988e-70 1.50298e-61 4.96027e-13 3.48812e-42 1.04082e-15 2.52139e-56 4.34408e-51 3.53498e-41 3.37296e-63 0.0363662 1.40992e-31 5.56357e-96 2.21904e-73 1.92191e-34
1.26647e-37 1.16799e-40 0.301432 1.61023e-76 1.2425e-46 4.83583e-83 6.20316e-102 7.11586e-53 1.57303e-38 2.87579e-29 2.2829e-41 2.62525e-07 0.0387234 3.08739e-81 1.14257e-23 1.18392e-39 3.04768e-17 3.68514e-43 2.05864e-59 1.13664e-74 5.01852e-69 3.1771e-56 2.02458e-24 1.19045e-52 5.91856e-50 8.26498e-39 3.68378e-64
1.77509e-41 0.635304 2.64704e-64 1.90994e-14 1.83407e-11 7.98518e-92 7.11275e-98 1.1877e-12 2.03139e-12 7.23079e-11 1.39497e-21 0.00529507 1.79046e-12 1.29189e-14 2.34085e-53 4.42625e-07 1.65319e-28 2.90726e-34 5.93868e-40 1.09769e-51 1.11075e-89 3.77756e-35 1.82734e-38 1.24605e-26 4.39679e-79 5.34227e-46 5.03403e-48
1.04209e-07 6.97574e-13 5.80902e-63 1.24759e-71 2.67163e-38 1.02669e-43 5.48446e-49 0.197907 2.59247e-07 2.55045e-53 7.48986e-19 0.0923021 6.53882e-41 7.33383e-23 1.1483e-27 6.95958e-05 2.42912e-13 0.000238966 3.85102e-39 6.20098e-78 1.02249e-68 2.80889e-50 2.42968e-55 2.32045e-24 2.60587e-66 8.05675e-58 1.19422e-15
7.41576e-33 3.30382e-21 4.53902e-46 3.7375e-42 6.25306e-11 8.26035e-28 1.83833e-65 3.04471e-31 7.90517e-23 6.14002e-75 3.21404e-07 5.83908e-38 0.15483 3.08589e-46 0.0925237 2.19292e-26 0.0384125 0.107795 0.00172764 2.24092e-58 5.94219e-93 8.8103e-21 1.53036e-37 1.80216e-43 5.9245e-45 9.4879e-106 0.0899798
0.0503008 4.86732e-14 0.525731 1.06569e-46 4.6982e-05 7.18934e-72 0.0547154 0.000260427 7.77816e-24 2.04568e-23 3.18499e-27 2.43776e-48 3.44214e-34 0.00526255 4.28612e-05 4.48238e-43 1.22907e-19 5.54983e-35 6.34154e-13 0.0926761 0.0904427 0.240167 2.40462e-57 0.0993827 2.71364e-36 9.34939e-40 4e-61
7.93653e-33 5.03884e-26 1.27125e-50 7.77025e-64 1.09288e-46 1.70552e-90 4.19619e-93 1.71782e-38 6.60819e-32 6.22362e-78 6.62426e-47 2.37134e-58 3.43639e-57 3.60837e-60 4.20257e-64 2.61438e-47 1.86695e-38 9.77558e-44 8.47338e-44 4.06322e-72 6.85443e-76 5.64255e-63 8.65032e-63 2.06384e-43 1.37396e-77 7.28669e-74 1.41613e-49
1.43372e-37 0.374969 1.9921e-72 8.97943e-78 6.03606e-34 3.64696e-79 3.62519e-75 4.34806e-33 9.7398e-08 1.76012e-32 4.16748e-35 2.64775e-21 2.13454e-65 8.54116e-57 1.55164e-43 0.105603 4.11927e-22 6.86716e-30 1.20487e-53 3.56309e-49 5.60119e-84 8.63527e-34 1.67791e-65 2.20367e-45 1.61238e-96 1.71843e-96 1.88036e-34
7.98646e-11 1.28817e-30 4.98393e-37 1.00873e-19 0.037643 7.47448e-88 1.98705e-12 1.58023e-55 1.04581e-10 0.0210886 1.82878e-58 4.21111e-45 0.219953 1.26444e-61 1.47507e-39 0.00983801 2.8764e-18 2.30402e-43 1.64038e-64 1.01077e-64 1.12076e-55 1.24839e-47 8.89175e-66 1.07294e-13 4.87882e-82 1.90452e-98 2.88313e-39
8.2027e-08 1.17628e-27 1.04202e-59 2.11314e-54 1.2633e-52 3.26266e-47 3.13186e-63 0.118815 3.61335e-08 3.21731e-71 4.92297e-38 1.04007e-10 3.05343e-47 5.57208e-63 2.16572e-44 9.39059e-36 3.65869e-13 1.87602e-37 1.67589e-35 5.11972e-53 2.51362e-74 8.71209e-44 1.37684e-59 2.21269e-25 6.66148e-70 1.45653e-53 1.06332e-48
9.33734e-13 3.89623e-18 2.96051e-65 2.42755e-33 1.93734e-38 4.7797e-66 6.60112e-61 6.54544e-29 9.03882e-08 1.27137e-42 1.31314e-52 2.18981e-59 2.58823e-64 1.22563e-54 7.53096e-36 0.404431 2.9404e-44 4.03207e-22 3.44108e-52 6.31266e-55 1.40084e-49 1.64112e-38 1.14374e-65 4.81541e-48 4.49194e-85 1.97619e-65 5.31086e-37
6.08985e-16 0.144867 1.91811e-57 1.29588e-35 2.42275e-51 5.4981e-43 1.02262e-101 3.16708e-30 1.26373e-34 9.90157e-73 9.4978e-39 4.20243e-22 2.77662e-67 3.42217e-57 2.70804e-11 3.77714e-38 1.57191e-23 4.55328e-19 2.6395e-66 8.35065e-73 6.95036e-47 9.62912e-58 1.40501e-57 5.42334e-37 1.62962e-60 6.40759e-105 5.78896e-59
2.3014e-22 3.27492e-38 1.0565e-54 0.156454 9.22923e-50 0.0373441 9.68659e-87 0.106598 0.00502885 0.061259 0.0595687 6.01088e-61 1.82258e-26 0.132814 0.00556229 3.6756e-36 0.0954802 8.35687e-22 0.0862651 1.9395e-33 1.09507e-29 2.12569e-64 7.95658e-54 2.24163e-13 0.590678 0.0192986 5.031e-20
