2.619 0.17434
4.29238e-10 7.59441e-56 2.24952e-124 2.29643e-84 7.11849e-91 7.97447e-137 1.17216e-198 5.07554e-172 4.44503e-59 1.76483e-68 7.32355e-30 6.25522e-127 6.8579e-18 1.12278e-100 2.96173e-49 9.83335e-120 3.61799e-164 1.69098e-175 2.13597e-82 1.29362e-116 2.38214e-21 9.58854e-78 3.9956e-21 0.175778 1.81369e-284 2.26054e-37 7.22005e-60
1.59367e-73 1.96968e-74 1.72137e-35 1.53954e-115 7.02219e-102 3.63952e-43 2.37666e-192 2.60185e-110 6.75954e-132 0.00459642 1.35013e-95 7.70114e-38 5.36434e-117 2.37317e-134 4.56609e-12 6.24221e-222 2.44375e-166 0.226667 6.21582e-16 1.57931e-103 6.4262e-42 6.30002e-158 3.72175e-31 7.17772e-150 9.89699e-98 3.15478e-55 4.75224e-50
8.31394e-21 0.193513 2.59003e-11 1.07839e-16 4.29839e-59 0.344477 1.42192e-194 0.160098 2.92622e-192 6.02021e-39 0.105232 0.127952 0.0809607 0.292926 0.116546 0.31736 0.174351 0.00312787 6.66462e-100 3.3455e-60 1.23628e-58 2.09093 5.78487e-80 4.6201e-12 0.298419 2.14264e-23 0.424036
1.97444e-113 7.83116e-201 3.34609e-162 9.68512e-44 1.89752e-25 1.01729e-148 3.49361e-175 1.87449e-163 4.35929e-165 3.60445e-88 1.56638e-83 4.97182e-105 3.20681e-75 1.45934e-120 8.67087e-83 1.34455e-160 6.89839e-85 3.17771e-41 4.12485e-26 3.45538e-19 0.198493 4.48713e-106 2.1347e-140 6.16588e-51 3.96396e-251 3.11403e-55 1.30516e-72
1.27451e-49 5.60071e-135 1.41603e-66 2.09387e-10 1.47975e-109 1.23333e-192 2.57942e-85 8.99114e-186 2.36517e-104 1.92696e-85 3.34736e-16 6.64681e-88 4.74636e-65 1.70056e-142 2.27699e-122 3.12692e-161 9.05094e-178 3.43213e-64 0.125857 9.72642e-49 3.6644e-33 0.241841 6.46626e-31 1.61092e-07 8.06767e-188 3.64494e-54 2.50689e-58
2.62708e-42 3.48493e-105 5.91014e-80 3.33573e-96 1.44314e-67 5.91388e-167 7.5251e-103 2.63595e-231 1.05098e-60 1.51072e-43 9.99434e-48 4.57134e-128 1.06655e-68 9.68496e-117 5.94563e-30 5.39811e-160 2.20165e-143 2.89112e-125 2.69998e-95 8.22045e-56 1.2178 6.21025e-132 5.64399e-92 1.3414e-152 9.21302e-154 2.07876e-21 4.59402e-113
1.1705e-19 3.97891e-167 2.46002e-184 2.11038e-52 1.27553e-135 2.74174e-186 4.78276e-91 1.48926e-207 0.266785 0.190356 4.75605e-61 6.60138e-106 2.45369e-112 2.69523e-137 5.19916e-114 7.5944e-252 9.4926e-96 2.93283e-45 4.64233e-50 1.65122e-159 0.328653 6.3786e-32 0.119775 9.13476e-23 1.52747e-247 2.07225e-38 4.88256e-150
1.89432e-129 1.06992e-166 0.232406 6.74976e-85 1.74101e-137 0.113213 7.46551e-81 1.56271e-192 1.70578e-159 4.19695e-10 5.22666e-39 3.82769e-28 2.64843e-98 1.41011e-154 6.46226e-83 1.38182e-81 7.97873e-55 1.40229e-79 7.35825e-119 6.11328e-109 1.98958e-53 3.57236e-21 6.40494e-140 8.99433e-63 1.69088e-96 2.39516e-29 3.76644e-53
1.64885e-152 6.03009e-112 6.8779e-66 8.88523e-95 4.16861e-127 5.79769e-184 8.04327e-128 1.4706e-239 3.69285e-94 7.16302e-16 0.318516 5.22757e-142 4.47868e-112 2.83044e-42 4.83163e-99 1.09559e-98 1.24308e-129 2.65057e-61 1.82181e-74 4.24662e-32 3.95651e-17 2.72853e-106 2.78174e-73 8.722e-167 2.74643e-156 2.64766e-85 2.88812e-66
1.7933e-129 4.85171e-116 4.16245e-05 0.722715 0.0767081 2.70193e-189 1.22182e-69 2.60824e-138 8.09843e-05 1.01602e-37 1.64911e-68 3.8156e-19 0.293707 7.27073e-161 5.70443e-86 1.0698e-196 1.08343e-126 3.55447e-29 1.59439e-08 6.98293e-83 1.5268e-48 8.44394e-157 0.231351 1.71306e-107 1.85516e-84 4.20219e-31 5.36052e-141
6.31278e-64 8.03567e-164 1.10282e-201 6.29203e-104 3.91498e-30 2.97895e-80 5.67076e-107 2.69808e-187 9.01163e-190 7.71983e-87 7.12579e-97 5.01993e-135 2.39731e-101 1.55304e-97 1.43024e-31 9.40894e-127 5.2724e-94 9.69237e-168 5.61433e-58 1.91573e-30 0.0901549 0.0314453 7.64374e-122 4.30433e-170 1.68984e-167 0.521057 1.64032e-105
3.36412e-99 7.53152e-214 2.12581e-76 2.72883e-24 5.00903e-84 1.93866e-35 1.63976e-188 1.06207e-146 2.31733e-174 6.41349e-66 1.07816 1.12603e-93 2.28837e-118 6.32741e-121 1.15892e-120 1.76288e-253 1.01177e-138 1.39723e-123 2.65319e-26 5.69379e-62 3.00282e-41 4.6699e-130 2.94866e-126 7.38614e-169 1.15909e-209 2.714e-59 4.06253e-54
2.78687e-25 5.62375e-125 3.10697e-113 3.14334e-96 2.1511e-122 2.24629e-110 4.93544e-181 2.66685e-138 1.0398e-58 3.72564e-88 2.27208e-42 2.3034e-91 5.90627e-81 8.49152e-62 4.95429e-70 3.30689e-125 4.6515e-143 1.36394e-168 3.53514e-103 1.00677e-79 0.166075 1.13083e-140 1.14708e-122 1.73704e-90 1.37562e-224 7.4607e-05 7.24823e-110
0.142498 2.76855e-25 6.07653e-171 1.91617e-20 7.02774e-60 7.71604e-218 0.456892 3.88395e-242 5.51716e-141 3.2435e-05 9.34958e-28 7.93118e-18 1.96448e-25 3.14186e-164 2.29551e-67 1.13086e-238 1.25709e-78 3.05849e-127 1.59094e-113 3.00189e-111 2.10083e-48 2.15186e-127 2.15688e-27 6.17056e-141 2.33049e-13 5.76404e-73 9.89141e-90
7.22816e-133 3.1527e-185 7.73752e-155 9.46544e-112 5.13538e-24 1.14779e-126 3.05134e-58 4.86154e-80 1.3487e-111 2.33693e-50 2.89257e-94 4.00647e-49 7.5861e-55 1.09178e-132 2.11388e-53 2.09659e-112 1.80489e-74 1.95263e-92 1.0933e-17 0.365179 1.5676e-75 1.01299e-128 3.28475e-151 9.75029e-25 4.22956e-242 0.485712 1.23444e-59
