1.00547e-96 5.92219e-87 4.50268e-69 6.13368e-164 2.96467e-146 3.84895e-56 4.88416e-116 2.36664e-70 2.90153e-103 1.25547e-20 4.6519e-73 1.47031e-137 2.27265e-100 3.20866e-107 2.48173e-78 7.26494 4.00832e-79 1.25968e-70 7.30095e-83 6.78702e-139 1.70145e-91 8.84731e-54 3.08631e-12 7.07619e-49 2.87794e-40 1.95126e-27 3.79967e-69
2.00576e-84 1.34226e-50 4.4434e-35 7.02412e-196 2.33369e-136 1.38534e-25 9.16687e-83 8.64655e-130 2.70274e-72 6.77502e-27 2.04272e-119 1.62105e-108 7.27731e-95 4.8509e-153 7.1181e-92 0.242108 2.8875e-111 1.29916e-103 4.96299e-83 2.74336e-145 2.4045e-63 1.81005e-82 7.38987e-32 1.97241e-23 7.47476e-36 1.45424e-23 4.62838e-55
1.36657e-50 1.83923e-51 5.19943e-49 9.59949e-199 1.48334e-183 7.71594e-36 5.55879e-81 1.52725e-106 1.69245e-69 7.02347e-43 2.15951e-142 6.95751e-151 1.18671e-122 1.30424e-129 6.01414e-83 0.36951 2.58905e-114 9.8528e-105 1.36746e-91 4.05726e-144 2.46574e-85 3.73336e-83 1.92523e-28 1.7482e-46 7.3367e-49 8.60442e-14 1.1834e-70
2.54561e-64 1.71272e-62 5.58452e-65 0.170738 6.51628e-146 3.65274e-103 0.357476 2.29796e-34 2.69589e-09 1.95585e-50 1.33626 1.2294 2.4709e-43 0.000824049 2.28287e-24 9.06972e-06 7.25082e-45 2.87097e-18 0.206089 4.09426e-117 1.76911e-100 0.300168 2.14721e-14 2.96223e-41 7.91525e-47 9.8049e-15 8.19696e-101
8.57615e-43 7.76115e-52 5.06617e-32 6.01695e-183 1.42855e-186 3.70819e-98 8.82776e-128 4.92076e-96 1.31158e-115 1.83076e-62 2.20195e-128 5.36444e-123 8.90219e-103 1.88174e-130 1.80698e-77 1.551e-13 9.28968e-71 3.12054e-80 2.37084e-94 1.43985e-121 3.20237e-93 6.43067e-67 0.609818 1.69702e-58 2.48395e-54 5.64791e-33 1.28038e-63
4.13971e-85 0.0747621 0.0735119 1.26606e-134 6.79657e-149 4.96731e-47 2.0951e-109 1.78739e-33 2.90474e-47 1.91053e-45 4.5691e-139 1.31145e-100 1.39201e-55 2.91274e-22 8.80619e-49 4.24763 0.126948 3.51099e-65 4.1163e-107 5.54661e-120 0.000536739 4.15536e-54 7.69348e-20 1.21516e-48 1.07918e-48 2.13488e-26 1.91417
3.70776e-11 5.4631e-06 1.52033e-14 1.55337e-96 0.110209 0.151372 1.21021e-74 0.0325898 0.138452 1.50712e-63 2.96356e-127 2.5857e-116 0.200696 0.0378546 6.59782e-34 3.75332e-60 1.98625e-62 0.184161 4.03173e-05 0.231753 4.53328e-109 2.14596e-23 0.829311 1.31488e-25 7.85809e-11 0.020794 2.71427e-54
2.20107e-52 7.72468e-75 9.22106e-56 5.4654e-200 1.05238e-73 1.64563e-69 4.16269e-130 1.17365e-74 3.06404e-68 1.73324e-65 1.46956e-119 5.27314e-144 4.38098e-91 1.38324e-75 3.45116e-14 1.22771e-36 3.14597e-46 9.3294e-90 2.87128e-77 3.60914e-96 3.31119e-110 3.90144e-60 0.0600493 1.83235e-20 0.0193772 1.78741e-13 2.05901e-35
1.93915e-93 1.71614e-73 2.5654e-09 9.84056e-250 6.5595e-177 0.00638808 6.22141e-65 5.2833e-58 4.22145e-89 1.48384e-80 5.53745e-108 5.79678e-131 1.48603e-104 3.804e-60 5.90398e-40 1.91181e-47 1.78864e-37 1.178e-71 1.52471e-68 1.62046e-125 2.79246e-56 1.05349e-63 3.33703e-19 3.83218e-25 1.65807e-40 1.50169e-38 1.6712e-92
0.00731205 3.63048e-55 2.72983e-55 5.47074e-228 4.81721e-93 0.00210597 1.64508e-112 1.31181e-110 8.5304e-68 2.20589e-62 4.18327e-85 2.14179e-105 6.72727e-118 1.24706e-57 1.60058e-48 4.50074e-08 2.34069e-68 9.89057e-93 7.52148e-69 1.06216e-159 2.92299e-32 6.28189e-31 0.156757 5.11576e-34 6.76975e-35 2.15741e-16 1.44884e-94
1.18293e-59 4.42363e-49 7.14121e-31 2.36081e-203 2.54079e-183 7.19683e-30 4.30755e-66 2.69891e-89 2.35617e-95 6.07446e-22 1.92752e-124 2.90325e-144 2.7218e-65 6.39081e-121 7.07942e-65 5.36275e-07 6.9451e-107 2.36981e-92 6.95076e-95 2.18059e-114 1.98532e-77 1.68469e-63 2.54685e-11 5.5266e-58 1.27129e-49 0.12052 9.2686e-82
1.27939e-86 3.81303e-60 3.76278e-56 3.29555e-221 8.61809e-163 1.83871e-66 4.58412e-78 1.80742e-109 3.07555e-94 1.82568e-45 1.20789e-123 6.83251e-124 2.26792e-84 2.44634e-100 2.09598e-66 0.487983 1.0651e-95 6.10479e-88 1.69874e-87 5.69156e-145 2.09941e-76 4.6098e-87 1.39116e-27 1.11195e-25 3.01331e-63 5.04373e-20 3.82804e-70
0.0962872 1.93244e-62 1.11099e-56 2.10606e-236 7.98678e-146 9.922e-29 1.22575e-120 2.2747e-63 1.13664e-121 1.66395e-76 6.94257e-102 2.46708e-100 5.23806e-95 1.19718e-65 9.23516e-91 4.54197e-05 6.17904e-121 2.72489e-97 1.07302e-59 1.09261e-165 5.72772e-111 6.5574e-30 1.24441e-39 9.8917e-07 1.02372e-19 0.0247961 7.25409e-24
1.08437e-59 2.17712e-67 2.14414e-23 3.36021e-127 3.28009e-37 2.53694e-42 3.79724e-95 1.5084e-138 4.4454e-18 2.73886e-39 1.25183e-142 4.5749e-109 1.24071e-126 7.84917e-10 0.243764 0.00526723 0.012104 3.51975e-89 1.49738e-33 1.25157e-39 0.0593064 5.34685e-23 0.00959669 2.32624e-53 6.10875e-07 1.68487e-08 1.59781e-40
2.46899e-59 3.01319e-13 1.81291e-30 5.56574e-199 1.0042e-108 1.32681e-42 2.79547e-92 6.2899e-41 6.69763e-48 0.208354 2.05008e-87 3.68998e-141 1.17736e-111 2.79882e-55 1.92326e-28 9.12493e-59 1.47319e-76 1.08577e-91 7.75424e-68 2.68504e-159 1.53511e-95 1.98927e-14 5.85875e-30 0.0151897 0.0476626 5.16241e-06 3.3806e-35
