0.00215048 7.18864e-82 1.23716e-164 5.84934e-108 2.08311e-101 4.08441e-117 1.2445e-20 1.47969e-75 4.25816e-29 3.88671e-54 5.68301e-74 4.18039e-39 3.76053e-18 0.0935828 7.19614e-49 3.69185e-38 4.00496e-98 2.59163e-73 1.77523e-24
3.41933e-19 1.19142e-90 5.05954e-81 2.074e-30 1.63957e-30 1.65716e-23 1.59041e-58 2.07118e-81 1.61885e-46 1.06169e-90 1.48262e-60 2.28276e-61 1.69647e-89 1.50545e-84 1.94993e-34 1.83019e-31 9.69713e-17 1.6575e-56 0.424359
1.41455e-58 6.89294e-106 1.89551e-169 8.88268e-26 3.01429e-44 2.2824e-94 5.75395e-94 0.248021 1.55656e-12 1.49824e-38 1.34842e-84 1.11767e-18 2.28476e-107 3.24362e-20 3.05027e-151 2.16921e-56 2.36527e-31 4.74808e-36 5.22808e-47
3.28559e-23 7.64957e-77 1.19174e-70 5.35949e-30 2.25062e-18 6.62479e-60 1.39437e-76 6.88614e-98 8.78565e-102 5.00453e-104 2.15152e-30 4.64291e-104 5.16909e-33 2.56664e-72 1.77273e-79 2.9367e-77 0.0481579 0.00593412 2.77939e-37
0.622319 1.83949e-10 5.61299e-21 9.63333e-80 0.0357004 0.00265764 6.62964e-103 2.68394e-56 6.21539e-86 3.21073e-115 4.31033e-14 3.00079e-09 8.98733e-31 7.95928e-62 1.60217e-163 0.140972 5.67093e-83 7.28126e-20 9.95009e-66
8.80061e-147 1.49668e-107 7.48034e-112 1.00319e-61 9.4233e-64 1.27135e-22 0.0830269 0.162069 9.10441e-38 3.09011e-76 1.04308e-31 1.0695e-95 6.21369e-121 1.83206e-16 4.4351e-162 1.33282e-88 0.23858 4.36874e-87 4.92194e-25
1.8996e-67 0.107187 3.32556e-162 3.70458e-21 4.04955e-68 5.2769e-44 7.80948e-87 2.53902e-42 1.87325e-90 1.65192e-50 2.59747e-36 1.19033e-65 0.136726 0.25012 2.57083e-115 6.98935e-116 2.79203e-31 7.53429e-66 4.17055e-29
3.20443e-67 1.68482e-35 8.49426e-32 2.0738e-135 4.15307e-27 0.0280868 2.33815e-63 4.45559e-35 1.90129e-110 0.132594 9.2664e-28 0.0316564 1.31923e-122 1.54026e-104 2.88552e-136 1.01659e-147 5.40441e-12 9.30951e-34 9.21516e-55
1.37146e-113 1.12899e-24 1.50714e-40 4.48035e-42 3.62197e-94 7.97882e-34 2.74242e-41 2.85241e-47 0.00187582 7.40246e-64 0.05657 9.36416e-80 4.14563e-58 4.60664e-36 6.40909e-79 1.19104e-23 2.38728e-29 0.00445383 0.157654
3.07586e-157 1.76691e-122 2.07967e-167 1.766e-124 1.74699e-104 1.98184e-27 7.45557e-95 9.52822e-49 0.100682 3.55917e-111 1.19648e-10 1.88963e-88 5.57873e-62 6.72738e-61 1.05104e-109 6.6352e-136 4.24505e-69 1.9455e-70 1.54902e-55
0.0803355 1.34557e-69 0.089888 0.0726971 6.28549e-51 2.09634e-40 1.46612e-48 6.9457e-18 5.97875e-86 2.37034e-17 7.59263e-122 1.79565e-48 1.6845e-102 4.02099e-12 0.100924 1.76191e-19 3.36513e-103 0.0710889 0.147618
3.74051e-98 1.96196e-76 8.6772e-88 1.58635e-124 1.2458e-37 1.99965e-72 2.2465e-66 9.52826e-92 4.47013e-62 1.65592e-118 6.16355e-114 1.37984e-39 5.45881e-133 1.56924e-100 2.16366e-87 1.47851e-106 8.31376e-42 1.57854e-52 0.00417939
