10.5333 0.032636
1.34298e-28 1.4917e-38 4.22001e-15 6.741e-36 4.83706e-25 1.24173e-37 1.66573e-32 0.914496 4.73585e-13 2.71319e-39 1.64711e-24 2.4769e-32 6.65526e-46 2.8838e-23 2.69169e-46 2.81971e-30 1.90577e-31 1.02841e-21 2.14244e-30
1.71289e-12 1.38209e-08 0.0101377 4.81623e-19 1.09921e-09 8.4033e-36 9.96077e-21 0.0150058 2.5618e-12 0.0256131 0.0113658 1.42869e-21 5.83931e-34 0.0286539 0.296543 3.42601e-25 4.42561e-22 0.00196363 3.03364e-05
7.71782e-32 2.25725e-35 1.55925e-07 2.09717e-38 2.51006e-21 6.44335e-33 1.0311e-36 1.18013e-05 0.383766 1.80081e-27 1.46967e-17 2.51454e-26 3.48823e-44 3.56913e-15 5.91091e-41 9.15221e-16 1.13138e-35 5.93951e-37 3.18011e-22
1.27695e-18 0.0050818 0.0184202 1.13731e-09 7.89665e-18 0.0444779 9.5169e-08 0.000498859 0.0373176 2.6583e-33 9.35836e-08 1.54117e-36 7.15997e-14 9.91784e-05 1.51286e-20 1.72963e-21 2.5265e-09 2.28805e-08 3.23283e-14
4.16891e-34 1.1664e-36 8.90835e-05 6.66033e-28 3.31878e-20 6.27202e-27 5.33385e-38 0.154033 0.000116919 2.83879e-31 5.7246e-24 5.58865e-39 3.51276e-31 2.63279e-22 2.74792e-34 1.31102e-22 9.80418e-32 5.46741e-18 1.63725e-37
0.173741 0.0753695 5.16576e-14 1.94772e-15 6.0105e-07 1.20462e-13 0.225783 0.000366247 0.0336029 6.31038e-18 4.27308e-27 0.0315207 0.0345439 6.55722e-23 2.80203e-18 2.56659e-18 0.147951 4.37078e-14 1.12313e-12
5.48248e-25 2.3419e-34 3.19729e-11 3.23925e-22 4.11733e-16 2.88881e-33 1.37849e-29 6.88584e-09 0.00946607 6.86146e-34 1.30602e-22 9.60374e-34 3.64673e-37 1.68596e-25 1.13395e-43 1.69564e-19 4.67812e-22 1.4673e-16 3.80116e-26
4.05256e-29 8.2391e-27 7.55222e-10 0.0508617 0.429538 2.33738e-13 4.21928e-09 0.0656235 4.16153e-08 1.1514e-05 5.27648e-21 1.11121e-19 2.91334e-18 0.0147126 2.72743e-30 1.02827e-27 1.03993e-12 1.62668e-18 6.00433e-28
1.27614e-31 2.3398e-28 4.98756e-10 8.75486e-28 1.05312e-11 7.25405e-07 4.11712e-25 0.00289914 0.266708 3.72824e-31 2.33738e-15 4.33541e-33 6.31196e-36 3.9118e-23 1.99248e-32 2.6347e-07 1.72501e-22 4.16556e-33 1.00909e-22
7.77017e-23 7.9804e-38 0.0102387 6.27758e-18 3.96573e-11 1.09184e-24 3.69572e-34 7.68801e-09 0.0173276 7.46356e-34 8.76959e-21 3.46309e-33 6.08447e-21 4.98006e-14 3.14767e-26 9.44507e-07 6.37259e-20 6.88181e-07 1.58883e-34
9.85996e-31 7.01775e-28 9.12826e-10 1.05833e-24 8.44347e-12 3.51054e-31 1.69452e-14 0.00218654 1.17128e-15 2.77261e-22 1.97412e-20 6.44365e-32 4.08929e-45 0.34342 3.09986e-18 1.41052e-13 0.0109503 4.02523e-34 0.0346389
5.37169e-24 4.91419e-13 1.39979e-15 1.17143e-08 5.80042e-14 7.19588e-16 3.08553e-19 4.2279e-06 0.367479 1.10581e-25 2.73918e-14 1.84757e-38 5.0738e-22 0.108021 6.06123e-40 0.709417 1.96831e-22 0.122467 0.000489217
