6.03419e-92 2.1688e-135 3.74411e-60 1.42602e-79 2.92616e-133 1.58064e-116 1.61454e-124 8.0172e-138 6.97126e-138 1.53954e-30 8.83116e-88 5.95903e-90 1.44145e-78 2.03347e-209 2.1666e-123 1.98781e-103 1.98088e-114 1.35633e-161 7.33198e-253
0.154355 9.76181e-106 0.0147896 1.1843e-160 8.5572e-124 4.56435e-147 4.62261e-109 2.39348e-16 5.15048e-100 1.77268e-97 7.26743e-55 2.58966e-173 1.92442e-107 0.194924 1.57427e-81 8.07771e-48 0.279832 0.241454 2.99414e-209
3.20634e-129 1.32177e-97 1.28812e-73 5.65189e-124 0.474479 1.31428e-165 6.24581e-51 3.18031e-92 3.23408e-214 6.5098e-68 1.29177e-47 0.0988968 0.000223817 4.81345e-179 1.20929e-199 1.66646e-105 4.89541e-68 2.34471e-151 1.44822e-130
2.42135e-18 0.0151642 0.0113035 2.73029e-155 3.90153e-77 8.59796e-130 3.17311e-159 5.67071e-117 1.38467e-210 9.15965e-32 6.17447e-27 6.62127e-67 2.1873e-31 3.07089e-158 2.71086e-173 2.35119e-84 2.19064e-79 1.79397e-90 9.48005e-168
3.87782e-46 0.0503235 1.60986e-57 3.89672e-159 1.77461e-121 3.56389e-184 7.95519e-148 2.04347e-72 4.3474e-147 1.97905e-10 0.339478 2.70905e-78 3.48445e-54 1.38875e-88 1.04493e-247 7.56132e-88 1.1349e-105 4.7757e-227 9.94602e-186
0.0219944 3.28698e-94 9.80933e-72 6.4473e-151 1.97661e-101 1.4631e-150 3.09501e-123 3.32304e-124 6.67583e-243 9.21323e-62 4.31704e-36 6.19471e-136 1.77585e-63 2.23049e-193 2.40606e-158 0.877097 4.93175e-112 1.37005e-126 3.22262e-245
1.8783e-101 0.187929 7.84631e-06 3.6227e-43 1.30167e-117 1.30367e-149 1.69907e-180 2.83096e-155 1.80321e-175 0.330905 1.40654e-37 1.60277e-91 9.03159e-42 2.99918e-100 1.78368e-221 2.12231e-86 1.66812e-177 1.04361e-234 9.59634e-282
2.88572e-90 6.8364e-141 7.28564e-78 0.157217 3.15992e-53 1.60982e-163 4.56193e-133 1.14246e-150 2.49225e-119 1.40713e-52 4.60588e-91 1.8155e-67 3.05515e-11 3.18392e-97 8.70808e-198 5.67349e-100 1.00324e-172 6.43628e-95 1.06032e-230
1.77711e-71 2.90942e-135 5.45503e-31 1.96224e-86 3.69491e-89 1.82197 0.42708 5.44619 0.117617 3.45187e-101 5.15056e-56 0.403342 0.49483 6.75645e-195 1.15638 1.53398e-79 7.72247e-178 8.40287e-118 0.408422
0.0213846 3.82822e-147 9.38723e-57 9.00924e-85 1.81624e-77 4.88247e-99 1.18834e-159 1.13514e-176 7.08965e-211 1.33763e-137 0.0772137 1.15754e-22 5.62352e-118 3.23166e-179 3.95722e-156 3.5492e-14 1.84861e-27 3.20959e-22 1.2317e-281
3.90665e-123 1.39443e-141 5.23696e-58 1.39493e-156 4.77293e-54 1.1973e-69 2.63134e-215 2.70121e-146 9.41116e-100 4.35727e-112 1.10508e-78 3.75373e-05 0.3503 1.03362e-57 2.78046e-202 1.74742e-71 2.55929e-117 7.84721e-118 1.30103e-219
7.00975e-92 8.86529e-141 0.0753604 1.46037e-84 1.74847e-135 7.00901e-128 3.81728e-190 3.17548e-129 1.60129e-172 3.39518e-71 7.50644e-56 1.09851e-138 6.0372e-113 9.02254e-130 5.18268e-183 1.03803e-58 1.03328e-153 3.33045e-118 2.10338e-205
