2.16657 0.1223
3.01752e-109 1.2547e-29 2.33587e-28 4.34012e-48 0.648176 2.93178e-107 1.04552e-39 3.04818e-58 2.53969e-93 3.38403e-178 4.93156e-76 5.02731e-214 3.70143e-229 5.47852e-35 8.75936e-139 3.97326e-81 5.96958e-77 1.42469e-37 0.00012061 3.70786e-36 3.94472e-181 8.11448e-44 1.59798e-53 1.26284e-98 1.24465e-109 3.09716e-130
4.03806e-119 7.5633e-123 4.48001e-53 2.51076e-63 2.82604e-90 6.60329e-126 1.00471e-79 9.91333e-09 5.69169e-63 1.70656e-195 2.96653e-53 1.61687e-216 5.81799e-225 1.26682e-42 2.07124e-81 1.05242e-147 5.17568e-107 0.0254968 6.33545e-27 1.68955e-48 3.6777e-107 1.22971e-77 9.42206e-77 3.06831e-104 5.29171e-64 1.1129e-149
6.45906e-136 0.199812 0.160456 4.49836e-60 3.64741e-22 6.6845e-80 2.68539e-57 9.86235e-67 2.76798e-75 2.21277e-136 3.84468e-12 1.43287e-220 1.25958e-70 3.00038e-31 2.84742e-126 4.42065e-48 8.86026e-69 5.6722e-11 8.52045e-29 1.51276e-12 4.22739e-32 7.24426e-58 7.93118e-83 3.95767e-150 7.87336e-109 2.56925e-150
4.34255e-109 6.80457e-63 0.0902822 3.13976e-31 1.84884e-39 1.13273e-132 4.49539e-69 0.0671311 0.00550641 6.58432e-201 1.2503e-77 6.97753e-221 4.89634e-205 1.26722e-21 1.36701e-155 3.67512e-111 0.0448404 1.0639e-37 1.88579e-57 2.03325e-09 2.71135e-52 4.36213e-58 3.1391e-10 4.97045e-73 0.291385 1.37564e-163
1.018e-117 1.10367e-105 8.15105e-115 2.94959e-10 2.1459e-23 2.1217e-112 3.0434e-09 8.84826e-122 2.59356e-55 2.10354e-175 6.15751e-43 3.88938e-119 1.84474e-175 5.01843e-78 2.5463e-139 2.87271e-83 2.01172e-110 4.66548e-50 1.95257e-06 3.04526e-60 5.46799e-159 0.0443664 3.44638e-28 4.91809e-82 1.09992e-86 1.48727e-167
5.3352e-126 1.6894e-69 1.8451e-93 5.70339e-43 0.210811 3.18275e-108 3.53541e-95 3.00092e-60 8.30131e-06 7.27936e-103 1.96003e-71 2.32297e-209 1.17388e-179 1.09223e-76 2.52911e-79 2.13943e-165 1.17904e-100 1.9048e-35 1.05681e-24 4.85459e-71 7.03597e-158 7.67715e-09 6.21485e-28 5.10443e-137 4.68343e-63 2.36732e-106
4.31075e-131 2.66658e-92 4.29977e-46 1.4257e-66 0.0739986 7.32463e-155 1.49672e-77 2.84969e-109 2.10201e-53 3.47135e-208 2.87962e-26 6.84308e-124 3.65416e-119 1.87389e-116 1.0034e-65 1.36944e-159 1.007e-28 1.55197e-59 1.03905e-13 1.93528e-05 2.07906e-123 0.298262 6.14573e-35 4.56066e-86 8.86467e-39 3.06203e-72
1.32207e-61 2.23703e-55 1.40886e-48 4.71992e-55 1.03505e-18 4.54224e-52 2.08774e-49 0.0306373 4.01053e-100 7.05166e-188 2.13038e-63 5.82366e-221 3.10828e-153 1.16492e-106 2.35002e-91 4.79588e-160 1.71108e-41 1.84068e-11 7.23625e-20 3.81423e-29 4.0113e-108 2.34104e-82 1.13838e-68 1.12821e-136 4.82759e-75 3.16585e-79
1.08627e-69 2.18372e-123 5.05705e-68 4.55194e-45 0.151913 4.47309e-25 5.7911e-89 2.71909e-14 8.76115e-42 1.04386e-136 6.25738e-37 1.69909e-90 4.4982e-228 0.0529639 5.88792e-90 0.0514139 1.94311e-65 5.48997e-52 9.45817e-28 1.36563e-11 1.85921e-110 1.09374e-17 0.0242484 1.45519e-59 1.23419e-57 4.11575e-50
1.69711e-45 1.37475e-105 4.60853e-94 2.91671e-19 3.71648e-49 9.89393e-141 0.0212543 9.08555e-118 2.59817e-10 3.91565e-199 5.5722e-19 3.8384e-192 1.19677e-195 1.11219e-37 2.81898e-60 1.26875e-161 7.89748e-101 0.0922067 5.24367e-18 5.03066e-72 7.90683e-159 1.81498e-67 6.58003e-11 1.55539e-81 4.99683e-94 3.40249e-146
2.94074e-135 1.1783e-83 5.30407e-98 1.38543e-56 1.79745e-60 1.14514e-115 7.02259e-57 7.02016e-72 1.60199e-81 8.30243e-199 3.31803e-54 1.64031e-185 8.80089e-141 1.06324e-97 2.49092e-125 1.80676e-126 9.59899e-118 1.40602e-08 0.138411 2.33939e-71 1.21425e-113 2.87902e-56 1.2685e-33 1.18221e-142 7.82303e-104 1.37918e-165
3.40991e-39 5.52322e-116 6.52067e-47 1.55933e-45 0.0208529 4.45996e-152 0.0983285 0.00159076 2.08705e-08 1.08277e-101 1.88434e-40 3.37259e-131 1.51724e-235 1.36824e-99 8.2102e-169 4.64309e-147 2.88082e-32 1.13182e-35 7.64419e-18 5.75419e-84 1.42379e-128 5.13412e-30 7.09989e-49 5.54632e-151 2.87421e-66 3.52375e-106
1.88367e-135 1.35113e-111 6.66787e-102 0.0617153 0.121614 7.50143e-58 1.26291e-40 7.18247e-62 0.220424 1.99031e-116 3.54191e-72 5.76878e-181 1.02903e-110 2.36904e-48 1.6358e-115 6.67308e-146 1.02913e-98 4.08852e-56 1.58339e-44 5.52663e-36 2.69213e-131 5.84039e-54 6.70295e-78 2.22412e-152 1.45081e-50 1.35367e-152
0.248933 6.18146e-56 3.72145e-15 3.62836e-42 7.33575e-78 0.0799085 5.70277e-80 1.77716e-104 1.29209e-05 0.731438 0.221619 0.11002 0.214043 0.500138 0.226509 1.70355e-122 4.6384e-59 5.23328e-14 2.23262 0.0642927 1.114 2.01415e-63 2.01568e-72 0.307714 6.15624e-89 0.0517148
