3.32331e-105 1.59583e-321 6.40099e-305 1.97265e-82 6.86751e-322 4.91023e-135 1.18593e-269 1.70947e-321 6.83466e-252 2.34015e-133 1.7495e-216 4.19391e-171 7.46335e-258 1.06939e-147 0.677971 1.66626e-89 1.89227e-321 1.05236e-321 2.47148e-144 4.74181e-46 2.02073e-321 9.01257e-146 5.42414e-109 1.03433e-151 4.42986e-223
1.98487e-267 1.75887e-321 1.88239e-321 6.92206e-222 8.84378e-322 9.38913e-101 7.64401e-257 1.60077e-321 2.69874e-174 1.19325e-46 1.60156e-213 3.171e-79 4.27416e-320 2.05391e-99 1.07282e-27 0.777467 2.35669e-321 1.80334e-321 2.95433e-189 1.57734e-232 2.10966e-321 7.43879e-20 3.02018e-52 1.91477e-89 6.70976e-211
7.81689e-17 1.74899e-321 5.59558e-97 1.13993e-16 3.56766e-217 3.46123e-70 1.38449e-113 1.74899e-321 1.68433e-282 5.44026e-153 1.63821e-213 1.12921e-76 1.13095e-307 1.12064e-45 3.326e-198 5.19394e-181 0.476824 1.59583e-321 2.29246e-321 5.39336e-102 2.19365e-321 2.76497e-155 2.69892e-111 6.65243e-254 4.24976e-63
4.20873e-232 4.49592e-142 1.28101e-186 6.37647e-34 7.12579e-129 3.56354e-174 5.27912e-158 1.97626e-321 4.16511e-169 0.159524 1.60094e-200 1.49922e-158 1.42999e-67 0.0683283 8.72181e-185 2.8356e-36 1.63475e-211 2.248e-321 8.31849e-309 2.28911e-09 2.82606e-321 3.25112e-151 5.96503e-25 1.75125e-136 7.19157e-132
7.83281e-174 0.558857 2.68772e-321 0.350671 9.93072e-322 1.11013e-37 9.63428e-322 2.36657e-321 1.93958e-34 0.432203 4.00193e-321 1.76184e-09 1.61518 5.2225e-85 2.6709e-74 2.67081e-141 1.27668e-11 1.81816e-321 3.12249e-321 5.08294 0.726392 0.909427 9.44907e-30 2.0771e-185 1.22534e-220
1.83298e-321 3.7549e-322 4.19956e-322 2.96439e-322 1.63042e-322 2.51973e-322 1.82804e-322 3.60668e-322 3.92125e-279 1.18051e-317 4.34778e-322 5.27395e-226 1.0326e-321 4.29666e-313 1.21273e-241 2.91993e-321 1.15119e-284 2.17389e-322 5.58294e-322 8.5424e-321 4.94066e-322 1.95093e-193 1.39482e-204 6.94384e-270 1.5827e-304
2.36276e-173 5.94227e-204 1.43773e-321 5.15426e-306 5.53354e-322 1.69364e-240 5.48413e-322 1.62798e-299 3.01441e-298 1.46673e-203 1.47232e-321 4.66383e-56 3.67091e-321 1.62143e-246 0.441531 5.64976e-132 3.5407e-134 6.91692e-322 1.47704e-313 3.13496e-183 1.8397e-301 2.08205e-84 1.02067e-44 1.05551e-231 2.66548e-191
2.67304e-200 4.8694e-308 0.801335 6.82201e-143 1.38338e-321 0.240057 0.311925 0.698505 0.574739 2.24768e-175 1.10337 1.25967e-137 3.51231e-41 0.41215 1.39301e-144 3.79445e-130 9.46984e-63 0.702492 0.959137 1.23111e-51 8.34342e-113 1.24366e-173 4.38869e-87 0.665252 4.48118e-321
4.8658e-149 1.66475e-306 2.20353e-321 1.34671e-176 1.30665e-138 5.75164e-15 2.74093e-93 1.9318e-321 1.70711e-12 5.38843e-136 3.51281e-321 5.91961e-51 1.2844e-245 0.132672 6.52065e-34 7.75089e-210 9.60591e-189 1.89227e-321 1.20586e-37 4.388 1.58573e-228 3.5377e-75 6.7238e-199 8.07231e-142 0.610527
2.09162e-280 1.80004e-255 5.66494e-219 8.39912e-322 5.97819e-322 2.88581e-298 5.2865e-322 1.15117e-321 9.16535e-154 1.10016e-166 1.51678e-321 1.38435e-151 3.04344e-321 1.50393e-216 0.418281 3.15823e-294 1.38338e-321 7.36158e-322 2.5343e-307 3.18471e-300 3.04393e-285 9.59513e-91 1.03469e-212 1.3108e-282 2.66916e-179
5.94349e-221 1.082e-321 1.15366e-171 8.95002e-264 2.78573e-315 5.86152e-227 5.68175e-322 1.08694e-321 3.37886e-197 1.52666e-321 9.91516e-272 0.0983509 3.11261e-321 6.22305e-286 9.23656e-186 1.34155e-231 1.17499e-259 1.09189e-321 1.76381e-321 4.20503e-186 1.70453e-321 8.76803e-59 3.51812e-39 5.75743e-91 1.16667e-115
5.54836e-321 4.05832e-285 3.13959e-194 2.50606e-277 5.93495e-147 3.53283e-314 1.03056e-302 9.93072e-322 1.86135e-145 1.71869e-162 1.81322e-321 3.77124e-134 3.11261e-321 3.66981e-309 0.137204 1.16337e-166 1.51678e-321 1.01778e-321 1.78852e-321 3.14918e-279 4.39085e-290 3.1669e-210 4.48745e-165 4.53908e-154 1.43024e-296
2.59325e-295 1.49354e-114 2.26776e-321 8.25745e-141 1.32015e-156 0.108741 1.00656e-226 5.59246e-175 3.19815e-303 1.8255e-78 8.95685e-237 2.22431e-86 5.54342e-321 2.16895e-321 7.73615e-171 2.06599e-205 2.31753e-59 1.75887e-321 1.10478e-202 8.33874e-16 2.16895e-321 1.33633e-149 4.0843e-142 1.13117e-185 2.94178e-23
8.51186e-87 2.04543e-321 2.16895e-321 2.79563e-262 0.203525 1.79408e-68 7.39165e-76 7.45917e-205 3.36774e-265 4.90066e-281 1.80964e-133 1.24529e-14 5.01971e-321 3.49883e-201 2.45042e-248 2.14529 0.0145419 1.24505e-321 1.20848e-171 7.94577e-259 6.12099e-117 3.52165e-34 0.405558 6.17973e-239 6.1865e-65
1.58578 9.49254e-130 6.29683e-108 3.59044e-235 6.23197e-102 1.04248e-321 5.71239e-320 1.13727e-286 3.83385e-239 5.98293e-210 2.06519e-321 0.397216 2.16472e-178 3.62502e-153 0.0933813 4.91048e-277 3.2076e-08 9.7825e-322 1.15458e-179 4.52128e-236 3.58466e-168 3.286e-45 6.14249e-80 4.03623e-276 6.9482e-270
1.46308e-319 9.43665e-322 1.25987e-321 8.3003e-322 5.13828e-322 2.63111e-254 3.1131e-238 1.07706e-321 1.05039e-181 6.53723e-309 1.23022e-321 7.14384e-146 5.0943e-248 7.14884e-209 0.0341133 2.40589e-299 4.57787e-245 8.39912e-322 4.03261e-270 3.05159e-193 1.00671e-290 4.42799e-197 2.33552e-158 1.09663e-155 6.27403e-242
