5.31795 0.247196
6.23853e-34 3.75779e-62 2.14064e-22 0.0332942 6.29401e-64 5.36338e-06 7.22059e-52 6.44157e-118 8.73386e-87 7.03962e-293 9.61495e-196 4.05856e-228 1.10671e-321 2.00704e-127 3.23707e-182 8.10268e-322 6.50348e-212 4.15015e-322 3.14591e-294 2.74657e-275 1.21866e-288 1.14751e-298
2.20793e-85 2.33501e-185 3.14498e-36 9.02896e-07 2.4379e-64 5.7127e-42 6.75395e-41 1.02648e-88 1.20918e-85 6.25438e-320 2.55273e-87 4.38e-144 7.17355e-216 0.444655 1.26246e-28 1.70815e-92 3.25298e-55 8.10268e-322 1.4218e-58 6.63234e-168 2.98201e-223 8.21375e-272
0.000397346 0.0813752 0.00234038 6.90913e-07 0.00128126 0.00406496 0.000434855 1.51018e-164 1.10891e-160 2.47033e-323 1.45961e-254 3.71801e-233 2.47033e-323 2.44793e-147 2.06455e-187 1.4822e-323 3.24231e-220 1.4822e-323 3.23197e-307 6.28535e-296 6.32201e-288 3.45846e-323
1.7026e-78 1.19795e-75 2.56502e-129 1.34978e-107 2.56105e-120 6.37504e-119 5.65581e-28 6.56641e-70 0.657443 7.20436e-224 7.38382e-201 9.04274e-209 3.56954e-306 1.95476e-145 2.2583e-185 7.46039e-322 2.63777e-113 5.73116e-322 3.30912e-189 8.66543e-217 2.6937e-197 4.84947e-166
1.79512e-53 2.47453e-60 3.233e-21 2.84996e-15 0.159796 0.000101532 4.98321e-24 7.17782e-100 4.09503e-76 7.80795e-188 3.35892e-86 1.25616e-135 1.10177e-320 6.56053e-134 1.4287e-161 1.89185e-184 1.40946e-147 1.10166e-244 1.83407e-260 9.62732e-229 1.15694e-269 4.03615e-260
1.65004e-224 1.63825e-223 2.91075e-182 3.11001e-236 5.07071e-15 3.2937e-128 0.000673113 0.269073 3.63044e-120 1.75505e-148 9.02384e-253 0.383453 2.39008e-240 1.79642e-26 5.80005e-176 2.00437e-163 1.47187e-165 2.6262e-278 1.32197e-156 2.13709e-92 2.04405e-262 3.52205e-223
9.87675e-119 8.19504e-179 4.52763e-153 6.45259e-132 2.91308e-126 8.41519e-71 9.04097e-62 4.92022e-65 0.315049 1.01996e-289 3.35607e-93 9.47738e-70 1.21046e-321 2.67013e-10 2.8814e-134 3.38509e-294 3.197e-111 3.0874e-279 1.108e-264 6.75732e-107 2.18052e-177 7.03757e-319
5.63661e-81 5.70247e-186 7.51724e-67 1.71836e-106 3.53095e-79 1.60021e-60 4.39236e-135 1.01134e-106 0.063302 1.66243e-181 2.75919e-126 1.20477e-143 1.40315e-321 2.4017e-29 3.84066e-151 7.14952e-309 1.88764e-138 2.72576e-320 1.73321e-89 8.318e-118 1.65008e-285 2.07642e-228
3.42592e-151 2.0365e-224 3.1215e-127 2.26673e-31 5.30983e-282 2.4679e-127 1.33801e-98 2.57961e-51 1.89474e-132 1.27861e-101 8.48345e-06 3.59998e-186 1.59583e-321 0.111599 1.0099e-15 6.57048e-140 4.85078e-88 2.92575e-181 1.38119e-106 7.88551e-90 8.72937e-111 9.82386e-239
5.32457e-233 6.40522e-104 1.99297e-154 8.17644e-158 7.15709e-218 1.84921e-127 9.92135e-138 2.33918e-61 3.30758 2.8092e-165 6.68422e-212 1.68684e-05 1.26768e-203 2.11019e-108 2.45737e-69 2.62121e-290 1.03564e-201 8.39912e-322 0.277991 1.09376e-265 1.15805e-218 2.67445e-151
9.98186e-05 0.014256 0.000118007 0.000156301 0.000398031 0.00148909 0.000252034 9.09972e-166 1.40231e-162 0 3.80964e-257 1.05785e-234 0 1.69336e-150 2.88031e-190 0 1.0339e-221 0 1.89316e-307 3.02147e-298 3.56652e-292 0
7.60803e-53 1.86096e-74 1.56437e-33 4.39228e-37 4.47959e-110 5.97992e-76 6.91726e-102 1.59007e-135 0.279744 3.12747e-293 1.09061e-169 1.61739e-221 1.18576e-321 5.74921e-55 6.73265e-157 9.37137e-252 5.64776e-158 5.63235e-322 1.37633e-184 6.39958e-161 1.01362e-236 6.92346e-176
1.09233e-225 1.18773e-319 3.34477e-271 2.52602e-296 5.08542e-253 1.56777e-17 8.2642e-159 0.24056 1.52573e-116 0.537867 5.28754e-105 1.79051e-120 0.662508 7.0259e-23 1.38312e-23 0.435814 3.63201e-19 0.351698 5.30572e-298 0.718916 7.27278e-60 0.927292
5.06692e-84 4.30939e-146 1.80012e-178 1.37603e-273 1.46868e-271 2.51253e-229 8.37443e-44 1.5644e-05 0.266051 6.40733e-92 5.3584e-155 6.80936e-173 6.75758e-181 6.96475e-137 0.30496 3.03823e-277 3.74615e-207 1.21886e-134 3.97236e-86 1.31158e-138 3.14965e-124 2.85723e-291
4.83773e-207 5.81901e-304 7.93555e-44 1.1723e-17 1.21065e-107 6.34378e-175 1.45816e-155 8.16555e-76 5.23856e-93 3.17227e-298 1.11015 4.51357e-43 5.3159e-212 6.0617e-75 3.68314e-77 6.90525e-87 0.0806445 1.49894e-216 9.74189e-149 0.0931208 0.226411 1.12949e-299
