11.1872 0.0135975
4.11232e-14 8.02374e-23 1.11631e-15 6.10726e-12 6.43623e-06 6.41532e-21 6.70334e-07 3.19847e-05 0.00239655 1.09775e-12 0.0450747 0.126839 2.8016e-09 3.28582e-13 2.16374e-08 0.00152162 0.488255 6.96483e-13 0.475638 1.15864e-19 0.120373 2.42746e-23 0.827871 2.76208e-11 0.000106029 1.84779e-13 4.48347e-15
2.12006e-07 0.000872655 7.73653e-07 9.14639e-05 0.00167832 1.13524e-07 1.97543e-11 5.69016e-06 2.78164e-06 2.25623e-29 4.25846e-10 2.011e-10 5.34586e-15 7.9412e-15 1.16039e-17 0.00167392 6.01699e-11 4.80022e-14 2.68798e-13 1.30287e-19 5.56125e-13 1.59997e-29 0.0231574 7.30476e-12 1.20895e-21 5.7245e-20 1.80072e-14
0.0142877 0.00462796 0.000903288 0.00923141 4.46391e-09 0.00787383 1.40006e-07 0.000489804 0.00101558 2.54927e-30 4.71903e-12 2.43586e-06 3.48417e-15 1.7499e-14 2.24256e-15 0.00218215 4.09663e-12 2.5472e-14 3.2264e-10 1.01664e-18 4.89981e-09 2.17337e-22 0.0875844 6.20634e-12 3.27217e-15 1.55675e-26 2.1612e-13
0.000185487 5.76291e-05 7.17208e-06 0.00759402 0.00024248 0.00023834 0.000129468 0.029708 0.00607304 7.87583e-32 1.89006e-14 1.0002e-09 1.88037e-15 4.17769e-20 2.16684e-20 2.5975e-08 7.06379e-20 6.35768e-17 3.28537e-15 1.22136e-23 4.71216e-16 1.01917e-28 2.43636e-08 1.91346e-15 7.07453e-23 1.57429e-26 6.46938e-17
3.9876e-08 0.000347997 1.1654e-09 2.1496e-09 1.91124e-08 7.54183e-07 6.6679e-09 0.00708453 2.38083e-07 1.71344e-31 1.44019e-12 2.36841e-09 1.08901e-07 1.5046e-16 1.78331e-13 2.3376e-06 2.40577e-10 1.32474e-10 1.59282e-13 1.24126e-19 1.3098e-12 1.04694e-28 0.161137 1.92657e-14 2.07938e-13 1.04086e-21 6.44547e-15
1.23039e-11 5.00431e-06 8.6777e-09 9.51966e-15 2.31488e-15 7.16834e-10 5.13392e-09 1.27355e-13 0.0195306 1.49403e-17 1.12862e-11 1.53671e-05 0.0162371 1.91658e-14 0.0229 5.40819e-08 1.23704e-05 0.003863 0.00072436 2.00842e-08 8.36637e-09 5.48128e-08 0.375579 7.97239e-07 1.43044e-13 1.76097e-15 0.0516868
1.82749e-05 2.74928e-05 8.9863e-08 0.0381168 2.1527e-07 0.000843554 0.000218026 0.0044657 2.76751e-05 3.6367e-32 5.52723e-13 1.22383e-08 3.53327e-17 2.8688e-18 9.77738e-16 4.68442e-09 2.69192e-19 1.34944e-17 1.4412e-13 4.19808e-22 1.03473e-15 8.02654e-27 4.93228e-07 1.74762e-12 1.57278e-19 6.2862e-25 1.29337e-17
1.69153e-06 5.25115e-28 0.00434205 6.68394e-13 3.34351e-34 4.3624e-08 1.50147e-17 2.44676e-10 9.81299e-22 0.0333389 0.0120117 0.388124 5.06308e-07 0.00957986 2.63104e-10 5.61098e-06 1.89533e-15 4.85826e-11 2.05723e-09 0.028067 0.217873 0.111969 8.65339e-05 0.0339393 0.0415974 0.0360513 5.57245e-06
0.00298166 1.08023e-11 7.87919e-09 2.66927e-05 1.72625e-07 1.86368e-05 0.000345473 0.00116507 6.00672e-05 3.68253e-27 2.9448e-13 4.30154e-09 6.13012e-12 1.65538e-13 3.36255e-18 0.000121448 1.72129e-15 1.34587e-16 3.45294e-14 8.56471e-20 9.57199e-10 1.6384e-24 0.117654 2.10738e-07 1.26188e-18 9.88466e-25 4.03501e-13
8.13463e-15 5.17299e-20 9.08629e-05 1.14563e-13 1.70312e-22 2.46406e-21 1.41673e-08 4.039e-08 0.00064682 1.47107e-30 8.9528e-09 2.82786e-09 1.0523e-14 1.36443e-10 1.36481e-14 3.29891e-05 8.10852e-13 1.05429e-05 4.24967e-11 3.65908e-16 1.02325e-05 3.99015e-12 0.280827 0.0739049 7.50106e-17 2.51935e-17 1.28675e-12
2.11968e-09 2.73964e-10 3.3476e-13 0.0438941 2.15776e-13 2.31389e-05 1.26133e-14 2.10866e-08 6.09998e-10 1.7792e-27 3.45655e-12 9.49545e-08 8.47956e-15 6.27321e-17 9.16224e-14 0.00640501 1.44402e-14 7.88505e-15 1.18123e-11 1.10748e-16 3.64873e-05 7.4975e-23 0.493284 6.60204e-13 6.73055e-20 1.66488e-16 3.78913e-12
