2.30571 0.111812
2.21759e-25 2.87266e-11 9.09584e-20 2.71372e-41 0.0964883 1.2768e-71 1.02206e-15 2.39818e-25 1.19469e-54 1.63495e-87 3.19934e-64 0.364922 2.3581e-98 1.92401e-64 1.83584e-16 3.4173e-179 3.47589e-138 2.04961e-113 4.32198e-100 5.8576e-96 3.77635e-115 1.58416e-135 1.96175e-73 1.23111e-65 6.69421e-106 7.37108e-98 1.32357e-38
6.32389e-149 1.02341e-76 3.17381e-35 1.67651e-52 1.9098e-57 1.36136e-140 1.37318e-104 2.87217e-135 1.40664e-47 4.01943e-63 0.232646 1.61164e-16 5.18179e-107 2.30722e-83 2.71881e-23 4.527e-75 1.04487e-134 7.30669e-127 2.79065e-49 5.26485e-23 9.32708e-73 1.61282e-81 0.0168847 1.96358e-60 1.0657e-40 4.05372e-89 1.16209e-13
5.4832e-41 1.93891e-15 0.00881847 4.31029e-83 4.82339e-81 0.0369709 9.66465e-105 1.2334e-70 1.30366e-74 1.23276e-93 2.57373e-35 2.49265e-08 2.21706e-72 2.34843e-68 0.150507 9.75671e-108 2.04723e-84 1.75495e-59 2.10888e-87 2.97924e-77 8.5369e-106 6.16137e-107 1.4168e-89 3.09756e-23 1.00855e-63 3.60097e-59 0.187289
7.36201e-94 6.75499e-53 1.22809e-73 1.97409e-34 3.78963e-83 2.05625e-23 3.00846e-36 6.47788e-47 4.74992e-31 3.47758e-49 9.16182e-104 0.26891 2.28514e-112 5.46246e-14 2.16325e-16 3.40925e-141 9.99326e-108 3.77912e-166 5.90827e-78 9.474e-51 4.59727e-17 1.7556e-87 9.09635e-70 1.66484e-14 1.12787e-124 8.14178e-78 6.29548e-29
1.62617e-07 0.0143116 0.0186039 0.039969 3.36559e-07 1.03644e-18 0.0684521 2.40277e-08 3.3583e-20 2.98231e-108 6.34785e-110 2.25271e-45 9.52377e-156 6.0942e-86 1.67883e-65 1.82304e-158 6.58774e-176 5.15992e-165 1.97824e-115 4.87518e-131 1.10651e-99 3.01545e-168 5.26769e-96 9.54451e-67 4.21543e-136 3.03621e-93 1.60423e-72
7.11845e-71 2.16908e-46 7.38627e-62 1.92906e-106 1.84355e-48 4.085e-67 3.5231e-59 4.13686e-82 1.90473e-69 2.53072e-62 4.54686e-41 0.000205131 2.42458e-123 1.54736e-83 3.01532e-17 1.8317e-115 5.47558e-106 1.45916e-143 4.58276e-54 6.56103e-101 2.2224e-68 1.96336e-170 0.0257535 5.87457e-52 1.39251e-120 7.23193e-72 3.8287e-17
9.68766e-61 3.98016e-24 4.68168e-30 1.56125e-132 8.97612e-37 2.05584e-09 1.44659e-50 2.19205e-129 1.25003e-63 1.96672e-101 5.36832e-57 6.99508e-40 3.87502e-75 1.70672e-06 0.181569 1.22694e-141 9.92443e-71 5.06032e-146 3.74597e-50 4.16513e-44 6.91012e-24 3.4048e-142 3.09033e-34 1.17184e-34 9.11316e-104 5.46033e-32 5.19802e-31
2.03603e-05 1.19465e-32 1.1976e-39 1.16063e-41 1.04943e-49 7.77315e-51 2.9053e-44 0.0308147 0.176522 5.61556e-54 4.88346e-95 0.439484 9.85937e-161 5.66643e-38 3.17121e-60 1.61256e-146 6.86972e-90 7.88806e-183 7.56503e-109 2.50831e-85 4.31351e-99 1.39721e-97 1.59437e-97 2.79092e-34 2.18136e-119 7.62447e-65 2.01968e-62
0.172211 4.01649e-09 1.44451e-11 1.34138e-40 7.87629e-51 1.86326e-81 1.2143e-159 2.16082e-149 3.25803e-51 6.9637e-07 0.135342 4.74681e-40 0.208079 6.12416e-62 6.81453e-31 5.9878e-53 0.175805 0.206339 2.71034e-23 9.686e-77 1.02859e-118 7.36796e-28 3.85209e-41 0.322383 0.894244 0.548911 0.000201395
5.1471e-23 2.14981e-56 1.18391e-28 6.77434e-23 0.0013174 1.45094e-61 4.48471e-80 2.77391e-61 1.14544e-54 3.99354e-24 2.47037e-91 2.8023e-15 5.36644e-107 0.145069 5.4565e-31 2.90732e-98 3.08466e-86 1.5819e-131 7.71722e-124 2.12354e-102 7.46451e-33 2.58249e-99 1.0457e-28 1.42191e-15 1.89021e-85 2.25226e-94 2.28329e-62
2.44997e-158 6.35497e-53 7.18704e-80 5.27002e-133 1.12194e-136 1.47032e-16 7.57445e-79 5.21761e-205 4.02421e-165 0.0591775 2.8568e-31 9.58458e-19 0.169921 1.39127e-83 1.0138 0.145292 9.64656e-75 0.0046905 0.656303 0.217111 0.226328 0.148471 1.13291e-18 6.06031e-48 3.69549e-31 2.09266e-51 1.23736e-54
