2.73501 0.0700336
1.06504e-13 1.94271e-48 1.12682e-11 3.34533e-47 4.10122e-22 5.51565e-10 1.61476e-20 3.31815e-44 4.18826e-29 8.11187e-32 1.9182e-61 2.60514e-43 3.95745e-25 2.50652e-41 1.19633e-47 4.57892e-72 1.64184e-50 0.0911096 9.88527e-84 1.35133e-27 2.15073e-10 9.80989e-34 6.89967e-96 2.01071e-38 9.16772e-43 1.04614e-36 3.91833e-57
5.23115e-31 5.51173e-36 2.91909e-43 1.39676e-32 4.03637e-44 1.15647e-11 2.14021e-39 6.15433e-42 1.20982e-46 1.26455e-37 2.33596e-40 0.0880774 0.160176 0.0412915 1.25456e-16 3.63429e-112 8.56323e-07 0.358619 6.92985e-64 9.66794e-17 0.0460112 1.65381e-06 3.59713e-98 2.78793e-18 3.66588e-39 7.62879e-54 1.21518e-18
2.03045e-22 1.7366e-38 2.80227e-41 1.9592e-38 0.033697 9.43132e-50 1.55612e-30 2.7299e-71 3.5535e-32 8.66539e-39 2.96929e-110 1.54768e-55 3.08393e-40 5.45973e-71 0.00011572 3.21529e-73 2.08302e-24 3.17495e-11 8.14691e-84 4.1013e-56 1.2286e-75 2.72857e-27 2.87881e-58 1.79356e-10 1.71459e-26 0.096872 8.32124e-46
6.20968e-24 4.48119e-35 3.20087e-15 7.11776e-32 1.5366e-06 1.79699e-11 0.00892717 4.48582e-39 3.05916e-38 0.156619 1.58139e-73 5.4535e-49 1.23949e-05 2.32416e-30 8.04076e-21 1.3032e-70 0.0802993 1.73323e-23 1.92517e-44 1.82715e-40 3.01781e-61 1.49503e-50 5.00191e-40 1.87757e-19 5.22709e-85 7.87516e-59 7.06792e-66
2.05237e-31 3.83571e-36 1.08372e-21 2.46647e-45 1.12344e-19 6.96958e-29 3.14118e-38 4.65591e-44 6.8731e-06 2.49303e-20 1.79487e-99 3.76482e-34 1.62145e-47 9.99783e-45 1.27488e-38 2.12473e-132 1.42001e-50 0.0376268 8.0287e-62 4.27587e-19 8.66143e-27 1.11599e-43 1.84537e-121 1.25256e-28 6.91154e-54 1.92619e-31 4.2246e-30
2.14483e-08 3.75284e-08 3.55296e-36 2.29622e-86 6.69581e-54 1.28051e-05 1.5422e-44 2.25045e-64 3.6925e-48 2.64932e-08 1.33897e-36 5.04645e-05 0.0183227 0.213702 0.0173375 3.07367e-121 1.48274e-23 3.24383e-17 1.3629e-42 0.0865567 4.49478e-24 2.44838e-50 1.85166e-98 0.0397934 1.58798e-91 3.06851e-13 0.0288215
2.31428e-07 0.0408754 4.9919e-07 3.64283e-09 0.00866851 0.00384096 9.66924e-06 3.66926e-07 0.00483755 9.20019e-48 2.48236e-121 1.61092e-65 5.12562e-56 1.0339e-84 9.80468e-45 6.25127e-138 1.86229e-48 5.74364e-38 8.38805e-91 3.64295e-59 8.20998e-75 9.16297e-55 8.92449e-120 2.27364e-45 2.52798e-105 6.08399e-62 1.41727e-65
6.89297e-51 1.15166e-33 7.09087e-90 5.81271e-68 5.49955e-23 1.2867e-26 7.03297e-62 3.16915e-143 1.66011e-78 3.79807e-15 0.0467912 1.98333e-19 5.5895e-12 2.13505e-78 1.18588e-48 0.251959 5.12975e-13 4.76635e-30 3.17531e-56 1.1652e-26 9.22813e-73 0.209872 0.0978689 1.2442e-06 0.106068 4.18891e-07 2.83907e-41
2.86197e-31 9.52027e-31 1.99067e-10 1.27432e-107 6.80045e-06 4.04768e-100 4.44709e-10 2.05152e-48 6.55124e-73 2.41292e-41 1.05624e-50 9.42862e-18 2.49474e-20 7.17711e-34 7.83328e-39 4.65005e-42 7.95734e-11 1.71815e-09 0.142625 0.000168537 5.47058e-45 1.45738e-49 5.73477e-86 2.77816e-05 3.04617e-54 2.97518e-40 0.0233205
0.00219541 0.0474122 2.12202e-05 0.00136272 0.00090682 1.06723e-05 0.0124566 0.00203276 2.57417e-05 1.7152e-47 1.38203e-121 2.55622e-65 1.61706e-57 1.42462e-89 2.40979e-50 2.61517e-142 5.24053e-51 7.42538e-39 4.54735e-95 5.0439e-61 1.68535e-81 2.03423e-56 2.18117e-121 8.22448e-49 9.62659e-106 7.71293e-63 5.24942e-68
1.16541e-22 8.60937e-15 2.31379e-41 1.19958e-23 3.46417e-34 1.89501e-42 3.33343e-27 3.6642e-64 6.79355e-26 9.09499e-06 6.46603e-106 4.93659e-36 5.05531e-06 2.77514e-42 1.03531e-35 9.71099e-107 0.0204714 1.76834e-16 2.25856e-55 9.8406e-05 1.72447e-18 3.84744e-40 1.42205e-113 0.0370322 9.34344e-70 0.0475819 2.41265e-14
