6.23178e-05 9.42068e-05 0.0039177 0.00511326 0.000975386 0.00565367 0.00175708 0.00035292 0.000118655 2.47033e-323 2.47033e-323 4.00193e-322 1.4822e-323 5.92879e-323 4.44659e-323 9.88131e-324 1.97626e-323 1.4822e-323 1.4822e-323 4.94066e-323 3.45846e-323 9.88131e-324 6.42285e-323 3.29847e-316 4.94066e-324 2.47033e-323 9.88131e-324
3.49757e-161 8.39912e-323 1.02717e-72 1.72931e-293 5.36468e-74 9.72321e-321 6.39032e-09 4.77406e-193 3.07212e-115 2.65807e-321 2.76183e-321 6.34034e-320 3.16202e-321 6.5762e-172 4.15509e-321 2.08002e-321 1.94168e-321 1.34386e-321 2.05037e-321 9.13527e-321 3.85865e-321 1.20552e-321 8.26078e-321 0.207302 1.70453e-321 2.94957e-321 2.57408e-321
1.41069e-259 6.95586e-128 3.01636e-266 6.47541e-224 1.78347e-60 7.44033e-258 1.84781e-321 1.57175e-162 1.35766e-192 2.83594e-321 3.54739e-321 6.37987e-320 4.34444e-303 1.17006 5.84974e-321 1.89721e-321 1.87745e-321 1.45749e-321 2.00097e-321 7.45051e-321 5.01971e-321 1.25493e-321 7.44063e-321 5.18043e-178 1.64524e-321 3.69067e-321 2.08496e-321
2.02073e-321 1.72923e-322 3.04876e-15 8.8586e-321 2.45551e-321 1.89721e-320 2.01579e-321 1.92638e-63 2.0188e-149 7.77659e-321 5.8448e-321 1.15636e-319 7.31711e-321 0.191636 8.75484e-321 4.35766e-321 7.02561e-321 7.09972e-321 6.15112e-321 9.45756e-127 7.33193e-321 2.34187e-321 1.46293e-320 2.79002e-24 3.22131e-321 6.0276e-321 7.92975e-321
1.06224e-321 9.05371e-185 3.07513e-99 4.20218e-46 3.93436e-101 3.87423e-98 8.33154e-175 3.92288e-321 9.9166e-71 9.0661e-321 1.33398e-320 1.71065e-319 3.15929 3.0521e-236 1.93871e-320 1.75242 8.23113e-321 1.20947e-320 4.76773e-321 9.85246e-101 9.67875e-321 2.91499e-321 3.74601e-320 3.09263e-162 1.11571 7.44557e-321 6.68965e-321
2.6729e-321 5.92879e-323 7.22818e-321 4.66398e-321 2.33693e-321 1.34386e-320 3.48316e-321 3.52763e-321 2.747e-321 8.79023 8.04964 138.375 1.5232e-320 2.05645 15.5017 7.28747e-321 7.08899 4.479 5.92874 8.58959 11.1614 4.02694 21.8835 6.21153e-111 9.50359e-123 7.80729 3.33172
0.0029618 5.23786e-05 0.00141731 0.00197654 0.0022068 0.0148956 0.00260848 0.00428984 0.00129645 2.47033e-323 2.47033e-323 4.00193e-322 2.96439e-323 1.18576e-322 4.44659e-323 1.4822e-323 1.97626e-323 1.4822e-323 1.4822e-323 7.41098e-323 3.45846e-323 9.88131e-324 6.42285e-323 9.24487e-316 9.88131e-324 4.44659e-323 1.97626e-323
8.64615e-322 5.92879e-323 3.40905e-321 1.73114e-293 1.03188e-86 9.38725e-321 2.4061e-321 7.46899e-219 5.11139e-201 3.6462e-321 5.98313e-321 7.0182e-320 1.33618e-73 0.352169 8.39912e-321 2.22878e-234 3.5968e-321 3.04839e-321 3.38435e-321 1.33645e-320 5.11358e-321 2.02073e-321 1.10967e-320 6.86954e-41 6.06635e-162 4.995e-321 3.21637e-321
4.99707e-109 4.28143e-230 4.59509e-280 4.83155e-84 1.1016e-116 6.89881e-212 1.27159e-235 3.55154e-211 1.88146e-38 3.08791e-321 3.40905e-321 4.74501e-320 8.68336e-201 0.229461 4.77761e-321 1.84286e-321 1.92192e-321 1.24999e-321 1.53654e-321 7.32699e-321 3.7302e-321 1.17094e-321 6.55625e-321 0.448055 1.55631e-321 3.26083e-321 2.02567e-321
3.21529e-51 5.50675e-61 4.15015e-321 3.4326e-183 1.67982e-321 1.49205e-113 2.48021e-321 2.1393e-321 4.17391e-42 5.67187e-321 6.12147e-321 1.00483e-319 8.84848e-267 0.763321 9.11057e-321 4.77074e-234 3.36953e-321 2.85076e-321 2.85076e-321 1.36856e-320 6.91692e-321 2.30729e-321 1.65216e-320 5.18683e-221 1.85169e-113 4.11557e-321 2.53456e-321
5.67193e-07 5.88596e-185 1.79964e-88 2.55462e-09 4.05808e-142 4.48768e-120 5.97295e-132 7.80913e-14 0.0343062 1.92686e-321 2.0899e-321 3.9876e-320 2.34187e-321 7.12415e-298 3.3053e-321 1.37844e-321 1.36856e-321 1.0573e-321 1.29939e-321 4.45647e-321 2.79641e-321 8.34971e-322 5.17287e-321 8.12235e-314 8.34971e-322 2.29246e-321 1.36362e-321
