2.83897 0.0752154
8.43568e-55 1.31066e-47 1.10421 4.37868e-32 1.93694e-11 1.42279e-56 2.51726e-47 6.63802e-53 1.03738e-49 6.31857e-79 1.49023e-59 0.000312001 3.47737e-81 1.95492e-20 1.32054e-05 3.86177e-56 6.3975e-83 6.36606e-35 3.4367e-21 1.1076e-49 7.11075e-48 1.69504e-57 1.61871e-45 3.27789e-72 0.000684447 2.29888e-56 1.24773e-75
2.05888e-31 1.19759e-77 5.07748e-78 6.64082e-11 2.89617e-61 1.08356e-58 1.41681e-47 0.7437 3.32751e-42 4.52269e-38 9.48808e-63 1.46986e-32 1.71539e-14 1.19494e-14 1.52697e-12 1.87355e-74 1.72934e-21 3.9961e-29 1.5389e-92 1.03282e-51 5.37058e-35 4.16741e-22 6.05072e-36 2.41872e-11 1.84088e-24 3.52937e-29 4.87977e-38
3.76727e-38 1.54788e-08 1.85928e-67 1.3889e-47 0.329219 0.0296051 4.75282e-30 3.75711e-16 1.1818e-28 2.87214e-69 0.0346608 7.03165e-29 1.08179e-42 1.43183e-36 4.48566e-73 3.82174e-69 0.0724021 2.10505e-55 5.08137e-81 1.21322e-37 3.7343e-52 0.0687459 8.42381e-19 4.05745e-51 6.97497e-10 4.76481e-46 5.41869e-48
6.91579e-21 1.9318e-06 3.6489e-15 1.19023e-71 3.50523e-47 6.94774e-52 1.13181e-34 2.9059e-60 4.46795e-39 5.97617e-85 2.02577e-07 3.46393e-47 1.33953e-38 3.68467e-09 0.311264 2.19861e-22 1.70968e-05 0.0765994 1.16263e-41 3.50593e-10 6.8867e-83 3.22519e-17 5.1673e-44 0.039552 3.64483e-25 3.16698e-42 3.78506e-67
5.5384e-63 1.06297e-41 2.60265e-61 1.16713e-33 8.56244e-15 3.18917e-17 0.468299 3.51453e-68 1.30636e-47 2.50609e-85 7.76322e-19 8.26292e-22 1.07238e-47 4.33037e-40 1.75824e-16 1.17003e-24 8.19671e-65 1.77633e-58 1.34534e-90 1.08418e-10 2.40097e-60 0.00122879 3.50505e-46 3.92462e-21 0.224149 7.31032e-55 1.47095e-23
4.49574e-68 0.113306 5.31022e-34 2.29776e-20 8.21138e-37 9.27918e-42 8.11379e-16 6.62371e-76 4.70015e-34 8.76668e-11 7.1901e-46 0.00129505 8.46369e-50 0.00146939 4.91983e-51 3.95244e-57 3.91903e-10 5.76269e-46 2.83982e-66 0.425886 0.107301 7.79684e-06 0.0534964 1.19856e-52 2.53596e-43 2.413e-31 4.02406e-58
0.00188847 9.08746e-17 4.86009e-24 0.15087 9.3386e-63 9.36289e-54 3.66131e-73 2.01135e-73 3.49082e-44 4.40782e-87 5.23676e-68 4.9124e-46 8.11707e-78 2.42317e-51 5.56673e-60 2.8943e-92 9.73101e-81 9.98964e-57 3.35111e-58 9.23565e-65 2.16185e-60 4.90322e-62 9.50411e-47 1.38541e-72 1.10385e-25 6.25642e-43 1.5497e-74
8.54318e-52 6.18392e-53 8.76026e-67 2.48655e-11 1.5741e-43 1.26934e-18 0.265215 5.16111e-27 5.99997e-42 1.58415e-23 5.80109e-77 1.05247e-56 7.30508e-62 2.16208e-22 1.27488e-58 3.38226e-17 1.27039e-25 6.35209e-52 4.69416e-07 1.46322e-41 4.11376e-61 0.0127403 3.13478e-24 9.93288e-89 5.72799e-35 0.124599 2.20166e-12
2.30255e-27 4.56487e-41 1.99765e-36 2.40408e-24 2.01587e-54 3.83204e-55 9.0868e-52 2.29307e-62 0.274332 1.71003e-97 2.14193e-83 1.83346e-32 3.82745e-61 6.34109e-47 6.40306e-72 3.54392e-65 4.36456e-99 2.82666e-77 1.37401e-73 8.81524e-55 1.35687e-46 2.0651e-59 2.04482e-29 3.07243e-71 5.11622e-37 6.3671e-32 4.26192e-79
1.31748e-29 2.09672e-55 2.39843e-51 8.23608e-55 8.39471e-62 4.57533e-51 4.79758e-79 6.58756e-17 8.37242e-07 1.93615e-88 4.4382e-40 0.118661 9.04127e-46 2.84136e-22 0.0576012 6.9415e-53 2.59647e-22 1.54259e-70 3.45401e-19 4.4466e-17 4.54434e-32 5.46603e-48 3.3624e-33 3.83244e-92 1.78446e-15 2.23715e-62 2.06615e-56
0.0178734 1.85572e-55 3.25354e-71 7.77645e-45 1.92016e-58 5.63221e-14 0.0374944 6.37877e-52 7.40913e-49 0.0707912 0.00689069 1.04268e-58 0.0172066 0.0962098 1.64713e-11 0.161103 1.80844e-05 1.02921e-18 0.12211 1.55022e-22 6.67361e-74 9.37023e-13 3.04544e-49 1.02453e-67 4.27736e-34 2.27472e-14 0.0481466
