3.38456e-225 5.60034e-52 3.98946e-177 2.62379e-85 6.04242e-156 0.099637 0.0648378 9.59836e-20 3.63378e-59 6.98012e-85 2.02515e-96 0.0112431 4.08399e-60 9.81849e-96 1.8616e-54
2.62587e-219 1.92394e-99 8.87777e-136 5.23913e-138 3.52126e-119 0.143059 3.11651e-91 1.19294e-69 8.8177e-105 1.60881e-80 2.10032e-47 3.98854e-21 4.25773e-87 1.14237e-73 5.08824e-62
2.75425e-44 8.23409e-44 1.30037e-127 0.0955735 3.04426e-142 6.47315e-17 3.90687e-69 7.76894e-26 3.67274e-54 0.312434 0.413729 2.32387e-27 3.13271e-135 1.02702e-71 6.63319e-38
1.91231e-179 8.56763e-110 9.20242e-92 6.97171e-120 3.97155e-109 8.70832e-65 8.18047e-102 2.40335e-82 8.2263e-107 1.50994e-106 8.92935e-88 1.30083e-98 1.60634e-118 1.75221e-107 0.0343586
9.82659e-174 5.59444e-100 1.99583e-143 1.46379e-85 7.47442e-128 8.00099e-57 1.04494e-16 0.165176 4.16397e-62 8.70912e-139 2.67249e-25 2.30675e-80 1.22243e-56 3.5119e-91 7.48257e-23
9.2104e-60 0.0671171 0.256496 1.41419e-38 1.36512e-98 2.02846e-31 0.000289658 0.075706 0.16383 8.22989e-128 2.94225e-84 5.32399e-80 7.56166e-117 0.109147 3.24997e-15
1.59492e-140 9.19853e-80 8.97408e-176 9.78589e-91 2.24529e-154 9.2397e-62 1.36952e-100 1.83118e-26 8.42484e-82 3.79172e-84 2.59905e-42 1.35947e-30 3.92339e-102 3.67467e-88 2.40621e-48
5.52231e-207 9.24564e-86 7.09226e-112 1.8746e-133 1.06406e-129 8.05852e-35 1.75357e-15 2.4908e-58 1.03699e-102 1.67522e-51 0.00130385 1.80827e-81 9.06265e-64 1.79755e-130 0.0907545
1.07391e-150 1.97313e-68 5.04098e-108 2.66709e-114 3.33979e-139 1.05069e-69 1.33526e-100 3.09263e-41 5.65533e-75 1.40656e-128 0.204658 0.0162015 1.14953e-56 1.70212e-72 8.65603e-18
1.27036e-184 2.39742e-106 1.40286e-118 1.75476e-80 1.53166e-145 0.206879 0.00193205 5.12126e-74 9.99842e-86 4.02314e-126 2.96956e-48 3.41369e-92 1.24103e-103 5.48553e-77 2.06038e-16
3.78372e-163 2.91277e-99 1.60203e-143 2.67657e-107 1.96524e-81 1.34617e-49 0.550273 2.33895e-24 9.80255e-60 5.25626e-34 2.85684e-46 3.57329e-82 7.91373e-126 4.46396e-83 0.00603366
2.47498e-176 1.49464e-82 3.53928e-185 1.05323e-27 8.12794e-133 1.84188e-41 0.141189 1.2426e-06 1.38126e-93 0.000426023 9.26944e-24 7.31903e-88 9.26335e-82 6.29253e-92 1.86583e-28
5.8745e-138 2.47484e-106 1.78537e-57 9.15427e-134 7.49774e-74 7.18539e-51 1.2963e-96 5.82869e-46 6.79904e-105 5.72025e-139 9.21522e-59 0.106145 6.43668e-100 1.21563e-118 3.00087e-07
0.133124 3.50811e-74 2.64797e-181 1.2417e-38 0.128441 2.80893e-07 2.01527e-92 9.36611e-05 2.76229e-107 7.29358e-63 1.24923e-88 1.59255e-12 0.227687 4.24893e-60 1.1989e-48
1.15917e-156 1.275e-69 1.15552e-147 8.04207e-129 5.92167e-65 1.90763e-50 2.41734e-86 2.24643e-54 2.84474e-123 6.87662e-132 0.0907922 1.53052e-10 2.83292e-52 2.80608e-117 0.011318
