8.88037e-28 4.91642e-222 1.35144e-74 1.4183e-131 1.17466e-102 1.90498e-87 6.12331e-201 1.17363e-123 6.19351e-100 1.00778e-40 0.127728 0.157249 9.44503e-83 1.16063e-121 2.12942e-321 2.23428e-153 9.10632e-122 3.55222e-47
0.187786 3.4348e-239 3.73524e-232 4.03645e-128 1.16256e-21 9.14667e-115 1.13128e-97 5.31886e-281 0.449659 1.88973e-25 3.13231e-212 2.62011e-123 3.41127e-220 0.142767 9.74227e-225 9.58168e-34 1.34085e-140 2.98094e-115
8.71813e-141 2.31592e-239 5.97713e-180 1.03532e-167 2.7283e-151 4.72142e-186 2.15423e-185 5.33488e-281 1.37844e-321 8.9469e-85 1.36839e-39 0.0174179 1.0828e-102 1.31223e-85 3.35901e-98 3.19366e-96 2.32759e-120 1.11113e-164
1.56741e-44 4.59459e-285 1.55227e-158 1.22256e-21 2.50611e-32 2.95808e-62 3.78017e-39 2.24965e-33 1.34042e-200 9.17812e-52 1.57279e-92 0.0196355 2.68726e-121 7.05025e-202 1.22212e-247 0.449252 1.13345e-184 1.39497e-162
1.47779e-20 1.07135e-256 1.9474e-180 0.932638 1.95435e-178 1.61359e-126 0.435156 1.94542e-77 4.51967e-75 9.16471e-95 0.340092 1.52545e-80 3.74933e-111 1.31954e-161 0.559621 2.38745e-196 1.05554 8.91388e-94
7.30587e-105 1.15855e-279 1.79171e-77 8.37468e-98 9.40918e-25 0.170028 1.24668e-86 1.9736e-130 1.89721e-321 2.50648e-19 6.77036e-137 1.06891 0.343989 2.03077e-194 2.36163e-321 1.77969e-11 1.41872e-54 2.07052e-154
5.41112e-05 1.9411e-91 3.28419e-113 8.17366e-66 0.348021 1.60628e-132 5.37124e-159 2.55598e-162 8.2447e-152 4.68036e-144 4.15177e-35 1.87742e-67 4.29533e-189 4.48126e-170 2.2846e-96 0.0200788 1.0821e-151 0.147711
8.52149e-49 4.79786e-90 3.47713e-192 8.0967e-78 1.32483e-192 1.3119e-91 6.69914e-261 1.36768e-178 1.09601e-82 0.958268 4.00304e-10 1.9123e-63 2.57616e-209 7.20759e-106 2.80986e-71 5.42472e-14 3.85916e-103 1.17987e-75
3.86639e-53 3.62603e-82 5.13754e-143 2.6187e-144 1.31678e-240 9.67086e-05 2.37626e-235 6.96971e-61 1.54148e-321 2.66102e-148 0.186854 2.38514e-115 8.12046e-57 4.99908e-212 3.26246e-253 2.10485e-235 7.28669e-121 2.49549e-145
1.96811e-67 0.150468 1.98584e-149 2.92894e-213 7.05396e-228 2.15686e-88 2.02404e-116 2.25738e-262 3.80839e-213 1.4349e-27 1.5198e-10 2.69586e-70 1.32193e-45 3.58986e-239 1.77399e-257 1.86556e-24 9.28657e-84 5.39057e-99
8.42005e-220 4.18535e-196 5.6086e-17 1.22698e-17 2.93895e-104 1.61158e-57 4.59993e-32 0.254595 2.89059e-306 4.81603e-186 9.32356e-06 1.98277e-143 8.31873e-265 1.49392e-147 4.40799e-62 2.27395e-183 9.6334e-40 1.66495e-92
0.230451 0.220044 2.7681e-57 9.68959e-145 3.10846e-176 0.540175 3.82785e-229 2.38043e-152 6.89834e-58 9.39675e-104 3.98125e-35 8.42309e-120 6.3008e-32 3.65416e-77 1.07834e-210 1.15346e-235 1.61257e-96 1.17235e-126
1.18107e-07 4.9165e-121 0.166265 7.62771e-65 3.95975e-75 5.97565e-156 1.46335e-09 2.35159e-238 3.26578e-143 3.98037e-16 1.15848e-173 9.09732e-72 9.60649e-262 5.87684e-192 2.85989e-128 0.33452 2.90305e-141 1.23399e-130
