4.16497e-321 8.44685e-256 2.70262e-224 8.37441e-321 7.27265e-321 1.79346e-321 3.67895e-32 7.89023e-321 1.00295e-321 1.39879e-317 1.37937e-45 0.382651 4.35844e-29 2.77171e-321 2.57408e-321 0.116529 0.818027 4.64916e-321
3.45846e-321 4.12294e-135 2.85524e-26 7.68766e-321 4.3953e-286 2.00591e-321 2.49256e-320 3.72031e-321 0.222837 2.6976e-321 1.91539e-146 2.41748e-40 2.62835e-180 2.32211e-321 3.19166e-321 1.07244e-161 2.43211e-227 2.84582e-321
3.76972e-321 4.99994e-321 0.000209162 5.8448e-321 3.44118e-259 1.69465e-321 2.32001e-47 6.69459e-321 1.41068e-193 2.65313e-321 1.38572e-215 0.33156 1.73774e-124 3.27566e-321 2.83594e-321 3.51855e-266 1.46465e-298 3.04839e-321
0.000327967 7.6679e-321 0.81867 6.61554e-321 9.9159e-321 2.28752e-321 4.20302e-320 4.89411e-162 1.69465e-321 5.33069e-223 0.177153 3.88436e-124 6.79641e-89 4.90607e-321 4.23414e-321 3.60926e-109 6.46666e-180 4.74303e-321
2.19091e-303 0.458428 2.62843e-321 1.13734e-320 5.59829e-244 2.45551e-321 2.31551e-89 9.03152e-321 5.07329e-243 8.45298e-278 8.0329e-256 1.32472e-08 9.66946e-108 6.98609e-321 2.44678e-104 1.03077e-153 1.57619e-219 4.54046e-321
1.38735e-222 1.1192e-219 3.59157e-55 5.24698e-321 7.25782e-321 2.1146e-321 6.90967e-161 6.21041e-321 3.02458e-52 1.02612e-231 0.157992 2.73218e-321 6.97394e-231 4.82702e-321 2.73712e-321 4.73095e-269 2.66615e-293 3.40411e-321
0.0891235 1.8363e-110 1.74013e-112 4.15509e-321 5.46437e-321 1.78358e-321 1.42231e-281 6.13135e-321 1.01504e-15 2.93475e-321 4.51866e-111 1.75002e-90 2.43816e-189 3.67091e-321 2.32705e-321 1.52308e-199 7.57031e-308 3.52763e-321
3.57209e-321 8.21869e-46 2.11954e-321 4.45647e-321 4.06324e-207 1.8231e-321 1.4876e-248 6.13135e-321 9.64923e-307 2.32211e-321 0.549673 2.70411e-125 3.2356e-276 4.68868e-321 3.65609e-321 0.415266 1.77887e-32 3.89818e-321
0.30909 5.93852e-254 1.99108e-321 4.64916e-321 4.63824e-197 1.80334e-321 1.4486e-149 2.84088e-321 6.92868e-114 1.72429e-321 3.51699e-125 1.03244e-309 1.94662e-321 2.24306e-321 2.08002e-321 3.47054e-97 1.20121e-221 2.49997e-321
1.76893e-165 3.26146e-142 2.07983e-92 4.84184e-321 3.1506e-131 1.38338e-321 2.05883 3.12249e-321 2.55174e-257 1.82804e-321 4.26843e-153 3.43008e-28 1.76034e-127 2.84088e-321 3.18672e-321 2.41578e-77 1.50181e-253 3.18672e-321
1.21557e-46 1.81031 4.83196e-321 3.84942 2.93127 1.80251 7.78177 3.36139 1.13073e-308 1.56437 1.61706e-122 5.45448e-321 0.989201 2.4434 1.54339 2.33518e-112 4.95116e-240 2.45796
1.51781e-122 3.10273e-321 1.19598e-171 4.71339e-321 3.94758e-321 1.72429e-321 2.36187e-107 3.49798e-321 1.51632e-87 1.92192e-321 0.019312 2.08496e-321 5.5021e-159 2.4061e-321 1.75393e-321 1.7306e-291 8.33812e-300 2.49997e-321
0.306825 5.574e-132 1.88733e-321 3.72525e-321 4.64916e-321 1.39327e-321 1.00925e-283 2.80629e-321 6.42285e-322 2.48021e-321 4.40929e-81 5.13189e-170 1.32951e-127 2.4308e-321 2.37152e-321 2.14458e-160 3.66216e-226 2.66795e-321
