2.84518 0.181981
0.00573597 0.00551116 0.00659095 5.97411e-206 4.79945e-228 1.97626e-323 8.06349e-92 2.47033e-322 1.41654e-123 4.53984e-237 3.4102e-238 1.06035e-242 1.06589e-201 1.38219e-152 2.09739e-164 3.73745e-120 1.28457e-322 5.11912e-122
3.25243e-138 1.3646e-21 1.10936e-09 1.27874e-208 1.32043e-207 1.29107e-255 2.91039e-42 7.27807e-230 2.87663e-21 2.81311e-128 4.03331e-101 3.78091e-229 6.68707e-139 2.97256e-79 0.0945653 4.38817e-60 4.21022e-316 4.21595e-54
2.73414e-69 2.98783e-26 4.25224e-45 8.2857e-179 9.41089e-205 4.3591e-298 0.112544 1.57959e-257 1.99823e-104 7.0121e-215 1.53639e-175 1.21946e-170 1.8868e-159 2.27211e-135 4.4925e-123 4.8577e-74 1.96144e-321 9.82476e-113
1.15466e-93 6.23825e-151 1.06221e-18 5.42791e-55 1.2536e-86 7.88545e-294 4.47973e-30 4.67898e-212 5.99722e-56 8.63845e-193 9.12872e-06 6.03188e-219 2.41883e-173 0.10517 2.06056e-81 1.85743e-23 3.58531e-300 1.67302e-94
6.25176e-163 1.78183e-181 2.08378e-44 2.12115e-184 1.25822e-127 1.60445e-305 0.301316 5.24379e-313 6.25876e-66 1.00542e-103 5.41965e-147 9.77045e-153 6.63699e-45 5.53898e-63 7.71717e-148 0.122154 3.40411e-321 0.0983884
3.32594e-55 3.51951e-08 1.58339e-25 1.31618e-195 6.1542e-226 1.48438e-228 5.99789e-53 3.62748e-269 4.54521e-66 3.85829e-209 1.04931e-125 1.80713e-142 4.69048e-123 1.0984e-149 8.9566e-31 0.0498381 5.94281e-280 5.01624e-76
4.09635e-146 1.65912e-213 7.65939e-109 7.47854e-169 1.63534e-163 1.67186e-249 1.9858e-51 5.04204e-239 1.51891e-16 2.17668e-203 2.31024e-27 6.95388e-95 0.0996637 2.05337e-84 6.5502e-102 4.42501e-73 2.14678e-244 1.02317e-122
3.39359e-101 1.36107e-104 9.79045e-48 1.30812e-79 1.9038e-151 2.60489e-307 7.64103e-37 3.90289e-258 9.10229e-82 1.5804e-235 4.89093e-206 2.81396e-208 3.09659e-106 7.08404e-120 4.43799e-110 0.110317 3.00886e-321 5.307e-113
1.4112e-12 7.42015e-09 1.01302e-25 2.36011e-104 9.97597e-174 5.21185e-319 0.203738 5.59939e-200 3.23681e-87 1.55247e-229 2.35872e-112 1.53043e-214 6.27364e-87 2.28504e-107 4.27862e-115 1.27694e-92 5.39429e-289 2.53197e-109
1.45789e-18 6.97982e-149 8.11092e-78 1.14357e-182 5.1612e-209 2.65133e-205 1.77237e-33 1.85919e-182 4.71646e-100 8.16087e-202 1.99463e-136 6.98895e-126 4.39078e-164 1.31548e-84 0.138985 0.390819 3.66042e-274 8.96636e-98
4.46983e-17 1.40809e-321 7.32195e-124 2.20341e-84 0.500666 0.290872 9.82983e-43 3.66339 1.04736e-105 3.19217 1.72457e-148 1.42406 0.471333 4.00953e-88 3.26609e-94 1.04039 2.27014 1.17902e-62
2.60951e-98 1.30707e-134 4.77604e-43 0.0594853 3.13982e-218 3.08682e-319 2.01525e-83 6.06311e-309 7.82261e-107 3.33748e-67 5.04827e-74 1.77631e-184 5.21054e-174 1.86567e-27 4.79036e-31 9.37401e-72 5.31817e-319 0.0860272
7.85097e-65 2.76109e-85 2.35162e-61 7.08525e-167 1.02718e-187 2.51833e-298 0.153603 5.40426e-222 2.46086e-109 1.34895e-190 2.0885e-197 1.47118e-113 5.95795e-81 7.76276e-149 1.044e-36 1.60421e-86 6.71348e-241 1.33317e-94
2.30783e-77 1.39413e-33 1.86218e-41 1.73334e-124 5.14612e-132 9.41862e-185 7.04443e-23 3.80235e-201 5.3787e-114 3.91967e-128 4.85669e-95 1.06021e-197 1.3994e-91 1.36129e-122 1.2946e-170 0.473053 3.7549e-321 9.64352e-06
6.60323e-229 8.21367e-44 3.00482e-132 0.120866 2.58527e-106 1.8433e-301 0.182561 3.23764e-107 0.673174 3.07337e-216 0.314655 7.55514e-181 1.63712e-45 0.176682 6.24079e-06 7.26596e-105 8.13363e-273 4.68723e-117
1.32296e-139 1.14517e-145 3.7989e-76 1.15352e-155 3.93309e-158 1.81375e-274 0.228834 1.42585e-311 4.84729e-45 5.11462e-182 3.04616e-208 1.10498e-231 4.10633e-129 2.1877e-102 1.44539e-33 4.9606e-92 7.02727e-288 2.42362e-97
