2.62571e-134 3.29951e-226 1.76912e-298 3.10223e-97 4.9278e-266 4.79952e-143 1.48544e-140 5.89733e-256 0.14888 1.77843e-172 1.89374e-91 1.18959e-284 4.12472e-289 2.07478e-16 5.59383e-172 2.46867e-257 2.16307e-209 7.02747e-265
4.20194e-41 2.09512e-238 1.93202e-88 9.08027e-53 1.62354e-82 4.3469e-303 7.06104e-28 8.49117e-65 2.49271e-29 0.376655 1.18727e-278 7.00004e-143 1.81259e-267 7.51316e-147 3.21887e-68 2.0113e-121 0.330611 4.1113e-149
3.77562e-45 1.57832e-14 1.92408e-21 0.266391 1.45239e-233 1.68286e-250 1.08459e-170 0.444743 5.11309e-252 1.93563e-97 1.09188e-120 2.34192e-172 1.31645e-208 1.08231e-82 8.63936e-101 8.32371e-166 3.23094e-239 1.51678e-321
2.76143e-20 1.28494e-170 1.17963e-12 2.83932e-73 0.277046 1.18082e-321 9.54185e-121 5.56818e-263 6.56958e-51 0.867205 3.06e-24 1.13055e-187 2.91671e-88 1.5647e-71 9.1605e-131 6.65506e-321 7.23517e-209 1.035e-205
5.12734e-27 1.14169e-182 1.41745e-98 1.38226e-155 9.77453e-133 1.26975e-321 2.99908e-230 1.65457e-244 7.87173e-173 3.70463e-240 1.7855e-276 5.70634e-182 5.41403e-193 1.82928e-196 3.51196e-215 3.17942e-302 7.04093e-179 1.90497e-251
5.14268e-18 3.37793e-320 1.81387e-244 1.1221e-72 3.67144e-169 1.99603e-321 9.76247e-142 5.22364e-69 1.2323e-148 7.90972e-131 4.95205e-156 5.31925e-284 4.89493e-111 0.0097432 4.75611e-170 2.5358e-169 6.38862e-84 1.32045e-206
2.5339e-133 4.12605e-141 2.14332e-114 1.57348e-74 0.0985159 1.39327e-321 1.42599e-110 1.06204e-206 2.58111e-119 7.87572e-251 3.46162e-255 4.06164e-116 2.06274e-273 6.59509e-58 5.12388e-61 1.70444e-284 1.60412e-80 8.69556e-322
2.65283e-11 1.13576e-05 7.29902e-218 1.9105e-85 1.68739e-185 5.9394e-283 3.53743e-155 6.00085e-164 1.38428e-202 1.34756e-208 6.54814e-302 8.3589e-309 1.83341e-210 2.11449 5.67006e-222 2.69674e-305 2.06148e-88 1.16599e-321
1.66892e-21 3.54305e-70 8.1917e-43 3.00744e-107 2.03324e-133 0.751275 7.63542e-51 3.50939e-186 6.49473e-242 5.24909e-172 3.13207e-180 8.05072e-216 1.30018 0.442452 2.05641e-137 2.82072 3.74473e-32 0.482883
8.18737e-231 2.4088e-215 5.82794e-13 5.17369e-193 8.45958e-73 7.72402e-203 9.84435e-94 1.10728e-262 4.38288e-180 2.35697e-44 0.931053 0.305126 4.62728e-64 3.34772e-188 8.51418e-198 7.93963e-321 2.92776e-144 1.24505e-321
0.000547119 0.0115225 0.00039143 3.91105e-229 1.64812e-276 0 8.12877e-237 2.18878e-273 4.5858e-292 5.59243e-270 1.63608e-305 0 0 1.39552e-311 1.20913e-239 0 2.77336e-311 0
9.21734e-70 6.4154e-289 4.78586e-165 3.29526e-176 1.59432e-125 2.03858e-308 2.99601e-162 2.08473e-123 6.59114e-102 0.109345 4.81495e-94 1.07212e-321 6.39383e-95 1.43974e-137 2.22992e-146 3.5167e-195 2.87914e-05 1.06718e-321
5.53773e-81 1.75041e-148 4.10659e-75 1.05566e-118 0.110424 2.73867e-268 1.06428e-233 2.16496e-270 1.27466e-189 1.87168e-51 2.98284e-120 1.39129e-221 1.49197e-194 4.76236e-255 1.59317e-164 8.27961e-149 0.193432 3.37696e-318
4.43903e-171 3.44364e-320 8.75054e-175 0.217422 7.22453e-184 1.74899e-321 0.214395 1.85057e-32 5.92187e-97 1.75279e-152 1.02658e-47 1.81744e-215 1.11352e-169 7.79946e-271 0.321875 8.09053e-278 3.12907e-143 8.29072e-237
3.3322e-77 8.30905e-107 2.75943e-28 6.93804e-168 4.49169e-195 1.60504e-221 1.83202e-126 3.89967e-52 1.5958e-191 2.96742e-130 1.74464e-217 9.51541e-319 4.65721e-156 9.3475e-23 1.01038e-129 7.06464e-113 0.0743476 6.46955e-308
1.77586e-158 5.4067e-174 1.48491e-178 6.78878e-136 4.32223e-251 3.54207e-155 1.24734e-17 1.68434e-86 0.0344262 1.34281e-88 4.43443e-280 3.24557e-49 4.11642e-280 1.29147 8.16852e-87 7.57795e-120 1.95525e-27 2.75172e-301
