7.78235e-137 7.48626e-34 3.88686e-222 2.80651e-270 3.6675e-129 9.42038e-174 3.41718e-178 1.45422e-96 2.27852e-136 1.57285e-95 3.12912e-130 1.05871e-79 5.42074e-14 1.06605e-41 6.06376e-166 2.65065e-54 1.80902e-144 6.10404e-53 0.00182283 3.58684e-114 1.30474e-44 2.54164e-270 9.5393e-52 7.60323e-32 0.0525322 2.96404e-103
1.40509e-07 1.19374e-176 3.36291e-11 1.39927e-57 2.33863e-142 8.32558e-199 2.79784e-115 1.00476e-168 3.27493e-84 2.20351e-59 3.50784 8.63262e-70 1.2578e-95 5.30199e-247 5.39051e-208 2.27171e-145 8.30906e-136 7.39214e-144 1.51809e-164 1.54728e-109 6.20007e-162 4.64659e-250 3.02559e-91 3.28803e-136 2.28024e-184 5.10184e-139
2.42946e-162 6.18556e-22 1.12103e-11 2.9641e-92 8.65782e-154 1.94435e-150 3.25223e-239 4.3219e-45 3.97376e-196 3.35899e-33 1.11288e-140 0.347897 6.21161e-134 2.64603e-17 1.69933e-263 3.73626e-94 0.130631 2.89723e-94 3.17233e-38 4.57814e-124 9.67464e-122 1.60597e-113 2.01269e-33 1.1163e-20 5.8421e-183 4.79221e-136
5.14247e-184 1.45279e-257 8.38005e-91 6.64442e-190 1.17448e-41 1.69118e-123 1.29833e-20 2.36309e-10 4.147e-32 1.83923e-146 3.00465e-72 1.34045e-113 2.74552e-132 5.16111e-221 9.16967e-248 0.108442 0.13188 2.09685e-61 4.72052e-64 1.58001e-25 5.54625e-193 1.27187e-155 5.08016e-163 4.00013e-25 5.68901e-100 3.81448e-45
0.00204161 0.00371688 0.00303483 0.00628397 0.000167384 0.00130763 0.0208644 6.42687e-05 3.52923e-201 1.71322e-216 6.1263e-259 3.60814e-221 2.55664e-175 3.45846e-323 9.43546e-278 5.20653e-171 8.9979e-191 2.8995e-146 5.61295e-172 2.08505e-255 3.6295e-241 1.93491e-302 2.09612e-189 4.77979e-181 5.9964e-292 3.27325e-195
5.02429e-78 9.33687e-78 1.61762e-205 1.67317e-132 8.91441e-140 1.14848e-187 4.44254e-35 1.13817e-137 3.32693e-163 0.411058 3.23489e-145 0.285554 7.86689e-103 2.33408e-194 1.54743e-233 3.72649e-152 1.34516e-40 1.2715e-25 7.76665e-55 4.41514e-95 1.3548e-181 9.23178e-235 8.12012e-19 0.0983487 4.65515e-214 6.14795e-144
9.93004e-164 2.99995e-171 1.36085e-58 1.07606e-179 3.25396e-157 1.43198e-217 7.83537e-39 2.66649e-15 1.8859e-166 6.06944e-182 3.816e-123 0.0557826 1.43907e-70 6.23192e-300 0.192002 2.20261e-150 8.439e-143 3.3074e-109 7.41145e-40 2.47897e-82 1.0518e-146 0.394929 1.89143e-171 1.51623e-150 8.69149e-245 2.82491e-99
7.63493e-206 9.14473e-298 1.16922e-110 3.82139e-82 1.39079e-82 2.19515e-192 6.34984e-249 2.7838e-62 0.246312 2.98825e-40 7.26091e-164 1.33826e-39 1.26406e-132 6.37818e-253 2.09681e-173 1.01601e-77 2.83779e-78 6.83478e-77 0.00104966 4.42179e-219 3.8639e-07 2.03092e-237 0.190605 7.65275e-119 0.140714 5.01896e-139
8.91704e-172 1.7898e-46 2.72115e-51 1.38303e-58 8.43521e-156 2.90232e-96 1.61135e-192 4.09964e-141 9.20848e-152 0.168707 0.406595 4.04415e-46 3.42868e-154 9.90786e-249 7.51239e-120 3.32059e-29 2.57044e-93 1.29773e-114 9.97164e-25 3.80328e-85 2.59944e-67 6.29671e-89 3.84817e-96 0.00534226 4.18339e-152 2.12103e-141
5.38961e-76 1.63289e-126 7.93104e-49 2.16935e-197 1.62432e-161 4.32013e-214 9.12984e-238 2.30792e-91 5.7636e-136 3.48632e-69 1.94139e-136 7.1851e-188 1.0706e-60 3.27495e-248 1.3658e-119 0.0527969 2.98859e-98 1.1475e-41 9.63752e-142 3.72245e-151 5.36282e-227 5.52776e-251 1.11166e-112 6.40436e-108 1.85865e-179 4.20453e-85
1.71207e-146 7.40121e-177 5.70968e-195 3.21875e-300 6.4098e-173 5.67551e-180 9.41168e-268 1.73115e-126 5.87436e-12 2.3496e-27 2.1783e-17 1.01869e-29 1.9004e-06 6.6833e-306 8.2045e-172 0.0989627 2.58675e-112 5.3073e-27 2.12131e-99 5.14347e-124 2.9651e-126 1.31691e-112 4.04224e-117 1.16503e-34 1.87376e-11 3.32942e-168
1.74927e-32 1.53158e-233 6.74281e-208 6.50814e-217 1.39538e-120 2.65117e-260 4.11629e-09 9.31409e-14 3.16814e-163 2.06324e-39 2.51627e-229 1.54282e-115 6.61378e-162 1.8187 1.18374e-144 2.70357e-123 1.13702e-24 7.13261e-47 0.168778 7.48343e-188 1.18519e-120 1.2861e-280 3.35951e-90 0.350216 4.61846e-97 7.52472e-96
8.09479e-17 1.18235e-86 0.0712119 0.338079 8.63379e-35 2.02936e-43 1.8834e-104 3.40731e-85 3.97921e-197 2.04984e-156 2.21975e-235 9.85361e-181 1.17395e-140 2.86912e-218 1.96427e-198 1.78091e-157 2.7655e-113 3.56262e-70 3.17045e-145 8.85132e-161 2.62737e-184 1.25966e-267 1.63717e-127 4.19609e-139 1.16276e-169 3.05284e-82
1.33277e-22 7.45409e-242 2.80611e-52 9.74797e-182 3.87986e-66 5.05462e-208 7.01833e-105 1.84818e-120 6.04837e-198 1.5778e-122 3.1265 0.00308691 0.313927 2.30747e-34 1.10231e-220 2.91194e-105 8.65779e-88 0.418013 2.9598e-80 0.0823842 0.28564 5.79677e-219 6.77156e-186 7.11679e-62 1.57862e-172 1.48946e-116
6.26177e-76 9.58478e-158 1.93549e-05 3.29395e-42 3.27146e-83 4.87359e-24 1.00352e-106 0.0480146 1.75812e-103 1.6745e-155 9.61683e-168 5.53398e-192 1.98629e-109 9.90445e-221 1.20187e-170 2.25656e-163 2.01601e-54 2.20518e-18 8.12742e-159 1.13893e-84 5.60126e-81 3.39653e-245 7.13931e-170 2.66023e-94 6.94888e-269 0.12564
0.0091552 1.08396e-129 1.55913e-43 2.86035e-254 1.5182e-103 1.55891e-109 8.14844e-111 2.3491e-135 3.96421e-29 8.91729e-90 12.8191 9.53545e-202 5.95077e-43 1.30631e-181 6.09722e-214 9.1759e-71 5.74812e-157 1.8302e-62 0.165902 3.77938e-22 4.75335e-231 2.29528e-108 1.30484e-29 8.96201e-163 4.23085e-48 0.23736
