2.26969e-12 1.87783e-271 1.22608e-245 1.15611e-321 7.47027e-321 1.56652e-133 7.79589e-270 7.67359e-56 0.579345 1.77642e-166 8.59926e-226 9.69335e-155 5.09828e-65 5.0155e-39 1.93024e-189 6.09886e-311 2.71345e-121
5.13888e-219 2.46106e-115 1.70787e-85 9.95302e-257 5.39578e-137 0.00124593 5.40296e-234 0.00135729 2.12942e-321 0.253659 7.60245e-111 1.31626e-153 0.0754545 3.67882e-144 2.08921e-158 4.02128e-248 5.10468e-63
2.06792e-167 8.11466e-65 2.02874e-16 7.63982e-177 1.5898e-31 1.47287e-126 1.22493e-159 7.13728e-27 2.2233e-321 4.19395e-68 1.6907e-227 1.61496e-154 6.6935e-92 5.81357e-182 1.68544e-164 1.62532e-85 0.183386
0.000464345 0.000322917 0.000265862 8.26452e-05 0.00080327 0.000297896 2.24985e-05 0.000144644 0 9.51634e-200 7.39666e-251 3.68452e-263 2.12955e-168 1.72389e-211 2.04909e-203 0 1.50003e-229
5.49118e-67 1.01548e-39 1.09923e-115 7.15027e-113 3.62388e-142 1.09381e-77 2.30728e-66 2.18549e-12 1.02063e-242 7.66131e-48 7.13468e-228 0.0207239 7.99979e-129 2.05887e-202 1.92126e-16 1.23308e-99 3.61434e-127
5.08576e-120 8.60197e-181 5.58527e-118 5.1272e-55 1.21566e-230 3.40013e-203 3.06379e-82 6.18617e-107 1.69959e-321 6.1962e-94 1.64066e-128 1.46724e-165 1.87293e-127 9.92504e-143 1.70195e-135 4.15969e-313 2.56647e-93
9.75627e-137 6.68135e-119 3.50007e-111 4.24405e-267 3.33082e-208 4.52818e-241 4.03414e-262 2.1563e-12 2.65807e-321 4.05141e-06 1.04142e-54 1.56189e-222 8.37309e-98 1.60833e-172 7.14666e-161 0.162824 6.07201e-143
2.19948e-61 1.46452e-41 3.44588e-64 0.0285825 7.50386e-54 2.86931e-78 1.06579e-43 3.84813e-28 3.63687e-319 9.65325e-176 2.85624e-227 1.51165e-204 3.86622e-115 2.35797e-181 3.65323e-166 1.4508e-271 1.56936e-208
1.51846e-14 1.55936e-113 1.99121e-85 4.01367e-78 7.79063e-100 3.71604e-137 1.21761e-28 6.35829e-145 1.34916e-214 1.22901e-130 1.05688e-230 2.08689e-187 0.078685 6.97084e-143 3.70278e-179 3.40531e-186 3.5107e-224
2.11056e-39 5.03966e-196 1.46054e-16 2.00694e-45 1.68801e-106 1.57035e-63 2.15533e-45 6.51335e-53 1.2848e-116 2.58628e-69 8.17315e-204 0.0933207 3.67454e-57 3.916e-34 2.28589e-35 1.89649e-307 2.60441e-34
1.0876e-144 5.69118e-239 1.3068e-24 2.24776e-17 5.95137e-86 4.89026e-320 3.09426e-244 1.21437e-58 2.46483e-246 2.34793e-28 1.62725 2.63079e-138 3.05251 0.197058 0.351784 3.45272e-82 1.24178e-134
1.32644e-212 3.58268e-57 2.2181e-155 9.84817e-08 4.20318e-51 1.37279e-45 6.45775e-25 3.37045e-62 2.55482e-316 7.85637e-79 4.49743e-101 1.02403e-93 4.72797e-120 4.98831e-64 0.0272374 3.39115e-189 2.13388e-76
4.95266e-141 1.75545e-207 1.49073e-123 8.0631e-09 9.65666e-36 1.28827e-197 1.91351e-209 3.1486e-259 7.53421e-157 1.04185e-165 4.02759e-231 0.0706494 3.92331e-87 6.80158e-09 2.64687e-138 1.06217e-43 0.566755
1.43267e-34 7.12506e-80 2.26477e-16 8.71864e-45 4.57244e-207 1.85949e-151 3.66896e-125 1.49638e-70 1.4822e-321 2.66995e-81 5.48686e-219 9.55423e-137 0.51703 1.05635e-153 1.02484e-82 2.14497e-214 3.57756e-87
2.43148e-101 1.71363e-21 1.12253e-58 1.55892e-202 6.20975e-267 2.9868e-20 1.85073e-222 4.49481e-167 2.19859e-321 9.61287e-112 1.3602e-198 4.38416e-72 2.53416e-120 3.66401e-79 7.42335e-153 1.57662e-215 0.21882
3.68312e-27 4.49182e-205 2.66469e-182 4.44942e-94 6.86257e-321 7.14705e-77 1.81532e-105 8.35452e-240 2.84093e-148 0.027658 5.33806e-82 2.18774e-112 3.91809e-73 4.77748e-125 2.64923e-21 2.00103e-169 1.71203e-104
