4.34778e-322 2.70599e-101 3.30215e-15 4.39519e-316 3.59568e-81 2.41209e-08 3.1481e-225 5.87809e-185 3.13354e-47 1.48726e-122 2.53035 8.20643e-321 3.21143e-321 4.17485e-321 0.61428 8.32816e-31 1.30433e-321
7.5592e-322 1.98335e-177 3.20155e-321 2.31304e-73 1.68476e-321 3.83756e-275 1.079e-67 1.3775e-296 4.11911e-228 7.17429e-228 1.73154e-216 4.59537e-120 6.0523e-321 8.18173e-321 0.00560021 2.43316e-144 0.383568
5.43472e-322 2.44395e-73 1.91697e-321 5.74404e-174 1.43931e-249 2.59448e-37 1.63084e-135 6.05081e-28 0.479353 1.06323e-320 2.16088e-19 7.54438e-321 3.15708e-321 3.68897e-223 5.3506e-148 4.59004e-73 1.94086e-298
2.74124e-33 7.26131e-295 4.06075e-173 2.75735e-72 1.56619e-321 7.71545e-247 7.28135e-162 0.000795865 1.21844 2.94194e-182 1.5783e-132 7.46039e-321 2.17389e-321 3.55233e-321 9.97211e-203 6.94871e-117 4.18658e-238
2.65982e-05 0.00072627 0.000225697 0.000478967 0.00132697 0.000319306 0.000214249 0.000420927 2.81595e-234 5.92879e-323 3.80431e-322 2.96439e-323 1.4822e-323 1.4822e-323 7.90552e-208 2.48452e-299 4.94066e-324
6.12641e-322 2.27764e-321 2.35669e-321 4.22197e-83 2.27764e-321 2.19363e-96 3.87957e-256 2.26871e-149 5.80903e-158 1.51969e-245 0.668 4.16709e-207 3.63138e-321 6.10665e-321 1.02872e-113 5.74544e-81 2.98524e-277
1.86305e-42 1.46283e-263 1.90215e-321 4.34508e-233 8.07646e-217 9.08516e-251 5.83847e-127 3.38238e-12 0.0453619 1.12217e-261 1.89631e-78 7.77659e-321 3.51775e-321 5.90847e-223 4.30243e-34 8.26201e-211 2.55438e-132
1.68832e-65 1.96638e-321 4.41416e-18 4.73584e-141 4.68351e-155 4.07435e-71 2.14144e-133 6.86237e-49 5.44353e-177 1.86243e-225 0.318194 2.20972e-277 2.29741e-321 3.63632e-321 1.42558e-176 5.4404e-197 1.15117e-321
1.72361e-143 7.86414e-186 3.98883e-216 5.28657e-292 6.61672e-238 3.34611e-140 8.15018e-55 3.50071e-284 1.86281e-227 1.56785e-162 2.65235e-13 5.3575e-297 3.03356e-321 9.03859e-126 6.36915e-103 0.0335523 3.06011e-77
0.000249028 0.000595263 0.000876133 0.000339976 0.000127597 0.000137636 0.00022022 0.000350117 5.35758e-235 2.96439e-323 1.38832e-321 0 0 1.4822e-323 6.4986e-209 1.65728e-300 4.94066e-324
6.57107e-322 2.12448e-321 3.13344e-142 2.1393e-321 2.36163e-321 1.02272e-321 1.22034e-321 3.51682e-187 1.89052e-169 1.61711e-182 0.166879 1.04248e-320 8.1926e-292 1.35117e-144 2.41708e-170 1.08807e-115 2.53858e-176
9.43665e-322 3.85371e-321 2.09978e-321 1.85769e-321 2.5395e-321 1.38338e-321 1.66943e-178 1.80828e-321 0.0029877 5.83201 7.03791e-180 5.49717 2.64397 1.2401e-320 6.32247e-160 1.59389 2.46808e-164
6.17838e-163 2.42092e-321 6.14587e-44 1.05949e-195 1.60571e-321 9.26261e-43 1.52149e-152 1.54805e-189 1.45257 3.34942e-127 9.03089e-44 3.5423e-187 4.40707e-321 5.81008e-13 1.60329e-127 3.08099e-232 1.13212e-118
1.01558e-132 2.12448e-321 8.59806e-42 6.40603e-08 2.75166e-156 7.38337e-139 2.14021e-193 4.21119e-287 7.55806e-143 6.04351e-293 2.14883e-143 8.75484e-321 5.91397e-321 4.85882e-317 0.0867229 1.95005e-246 9.5311e-133
9.41678e-48 5.46994e-90 1.69626e-233 7.8769e-149 3.68433e-201 8.25668e-59 3.85686e-12 6.95958e-229 0.513253 1.89341e-240 5.53797e-69 5.06911e-321 1.81322e-321 3.83401e-271 1.75519e-127 9.96252e-241 2.25389e-142
1.74381e-06 5.53819e-207 2.19365e-321 1.89721e-321 4.35016e-93 9.73309e-322 1.48747e-132 1.7065e-114 1.10994e-130 1.28416e-89 2.39448e-225 3.16614e-131 2.27111e-276 2.08936 1.98492e-37 1.09634e-269 1.23967e-124
