0.0898416 7.80911e-20 4.36981e-13 9.18803e-12 2.44309e-91 6.82293e-148 1.4428e-149 5.96885e-88 1.60572e-195 5.70465e-146 2.60081e-127 1.24276e-110 1.92202e-118 1.19269e-251 3.58347e-160 7.26492e-133 3.46637e-228 7.48909e-135 2.20467e-79 5.39769e-89 6.11364e-133 7.59566e-143 3.75222e-92 5.22939e-195 6.56073e-156 3.80924e-79
9.06233e-97 1.91268e-141 2.55986e-98 3.47584e-24 4.59511e-29 0.0776889 9.67267e-129 7.21443e-55 1.25634e-69 4.25898e-113 9.15889e-45 2.67538e-114 3.84556e-78 4.59596e-146 7.84864e-77 8.66421e-131 4.55118e-213 9.3158e-135 2.985e-64 2.79508e-34 0.0510547 7.94753e-66 0.0525417 1.19191e-46 1.51484e-72 8.31366e-42
4.67039e-102 3.60168e-82 3.52236e-78 3.11051e-73 0.433971 1.34256e-141 2.59254e-151 6.72506e-42 1.77912e-102 4.71212e-129 1.97889e-133 6.20159e-59 1.84774e-119 7.28662e-153 1.57194e-146 4.60263e-62 4.2084e-197 1.81693e-39 2.47165e-46 2.50901e-29 2.24338e-88 2.4156e-84 2.02456e-12 2.73493e-202 5.43419e-149 4.51308e-27
5.54073e-82 1.64244e-72 5.29955e-77 6.39004e-116 2.62175e-96 1.85833e-147 2.21418e-137 3.9954e-23 9.26208e-163 0.483128 7.98027e-144 1.67497e-28 1.02228e-51 1.56233e-133 1.00538e-98 1.98919e-38 1.87743e-232 7.92166e-52 4.58199e-69 9.50505e-23 1.65217e-68 3.89481e-82 1.60941e-82 1.32922e-109 8.49899e-27 1.62979e-67
9.40275e-21 0.0190093 2.01691e-06 1.46693e-08 1.20372e-91 4.92009e-137 5.86156e-150 5.19792e-93 2.58583e-204 2.74442e-152 4.38416e-154 7.87721e-113 1.45018e-115 1.26842e-242 2.24364e-154 2.91488e-131 3.01576e-241 4.73547e-133 1.09406e-82 2.14154e-101 1.75036e-139 2.33435e-161 1.62111e-96 1.1709e-205 1.69228e-136 2.78972e-86
3.43728e-82 3.16373e-88 2.51907e-19 7.2971e-175 2.15847e-24 0.195624 0.000294142 2.9878e-08 4.28939e-66 1.26925e-126 3.97184e-14 1.89557e-64 6.85963e-103 2.05592e-152 5.93777e-152 1.93493e-30 3.55013e-217 7.03205e-95 5.99264e-65 0.077732 1.52144e-128 2.83743e-80 1.02433e-108 2.58157e-125 2.90406e-114 1.04051e-95
1.44928e-63 3.7342e-142 1.3155e-15 1.89597e-44 0.0325136 1.80585e-39 7.04885e-112 0.0410443 2.84286e-149 0.0634642 6.80645e-41 4.66848e-91 9.14494e-50 1.15627e-117 6.36142e-151 3.7609e-84 5.1703e-155 2.90294e-101 1.33638e-78 8.60138e-16 8.63649e-46 4.89535e-42 3.83382e-94 9.36934e-114 2.80145e-137 5.98816e-39
1.63946e-06 2.67754e-14 2.05138e-43 1.34982e-57 5.45484e-68 6.67549e-121 3.86641e-124 0.651352 9.8341e-120 2.07312e-112 4.51047e-114 1.13638e-97 2.1458e-42 6.21803e-246 1.47941e-65 0.0185769 1.33393e-148 1.21118e-31 3.08222e-72 4.03562e-13 8.38698e-143 7.45969e-86 3.72773e-82 7.54742e-121 1.57232e-27 0.0720257
2.32729e-102 3.0004e-103 1.65167e-23 3.73761e-94 3.70162e-07 2.81632e-149 0.428977 1.67906e-52 0.173903 1.44637e-53 4.89054e-131 0.212502 0.425554 2.78535 0.143004 5.73687e-72 1.18274 1.1233e-21 1.5334e-16 0.0844139 7.60113e-53 1.98686e-137 1.07166e-12 0.136112 3.91349e-27 9.32875e-95
5.61484e-17 8.03798e-108 1.59242e-57 7.92271e-118 7.16236e-61 0.12366 5.77944e-126 1.19515e-73 3.46274e-142 2.89861e-46 3.95124e-18 1.66433e-53 9.65951e-129 8.94098e-184 1.55252e-136 4.30809e-29 2.98064e-155 0.172143 0.0678842 1.94593e-36 1.99185e-102 3.90939e-140 7.33094e-41 3.09569e-178 3.99744e-75 2.48109e-47
1.187e-93 1.85277e-22 5.81845e-48 1.70185e-06 0.0961179 1.4229e-85 1.21285e-83 1.1228e-29 5.37465e-145 1.61958e-29 1.19851e-105 3.14612e-98 5.30556e-117 3.37494e-183 1.178e-134 2.91989e-73 2.32967e-148 3.37644e-103 4.27608e-40 3.20628e-61 2.72597e-28 1.64703e-77 3.39193e-51 3.63301e-111 1.34978e-56 4.0262e-37
3.75021e-73 4.61715e-148 0.0162244 4.73418e-89 1.25139e-101 7.21397e-143 2.48135e-115 9.70629e-62 1.77161e-185 6.87274e-08 1.65114e-138 7.35669e-26 2.33202e-93 9.99564e-120 1.86425e-74 9.9977e-31 4.8727e-152 1.66556e-53 4.43039e-38 6.08568e-95 4.94545e-73 1.6701e-169 3.7907e-56 2.08984e-103 0.162121 9.83118e-82
9.83789e-15 2.87381e-128 0.167303 6.03345e-37 1.63449 7.41639e-74 4.86036e-132 5.71938e-95 7.04226e-201 3.57218e-93 0.0462361 4.45352e-64 1.42045e-23 2.65561e-176 3.78623e-58 0.395798 7.24008e-229 1.00271e-73 3.03869e-76 1.59035e-91 7.06748e-48 0.112832 1.25724e-35 1.01682e-93 2.44077e-110 6.78509e-61
5.96731e-112 1.94833e-135 8.00597e-09 1.66277e-28 0.100696 1.53007e-30 5.75073e-135 4.34471e-101 2.73385e-151 3.18516e-102 6.64647e-132 5.41597e-45 1.07296e-66 9.48229e-212 7.3853e-98 5.02285e-46 2.85579e-186 2.12328e-139 9.74998e-13 3.46974e-95 9.69396e-58 4.23776e-171 4.57559e-62 1.60702e-177 9.8902e-122 4.47596e-95
5.62462e-06 8.61781e-103 5.92974e-35 5.28465e-141 3.68019e-37 3.33915e-108 1.11404e-07 1.35692e-88 1.93455e-95 0.282768 1.49489e-149 3.53043e-102 1.78657e-117 3.46225e-207 1.63084e-160 3.07621e-109 5.12199e-102 4.48447e-37 2.65056e-87 4.33125e-95 6.04916e-73 4.42136e-48 1.34416e-76 4.43582e-161 6.12537e-33 8.56208e-64
1.17384e-22 5.90719e-114 8.18496e-17 1.81486e-53 3.38075e-65 1.41704e-67 3.28875e-32 4.67221e-55 6.66455e-180 0.152742 9.47064e-34 1.16691e-106 3.87399e-83 1.21377e-192 5.40778e-148 3.9491e-56 2.89597e-128 1.62182e-71 6.08689e-24 9.49041e-97 1.18917e-45 2.2331e-45 1.05964e-15 5.36463e-194 1.52446e-50 4.19746e-17
2.9476e-126 2.70597e-05 6.39842e-13 5.17257e-53 6.33527e-69 6.80188e-07 1.98057e-20 2.65374e-72 2.53651e-56 1.04278e-145 4.54062e-87 1.28834e-87 7.91084e-63 2.37696e-236 3.01166e-116 1.85568e-98 2.81024e-98 4.31316e-40 0.0706976 1.46583e-06 1.33501e-24 9.24058e-150 5.46891e-18 2.8564e-92 4.41152e-56 1.80939e-24
2.60952e-39 5.19539e-112 7.32049e-50 3.13884e-132 7.90376e-68 1.34411e-61 3.07622e-42 1.79485e-16 9.94812e-187 1.4891e-06 3.23937e-98 7.81301e-54 3.06745e-88 8.75148e-173 1.76984e-121 6.41099e-67 2.52538e-172 2.24174e-93 8.98227e-07 1.02457e-33 1.86728e-71 9.68836e-152 1.6565e-111 1.7036e-91 0.0136522 6.21911e-68
