0.390848 2.33608e-52 2.17892e-42 5.97821e-07 7.09078e-24 2.7425e-47 2.86234e-51 8.37577e-96 2.52509e-39 3.07738e-24 4.86036e-22 3.62639e-82 1.91937e-48 3.4508e-21 4.72916e-36 2.46524e-48
0.326586 2.83042e-32 2.4879e-35 2.2231e-20 2.06756e-14 4.12793e-28 8.29839e-43 1.38647e-51 3.11657e-43 1.55959e-35 1.27555e-56 6.20668e-68 4.47438e-33 0.0155756 6.32825e-31 2.36577e-56
0.0214744 1.07281e-51 2.44858e-32 1.55283e-34 5.07324e-21 5.18107e-31 1.41048e-14 7.31418e-79 2.91033e-26 1.68827e-16 6.19704e-56 7.48803e-77 5.18458e-26 1.9235e-11 2.76206e-50 4.29211e-39
0.0434817 3.68006e-38 3.42097e-05 7.30736e-28 2.88996e-05 0.064404 0.0296172 0.148646 0.0266215 8.13187e-45 4.79504e-40 1.88362e-09 0.15855 0.104811 2.45588e-55 0.136049
2.09738e-09 1.784e-17 6.81485e-22 8.7264e-21 1.72845e-15 1.62015e-48 2.23899e-11 1.2077e-42 3.82835e-18 1.44084e-08 0.139189 1.45885e-26 2.75577e-54 1.98953e-56 4.33036e-36 1.09515e-50
3.3627e-06 1.27577e-47 3.05425e-56 2.17804e-23 0.000309654 1.76049e-51 2.33436e-18 1.32897e-100 5.30634e-14 0.116198 1.3316e-56 0.0282054 2.91734e-55 1.05115e-41 1.47015e-30 4.81574e-92
0.236724 4.90264e-42 5.53889e-48 1.91771e-37 4.39779e-05 4.97707e-76 2.91169e-23 1.6707e-74 1.32171e-31 6.67745e-06 3.80172e-57 1.25579e-61 3.15732e-46 5.72284e-27 2.17588e-52 4.08455e-60
8.00887e-26 4.52126e-47 2.59283e-73 2.31496e-27 1.91161e-19 2.23886e-44 1.08296e-34 4.12989e-75 1.01616e-37 2.99707e-25 8.68078e-05 9.56452e-82 4.48607e-27 7.44873e-61 0.0865181 9.55424e-39
0.0383063 2.8701e-09 9.81105e-56 0.0565578 6.33302e-10 4.80378e-69 5.00565e-14 4.19274e-92 5.01385e-45 1.67108e-45 1.58247e-16 3.91265e-06 1.31867e-16 2.87016e-28 2.48362e-51 2.71468e-87
3.18554e-13 2.91878e-31 5.03145e-25 8.59248e-17 2.356e-06 3.02702e-55 2.3359e-20 9.29409e-92 9.89338e-27 4.7953e-46 0.132185 3.27852e-58 5.0822e-58 5.47892e-17 5.77494e-08 1.33969e-50
0.00523187 0.11944 0.0723881 4.26644e-29 0.0906813 3.27284e-78 2.59081e-05 9.17445e-28 2.8774e-48 7.34099e-31 2.96328e-08 0.14106 2.83684e-61 7.55489e-14 2.43024e-09 1.99149e-84
