5.70571e-36 5.5571e-53 2.08432e-73 9.54411e-137 5.92725e-40 4.31436e-100 1.87374e-49 1.34428e-172 7.0831e-34 4.07041e-07 5.05234e-36 9.90949e-135 7.02966e-75 2.4835e-86 1.44925e-166 8.33891e-67 0.0882179 1.46698e-185 0.300856 3.17285e-139 1.26655e-68 1.0191e-123 1.22044e-102 2.6573e-23 8.25243e-149 6.78518e-06 2.93385e-70 7.42487e-187 6.82396e-50
1.2151e-174 1.41071e-103 8.76156e-13 9.9864e-180 1.39524e-48 7.03279e-80 9.9883e-70 4.07508e-229 5.2956e-64 3.12051e-208 8.92347e-156 1.25431e-179 3.25855e-81 2.68421e-138 0.00593139 7.30686e-109 2.93096e-52 2.67983e-47 2.73962e-11 0.0925393 2.42646e-108 2.90035e-56 3.6045e-20 0.0806197 1.12638e-63 1.29712e-26 1.0956e-14 7.17209e-17 0.0480353
1.20325e-41 0.0594651 1.69896e-97 3.28882e-135 2.11843e-67 2.08689e-26 1.86302e-108 1.20224e-159 1.52015e-52 3.13177e-175 2.15849e-54 8.00581e-148 5.541e-66 1.23435e-125 9.11644e-74 1.56784e-90 2.10347e-67 5.61924e-165 2.21012e-06 1.12813e-66 7.75912e-23 1.02697e-118 0.259309 6.35192e-53 1.5083e-77 6.84281e-61 0.264687 5.81683e-170 1.34802e-117
1.43737e-121 1.81688e-74 7.98241e-28 2.29961e-20 6.33962e-157 1.28702e-94 5.94616e-15 3.00669e-70 1.31523e-31 3.45231e-98 1.86515e-110 5.17244e-149 4.76261e-142 4.87926e-121 0.0868749 1.03194e-134 2.57019e-28 8.81298e-54 1.10238e-41 4.29802e-162 1.75506e-61 0.477051 8.09192e-14 2.0955e-59 3.28645e-73 3.57283e-53 2.55301e-09 0.346857 3.30286e-16
2.71898e-106 1.52533e-58 9.84178e-88 3.29829e-09 4.58008e-27 4.48674e-20 3.61914e-42 7.08959e-129 9.88929e-82 7.21108e-05 1.22662e-71 1.86611e-42 6.05179e-133 1.43575e-46 7.67734e-116 5.19498e-69 1.21923e-71 6.61114e-120 0.371319 1.353e-183 1.68655e-44 6.00995e-82 1.08796e-103 4.47375e-142 5.83667e-141 1.8594e-24 7.90234e-76 3.98683e-72 3.76652e-69
2.78949e-30 9.11026e-38 5.79497e-125 5.29503e-49 7.14941e-137 1.44366e-84 5.78307e-51 1.09642e-15 1.11369e-55 3.70114e-145 1.14443e-116 2.59829e-14 5.52073e-15 1.01087e-108 5.15596e-147 1.00926e-45 0.0373333 9.53486e-88 6.04793e-75 2.33144e-212 3.57012e-82 6.06737e-58 5.65281e-133 5.37015e-71 1.35123e-99 1.63447e-83 8.49525e-23 1.48594e-156 7.66522e-82
0.00230463 0.000154899 0.000368445 0.000416039 5.28965e-06 0.00151596 7.44843e-05 0.00183348 0.00121286 0.00417151 8.52979e-05 0.000442283 0.000225597 0.0013487 1.16296e-176 5.51422e-137 4.76598e-127 1.35247e-200 1.07459e-160 2.80543e-246 1.83526e-112 6.54369e-164 1.46486e-140 1.64961e-171 3.04524e-204 7.87136e-125 5.91568e-203 2.46029e-216 8.73188e-154
1.09533e-108 9.08601e-114 4.14694e-73 1.51683e-27 2.41544e-125 2.87737e-61 1.84603e-20 3.47891e-100 5.03426e-30 8.62888e-170 8.91536e-132 2.1571e-110 1.23375e-28 3.87901e-92 2.72774e-89 0.131112 5.90455e-90 5.01526e-20 2.59529e-37 4.32307e-100 0.0845357 1.26052e-143 2.02834e-45 5.613e-105 0.0538734 3.78282e-101 1.99486e-55 6.21579e-149 7.95952e-51
0.00762152 2.2041e-08 0.000360087 0.0251075 6.62042e-13 8.31097e-06 6.62578e-08 2.81996e-08 0.000103755 1.09241e-08 5.6062e-12 5.83351e-05 0.000521562 8.55187e-06 1.43762e-165 9.51255e-130 3.80153e-124 2.19007e-184 2.07235e-153 2.19984e-243 3.74225e-109 4.96698e-162 2.26435e-130 1.92721e-161 7.24601e-202 3.77317e-123 5.24563e-195 7.90614e-209 1.08198e-151
2.15467e-110 1.72571e-132 9.75695e-109 6.45405e-55 1.49736e-26 1.42693e-109 3.47392e-40 6.88808e-195 1.69105e-104 5.20529e-143 3.34809e-95 1.27718e-47 1.72436e-157 3.82546e-116 9.84549e-168 1.19867e-62 1.26359e-27 1.54372e-159 4.48898e-80 2.18731e-127 7.67162e-58 1.13479e-35 1.14495e-64 3.02695e-87 1.08549e-72 0.207175 2.52226e-82 6.79277e-57 1.02405e-109
2.62427e-114 3.603e-105 1.60246e-44 2.43944e-122 1.38509e-37 3.40012e-134 5.94401e-16 5.6269e-73 6.96964e-116 1.33513e-137 3.71098e-19 4.0855e-07 3.13094e-162 1.05392e-84 3.54282e-124 0.000502339 0.285534 7.01659e-103 1.19809e-17 1.06358e-183 6.38722e-20 5.35588e-97 5.30433e-119 8.78688e-68 2.1365e-167 8.80288e-06 0.00357229 2.07982e-102 1.1535e-18
4.92272e-28 1.4493e-133 5.41789e-28 9.4192e-127 1.30813e-61 7.19214e-88 6.4396e-15 1.61437e-29 3.08149e-80 2.60864e-102 1.32524e-169 8.91096e-59 6.29465e-41 1.19406e-29 2.56488e-08 1.1859e-50 0.170897 2.85926e-36 7.4397e-31 3.09526e-242 4.41239e-60 0.295644 2.49527e-53 1.48946e-168 3.98498e-133 3.87175e-30 7.23749e-17 6.27441e-07 1.25716e-145
7.13562e-55 5.63919e-125 1.3585e-41 9.36849e-26 9.61223e-12 1.78374e-105 6.99881e-14 1.71947e-31 5.90796e-32 2.11278e-09 2.23181e-67 1.17168e-124 1.29938e-67 2.83333e-96 4.67268e-59 1.92193e-133 0.140782 3.33063e-137 1.39687e-150 3.5661e-111 1.82622e-25 3.85493e-159 1.09814e-115 1.2793e-93 3.46405e-161 5.87131e-34 8.38355e-149 3.88066e-131 3.39715e-108
0.000358043 3.9915e-57 8.43104e-120 8.01611e-157 2.0274e-160 2.78969e-78 4.70981e-49 2.5182e-142 1.8892e-69 8.79545e-48 1.42153e-149 4.4943e-165 4.83703e-10 5.27625e-118 9.38866e-71 2.54172e-108 3.4521e-116 2.80134e-80 7.69995e-143 3.81321e-228 6.77977e-68 3.63616e-131 6.58865e-91 5.75359e-35 1.28162e-151 1.64602e-100 1.07244e-39 3.92459e-205 4.4186e-44
1.69179e-133 4.57937e-139 3.00325e-72 2.96796e-164 9.94669e-89 2.15557e-60 3.23533e-83 3.20806e-120 3.59779e-11 1.30758e-141 1.57501e-71 1.99272e-164 3.11803e-35 1.10492e-46 3.36852e-99 2.96152e-69 1.89666e-113 0.148211 1.7859e-133 9.48726e-94 1.04971e-75 8.94842e-65 1.9233e-29 2.52153e-64 2.25094e-82 1.96222e-51 3.04038e-74 3.4763e-144 7.79518e-86
5.10437e-31 4.95221e-88 8.73707e-70 2.1896e-14 1.9916e-181 1.69402e-97 5.40002e-64 8.18173e-99 5.70207e-74 1.52079e-218 8.57087e-113 8.93386e-21 3.7252e-215 7.54109e-156 3.32145e-37 1.01384e-23 1.66768e-50 2.1523e-34 6.59657e-58 1.19275e-239 6.03127e-84 34.2823 8.77312e-48 7.47788e-36 0.214773 5.59894e-22 3.39781e-141 7.83981e-62 6.43934e-143
