1.1233e-273 7.983e-245 5.91397e-321 1.61559e-321 3.43836e-174 1.14999e-256 6.17698e-267 9.12158e-133 3.34704e-318 2.831e-321 4.95054e-321 1.57113e-321 1.79346e-321 7.03653e-296 1.31916e-321 4.17183e-298 4.43177e-321 6.05705e-71 4.00687e-321 3.65417e-258 4.31319e-321 9.08441e-249 0.238867 0.483421 3.50283e-169 4.31973e-189
1.36593e-160 1.20058e-321 5.32603e-321 1.38338e-321 4.18732e-190 8.27037e-202 1.61848e-184 1.13043e-236 5.39934e-253 1.91203e-321 6.72265e-273 1.58101e-321 1.7984e-321 1.1184 1.17094e-321 3.46291e-320 4.09086e-321 1.09683e-321 2.64819e-321 2.00553e-105 4.36204e-259 1.02827e-117 8.92961e-54 1.85761e-32 1.38305e-132 2.69674e-139
2.05688e-199 0.395197 9.9653e-321 2.09978e-321 1.5778e-207 3.10128e-92 1.02247e-35 5.71622e-131 1.17461e-120 2.80135e-321 1.17898 2.26282e-321 1.88952e-275 2.18871e-09 8.11579e-206 5.94084e-168 5.4446e-321 1.80827e-53 4.95054e-321 3.18214e-43 6.33886e-321 1.86795e-31 0.231165 3.10965e-20 2.95521e-62 0.329722
1.78951e-320 2.32642e-177 5.79539e-321 1.35868e-321 1.59722e-300 3.15214e-321 0.182337 8.71167e-234 1.49031e-223 1.65018e-321 1.49505e-233 1.89721e-321 2.14919e-321 7.70625e-233 1.78852e-321 3.39621e-320 4.51576e-321 1.72814e-114 3.46834e-321 3.34961e-224 6.52228e-95 1.20446e-80 6.35699e-138 0.128917 1.93674e-321 1.72332e-114
1.65759e-320 9.58487e-322 7.04044e-321 3.15805e-283 1.09938e-143 3.27189e-222 3.20393e-90 3.68524e-226 9.9969e-151 1.70947e-321 1.65538e-259 1.57113e-321 2.06432e-212 2.25903e-75 1.26975e-321 1.83743e-320 4.15509e-321 1.63513e-91 2.46539e-321 2.50985e-321 3.22359e-218 2.45359e-244 9.23351e-24 0.229018 2.78882e-154 1.2379e-262
2.00017e-249 7.52722e-304 7.48015e-321 1.30711e-215 1.38525e-87 1.24297e-214 0.0355665 1.08302e-286 6.30164e-138 1.79346e-321 5.20251e-321 2.94957e-321 1.79359e-272 2.37763e-136 2.23318e-321 3.84185e-320 2.93475e-321 1.54974e-36 7.74987e-251 2.85076e-321 4.31193e-218 7.29169e-141 7.64223e-126 2.54428e-26 3.08207e-35 1.40359e-213
1.43582e-236 4.59788e-218 8.57698e-321 1.63536e-321 1.58595e-321 9.48257e-235 3.0383e-154 4.53592e-260 3.68921e-111 1.90215e-321 1.84099e-189 1.70453e-321 1.41303e-321 1.1952e-135 1.9565e-321 2.30482e-320 3.12249e-321 1.26481e-321 2.57408e-321 2.47033e-321 2.276e-64 0.195761 5.86772e-194 1.98822e-63 7.17921e-40 1.28388e-219
9.83019e-144 6.31346e-276 9.60958e-321 1.73911e-321 1.06958e-89 2.1674e-148 6.77702e-18 1.43806e-305 3.50899e-276 8.85392e-231 2.66772e-290 2.24306e-321 2.47527e-321 1.38338e-320 2.42586e-321 3.08445e-320 3.92288e-321 0.00189742 4.0958e-321 0.503052 6.38514e-243 1.30895e-27 2.13271e-177 2.71095e-120 2.31717e-321 1.78834e-40
3.07821e-240 1.15481e-91 3.86574e-311 1.3488e-321 2.58614e-35 4.05848e-216 8.44641e-293 1.76917e-204 1.14362e-232 3.72781e-270 7.26771e-321 2.60373e-321 1.53654e-321 1.54544e-320 2.30729e-321 4.74145e-319 3.27071e-321 1.54762e-235 1.05828e-297 0.132622 4.84678e-321 0.000761667 0.0203814 1.60203e-181 2.7602e-237 3.09031e-50
3.95275e-88 1.09189e-321 5.70646e-321 1.26975e-321 3.68656e-204 1.23951e-247 2.11394e-192 7.78166e-244 4.92644e-318 2.06519e-321 5.4223e-181 2.24306e-321 2.32705e-321 3.19058e-167 1.665e-321 2.11559e-320 3.56715e-321 6.83083e-213 2.78159e-321 2.37646e-321 0.358883 3.12073e-61 1.33104e-28 7.47935e-41 1.46664e-232 4.39796e-98
1.33078e-220 2.29176e-265 5.08888e-321 1.39327e-321 4.42525e-199 3.47822e-321 2.99819e-294 1.65994e-277 3.05827e-321 1.6897e-321 2.38745e-313 2.5395e-321 1.48714e-321 1.18279e-320 1.57113e-321 3.22921e-320 3.18672e-321 1.09632e-277 2.04099e-320 3.59727e-103 1.85577e-38 0.02036 4.67962e-210 4.88293e-97 2.51512e-65 1.12886e-222
1.61275 1.47232e-321 1.04396e-320 1.04095e-208 3.5568e-178 1.36459e-270 1.47389e-255 2.30571e-310 4.21505e-254 2.55926e-321 2.37261e-273 3.60174e-321 2.33199e-321 5.27182e-70 3.65907e-288 3.28967e-313 3.62644e-321 0.336633 3.39423e-321 0.0621616 0.654708 4.32801e-122 1.24017e-47 7.79077e-138 6.22905e-265 6.24479e-237
2.15603e-280 3.22797e-273 5.75531e-292 1.3241e-321 7.89716e-258 7.82051e-305 5.02207e-60 2.15294e-184 1.22115e-260 1.59089e-321 9.27107e-303 3.00886e-321 4.31084e-282 1.65864e-62 1.17094e-321 2.85076e-320 3.14226e-321 4.3886e-133 3.33494e-321 2.44735e-175 4.44645e-291 6.56498e-285 8.86828e-254 0.129189 1.57735e-248 1.60589e-105
2.11553e-165 9.53547e-322 6.59578e-321 1.13141e-321 5.04279e-254 4.69656e-257 1.04441e-79 1.13458e-234 2.67784e-321 1.62054e-321 4.10569e-321 1.17094e-321 1.37678e-284 1.11856e-320 9.73309e-322 1.62597e-320 2.36163e-321 1.29869e-191 3.1719e-321 7.85312e-131 8.53979e-162 0.450405 1.15386e-285 5.66156e-66 1.06694e-215 1.31599e-259
1.17171e-122 5.6004e-119 9.49594e-321 1.29939e-321 1.56606e-106 3.01081e-276 7.29093e-99 3.81074e-219 8.22899e-299 2.93969e-321 2.56879e-196 1.78358e-321 4.69165e-115 1.51135e-320 3.87819e-300 4.52998e-283 5.48413e-321 1.55631e-321 3.03287e-259 1.99207e-242 3.27151e-72 7.83328e-174 0.250631 3.97646e-26 8.20298e-206 2.02408e-260
5.9495 1.54809e-213 4.21324 0.696409 0.69179 1.59244 2.21624e-112 2.38667 1.43358 1.38175 1.87402 1.36481 0.963819 7.39207e-86 0.922343 15.8632 3.00545 1.70837e-313 2.13003 6.34874e-321 2.91229e-233 1.06304e-51 4.25678e-202 0.0354214 0.886473 1.46042e-168
1.26297e-181 1.08694e-243 9.49594e-321 1.14623e-321 8.67113e-292 3.4634e-321 1.11254e-114 5.50473e-192 1.07008e-295 3.38435e-321 8.86837e-218 1.84781e-321 2.16766e-160 1.78443 1.97626e-321 2.23812e-320 3.05827e-321 2.39294e-252 3.32012e-321 1.53831e-312 1.50229e-116 2.09498 1.72217e-231 6.25608e-23 6.41418e-87 1.16464e-240
2.91017e-83 1.02814e-277 6.38827e-321 1.20058e-321 5.97489e-246 2.42811e-226 5.26276e-227 5.86456e-321 1.41912e-231 2.85076e-321 1.87193e-133 2.62349e-321 1.33902e-143 0.000232893 1.91203e-321 3.35174e-320 3.31024e-321 7.76985e-209 5.05429e-321 4.98711e-137 5.74169e-290 1.32195e-82 2.83363e-166 2.86819e-162 1.6986e-243 3.22898e-51
