2.63908e-148 3.5792e-59 5.2985e-45 4.01237e-69 1.83901e-93 2.8136e-195 1.04243e-85 2.8755e-117 3.92066e-150 1.11402e-148 0.0827379 4.71766e-35 2.27741e-77 3.53455e-74 3.84358e-75 1.39664e-141 0.000232272 8.51737e-118 1.67169e-57 4.29903e-38 6.02603e-182 9.2639e-169 4.20043e-67 4.94157e-05 9.39789e-73 1.33836e-77
9.44346e-75 6.33209e-112 0.248071 7.13732e-83 4.20007e-44 6.18754e-155 3.87511e-110 4.10248e-74 4.61907e-115 2.08419e-41 9.83179e-22 6.54578e-48 1.00285e-93 2.42841e-58 1.58794e-69 0.51748 4.4918e-32 7.15024e-99 5.39076e-16 1.98049e-26 3.08452e-129 2.60714e-48 2.54669e-119 4.95485e-22 1.10414e-106 4.90149e-11
1.75634e-13 0.864522 1.4275e-81 4.92651e-11 4.59834e-35 2.23361e-57 8.27334e-22 1.57665e-115 1.15001e-149 2.88413e-120 1.44426e-08 2.35192e-14 9.07425e-31 0.183756 1.16687e-22 6.594e-138 1.53405e-56 1.19259e-96 1.021e-39 0.00371277 3.91763e-18 4.0547e-58 4.22073e-123 9.54606e-85 2.17123e-14 3.31647e-73
1.25375e-164 1.14859e-78 1.48101e-75 9.44493e-78 2.12791e-64 3.57629e-92 5.14713e-113 8.77937e-42 1.25057e-91 1.02364e-51 1.32987e-11 1.53054e-64 8.71179e-163 0.228396 3.54192e-17 2.25807e-109 3.21209e-124 2.7954e-32 7.10265e-54 1.53727e-31 7.93987e-149 1.39336e-130 3.33248e-41 1.32732e-44 3.52021e-70 2.57912e-46
3.35802e-116 4.66171e-84 0.927066 1.68606e-40 0.0126464 1.16518e-143 5.36318e-69 7.02649e-111 3.88087e-102 3.08187e-162 1.5127e-92 1.14055e-40 1.77634e-99 3.72216e-44 1.36508e-95 9.65594e-117 2.72285e-128 8.49172e-42 7.63365e-82 3.98334e-81 1.94907e-149 1.43072e-78 1.61993e-146 0.0139563 2.09047e-83 7.93493e-90
6.69096e-52 2.4021e-35 2.36902e-86 4.13564e-98 1.82375e-66 4.81222e-127 3.72555e-117 2.2364e-75 5.26727e-241 2.0807e-138 6.71263e-58 5.80009e-51 4.58206e-87 1.37259e-99 5.41029e-60 0.0978728 0.0369535 3.58115e-92 1.03713e-85 2.10473e-49 9.27155e-190 8.0365e-96 1.38887e-56 2.3189e-79 4.33814e-113 1.55186e-21
7.18064e-97 9.62467e-54 3.848e-33 1.19701e-73 0.00539705 5.22687e-47 0.198 1.74293e-67 5.09954e-179 8.82155e-148 1.34878e-35 7.37484e-40 3.18814e-91 6.72922e-95 1.36622e-25 1.97695e-121 1.22729e-71 3.00236e-94 3.96603e-70 0.0831523 1.28589e-141 2.62737e-154 1.06707e-102 3.09141e-102 1.18478e-61 1.93083e-91
0.114328 5.83519e-77 5.11274e-25 1.49356e-56 1.15581e-76 2.761e-78 4.52407e-11 8.72331e-59 2.68202e-213 1.7735e-115 3.64012e-72 0.0963076 1.3608e-138 0.112391 3.00432e-71 8.03492e-127 6.31114e-87 8.65921e-87 1.62473e-83 4.94246e-27 9.72559e-88 4.08224e-131 9.90119e-73 9.57984e-06 1.23385e-136 3.80351e-100
3.909e-95 8.51811e-69 2.85209e-65 6.2847e-53 2.27503e-89 0.250027 0.000745553 0.358616 0.263006 0.0779171 2.74523e-13 0.175027 0.0536327 1.84593e-13 7.25088e-27 3.12568e-121 6.016e-30 1.37158e-97 0.44986 3.66483e-22 0.243417 0.000179632 0.507502 1.46186e-72 9.2229e-139 5.59926e-41
3.91606e-174 0.0454457 2.25309e-35 1.80248e-41 7.43892e-45 1.28607e-84 5.18608e-77 8.69424e-14 4.91957e-115 6.59028e-169 0.121414 3.75344e-31 6.20317e-12 1.90587e-33 0.537705 9.26648e-105 0.151404 1.7281e-102 1.27447e-43 0.000305999 3.25138e-205 4.53997e-164 7.93535e-81 4.66701e-40 0.0329515 0.131669
1.07595e-96 5.07576e-33 1.38877 6.74883e-41 2.55227e-92 6.85629e-73 1.22254e-115 1.703e-35 1.06701e-213 1.06141e-143 4.72421e-14 2.41932e-43 6.25452e-149 7.9145e-98 1.49019e-70 2.47528e-120 8.18276e-63 5.82611e-47 1.86251e-79 1.79775 2.69964e-201 2.8442e-135 2.20978e-100 3.31598e-45 9.31905e-111 3.86993e-21
7.43522e-90 1.63072e-122 3.34541e-46 3.3204e-61 1.82874e-64 4.39388e-110 3.0544e-110 5.40909e-43 1.22862e-187 3.62901e-109 4.54824e-29 1.73814e-37 4.34325e-157 2.25521e-61 1.92159e-81 1.1253e-133 1.32409e-59 1.86532e-116 1.20262e-108 0.135034 3.76643e-181 6.99645e-98 2.35958e-116 7.649e-70 8.58183e-61 1.01443e-87
1.73688e-173 1.30033e-34 9.64051e-09 5.55456e-102 3.84775e-70 6.16056e-92 1.28472e-31 4.35695e-106 1.69633e-196 4.98143e-139 1.0308e-61 6.51379e-72 3.29704e-120 3.28265e-65 7.31429e-56 1.14577e-106 2.11978e-27 4.5374e-37 3.86608e-24 1.4243 5.76329e-81 1.21932e-112 3.36208e-99 3.26156e-19 1.16638e-58 9.78743e-29
5.03148e-98 1.75035e-31 5.01772e-80 6.82858e-71 2.80331e-10 1.31868e-146 1.35259e-110 1.25274e-102 1.21794e-185 5.1293e-94 5.7398e-40 4.86207e-62 2.88299e-148 1.3851e-105 3.74624e-57 3.51259e-144 4.0157e-30 1.28869e-82 8.49084e-26 0.102994 2.06046e-77 1.34504e-69 3.80128e-70 9.52157e-54 9.10382e-112 9.11012e-70
7.00393e-100 4.57234e-29 1.94654e-28 1.83339e-23 0.323749 7.11116e-91 1.74251e-59 1.09507e-65 2.76036e-243 1.01548e-97 1.9443e-45 0.583224 2.29644e-22 4.67402e-57 3.68315e-74 1.81405e-10 2.98362e-153 4.48081e-116 1.65352e-114 5.42851e-54 7.21948e-154 0.00802719 1.20593e-53 1.51037e-46 3.49664e-115 5.82059e-38
7.80379e-166 1.05174e-128 0.230017 5.3477e-103 4.12675e-46 1.25717e-44 0.165095 1.46463e-82 3.52568e-137 6.3236e-153 1.6849e-25 3.48962e-43 1.2087e-51 2.76899e-36 1.04265e-88 1.7068e-109 4.80911e-53 8.39608e-85 1.43237e-15 2.29491e-17 5.63955e-109 1.44426e-115 4.10408e-60 1.77071e-28 5.23987e-119 2.51401e-56
7.11558e-25 2.62696e-49 6.17263e-36 4.60652e-87 1.21237e-60 2.71376e-191 6.93875e-11 1.60055e-81 3.50063e-205 6.39561e-134 4.1711e-31 5.79112e-17 1.28066e-92 1.55012e-88 7.7099e-87 1.39831e-81 6.50323e-113 3.12718e-97 2.54482e-80 0.737321 2.18581e-147 3.21097e-130 2.19543e-120 7.41673e-62 1.44042e-47 4.32496e-29
4.23589e-147 3.54308e-47 2.98366e-83 0.179599 7.77709e-67 4.43636e-18 3.33742e-48 1.92097e-47 6.03336e-132 1.07268e-84 7.96097e-84 1.28856e-05 0.110515 1.77956e-114 4.64917e-31 3.45873e-123 0.320582 0.415343 1.82721e-63 1.1167e-70 1.79561e-138 0.0915024 4.3632e-95 0.118175 1.87316e-32 2.37309e-75
