2.02567e-322 8.93259e-189 9.29562e-142 1.07492e-55 2.20804e-230 3.25589e-321 1.10177e-321 4.60948e-165 1.23933e-147 6.60166e-319 2.30034e-18 3.958e-34 1.21178 7.06929e-140 0.559423 1.23673e-58 2.52468e-321 0.0321851 4.00437e-171 1.10666e-218 1.02239e-139 1.84597e-50 8.68514e-32 1.10314e-140 1.12961
2.35061e-204 5.66381e-101 4.90119e-31 1.8365e-37 2.58747e-201 5.82584e-267 1.04248e-321 2.00894e-50 1.0175e-145 2.28972e-74 0.315216 4.20329e-112 6.67621e-77 4.70379e-240 2.88674e-141 0.440995 1.40809e-321 3.4461e-208 9.51294e-54 8.86349e-28 1.21163e-210 1.231e-70 2.12051e-315 1.25719e-157 5.3905e-212
1.72923e-322 1.18576e-321 4.13927e-304 7.16395e-322 3.3996e-32 2.39622e-321 1.23477e-99 5.45412e-33 4.44663e-268 2.19251e-127 1.05126e-316 1.77342e-80 7.01465e-240 1.43801e-22 2.04543e-321 0.6251 1.62054e-321 4.75172e-295 5.29753e-93 1.50275e-231 7.38692e-86 4.8634e-210 0.247884 3.23417e-239 4.52821e-123
1.43279e-322 3.02919e-285 6.28552e-210 4.26318e-248 1.52172e-321 1.52672e-132 8.22827e-218 3.68815e-90 1.29149e-86 1.16384e-93 5.90065e-84 1.71186e-215 2.2987e-42 1.04599e-183 1.44267e-321 0.132547 1.55631e-321 3.41893e-321 5.02224e-137 5.68665e-206 6.59994e-80 1.7032e-182 6.07334e-140 9.83191e-322 2.62349e-321
1.43279e-322 1.26975e-321 8.532e-177 1.25944e-62 5.8443e-89 2.23792e-35 1.13141e-321 1.38338e-322 3.14669e-123 0.517262 1.57607e-321 1.92055e-152 3.27745e-34 2.45696e-151 2.04049e-321 2.98811e-92 0.474074 4.37532e-191 4.49115e-191 1.25182e-116 7.81964e-82 3.30673e-113 0.423464 5.10591e-294 3.0138e-321
1.97626e-322 7.74322e-314 2.62349e-321 5.40614e-192 2.18871e-321 3.49282e-132 1.65933e-241 3.04401e-289 1.44272e-23 3.92788e-91 8.14002e-64 5.12e-62 3.6393e-09 0.20116 5.68575e-202 1.37157e-163 4.97334e-300 1.34943e-183 7.6116e-150 1.3913 1.06319e-113 9.88578e-89 3.44364e-321 0.336334 0.178897
5.17413e-200 4.4017e-43 2.54444e-321 4.48457e-275 1.14681e-101 0.00278406 9.43665e-322 1.53673e-122 3.28087e-208 7.14771e-56 2.06496e-141 2.74046e-308 1.02151e-168 3.48794e-20 1.35046e-178 0.00270029 1.70453e-321 1.10262e-67 9.35384e-216 9.73498e-186 0.382887 1.16356e-142 8.4838e-129 1.15895e-290 4.0464e-321
3.36871e-109 1.20552e-321 7.11964e-294 7.81582e-117 6.12401e-22 1.69014e-220 1.30985e-54 5.94286e-131 5.50771e-96 3.72592e-171 1.60571e-321 3.65115e-321 2.24928e-121 0.000296079 1.58657e-312 0.071299 1.40171e-12 1.86013e-268 7.20098e-14 4.64617e-104 3.43829e-204 8.69884e-82 3.63115e-71 5.68865e-12 2.66301e-321
0.000333671 0.00237476 0.00499529 0.00150579 0.00374021 0.00455819 0.00224837 3.71935e-05 0.00553161 0.000136314 0.000108584 0.00760904 2.27539e-242 6.45468e-241 1.4822e-323 6.937e-291 9.88131e-324 3.95253e-323 2.2653e-218 6.58098e-245 6.56051e-232 2.60264e-230 2.47033e-323 4.94066e-324 2.47033e-323
3.59012e-218 4.45516e-22 1.33776e-170 2.66833e-250 1.54033e-85 2.55096e-249 8.33195e-270 1.28457e-322 1.11851e-172 4.71814e-63 1.81187e-138 3.42387e-321 1.1369e-10 2.26806e-07 1.12026e-288 6.60466e-128 8.55269e-20 0.925011 1.49429e-160 6.55113e-83 0.0112459 1.47807e-35 2.3814e-321 1.98845e-73 2.72729e-148
2.60967e-216 2.19014e-219 2.42092e-321 8.44852e-322 1.37165e-294 1.05936e-275 1.43064e-148 1.32974e-310 8.33622e-125 3.6952e-271 2.3044e-84 9.5444e-66 4.37434e-123 0.194987 1.71935e-321 0.306021 3.13603e-164 2.02394e-170 0.000254211 2.18618e-77 1.984e-146 3.80211e-119 2.60867e-321 1.10025e-112 4.2292e-321
1.62544e-52 5.56731e-272 7.23182e-229 1.35745e-24 1.77912e-67 3.75788e-49 4.44439e-252 0.0201939 6.46865e-48 5.7579e-303 4.23208e-317 7.10974e-34 5.43029e-195 8.55722e-111 1.235e-81 6.13549e-128 1.50038e-287 1.59661e-290 0.123858 5.16798e-130 3.52709e-220 7.18276e-89 3.72083e-78 3.41145e-150 4.12545e-321
0.000631619 9.67785e-230 2.43574e-321 2.4524e-38 1.04048e-91 3.82629e-289 7.14332e-24 1.06545e-165 7.26033e-164 5.72212e-305 8.2807e-81 3.60174e-321 1.11987e-156 4.58752e-227 4.75994e-165 0.147727 1.51678e-321 1.83058e-256 6.09243e-97 1.01012e-55 2.73752e-98 2.22961e-30 2.5642e-321 1.68855e-266 3.28317e-170
1.43279e-322 9.76749e-283 4.01693e-22 2.62006e-210 6.94562e-113 1.07813e-101 9.93072e-322 4.17451e-21 7.8444e-05 2.38791e-111 6.96325e-268 4.12545e-321 3.17666e-150 1.06946e-84 1.95873e-141 8.98039e-10 1.34433e-95 4.85209e-132 1.29186e-217 1.23839e-162 1.41871e-158 0.673505 8.30786e-163 1.21752e-113 7.56169e-229
6.18416e-159 7.72371e-285 6.76341e-269 7.21336e-322 1.76381e-321 1.85553e-102 9.38725e-322 2.96047e-40 4.71496e-104 3.15134e-131 2.07859e-185 1.37158e-26 3.37683e-202 1.05467e-12 6.98435e-116 0.0346315 1.44267e-321 2.20713e-85 0.322416 7.94076e-190 5.05501e-21 1.5366e-157 6.14767e-151 1.92079e-274 2.4308e-321
