2.4061e-321 0.683447 3.15715e-62 2.08002e-321 2.42586e-321 2.43574e-321 5.47529e-272 9.83191e-322 1.12647e-321 1.49702e-321 1.08596e-320 1.68056e-116 1.10899e-65 6.93619e-320 8.26078e-321 2.50985e-321 2.4061e-321 6.69629e-266 5.1037e-320 2.74604e-156 2.32686e-196 0.568683 2.1872e-37 5.98512e-241
2.57902e-321 1.0903e-184 8.45346e-321 2.7223e-321 2.64325e-321 1.18205e-93 1.53166e-138 1.66006e-321 1.94168e-321 7.67408e-80 1.7816e-320 2.68042e-08 2.10027e-320 1.14959e-319 0.637168 6.14093e-305 3.02368e-321 2.33199e-321 9.28498e-320 4.59082e-105 1.03461e-220 3.10906e-291 4.7035e-321 4.02664e-321
2.56335e-166 4.70028e-201 1.87043e-302 2.60252e-162 2.65313e-321 7.27867e-16 2.10472e-321 4.69362e-322 1.18576e-321 3.27059e-235 3.9861e-248 2.52468e-321 1.39376e-320 6.35566e-320 1.62435e-231 3.15708e-321 2.87052e-321 1.34386e-321 4.56222e-178 1.47232e-321 2.40367e-24 0.0397326 4.21438e-321 2.34187e-321
1.18035e-73 2.72491e-131 7.99892e-321 1.30493e-127 1.16312e-273 2.48515e-321 1.77864e-321 1.11414e-175 5.31914e-79 1.7984e-321 1.3488e-320 2.77665e-321 3.6718e-248 1.20206e-319 1.49284e-149 3.91794e-321 6.23312e-104 1.89227e-321 1.11362e-142 2.12942e-321 2.46279e-299 1.3702e-116 6.93668e-321 0.986089
0.0103845 4.70611e-07 7.17534e-07 2.42481e-11 0.0162394 0.0139891 0.00912561 0.00582308 6.39662e-07 0.00620438 3.65441e-06 0.011843 2.2233e-322 1.10671e-321 1.18576e-322 4.44659e-323 4.44659e-323 2.47033e-323 9.23903e-322 2.47033e-323 5.92879e-323 8.89318e-323 5.92879e-323 3.95253e-323
1.56175e-165 1.91203e-321 7.32205e-321 1.73911e-321 9.78155e-266 1.98087e-29 2.1146e-321 1.58101e-321 1.89609e-147 8.23007e-262 5.47472e-53 1.76381e-321 1.1034e-67 8.06908e-320 1.49353e-264 0.654982 5.41002e-321 1.28269e-111 9.34624e-320 1.41303e-321 4.66864e-280 3.04521e-259 3.45352e-321 2.49503e-321
3.66716e-108 2.18377e-321 8.25725e-96 1.78358e-321 1.43669e-101 3.26067e-65 8.03489e-305 6.61247e-126 1.2154e-321 2.3428e-274 8.46485e-301 2.5889e-321 4.46901e-265 8.09675e-320 4.10605e-273 2.87018e-85 2.57408e-321 3.22424e-294 6.9021e-320 1.31916e-321 0.154479 2.74563e-281 2.78494e-312 2.5889e-321
2.29868e-06 8.03682e-12 0.05056 0.0179775 2.93746e-15 3.85241e-14 4.02953e-15 8.3497e-05 0.0122264 0.00104595 0.119195 2.64693e-14 3.85371e-322 1.66006e-321 1.82804e-322 6.91692e-323 6.42285e-323 3.95253e-323 1.38338e-321 3.95253e-323 9.88131e-323 1.43279e-322 9.38725e-323 5.92879e-323
2.4308e-321 5.97758e-150 9.84673e-321 1.75887e-321 2.248e-321 2.77171e-321 2.7456e-73 2.74931e-245 4.7687e-88 1.85275e-321 2.33051e-320 4.25275e-217 1.68279e-320 9.25731e-320 2.22645e-20 0.238299 3.5968e-321 1.76381e-321 1.52117e-191 1.06369e-177 5.24813e-77 0.103515 8.21204e-59 2.91904e-54
3.44858e-321 2.71736e-321 2.67688e-167 2.48574e-225 1.48789e-266 0.0054682 3.71691e-273 1.22034e-321 7.01088e-20 2.01362e-305 1.38487e-320 3.45352e-321 2.31865e-320 8.31809e-320 2.50273e-159 4.6541e-321 2.8804e-321 0.557303 9.96135e-320 0.463068 4.0958e-321 7.56569e-157 1.43432 1.16357e-247
3.7655e-268 1.72923e-321 9.59475e-321 2.05531e-321 4.96864e-82 8.53324e-269 1.76876e-321 7.36158e-322 3.82877e-249 1.66006e-321 4.30391e-246 2.45365e-51 1.87844e-320 7.65456e-320 6.51606e-07 4.00193e-321 6.93174e-321 2.1393e-321 2.06811e-65 6.24579e-154 1.60135e-192 0.0558011 4.67386e-321 0.115653
2.26776e-321 2.92487e-321 7.14419e-321 2.33479e-107 2.34681e-321 2.26776e-321 6.27943e-206 4.52584e-271 1.92344e-171 3.59763e-99 7.688e-210 2.05531e-321 0.166403 9.03646e-320 6.59578e-321 1.51106e-222 3.42387e-321 2.89329e-230 5.42632e-320 1.65512e-321 7.80372e-206 3.24085e-106 5.57321e-164 1.55777e-233
4.47278e-125 1.80828e-321 7.19854e-321 1.88239e-321 1.21401e-202 6.51557e-35 8.706e-25 1.03754e-321 4.57627e-127 1.13141e-321 3.30807e-160 3.05827e-321 1.20633 1.13576e-319 9.17839e-192 4.76032e-202 5.10864e-321 1.28565e-156 1.15958e-308 1.29939e-321 2.51748e-244 9.74578e-60 1.21512e-186 3.20649e-321
1.57357e-145 6.6726e-258 6.71435e-321 1.78826e-214 1.73911e-321 3.35224e-141 2.33693e-321 1.49702e-321 3.19928e-66 1.54643e-321 8.12738e-321 2.04299e-185 4.17808e-247 1.15236e-319 6.89222e-321 3.69067e-321 2.45057e-321 3.20797e-146 1.51377e-164 1.69459e-32 5.42475e-147 0.0410421 3.55727e-321 1.22601e-295
2.30344e-134 2.76677e-321 9.9406e-321 2.18377e-321 3.01874e-321 8.61672e-134 6.53267e-241 1.082e-321 3.64519e-89 2.01579e-321 2.37363e-256 7.22762e-295 4.24878 56.6796 1.6911 0.157392 2.26417 4.67318e-276 31.5296 0.187102 0.909574 1.40721 1.05418e-211 5.43472e-321
