2.55996e-23 2.75971e-20 5.14333e-27 1.76328e-70 6.40364e-35 2.69355e-39 2.06483e-61 1.60279e-71 5.17584e-49 3.23989e-60 3.54194e-65 1.84879e-78 7.57891e-63 1.86582e-47 1.94511e-81 3.4738e-52 1.07954e-38 0.159545 8.19888e-28 4.56583e-46
6.83536e-46 2.89237e-46 6.04802e-85 8.6146e-72 1.06329e-56 1.61272e-34 0.255606 1.71588e-69 2.14575e-22 3.57718e-18 6.94295e-101 4.50309e-05 1.76564e-87 2.64966e-50 3.03626e-48 3.38374e-23 2.19549e-05 2.92914e-06 1.20434e-13 1.27006e-68
3.03102e-65 3.21618e-37 1.08215e-111 1.3225e-71 0.0930217 1.93547e-49 0.0639251 1.60597e-77 0.168663 3.57861e-06 3.01035e-72 3.57259e-63 3.10511e-93 0.0247946 1.23385e-91 3.18234e-07 2.19713e-43 0.654601 0.125775 0.0943875
2.79482e-86 4.35672e-75 2.74608e-37 0.116295 1.12859e-50 7.46234e-21 3.37712e-68 0.178928 3.56189e-17 5.29771e-50 7.47037e-82 8.65904e-33 0.116003 1.50263e-44 9.58812e-78 6.46225e-53 1.4913e-28 0.219117 3.43101e-41 3.84312e-65
2.07655e-30 0.00793478 3.6358e-32 5.69593e-77 1.42453e-18 2.852e-35 0.131088 5.56632e-41 1.38512e-24 8.35176e-44 1.18476e-61 1.6571e-76 8.80916e-33 2.63025e-47 2.03196e-62 1.60909e-66 0.0249534 2.15407e-24 7.11507e-15 3.7785e-32
5.66006e-74 1.20978e-16 3.43269e-120 2.98007e-72 2.09257e-06 5.04958e-45 2.92677e-72 1.88741e-77 2.62147e-45 4.91593e-23 0.0789534 1.46507e-36 4.46604e-67 4.41395e-17 8.56479e-06 1.51979e-71 5.93045e-45 0.365843 9.97254e-19 1.94823e-54
5.97099e-15 1.29135e-22 0.0423339 6.36595e-76 5.4358e-48 2.16017e-23 6.21651e-77 7.98008e-67 9.79823e-60 1.76035e-52 2.14328e-84 4.35664e-59 6.89556e-101 2.73552e-50 6.75971e-82 4.2053e-58 7.7796e-46 7.64531e-12 3.12406e-24 5.46255e-48
1.19099e-13 2.09824e-67 2.52912e-26 1.56283e-84 5.09076e-12 0.0389128 1.71644e-25 9.20586e-33 1.0297e-66 0.0625198 8.52484e-89 0.0170281 2.71466e-22 4.32002e-05 0.0442581 2.36684e-51 9.04307e-06 1.52488e-16 1.5232e-37 7.55393e-15
6.74759e-34 3.61283e-18 2.26682e-48 4.31784e-76 6.77348e-50 1.49192e-40 1.30069e-48 3.50582e-75 1.47691e-52 4.95392e-62 6.37895e-78 2.30576e-44 1.31628e-104 1.29643e-38 7.89782e-47 1.99604e-46 1.2131e-24 0.92977 7.63643e-29 4.06869e-58
0.0242312 8.57991e-25 4.27307e-42 8.97926e-69 3.1922e-51 1.14867e-40 8.6816e-35 1.75482e-56 2.87688e-45 4.41407e-63 1.86974e-82 2.13092e-42 1.30925e-76 1.60631e-35 9.53104e-97 9.07491e-43 5.51741e-45 0.375403 1.4797e-38 2.73393e-65
3.03898e-26 3.58537e-23 1.50672e-20 6.893e-48 2.68704e-53 6.01421e-21 7.11158e-47 2.16827e-82 1.35842e-35 9.8605e-56 8.29129e-84 3.27459e-58 1.8524e-87 2.91813e-06 8.80158e-41 3.06971e-37 8.80123e-62 0.114302 8.53053e-07 1.45076e-50
1.11654e-62 1.88803e-09 1.48361e-21 5.40744e-29 1.42233e-13 4.37671e-48 3.76719e-64 1.67802e-28 1.64662e-40 8.1466e-32 6.06087e-76 1.62742e-50 2.00786e-96 4.56347e-38 2.40377e-09 0.0195106 2.10223e-24 0.0355825 6.05489e-06 2.37603e-38
