1.20074e-50 2.36518e-40 0.0112662 1.33192e-16 8.11331e-15 6.78246e-140 1.05228e-47 7.0784e-14 2.31767e-24 9.05876e-116 7.81885e-25 6.33476e-49 9.60688e-70 0.0373444 1.41049e-59 1.44192e-91 5.06919e-103 0.300513 3.57897e-36 2.14881e-33
2.70755e-12 6.44283e-107 6.07558e-79 0.0841219 9.16349e-14 9.15326e-129 1.25278e-29 4.39296e-86 2.19717e-55 8.12567e-66 1.71127e-101 1.93268e-32 3.44326e-06 1.3438e-15 8.73952e-75 1.73993e-39 1.10705e-34 3.22081e-48 0.134383 3.71655e-19
1.38108e-79 1.08562e-34 2.63669e-21 1.64618e-119 1.70873e-92 1.521e-118 2.1273e-17 1.24048e-33 1.16755e-96 9.08934e-97 7.52994e-98 1.36299e-79 1.65326e-52 2.58257e-13 1.31281e-15 8.57541e-106 1.56837e-82 0.321702 1.46785e-45 5.67139e-28
0.164484 1.67113e-09 0.000528795 1.92441e-118 1.21952e-45 3.26925e-132 0.00307095 5.50221e-102 2.65403e-42 1.89024e-135 1.14141e-92 8.17518e-85 1.30508e-64 1.02166e-22 7.1661e-83 1.54056e-90 8.61036e-89 2.24365e-22 2.21749e-65 1.50974e-30
6.3446e-102 1.80365e-69 5.51433e-05 3.09361e-28 0.0966431 4.30519e-164 1.63941e-27 0.191131 0.20277 6.22989e-92 2.12774e-16 0.213485 8.69851e-40 5.90288e-14 3.82626e-13 4.90127e-44 1.88088e-86 1.9878e-31 0.145785 1.55664e-27
7.33993e-85 7.80801e-65 8.25704e-82 7.26355e-71 2.91969e-41 7.23416e-135 0.176956 7.13865e-86 1.29734e-35 5.18541e-132 3.58288e-65 2.50333e-15 4.08909e-38 3.22115e-39 6.69889e-27 1.33326e-88 3.96098e-145 3.64888e-80 4.53682e-75 4.92532e-47
0.0272331 1.0134e-67 1.04233e-22 1.50022e-117 1.0137e-48 5.03232e-86 9.08791e-47 4.75665e-23 2.60598e-85 4.25949e-107 2.53375e-41 7.66794e-23 0.108524 9.76049e-53 4.79576e-85 4.09999e-69 2.26421e-81 3.76736e-32 6.23012e-73 0.260776
8.83883e-08 0.0913547 6.44193e-20 1.16851e-81 3.70519e-75 4.50011e-91 0.123432 2.84028e-67 3.28483e-92 7.38641e-61 5.87944e-88 3.6423e-67 1.38216e-31 7.28949e-54 1.33535e-20 1.04416e-63 1.88201e-132 6.61108e-78 2.49418e-69 4.42138e-34
1.03364e-26 1.69928e-46 1.07078e-120 4.09066e-59 2.70889e-46 7.20887e-136 4.80591e-44 2.43288e-75 1.09199e-08 3.0254e-72 5.93451e-61 2.66636e-70 3.53424e-60 3.79441e-27 0.115642 7.72831e-70 1.5642e-54 0.871953 9.4121e-10 2.42874e-12
4.77271e-32 3.02812e-68 1.13833e-45 4.68277e-49 3.97242e-39 1.41011e-66 3.56665e-41 3.53148e-13 0.0829894 2.02576e-143 5.29109e-62 9.50264e-34 0.0907104 0.00810804 1.10947e-46 3.89709e-88 2.05766e-110 1.59592e-80 3.70815e-50 1.35734e-29
6.25249e-87 9.3499e-86 1.13938e-35 1.44354e-127 1.41913e-97 1.21354e-71 1.37459e-47 7.23422e-100 2.67846e-59 5.82592e-74 2.18744e-42 2.25962e-30 1.33576e-23 5.87118e-53 1.51651e-54 1.11365e-96 3.90044e-117 0.0585247 4.21427e-84 2.03807e-17
1.50281e-26 1.48408e-34 6.59535e-200 7.54645e-109 1.0623e-81 0.0399496 0.0485861 2.44861e-76 8.59871e-42 0.245822 0.177996 9.85488e-38 1.96835e-66 6.34045e-57 1.313e-13 0.0812852 0.502035 0.824427 1.52273e-61 5.68484e-47
