1.884 0.251122
8.24315e-175 2.46658e-157 2.23735e-267 2.72103e-158 2.7056e-216 1.43446e-248 7.05535e-158 1.28596e-145 2.22618e-124 1.35004e-65 1.74181e-201 3.98072e-312 2.30982e-110 2.10653e-240 5.71213e-34 4.09914e-82 2.90757e-88 5.41324e-168 6.0276e-322 1.88913e-134 6.29062e-51 2.55765e-53 1.55262e-158 1.71577e-177 2.47228e-277 3.64053e-142 0.0738338 7.60681e-51 0.00144492 5.37075e-126
2.36524e-182 0.648766 0.664058 0.283169 0.587129 4.93907e-11 0.600104 1.13683e-92 3.77807e-290 4.30239 1.12933 0.923103 2.2479e-313 0.377841 1.68709e-157 1.3803 9.108e-237 8.00647e-10 0.400978 1.00038e-86 4.94188e-117 3.23901e-23 2.87244e-36 1.4499e-160 0.60151 0.170264 1.07437e-108 1.03558e-88 3.38466e-197 3.1818
2.6055e-209 2.68449e-171 8.54795e-280 3.05994e-136 8.9697e-267 1.38966e-45 4.85042e-290 1.0856e-45 1.4213e-301 1.09297 4.85104e-228 4.96894e-241 6.21561e-101 1.62758e-183 9.88392e-54 7.84659e-60 3.14176e-182 2.93387e-92 7.01573e-322 1.22474e-63 1.79608e-129 4.31845e-114 7.64883e-200 1.17086e-125 1.44656e-160 3.55581e-57 1.76445e-172 3.57956e-62 1.72273e-111 1.0449e-178
1.59808e-228 0.0305496 4.77887e-245 4.85958e-142 1.14057e-123 2.29102e-11 1.21141e-43 9.5334e-187 6.90275e-22 2.29776e-15 2.53708e-180 2.73218e-321 3.70453e-176 1.04287e-90 6.51827e-187 5.86574e-196 2.12262e-08 0.0760741 7.95446e-322 8.31426e-76 1.14132e-122 3.7229e-255 2.93074e-128 6.54048e-110 3.32447e-236 7.21794e-128 2.38977e-80 1.59474e-158 2.41374e-126 8.05001e-208
2.40766e-32 2.2515e-273 1.32904e-321 1.56053e-96 1.3156e-229 7.47068e-128 3.70101e-76 1.12941e-153 4.21457e-60 8.03245e-91 1.2284e-230 2.43574e-321 5.81859e-120 3.18002e-239 0.340881 3.11596e-297 4.33907e-82 1.2834e-179 1.18529e-275 1.35696e-106 1.73195e-151 0.374788 1.79169e-159 3.65986e-68 8.95809e-289 3.61015e-61 2.67281e-131 5.27784e-20 1.77195e-67 5.56559e-68
3.26123e-171 3.26833e-136 3.09077e-280 2.70063e-216 7.23831e-233 1.12459e-203 1.74272e-225 6.02768e-166 4.82745e-119 1.87959e-212 6.42324e-241 7.11144e-187 4.76628e-129 3.97144e-109 2.12185e-68 2.34534e-146 5.2061e-154 4.82979e-117 1.89413e-302 0.192213 1.18882e-36 2.51362e-205 6.79546e-251 9.97551e-67 6.11206e-185 2.10374e-125 8.65091e-36 3.21112e-47 2.79972e-127 7.1873e-155
0.246286 1.87932e-85 1.61207e-272 9.54124e-175 2.27603e-90 0.151744 4.07192e-258 0.35303 1.92335e-273 8.84665e-89 2.86612e-161 2.67784e-321 0.246595 1.04707e-81 0.0769158 6.81987e-227 8.88789e-59 0.219952 2.17168e-287 2.37302e-79 0.224329 1.53642e-221 0.398414 0.26389 2.4786e-197 5.98441e-122 6.96582e-08 3.95454e-135 6.11873e-31 1.20182e-127
1.09291e-177 6.50142e-86 1.41303e-321 1.94898e-120 1.00563e-205 1.19849e-267 1.78697e-306 1.92961e-293 4.84941e-209 6.83557e-73 3.56322e-141 1.43041e-279 1.12995e-118 6.79745e-170 2.35886e-97 6.36857e-138 5.68643e-66 2.3635e-87 1.45841e-299 4.39396e-126 7.05002e-98 1.6411e-238 2.7922e-201 4.18094e-24 2.83106e-295 1.28208e-85 0.0418969 3.92064e-116 5.48393e-159 2.75135e-153
1.92828e-226 1.13713e-283 1.31421e-321 2.98328e-136 6.06025e-226 1.30476e-272 2.27014e-275 1.52114e-260 1.40839e-174 1.71585e-138 1.3295e-179 6.32172e-214 2.9188e-122 1.26278e-115 1.82003e-22 2.50606e-309 3.55491e-170 0.120565 8.94259e-322 2.51943e-71 3.7482e-137 2.80287e-106 4.04142e-137 2.84807e-167 6.83955e-128 9.4628e-84 7.29523e-189 3.43934e-35 4.00538e-36 1.59451e-99
8.87319e-218 2.4379e-240 1.58101e-321 5.09847e-175 4.81059e-191 1.50516e-256 3.28788e-129 2.63573e-139 9.42734e-140 4.36266e-84 5.01947e-126 2.0899e-321 3.30189e-166 3.0299e-304 1.48901e-168 1.56299e-104 4.43586e-207 1.68919e-30 6.17582e-322 3.94295e-79 6.28079e-12 8.53236e-90 1.33327e-134 3.63835e-246 2.29303e-165 5.35098e-14 0.25467 3.18603e-71 0.0250195 1.46117e-89
6.99148e-215 5.58798e-223 6.86751e-322 1.07514e-214 8.23764e-197 2.21326e-174 1.20437e-206 9.50784e-247 2.16679e-307 4.2928e-201 5.81117e-169 1.97676e-320 3.84084e-272 8.13851e-238 9.85028e-153 4.39578e-243 5.83792e-182 1.52998e-191 3.85371e-322 4.77515e-140 1.80111e-119 3.73041e-200 2.41661e-214 1.89502e-199 7.48631e-257 7.57111e-97 5.3648e-96 6.38481e-96 1.40411e-105 5.51772e-215
3.09962e-38 3.86682e-207 2.35953e-312 1.34793e-169 1.51759e-173 2.78983e-164 4.02924e-102 1.52e-146 8.86785e-76 2.01669e-93 1.90137e-165 7.43626e-287 7.0885e-70 1.40166e-320 2.33475e-158 2.0456e-270 0.14314 5.71678e-136 1.04248e-321 6.29989e-137 1.87944e-115 3.133e-41 3.96328e-21 8.35798e-198 2.2686e-275 5.84692e-94 4.54818e-137 2.54792e-137 1.5249e-105 3.33373e-147
7.0249e-201 6.52382e-278 3.72056e-250 1.92122e-102 1.81871e-272 7.22191e-233 3.18593e-222 1.37001e-274 4.42651e-232 4.57081e-74 2.57645e-76 2.05078e-279 9.58817e-154 1.71634e-283 5.37745e-96 6.51329e-204 5.41267e-214 4.74866e-171 6.86751e-322 5.54742e-121 6.82396e-33 3.54362e-100 3.26027e-231 1.16544e-50 4.99465e-310 1.21311e-95 0.263364 1.8676e-127 1.92026e-45 1.29641e-229
2.89938e-191 5.28594e-112 1.14129e-321 2.71964e-186 7.05881e-153 6.93417e-205 9.38244e-169 3.35239e-99 1.95216e-100 3.5177e-198 2.95254e-209 6.74486e-182 2.73235e-214 5.4093e-197 8.23503e-46 2.92027e-199 9.19347e-146 1.35655e-151 9.53547e-322 2.45215e-122 1.02071e-54 8.9377e-42 3.32045e-137 2.458e-151 9.11124e-278 8.89966e-83 4.99568e-102 5.52284e-54 0.0531887 1.20126e-262
5.27504e-07 4.26386e-255 1.58595e-321 4.55288e-43 9.54784e-140 1.9769e-79 1.06763e-125 1.13819e-301 0.0921257 1.01605e-187 3.17893e-244 5.27716e-292 2.66471e-259 2.05095e-137 1.95449e-190 1.0474e-212 1.95291e-235 3.3304e-94 1.1907e-321 7.7059e-149 8.63825e-107 5.60718e-99 7.21787e-265 4.33473e-226 2.25598e-149 7.73995e-65 1.14321e-11 0.23531 2.60841e-06 4.70593e-24
