4.63837 0.205384
5.56955e-25 3.03613e-144 2.05621e-172 0.15343 3.3354e-49 4.23347e-175 1.2478e-75 2.18389e-148 9.92141e-40 1.70218e-192 2.9005e-270 6.58461e-38 2.66994e-73 6.58554e-103 1.34111e-206 1.38665e-84 3.20734e-84 1.35874e-69 4.01295e-115 1.20617e-63 7.3747e-238 1.7677e-251 1.94013e-156 8.35141e-39 3.16695e-178 5.40087e-201 6.34537e-79 6.38659e-65 2.54277e-172 6.40254e-96
1.16318e-21 1.34682e-71 4.64257e-159 1.26034e-130 1.8356e-102 3.74647e-145 7.94838e-27 2.19261e-211 1.04427e-80 6.6711e-197 3.06426e-281 6.98419e-54 1.97691e-42 0.000159303 5.08731e-231 1.65165e-55 7.62928e-17 3.54741e-81 1.87873e-196 2.98378e-193 4.8418e-109 2.98226e-175 1.01224e-172 7.85797e-108 1.6236e-149 2.15874e-81 6.13532e-25 1.36336e-130 0.58104 7.73262e-138
1.97284e-104 0.129302 3.93146e-164 4.3119e-57 3.0421e-81 2.72533e-288 8.34234e-82 3.69647e-207 6.28922e-47 6.72977e-122 3.38479e-218 1.4388 2.2868e-117 9.53351e-13 2.69397e-85 3.98501e-193 2.64905e-47 7.87821e-12 1.46554e-108 5.05923e-13 8.8996e-150 1.05794e-156 3.88931e-74 5.62311e-83 5.97894e-212 4.28259 1.64461e-25 1.54983e-163 1.51137 1.92972e-44
7.52224e-110 4.86865e-87 4.70684e-183 8.19596e-10 0.0252595 0.254386 0.27726 3.12526e-54 1.83602e-17 1.33489e-173 1.35143e-258 3.51148e-89 1.40724e-54 1.27479e-60 4.36863e-123 6.79827e-211 4.24158e-40 5.46088e-43 3.28215e-169 1.54187e-48 8.02469e-20 3.50171e-199 1.05395e-136 4.59874e-168 0.27437 3.57993e-147 6.40714e-179 1.8768e-175 6.55374e-13 3.22187e-19
9.16512e-58 1.80142e-38 1.0008e-194 3.2561e-143 6.1789e-131 3.62844e-233 2.48862e-67 4.43481e-220 2.16928e-74 4.59808e-174 4.84496e-143 1.77454 1.56069e-118 0.312669 2.5225e-251 2.7223e-121 7.58519e-110 3.57964e-32 3.09272e-112 2.0845e-40 3.51984e-137 2.05908e-89 4.87533e-54 1.23928e-140 1.06362e-151 7.54979e-206 2.41671e-106 2.60936e-176 1.08809e-30 6.85022e-55
3.94756e-19 3.21527e-134 4.37681e-81 1.42144e-101 4.97243e-65 1.72881e-212 1.4147e-119 3.0199e-278 4.67085e-40 5.53903e-107 1.31472e-135 0.28287 2.46549e-41 4.37179e-64 2.12541e-80 6.54782e-172 4.97226e-71 1.92136e-25 4.8921e-146 0.0729005 9.43623e-179 1.36335e-199 1.94143e-13 1.59275e-31 5.31744e-68 3.95497e-253 4.1351e-203 1.43488e-56 7.67697e-107 1.03776e-51
2.48078e-89 5.85207e-148 0.532822 4.46463e-12 2.18932e-91 2.7422e-168 5.4926e-144 4.22954 3.08705e-76 3.23205e-71 0.368952 1.78666e-112 1.96456e-16 5.58392e-27 1.03718e-144 1.24612e-169 1.41358e-10 9.29955e-52 0.289199 2.33945e-129 0.330414 1.31814e-92 1.65838e-51 6.30919e-14 9.45684e-242 1.15619e-39 1.11053e-118 0.446353 1.6999e-43 1.03834e-94
9.40173e-09 4.50936e-64 2.96817e-170 6.12023e-76 1.20171e-94 1.00953e-102 1.70201e-71 1.75517e-72 0.115133 1.2823e-112 2.13672e-115 2.76821e-148 6.89047e-61 9.05627e-05 1.01882e-126 4.45445e-218 1.01266e-70 1.73279e-08 3.24556e-135 1.84829e-104 1.56586e-203 2.2298e-210 3.18192e-155 4.02328e-63 3.8711e-133 3.91383e-58 2.29699e-183 4.42555e-62 1.20816e-74 1.76347e-76
3.53264e-47 3.12388e-172 1.01079e-215 3.16051e-13 1.19387e-42 3.83824e-265 3.80149e-64 5.36727e-48 0.0664491 1.90967e-14 1.54678e-288 1.97065e-118 4.02713e-181 3.45746e-117 1.50775e-207 0.31967 0.201791 3.65691e-105 1.28203e-20 1.99469e-61 2.80489e-258 7.33729e-09 1.29858e-144 4.32969e-107 1.60148e-103 0.0739628 2.48335e-199 2.12331e-122 4.2188e-174 5.48359e-47
0.106424 1.02386e-203 4.05113e-114 5.11937e-115 4.46623e-83 7.31148e-198 3.37198e-53 4.07187e-204 1.40284e-98 4.21646e-98 5.18415e-243 1.52106e-62 3.43225e-143 3.90896e-62 1.8598e-95 2.29807e-73 1.39191e-52 6.58536e-118 4.21e-103 5.81947e-53 2.82123e-197 8.21682e-136 2.59982e-217 6.0907e-96 7.26569e-191 2.63755e-80 2.07458e-133 1.26334e-128 4.59876e-193 3.35968e-120
2.13685e-14 3.66651e-80 1.30237e-142 0.301515 6.51453e-77 5.46045e-56 3.11953e-123 6.6666e-161 0.165949 2.75536e-170 2.00524e-110 1.30526e-37 2.84058e-167 7.11291e-145 0.101705 2.01538e-202 1.67124e-105 0.0189325 1.87565e-170 1.60915e-170 9.98447e-302 8.14938 1.16131e-82 1.09814e-163 4.47881e-182 6.60015e-209 2.46764e-107 2.62334e-135 2.77057e-56 0.247048
2.07952e-61 5.40914e-157 1.1273e-101 4.8433e-82 2.6243e-97 9.94903e-129 4.63542e-124 3.79073e-279 1.93546e-42 4.63954e-192 1.89267e-159 4.26643e-112 3.65629e-123 0.22117 2.04393e-104 3.13217e-133 0.132239 3.06425e-58 2.09581e-54 3.03736e-112 1.96099e-181 1.77377e-56 1.41296e-189 5.11531e-73 2.16639e-238 8.34389e-34 7.80267e-196 1.38924e-62 2.16021e-99 7.7919e-77
5.18122e-49 6.45589e-113 6.10667e-47 6.81201e-120 0.144249 1.34305e-37 8.82939e-42 1.18615e-94 1.89314e-60 2.18646e-140 1.49422e-272 6.5868e-157 0.165164 3.29276e-75 5.33828e-147 9.63123e-28 3.31668e-76 0.159997 7.66351e-150 9.53878e-115 5.11432e-182 1.45946e-252 2.3215e-123 5.03208e-17 2.93166e-262 3.4005e-13 3.53877e-34 3.81921e-80 1.83325e-06 3.38684e-54
4.58747e-75 0.076796 1.56115e-210 3.77526e-74 6.309e-45 1.08478e-98 1.85202e-71 1.14939e-121 1.58293e-40 3.96862e-91 2.38775e-154 6.03412e-54 2.41773e-103 1.53953e-109 1.87729e-39 9.97949e-98 7.9404e-128 3.59833e-127 1.28782e-82 0.149109 4.11885e-95 3.2582e-49 0.0897407 8.9208e-202 5.19443e-34 8.42049e-111 2.75379e-200 7.48812e-45 4.01164e-28 1.03943e-135
0.329851 2.65435e-205 1.92838e-89 2.85096e-91 1.69082e-26 2.6574e-255 8.48633e-55 1.42844e-222 1.426e-105 0.741842 9.97449e-259 1.65721e-127 1.33141e-98 1.73099e-36 1.05399e-120 1.84277e-129 4.22161e-13 6.0544e-39 7.28425e-186 5.85121e-38 2.11398e-100 1.14923e-24 4.2761e-41 0.119017 1.6321e-158 1.73561e-157 0.364569 1.3358e-81 0.711105 2.05935e-90
