1.4498e-90 5.56523e-127 7.23287e-265 9.34842e-133 5.4904e-53 2.43966e-173 7.59389e-259 4.27121e-104 0.0273805 1.45844e-163 3.25599e-173 1.28724e-187 8.29857e-93 8.33992e-251 3.88859e-108 3.33111e-116 5.66185e-49 7.57589e-247 2.00959e-156 4.82892e-200 9.172e-94 3.63948e-179 1.33481e-105 1.9957e-101 1.98129e-31 1.02186e-134 6.60065e-161 2.34685e-132 2.96015e-96 2.23374e-157
1.28741e-19 5.8071e-190 7.44145e-174 2.37628e-25 2.82393e-76 4.33197e-138 6.00165e-277 7.02283e-191 3.90316e-28 0.146543 0.537738 1.57044e-18 8.34664e-27 5.67175e-104 3.24915e-138 3.67065e-08 4.96034e-09 8.62925e-152 0.0577592 3.30825e-136 0.410744 2.85602e-113 7.03789e-152 1.66382e-80 3.51444e-06 3.57051e-117 1.16547e-55 4.39011e-132 1.30235e-91 1.17181e-10
7.34117e-147 1.80221e-183 9.82633e-122 1.61559e-125 0.216111 2.24335e-109 1.47372e-173 6.59524e-74 3.56431e-37 2.93746e-137 5.08246e-49 5.41399e-182 4.79449e-93 4.8644e-164 9.5222e-17 1.42065e-40 1.77181e-59 9.7643e-76 7.95824e-86 9.41239e-60 8.25982e-80 4.3087e-56 3.95974e-25 2.75453e-144 8.30486e-51 2.89729e-19 8.95572e-176 3.20937e-10 2.31543e-114 8.13488e-149
0.219864 2.45514e-41 1.76469e-245 2.52319e-54 2.30887e-78 2.41533e-131 5.56524e-175 0.428376 1.34094e-22 1.95213e-158 1.66647e-238 1.05489 1.14112e-127 0.362789 2.53118e-122 9.78012e-90 6.314e-113 8.40737e-115 5.0862e-80 4.86565e-213 1.83106e-76 3.61483e-167 2.30228e-141 1.13962e-61 1.05272e-46 0.0394724 1.21087e-170 7.07187e-47 2.25017e-116 0.848975
7.92502e-99 3.54775e-127 2.9432e-159 3.83154e-74 8.52544e-80 3.89455e-127 1.92313e-264 1.90433e-120 0.0212729 1.28155e-99 5.19289e-128 5.50413e-96 1.98562e-79 7.61889e-102 2.457e-60 3.77287e-62 1.91896e-52 2.48397e-206 2.26562e-68 1.49585e-74 4.46759e-85 1.07072e-91 1.66675e-125 6.96469e-168 1.2802e-108 1.2661e-83 4.10011e-81 1.50836e-65 7.1493e-111 1.27601e-131
2.41693e-84 1.11635e-109 2.09645e-191 9.55223e-137 1.14916e-115 3.22256e-144 9.80823e-195 5.40707e-50 4.39257e-55 3.43911e-26 7.67656e-230 2.591e-24 7.35631e-147 5.83952e-230 8.02437e-104 1.44327e-73 9.80133e-73 3.46752e-129 1.05918e-103 1.29451e-231 1.36405e-100 3.89116e-180 7.02532e-14 1.20821e-132 2.34781e-33 7.08252e-24 3.90481e-122 0.0691335 8.89469e-34 1.05057e-33
1.30662e-35 6.53404e-126 2.56196e-140 1.46928e-34 9.97992e-39 8.26205e-15 1.22401e-143 1.87067e-109 7.76178e-76 6.03823e-61 1.19695e-158 6.87377e-141 1.1802e-116 1.33842e-122 3.514e-51 2.56016e-49 1.78388e-10 4.68325e-248 1.50434e-112 1.05632e-112 0.0498106 1.15858e-87 1.98885e-69 4.02205e-189 7.36114e-09 1.91804e-64 2.33908e-142 0.0589907 4.28384e-62 6.90866e-33
1.68012e-153 7.24143e-194 3.82567e-188 5.3429e-113 7.55094e-191 0.00593121 1.07632e-187 1.28584e-73 1.42048e-26 1.01107e-149 1.25763e-111 1.26987e-203 1.6473e-110 2.84379e-245 4.30357e-89 5.82458e-132 5.87471e-50 2.18961e-148 3.03119e-53 2.14977e-117 1.74593e-112 3.51813e-181 5.30587e-98 4.59823e-124 6.07107e-118 5.91291e-134 1.12163e-144 4.76186e-52 1.94257e-08 8.77441e-105
7.07073e-118 6.39368e-51 8.07052e-287 1.42401e-18 2.02204e-197 5.89481e-50 1.12007e-259 7.81008e-69 9.19882e-77 0.0622412 5.46708e-24 9.48623e-119 7.24637e-26 1.72442e-97 4.45532e-77 8.34364e-44 1.69358e-21 1.8112e-69 0.00211454 2.39034e-198 3.61877e-114 7.45985e-113 5.03174e-96 6.19963e-72 2.50361e-113 7.27017e-94 6.58952e-49 1.66301e-123 1.55739e-57 1.95644e-19
2.64924e-106 0.435218 0.342614 0.409826 0.235164 0.0146244 0.722982 4.96576e-146 0.146682 1.32256e-80 4.87361e-174 4.38906e-159 0.323024 2.02972e-136 0.604584 1.24226e-60 3.08543e-107 0.356885 6.58798e-86 3.01825e-75 1.00226e-106 0.35216 4.91374e-70 0.283648 0.199179 4.05024e-43 1.32514 1.54755e-122 3.45864e-55 9.13395e-98
1.6909e-16 7.11915e-125 4.46623e-274 5.8087e-182 4.24274e-76 3.43057e-76 5.152e-231 1.36471e-54 9.53372e-76 4.51231e-75 5.67268e-231 2.25157e-101 4.13719e-140 3.16462e-197 2.41269e-89 0.151256 2.5294e-112 5.63274e-211 1.79784e-20 3.98737e-63 2.48892e-86 3.74428e-78 8.40462e-163 1.55378e-188 1.39755e-58 1.08662e-41 0.252674 6.89085e-105 4.72334e-36 4.76443e-97
1.89894e-79 7.76965e-200 5.91328e-205 6.99989e-151 3.61202e-67 1.07275e-06 2.18763e-121 0.00477297 1.15742e-58 1.60145e-101 3.25364e-197 3.28841e-215 1.79098e-99 6.38901e-227 5.33106e-49 4.2986e-70 0.19692 2.01321e-98 1.90858e-27 0.0838318 0.653518 2.21043e-171 0.121804 1.69725e-75 1.86855e-54 1.14628 2.54328e-80 8.13027e-17 0.179593 7.99621e-68
4.40335e-106 1.57435e-175 2.34104e-253 2.0358e-115 1.51565e-51 8.85276e-92 4.06772e-117 1.38453e-124 3.12956e-94 1.35075e-27 8.07329e-181 1.5893e-211 2.2095e-43 5.93327e-122 1.59614e-98 1.97578e-125 9.26211e-54 1.57795e-146 2.39559e-153 6.88321e-76 9.1046e-111 6.3809e-131 8.6404e-18 7.00747e-83 1.26106e-72 1.15312e-37 0.056575 8.0309e-82 1.06167e-64 2.14893e-78
2.71752e-176 1.80965e-195 8.05987e-178 3.11904e-42 3.99844e-141 6.4817e-118 3.3763e-223 9.87876e-110 3.98185e-75 1.28407e-180 1.2602e-119 6.24848e-192 7.44259e-79 3.72787e-69 1.76967e-78 4.76204e-38 7.26879e-106 1.72653e-116 9.67662e-122 1.72273e-45 0.265824 1.2901e-148 4.44805e-124 1.25948e-176 5.15373e-98 5.55418e-134 2.10781e-82 0.129957 4.34878e-12 4.22155e-37
6.39851e-171 4.82615e-146 1.26005e-242 1.20679e-57 1.5938e-162 0.108327 5.07123e-237 8.17458e-181 7.80877e-45 4.42701e-122 2.52559e-53 3.81008e-98 2.12515e-149 1.01119e-200 4.67964e-131 1.10013e-116 5.60731e-26 2.58066e-170 2.45201e-98 3.48176e-183 2.87476e-91 4.0478e-183 1.71501e-145 8.22555e-106 5.90096e-47 8.8507e-39 5.21928e-77 3.09996e-151 1.6032e-124 7.28056e-72
