2.16656e-194 0.79646 0.0634728 1.4334e-75 1.6901e-264 4.3539e-90 2.63052e-64 1.36948e-179 7.09375e-223 1.48009e-53 3.00911e-149 1.9171e-13 1.37159e-57
9.1034e-144 1.98841e-111 3.70706e-23 1.85808e-141 2.37018e-112 2.27225e-33 3.38887e-115 3.67829e-232 4.67849e-122 0.231404 8.49834e-252 2.43866e-71 8.83555e-162
1.83918e-24 1.65345e-15 0.451251 1.44902e-44 1.68079e-253 4.03889e-86 1.60527e-75 1.3501e-167 8.11679e-57 1.77528e-173 3.02076e-115 3.27179e-49 9.80422e-208
6.18406e-154 1.25273e-21 0.591808 7.63899e-49 4.69399e-131 1.68628e-115 1.64891e-206 7.1325e-65 9.1022e-191 9.43796e-184 7.80453e-163 5.01744e-63 5.96153e-73
0.226221 2.10599e-11 3.06065e-69 0.321338 1.14656e-164 8.26184e-32 7.6863e-27 1.18097e-114 3.97995e-08 2.2026e-93 3.24171e-262 4.67352e-32 2.05835e-149
1.24869e-92 1.88308e-13 5.29608e-151 2.5605e-13 2.24456e-142 8.35044e-99 7.69703e-192 1.31445e-106 6.47324e-174 0.180223 4.41069e-233 5.56194e-05 0.274754
1.46356e-173 0.11627 8.55646e-18 1.99547e-08 6.85965e-193 1.20255e-38 2.89419e-83 1.3547e-62 2.75831e-64 3.82966e-27 3.75399e-230 4.10643e-78 2.74832e-211
7.51384e-153 4.74941e-115 1.16675e-69 1.07545e-108 2.50736e-115 3.07859e-58 1.68646e-101 3.59698e-33 0.0992226 1.87748e-08 4.90733e-150 2.28017e-117 2.36213e-128
9.81535e-65 0.177665 4.69815e-70 1.95001e-162 3.04701e-150 9.35037e-32 7.63529e-113 6.30008e-105 2.62503e-61 5.44586e-78 2.05488e-166 1.05024e-85 8.49291e-179
0.411073 2.15413e-82 5.87829e-143 8.64734e-149 8.46289e-45 6.40112e-125 0.203333 3.4041e-29 5.93089e-115 6.08658e-61 3.45778e-15 6.40045e-79 0.986431
2.38175e-97 1.37164e-38 3.53482e-22 2.14247e-104 2.3864e-55 0.286735 4.94029e-199 4.2458e-147 4.43765e-118 1.74013e-81 0.094996 1.37993e-104 3.90561e-207
3.14791e-102 0.451096 7.86892e-178 1.55163e-64 5.70654e-258 2.91532e-93 1.73516e-133 5.43837e-71 2.49087e-119 2.979e-56 1.62716e-190 3.10358e-90 5.58627e-238
2.37422e-169 2.3643e-22 3.39972e-128 1.11741e-172 1.05553e-204 4.45323e-75 2.11657e-93 3.35512e-117 5.64977e-67 4.85919e-90 2.11026e-143 1.88702e-88 2.96093e-229
2.30604e-142 1.52557 1.10885e-167 3.46061e-72 3.98302e-200 1.81127e-130 5.34884e-200 2.62576e-153 4.49109e-193 5.06297e-28 6.5381e-215 1.02191e-94 1.63561e-244
2.46608e-116 1.95151e-30 9.81373e-112 6.43594e-87 0.409607 6.22182e-56 3.02041e-52 2.90425e-78 0.279135 5.64919e-151 3.54239e-28 5.95125e-34 1.3768e-80
1.55669e-193 0.244329 3.97975e-169 5.44444e-32 1.26977e-131 1.01589e-32 3.04894e-32 1.87938e-223 1.75207e-139 9.19122e-25 0.272809 0.0616167 0.580984
1.58804e-98 0.00936419 2.21469e-13 2.90645e-76 4.93907e-174 6.99064e-23 7.82144e-162 1.63948e-80 4.85853e-107 4.25662e-19 5.42927e-72 1.5979e-58 2.12728e-189
2.259e-183 3.03379e-121 9.53471e-102 7.12208e-172 1.00026e-212 1.39825e-141 3.93792e-135 3.5706e-198 3.41827e-112 2.13119e-174 1.0147e-174 4.40229e-126 3.22603e-200
4.4089e-182 1.51095e-116 2.28399e-55 4.78711e-167 2.44391e-100 5.55145e-34 4.46122e-117 0.197391 4.74569e-103 0.0590111 0.185647 2.04831e-15 1.13826e-227
2.23662e-158 0.103613 9.27883e-07 1.61168e-138 2.98697e-169 6.1556e-46 2.53235e-85 3.91865e-239 0.0408019 1.14873e-54 1.62807e-76 1.56961e-14 4.05861e-32
