1.51028e-83 3.40905e-322 3.8531e-276 9.66354e-75 7.82044e-176 0.0746632 9.11551e-321 2.81617e-322 5.50236e-191 7.67266e-282 1.5831e-52 1.64862e-29 8.0088e-321 4.2292e-321 5.55121e-222 0.129394
1.78592e-43 8.54734e-322 1.02953e-319 2.0909e-82 1.43773e-320 3.81419e-321 1.12894e-320 2.33377e-204 3.66087 0.732572 4.14664e-231 2.06093e-34 2.633 1.49164e-89 6.08445e-92 1.39564e-203
1.14739e-108 3.73409e-78 1.20771e-25 6.27265e-20 1.46102e-198 2.68734e-160 6.27423e-104 7.18258e-242 9.49159e-237 2.06519e-321 2.09525e-169 0.258297 6.07355e-209 5.92385e-321 2.12153e-122 1.27951e-41
5.51224e-218 6.71929e-322 1.79691e-289 8.79032e-138 1.02716e-320 3.5048e-16 6.12982e-98 3.65609e-322 0.0601631 4.0464e-321 4.61099e-227 4.15439e-09 8.07506e-146 2.27683e-155 2.246e-107 5.18245e-87
1.10143e-291 1.90044e-211 1.04722e-213 7.33933e-215 3.39018e-207 2.71434e-70 8.85689e-279 2.54136e-118 0.282077 2.09484e-321 3.06635e-154 1.35913e-170 1.09897e-119 4.56023e-321 1.336e-80 1.97793e-39
5.63437e-127 6.68546e-59 1.99603e-321 9.54182e-271 7.4049e-96 1.6958e-234 9.09575e-321 4.05134e-322 4.41109e-267 1.83298e-321 1.15743 3.84625e-232 1.04641e-132 5.90903e-321 0.273418 1.12469e-185
1.38495e-214 6.60907e-204 6.64951e-231 3.13869e-75 8.28985e-19 1.50815e-286 2.24804e-183 1.49499e-197 0.223865 1.47726e-321 3.95747e-321 8.38967e-210 8.01822e-304 5.24204e-321 1.06806e-233 2.42092e-321
1.4822e-323 1.12319e-13 1.7984e-321 3.64595e-313 2.45041e-252 1.51169e-92 4.4688e-306 5.53354e-322 2.76196e-309 0.474095 3.07576e-157 1.439e-55 2.31716e-299 1.06768e-320 1.07268e-264 0.673881
2.52065e-89 2.89369e-232 1.1077e-245 2.93024e-291 1.37832e-294 1.9049e-175 1.59763e-30 6.99982e-127 1.44269e-83 6.8331e-198 6.99597e-321 8.55057e-167 2.32986e-242 0.895823 0.246951 1.14632e-97
1.4822e-323 8.84378e-322 2.27764e-321 3.79353e-169 1.45298e-09 2.84088e-321 1.12153e-320 3.85371e-322 2.81416e-292 7.42064e-81 4.28516e-297 0.322798 8.55722e-321 6.87245e-321 4.35494e-65 2.51013e-224
9.88131e-324 1.09949e-41 1.97429e-243 7.11985e-216 1.19663e-320 6.78603e-271 9.20932e-286 2.0346e-314 9.47618e-16 3.58198e-321 3.28039e-229 4.54073e-48 6.52001e-100 1.03293 1.5783e-170 3.61162e-321
5.85255e-164 6.42285e-322 3.54232e-308 1.06204e-171 1.0806e-142 2.9861e-152 9.40207e-321 5.47793e-245 0.0111906 1.75393e-321 1.4483e-214 4.40251e-127 6.71435e-321 5.09382e-321 1.70886e-43 9.42479e-204
1.9035e-06 0.000102733 0.000309372 0.00191668 0.00206745 0.000431182 0.00134943 0.000105137 0 0 0 2.21416e-250 0 0 4.66072e-305 0
9.62124e-198 1.18087e-43 1.91697e-321 1.76036e-320 2.26233e-320 4.86655e-321 1.98502e-180 3.80431e-322 4.0897e-100 3.08515e-281 7.50402e-215 8.14639e-108 6.04382e-243 2.79105e-256 0.408333 7.886e-166
1.4822e-323 1.27679e-24 3.53655e-12 5.66795e-27 3.42371e-125 9.38956e-60 1.17696e-168 4.2904e-264 2.10609e-71 3.76972e-321 1.24089e-25 5.37199e-150 1.80839e-306 7.65472e-213 8.32836e-288 0.431662
