1.84453e-90 3.52763e-321 3.00886e-321 4.39224e-321 3.67585e-321 4.24896e-321 3.0138e-322 2.46539e-321 3.24835e-245 2.65457e-134 9.56706e-264 5.69246e-286 2.49171 0.0559605 0.991641 6.53649e-321 9.27642e-211 9.56495e-253
3.07109e-294 2.78375e-308 2.78653e-321 4.08098e-321 3.63138e-321 1.12087e-47 4.15015e-322 2.18871e-321 4.5958e-320 3.10767e-321 7.42087e-321 0.306152 2.43574e-321 1.02948e-215 2.66931e-203 5.1284e-321 3.66186e-188 2.98267e-152
1.01778e-321 5.58788e-321 1.42039e-91 3.95253e-321 7.2183e-321 2.49503e-321 6.66989e-322 2.62843e-321 7.88839e-90 4.37661e-27 0.283657 8.18847e-164 2.92487e-321 1.43427e-320 2.5642e-321 6.4878e-20 7.31153e-294 2.23306e-267
1.82954e-05 4.61388e-114 1.45749e-321 5.48413e-321 2.6729e-321 7.17877e-276 2.86558e-322 5.80286e-37 4.98847e-30 2.27032e-152 6.83293e-321 0.74187 1.81816e-321 1.2211 1.26975e-321 4.18968e-321 1.64587e-297 0.7999
2.10623e-197 2.91993e-321 1.63042e-321 3.82407e-321 4.18968e-321 2.42586e-321 3.50787e-322 2.65313e-321 1.01778e-321 1.23481 8.03845e-321 9.4508e-100 2.44562e-321 1.22133e-320 7.30966e-186 5.37543e-321 2.92246 0.372612
6.16737e-76 1.45725e-125 1.55631e-321 4.27057e-241 1.95314e-242 6.23798e-180 4.7741e-166 1.36543e-164 5.76079e-142 1.4822e-321 4.05134e-321 1.45255e-321 9.33784e-322 3.02036e-290 6.47226e-322 1.90709e-321 5.73116e-321 1.53309e-320
1.06224e-321 4.31748e-128 2.5395e-321 5.95375e-20 1.63751e-69 6.7034e-07 2.81617e-322 2.2233e-321 4.34538e-161 2.79147e-321 5.41002e-321 7.93524e-229 2.248e-321 1.04379 1.95156e-321 2.60373e-321 9.47288e-128 2.53347e-307
0.000556563 0.00108831 0.000882472 0.00158474 0.00148021 0.000699469 0.000131151 0.000789911 0.000329058 0 0 0 0 0 0 0 1.97626e-323 5.92879e-323
2.05259e-279 6.92923e-67 1.59089e-321 2.85975e-232 9.82378e-266 2.01579e-321 2.1844e-24 1.87251e-321 3.99539e-261 4.41563e-301 1.03902e-320 2.30235e-321 2.99898e-321 0.340751 1.04962e-127 6.05724e-321 5.32621e-127 1.62922e-12
1.12153e-321 1.32933e-287 2.33199e-321 3.4881e-321 1.62218e-104 3.37941e-321 7.11455e-322 2.31717e-321 4.86796e-264 1.91311e-105 7.29675 1.03371e-20 4.28355e-321 6.69323e-79 4.34284e-321 2.57228 2.04732e-26 12.1918
2.21341e-321 2.92487e-321 3.50787e-321 5.96831e-321 2.84088e-321 1.06577e-211 3.35965e-322 1.83792e-321 1.36403e-65 2.82805e-307 8.03845e-321 2.30235e-321 2.22824e-321 2.09375e-07 2.25294e-321 6.09677e-321 1.18378e-320 0.0356175
3.25914e-237 1.71735e-116 4.30511e-167 4.8122e-321 2.69266e-321 4.16358e-194 4.00193e-322 4.43505e-233 5.78057e-322 2.07855e-140 7.26771e-321 1.89227e-321 1.81816e-321 0.0963915 1.59583e-321 3.8883e-321 3.16346e-218 5.67363e-259
