2.73218e-321 1.33398e-322 1.3488e-321 4.79244e-322 9.83191e-322 3.60959e-177 2.60906e-180 8.89318e-323 1.36233e-47 2.77068e-16 2.38606e-83 0.835801 2.30729e-321 1.74899e-321 1.48631e-291 4.64836e-112 0.517142 1.49937
0.0112435 6.39628e-29 1.5813e-27 0.0101174 7.07906e-12 3.11582e-23 3.42436e-06 8.00901e-23 0.394717 5.81038e-286 1.1907e-321 2.37152e-322 1.28457e-322 1.08694e-322 1.38338e-322 2.14272e-261 8.89318e-323 4.44654e-269
1.01512e-56 1.43279e-322 1.0573e-321 4.5454e-322 3.16378e-272 1.59989e-128 2.38456e-135 9.38725e-323 1.60127e-320 4.10781e-242 2.6139e-65 9.52609e-129 0.146091 1.54643e-321 8.84151e-96 5.74948e-47 1.87745e-321 9.91621e-189
2.30235e-321 1.13635e-322 2.53456e-215 6.27463e-322 2.3634e-170 1.9812e-321 5.20501e-134 1.13635e-322 2.0395e-320 4.05317e-113 7.59191e-237 8.31055e-224 1.86757e-321 0.36273 3.13246e-36 2.28081e-221 1.65018e-321 1.66007e-26
0.000528991 2.93349e-05 0.000254314 1.51736e-05 0.000157948 0.000488959 0.127948 2.45467e-05 1.19072e-14 6.5249e-284 0 0 0 0 0 2.568e-259 0 1.06708e-272
1.11612e-311 1.79628e-95 1.61101e-193 3.1259e-146 2.45009e-262 1.61065e-321 1.4822e-323 3.87849e-249 1.80136e-320 9.95681e-238 0.263968 7.80609e-30 1.81816e-321 1.87251e-321 1.71512e-165 1.22033e-45 1.7737e-321 0.14463
3.53257e-321 5.23626e-70 3.0046e-185 6.22523e-322 9.7825e-322 3.68079e-321 1.25143e-155 1.18576e-322 2.28703e-320 0.18693 4.55619e-257 1.06134e-234 0.319354 1.05763e-197 1.82529e-103 1.84e-142 6.72986e-74 1.71029e-245
2.95945e-321 0.000805433 9.43665e-322 1.66733e-165 5.34217e-106 2.5642e-321 1.01371e-177 8.89318e-323 3.43551e-201 1.26214e-28 0.17327 3.84202e-301 1.76876e-321 0.0279106 3.25554e-169 3.04515e-124 6.02634e-234 5.10878e-95
2.17883e-321 1.18576e-322 7.06514e-322 3.69208e-301 8.35344e-92 7.5536e-211 1.4822e-323 8.39912e-323 1.64376e-320 2.69011e-261 2.08349e-52 4.75444e-107 4.33287e-106 2.79605e-209 2.79219e-186 0.267318 1.50152e-235 0.030207
5.3054e-284 3.6821e-29 3.49185e-27 5.95271e-82 1.61495e-143 2.57812e-37 1.58774e-146 1.1222e-117 1.50507e-214 0.0752872 1.31944e-149 2.52962e-321 1.59583e-321 3.48468e-237 0.405569 1.23237e-57 9.00571e-177 2.33584e-126
2.91768e-92 6.87202e-78 6.96633e-322 1.86207e-257 9.45262e-215 1.18967e-313 4.39496e-41 7.04747e-130 7.37655e-189 4.9284e-235 2.42975 2.19567e-278 1.27236e-95 9.68369e-322 1.9342e-208 1.78416e-243 9.83191e-322 3.39429e-264
2.75689e-321 1.03754e-322 2.1769e-238 6.06014e-76 1.98158e-188 2.69266e-321 4.39214e-189 4.77886e-263 1.68674e-320 0.867883 3.58356e-39 3.04529e-288 1.62548e-321 3.01752e-44 1.84286e-321 8.90513e-41 1.2624e-314 8.54881e-105
