2.89177e-53 1.26569e-90 0.0660719 0.381347 5.00435e-19 3.43685e-53 3.84957e-23 3.07889e-52 5.85451e-74 2.89218e-63 1.51381e-151 1.64893e-99 2.75845e-90 2.14005e-33 1.2914e-180 3.72295e-76 8.2366e-157 0.188702 2.47201e-65 6.26196e-100 1.3858e-58 2.158e-65 9.28503e-112 5.90652e-77 2.19728e-161 9.12017e-60
0.0504623 2.9414e-140 7.91988e-47 5.17647e-36 0.0954628 3.44036e-37 2.75253e-50 0.155906 6.73981e-88 7.20213e-36 1.50827e-96 6.09056e-63 9.88662e-183 1.34183e-24 6.95425e-128 3.82356e-157 1.19177e-107 5.49209e-21 4.25633e-152 0.0559869 6.57992e-66 3.26149e-140 1.938e-30 2.10947e-88 1.15824e-56 3.03422e-151
1.11469e-72 0.0312217 5.72497e-17 2.27699e-70 1.77793e-43 3.69549 1.75989e-25 5.07769e-29 2.79933e-119 7.80655e-12 0.322148 0.66614 0.390214 0.618352 0.683501 6.9228e-124 0.125559 9.76526e-68 1.39712 1.12735e-48 2.44973e-93 0.399915 0.117894 0.0392026 0.524776 0.289856
3.90198e-69 1.65515e-33 1.23953e-44 2.11567e-91 2.01642e-22 6.10272e-116 1.05712e-71 2.08767e-19 2.19747e-50 8.56561e-91 1.19003e-133 2.07562e-61 1.58749e-157 7.91124e-54 7.40076e-119 4.01121e-64 8.69463e-145 0.113087 6.09737e-99 1.42619e-69 0.218343 1.14025e-87 1.42644e-56 4.11217e-48 2.90717e-113 3.13325e-70
1.2002e-81 2.63797e-124 0.116636 2.18315e-33 1.76822e-56 6.08859e-99 1.39829e-80 4.19684e-34 7.50209e-83 7.05502e-33 6.59116e-77 5.13131e-78 8.16111e-137 7.11337e-42 2.40524e-143 6.31683e-88 3.94385e-141 2.08568e-65 4.11303e-122 3.29585e-114 4.64642e-77 8.24066e-176 2.61632e-109 8.20547e-84 1.21637e-157 6.86252e-116
2.41978e-84 2.19813e-133 6.22056e-36 9.98735e-82 2.07375e-57 7.0849e-87 4.66679e-22 1.62803e-57 6.33541e-119 8.5267e-126 7.36012e-63 1.88889e-55 3.9131e-164 5.01546e-41 1.11348e-159 2.28291e-144 3.11028e-169 0.440672 1.33623e-147 9.02548e-87 1.05326e-35 1.10822e-82 3.37113e-54 3.38078e-121 2.62579e-81 5.60602e-84
1.29114 1.26141e-139 7.18995e-18 1.09022e-13 1.94639e-30 2.61598e-110 0.108424 5.65955e-12 1.45703e-38 2.60352e-24 1.42647e-76 8.95628e-106 2.90011e-175 6.85443e-61 6.05413e-203 1.70456e-104 2.69326e-71 5.21824e-26 4.53997e-153 2.26686e-58 8.96673e-72 1.33727e-145 0.643144 2.47649e-63 1.78261e-82 2.30309e-53
6.86328e-43 2.30449e-53 3.39061e-34 2.69037e-32 1.68107e-50 3.77412e-09 9.70237e-20 7.3794e-25 2.02395e-22 5.13172e-30 4.15868e-32 5.11447e-68 4.1602e-97 1.84954e-25 1.10915e-109 2.34117e-114 1.33943e-38 1.71126e-76 1.03881e-138 9.10567e-70 1.10308e-101 3.41247e-67 1.49266e-76 7.90201e-89 4.99792e-17 0.41425
2.21003e-38 1.11297e-59 5.93801e-14 7.91242e-39 1.39259e-17 2.11997e-88 2.10101e-66 1.06163e-44 4.74928e-102 0.0158113 1.11791e-102 1.00557e-53 1.09263e-200 1.58839e-89 5.8611e-109 6.18167e-47 4.3915e-181 9.89173e-27 2.49723e-141 4.3415e-62 0.0144887 2.37459e-92 1.68423e-106 6.49233e-69 1.53416e-114 1.84266e-113
1.82256e-10 4.73072e-50 2.83052e-14 1.64061e-22 5.98211e-114 8.56296e-78 2.75925e-46 4.59976e-14 0.140591 5.1856e-35 4.1767e-42 3.83586e-22 7.47574e-203 9.80088e-84 4.58455e-83 0.150719 2.59255e-178 0.279397 1.05236e-36 4.86751e-75 1.56084e-59 1.34101e-50 0.760971 1.10879e-109 2.74102e-104 4.35055e-107
4.45889e-92 1.40798e-69 1.72215e-52 0.292779 1.43372e-66 5.43974e-106 1.9363e-15 9.34181e-08 1.05171e-71 1.2535e-82 4.58781e-127 2.7979e-46 1.4811e-99 9.55536e-84 5.96556e-103 1.50574e-143 2.47608e-119 3.4971e-82 3.42251e-117 1.47938e-68 0.0384392 3.12671e-128 1.29718e-48 9.3091e-69 4.23736e-63 2.76174e-141
