0.0591346 4.39762e-17 0.0141535 0.030105 0.0894297 0.00628691 7.36158e-322 4.00193e-322 1.92686e-322 1.33398e-322 2.71736e-322 3.40905e-322 8.05327e-322
4.05134e-321 4.78057e-304 7.5098e-322 7.6844e-319 1.68542e-233 1.60212e-189 9.35793e-294 0.479231 3.08224e-233 2.48021e-321 1.44296e-183 5.72142e-313 1.20422e-221
5.37725e-162 2.50282e-206 9.09081e-322 3.64881e-196 3.39917e-321 1.0236e-186 5.1639e-214 0.0818265 6.94157e-288 2.84195e-302 1.26102e-284 4.87347e-35 8.79139e-84
3.91747e-40 2.69894e-282 1.28922e-135 2.20353e-321 5.22721e-321 3.7549e-322 1.27963e-320 6.37014e-209 4.35272e-321 4.21483e-213 4.41695e-321 1.08764 1.95414e-202
3.27878e-231 6.09139e-151 7.06514e-322 1.49702e-321 1.78427e-85 6.53112e-39 1.36056e-79 6.34417e-202 0.333468 1.22419e-301 1.71255e-133 2.56427e-11 2.76084e-320
4.16991e-321 9.34051e-137 5.53639e-200 6.36873e-36 6.4975e-141 2.17875e-307 1.74491e-203 1.39681e-238 0.872791 2.45057e-321 5.6867e-321 1.45288e-159 4.33518e-39
4.77946e-313 9.97815e-320 4.81284e-81 4.60134e-122 4.40015e-45 6.93015e-166 7.61821e-71 1.64899e-277 3.72031e-321 1.91697e-321 3.8527e-181 3.06028e-06 0.587251
2.50623e-84 0.33024 1.01311e-06 1.08543e-51 2.77004e-171 4.31134e-60 7.32205e-321 4.21744e-257 1.96638e-321 9.98013e-322 2.53456e-321 1.81939e-250 8.47817e-321
3.91794e-321 3.99205e-321 1.14129e-321 1.13061e-256 3.9377e-321 1.19398e-221 3.72556 5.35346e-174 4.35095e-152 0.627212 1.56186 2.84371e-247 4.70463
4.95981e-93 1.87415e-138 8.59674e-322 1.48714e-321 4.05134e-321 1.39474e-124 1.56853e-274 0.708998 6.63043e-237 1.9056e-223 2.19758e-237 4.70845e-321 2.39568e-201
