5.85633e-225 1.67982e-321 9.59475e-321 1.40315e-321 1.72867e-144 5.28959e-166 2.10713e-262 3.45846e-321 8.43806e-116 6.20684e-40 5.00423 1.20878e-133 0.34532
1.19269e-112 5.20289e-266 9.77756e-321 2.13436e-321 2.90437e-38 4.04228e-172 1.15525 1.11122 2.69503e-186 8.92281e-85 1.09485e-320 0.0518433 4.88918e-45
6.61659e-19 4.05416e-111 2.22178e-189 5.16614e-169 1.07065e-15 1.36976e-66 6.42285e-322 6.96633e-322 6.30158e-162 0.0573279 3.07803e-321 1.83184e-191 2.06459e-263
1.90898e-79 7.61099e-209 2.70746e-160 1.09272e-104 5.76198e-165 8.50616e-135 9.53547e-322 9.53547e-322 1.08435e-268 2.55421e-75 3.92288e-321 0.0926591 3.0602e-136
1.32821e-177 1.25761e-149 1.7742e-165 1.73912e-27 5.89722e-14 7.03196e-156 1.32904e-321 1.52172e-321 3.06412e-113 0.153451 7.43569e-321 8.9184e-71 2.94814e-105
8.86849e-05 0.0016742 0.00864871 0.00221954 0.00557258 0.0204025 9.88131e-324 4.94066e-324 1.34495e-284 1.78136e-110 2.96439e-323 8.65017e-225 3.46487e-275
1.85317e-47 2.36525e-15 5.53354e-321 1.4822e-321 5.75092e-321 1.71946e-60 2.35175e-321 7.45219e-215 1.28127e-135 7.4683e-86 1.39129e-320 0.178013 4.40066e-97
2.97532e-207 9.64639e-132 7.84719e-19 6.6266e-42 1.1254e-80 9.8723e-172 1.84781e-321 1.60077e-321 0.684048 2.01485e-91 6.56613e-321 1.706e-78 0.222752
5.88476e-68 1.56103e-209 1.84878e-158 2.78093e-46 5.0733e-121 7.19228e-94 8.84378e-322 7.5098e-322 4.23703e-147 0.470137 3.1966e-321 1.09494e-119 4.07491e-142
3.41183e-43 8.80253e-40 5.67612e-162 2.80718e-42 3.25681e-68 2.88667e-05 7.01573e-322 6.91692e-322 4.43657e-197 0.527476 2.64325e-321 1.19167e-151 1.47463e-126
