1.91831e-54 5.28882e-92 1.41569e-67 2.30614e-99 7.86135e-103 0.0547377 2.523e-34 6.86374e-223 1.72071e-60 9.31355e-78 3.54085e-199 3.06605e-28 8.56677e-112 2.35036e-71 2.82975e-48 4.38257e-115
7.38723e-11 0.0207742 2.16029e-96 2.01068e-64 1.76245e-83 9.23849e-21 1.18278e-43 1.46032e-226 4.60242e-94 9.61e-98 2.42456e-241 0.465011 3.23527e-150 4.0345e-59 1.13863e-69 6.74434e-135
2.36899e-154 1.57789e-59 1.96043e-74 4.18311e-50 3.09062 7.76754e-43 1.0001e-32 1.95172e-201 0.0850914 5.73495e-81 1.32727e-168 4.731e-30 0.310672 3.61276e-18 8.3341e-117 1.96142e-80
8.28416e-38 2.91958e-106 9.27816e-100 9.64064e-55 1.12421e-77 1.40683e-93 2.98063e-07 1.55739e-211 3.74981e-14 5.0684e-117 1.2109e-172 0.0747012 2.66644e-159 2.89491e-63 1.78077e-90 8.1104e-108
0.000396811 2.49462e-16 0.0372143 7.56542e-76 1.30933e-89 0.555059 1.2267e-58 1.32313e-296 1.30037e-66 2.95569e-138 3.45917e-272 2.6632e-96 2.35211e-119 6.08887e-141 4.08389e-136 1.29279e-62
7.49316e-199 2.60668e-110 3.01519e-101 9.52012e-19 6.414e-18 5.72155e-120 1.50413e-58 0.333534 3.53011e-119 6.74469e-121 0.525046 1.12572e-13 1.3224e-66 6.18702e-135 0.335812 4.40701e-47
0.173863 2.57533e-21 1.31062e-114 9.07765e-23 2.53918e-61 3.00447e-120 4.37179e-41 6.28441e-219 7.50965e-87 2.55248e-144 3.72733e-208 3.15958e-47 6.96664e-212 5.44798e-20 3.30412e-15 7.24567e-145
1.69913e-18 2.42962e-36 1.49999e-103 4.43027e-61 4.25203e-98 3.464e-40 5.57299e-65 2.94138e-306 1.62702e-10 2.17431e-108 6.07744e-223 0.159446 2.31767e-235 4.01166e-142 2.59607e-62 1.45684e-145
1.55069e-65 3.10635e-105 0.0445463 1.43648e-65 6.20547e-34 1.51556e-121 0.35522 1.1504e-176 3.15294e-14 0.300193 5.79818e-119 8.28578e-41 5.69758e-100 0.142036 0.0289068 9.21163e-49
6.5122e-38 3.94438e-06 1.89307e-80 1.89918e-68 3.77861e-47 2.538e-96 2.04301e-33 1.30426e-244 9.39622e-21 2.17308e-90 1.09747e-279 0.202331 7.60338e-135 2.30391e-122 2.46021e-88 7.5774e-115
1.78897e-109 1.52551e-117 4.42158e-28 0.0803301 0.239796 4.9798e-64 1.01474e-26 2.82043e-199 2.24189e-112 2.74206e-39 8.31792e-113 0.938245 4.08541e-143 1.28828e-119 3.18657e-33 0.152874
1.93582e-78 3.44523e-96 0.143814 3.68512e-94 8.84946e-49 5.19088e-72 1.36578e-61 2.60145e-308 2.71002e-70 3.33326e-94 2.31635e-290 6.9579e-69 1.78783e-187 6.27584e-64 2.70089e-142 2.10804e-102
3.36568e-13 2.88366e-29 0.0279748 9.34293e-74 1.16381 2.81116e-76 7.5275e-100 1.07228e-305 7.33617e-109 6.27128e-134 1.44511e-202 7.54291e-32 3.03232e-208 2.29194e-82 5.79312e-64 1.10205e-84
3.81561e-101 3.09538e-58 1.07145e-89 8.44258e-83 4.16526e-17 1.01517e-87 2.37527e-71 4.71535e-211 1.29864 2.44301e-52 7.65028e-196 8.46111e-13 1.04323e-83 2.52602e-75 1.95409e-86 1.05715e-73
5.12529e-35 3.22535e-94 8.3257e-60 6.05599e-106 8.46979e-35 4.2199e-49 2.93266e-53 3.60244e-307 7.34621e-84 1.32574e-87 1.34394e-199 4.31124e-20 4.4958e-163 8.75838e-41 0.248666 2.31521e-41
