3.32734e-168 2.75528e-107 7.88019e-107 0.450216 2.94448e-119 1.28079e-100 1.18843e-32 0.16659 7.45795e-08 1.31792e-124 8.38909e-94 6.33882e-50 2.00545e-119 2.66343e-90 1.01388e-92 5.6225e-51 4.86153e-58 1.01007e-154 2.93325e-102
2.74432e-210 8.33367e-16 2.60189e-94 4.77467e-50 3.82386e-36 8.22425e-213 2.59574e-76 1.35421e-56 2.80607e-14 1.44068e-130 1.06585e-14 0.00920336 6.78558e-41 3.59424e-87 2.9851e-22 3.9785e-208 7.85947e-95 3.54796e-67 9.72261e-87
1.06473e-226 0.160619 3.60044e-129 3.49369e-72 2.1649e-101 4.79768e-193 8.84506e-139 3.82876e-74 9.29648e-29 1.27373e-106 6.3385e-112 2.9625e-173 1.6133e-124 2.84553e-59 4.83161e-102 4.56181e-129 4.85225e-68 4.01002e-94 2.52895e-164
9.06701e-52 2.79063e-74 4.58003e-129 1.414e-44 3.35245e-50 7.36662e-73 8.32324e-140 2.99404e-148 2.05948e-97 0.0747071 5.42667e-52 6.71842e-60 2.35473e-151 5.06857e-25 1.21518e-141 1.36691e-22 3.84499e-102 1.05846e-62 2.90385e-120
1.16924e-161 9.3715e-101 0.164635 1.90765e-70 2.88314e-35 9.00433e-183 4.76736e-56 1.77475e-129 5.41212e-67 3.75113e-142 5.55957e-105 1.89743e-32 5.16675e-109 5.7609e-22 7.08038e-160 1.68474e-155 1.54066e-43 1.58805e-62 1.66204e-176
4.22435e-250 0.332774 4.70877e-161 1.47408e-97 1.57378e-45 3.32578e-278 6.01638e-81 8.29152e-112 3.87576e-47 1.03778e-60 3.63313e-125 1.92133e-156 1.204e-84 1.85221e-60 3.75016e-101 1.27779e-245 9.41879e-86 3.20667e-117 2.13368e-109
7.89674e-165 6.15973e-105 1.69002e-71 8.11153e-112 2.74757e-26 1.03038e-250 8.83741e-82 7.24699e-123 0.208904 3.99494e-130 9.34778e-152 1.56453e-120 8.84632e-95 2.20008e-112 5.87013e-88 1.04897e-165 6.00543e-69 1.07901e-105 2.29282e-145
3.88941e-197 0.0305528 4.24039e-161 2.41133e-101 5.21337e-122 4.30244e-249 7.5789e-37 3.15406e-110 1.62111e-27 6.02771e-56 1.03499e-80 4.65751e-39 4.86689e-60 1.23126e-166 0.628868 1.49164e-256 4.37861e-151 6.3983e-61 9.46582e-166
3.73156e-249 1.95514e-97 2.26272e-168 1.32182e-151 1.32838e-143 3.20555e-250 1.81239e-127 7.81395e-162 9.58008e-120 6.58663e-149 1.4257e-136 3.20198e-191 6.24034e-165 1.48677e-172 4.53376e-170 7.57198e-257 7.85246e-148 5.69966e-171 1.4363e-185
1.78648e-113 2.79953e-108 7.2925e-25 2.43084e-140 2.35231e-148 8.38413e-82 2.75096e-52 0.0311462 2.48327e-28 4.39123e-117 9.51704e-96 2.81703e-19 4.90122e-52 3.01047e-23 5.28739e-153 3.50606e-93 2.59019e-128 6.4679e-167 3.94709e-42
1.44805e-217 7.55304e-115 0.388109 7.13688e-72 1.12279e-132 2.35292e-66 1.61436e-36 7.38917e-87 2.39074e-39 3.00837e-57 0.376755 0.0684059 0.221052 4.82218e-73 1.39049e-98 2.74253e-248 1.87016e-119 2.02301e-55 4.23768e-82
7.76686e-188 1.16776 7.422e-82 5.18034e-42 5.5817e-104 6.88408e-185 1.49608e-112 1.48644e-14 4.03185e-66 2.38947e-92 4.39956e-12 2.58571e-66 7.09905e-27 1.96712e-29 2.36481e-44 6.26302e-126 7.15847e-125 9.73638e-79 8.58952e-93
5.48025e-25 2.70105e-44 2.05425e-167 5.35912e-66 2.41144e-134 8.64543e-272 3.30788e-88 6.30071e-123 0.83543 4.26707e-125 4.23174e-113 8.5193e-50 7.03368e-61 1.14074e-146 0.0579229 1.63312 1.03301e-65 3.16008e-171 0.0970917
0.216563 2.24968e-55 4.7014e-35 1.87651e-23 0.304372 0.127124 1.29756e-76 9.13779e-112 4.83464e-95 0.204975 6.93965e-110 0.0899799 6.26904e-12 1.04183e-31 8.63998e-164 2.08286e-90 0.13808 0.515121 7.52531e-32
3.8624e-254 0.143673 2.19403e-20 6.70367e-113 2.08396e-73 6.00818e-110 3.71206e-111 5.40646e-45 1.60796e-41 0.000567632 3.43368e-119 4.16878e-91 8.40258e-67 1.5867e-95 4.89665e-137 1.18942e-195 3.79863e-112 1.86562e-119 6.48327e-185
1.56768e-232 1.19876e-10 2.30912e-157 7.26832e-40 1.83382e-155 6.90115e-223 0.160741 0.104942 3.70764e-05 3.95744e-11 3.82987e-10 9.07165e-40 4.70176e-47 6.99597e-124 8.72593e-75 1.70354e-85 9.0659e-75 7.39992e-101 3.02532e-89
3.87157e-258 4.32437e-71 8.0442e-153 2.30957e-75 6.24035e-40 2.04276e-79 1.58709e-21 0.211832 2.68291e-130 2.3427e-114 1.52612e-121 7.85415e-195 6.98784e-36 0.106355 6.22584e-89 3.33973e-245 8.09351e-103 2.46019e-41 6.87192e-125
7.71419e-148 0.0328131 2.65144e-51 8.50863e-144 3.06115e-44 1.28406e-107 1.72636e-89 2.6778e-109 1.61336e-54 5.86947e-110 6.16269e-149 7.2186e-47 2.14758e-85 1.54524e-73 2.87242e-32 7.42301e-217 2.03411e-155 3.00483e-136 8.71626e-69
