2.186e-253 4.31206e-73 0.18952 1.2695e-249 1.82785e-204 5.98039e-97 2.31488e-179 1.6897e-321 3.34196e-296 4.16914e-257 9.92256e-198 4.496e-321 3.52649e-306 3.07555e-307 1.20946e-59 3.37871e-127 1.46737e-321 3.32917e-110 2.53824e-266
9.68791e-263 7.85802e-88 7.7358e-75 1.18432e-233 0.102963 5.73833e-162 5.31184e-225 2.33693e-321 1.01184e-29 8.80755e-137 3.3053e-321 4.81714e-321 2.831e-321 4.71278e-141 2.61026e-60 6.13165e-84 1.65386e-85 6.10936e-07 2.41331e-192
2.7243e-298 6.40704e-260 1.04188e-110 2.25628e-249 4.40135e-74 2.2132e-248 6.29961e-246 1.57607e-321 0.582316 4.14191e-203 3.79013e-275 1.19109e-290 5.37997e-285 2.48515e-321 3.09571e-120 1.96849e-212 8.98785e-270 4.81602e-269 7.92634e-133
2.70004e-233 4.42058e-55 0.197477 6.62616e-167 3.75322e-106 1.35866e-224 1.27569e-284 1.55631e-321 6.47289e-19 9.93649e-98 4.54487e-155 5.14322e-321 1.97626e-321 4.63733e-285 6.88893e-220 4.21885e-141 1.57129e-160 6.35207e-73 1.25899e-208
1.04961e-294 2.72799e-192 6.22514e-48 1.07732e-103 6.39367e-51 4.8811e-207 1.00794e-168 1.62548e-321 0.262699 1.168e-235 2.57501e-214 9.34587e-266 5.3552e-293 1.23062e-181 1.90865e-96 1.36461e-66 3.66474e-284 1.02922e-139 1.59809e-138
2.39013e-255 0.353202 0.0416152 1.24818e-106 4.78587e-19 1.09092e-177 1.07645e-46 9.45453e-265 6.49015e-85 1.51424e-68 1.43766e-39 8.21631e-321 3.78105e-192 9.39753e-202 2.044e-131 2.58343e-56 0.12991 3.18415e-312 1.93609e-192
0.337212 3.91127e-217 6.43305e-142 1.20776e-147 4.98353e-49 1.80727 1.70166 3.50293e-321 2.65181e-300 9.81968e-106 1.00345 2.42561 1.09235 1.03078 0.587922 1.0483 0.517924 1.53164e-169 1.062e-131
7.77207e-280 0.196584 7.967e-159 9.13864e-176 1.54401e-97 1.99164e-172 9.19752e-219 6.59057e-225 1.72759e-224 2.37452e-175 9.91643e-138 2.01255e-257 1.1823e-147 1.52066e-229 2.12637e-179 2.34629e-175 8.39684e-261 2.68556e-31 7.31935e-266
3.25898e-304 0.928368 1.76704e-84 0.590346 0.856587 8.12809e-70 3.53504e-177 0.87302 1.60742e-08 2.28898e-144 9.16309e-215 1.28221e-223 4.65904e-321 2.7488e-302 2.06507e-83 4.02078e-57 7.72507e-73 0.682203 0.476316
2.5382e-243 1.08876e-75 1.06487e-119 1.4387e-173 4.77389e-35 9.72575e-35 2.53747e-111 2.31111e-293 1.0066e-158 0.129854 9.15599e-30 1.30515e-81 8.95244e-74 4.89069e-229 1.45629e-213 4.93897e-148 4.61935e-147 2.88636e-185 5.4941e-278
1.57999e-269 4.10955e-141 2.63853e-85 1.12769e-75 5.30397e-175 0.298299 1.27974e-111 1.2154e-72 1.09359 3.29838e-209 4.18474e-321 8.63133e-321 2.32317e-280 3.92288e-321 5.83083e-94 3.68004e-200 2.24306e-321 6.22836e-78 3.89674e-240
8.69556e-322 2.08795e-159 3.34499e-151 4.85731e-187 8.31162e-154 5.24904e-219 3.22074e-183 7.40407e-320 0.182838 3.35361e-125 4.23897e-306 2.96023e-267 3.43132e-202 4.54388e-224 3.29637e-62 1.20716e-32 2.79296e-279 6.28723e-308 5.95614e-191
1.99207e-277 5.65039e-165 2.4276e-114 1.0723e-148 0.397712 3.64341e-259 2.98446e-151 2.76677e-321 1.08218e-149 0.0240771 2.64214e-25 5.94361e-321 4.66122e-203 3.21637e-321 1.09311e-112 2.76604e-161 1.52464e-198 1.11737e-285 1.04424e-273
2.92244e-74 6.50977e-81 6.13642e-115 1.31985e-241 1.1807e-180 4.81537e-216 1.45972e-46 2.31717e-321 9.97963e-77 1.39806e-26 0.118652 6.26991e-219 2.9891e-321 6.95607e-258 3.34913e-120 2.46752e-119 1.40867e-196 2.93878e-104 6.01464e-48
2.49503e-321 4.24185e-83 2.28093e-174 7.78135e-138 3.52367e-159 5.71224e-132 1.07287e-216 2.08496e-321 0.516512 1.92495e-242 4.97067e-280 2.69693e-314 1.09563e-299 5.85697e-292 1.75825e-161 1.5257e-144 1.65397e-145 2.04823e-302 5.38223e-228
9.63155e-180 9.79518e-116 2.00254e-135 1.51015e-114 3.07539e-130 1.84925e-176 2.64574e-178 1.26481e-321 7.43258e-142 4.68604e-285 2.33693e-321 4.5207e-321 1.92192e-321 2.35712e-305 1.45942e-77 9.14095e-78 1.33398e-321 1.65161e-169 1.54275e-297
6.09068e-149 4.90065e-197 1.25434e-174 1.63461e-92 3.32134e-42 1.01558e-129 1.76949e-294 2.52962e-321 0.3306 0.21878 2.06546e-134 5.11852e-321 3.20155e-321 3.68348e-176 4.53232e-21 8.13693e-69 3.08082e-163 1.24495e-82 7.27341e-66
2.00683e-262 2.91543e-82 1.39117e-111 2.9931e-139 1.30556e-174 1.36532e-50 7.03257e-151 2.78653e-321 0.231134 2.65906e-06 1.39501e-301 5.64717e-321 1.04834e-97 2.26207e-221 1.53855e-136 1.64475e-203 3.64399e-223 4.56419e-110 3.11812e-154
