4.88531e-233 2.43186e-11 2.21177e-126 0.0605405 9.71888e-43 7.38452e-109 2.08794e-74 3.45465e-142 1.80176e-150 7.85917e-201 2.55306e-211 3.21559e-84 0.377275 1.17292e-243 3.13115e-06 4.25516e-94 1.68231e-209 9.17016e-261 4.24591e-173 2.30254e-85 3.88486e-168 4.77645e-33
9.49623e-258 3.53059e-63 0.177795 0.619081 4.66157e-134 5.19433e-96 1.64387 1.05437 0.824274 0.231627 7.85698e-193 3.61091e-62 3.55902e-79 0.0778681 7.82351e-72 1.30094e-231 0.0753102 8.13516e-194 1.21107e-79 8.57753e-176 3.4762e-220 2.56314e-111
4.28813e-276 1.58576e-94 9.36213e-97 3.19324e-44 5.69184e-114 3.54971e-125 1.25093e-159 5.7079e-52 2.5656e-101 1.00858e-303 1.24297 4.4736e-183 7.30087e-24 8.94282e-254 5.08979e-184 6.18846e-150 2.84763e-186 2.54623e-135 1.20717e-44 5.42565e-06 9.74135e-99 3.96927e-234
1.56863e-61 1.63773e-133 2.13115e-245 1.36022e-117 0.0890279 5.18952e-41 7.45434e-22 5.53572e-27 3.69957e-10 2.70924e-306 5.68972e-105 2.95656e-32 1.94203e-101 2.1887e-155 3.44081e-66 2.32211e-321 1.24333e-13 5.0544e-117 6.36763e-16 8.99845e-26 2.85494e-54 1.28582e-217
7.13101e-264 1.29959e-92 1.11397e-214 3.4335e-31 3.22474e-54 3.2742e-93 3.48597e-21 5.0605e-176 8.72145e-192 6.36159e-320 2.04203e-161 2.24825e-63 1.89738e-40 5.71712e-185 2.39085e-63 2.59462e-254 6.43309e-72 2.32361e-195 4.4341e-176 0.042818 9.9336e-235 1.39489e-126
5.58103 1.77753 2.46511e-16 7.81087e-148 0.319691 1.55973e-83 2.85321e-10 1.62094e-148 5.20941e-26 5.73391e-205 2.10157e-148 0.753591 1.4564e-45 1.08321e-70 1.61768e-176 2.16401e-321 0.125058 7.47296e-192 3.71288e-159 2.603e-31 0.200499 1.54791e-175
4.64796e-71 4.77871e-11 1.11049e-171 5.36155e-34 3.36365e-80 4.54293e-54 2.68242e-64 7.54505e-91 4.37423e-141 5.79663e-60 1.00298e-143 4.21258e-157 1.16451e-11 0.649218 6.00131e-83 1.95156e-321 4.84403e-142 1.22333e-243 2.02395e-150 1.37635e-13 7.40442e-185 3.59677e-26
3.25726e-195 1.27151e-28 5.99467e-41 4.04973e-74 2.23457e-130 0.667327 1.25182e-87 1.93537e-50 1.15655e-15 5.61984e-116 1.00522e-194 2.84272e-241 0.122263 9.2117e-42 2.84521e-138 1.63284e-253 2.0429e-34 7.67374e-93 2.25674e-151 5.06126e-38 6.76655e-108 0.251073
3.90283e-103 1.265e-130 1.10271e-110 8.86669e-12 1.95983e-142 2.2715e-138 4.15307e-197 2.36765e-114 8.2911e-144 9.25991e-166 1.00864e-56 4.87298e-121 9.64398e-75 1.82396e-99 0.101996 5.37038e-141 5.28659e-146 3.72194e-155 6.66476e-102 3.4425e-80 1.87909e-314 1.91437e-23
1.39033e-193 7.58349e-65 2.80649e-160 0.100363 3.91809e-73 4.779e-153 4.84797e-80 2.12283e-187 0.54812 1.52212e-224 3.09554e-192 1.61899e-77 9.9503e-106 5.09149e-131 7.38203e-108 7.1949e-103 1.18822e-89 3.36375e-237 3.96208e-253 1.58225e-32 3.578e-55 2.60856e-236
4.17403e-102 3.18809e-16 6.41525e-171 2.85892e-45 0.0807227 1.01742e-155 2.49283e-23 9.50175e-119 7.00389e-168 4.53381e-285 1.04614e-90 8.19122e-188 7.27103e-52 4.30873e-269 0.108588 1.05161e-171 3.25292e-225 7.02195e-64 1.19601e-155 0.183877 1.22442e-158 4.44288e-27
1.69269e-31 1.07524e-174 2.74999e-191 0.127285 2.19106e-113 3.35197e-147 3.16586e-198 7.7561e-143 4.0816e-45 5.14585e-287 7.53438e-90 1.93948e-73 9.88382e-05 2.77536e-179 9.06426e-212 0.498422 4.33971e-237 9.69865e-134 0.970395 5.80715e-20 4.68234e-243 3.73264e-199
1.51968e-263 0.0189361 6.754e-90 1.61445e-118 0.0950822 1.29086e-55 2.69214e-201 3.3075e-27 6.33409e-150 6.59613e-214 3.13848e-207 2.35657e-253 1.36499e-44 1.68716e-65 1.36118e-32 6.5049e-172 1.62842e-115 0.1994 9.84227e-143 5.49956e-102 1.2412e-33 3.10809e-158
