2.45065e-20 7.17272e-32 1.34138e-33 3.39268e-11 2.24073e-69 7.14325e-30 8.74458e-19 5.47901e-19 2.25646e-07 1.13784e-25 4.72104e-54 2.03387e-26 1.69592e-37 2.15248e-44 0.102961 2.14304e-05 1.93353e-29 4.65061e-19 1.23614e-35 1.10284e-21 5.45789e-28 2.33709e-30
2.06541e-26 1.2769e-27 3.03301e-43 4.36256e-26 3.1413e-64 1.89752e-26 7.95911e-31 4.62322e-29 3.63832e-18 1.85987e-36 2.06343e-57 3.96611e-45 1.23203e-45 7.46263e-41 0.653111 5.85002e-12 1.69282e-33 4.22851e-24 3.23753e-49 1.32954e-33 1.678e-29 1.86126e-51
6.38942e-18 8.94734e-36 7.82928e-36 1.42485e-31 2.87703e-40 2.7949e-27 1.35994e-26 3.62462e-16 0.0780655 7.85884e-47 8.01045e-64 1.57489e-46 3.36697e-41 2.21058e-38 0.00172544 1.95021e-17 4.1936e-36 1.8033e-24 8.80984e-45 1.80029e-31 5.00298e-22 8.60755e-28
5.56316e-18 1.85261e-26 3.02272e-34 4.54161e-35 3.2644e-62 1.11655e-25 2.7073e-35 1.9232e-27 8.01851e-08 7.27239e-38 3.88546e-53 4.23162e-35 3.31402e-28 2.92115e-42 0.243231 1.52896e-25 6.55026e-38 3.69099e-30 1.85936e-49 8.35153e-28 8.84301e-32 3.28004e-32
1.28959e-14 3.17387e-14 8.10786e-25 0.0738033 8.21218e-56 5.61921e-35 5.97406e-15 4.3413e-11 3.36403e-07 3.48865e-22 3.17674e-28 4.3617e-33 6.57867e-20 1.63287e-18 5.20566 1.64849e-09 2.32045e-26 7.40198e-28 2.34314e-30 1.17029e-27 1.93667e-34 1.61402e-27
5.29249e-35 1.14175e-40 2.21951e-43 8.35893e-42 2.39463e-67 1.06418e-32 1.1539e-37 1.48808e-27 1.73923e-27 2.06107e-46 2.06961e-51 3.2298e-47 2.64155e-46 1.98936e-41 0.579528 2.44255e-27 8.16294e-36 1.11454e-26 1.17727e-37 2.41198e-28 1.60862e-29 9.40033e-51
1.19124e-26 2.33801e-38 1.11986e-08 1.52847e-26 1.07634e-46 8.52805e-09 0.0620219 4.23155e-20 1.56517e-11 3.08193e-21 7.66358e-48 5.39398e-59 3.19601e-15 0.0267992 2.96421e-05 2.03688e-14 0.130003 0.0752693 8.32043e-07 1.54105e-20 5.48228e-28 6.06058e-41
1.01826e-27 8.75881e-38 1.61733e-37 8.1885e-39 1.63279e-55 1.5127e-30 1.4182e-36 8.0131e-30 1.79233e-17 1.44336e-42 4.5776e-62 6.60224e-49 2.23004e-40 1.21274e-38 0.255361 7.50708e-23 3.61025e-40 4.08615e-31 1.15953e-50 4.02076e-33 6.00488e-30 7.73166e-43
0.0935597 0.0233821 0.0336486 4.07984e-45 0.0488 8.61209e-17 1.77648e-08 7.3452e-17 3.86393e-12 0.0570907 0.0102889 3.99367e-55 0.060285 4.04843e-11 0.000579865 0.0352517 0.263864 3.1945e-26 3.28977e-06 1.11877e-30 0.438724 0.0443706
1.22205e-27 1.5227e-30 4.37773e-38 1.97565e-25 4.80644e-57 1.71276e-27 6.29671e-31 9.68635e-34 4.5088e-17 1.58603e-43 5.20507e-65 9.31766e-50 2.31442e-41 7.11904e-41 0.84809 1.14186e-21 1.46026e-32 3.32513e-26 1.03718e-33 1.12661e-33 8.33662e-22 2.71518e-51
2.63921e-34 2.60522e-36 3.00763e-40 3.81205e-32 2.06099e-67 9.37166e-33 9.7779e-34 1.24671e-27 7.22771e-22 7.96678e-46 1.86159e-57 6.76011e-46 1.55806e-39 1.26462e-44 0.025262 3.29135e-28 2.23436e-42 1.16194e-25 5.28244e-51 1.77951e-35 2.91858e-31 6.94317e-43
3.87367e-06 9.08067e-41 1.19856e-30 2.17255e-29 5.42291e-66 0.0215235 7.68385e-12 0.0302951 0.00327633 8.61823e-22 2.60813e-29 0.0332848 1.82359e-11 2.21325e-11 0.93611 1.8125e-15 3.35655e-29 8.27146e-27 0.18431 0.0608671 0.100604 3.38174e-29
3.18381e-29 3.42539e-39 1.15779e-37 1.05782e-39 1.15655e-59 2.14313e-38 1.30743e-29 1.35317e-26 2.07623e-15 2.81499e-38 5.88244e-59 2.33085e-57 6.17551e-53 1.38794e-36 0.748886 6.1946e-23 2.82125e-31 8.92393e-31 1.20238e-33 3.0859e-37 7.22453e-22 3.39317e-40
