1.07917e-58 0.0208959 6.5174e-45 3.28962e-72 4.05013e-32 1.00898e-20 7.0634e-52 2.14085e-14 1.24106e-25 7.25869e-50 2.34542e-37 2.36993e-16 1.57322e-42 8.36829e-80 1.05084e-97 0.0502269 6.69847e-79 5.68569e-42 2.91472e-54 6.94033e-70 5.08061e-22 3.70248e-43 2.70452e-53 7.44247e-89 2.72949e-49 3.70917e-08 9.40975e-49 4.13616e-52 1.65922e-53
1.83826e-50 0.100543 4.57875e-23 1.0493e-53 8.08202e-13 3.61567e-36 2.19836e-19 6.99205e-36 2.51348e-48 1.01197e-64 4.2543e-31 2.60912e-74 7.04602e-62 1.39118e-89 1.02991e-81 1.03079e-11 2.15755e-49 1.00477e-59 2.49357e-39 3.3443e-44 0.255793 2.00369e-47 8.11031e-40 2.71743e-46 1.58401e-54 3.47712e-51 7.16426e-56 4.15051e-77 1.48739e-35
2.13568e-30 1.35878e-36 4.77122e-07 2.48488e-106 9.08626e-51 5.70308e-34 8.77428e-08 2.03793e-35 7.41099e-54 2.46023e-49 3.11794e-48 1.21935e-14 0.0191431 7.00958e-65 2.1124e-11 1.0965e-14 6.06451e-73 0.0418878 5.49882e-17 2.77941e-84 0.202649 2.51583e-14 2.55446e-24 6.00058e-55 1.01424e-52 5.73099e-33 3.66043e-63 3.11368e-67 5.44475e-37
0.146409 3.02016e-42 0.168104 0.128277 1.67938e-33 2.40292e-42 1.16257e-48 3.1976e-32 1.88213e-61 0.159675 1.45784e-60 4.69451e-33 3.2718e-16 0.152226 0.350327 5.11961e-27 0.113178 4.33022e-31 0.365051 0.0966481 1.28684e-41 0.0664565 5.46982e-18 0.0235886 0.0439034 0.0264344 1.38686 0.104067 0.123076
6.81925e-23 1.05196e-19 6.87996e-21 3.63004e-110 3.22084e-18 4.56504e-09 9.28519e-06 4.67772e-23 7.81648e-47 4.23507e-38 1.14207e-56 3.17728e-65 2.54804e-59 2.63634e-76 7.08696e-100 9.06665e-26 6.32031e-89 8.2279e-53 2.07437e-60 2.48947e-69 0.985374 8.54214e-24 5.35955e-58 4.00981e-83 8.3733e-76 8.44202e-26 8.92745e-20 3.98624e-77 1.65179e-43
9.59597e-30 6.82224e-29 5.962e-34 7.71902e-85 1.63127e-36 1.60391e-40 0.00959091 3.61736e-37 2.09393e-74 3.53984e-73 5.25552e-22 7.83108e-23 2.09035e-70 1.25742e-104 4.44623e-78 3.46765e-39 3.03784e-40 9.79566e-63 8.58633e-27 8.8869e-33 2.26329 1.6121e-23 3.26936e-13 1.58007e-80 2.75422e-74 5.95917e-49 2.97643e-67 1.70355e-56 1.90882e-51
1.60648e-22 1.47364e-20 7.03018e-53 1.08203e-107 5.95244e-16 8.02466e-13 0.00131179 0.0172672 3.04685e-40 4.38103e-58 0.0893711 1.00526 1.16645e-29 4.66379e-69 2.55299e-73 1.23552e-19 5.33537e-29 5.66191e-20 2.15169e-50 1.10819e-76 4.25794e-09 5.03169e-14 0.297514 3.22456e-80 7.3076e-38 1.44529e-25 4.25209e-59 4.43724e-68 3.65648e-64
5.03198e-65 5.50523e-37 3.84712e-43 1.30982e-102 2.46919e-26 6.8593e-31 6.98041e-17 3.6108e-17 1.06903e-47 1.65062e-83 1.20905e-70 1.06231e-46 8.28663e-68 1.43861e-116 1.17479e-96 5.41776e-49 5.20814e-63 2.42847e-81 6.78341e-60 2.18521e-33 0.213496 6.80728e-45 1.96394e-59 1.48436e-73 8.07981e-76 2.27945e-37 1.33647e-37 6.81986e-72 5.64535e-69
2.84238e-23 7.0839e-43 1.28295e-45 1.44762e-22 3.65829e-42 2.19771e-41 6.8724e-33 1.83402e-08 0.219093 4.06456e-71 6.87764e-43 3.6959e-57 3.90193e-18 2.22118e-50 4.4291e-87 1.37064e-16 2.35236e-12 6.03242e-66 2.0516e-15 1.95254e-65 0.520756 5.01033e-39 5.06851e-26 1.14116e-75 5.80818e-73 1.7824e-33 1.84958e-69 4.76299e-52 1.74755e-17
2.80256e-19 8.49627e-05 2.19916e-39 1.01659e-71 0.0984282 0.267835 3.44721e-56 3.33675e-12 2.79713e-24 1.13266e-32 1.68708e-52 0.100097 1.17308e-84 2.27037e-48 5.04099e-88 5.32775e-52 2.41426e-64 4.7011e-28 6.15679e-25 1.47351e-26 0.193734 3.44159e-10 1.53499e-48 2.24885e-75 5.81088e-71 0.064273 0.00195086 2.64001e-25 6.82621e-77
