0.0776912 2.62062e-17 3.18475e-51 1.2572e-07 5.52173e-29 0.0118672 6.06201e-09 9.57171e-05 1.28807e-36 2.02262e-39 1.70392e-38 1.41403e-20 8.55609e-61 5.49436e-08 1.77688 9.13466e-43 1.17626e-27 8.70262e-29 2.01729e-58 1.56066e-23 1.86598e-31 2.45612e-87 1.97692e-31 4.28372e-72 4.11659e-15 0.00657133 0.000227871 0.00110454 3.24738e-07
6.03099e-50 8.48388e-05 0.0234459 2.84935e-08 1.66813e-12 7.65924e-24 1.31525e-11 0.0172949 0.00571507 2.29068e-07 1.00252e-29 3.73904e-56 1.07588e-67 4.29605e-35 1.26981 2.52604e-52 4.10574e-27 1.01176e-27 5.00747e-39 2.56047e-63 1.72056e-41 5.10105e-63 3.85857e-09 8.67442e-89 3.0348e-53 0.000142334 4.27403e-15 0.0868969 3.78316e-32
2.08741e-41 9.14658e-28 1.89614e-11 1.27475e-49 1.8794e-54 1.99425e-62 1.65738e-48 4.86759e-25 0.0550503 6.46766e-06 2.57527e-25 3.60711e-47 5.34712e-41 1.31619e-77 6.95119e-28 5.27817e-06 9.39759e-24 3.58726e-54 3.50506e-10 7.48203e-39 1.59062e-54 2.18434e-15 0.021753 4.19389e-22 2.32337e-33 8.04802e-22 9.9607e-22 2.37076e-43 0.00112606
5.50078e-71 2.44391e-31 8.42363e-15 6.22246e-25 1.51446e-11 8.72007e-63 1.26153e-36 6.0264e-25 1.02939e-06 3.13628e-23 2.57535e-15 4.07279e-49 0.0644946 0.231432 0.240298 2.26007e-18 0.0385653 6.00934e-42 0.102214 0.0999588 0.0318262 0.179518 4.01125e-59 1.00732e-10 3.65803e-68 5.63916e-08 2.40125e-41 1.47263e-20 2.32002e-14
1.83674e-38 0.000574778 2.50592e-16 6.11917e-57 0.000189953 4.05245e-57 6.7766e-22 2.29157e-22 1.77943e-24 6.83778e-22 5.0389e-27 1.34354e-35 0.10644 2.27296e-16 0.281686 0.001889 4.88485e-92 0.0277602 0.000120445 1.03116e-32 2.07556e-42 5.97411e-38 1.03952e-55 2.68369e-22 1.10388e-31 1.79787e-20 5.87952e-21 1.08133e-31 0.0614622
5.7805e-73 5.78036e-33 3.52648e-38 5.22856e-35 2.15524e-66 6.29894e-46 0.61201 7.72945e-38 9.42672e-53 0.0551752 3.40391e-32 0.0133784 1.10023e-43 1.77733e-73 0.958205 1.60831e-07 3.86168e-73 1.37868e-10 2.98497e-26 4.53241e-11 1.64576e-09 4.03783e-26 7.93192e-17 1.35093e-53 5.64182e-16 5.47907e-61 0.0167003 4.65928e-45 0.0841104
1.0276e-43 0.0742635 4.29696e-17 9.48872e-101 6.57283e-23 9.33514e-26 8.52157e-30 3.17239e-12 1.75744e-30 3.53816e-12 5.30328e-18 5.23215e-42 6.41911e-22 9.72798e-33 0.451492 2.66745e-25 3.65435e-69 4.39124e-59 1.05896e-05 1.1393e-48 5.42938e-09 4.7071e-56 1.56506e-06 2.20333e-84 2.41457e-81 0.0152366 9.49315e-35 2.56851e-32 6.16167e-63
1.0549e-24 4.47506e-32 2.10376e-29 1.6302e-62 1.0482e-26 3.498e-16 1.429e-41 3.02744e-18 6.85503e-33 1.49685e-19 1.43145e-28 1.64774e-07 1.99743e-19 3.1623e-44 1.11309e-70 0.0388728 5.15902e-83 2.82421e-61 3.44163e-69 4.07562e-53 4.98733e-56 1.37907e-77 1.83122e-56 2.10019e-40 9.68595e-28 0.0931648 5.6936e-06 6.1023e-54 1.9437e-38
5.88143e-58 5.20005e-24 3.85052e-42 6.35649e-86 1.083e-30 7.23989e-56 6.88928e-24 6.19176e-31 7.58581e-50 0.0060657 3.85483e-26 5.59028e-57 7.64069e-65 6.25787e-73 1.93225e-62 1.64519e-27 1.32535e-52 1.35223e-43 7.68685e-32 2.65728e-40 4.00989e-26 1.36635e-81 1.86278e-33 3.03331e-80 1.5821e-45 5.77656e-65 3.33945e-32 1.65782e-38 1.89255e-55
9.52988e-53 1.5789e-19 3.61089e-30 0.0127354 0.240166 0.0440733 3.6724e-27 0.00207393 6.59124e-49 7.04045e-63 0.132826 3.48189e-07 0.0129541 9.64781e-73 3.54852e-49 8.62181e-42 1.63065e-58 3.54516e-26 9.29568e-28 1.13956e-68 5.99273e-43 1.45877e-86 2.00037e-08 0.0284363 0.0508803 0.0137923 2.02193e-13 3.54221e-43 3.77288e-29
