4.3722 0.0739694
7.86388e-40 1.85964e-71 2.17146e-44 3.03383e-69 1.92077e-24 4.82381e-97 4.04029e-78 2.63333e-76 6.4091e-79 2.77541e-59 4.86989e-59 6.47804e-67 0.0204061 9.56803e-35 2.61834e-61 5.0136e-07 9.07078e-65 4.89346e-19 0.0994009 2.37634e-59 1.13824e-60 7.44857e-22 2.82503e-69 4.70537e-21 0.289203 1.34349e-26 2.19926e-05 1.19488e-20
0.0992734 5.71818e-28 5.73194e-23 6.07572e-48 9.8277e-09 3.77182e-30 3.49686e-31 1.34458e-42 3.56703e-30 2.55261e-52 6.62866e-27 2.47758e-65 7.28342e-26 0.0791542 2.69228e-58 6.12562e-71 2.93457e-37 6.81917e-77 4.75801e-66 2.40452e-59 1.98489e-63 2.88248e-25 2.91581e-91 1.54657e-65 9.76843e-81 4.37512e-62 7.3529e-58 4.75899e-58
1.12371e-54 3.50305e-38 3.0584e-37 5.54647e-67 3.70807e-12 3.11767e-20 6.9906e-68 5.66639e-62 7.03851e-95 1.22696e-26 4.8571e-40 1.08247e-65 0.0915274 3.46107e-27 6.09743e-29 0.000486125 3.94733e-63 1.92361e-91 7.02998e-64 3.70358e-29 0.0435769 5.99319e-62 0.0187797 0.0654585 3.13632e-18 0.0393565 1.05236e-52 1.02964e-41
3.68191e-22 7.68933e-40 3.30938e-128 6.49413e-63 6.60915e-50 6.72922e-64 4.24645e-67 8.24074e-57 1.05776e-18 0.041526 0.000636046 0.117682 1.28797e-18 5.77279e-49 8.33231e-42 6.65144e-24 5.58543e-30 0.146698 2.08218e-30 8.93862e-15 5.60142e-37 2.28613e-29 4.81854e-81 0.811111 3.55132e-22 5.26462e-16 3.53995e-65 3.70572e-07
2.09802e-34 3.19267e-25 4.73057e-12 6.36892e-06 3.37082e-10 4.5091e-08 9.69364e-36 5.01487e-56 2.64595e-50 4.64206e-74 1.01958e-29 1.94297e-56 4.75014e-29 0.367827 3.29711e-39 8.06812e-43 4.36276e-37 5.46178e-82 6.41653e-97 3.12998e-38 9.71396e-43 1.67084e-64 8.12684e-77 1.63185e-69 1.3278e-41 8.03627e-58 5.50833e-30 2.57606e-28
6.92194e-34 2.44995e-48 2.69253e-09 1.69701e-72 5.50579e-41 6.40184e-64 2.59466e-59 0.00959871 8.99103e-64 2.38343e-09 2.34291e-60 1.78403e-54 3.28695e-58 1.03559 2.93214e-05 4.49746e-05 5.53712e-05 3.06941e-23 1.74666e-52 1.07293e-20 1.01306e-46 5.50898e-62 3.31699e-66 5.9282e-07 1.63257e-53 8.64653e-61 1.31294e-73 0.217109
5.09684e-06 1.34618e-10 0.00781359 0.141163 0.00832642 0.0240933 3.02231e-05 9.08935e-06 0.0201213 2.41284e-82 7.28393e-71 7.29657e-93 2.8359e-73 3.94786e-57 3.98514e-69 2.97991e-89 2.51313e-76 1.44154e-94 1.186e-96 5.83899e-62 6.70457e-71 3.70169e-61 2.33908e-105 1.93118e-82 4.09204e-81 1.32216e-113 2.88342e-72 2.72293e-58
2.89976e-07 3.0169e-44 0.00998475 5.21534e-60 9.15629e-39 4.89154e-52 1.29158e-69 2.23948e-74 1.84148e-31 2.64391e-76 0.040116 3.98976e-76 3.29897e-07 0.014985 0.466068 1.03912e-06 7.49971e-31 1.68538e-68 1.50847e-43 9.67739e-42 1.5098e-68 2.69715e-58 1.10912e-58 1.93077e-55 0.00108545 3.44201e-101 2.18067e-31 1.54789e-09
1.75145e-32 3.83801e-42 3.12107e-43 5.3087e-42 2.14586e-24 6.49994e-38 0.000294484 2.58555e-32 3.38296e-35 7.85058e-64 3.94162e-35 2.14068e-57 3.0539e-29 0.187864 1.98482e-41 2.80363e-58 5.01023e-40 2.31456e-69 3.46766e-69 2.65745e-52 1.7878e-45 1.37902e-65 4.59941e-49 1.30152e-81 5.17851e-51 6.4154e-84 2.5399e-54 1.59697e-53
0.000361954 0.166295 9.53592e-88 6.29578e-49 4.95375e-34 3.98208e-18 1.59812e-49 9.26818e-34 7.92158e-21 1.44439e-31 1.90727e-24 1.60576e-72 5.8359e-36 1.10682e-26 5.47093e-15 0.0974 2.73585e-67 2.71e-23 2.78982e-45 6.42727e-44 8.10397e-23 3.59959e-65 3.34911e-56 2.15126e-50 3.86908e-24 2.14133e-81 1.33071e-64 5.40371e-40
4.26721e-27 2.42889e-84 5.88188e-61 8.25999e-76 5.98564e-27 2.4282e-37 5.12823e-80 6.43355e-08 1.56121e-18 7.27677e-61 1.26126e-26 8.69788e-57 9.85374e-66 2.16705 1.55704e-20 9.91729e-07 3.9802e-27 5.30224e-16 2.44461e-30 0.0826785 1.11826e-42 0.23579 4.42528e-89 1.24459e-57 2.79845e-33 1.62581e-69 0.33412 6.54178e-23
4.16934e-48 3.87022e-10 6.14745e-58 2.09789e-19 1.75322e-20 1.669e-109 4.9494e-45 5.79204e-05 8.91311e-53 2.33017e-80 0.00193198 3.81713e-92 1.07813e-15 6.32651e-50 0.223506 1.33574e-58 0.0475963 1.96068e-52 4.56979e-63 1.23803e-50 2.34305e-30 6.20636e-44 4.40327e-76 0.00318678 5.07821e-06 1.28593e-37 3.79547e-46 1.29337e-23
