2.53456e-50 2.3087e-17 3.47407e-30 5.82136e-73 8.95415e-14 6.60125e-72 3.48486e-72 4.69569e-14 1.45922e-24 6.03661e-27 0.0095563 0.102295 0.181104 3.79167e-26 1.94742e-61 0.0244353 7.01119e-20 1.09891e-32 2.00565e-32 0.283144 1.18513e-16 2.24346e-37 6.90591e-60 0.134328 1.36132e-24 2.14366e-20 0.31006 8.3796e-17
0.000660486 0.00103211 0.0138033 0.000473026 7.12257e-05 7.38686e-05 0.00124129 0.000485743 0.00035224 3.65208e-44 2.80251e-86 3.1449e-91 2.9022e-60 6.99696e-75 4.86158e-78 9.91208e-63 7.23115e-66 3.93477e-40 1.45573e-52 3.20811e-66 1.2388e-44 1.17931e-76 1.92626e-64 5.4623e-68 1.73644e-83 4.18834e-56 3.67295e-71 6.30403e-44
7.42419e-43 6.5421e-91 8.53103e-98 1.04046e-59 1.03312e-23 2.51322e-15 5.99489e-08 9.4094e-13 8.15277e-27 5.88221e-28 0.107018 2.10676e-75 1.31746e-30 1.90913e-12 7.18136e-25 1.71796 6.67045e-38 1.2372 0.0778071 9.86647e-25 2.17008e-36 4.39684e-16 2.03217e-18 2.3532e-51 1.72684e-63 9.34482e-42 1.50624e-56 0.0761642
9.76905e-60 2.77215e-07 2.00375e-88 2.31025e-29 1.25151e-60 2.90531e-41 3.2567e-64 2.68072e-67 2.85368e-50 1.19102e-22 7.21968e-76 6.77939e-78 0.000798602 0.195203 0.0597054 2.03651e-52 0.0337583 8.04216e-09 2.54558e-08 8.26509e-25 8.79816e-22 6.35801e-33 1.70408e-55 4.00155e-19 2.80147e-10 8.70498e-32 2.29918e-07 7.82023e-26
1.02759e-67 8.71072e-78 1.07272e-94 1.47643e-21 1.08147e-56 2.19867e-06 1.46548e-09 7.10936e-70 1.59271e-07 0.193601 2.83714e-56 7.25077e-70 5.56636e-41 3.18605e-22 5.15122e-22 8.49745e-17 1.84343e-53 0.402049 1.01907e-50 2.17048e-63 1.85124e-05 1.40605e-26 8.96669e-55 2.85921e-24 1.39244e-17 2.00804e-48 3.00572e-57 3.05908e-19
2.97503e-49 1.92737e-35 8.11661e-52 6.98553e-55 0.000147937 1.78128e-10 3.87248e-16 9.97039e-23 4.49559e-35 1.54672e-23 5.2732e-50 5.79964e-40 9.14143e-13 1.11489e-42 6.29774e-73 1.11314e-20 5.41251e-31 0.375152 1.72015e-43 1.41701e-54 0.0155069 3.59736e-48 0.00898457 3.07264e-24 2.26978e-20 6.36039e-29 7.85006e-23 2.42222e-22
2.35282e-51 3.24999e-30 3.85821e-60 2.35543e-24 4.14157e-31 6.87862e-21 2.15054e-49 1.91884e-49 0.000217462 1.04114e-19 8.30063e-60 3.36398e-71 1.49223e-22 8.09931e-33 7.919e-62 1.28997e-47 9.19658e-58 0.903747 1.22472e-34 2.09034e-37 1.18544e-37 1.8521e-62 8.90437e-34 1.02177e-59 7.10852e-27 1.23888e-28 7.49725e-41 2.85904e-11
2.25143e-11 2.36036e-05 1.27754e-87 2.00203e-47 1.26831e-49 2.00902e-62 3.83545e-54 1.29059e-29 4.01401e-13 2.26061e-23 3.73361e-74 1.57329e-82 1.06003e-27 5.24151e-70 5.52844e-59 3.1238e-24 7.60657e-35 2.07269e-31 2.09607e-50 4.96421e-25 1.75495e-32 8.01546e-19 4.48828e-57 3.75751e-20 0.0382877 0.00416937 5.29425e-48 1.15271e-11
1.44803e-24 3.51114e-13 7.94834e-50 4.95754e-23 5.39503e-58 1.05459e-05 6.74724e-34 2.02317e-22 9.28091e-46 4.36098e-23 1.24031e-39 3.70009e-68 0.0253775 1.2523e-51 0.026703 1.0734e-52 5.24058e-31 0.140697 6.36047e-39 4.34579e-24 0.0579717 0.0321001 4.44751e-58 8.89546e-35 0.0261245 6.16823e-06 0.378306 2.97259e-42
1.07961e-32 1.23761e-29 1.89003e-29 2.93947e-11 3.93182e-58 9.86801e-25 1.88293e-41 3.36569e-20 3.79516e-22 0.0498641 4.51008e-43 1.4047e-17 1.15022e-30 9.49565e-24 3.48749e-24 1.31524e-60 1.92977e-47 5.09713e-06 7.81375e-08 1.10852e-38 1.58473e-42 3.19206e-17 0.100698 7.4636e-59 9.85613e-19 1.89809e-28 1.11748e-59 3.95577e-15
0.00283093 0.000235892 0.00428036 1.24149e-06 0.00164752 0.000845344 0.0246311 1.44011e-06 5.13451e-05 1.05542e-42 2.13325e-83 3.39213e-87 1.97518e-58 5.83452e-75 2.43104e-74 2.71169e-59 1.39799e-64 3.5327e-38 1.17358e-49 5.49755e-64 2.51366e-43 1.90568e-73 4.68992e-61 1.11953e-67 2.08558e-82 5.4966e-53 4.33646e-69 8.53701e-44
2.31523e-73 3.26319e-67 5.2381e-43 8.98977e-33 5.00676e-12 2.01107e-41 4.78498e-44 9.60349e-75 3.12816e-60 2.79452e-18 2.28425e-85 1.02828e-43 5.4024e-42 4.88764e-72 6.32096e-11 3.30543e-61 5.8281e-38 0.00725665 8.73928e-38 9.14397e-14 3.30155e-11 8.00921e-64 2.18833e-16 7.61666e-47 2.71862e-36 0.190775 1.97142e-28 1.08521e-10
