4.28589e-70 0.091546 9.34346e-53 6.77015e-129 4.14189e-101 1.75692e-137 4.70941e-118 9.719e-51 8.32114e-113 1.12781e-116 0.168448 3.2774e-159 2.06471e-223 3.34695e-63 1.12699e-214
2.14109e-21 5.87945e-34 2.20277e-69 1.98723e-103 5.79531e-43 4.7149e-60 0.149005 4.2503e-136 1.01085e-12 1.85538e-100 0.112638 5.26295e-174 1.55815e-240 0.0175725 4.04227e-233
1.0148e-205 8.25082e-129 1.80066 2.20285e-202 4.00612e-118 3.00642e-144 9.99495e-19 1.13021 1.19216e-125 0.446161 1.18119e-78 1.08432e-179 0.574632 5.61321e-143 0.347757
6.1648e-102 7.73484e-98 5.57621e-100 7.10918e-108 6.56584e-214 0.22674 4.01724e-99 1.79051e-73 1.53933e-94 5.43822e-210 0.11324 2.35233e-92 1.28957e-99 5.16853e-105 3.25635e-178
1.37953e-81 1.17915e-10 4.01694e-62 9.38556e-113 9.10495e-191 2.28341e-98 1.95646e-108 1.41662e-180 0.409953 1.04444e-187 1.37126e-77 1.36887e-197 1.06407e-110 7.70341e-92 1.14727e-85
5.05135e-62 6.02827e-175 1.57695e-113 2.11344e-70 6.17559e-207 1.15553e-108 1.1846e-37 7.93253e-108 3.66539e-99 1.58249e-75 1.58163e-33 2.12573e-157 4.50079e-142 0.078684 1.81248e-200
2.57699e-66 5.17779e-22 1.33449e-19 5.96446e-57 5.62093e-25 2.02959e-129 0.000202911 1.45525e-59 0.254899 9.01566e-138 1.1452e-09 4.62341e-215 1.59089e-321 0.212279 1.2374e-135
4.79257e-43 1.68607e-138 1.0574e-74 9.03334e-63 5.68567e-52 8.9238e-103 0.200235 1.1357e-84 1.63576e-56 2.39728e-180 2.98587e-37 1.47324e-216 4.66757e-238 3.76744e-23 1.813e-234
3.54614e-105 7.93178e-235 1.0898e-122 2.57627 1.52173e-53 2.50896e-76 3.96897e-104 1.07158e-126 1.74704e-97 5.53564e-175 1.67841e-136 0.484881 1.14955e-84 1.75622e-15 7.1024e-229
1.04788e-40 7.08065e-45 1.12032e-21 1.77375e-31 0.0694827 2.72688e-134 2.04378e-96 5.35466e-130 1.91328e-91 8.74206e-211 2.74266e-140 2.14452e-189 2.22678e-307 3.72899e-121 1.25692e-264
4.01608e-08 2.85767e-55 1.78348e-58 4.58788e-78 2.15918e-07 1.18898e-100 0.136082 1.23636e-97 4.50637e-20 2.40637e-125 8.68614e-159 4.02634e-233 8.24264e-188 9.22761e-66 9.26848e-215
0.137773 2.07997e-39 5.04059e-64 1.12438e-43 3.65746e-173 1.67286e-137 0.239738 4.79608e-72 2.56762e-86 6.00581e-81 1.22861e-36 7.68269e-134 5.44525e-305 2.01111e-26 1.65486e-173
