1.58176e-211 1.55011e-223 1.65978e-89 3.83698e-20 2.97386e-183 1.74909e-201 9.44924e-43 8.80363e-176 1.2635e-217 1.22595e-48 0.140832 2.22322e-18 1.56066e-51 0.164393 2.57807e-153
1.9742e-160 2.88534e-321 0.0651146 7.06383e-189 1.71935e-321 0.763328 3.3137e-76 0.529876 0.60897 1.97136e-243 1.46112e-120 2.79773e-242 3.63346e-31 1.55605e-203 0.125245
0.0188698 0.0108331 4.56825e-05 0.00544874 0.00695819 2.97129e-261 1.80459e-279 3.95253e-323 3.45846e-323 9.61233e-246 4.53808e-218 2.16193e-306 1.13336e-184 6.91692e-323 2.2233e-322
6.42017e-192 6.87425e-20 1.79008e-24 5.99874e-07 4.11601e-54 2.11547e-252 0.276198 1.61639e-292 2.27906e-272 7.34085e-124 7.01279e-12 4.79241e-134 0.0428414 8.83328e-21 4.0813e-141
3.93354e-25 6.57542e-112 5.79059e-144 3.15649e-35 2.56608e-169 2.29919e-181 2.78085e-195 3.66444e-280 4.66863e-253 1.77287e-81 1.27903e-30 1.40672e-274 0.142158 1.79432e-283 7.26701e-319
1.42337e-78 1.76828e-164 2.72111e-112 2.24208e-222 1.50421e-254 6.92292e-135 7.35736e-61 4.8362e-259 3.95522e-295 1.60679e-23 1.40818e-122 1.2309e-190 4.22892e-129 0.0425155 1.84823e-50
1.22841e-130 3.39213e-219 8.51266e-103 3.49257e-215 5.67636e-64 6.83295e-173 3.18442e-11 4.00001e-138 2.32155e-274 1.31773e-31 1.43853e-30 1.42055e-244 4.55907e-155 0.218086 5.96499e-195
4.63443e-249 1.8503e-127 0.000174619 1.93766e-194 1.81947e-309 4.85849e-175 7.56855e-210 1.17383e-208 3.45425e-194 1.18317e-163 0.143208 0.639863 4.57912e-102 3.38362e-74 1.69349
2.72767e-150 1.05724e-57 3.86566e-33 2.35512e-264 9.84315e-179 7.93526e-192 1.56169e-07 5.76338e-220 9.81588e-235 1.07999 1.88647e-67 6.5072e-156 2.75422e-161 3.37801e-152 9.72401e-299
2.36217e-184 2.28457e-53 8.19935e-28 2.59378e-132 2.67304e-303 1.73121e-225 2.5642e-159 1.95167e-307 2.98647e-272 5.34847e-191 8.51729e-05 0.145823 2.44351e-74 0.154386 1.67686e-289
7.73945e-78 1.07128e-42 5.94162e-158 5.32333e-209 7.12014e-137 3.89584e-34 4.66273e-223 1.17748e-180 1.86757e-321 1.60983e-05 7.01213e-93 1.52892e-50 1.60984e-20 7.06701e-176 0.260891
5.05831e-174 2.63546e-219 4.879e-107 1.20233e-202 1.01009e-201 4.95081e-70 1.11586e-84 2.02666e-126 1.55137e-321 0.159055 1.04222 1.03112e-119 0.163103 3.60169e-118 2.77663e-241
