7.2248 0.111665
8.53109e-18 1.54082e-32 8.46551e-63 5.95615e-138 2.54176e-20 1.34669e-102 7.84821e-75 0.080875 3.81457e-36 3.54696e-74 1.6969e-151 1.31192e-142 2.02553e-38 1.12559e-09 3.09539e-65 1.7374e-132 2.76663e-129 4.75056e-67 4.91012e-84 2.30781e-70 3.49882e-129 1.93443e-49 5.84857e-99 3.24753e-42 1.66218e-76 1.40176e-38 2.19793e-96
8.41122e-16 3.75228e-88 3.14296e-50 4.436e-123 7.21694e-73 5.52836e-80 1.91881e-72 8.22498e-100 2.92586e-35 4.61005e-163 3.61118e-117 7.61433e-115 2.04948e-101 0.0537001 6.83068e-43 1.03196e-111 5.09261e-92 6.63578e-46 2.93076e-102 1.8849e-50 0.13949 1.5952e-147 1.66911e-129 2.30028e-62 0.00146677 1.47348e-63 1.92241e-31
8.63187e-113 1.20707e-139 1.31627e-113 1.23842e-153 1.13608e-81 1.29811e-36 1.4519e-07 1.41077e-45 0.245927 0.296548 0.195964 5.90217e-83 0.292617 3.47215e-32 1.55879e-63 1.03162e-29 2.00678e-26 0.00127264 0.138079 1.85175e-45 3.08001e-127 0.220968 2.98591e-82 3.97504e-34 8.92988e-75 0.0328711 0.0916279
4.12787e-32 1.45344e-108 0.0188264 8.69585e-124 1.06248e-86 0.198757 3.7421e-50 3.68092e-105 2.15929e-16 2.96378e-160 5.89071e-50 5.3755e-67 1.366e-91 7.80939e-54 1.79993e-32 3.35151e-128 0.00327707 1.38647e-30 8.81053e-30 8.90108e-11 4.2183e-43 1.35329e-89 1.30385e-17 4.41561e-26 0.104743 1.85584e-53 1.36786e-38
5.20422e-45 8.01837e-94 7.96931e-75 3.90149e-127 3.05129e-21 1.221e-24 3.32795e-18 0.0610121 3.25731e-55 1.18733e-59 6.42933e-28 2.4505e-67 4.33761e-106 0.000980916 1.80465e-59 2.01059e-34 1.05512e-101 7.2313e-86 8.48496e-50 2.49662e-51 2.17482e-26 7.37989e-76 4.07935e-108 0.158898 4.52619e-68 1.4975e-19 0.00532439
3.32207e-13 6.76049e-50 1.18207e-19 3.46072e-69 2.43179e-81 0.0884717 1.39571e-72 4.1567e-13 6.31233e-39 2.22875e-138 1.17182e-146 8.39991e-49 2.08592e-85 7.96051e-05 2.34388e-36 3.32046e-109 3.44314e-09 6.73656e-94 2.0308e-79 5.75783e-40 1.315e-43 9.54678e-142 7.67107e-63 3.15479e-37 6.3011e-27 2.72504e-44 2.0001e-74
0.000451308 0.000733898 0.00883546 5.17423e-05 1.141e-88 1.0642e-122 2.32453e-85 1.15618e-132 3.85281e-86 3.30217e-166 1.26099e-154 1.26773e-145 5.44117e-118 2.32892e-85 2.39189e-76 1.23275e-132 2.41656e-135 9.50583e-98 5.03969e-109 1.38419e-91 1.69017e-133 2.53298e-172 4.3479e-132 5.92497e-94 8.82792e-99 2.84077e-83 1.92023e-126
1.78933e-16 7.74034e-130 5.25886e-56 6.79034e-66 0.245097 5.15606e-89 0.120753 3.79264e-90 3.73794e-51 4.60495e-104 9.08155e-53 9.85375e-128 5.07433e-85 1.81996e-67 0.00207966 0.130342 0.0744362 1.25922e-73 6.48533e-69 1.4094e-62 2.55153e-46 1.51187e-60 4.38184e-32 3.76098e-86 2.41045e-67 3.29422e-69 2.78487e-22
8.45057e-47 8.98178e-50 4.14813e-62 7.13946e-151 1.16106e-42 3.08068e-91 1.24622e-31 7.27831e-97 6.67554e-67 2.0243e-44 2.3688e-127 2.31765e-74 2.05136e-55 7.89432e-15 0.0126837 2.61296e-110 5.71925e-18 6.54681e-10 9.17147e-60 3.38666e-83 1.06968e-39 1.01505e-136 1.68374e-107 0.101417 1.30915e-28 2.52816e-46 3.7299e-75
6.29669e-35 6.97181e-71 1.88559e-76 6.0513e-129 5.90991e-76 6.49702e-107 1.51932e-55 6.34772e-35 6.06301e-62 1.6532e-125 1.75514e-80 1.14711e-113 1.26576e-59 5.82086e-15 3.71541e-32 1.5007e-21 2.45007e-24 8.50785e-57 1.90595e-60 6.46398e-61 11.6848 5.62365e-74 1.12057e-12 4.02145e-65 3.41467e-56 1.20735e-69 3.79562e-91
3.11455e-21 1.33404e-25 1.3398e-11 4.21519e-132 4.40901e-37 1.90037e-111 1.41164e-72 2.1787e-74 4.2379e-63 2.69947e-118 8.00194e-43 1.49357e-66 1.67222e-55 4.43344e-30 6.45218e-48 1.3771e-21 3.84508e-59 0.0922067 7.72805e-94 0.126548 8.0399e-121 9.85987e-79 1.02161e-19 2.21019e-73 3.78008e-20 2.30565e-48 2.61034e-05
1.06479e-22 9.95282e-99 1.5318e-68 2.47771e-76 1.81453e-35 7.35815e-57 0.00148461 2.62932e-53 2.06054e-18 1.03724e-56 1.96975e-116 0.318235 1.84185e-40 2.00021e-47 0.110405 4.48114e-127 0.072112 2.41941e-24 1.89425e-102 9.04611e-40 9.87525e-06 3.557e-122 3.50387e-29 9.61885e-56 6.86665e-76 1.17245e-52 2.01009e-27
1.26629e-87 1.76595e-96 8.98066e-09 5.31634e-66 3.68033e-75 1.93071e-58 1.35726e-61 1.60606e-54 0.0171589 2.36264e-41 1.20839e-21 3.3261e-53 3.97032e-50 2.36782e-47 0.294877 9.17352e-50 1.98438e-77 0.000852878 3.94788e-29 3.8328e-80 1.90023e-108 1.54764e-87 0.0927472 1.70928e-75 1.62163e-67 0.205809 3.2867e-59
0.000628665 0.00295898 0.0186175 3.21301e-07 5.49232e-88 2.99488e-125 1.35405e-85 3.75109e-132 1.09816e-86 1.62798e-164 3.77279e-156 2.55047e-145 2.95325e-118 8.93832e-86 1.84769e-76 7.27336e-133 9.85515e-135 3.19362e-97 3.3595e-109 1.70576e-91 7.38826e-134 4.50318e-171 1.59133e-132 6.43138e-94 8.3482e-100 6.23567e-83 6.66353e-125
7.51954e-33 1.01961e-71 4.3673e-37 2.32579e-110 1.14687e-20 5.8513e-10 1.55003e-58 5.09577e-20 3.55986e-10 4.13195e-67 1.06125e-145 3.02135e-106 1.51837e-82 1.08401e-49 1.10154e-49 9.38543e-62 6.68642e-63 7.92142e-74 9.52739e-95 1.32207e-43 5.37765 5.69538e-75 2.38583e-44 4.77201e-45 5.49512e-59 4.66782e-81 1.76095e-66
