5.32453e-81 2.25088e-10 2.0294e-16 9.85799e-73 5.81933e-10 2.18441e-22 1.94515e-51 0.0691869 3.66423e-32 0.0620659 6.98328e-25 6.78146e-52 1.77789e-35 4.01816e-62 4.31389e-22 4.35211e-56 8.98798e-83 5.9594e-31 5.36084e-19 6.51711e-64 1.87082e-62 1.11925e-74 2.38639e-43 0.172994 4.55986e-25 3.37066e-29 7.08059e-45
1.72598e-10 1.25224e-25 8.72091e-42 1.85995e-41 2.46734e-29 6.504e-17 3.62265e-23 1.0946e-18 3.95691e-59 5.50132e-24 3.96718e-50 4.61243e-11 2.71748e-05 5.36721e-17 5.50635e-10 6.6182e-60 1.22294e-36 9.5329e-61 1.90837e-48 1.56355e-75 7.0106e-62 1.0078e-73 1.54681e-27 1.58462e-24 0.0831539 0.00873615 3.90388e-41
7.94655e-74 4.85297e-39 6.56838e-69 0.0878994 8.30702e-66 5.78193e-30 5.29189e-36 0.0213345 2.8603e-25 0.00114467 0.0130536 1.99022e-23 3.92809e-27 0.00170599 4.13247e-64 2.6838e-38 3.30046e-38 2.33769e-29 1.69447e-64 3.5681e-56 4.96833e-22 2.70748e-38 2.99326e-43 3.10293e-06 1.09157e-26 2.52573e-44 1.31536e-50
1.32523e-104 6.14118e-100 3.07834e-49 4.13523e-19 0.2 1.03629e-11 2.13007e-35 9.81203e-31 1.01422e-31 2.28548e-18 4.83677e-59 0.225461 5.17353e-27 5.03141e-41 8.06345e-57 2.92943e-46 0.122623 0.116302 3.51156e-33 1.01929e-74 1.88622e-26 0.0268061 5.54431e-23 0.00159877 1.65403e-29 5.57189e-34 1.90437e-20
0.0194195 6.4512e-14 1.81845e-44 4.71081e-46 6.4335e-52 1.09538e-42 1.33734e-65 2.55883e-23 1.62008e-42 1.57659e-23 8.7264e-41 1.99143e-14 0.0080176 4.94477e-62 1.61078e-19 1.4754e-89 7.78403e-55 2.13651e-34 2.72457e-77 3.23429e-65 6.63163e-44 2.0767e-68 2.40609e-14 5.10735e-56 6.62945e-09 1.67916e-50 2.36057
5.37325e-51 0.0345807 8.27737e-09 5.71441e-54 2.88608e-67 2.94613e-27 1.64785e-72 3.17392e-27 3.17217e-30 2.47565e-28 3.66516e-57 3.33012e-24 3.72218e-24 1.54478e-24 1.23641e-46 3.61971e-55 2.04916e-06 1.38617e-18 5.62464e-25 1.28558e-14 1.24636e-55 8.28855e-13 3.88225e-36 2.52322e-36 6.33047e-41 8.62084e-31 0.736103
1.62074e-53 2.10485e-46 6.44942e-51 6.34585e-40 2.96586e-19 4.31963e-18 1.43742e-64 5.30559e-43 3.43653e-55 2.17373e-38 0.136751 6.36379e-43 7.30175e-55 1.05072e-66 2.30087e-61 7.89703e-38 5.12e-44 4.39688e-45 4.05119e-63 4.62788e-92 6.92318e-64 5.37333e-33 7.43672e-16 1.51622e-05 6.57327e-23 3.16573e-11 0.0297343
3.09488e-40 2.17e-100 1.07293e-09 2.89247e-79 3.29509e-54 0.0380859 0.136291 1.95007e-35 3.0171e-40 4.2128e-41 2.11553e-17 7.69132e-19 9.71946e-28 4.63117e-29 0.400563 0.102016 5.98049e-22 0.000115009 1.29957e-19 0.0930101 0.372697 0.00554426 1.06038e-27 7.62221e-22 7.46461e-56 1.9099e-43 3.38382e-53
3.53787e-07 1.32516e-30 4.28417e-09 2.59803e-05 2.9192e-40 1.48121e-40 5.04317e-33 1.47989e-47 2.74016e-45 7.55739e-44 4.19478e-64 9.05699e-21 6.15684e-06 1.07237e-68 3.55678e-62 3.53356e-29 1.49839e-19 1.3746e-38 2.17039e-66 7.78189e-66 1.1945e-58 4.82124e-45 3.2235e-50 8.12394e-39 3.59062e-15 9.88851e-21 0.348814
3.48827e-17 1.736e-30 1.32049e-57 3.13414e-33 2.7799e-25 2.39751e-25 6.22043e-45 8.39467e-06 3.8251e-38 1.95644e-16 5.01132e-15 0.000262248 2.18333e-07 2.45336e-52 3.43815e-44 5.23911e-66 7.4857e-59 2.02465e-40 3.25494e-27 1.08241e-20 1.5075e-39 1.66923e-53 1.44217e-25 1.67289e-43 1.60529e-57 1.26865e-45 0.0111634
3.53686e-42 3.731e-40 2.52251e-52 4.22138e-18 2.56807e-31 5.27294e-14 5.29161e-37 2.26116e-21 6.53521e-30 2.69042e-23 1.13265e-61 4.37661e-25 0.280528 4.6699e-64 4.37503e-40 4.35658e-20 5.70946e-16 2.78793e-54 2.07702e-55 4.51297e-26 3.39902e-25 8.1493e-61 5.17909e-59 2.09665e-36 1.25489e-48 0.0608729 0.335581
3.68779e-22 2.3998e-42 1.7656e-41 5.42567e-64 1.69919e-18 1.34149e-42 1.63484e-78 2.41069e-05 0.0509244 2.30524e-21 4.6565e-14 1.31792e-54 1.15074e-22 0.267516 2.2599e-21 1.12399e-12 5.17186e-52 8.74905e-58 6.76276e-21 3.80846e-75 1.22101e-26 6.26531e-64 0.0475489 8.57038e-06 1.32401e-31 1.74292e-24 1.00617e-55
1.73821e-07 2.67504e-28 0.219674 0.000872637 2.73871e-59 3.41614e-40 4.54953e-71 1.61954e-35 3.3997e-67 1.88517e-49 1.19274e-55 4.79023e-50 3.69317e-57 5.01072e-70 2.36765e-70 1.37583e-82 4.88346e-65 5.5371e-63 4.5443e-63 4.97136e-91 3.79078e-50 4.84832e-78 4.88991e-51 2.04377e-54 5.31143e-63 3.09974e-36 4.76167e-44
2.94129e-62 3.09209e-30 1.81859e-42 3.90237e-36 4.36417e-41 9.80323e-25 1.10297e-65 2.36461e-35 1.68006e-51 2.80027e-53 8.71921e-47 2.76003e-13 5.65039e-06 5.54984e-44 7.00541e-67 1.71258e-28 9.60891e-23 1.86998e-29 0.0149558 1.09718e-07 1.1387e-56 1.74367e-44 2.42862e-47 1.89787e-19 4.13533e-60 7.19982e-43 1.03844
1.32761e-62 2.13693e-42 1.34751e-67 2.13343e-20 0.118301 0.115596 4.05228e-17 1.3202e-17 1.68894e-12 9.74053e-16 6.36497e-59 4.75849e-38 1.82601e-10 4.566e-42 2.14036e-49 1.43032e-40 3.20411e-13 9.47108e-33 2.55596e-34 3.70807e-55 3.13654e-20 1.02964e-24 1.90143e-36 4.92131e-22 0.00728636 1.72146e-17 0.190893
