1.10671e-321 5.38778e-204 1.38134e-232 1.836e-236 1.08694e-321 1.48714e-321 2.09226e-29 5.32736e-252 1.4199e-130 7.91287e-128 6.46801e-197 2.82486e-206 3.13099e-248 2.80629e-321 2.47439e-93 9.65184e-258 6.32404e-322 2.68587e-269 1.27603e-180 2.74011e-216 1.20385e-136 0.32087 1.34386e-321 7.5098e-322 5.20042e-137 5.12397e-255
1.08714e-231 4.51057e-118 2.30934e-217 3.13229e-212 4.63058e-155 3.70501e-192 2.19772e-145 8.7536e-183 3.58689e-126 8.68462e-34 2.44332e-217 1.56145e-171 3.52647e-56 7.71731e-321 0.0140008 0.000548836 2.5791e-298 7.44348e-206 3.22829e-94 1.08155e-230 0.000180182 1.32283e-69 2.50985e-321 2.20847e-321 3.49918e-40 0.313718
1.53654e-321 5.66351e-110 1.37774e-75 3.06157e-311 3.23211e-272 1.88239e-321 2.11987e-63 3.53465e-176 2.26635e-256 1.52984e-132 5.6993e-230 7.56971e-251 2.21074e-240 2.91993e-321 1.01475e-69 2.77884e-91 6.50426e-301 3.55413e-147 3.02956e-123 1.78911e-284 0.254048 0.925791 1.6403e-321 8.39912e-322 3.62582e-60 2.0076e-207
1.40315e-321 3.81342e-149 1.17595e-39 1.31916e-321 2.07135e-135 8.08115e-262 3.65534e-71 2.71897e-75 1.55422e-207 0.080285 1.5618e-248 1.66119e-24 2.74402e-35 3.57704e-321 2.5878e-197 7.0734e-114 3.84647e-215 2.57987e-225 2.52468e-130 1.33404e-260 2.33831e-180 6.74464e-133 2.12448e-321 1.34386e-321 3.27976e-75 2.8082e-95
1.07706e-321 1.09584e-192 2.82038e-161 1.22228e-300 1.59958e-140 1.76876e-321 1.08589e-116 4.58892e-178 3.5687e-182 0.288865 3.81498e-319 2.17966e-142 5.88383e-214 3.03356e-321 1.4392e-77 8.78747e-91 6.71929e-322 5.57827e-223 4.79917e-22 5.65739e-78 7.49294e-128 2.12749e-95 7.95809e-285 9.38725e-322 9.736e-99 3.94656e-268
1.49208e-321 1.32462e-181 5.25206e-168 1.01778e-321 3.19438e-156 1.42785e-321 1.39256e-178 5.43941e-169 2.8311e-261 0.359821 4.22959e-245 2.37119e-10 1.91498e-147 3.40411e-321 3.08911e-125 2.86894e-168 6.07701e-322 1.27513e-186 6.99012e-143 1.46616e-76 4.06416e-179 1.90164 3.89583e-169 1.00789e-321 2.50625e-81 6.75695e-204
1.14229 8.88311e-07 5.03814 0.788999 0.824485 1.21044 1.03866 9.60901e-204 0.838383 9.51025e-59 1.51839 7.50882e-125 2.9083e-23 3.60803 1.93939e-182 0.00343385 0.455674 4.08599e-274 4.14394 0.789735 4.52485e-98 2.38406e-64 1.00351 0.995353 2.59448e-135 0.0772347
8.99199e-322 2.91284e-165 9.64568e-234 9.14021e-322 9.38725e-322 1.18082e-321 5.03118e-79 7.21693e-229 4.89571e-218 6.75636e-79 7.7872e-286 2.24621e-135 8.68287e-240 2.55432e-321 1.52765e-114 2.84013e-174 5.03947e-322 4.31857e-157 5.35925e-177 6.91376e-227 1.57875e-110 1.24172 5.2782e-276 6.47226e-322 1.18127e-106 7.73267e-242
2.2233e-322 5.8711e-203 2.38148e-244 2.2233e-322 2.56914e-322 3.16202e-322 2.809e-200 2.58482e-272 1.6778e-297 1.00164e-218 5.38532e-322 2.3529e-212 7.75995e-275 5.97819e-322 1.56678e-191 3.25437e-259 1.38338e-322 4.91554e-270 1.55639e-154 2.97031e-240 1.77436e-174 1.1557e-195 3.06321e-322 1.63042e-322 6.85976e-150 2.17389e-322
1.42785e-321 2.55223e-68 5.15575e-153 9.68369e-322 1.20058e-321 1.63536e-321 2.81672e-62 1.318e-154 1.62682e-291 1.18809e-72 2.60373e-321 1.16005e-244 7.27479e-132 3.09285e-321 5.03571e-66 1.73068e-183 6.86751e-322 3.43939e-121 8.83672e-165 2.09037e-70 9.98733e-15 0.885183 1.47726e-321 1.02766e-321 3.27507e-95 2.43767e-232
1.00789e-321 5.45573e-196 1.68523e-178 3.69902e-244 8.03895e-156 1.47726e-321 5.17033e-219 1.29433e-250 3.89894e-128 0.989135 5.28099e-222 1.34276e-109 8.29975e-131 2.80629e-321 2.13803e-199 2.15797e-110 1.83649e-261 1.32905e-238 4.90837e-81 2.89536e-211 2.42513e-138 1.12002e-203 7.5551e-277 8.94259e-322 1.20081e-165 8.36025e-295
1.67982e-321 0.757401 2.22109e-119 5.9885e-164 3.34793e-117 2.90511e-321 2.82937e-102 5.34726e-128 6.10028e-208 4.19468e-94 1.00761e-191 1.65149e-150 2.17457e-218 4.31319e-321 0.125659 0.304138 3.67266e-280 1.41284e-195 5.685e-98 8.94266e-179 4.13475e-137 0.202318 3.70632e-155 1.25987e-321 1.62579e-155 4.62843e-210
1.62548e-321 1.80581e-144 1.37298e-81 2.62376e-149 1.88239e-321 2.70254e-321 2.38339e-140 1.3427e-06 1.1103e-219 4.30051e-134 3.55727e-321 4.34258e-152 4.00504e-227 5.39026e-321 1.94362e-177 9.34225e-40 2.37878e-202 7.72341e-74 1.32053e-55 5.98944e-210 3.24232e-54 1.23176e-151 1.8923e-279 1.77864e-321 0.642427 2.63902e-78
2.17389e-321 4.60506e-09 0.0526871 1.80334e-321 6.25885e-75 2.30235e-321 7.67723e-30 7.38772e-115 4.01301e-204 5.30264e-151 1.90292e-185 0.399261 0.442883 5.47425e-321 4.40053e-135 1.29294e-172 4.16881e-299 1.98757e-141 1.23397e-69 1.88011e-158 3.40095e-58 2.76057e-127 5.50853e-170 1.10177e-321 3.7549e-11 9.92643e-87
1.77864e-321 1.01025e-06 3.9222e-90 3.56223e-278 1.91697e-321 3.00886e-321 1.46309e-51 0.399383 6.2831e-194 0.0370958 1.11664e-300 3.95562e-219 3.09749e-253 7.60367e-321 2.10759e-195 5.68059e-167 9.73309e-322 0.462853 2.01895e-97 3.70239e-135 1.63191e-118 0.663841 3.66182e-23 1.47726e-321 1.11563e-18 5.55841e-188
