9.51759e-12 4.79216e-34 4.35186e-50 2.89134e-89 2.33433e-173 2.7965e-128 5.98328e-77 6.41828e-53 1.26552e-124 7.91283e-116 1.05008e-55 1.76757e-69 2.69819e-137 5.91099e-119 2.64071e-43 5.16256e-117 1.33764e-113 7.93718e-61 0.105326 3.27492e-131 2.1247e-172 3.6206e-60 1.06647e-81 4.8324e-71 9.9067e-60 1.27035e-103
1.06102e-70 3.78801e-92 1.2048e-16 1.83236e-49 1.94249e-72 3.52354e-69 0.681202 3.83124e-119 1.31587e-15 6.39399e-187 9.28233e-55 0.00197366 6.36696e-65 2.94112e-97 5.60925e-73 3.71906e-109 6.67192e-64 7.41059e-96 0.289511 1.1574e-80 2.12756e-169 3.91994e-82 1.87696e-158 0.00300399 0.127605 2.38032e-82
0.330341 3.93233e-94 7.22161e-58 2.04544e-114 1.721e-57 1.13145e-76 1.57422e-79 3.66034e-135 1.09788e-61 9.61731e-146 3.89958e-138 1.85284e-80 4.58132e-125 1.02032e-104 7.61701e-50 1.63627e-118 1.21621e-63 3.39391e-39 9.76442e-77 2.121e-49 1.42624e-122 1.69507e-65 5.59337e-54 2.94868e-51 1.31453e-97 9.42123e-35
0.0905956 8.95742e-34 2.22542e-86 8.39733e-104 6.88732e-126 5.20329e-114 1.666e-19 9.77288e-125 3.51265e-69 5.28421e-72 6.01795e-53 0.248021 2.32792e-111 2.33797e-134 7.79946e-30 3.02074e-109 2.50633e-136 3.90765e-56 6.81138e-45 9.90042e-103 4.63041e-147 2.0214e-70 9.30126e-173 7.98528e-71 2.53892e-08 7.55347e-98
3.38765e-104 2.40431e-66 3.93216e-58 2.22839e-69 1.32006e-114 1.86482e-87 4.43817e-16 0.0342198 2.05236e-119 1.05458e-166 1.20663e-78 3.46719e-22 9.16442e-143 5.57725e-25 8.08056e-12 1.20238e-196 0.150421 9.16948e-38 3.89917e-55 0.0524515 3.17202e-119 3.2194e-31 1.3727e-133 6.23e-37 1.8491e-57 9.02273e-46
2.71139e-13 5.38324e-148 3.95519e-79 0.0848709 9.92192e-65 6.77632e-99 6.73289e-67 0.356744 1.92182e-17 2.45799e-172 6.32379e-152 8.49574e-31 2.5845e-79 5.21927e-147 1.72812e-54 6.95367e-202 4.51759e-49 4.17029e-121 9.02544e-61 2.40025e-73 3.15848e-133 4.23613e-109 6.53265e-80 3.37358e-83 1.4762e-78 9.02552e-93
2.47179e-32 2.9533e-126 4.0533e-92 3.338e-15 1.90408e-83 1.22436e-124 0.01398 2.47977e-76 1.81785e-132 1.11643e-166 5.71618e-99 8.54808e-86 3.30682e-135 1.814e-154 3.60136e-79 2.50705e-109 1.71105e-41 2.08954e-51 4.94602e-18 4.27445e-113 4.55428e-179 1.85208e-56 2.8138e-173 0.334801 1.97468e-31 1.23124e-57
2.58215e-58 1.24393e-129 7.57388e-86 1.69312e-113 2.09963e-74 1.50055e-143 3.74017e-68 1.92304e-06 9.02397e-127 3.27141e-53 3.85306e-107 0.0565661 1.54062e-66 4.89845e-52 1.47675e-65 1.3097e-66 2.52863e-88 3.03692e-73 6.99113e-39 5.76831e-95 3.6468e-135 3.65474e-65 6.1151e-149 4.35092e-53 6.21044e-08 0.32042
3.8264e-35 1.32648e-96 1.69397e-21 1.08173e-37 4.8498e-148 9.95852e-44 5.97556e-60 7.38318e-80 7.37051e-129 3.10293e-06 2.53574e-29 0.0992823 1.16898e-81 2.74818e-108 2.84791e-15 0.17638 2.67519e-135 3.50222e-56 2.58933e-39 1.006e-52 2.84691e-118 1.83578e-74 4.89536e-13 8.66515e-10 4.50214e-48 2.31617e-15
3.24741e-54 8.94969e-115 6.08181e-25 2.24722e-62 6.13981e-139 2.68646e-139 8.20019e-88 2.93729e-141 1.29859e-27 1.77848e-160 2.58253e-102 0.0571753 4.23074e-146 4.86936e-103 5.59355e-67 1.54543e-198 1.07598e-106 7.91781e-52 1.75807e-95 1.77225e-52 6.27829e-145 1.19949e-109 8.75167e-67 1.68852e-07 1.70625e-30 1.67158e-19
2.87803e-05 1.64126e-137 5.63291e-41 3.31018e-108 2.5818e-169 5.72438e-129 0.0513681 1.34554e-33 0.116341 9.51779e-129 1.04661e-115 6.97367e-83 6.34852e-109 4.02756e-67 0.0837997 2.48166e-143 1.2397e-120 1.23869e-108 1.56794e-20 7.71855e-55 1.01475e-179 1.33368e-105 6.33913e-73 8.07362e-09 3.61211e-74 2.22549e-05
3.67773e-16 1.1483e-78 4.95394e-79 8.19596e-61 1.16118e-159 3.86171e-140 2.07403e-21 5.3672e-140 2.30981e-72 2.61189e-119 3.13204e-75 5.6668e-45 1.47842e-76 2.91278e-68 0.0502131 1.73643e-106 1.5179e-55 3.66543e-81 1.28572e-76 2.62806e-64 1.24642e-204 2.7772e-42 1.63591e-97 1.70557e-70 8.06842e-25 3.25434e-72
5.23914e-33 0.495879 0.112972 6.54142 0.171697 5.82951e-12 0.504974 2.19713e-104 8.75546e-105 0.160294 6.18917e-43 1.308e-07 0.51269 1.63918e-166 7.44838e-61 3.3578e-95 2.87093e-62 2.38796e-43 2.81805e-21 1.88464e-87 0.777342 0.16877 5.14537e-14 2.67735e-65 2.05981e-60 0.000105857
2.54302e-98 1.99052e-14 6.94178e-32 0.856621 4.75507e-39 0.110077 4.96635e-07 8.13338e-56 0.878229 8.10363e-98 0.486552 9.40354e-64 1.18128e-131 10.6146 4.30661e-38 9.99763e-181 1.27017e-126 0.102198 1.30668e-68 0.00812203 1.21113e-138 6.966e-108 0.82252 8.97466e-11 2.15053e-108 0.365099
1.04046e-57 1.0803e-120 6.47972e-38 1.46766e-101 4.51249e-78 2.82824e-90 1.73846e-72 2.90076e-21 2.19013e-93 9.30648e-184 3.73394e-55 4.95371e-90 3.79885e-111 8.34365e-120 6.66891e-68 5.46328e-110 8.22617e-136 2.76988e-65 2.31287e-30 4.02994e-106 2.14831e-100 1.69717e-39 1.83582e-70 0.51875 1.07979e-43 1.0482e-48
