5.68053e-179 1.11658e-112 3.15786e-24 3.16008e-114 4.25294e-41 1.07475e-28 1.57369e-106 6.10644e-50 1.16368e-151 8.62655e-180 1.47344e-206 3.01865e-173 1.0044 1.4897e-60 1.52148e-167 1.1274e-93 2.77936e-46 1.24875e-86 1.68349e-103 1.12616e-129 1.87054e-94 2.5145e-199 7.87519e-94 2.93436e-67 2.4531e-66 6.10919e-21
3.49228e-153 1.30093e-169 5.57883e-65 1.76478e-150 2.93793e-107 7.13812e-89 1.69865e-106 4.66025e-147 5.54477e-112 1.69657e-125 8.14729e-228 1.35876e-114 0.179984 2.66748e-65 1.88284e-169 5.27788e-97 1.63882e-155 9.90465e-83 1.34337e-137 6.11258e-118 4.50578e-103 8.32444e-155 1.13251e-89 8.78174e-168 9.87748e-134 4.70782e-50
1.36065e-142 6.83082e-88 2.29406e-56 7.75841e-147 3.33904e-68 2.67246e-36 1.99495e-55 4.3759e-194 5.18228e-175 2.46751e-197 2.47931e-149 2.35741e-158 0.0415999 3.42877e-18 4.6018e-168 2.9135e-90 2.54958e-140 1.35727e-35 1.66433e-176 1.18059e-81 7.67727e-19 2.02885e-130 2.48932e-81 1.51969e-67 3.51779e-159 1.97921e-66
1.38521e-136 2.9845e-123 1.05579e-57 4.15426e-111 1.00915e-117 2.52123e-22 1.20751e-89 3.78794e-115 1.33792e-173 2.24842e-107 9.7904e-221 3.86596e-48 1.91329e-57 0.201427 2.28821e-107 1.15205e-82 4.23415e-99 1.06135e-55 7.31098e-137 5.45572e-41 1.95739e-10 3.94923e-126 1.27934e-113 7.29114e-86 6.87563e-117 1.92552e-22
1.41522e-196 4.39798e-129 5.56281e-60 3.95957e-143 1.37735e-75 1.75052e-119 2.73983e-116 1.0875e-130 2.30449e-171 3.98686e-153 3.57664e-244 3.08053e-153 4.21326e-27 2.94234e-85 3.42521e-140 6.8488e-112 1.40572e-116 1.71286e-44 1.01126e-142 2.89839e-116 1.4754e-64 1.90343e-165 3.70698e-112 3.10491e-87 3.77501e-138 0.0483512
3.87742e-151 1.6918e-113 2.5472e-73 1.71234e-61 1.03154e-117 0.15734 4.43027e-80 0.0777371 1.43005e-61 5.26249e-118 8.03425e-101 1.08754e-47 1.34552e-66 3.69859e-88 2.95936e-90 2.7677e-19 0.0824297 5.95215e-67 1.26024e-173 9.82271e-173 1.9898e-35 2.88768e-157 2.88019e-105 0.0454116 1.49187e-64 2.84202e-84
8.69943e-110 9.81117e-141 1.88765e-27 2.696e-115 1.82382e-93 3.55464e-81 1.00599e-92 5.51697e-183 5.10196e-63 6.22367e-103 1.00692e-177 1.8227e-82 7.00885e-05 3.99021e-38 4.84961e-157 7.37825e-60 9.96694e-108 9.7476e-86 8.85363e-106 4.74107e-144 2.06811e-06 9.03791e-125 5.93356e-116 3.24216e-137 2.32546e-173 0.0341797
3.94165e-155 1.10283e-132 1.84683e-36 5.36514e-169 7.03632e-77 6.74977e-105 9.35063e-161 4.24829e-192 1.79705e-109 8.85612e-113 2.07116e-213 3.30489e-122 1.63603e-77 3.74987e-40 1.94568e-164 7.79763e-79 1.21234e-158 8.22695e-46 2.83643e-165 1.25602e-144 5.33626e-37 1.29014e-159 2.61611e-106 1.68114e-135 7.37004e-98 0.0245471
7.80843e-168 1.41305e-101 1.85845e-72 3.73542e-109 8.66777e-117 9.33349e-93 5.13898e-68 6.34706e-37 2.10975e-77 1.18427e-194 4.13343e-175 8.77338e-96 0.0357285 5.1963e-81 8.05833e-103 5.58307e-15 6.48973e-137 1.60814e-82 1.80639e-160 1.06806e-77 3.84979e-88 1.89322e-110 8.19024e-48 3.91738e-175 2.59742e-154 9.2473e-64
0.427761 0.185615 0.0221987 0.82221 4.96579e-85 1.81207e-34 3.50791e-150 2.41433e-143 0.389223 0.126516 0.268275 0.864482 3.66876e-70 2.33575e-88 0.2631 2.92949e-80 6.21183e-127 3.44224e-40 0.325964 3.06892e-08 4.28711e-08 0.251248 0.57335 7.40607e-46 0.125771 1.90684e-60
8.29306e-114 2.28794e-66 3.24343e-75 8.94836e-169 0.146814 9.83717e-33 4.10924e-111 1.88568e-194 1.01073e-21 1.80258e-38 5.21382e-158 1.84782e-108 0.18145 1.20726e-86 2.80783e-141 5.82423e-86 9.74061e-13 2.51062e-65 2.79598e-39 0.0881071 4.72438e-66 2.47049e-176 2.95426e-113 1.97574e-134 5.29441e-42 1.12391e-29
2.11959e-164 2.60417e-110 0.0474087 3.42858e-122 3.87744e-34 1.38599e-102 6.79775e-137 6.05677e-193 1.09456e-140 6.27269e-104 3.49024e-230 5.11799e-132 0.566936 1.26131e-84 2.90789e-168 2.55095e-76 2.81681e-127 8.28698e-48 2.73627e-137 1.75995e-121 3.62089e-15 4.13566e-184 2.48035e-71 8.78611e-66 7.21209e-193 2.19445e-69
3.5017e-146 2.7463e-82 0.17859 1.90004e-165 2.0612e-67 6.52553e-51 1.95856e-47 1.05698e-82 4.24158e-180 3.03035e-127 1.6106e-222 4.78649e-196 0.0119393 0.520265 5.68948e-103 1.14617e-30 4.79626e-47 7.83643e-94 2.36789e-173 1.71768e-141 0.100046 3.86411e-105 2.56725e-79 2.18158e-172 2.34377e-183 2.55664e-27
2.69866e-73 4.23056e-97 7.88767e-81 2.17812e-116 2.15669e-84 1.13898e-42 1.24347 3.26859e-187 1.824e-115 8.21655e-40 1.39113e-208 7.90713e-57 1.8781e-24 0.557172 1.2184e-91 0.0655933 0.0759326 5.01755e-43 1.28635e-65 1.97596e-33 0.0103425 1.12113e-98 1.67838e-81 4.37198e-44 7.99892e-26 2.39487e-83
2.24746e-132 1.28216e-51 3.46828e-51 4.92291e-143 4.73904e-17 4.19898e-19 1.47684e-52 5.85412e-91 7.06391e-137 1.33517e-76 4.00107e-138 4.74869e-95 7.22182e-89 1.98382e-70 1.18635e-134 4.42228e-48 1.19369e-122 0.148199 1.64889e-47 1.18358e-167 1.0116e-102 3.46836e-135 2.96171e-108 3.0894e-40 1.42038e-47 0.211424
