4.96967 0.339577
2.25431e-09 0.0278289 4.74609e-10 4.05134e-322 4.11779e-102 3.45846e-322 1.28951e-321 2.42092e-322 3.91216e-254 1.0573e-321 6.78352e-321 4.69362e-322 3.16202e-322 4.59481e-322 7.01573e-322 1.26481e-321 1.38338e-321 3.40905e-322 4.19697e-157 1.46737e-321 3.21143e-322 5.08888e-322
1.1768e-26 1.03403e-48 7.24171e-42 4.39718e-322 3.4658e-65 3.35965e-322 1.51184e-321 2.61855e-322 4.20423e-301 1.09683e-321 6.78352e-321 4.69362e-322 3.16202e-322 4.34778e-322 6.71929e-322 1.30927e-321 1.30433e-321 4.00193e-322 3.08241e-141 1.44267e-321 3.31024e-322 2.817e-316
5.92879e-323 9.68369e-322 6.04242e-321 2.59683 8.16343e-16 3.47305 5.82661 1.94034 0.00952816 10.5646 67.6966 2.84141 3.16489 3.40028 4.05177 13.5459 4.50023 1.52763 1.22122 7.19587 1.56587 1.47771e-313
4.26731e-59 3.34841e-42 5.16273e-99 6.17582e-322 0.689785 5.03947e-322 2.57408e-321 3.60668e-322 1.70376e-253 1.67982e-321 1.0993e-320 7.16395e-322 4.69362e-322 6.22523e-322 1.06224e-321 1.8231e-321 2.03555e-321 6.07701e-322 1.56812e-102 2.0899e-321 5.18769e-322 6.58803e-201
1.23405e-103 4.99815e-63 3.17746e-77 5.03947e-322 0.144993 4.10074e-322 1.87251e-321 2.81617e-322 2.95123e-256 1.20552e-321 8.41888e-321 6.27463e-322 4.05134e-322 5.63235e-322 8.2509e-322 1.54643e-321 1.665e-321 4.15015e-322 3.0874e-124 1.78852e-321 3.7549e-322 5.43472e-322
4.81215e-83 3.66174e-123 4.16359e-38 1.93674e-321 3.21794e-110 1.62054e-321 1.78141e-212 9.93072e-322 6.18677e-88 4.19462e-321 3.99897e-320 2.72724e-321 1.89227e-321 2.19859e-321 3.44364e-321 5.2865e-321 6.19514e-41 1.31916e-321 2.17642e-33 2.30516e-311 1.71441e-321 0.103879
3.95145e-25 1.7542e-116 1.79014e-75 7.01573e-322 0.159272 6.96633e-322 2.77665e-321 4.74303e-322 6.54901e-297 2.1146e-321 1.19267e-320 8.15208e-322 5.68175e-322 9.38725e-322 1.25987e-321 2.43574e-321 6.59325e-310 7.60861e-322 6.32602e-190 2.55926e-321 5.53354e-322 4.42175e-290
7.69748e-162 4.04803e-107 2.96915e-102 1.0326e-321 0.0749367 7.65802e-322 3.84383e-321 6.37345e-322 2.77698e-262 2.18871e-321 1.5904e-320 9.33784e-322 7.11455e-322 9.0414e-322 1.4822e-321 2.66795e-321 3.23119e-321 1.2154e-321 1.52028e-142 3.20649e-321 6.27463e-322 1.17868e-161
9.45339e-277 8.29816e-160 7.35543e-170 2.05531e-321 0.0144916 1.29445e-321 5.78328e-147 1.01283e-321 0.232774 5.14816e-321 3.03999e-320 2.67784e-321 1.79346e-321 2.12448e-321 3.3053e-321 4.77267e-321 3.73305e-266 1.66994e-321 4.82132e-14 5.51871e-321 1.91697e-321 2.05976e-148
2.66343e-85 3.23054e-101 0.311637 4.84184e-322 0.210935 4.29837e-322 1.55137e-321 3.16202e-322 7.50162e-271 1.31421e-321 8.65109e-321 5.78057e-322 4.05134e-322 5.97819e-322 9.23903e-322 1.68476e-321 1.83298e-321 5.63235e-322 1.2309e-198 2.23812e-321 4.5454e-322 6.78632e-311
2.26488e-205 3.67349e-51 1.08591e-107 1.0573e-321 0.716489 8.49793e-322 4.40707e-321 5.82997e-322 1.60091e-258 2.5889e-321 1.61362e-320 1.13635e-321 9.63428e-322 1.14129e-321 1.94662e-321 3.83889e-321 4.25885e-321 8.9621e-301 2.07448e-27 4.47623e-321 9.14021e-322 0.175639
1.03365e-60 3.91142e-98 1.13553e-78 1.09683e-321 4.0903e-120 8.3003e-322 3.32012e-321 6.22523e-322 7.20533e-250 2.62843e-321 1.707e-320 1.18576e-321 8.20149e-322 1.20058e-321 1.62548e-321 2.8557e-321 4.2292e-321 4.46154e-316 0.393362 4.19956e-321 8.05327e-322 1.95056e-140
