2.03555e-321 3.60668e-322 2.14839e-135 2.12448e-321 7.36681e-243 6.71929e-322 9.88131e-322 1.49702e-321 1.3735e-321 1.47726e-321 1.97626e-321 1.34503e-90 2.01606e-208 2.4229e-320 1.56125e-321 1.11666e-211 0.0798734 1.01778e-321 1.55137e-321 6.04901e-35 1.47232e-321 0.0312553 2.40153e-120 1.0016e-256 1.74084e-96 2.54938e-321 2.35389e-236
3.3197e-70 5.66065e-18 5.47666e-49 0.146675 3.49798e-321 1.97626e-322 2.66795e-322 3.85371e-322 3.35965e-322 3.55727e-322 3.50787e-322 5.79364e-134 6.09001e-178 6.66e-321 4.39718e-322 3.2327e-188 3.50881e-292 2.2233e-322 3.50787e-322 1.58608e-255 2.47033e-322 1.35656e-319 1.44039e-183 4.89125e-322 1.89438e-195 6.57107e-322 4.84184e-322
0.0195257 0.00389891 0.0241765 2.72743e-11 5.2865e-322 3.45846e-323 4.44659e-323 6.91692e-323 4.94066e-323 5.92879e-323 5.92879e-323 4.10566e-171 1.13747e-214 9.93072e-322 5.92879e-323 4.72436e-258 2.66795e-322 3.45846e-323 5.92879e-323 7.66049e-316 3.45846e-323 1.38338e-322 2.03489e-245 6.91692e-323 3.34057e-269 1.03754e-322 6.91692e-323
0.0195779 6.01841e-56 1.37802e-223 1.07685e-133 4.25248e-241 7.70742e-322 9.14021e-322 1.59089e-321 1.20552e-321 1.78358e-321 1.43773e-321 8.82272e-70 1.07083e-175 3.31567e-320 1.6403e-321 1.76624e-189 1.45789e-129 8.59674e-322 1.46243e-321 8.35202e-217 1.11659e-321 0.616323 1.99267e-247 1.67488e-321 1.58918e-258 2.84088e-321 1.7984e-321
5.21896e-42 8.99199e-322 5.41496e-321 2.43574e-321 15.1973 2.69288 2.90232 7.19979 5.31916 3.21296 2.71183 2.00764 3.98039e-218 44.937 6.34216 8.44552e-257 5.14854e-256 1.91753 2.58906 3.11387e-69 2.31307 1.01298e-161 9.96549e-28 2.50434 1.4842 6.52599 1.88221
3.05728e-288 1.55859e-143 3.24949e-112 2.18356e-238 4.97941e-269 7.46039e-322 1.13635e-321 1.36362e-321 1.40809e-321 1.49702e-321 1.3241e-321 1.77763e-90 2.86268e-122 2.98959e-320 1.41797e-321 7.96584e-207 8.97045e-218 9.48606e-322 1.26481e-321 0.231384 8.69556e-322 1.50757e-251 2.88293e-203 2.18871e-321 1.79782e-88 2.49009e-321 1.67982e-321
1.20256e-63 3.62313e-48 8.24534e-197 2.14131e-98 1.04001e-320 4.84184e-322 7.21336e-322 9.09081e-322 8.05327e-322 9.93072e-322 1.09683e-321 9.61306e-94 0.163978 1.60127e-320 9.98013e-322 3.85341e-256 3.80431e-321 4.94066e-322 8.10268e-322 3.70398e-112 6.91692e-322 2.73647e-254 2.86691e-115 1.72072e-305 7.61653e-107 1.56619e-321 9.93072e-322
1.88239e-321 9.27285e-54 1.62485e-52 7.62096e-228 9.14324e-226 6.52167e-322 1.05236e-321 1.36362e-321 1.15611e-321 1.78358e-321 1.31916e-321 0.598356 5.61209e-48 2.4229e-320 1.62054e-321 7.31979e-76 2.01203e-225 8.10268e-322 1.18576e-321 2.58599e-119 9.53547e-322 2.95451e-321 2.29215e-219 2.50491e-321 3.53076e-35 2.52962e-321 2.85435e-298
1.29471e-131 7.9524e-216 5.57063e-46 2.24306e-321 1.2956e-299 8.84378e-322 1.30927e-321 1.40809e-321 1.27469e-321 1.42785e-321 1.665e-321 5.19453e-123 1.04186e-13 3.74057e-320 1.92192e-321 0.241578 0.834546 8.94259e-322 1.2154e-321 3.93708e-109 9.7825e-322 2.83527e-224 0.319452 2.7223e-321 1.57562e-204 2.59384e-321 1.62054e-321
2.37646e-321 5.28571e-135 1.0807e-260 1.06521e-27 2.91055e-261 9.7825e-322 1.51184e-321 1.63536e-321 1.28951e-321 2.35175e-321 1.6403e-321 4.03142e-89 0.117515 2.46539e-320 1.81816e-321 3.5857e-106 0.405264 1.07706e-321 1.3488e-321 4.02177e-117 1.29939e-321 1.4e-84 1.30367e-76 2.03884e-291 5.49601e-90 3.23119e-321 1.80828e-321
