9.75705e-57 3.69884e-06 1.72019e-54 8.47632e-80 0.0406633 1.17351e-08 0.164933 1.28492e-65 1.01444e-22 1.19416e-69 3.8305e-18 4.99759e-83 0.0826448 1.18376e-53 1.81828e-42 4.34998e-76 8.47883e-53 2.01021e-38 2.85767e-18 1.15811e-87 3.61079e-70 4.48139e-35 1.84179e-19 1.83348e-14 2.11379e-94 2.76322e-20 9.7963e-55
1.51924e-35 1.84896e-12 2.51188e-44 3.74708e-49 4.24754e-10 1.99223e-72 1.89047e-19 5.76142e-65 5.54933e-60 6.5908e-33 2.30601e-89 1.8747e-95 2.65042e-05 6.54825e-33 1.3756e-47 1.60163e-77 0.203189 7.58196e-31 2.45191e-22 1.40498e-110 1.43425e-34 6.14933e-14 1.85274e-10 1.00963e-95 7.11735e-62 4.90141e-45 7.73438e-14
3.98952e-24 2.21099e-27 1.11949e-56 8.41396e-42 1.08518e-27 0.0945903 1.07487e-91 6.32221e-29 1.93021e-66 4.37066e-07 4.44798e-46 1.04653e-11 4.33259e-43 5.36424e-40 0.0373753 5.87512e-32 1.80712e-83 1.62168e-84 0.122032 1.36621e-05 0.000428891 0.0108439 6.47388e-16 7.3971e-88 8.67785e-98 2.37753e-11 4.39467e-32
1.00979e-28 1.94516e-29 0.141947 0.0864141 1.0055e-26 1.26417e-57 7.47852e-48 1.92704e-09 2.0844e-60 2.42921e-08 2.96413e-86 0.115702 4.84099e-06 2.51198e-50 2.76638e-65 4.81731e-62 1.95325e-73 8.45305e-90 1.51761e-49 2.44402e-27 6.31525e-11 0.0964419 3.75842e-24 0.181675 0.0262242 0.0863918 2.10111e-60
4.70895e-49 2.71816e-11 3.88057e-50 1.67902e-103 0.208449 1.05402e-62 1.92789e-80 7.08274e-69 2.20468e-46 1.0892e-33 1.41831e-54 1.17935e-80 7.44098e-30 6.83463e-36 1.13232e-59 1.31109e-86 1.30258e-39 9.14124e-56 1.44244e-60 1.69507e-118 1.07639e-55 4.86597e-28 1.42893e-41 4.11678e-94 2.77312e-94 5.14093e-56 4.97887e-55
1.63416e-57 4.00492e-30 2.42421e-92 1.17562e-59 0.0113692 1.17164e-36 2.49183e-91 8.81727e-81 2.03011e-28 5.26822e-54 4.95041e-70 2.57391e-90 3.56025e-31 1.69988e-39 1.54995e-68 3.0912e-23 1.40258e-49 1.55732e-71 8.65613e-26 2.49427e-77 3.46863e-52 9.92701e-27 1.07771e-05 3.49466e-80 3.97773e-91 0.00378325 1.02909e-36
1.45097e-61 6.18085e-33 1.23102e-79 2.14475e-93 3.45114e-15 3.47769e-41 3.09725e-79 3.4364e-49 7.32272e-28 3.82603e-27 2.0485e-83 2.91643e-106 1.13053e-44 0.0061806 3.2505e-31 8.43517e-05 1.4213e-41 4.65344e-46 0.00417446 9.35323e-53 1.35118e-65 5.56184e-19 8.25235e-09 2.61176e-107 1.33432e-101 6.1685e-16 1.32131e-42
2.68051e-25 3.63577e-40 1.30112e-78 8.97195e-100 5.0589e-06 1.71187e-10 0.0747456 2.08892e-37 5.20307e-33 2.85044e-28 0.0540457 4.55435e-59 2.521e-39 4.98749e-63 5.60564e-64 0.0540406 0.109246 2.03243e-19 4.7174e-52 4.98609e-88 5.49326e-70 1.22629e-35 1.95286e-41 1.24969e-36 5.18072e-89 9.41049e-26 0.0512654
7.97712e-36 0.00296041 1.0422e-36 2.87948e-44 4.79176e-12 1.80772e-67 2.11185e-70 1.0192e-65 2.84194e-59 6.97656e-57 4.69433e-05 4.47431e-81 6.08096e-36 2.26851e-43 1.54349e-118 9.40686e-61 3.24423e-112 2.14451e-06 2.39743e-51 2.0748e-92 2.58347e-48 9.97815e-51 6.56209e-38 1.28572e-107 2.99383e-108 0.262622 2.3622e-50
2.94612e-35 6.37043e-43 3.06722e-62 3.22493e-95 5.42158e-16 3.86338e-50 1.49077e-65 5.2816e-53 2.85081e-18 1.39918e-05 4.29601e-73 1.60467e-33 9.75385e-31 0.0123874 2.91035e-99 2.43903e-27 3.98396e-74 1.16777e-74 1.60393e-52 1.34494e-43 3.97616e-35 2.93873e-34 2.18675e-39 1.07098e-69 1.07353e-67 4.34721e-08 4.04301e-32
4.58246e-64 2.02087e-32 1.80792e-58 2.32222e-39 0.0564198 9.81394e-56 1.00373e-91 9.11955e-71 7.04621e-44 0.137671 1.79743e-19 1.61959e-63 1.78573e-54 2.62671e-58 8.44691e-85 1.0218e-44 1.41469e-108 4.11614e-12 2.22285e-70 6.2508e-62 2.16984e-30 2.37512e-25 0.541928 1.25317e-108 7.52229e-108 0.000183538 6.77293e-59
1.91797e-60 2.18379e-21 1.21293e-92 1.54895e-120 0.0270481 2.93952e-42 8.73379e-73 1.22369e-58 5.27892e-37 1.27022e-44 2.40267e-91 5.50125e-75 5.99493e-69 3.56639e-42 2.48267e-84 1.2275e-59 7.59471e-103 1.37148e-84 8.70328e-32 3.61945e-88 6.80681e-59 2.13382e-44 1.15128e-25 1.42157e-130 1.5589e-72 4.92646e-58 2.06795e-42
1.92735e-58 7.52047e-15 4.21844e-95 5.35885e-76 8.8164e-26 5.9528e-54 1.13046e-84 5.43309e-68 5.41472e-24 1.07169e-21 7.53377e-32 1.82999e-75 5.80777e-30 3.63743e-16 2.17509e-87 3.12406e-61 2.46107e-111 8.03729e-58 1.68577e-61 2.53054e-61 1.05082e-37 1.46515e-23 1.95568e-36 4.23945e-93 2.81227e-93 0.508088 2.96961e-40
1.15936e-63 0.0233454 2.35391e-82 2.86435e-121 0.0575198 3.07312e-50 1.40117e-59 4.59169e-48 7.53582e-58 9.77203e-20 1.19338e-25 4.09771e-70 4.32039e-39 3.79195e-42 1.59651e-85 3.71987e-43 3.06552e-94 1.86059e-64 3.88331e-29 4.42691e-102 2.74348e-61 3.26554e-27 4.84021e-48 1.56093e-85 2.70166e-103 3.80316e-67 3.34574e-66
5.34446e-37 1.78846e-33 3.04259e-85 3.80551e-119 4.65325e-12 7.77249e-32 4.00483e-48 4.03375e-37 1.8951e-51 3.34315e-12 1.14849e-42 3.63357e-112 3.9676e-33 3.08752e-28 2.64334e-89 0.0244384 6.94847e-33 5.50546e-33 3.53471e-14 2.65541e-103 2.59652e-59 5.2861e-15 0.740312 1.56668e-67 5.13139e-115 5.16956e-19 4.23025e-40
1.04837e-54 5.92256e-46 1.38076e-49 4.38653e-75 3.31376e-24 1.6498e-51 1.26675e-37 8.05947e-77 1.97283e-42 1.24966e-27 1.00931e-31 1.81844e-102 8.03872e-69 8.51165e-41 2.34333e-108 2.59544e-33 3.91799e-71 6.41182e-35 8.66733e-21 1.17622e-75 8.1657e-58 3.77402e-44 2.58093e-38 2.84977e-75 4.32588e-117 0.62243 8.72316e-58
0.0569343 0.000144217 1.49353e-48 6.13755e-119 2.17842e-30 1.82587e-48 2.96108e-79 0.227059 1.13101 7.54384e-62 1.41679e-61 3.06355e-20 1.45286e-51 1.54743e-54 5.20688e-43 9.50284e-06 1.67536e-32 0.138744 4.65358e-56 0.12062 0.142397 2.41732e-20 0.0576045 1.3767e-110 7.99275e-67 5.81405e-37 1.16559e-59
4.21924e-58 2.62489e-05 2.20483e-33 1.46441e-76 1.09036e-13 4.89949e-53 1.24209e-11 5.89796e-80 0.0412508 3.11625e-39 4.77322e-49 4.8553e-77 2.4304e-54 7.42202e-32 2.44543e-47 0.315222 6.56326e-113 7.47219e-32 2.47218e-34 6.38543e-59 3.82582e-57 1.82903e-46 4.03665e-38 1.13201e-37 2.76237e-73 8.41746e-41 7.0158e-66
