0.119706 0.521904 2.8683e-66 2.54548e-244 2.20241e-138 9.17057e-208 1.93806e-93 4.79096e-173 2.37399e-89 2.73754e-150 3.25439e-41 2.31852e-38 7.44947e-260 4.93769e-265 1.35006e-90 0.119039 2.0717e-132 1.46084e-115 2.09885e-73 2.87877e-10 3.09936e-10 2.50556e-205 2.25166e-249 3.96774e-56 6.86693e-08 1.48399e-110 5.18402e-248
1.16091e-52 8.71883e-228 0.548351 1.10358e-60 1.04301e-246 15.1067 0.0168878 0.394452 2.83905e-205 8.58223e-168 1.00784e-256 5.50276e-81 1.22727e-228 1.25992e-46 0.279733 2.48385e-30 6.48325e-222 4.08108e-187 8.53412e-104 1.15429e-90 5.46911 3.02878e-140 1.46255e-12 8.37524e-58 0.743625 4.06102e-237 5.42259e-233
2.15685e-103 7.16635e-222 4.99814e-123 4.91292e-212 2.55886e-75 1.95458e-233 1.60395e-90 1.17603e-85 1.96496e-200 5.79039e-122 2.53468e-125 4.09764e-305 1.82671e-178 1.68402e-126 2.07091e-55 3.45488e-266 4.36706e-87 2.16126e-72 6.66684e-194 0.456974 8.48352e-268 6.02017e-98 1.84703e-136 1.29224e-91 1.1233e-264 1.20698e-235 8.34293e-261
1.8467e-98 9.51388e-121 1.45615e-111 8.05326e-39 1.83244e-190 8.10598e-223 1.99671e-71 2.06799e-215 2.72881e-78 4.75826e-143 1.1622e-170 3.90725e-295 1.74046e-285 6.90947e-234 1.70341e-116 2.07667e-160 1.65987e-61 3.74193e-126 1.76228e-240 4.10454e-106 0.435215 5.23597e-138 5.66058e-99 0.222257 5.97733e-88 1.92518e-264 8.81099e-207
8.80312e-60 2.20353e-321 8.50365e-135 1.32594e-105 5.98934e-111 5.42955e-61 5.36958e-112 1.98373e-14 1.05661e-38 3.61457e-47 8.23333e-113 4.59782e-197 1.32528e-30 6.01657e-159 4.62912e-220 9.18566e-71 0.00046545 0.250291 0.307278 4.2147e-30 6.57536e-17 1.3588e-71 2.65865e-101 2.43963e-44 5.77617e-07 2.635e-299 7.38432e-79
1.31575e-69 2.64559e-193 1.60378e-191 1.86051e-131 1.34829e-195 5.74273e-143 7.82209e-47 8.70593e-74 2.45573e-99 0.185968 2.90251e-123 7.34157e-74 5.54684e-76 4.99553e-62 6.79321e-182 2.68699e-195 2.90931e-37 2.37289e-183 3.0235e-162 4.80272e-20 9.7837e-91 3.46467e-121 1.78057e-64 1.22853e-122 2.52088e-226 1.082e-321 4.62284e-258
3.92641e-40 7.22884e-112 3.0791e-41 4.88345e-112 7.055e-32 4.68999e-114 4.48896e-98 6.40984e-200 2.41766e-207 0.763827 1.37217e-93 8.16865e-45 7.87523e-276 0.847818 2.65362e-176 2.12297e-169 6.28982e-91 1.49054e-156 4.51881e-84 6.52902e-35 2.6516e-211 3.46027e-264 6.7568e-242 9.94266e-91 2.52654e-112 9.98629e-244 8.11692e-211
1.84245e-107 2.33487e-108 2.30677e-90 7.55648e-202 3.81147e-107 1.89298e-136 1.2963e-34 7.82611e-37 1.15976e-15 8.86633e-106 7.97147e-183 1.73417e-321 1.09527e-151 1.50221e-113 1.36388e-192 2.09808e-273 5.45516e-68 6.9895e-163 0.352773 2.22535e-119 7.45053e-243 1.91992e-265 0.171379 2.76111e-76 7.29498e-135 7.1996e-218 1.22339e-249
3.1858e-80 3.63432e-282 1.61836e-52 5.19773e-246 1.74032e-181 1.47347e-234 1.51711e-185 1.78554e-84 1.6209e-182 1.38438e-125 2.0237e-152 6.21587e-134 2.29559e-117 5.10222e-174 2.57859e-236 5.19894e-107 0.275964 1.73707e-107 2.5388e-43 3.16932e-42 0.610479 1.13486e-153 2.14874e-263 2.37458e-74 2.20431e-268 1.24503e-191 1.31335e-57
1.89522e-35 8.34304e-79 1.80106e-54 8.80076e-160 1.79094e-131 8.58645e-183 4.77556e-77 4.27382e-80 1.29411e-65 1.48479e-88 2.67282e-23 1.9931e-175 2.44374e-230 4.00273e-113 1.90535e-121 8.00568e-236 1.15047e-54 0.00402631 0.696539 1.7285e-79 4.53752e-164 2.49272e-190 7.63727e-65 1.38678e-06 4.64968e-147 1.12153e-321 4.51142e-210
3.07963e-131 2.5983e-22 1.3379e-163 3.56637e-51 3.5287e-237 8.8623e-152 3.2664e-168 1.69426e-24 1.51132e-24 0.310569 1.63362e-30 1.55371e-144 3.35063e-25 1.0025e-09 6.65634e-21 1.2059e-229 3.34648e-184 8.87798e-49 5.60755e-168 1.57814e-172 8.59452e-223 1.03143e-136 0.0282852 1.5424e-33 2.91291e-256 1.14129e-321 3.40326e-90
0.180008 1.27263e-219 4.74739e-196 6.21592e-23 6.01121e-216 1.53108e-110 1.5293e-128 4.46443e-269 2.67625e-41 1.18632e-109 1.92805e-49 8.82693e-113 2.61292e-234 1.32105e-26 0.0295455 5.12465e-306 9.09919e-192 3.02122e-92 2.69301e-208 5.09957e-136 1.27492e-246 6.44234e-57 1.93703e-129 6.44784e-109 2.98394e-113 1.23643e-211 3.33947e-48
5.95716e-33 1.0122e-190 5.83976e-69 3.15967e-119 6.69862e-46 2.13623e-221 2.65181e-51 1.57577e-163 0.15126 1.06863e-171 2.33433e-207 1.41233e-297 3.19228e-33 6.2354e-58 2.50398e-178 1.47986e-70 0.0213142 9.07469e-40 5.91075e-07 0.0845768 2.51503e-194 2.42739e-184 9.63695e-109 9.67745e-15 1.38467e-188 9.95821e-313 1.67821e-80
9.47328e-103 5.93105e-291 2.86718e-25 0.152626 4.0601e-205 1.10335e-42 1.31473e-152 8.04851e-169 1.9141e-07 4.63241e-135 5.17178e-110 2.21469e-236 1.51414e-190 6.72822e-258 1.44429e-142 4.44255e-170 1.53323e-102 3.69471e-130 3.25884e-100 2.23708e-81 1.6756e-240 9.12206e-263 0.213708 7.63334e-63 4.09447e-201 4.95618e-143 2.39752e-203
8.55901e-21 1.56661e-262 1.93541e-97 7.70601e-134 4.37131e-137 1.35503e-165 0.204132 2.27009e-132 7.36052e-49 4.35743e-141 1.11447e-119 2.61087e-87 1.39525e-263 2.76183e-41 1.53021e-104 1.85262e-181 1.31046e-235 3.80983e-106 4.014e-228 1.03298e-174 1.00152e-194 1.48297e-246 2.57191e-63 6.70241e-198 1.12532e-166 9.18962e-322 7.17876e-273
2.60403 5.69571e-315 5.20783e-66 1.49869e-56 2.32394e-121 2.21475e-91 1.19137e-193 3.70705e-191 4.76785e-28 7.5023e-159 2.4568e-115 3.15385e-149 9.70408e-130 5.40491e-253 3.63679e-150 2.8451e-293 3.68095e-22 2.66408e-140 0.916584 2.03695e-177 3.2519e-52 2.77623e-95 2.79067e-30 1.08696e-145 1.40208e-148 9.0414e-322 1.45999e-176
1.8287e-99 2.57902e-321 7.44837e-150 6.82889e-179 0.313376 1.32836e-20 7.11184e-89 2.21042e-75 3.97469e-23 2.06495e-54 1.1968e-67 0.172519 0.298882 2.97892e-152 1.48219e-220 7.62342e-109 1.6752e-13 3.57532e-103 1.56756e-18 3.92408e-149 3.28457e-33 0.589758 2.6545e-44 1.1809e-181 2.07506e-262 0.288239 0.720318
2.67192e-45 1.11505e-251 7.79636e-168 1.18096e-122 2.31265e-161 3.67962e-176 1.43539e-100 5.89622e-248 0.215054 4.92465e-155 0.367622 2.2354e-34 3.26509e-199 0.286923 2.35071e-229 1.40008e-209 1.07255e-92 1.51025e-185 5.36781e-86 6.13266e-170 1.62108e-48 5.53689e-113 3.02399e-215 9.50151e-197 1.42266e-29 1.30433e-321 2.71656e-237
