1.24325e-231 9.7525e-118 2.66894e-320 3.37251e-213 2.00695e-131 9.0414e-322 3.55727e-322 4.19956e-322 7.26869e-320 5.0328e-305 2.63797e-221 1.17458e-278 1.47762e-138 2.54938e-321 3.2606e-264 6.24188e-139
0.177793 1.50188e-22 6.40062e-320 9.11889e-243 2.11259e-89 6.00159e-253 9.28843e-322 5.09277e-277 3.25131e-192 1.39901e-23 6.21613e-245 1.20829e-283 1.6181 6.48708e-321 1.64151e-177 2.50466e-94
3.01855e-204 1.28975e-106 1.90543e-255 1.97241e-99 5.01202e-176 1.96274e-243 3.92114e-299 7.5592e-322 1.5038e-164 2.44862e-255 1.00051e-262 1.97472e-284 0.35552 4.44165e-321 9.75275e-240 7.33696e-103
1.40496e-101 2.99868e-26 5.88284e-320 7.62094e-222 7.80641e-78 1.97132e-321 8.39912e-322 9.63428e-322 1.7152e-157 2.17883e-321 2.07861e-64 3.54875e-145 0.733059 6.79834e-321 1.09135e-157 0.283106
4.12932e-11 2.93238e-137 5.41486e-252 4.74515e-314 0.194232 3.68573e-321 9.82751e-256 0.33484 5.63876 0.75992 8.87175e-222 0.90752 7.14293e-05 1.08374e-310 5.01239e-181 0.000174579
6.99015e-186 2.2646e-106 1.23595e-303 5.21634e-144 3.3909e-139 1.91697e-321 6.0276e-322 9.54712e-243 7.99178e-270 6.70659e-85 3.32818e-137 1.61919e-180 0.343115 6.37345e-321 1.08581e-153 1.78828e-167
1.40052e-26 0.681046 26.3665 0.790016 4.06618e-68 0.892507 0.344077 6.78182e-304 65.7908 1.84048e-82 0.419137 3.04558e-273 1.16828e-81 3.73845 1.62843 2.4203e-145
7.22512e-295 1.25975e-136 1.28012e-320 2.00415e-314 4.24422e-175 4.24896e-322 1.58101e-322 2.17389e-322 3.8216e-320 7.88654e-289 1.27065e-233 8.67693e-282 8.90269e-248 1.19564e-321 5.32565e-291 6.8713e-155
4.32311e-247 4.26005e-78 6.07355e-320 2.96802e-129 1.26408e-53 4.14063e-221 6.31949e-316 9.83191e-322 1.06777e-245 5.03432e-237 2.11716e-77 1.26361e-286 1.80973e-130 5.82997e-321 1.204e-290 0.0826327
1.4508e-215 0.341591 5.61593e-310 4.22e-142 6.47666e-13 5.0688e-232 1.90731e-113 1.95082e-274 2.00823e-319 3.70165e-31 2.78662e-135 5.96456e-228 4.11221e-96 7.10466e-321 1.96058e-188 1.32207e-06
1.55285e-112 1.71924e-116 6.89073e-320 9.99494e-312 6.36867e-149 1.12484e-117 2.20163e-99 1.24999e-321 2.13213e-89 1.90974e-87 0.13729 9.57125e-85 1.52842e-44 6.75882e-321 3.61748e-292 3.3533e-78
6.25391e-199 0.587221 4.31568e-316 7.43413e-234 4.50738e-85 5.60608e-220 3.98341e-201 1.11003e-176 9.74471e-151 7.0172e-218 6.29926e-128 2.5306e-271 2.42007e-143 7.14419e-321 9.88531e-135 3.98654e-29
4.07013e-169 0.00300886 8.06216e-320 1.02892e-288 3.40441e-48 2.49997e-321 1.28925e-176 2.76762e-166 1.38606e-194 1.70824e-38 3.6989e-155 3.61945e-194 0.296219 7.06514e-321 6.46883e-224 6.10906e-167
