5.65968 0.0560927
4.14335e-90 9.59894e-38 7.13277e-56 5.44758e-39 9.63685e-47 2.19497e-49 5.55802e-51 0.460025 3.91235e-87 4.19193e-45 5.86205e-54 1.3934e-42 3.87888e-71 8.38109e-38 8.00282e-40 1.77956e-51
0.106021 3.46114e-27 2.29327e-24 0.0589872 2.73598e-41 0.000194263 7.42686e-19 6.56671e-17 7.17164e-22 0.190896 0.403253 0.160244 1.84147e-69 2.93074e-26 0.0846762 1.85873e-36
5.12945e-107 1.473e-23 4.78752e-28 7.33544e-15 1.48795e-05 3.70447e-27 4.45838e-43 0.000173789 2.51175e-42 7.3798e-22 2.17716e-14 9.10401e-35 6.5854e-39 0.0718043 1.20965e-38 1.43077e-18
3.89943e-71 1.19328e-31 1.59661e-58 2.00009e-46 6.88028e-16 8.18271e-24 1.49089e-15 0.00619225 4.18976e-50 7.31453e-37 3.67624e-12 3.16126e-16 7.02672e-10 2.36877e-37 4.48752e-10 1.43948e-13
3.10878e-17 0.0493122 9.80357e-51 1.03518e-48 1.8657e-36 2.35062e-17 6.35824e-31 0.0112222 1.76643e-45 1.28595e-51 0.589023 2.62493e-22 0.133814 7.59343e-42 3.20447e-11 2.88377e-31
3.32382e-51 7.45553e-39 4.84454e-41 1.04839e-17 1.25486e-31 1.0772e-31 2.16197e-45 3.35247e-23 2.85792e-71 3.26458e-10 6.36404e-28 2.43618e-32 1.5629e-25 0.185824 2.73379e-34 6.82547e-50
3.28577e-42 0.00720075 9.81087e-52 0.00700136 0.00363207 1.58102e-19 7.05347e-50 0.112099 1.00504e-82 2.44713e-22 2.06602e-19 4.92032e-36 6.4458e-86 0.0960746 8.30111e-53 2.38601e-32
5.15082e-90 4.39928e-38 8.48356e-40 4.14491e-20 1.09464e-33 2.92856e-57 3.64323e-60 0.0595542 3.41195e-70 6.90978e-41 3.83625e-52 1.54533e-42 5.83426e-69 1.06743e-29 3.70789e-33 9.99726e-42
1.74051e-91 3.47929e-40 2.74777e-32 1.50014e-29 2.66842e-26 4.84723e-55 0.0120654 5.1023e-08 1.95499e-50 0.0347538 1.85707e-38 4.34902e-54 2.93213e-89 8.64651e-15 9.94043e-27 5.79246e-33
7.78773e-88 2.88167e-36 8.06615e-61 8.03369e-43 5.60238e-43 1.6387e-52 5.11421e-45 0.17403 1.60445e-75 1.28264e-44 2.57928e-76 1.04921e-39 1.00742e-75 1.74455e-30 2.45896e-51 7.49712e-61
1.18435e-103 1.53237e-29 7.66675e-47 1.20359e-28 2.62729e-34 9.0959e-49 2.4034e-56 0.108742 1.17473e-78 5.98724e-55 3.93105e-74 1.74695e-39 8.63518e-88 5.4131e-32 7.64058e-55 3.91697e-61
2.53344e-90 1.49167e-40 3.53878e-59 8.18859e-38 8.08026e-47 4.96361e-56 8.18056e-54 0.39654 5.45029e-93 7.59554e-48 3.07215e-76 5.12346e-49 1.22056e-79 2.62228e-34 6.28978e-48 3.2195e-45
1.93574e-44 6.78647e-13 0.0775025 3.9185e-12 0.0751424 0.0308779 5.05227e-36 0.733984 0.0531443 6.59231e-44 0.00384502 8.01319e-40 5.41266e-29 4.25834e-12 6.77885e-24 0.0288293
