1.02284e-217 9.20501e-151 1.52292e-263 3.98878e-289 8.85656e-118 4.64422e-322 7.80084e-270 9.9409e-296 7.54376e-152 3.13451e-153 2.40663e-129 1.46962e-194 1.64708e-231 1.19655e-148 9.6677e-216 4.34969e-69
7.92782e-187 0.322406 1.82599e-288 4.09255e-208 9.54436e-13 3.23437e-205 3.09028e-186 1.32838e-101 4.98741e-70 8.92934e-103 1.31034e-44 1.38188e-20 1.42368e-180 1.36727e-272 3.24022e-211 6.12339e-29
1.10331e-70 1.15134e-116 2.36764e-202 8.13841e-264 4.73822e-23 5.33591e-322 1.22528e-321 1.85915e-220 2.46527e-200 3.22635e-116 1.60653e-13 1.0763e-194 1.62559e-268 8.19303e-311 1.71655 1.48879e-56
8.84411e-120 2.0615e-109 0.79561 9.93768e-174 3.33228e-173 0.369466 0.540298 6.83406e-217 4.08629e-90 1.33501e-165 7.40552e-30 1.10898e-18 6.90787e-214 0.288222 4.31213e-29 8.77032e-81
6.00072e-122 0.150409 2.05021e-256 3.47755e-177 2.94756e-190 4.15015e-322 3.14493e-243 2.0301e-121 2.12959e-96 6.68818e-127 3.62282e-87 2.64749e-141 1.32651e-306 1.05613e-141 6.65075e-132 0.134158
5.3743e-59 5.28925e-130 4.38331e-163 0.366773 4.1899e-233 8.84378e-322 6.11528e-200 3.68386e-102 4.05519e-125 4.13305e-90 3.40441e-16 6.67371e-174 1.20774e-219 2.9685e-202 2.14399e-10 2.93628e-143
3.11578e-154 1.85515e-113 1.35247e-185 5.68743e-47 2.60582e-18 7.11455e-322 4.46984e-309 1.91211e-212 2.64005e-117 1.07488 3.60109e-33 5.58587e-144 6.02929e-301 3.54487e-298 2.3843e-125 0.0925319
6.22175e-249 9.98675e-39 5.64287e-226 1.09689e-294 6.24139e-83 4.05134e-322 3.81596e-313 6.30587e-217 2.49323e-168 1.21556e-202 7.12304e-102 2.08152e-228 4.40726e-186 4.41342e-311 3.45675e-182 0.0186763
1.1244e-69 3.32994e-103 1.13485e-278 7.60649e-10 1.49545e-19 5.2371e-322 7.96011e-194 4.70938e-228 6.77067e-94 8.74139e-81 5.97059e-11 2.48279e-153 8.15176e-290 2.09969e-136 1.84951 3.28809e-141
0.186073 4.9856e-68 1.57345e-165 1.497e-227 1.19705 5.17184e-229 2.35996e-288 2.54373e-31 1.29947 0.0208675 1.33698e-124 3.84219 0.175023 5.16675e-311 6.90716e-236 8.46474e-117
3.03968e-237 2.86223e-135 2.61092e-305 3.95059e-227 3.24733e-105 3.55727e-322 6.22219e-311 6.68142e-164 4.30271e-142 4.03639e-180 3.80578e-147 1.17615e-138 8.8328e-275 7.90868e-232 5.5598e-125 0.151313
2.53158e-197 3.04155e-24 1.5865e-80 1.6636e-192 1.18787e-24 1.06982e-274 2.82781e-153 0.160162 3.67719e-130 0.0393834 0.159866 5.8642e-163 6.65449e-104 4.62749e-157 3.21226e-89 8.66769e-51
4.31717e-17 1.37452e-17 6.75321e-127 2.10093e-168 5.93403e-76 1.9571e-199 1.59654e-265 1.27863e-269 5.04467e-195 4.68052e-128 9.46451e-20 4.91991e-197 2.18377e-321 2.22779e-14 0.459664 1.99446e-103
