1.03077e-75 3.40105e-197 4.56976e-199 1.10566e-177 1.95266e-264 2.93969e-321 5.28587e-311 2.18164e-218 2.50003e-304 3.3248e-148 5.64157e-107 3.18217e-229 1.39769e-161 2.74569e-311 9.53547e-322 9.10069e-321 5.02161e-38 1.85363e-38 1.30544e-68 0.0120896 1.62023e-120 2.00591e-321 6.11998e-124 1.16225e-224 3.69389e-56 7.66402e-63 1.39344 9.89413e-42 1.80467e-78 2.88385e-87
5.51755e-133 2.69914e-174 2.21114e-39 1.70055e-306 1.92686e-322 2.18744e-196 5.68398e-156 7.43077e-74 2.68772e-321 1.10573e-170 2.71736e-321 2.05405e-49 1.36451e-113 1.5513e-39 1.93377e-197 2.15691e-279 1.73868 5.02328e-86 8.51536e-15 6.27344e-235 7.86014e-29 0.545217 9.99374e-259 1.81588e-208 6.02375e-176 1.21585e-88 2.83475 6.03988e-211 7.72354e-232 2.39901e-183
3.68823e-74 9.32832e-36 6.27796e-172 1.12333e-272 1.25683e-14 1.93379e-250 6.72196e-62 1.02997e-99 2.14424e-321 1.5228e-82 1.34297e-301 3.01518e-22 5.67157e-72 1.01254e-160 3.54596e-247 1.05539e-182 8.17689e-165 2.48586e-84 1.06647e-06 5.89647e-132 1.05429e-35 1.12735e-288 1.94548e-91 1.06181e-136 0.180827 1.54225e-11 1.37593e-245 1.47832 0.488589 3.2274e-74
2.47546e-36 2.87403e-170 2.00338e-183 4.05962e-98 1.77864e-322 8.70815e-193 5.29294e-240 7.43796e-226 0.528042 6.74957e-24 1.78366e-167 1.93308e-79 5.69446e-165 1.08066e-300 1.90726e-31 1.04791e-320 4.97383e-80 3.13398e-09 1.4622e-125 3.26324e-111 0.644516 5.67128e-306 5.06688e-07 1.39523e-49 2.48623e-176 1.09771e-10 1.69316e-320 1.98849e-210 1.07278e-19 0.220003
8.56376e-150 3.76097e-200 1.84817e-139 1.56242e-231 3.91269e-228 1.40323e-180 5.03947e-322 6.72843e-54 1.0758e-231 4.64095e-209 1.93336e-171 1.25433e-26 8.81006e-261 5.36695e-303 6.34767e-297 1.492e-278 3.23307e-70 2.29677e-120 0.23739 2.40815e-192 6.69699e-64 1.86757e-321 3.10065e-103 6.29719e-114 1.14376e-196 4.53845e-111 1.55285e-320 3.10901e-76 0.0204995 1.70289e-156
9.98105e-143 2.04838e-158 1.57408e-146 1.12485e-107 3.04739e-101 5.9496e-167 5.22647e-29 2.37209e-267 1.27084e-237 1.82814e-82 2.42782e-91 3.18684e-78 1.15205e-116 4.89166e-210 8.88147e-66 6.71929e-321 1.07523e-91 1.28385e-180 8.86587e-215 5.13931e-243 1.6131e-11 9.04202e-145 1.67322e-152 2.55715e-173 8.28663e-209 0.147081 7.3516e-187 5.14364e-261 1.21566e-14 4.33584e-194
9.75578e-220 1.60966e-198 5.50874e-64 3.37907e-202 3.00635e-44 8.36439e-94 6.83963e-78 5.48413e-322 2.1725e-104 8.71708e-24 2.8652e-163 2.57636e-09 9.85993e-35 9.7826e-102 2.11246e-32 1.11511e-320 9.84839e-49 2.07212e-101 1.05052e-157 1.57649e-210 2.8842e-195 4.92902e-286 5.4124e-83 0.576087 2.11666e-80 9.55771e-39 3.89358e-306 3.83454e-198 4.63946e-195 3.0215e-130
1.08592e-238 1.35393e-155 8.05159e-89 1.96455e-81 7.73833e-30 1.58658e-87 1.49534e-183 3.56678e-304 1.58506e-34 3.58453e-96 7.68688e-205 1.89497e-09 1.12235e-143 1.48511e-35 2.15771e-90 6.51673e-321 3.4689e-108 1.36991e-15 7.75519e-216 1.61613e-252 7.81826e-13 6.71178e-264 1.71066e-212 1.30558e-70 1.07599e-103 5.50753e-109 1.55828e-320 8.73595e-45 0.399489 1.01066e-203
3.9951e-101 1.14979e-255 3.48316e-321 4.74082e-85 2.18495e-123 3.36953e-321 5.92879e-322 5.20709e-66 1.74859e-124 2.65922e-280 7.38633e-247 9.21926e-321 7.11455e-322 1.58595e-321 8.97312e-47 3.34472 1.19834e-127 0.737139 2.24462e-200 1.50854e-79 2.93467e-12 3.59278e-51 4.59457e-192 7.01941e-233 6.50578e-58 2.80015e-09 6.55024e-192 8.63266e-250 9.95434e-52 2.99055e-96
1.82301e-102 2.43589e-12 2.95614e-176 1.10647e-15 9.83828e-165 2.64281e-142 1.12825e-286 1.66999e-130 4.1924e-291 4.20549e-86 1.31803e-07 3.61371e-219 2.31045e-116 2.47942e-187 4.92433e-44 6.61554e-321 4.62047e-288 3.87767e-93 1.3173e-136 7.32574e-40 2.03489e-138 8.3361e-210 4.55581e-147 0.374817 2.15098e-93 8.33389e-133 2.71952e-265 8.43663e-84 2.52746e-184 7.81402e-75
9.52717e-136 1.28122e-175 3.75991e-19 5.93817e-237 9.01308e-69 1.24146e-221 1.66569e-117 1.57372e-246 2.01579e-321 1.2088e-213 1.83862e-72 1.88331e-277 2.20354e-164 1.28534e-105 9.90984e-75 1.70538e-289 1.53976e-306 1.69128e-50 4.22929e-145 1.20203e-43 5.00462e-151 1.95685e-174 1.30873e-133 2.0936e-222 7.54336e-42 0.0294219 9.88846e-222 6.82293e-80 0.00748132 0.0868161
0.00143825 0.00160337 0.0028474 0.00118932 0.00014998 0.00310103 0.000482926 0.000515441 5.09166e-05 0.000448182 0.00233864 0.00576041 0.000427923 0.000948141 0.00109905 3.45846e-323 1.97626e-323 9.32726e-212 2.95514e-230 1.31591e-254 1.40243e-230 4.94066e-324 5.80963e-276 4.5735e-285 1.63342e-237 3.30617e-182 5.43472e-323 2.35632e-275 6.43247e-246 1.94687e-206
1.60077e-321 5.81325e-216 6.17044e-33 1.51678e-321 2.75416e-29 3.23613e-321 5.43472e-322 1.75597e-134 2.92981e-321 5.91784e-203 4.41434e-224 5.78481e-276 2.59962e-119 5.6504e-310 7.72319e-103 1.04926e-138 6.58431e-173 9.35268e-120 1.51605e-218 0.17126 8.74671e-213 1.20942e-311 0.188197 1.52789e-202 2.66533e-50 2.0706e-08 1.43427e-15 4.45318e-107 3.21934e-06 5.11313e-106
4.48459e-96 1.14959e-181 1.24735e-175 7.2214e-179 4.46774e-159 3.96685e-287 8.90532e-27 3.92866e-58 1.05294e-159 1.80978e-49 7.69948e-159 4.23258e-105 2.56616e-84 2.42203e-246 1.21134e-143 7.75683e-321 8.64663e-239 1.38477e-112 5.30351e-105 1.07388e-216 0.241113 2.92121e-133 6.84156e-07 5.57015e-239 6.00237e-150 2.86473e-138 1.39944e-308 5.35182e-191 4.57115e-83 4.48823e-188
