5.37058e-210 2.04543e-321 1.0006e-235 0.190055 0.941624 0.511796 3.47183e-238 1.57899 5.01477e-321 8.97802e-51 1.97132e-321 0.778621 9.58833e-320
2.73539e-101 1.65104e-113 2.14919e-321 9.03152e-321 2.66301e-321 3.90312e-322 2.58396e-321 1.52666e-321 2.0899e-321 0.042498 8.94259e-322 7.70742e-322 2.0899e-320
1.10918e-320 2.82606e-321 5.43103e-233 3.91615 6.37345e-321 1.6897e-321 5.48413e-321 3.16202e-321 1.11395e-215 4.90495e-112 1.30927e-321 4.86334e-318 4.51329e-320
9.98239e-27 1.01135e-107 2.39622e-321 7.36158e-321 2.37152e-321 3.35965e-322 2.14424e-321 1.16599e-321 1.66994e-321 0.156139 6.91692e-322 6.37345e-322 2.21292e-320
1.51332e-320 4.46141e-321 6.18076e-321 3.35163e-68 5.89248e-31 1.25667e-48 5.89229e-164 6.31416e-321 1.22707 0.394408 0.761703 3.18178e-321 6.49343e-168
1.3786e-14 8.31645e-23 2.20353e-321 9.20444e-321 2.73712e-321 4.19956e-322 2.248e-321 1.35374e-321 1.74405e-321 6.89521e-149 6.71929e-322 7.80624e-322 1.86164e-320
9.1804e-55 4.16494e-28 1.66994e-321 7.76671e-321 2.12942e-321 3.55727e-322 2.05531e-321 1.37844e-321 1.4822e-321 0.331624 6.71929e-322 6.66989e-322 1.87893e-320
2.47823e-216 2.52962e-321 5.42484e-321 0.510678 2.72203e-195 8.39912e-322 1.28725e-68 3.96735e-321 5.40508e-321 2.56741e-113 2.29741e-321 1.11082e-226 3.28772e-161
1.17588e-320 1.41497e-225 1.08357e-173 3.75546e-233 1.29059 1.34386e-321 1.51154 5.78057e-321 0.548413 5.43956e-53 1.76876e-321 5.58101e-24 0.0987035
1.27123e-320 3.7796e-321 1.54199 3.64265e-237 7.08984e-321 1.73417e-321 6.66795e-138 3.74502e-321 2.98054e-88 3.83743e-13 3.85696e-310 2.04049e-321 19.6716
6.35635e-49 9.92857e-15 3.26083e-321 1.34633e-320 3.78454e-321 6.17582e-322 3.6215e-321 2.66795e-321 3.55727e-321 0.223309 1.3488e-321 4.48762e-307 4.67139e-320
6.41881e-150 2.37152e-321 5.93373e-321 0.466512 6.79128e-163 7.06024e-212 7.33992e-235 2.87699e-253 3.42882e-321 1.37282e-105 4.33388e-179 2.28752e-321 4.21487e-320
1.09386e-320 1.53913e-142 4.31319e-321 1.8236e-320 2.68863e-180 8.49793e-322 2.33755e-97 3.32506e-321 1.4983e-197 0.107696 1.43279e-321 7.38545e-138 6.57729e-299
0.183375 5.95318e-06 3.55727e-322 1.55137e-321 4.39718e-322 6.91692e-323 3.70549e-322 2.2233e-322 2.71736e-322 4.40819e-122 1.08694e-322 1.23516e-322 2.98416e-321
