8.56877 0.0503083
3.55422e-52 1.15032e-32 1.50032e-55 6.41908e-11 1.70749e-27 1.00674 2.98717e-31 1.65598e-09 2.0664e-21 2.41695e-42 1.52282e-51 2.76951e-52 8.03597e-15 4.18167e-33 2.08036e-49 2.17248e-51 2.00557e-35 9.88212e-10 1.6516e-27 7.81981e-48 7.26254e-08 3.18201e-11 9.71859e-60
5.639e-70 3.92063e-51 2.44875e-26 4.1068e-38 4.83328e-21 2.23409 1.0851e-16 2.99697e-45 1.65e-10 4.17218e-19 1.27352e-08 3.92936e-47 1.97364e-12 3.27686e-32 1.39686e-49 1.00816e-26 6.61963e-63 4.90812e-16 1.76932e-34 2.28282e-31 9.02857e-27 4.65667e-14 1.54852e-73
5.04733e-47 6.39656e-48 2.96701e-49 8.19628e-20 3.02786e-15 1.093e-13 3.61607e-60 3.82372e-05 1.08964e-26 6.82136e-33 8.38902e-48 1.77292e-24 1.19481e-38 1.69549e-41 2.66813e-45 2.27255e-34 1.24927e-37 0.852669 2.18962e-31 6.9107e-32 1.25242e-17 1.06315e-09 5.21773e-55
4.20474e-12 4.30362e-40 0.0229442 9.54668e-16 2.57793e-09 9.27716e-44 3.29376e-40 7.97295e-33 2.25428e-25 0.0178906 9.86332e-05 3.3055e-20 2.45696e-08 2.31364e-25 8.00307e-50 1.36597e-42 4.46359e-71 1.40706e-31 8.28712e-46 1.03892e-10 0.01396 2.68597e-13 1.21635e-43
1.80029e-57 2.5667e-71 8.21101e-71 5.10972e-22 2.54013e-32 1.06619e-54 3.83505e-38 6.21101e-50 5.18008e-44 2.94911e-44 2.60925e-49 3.76502e-40 6.29667e-51 1.47535e-48 1.10394e-53 8.77545e-48 1.79721e-73 0.00180141 5.73853e-44 4.41066e-39 4.40412e-28 1.50615e-15 3.06704e-72
1.75323e-70 1.49978e-29 1.71437e-54 0.0611228 1.9099e-25 5.41582e-37 1.79208e-07 5.78856e-52 4.0735e-20 1.3562e-30 1.0179e-17 9.60105e-54 8.33037e-19 2.25797e-43 2.75676e-35 6.2423e-47 4.01739e-42 3.3209e-09 0.0287115 0.0830876 0.000184043 4.96527e-23 1.44641e-44
8.42386e-17 0.118712 3.59923e-53 1.51309e-24 0.000108379 7.47372e-22 0.00439706 0.047929 0.0790154 3.37631e-24 6.5531e-41 1.47784e-31 5.40817e-31 6.63788e-30 2.45458e-57 4.84393e-19 1.41429e-45 0.118997 1.2226e-11 4.20656e-34 2.77816e-20 5.15368e-27 1.13552e-38
1.71852e-49 2.00588e-65 1.19525e-70 1.10233e-36 0.0343701 0.98495 0.0621633 9.10341e-12 1.08719e-48 2.36532e-06 3.01144e-40 1.32521e-45 1.76382e-10 7.56462e-31 4.13801e-14 3.75511e-47 1.96176e-26 0.286218 8.45377e-45 1.02857e-27 3.57642e-17 7.52501e-24 1.53634e-28
1.09167e-68 3.12562e-55 9.60087e-57 2.5927e-40 7.94244e-34 2.4063e-34 7.42493e-35 2.89645e-56 8.37626e-24 5.8808e-24 2.55034e-25 5.62392e-48 5.1829e-34 1.40804e-43 1.00594e-45 2.84828e-49 2.35425e-55 0.0542502 1.03623e-45 8.48209e-41 8.72019e-05 8.64794e-17 9.07826e-68
0.0627455 1.5595e-09 3.25552e-50 3.76757e-11 7.10886e-24 2.06997e-06 1.12944e-33 6.98228e-45 1.11156e-10 9.13661e-27 0.0194344 0.0185381 6.05708e-34 0.0569063 2.24173e-46 9.83912e-39 3.70125e-42 1.80442e-14 9.33346e-38 4.79166e-42 0.49142 4.16413e-22 5.13384e-34
1.75897e-54 1.03284e-61 2.22848e-57 8.41364e-35 7.83804e-34 7.84968e-38 2.95614e-37 1.08028e-42 1.79082e-47 4.41483e-36 1.42906e-45 1.85702e-35 6.20437e-30 1.38155e-36 6.26013e-44 1.60833e-53 7.68388e-54 0.22449 2.05314e-20 3.37894e-26 2.85739e-19 2.00131e-15 1.05946e-84
5.42531e-31 4.02816e-55 5.46214e-17 1.08395e-24 6.65432e-16 2.84999e-16 4.28655e-34 1.51932e-28 1.15452e-48 6.31692e-08 1.79852e-16 8.24055e-25 0.0122837 4.28723e-28 3.3483e-21 2.35391e-17 3.20308e-47 2.68045e-18 4.20586e-30 0.0828649 2.25249e-28 0.0167531 1.72073e-71
5.27898e-43 3.89304e-13 7.21882e-73 0.495321 0.0658062 9.94495e-10 2.56139e-32 1.27317e-30 5.99096e-46 2.94604e-21 0.00145508 0.00327903 7.33687e-52 3.24401e-43 0.112323 0.165762 0.0623619 6.15459e-30 1.62837e-11 2.88834e-41 3.86945e-12 2.52876e-24 0.0860117
1.78623e-49 5.72104e-71 2.30447e-24 4.52706e-34 1.3345e-32 1.4287e-07 4.76691e-58 2.5172e-15 3.08868e-45 1.08559e-51 1.64954e-07 1.00993e-33 0.0023912 6.25865e-47 8.72146e-46 1.82531e-29 8.78502e-46 4.72615e-26 2.64614e-17 7.43327e-17 1.41912 4.7421e-19 3.73876e-56
2.38499e-60 7.47292e-30 3.11062e-27 2.027e-12 3.40335e-15 1.84436e-17 5.36473e-37 2.24595e-20 3.68893e-32 2.85015e-31 1.77743e-11 3.2421e-35 6.19023e-43 4.78231e-40 7.44004e-22 7.09353e-42 4.07574e-73 0.0988268 3.94596e-11 5.14903e-16 3.77817e-09 7.65921e-11 2.72148e-63
