1.94328 0.111595
9.24417e-13 3.35242e-40 5.9332e-05 1.83673e-110 5.72331e-106 8.20039e-69 7.51146e-60 5.38846e-24 2.92133e-59 9.62449e-90 6.34184e-78 2.84017e-19 0.0501561 5.8954e-26 3.82538e-11 3.28254e-67 2.6334e-53 3.03352e-89 6.82634e-46 4.67169e-83 5.46511e-35 4.62181e-36 0.0817377
3.15657e-104 3.96148e-62 2.60468e-06 5.22791e-20 1.50244e-31 0.0418849 0.217211 0.17778 1.15184e-37 3.87212e-64 2.91774e-31 5.33399e-08 2.49303e-58 0.0736817 1.42269e-37 2.41706e-86 7.51419e-72 0.0479444 1.54324e-22 2.90676e-30 5.1451e-42 0.217982 4.35537e-11
6.94622e-89 4.48479e-16 5.43759e-88 8.17168e-32 2.16806e-73 2.96295e-72 3.16446e-146 8.7642e-28 2.08599e-51 0.565484 7.77034e-38 3.29956e-62 2.15508e-93 1.12722e-11 0.0361489 3.0613e-93 5.84526e-23 4.57564e-59 0.00245957 2.14262e-43 0.077154 2.03633e-66 3.68895e-16
1.96273e-104 6.4088e-11 1.3284e-94 0.0604046 8.17352e-121 4.70292e-22 8.48583e-112 1.66444e-74 0.190987 9.33787e-109 5.06653e-17 2.186e-27 1.09157e-65 5.42229e-80 0.00206123 0.169616 0.0193812 5.94752e-91 8.00283e-109 1.48076e-88 0.00840551 1.32649e-16 4.53206e-22
2.61916e-68 2.34552e-49 5.76368e-84 3.88031e-134 5.2766e-131 2.14973e-59 2.14484e-96 1.36103e-87 2.84144e-64 4.14808e-89 3.08046e-23 0.0533145 3.10858e-52 2.61748e-32 5.25845e-62 4.32725e-95 1.28929e-70 1.16402e-98 4.3836e-47 2.59921e-92 4.37092e-05 6.4652e-31 4.5765e-55
1.89914e-109 7.9635e-74 0.0132285 3.57914e-59 4.22325e-78 3.67884e-64 9.97486e-127 1.51226e-81 2.34028e-84 2.99967e-92 3.34647e-18 5.22722e-15 3.56434e-122 7.02653e-64 2.9958e-61 3.88176e-96 5.1151e-31 1.73514e-84 1.01747e-74 3.72853e-99 1.04531e-63 1.08878e-94 8.60063e-55
3.52503e-119 5.82229e-60 0.115654 1.61499e-77 2.81426e-130 3.71915e-62 1.92257e-77 4.13651e-37 1.45851e-64 3.33033e-14 4.3361e-75 3.80752e-79 4.54403e-59 2.61359e-57 4.70843e-23 6.15945e-93 4.50756e-52 3.19097e-38 5.1866e-88 1.71072e-91 3.7353e-46 1.28153e-06 2.11916e-85
1.29764e-59 1.632e-55 2.893e-39 5.08948e-68 1.44378e-43 6.71316e-37 4.08381e-94 1.31574e-77 3.32217e-76 1.04102e-43 6.69237e-80 9.32918e-95 8.51384e-106 5.11585e-73 5.11598e-48 7.13657e-63 1.20826e-55 4.06473e-109 3.8311e-89 1.13802e-45 2.44169e-27 2.39825e-30 3.8549e-84
0.0399583 5.81447e-63 1.1047e-71 1.33041e-83 1.91085e-125 8.17456e-72 1.58e-53 0.703289 9.93979e-64 1.85445e-73 3.83208e-64 6.64772e-83 1.87622e-101 1.32112e-36 7.31265e-13 2.20434e-43 0.161819 4.91865e-49 2.09987e-60 9.95453e-35 1.87522e-12 2.90084e-91 1.05928e-09
5.68118e-134 3.38474e-47 9.69902e-67 2.31234e-34 5.83436e-114 1.11938e-76 4.27999e-53 7.87603e-77 6.2327e-50 3.6905e-80 2.12829e-22 0.433911 1.26759e-104 2.94659e-72 4.67472e-46 1.76841e-78 6.16197e-35 8.42448e-51 8.12243e-100 2.09351e-41 3.30911e-43 2.16557e-51 7.2263e-39
5.13917e-59 1.86132e-67 5.94535e-16 4.28825e-85 1.96863e-05 0.0235945 6.75891e-62 4.34548e-07 5.42697e-06 8.00962e-91 6.05652e-57 2.16896e-41 1.86967e-124 1.43121e-20 1.10047e-65 0.0313098 0.00195433 2.5144e-45 1.14705e-40 6.54518e-06 3.29007e-58 6.21585e-63 6.27859e-32
8.54983e-97 1.04359e-07 0.00156769 3.50629e-131 0.0428742 5.83006e-51 6.4312e-123 2.30624e-55 2.0908e-49 4.65325e-15 1.62243e-31 3.34472e-89 3.41834e-42 3.77127e-82 4.05525e-57 8.1174e-14 6.47206e-05 8.46743e-35 1.50311e-49 0.122733 3.52686e-36 2.03284e-110 5.22955e-45
2.03457e-68 4.43668e-06 1.10399e-41 2.90913e-32 1.28592e-118 1.80324e-35 3.84795e-89 9.00213e-23 1.31166e-53 0.721279 0.067062 1.01361e-15 0.0563507 1.80251e-25 1.3048e-101 2.15678e-06 0.208548 1.67273e-29 0.0357823 0.0225237 1.51225e-88 9.61945e-42 0.00410712
2.16624e-36 3.56638e-73 6.29898e-26 9.91484e-108 2.40402e-26 5.83282e-87 2.81372e-80 1.60889e-41 0.0566914 3.04321e-73 8.20931e-57 4.20163e-49 6.3171e-96 2.37924e-56 1.21589e-101 1.53326e-89 2.5501e-58 2.09666e-79 2.10191e-77 1.36417e-36 4.90899e-90 2.45164e-39 3.61641e-72
0.179667 0.138697 2.40996e-90 3.16594e-82 4.42217e-91 2.61245e-39 2.29228e-78 1.49098e-96 2.37839e-62 1.06918e-59 4.29328e-46 2.05324e-82 1.31292e-85 6.52493e-73 1.12748e-45 7.04218e-81 6.63886e-47 2.53526e-99 3.91352e-15 3.57279e-17 0.0645233 3.23571e-51 1.415e-79
