5.13476 0.0802427
2.89806e-43 6.24852e-54 0.0496813 0.130233 5.75081e-26 3.03793e-09 5.42066e-49 0.114311 8.37794e-06 3.97709e-84 7.45524e-39 0.5293 3.02998e-37 0.0154521 1.18634e-59 1.8719 1.64899e-32 0.0245117 0.129658 0.106379 1.14377e-46 7.33329e-75 3.49239e-67
2.74488e-22 4.3896e-66 1.49347e-57 3.90021e-49 1.12246e-57 3.90085e-51 1.63819e-73 3.47662e-85 5.4878e-57 8.67778e-81 1.83589e-31 1.69733e-46 5.12317e-100 1.19568e-76 6.53151e-67 0.0414103 3.51559e-63 1.18622e-63 9.79138e-61 3.91613e-72 8.0621e-81 4.3132e-95 7.98583e-64
2.06632e-56 0.000793906 0.00879625 3.6575e-19 0.0784578 0.0891404 0.0627289 0.000999723 1.19692e-52 5.68308e-14 1.93596e-54 2.25751e-70 1.19668e-99 2.71763e-106 8.63024e-55 8.34508e-15 2.15924e-37 1.20668e-96 1.34e-06 1.57174e-76 1.93705e-44 8.8534e-38 1.96304e-33
1.64681e-46 9.16629e-32 4.54124e-07 5.86505e-106 1.54824e-50 0.000847333 5.3678e-47 9.99111e-97 0.0879843 3.64327e-67 6.2147e-10 1.63662e-74 3.41024e-35 0.446534 9.17997e-72 5.3967e-06 1.29274e-74 1.37738e-76 7.81609e-74 1.38309e-48 2.10644e-26 1.4576e-74 1.22488e-39
1.59124e-51 6.10281e-50 6.21591e-74 1.74308e-90 3.35527e-56 1.58019e-41 1.0096e-66 3.66962e-80 4.05735e-66 5.20346e-88 9.95538e-24 4.42525e-69 1.37711e-118 4.40383e-106 9.46851e-78 0.0395911 1.46233e-68 1.86767e-75 1.14113e-114 1.08544e-52 5.5093e-75 2.38659e-85 2.62657e-46
0.105848 1.64959e-61 9.05459e-80 2.81546e-27 4.82323e-74 9.70127e-48 4.23556e-33 1.08944e-60 1.11555e-62 2.35847e-83 3.57109e-14 1.894e-69 2.13107e-91 1.51033e-74 1.21044e-57 1.83292e-09 2.6228e-84 9.06069e-33 3.99923e-48 1.82151e-44 1.15132e-50 1.04387e-53 7.86786e-32
3.01756e-38 2.50419e-28 2.1609e-31 4.74318e-57 9.56106e-14 4.59221e-12 2.55178e-25 4.03772e-22 1.60863e-54 1.44767e-09 2.01676e-09 0.130115 9.49932e-41 8.97575e-11 2.37168e-31 0.0451088 2.73009e-62 6.87068e-83 1.674e-86 3.64317e-25 1.46551e-60 4.27344e-10 6.25823e-68
4.27124e-56 0.0410534 0.0150692 6.83155e-76 6.7833e-62 1.32372e-23 1.6549e-64 6.27809e-08 1.19304e-10 0.0908481 0.060466 0.0557763 6.72683e-83 6.03106e-09 8.63149e-17 2.03397e-09 9.90517e-36 2.76979e-80 7.85696e-109 1.02591e-27 2.06364e-72 8.61319e-97 1.09249e-40
0.260577 1.23926e-71 2.67971e-08 1.05573e-77 3.23753e-61 1.09898e-08 1.21232e-63 4.35383e-42 3.15468e-58 5.59599e-68 2.07553e-08 8.25443e-06 3.55552e-53 1.54418e-102 1.50598e-36 1.68242e-30 0.0461865 1.71947e-12 2.49824e-39 1.57771e-62 0.0783559 0.0902374 0.580493
4.63657e-56 3.26094e-58 6.03681e-47 7.28002e-73 1.46095e-62 1.40444e-69 2.93247e-46 4.65036e-65 5.03378e-34 1.53629e-88 1.22081e-50 2.20406e-78 4.02569e-90 1.67668e-82 1.57616e-77 1.23141 9.5189e-83 2.85872e-80 9.13558e-102 2.3215e-76 1.57908e-62 6.46893e-82 5.9028e-47
1.14211e-43 2.91377e-66 3.29971e-76 1.18527e-62 3.18506e-54 2.30172e-51 1.26004e-59 2.16798e-45 1.85027e-29 2.79829e-30 1.15718e-06 7.39354e-26 1.78968e-93 4.78616e-83 1.92282e-82 1.04705 7.2116e-24 3.94484e-36 5.26747e-69 1.84282e-27 2.64535e-26 3.12632e-52 1.64742e-28
5.91227e-17 1.09559e-72 6.63811e-49 1.20816e-41 3.09267e-28 9.47961e-37 2.44916e-59 5.29734e-72 2.58177e-10 5.5897e-63 2.08093e-29 4.89315e-63 1.42028e-75 7.49245e-77 1.83838e-100 0.235953 1.19412e-42 9.01473e-63 7.01688e-116 4.7327e-75 3.15743e-40 1.93245e-60 2.30767e-67
3.05975e-16 1.0332e-16 1.45937e-49 5.94985e-38 1.0152e-67 2.81895e-51 2.91029e-67 1.54084e-59 0.244913 3.3058e-58 5.21331e-28 1.3867e-26 3.75402e-65 1.02699e-81 3.95881e-40 3.14888e-13 2.07885e-77 1.68427e-69 2.03449e-63 2.12249e-22 6.88857e-74 1.61917e-62 1.82997e-29
2.26508e-06 5.90097e-78 8.50034e-25 9.23969e-71 6.44901e-27 2.60567e-66 2.42881e-44 7.89635e-35 4.25808e-38 0.0159926 2.52195e-29 1.014e-22 2.24955e-30 6.61594e-41 1.53381e-46 1.33608e-24 1.20099e-44 7.43103e-43 2.5846e-71 5.57855e-52 1.29889e-74 3.32016e-95 7.10449e-49
7.58724e-48 1.14783e-72 2.57292e-46 8.97577e-51 4.35627e-09 1.20041e-41 0.581674 5.4789e-44 2.62788e-61 1.50968e-72 2.37757e-23 5.35209e-57 0.102463 0.000631563 0.279877 6.26035e-19 0.0101253 2.28896e-66 3.96852e-41 3.1306e-32 1.22626e-86 0.000902291 4.88365e-30
