2.17891 0.139937
6.59531e-74 2.231e-62 2.16021e-121 0.048049 5.29561e-67 0.217597 1.60907e-47 4.93017e-101 8.38432e-49 6.99255e-13 5.49018e-09 7.79165e-90 1.01604e-103 6.37164e-73 1.10396e-88 1.60592e-151 4.89089e-64 5.34574e-82 0.173873 1.66511e-60 6.1966e-230 1.87234e-109 6.3314e-07
2.87736e-46 8.02407e-79 1.32458e-35 1.71903e-11 3.28483e-111 5.66462e-94 0.149832 1.0254e-55 3.94361e-25 5.79532e-138 0.335732 4.62767e-66 3.6195e-110 3.76145e-40 4.53496e-24 1.12901e-76 1.24272e-51 1.01419e-54 0.0207662 4.17345e-05 2.04953e-98 3.74293e-198 4.01323e-21
6.45192e-74 1.11338e-50 3.5481e-41 0.157127 1.85886e-80 2.50656e-96 2.02304e-57 2.37624e-20 2.54425e-143 1.19099e-17 1.20385e-46 2.44978e-131 7.81804e-29 6.82221e-44 2.11602e-133 6.43917e-77 6.54357e-51 4.95417e-74 7.7772e-58 3.77578e-19 9.59905e-119 1.44085e-188 2.15771e-79
2.07227e-28 7.45884e-92 5.14144e-149 2.32985e-13 4.53615e-88 1.74784e-30 4.38208e-55 0.128868 8.37343e-141 4.12876e-90 5.19327e-110 3.23924e-89 1.0125e-58 3.02895e-53 1.68354e-117 8.33202e-180 1.0482e-85 4.92972e-75 3.74399e-35 7.04465e-31 7.43361e-167 9.43274e-130 5.76315e-72
1.38965e-80 4.69154e-110 2.89631e-80 5.70387e-81 7.82749e-47 1.23077e-44 7.43033e-115 0.0839785 3.36659e-119 2.74296e-76 4.61694e-104 2.03459e-77 1.75491e-117 4.82881e-19 3.51808e-140 3.29352e-117 1.6391e-79 1.22514e-47 2.76175e-79 1.98726e-55 1.39206e-164 1.71382e-92 9.1767e-48
1.97353e-91 3.78738e-42 1.89045e-96 6.5672e-13 2.65376e-50 4.76681e-57 4.33036e-114 0.445207 3.54085e-122 2.38967e-23 4.7812e-139 6.82615e-64 1.27979e-69 1.82807e-48 6.45606e-118 9.63943e-162 2.27244e-40 1.148e-70 2.3221e-24 3.19112e-101 5.23792e-153 5.59204e-102 3.45742e-11
2.93298e-102 0.116896 4.32958e-124 9.43843e-39 0.241193 4.6207e-81 7.96545e-106 3.62537e-37 1.52202e-44 5.49456e-05 8.55163e-111 0.243846 0.383968 1.88635e-32 0.454818 6.08415e-174 0.384568 4.42238e-77 1.26166e-36 1.19524e-63 9.90666e-138 0.115413 8.44405e-63
2.45378e-56 9.74997e-49 5.85248e-122 0.0619279 6.19369e-39 1.51726e-18 2.21624e-111 2.65398e-45 3.43243e-91 5.05417e-60 1.44904e-92 1.34411e-71 1.54559e-64 6.80095e-66 4.3005e-149 2.00243e-80 1.06526e-80 4.49055e-54 4.0398e-120 1.74562e-18 1.88207e-106 3.19951e-156 8.94669e-29
0.0493561 4.29487e-23 2.01031e-50 2.50166e-69 1.8086e-79 8.95383e-92 3.52748e-57 0.825023 4.44043e-37 0.166599 2.03381e-62 2.2979e-78 1.54866e-79 1.43702e-21 2.07071e-110 3.69895e-14 5.43649e-64 5.72812e-47 1.14881e-25 7.19211e-31 2.41412e-212 1.82583e-157 1.32026e-72
2.20366e-26 8.92903e-119 7.74771e-162 1.58609e-87 2.79004e-60 1.41181e-58 2.87337e-30 4.86615e-27 1.55108e-105 0.10874 2.77165e-06 1.74273e-82 5.70414e-82 0.132208 2.07229e-83 3.57709e-181 5.98679e-45 4.20018e-69 3.83393e-97 8.46616e-58 2.63614e-182 9.22592e-76 1.08929e-88
7.17196e-55 2.94132e-52 2.11817e-120 0.0508459 8.82823e-103 3.84754e-43 4.59637e-72 5.46374e-08 7.26323e-148 0.00904054 1.31545e-92 2.02192e-105 1.73084e-53 4.94032e-24 1.012e-153 6.02662e-156 1.2357e-96 1.13156e-53 6.12552e-83 4.09378e-65 3.99853e-231 7.98513e-202 9.07391e-30
1.49962e-16 5.68707e-57 8.255e-53 5.57188e-58 3.05134e-27 1.01455e-48 5.74983e-90 0.095575 2.30952e-61 1.54308e-75 1.1255e-104 1.22265e-74 5.28619e-12 2.15962e-62 4.77822e-157 1.34717e-183 0.438271 4.3061e-86 2.2771e-102 1.32196e-35 1.73002e-200 1.29339e-127 5.7892e-41
1.73962e-74 1.03386e-85 6.23681e-166 2.58132e-102 1.09614e-28 3.08373e-57 6.35114e-105 1.5589e-73 6.50931e-91 8.48544e-46 9.77825e-89 5.58051e-132 1.46645e-102 0.0236828 6.19503e-130 5.27289e-127 0.324021 1.59109e-66 3.55827e-77 1.44266e-78 2.60146e-135 8.06297e-122 3.43685e-81
3.90652e-66 4.60819e-107 6.03987e-22 3.64335e-32 9.39103e-120 3.1595e-96 2.39472e-55 4.45662e-19 0.195808 4.05082e-40 1.9791e-113 3.99881e-120 4.83485e-49 2.54521e-11 5.28266e-153 0.0640701 6.92799e-83 0.200497 1.50734e-71 1.07194e-98 0.345297 3.68301e-181 3.35448e-29
9.85494e-09 1.03013e-82 0.0537601 2.46833e-32 1.4887e-59 2.3743e-59 1.43809e-49 0.834012 4.37296e-48 4.05355e-56 7.80652e-112 1.22355e-67 4.54872e-72 2.53159e-71 2.50582e-121 5.25857e-132 2.81371e-76 5.68058e-62 3.27217e-104 0.0432067 7.65961e-113 5.22784e-75 0.0670599
