4.27727e-42 2.18062e-24 8.48245e-26 5.27696e-35 0.0082062 8.62456e-110 8.24241e-39 5.03328e-15 2.53117e-56 0.00106172 1.559e-49 2.00349e-39 0.0379548 1.22519e-24 6.29684e-17 3.65658e-48 0.141312 1.65735e-57 2.56882e-20 3.68924e-22 1.02761e-28 2.15903e-54 1.54773e-64
1.97531e-58 1.27522e-42 3.67666e-46 1.79428e-12 1.95585e-37 0.0596594 0.0521153 3.69832e-53 1.93492e-110 1.3128e-05 0.149383 4.09238e-49 1.60262e-86 2.32371e-42 3.24262e-51 2.03298e-25 2.60324e-55 1.44183e-56 0.0390425 1.66086e-34 8.53254e-30 1.61254e-92 5.4537e-50
3.03124e-64 3.42056e-30 2.53522e-59 2.212e-22 5.49722e-37 5.16573e-116 2.36374e-38 2.77874e-40 4.50493e-80 1.04965e-51 1.23456e-69 2.0042e-51 5.22293e-100 1.03712e-74 9.37652e-59 1.79755e-39 0.0140354 1.45439e-52 2.52923e-60 2.13162e-49 1.82704e-78 6.16151e-42 4.10017e-82
7.21335e-32 2.42481e-28 5.31978e-29 1.64234e-08 1.80714e-30 2.00022e-101 1.55865e-50 3.06105e-78 6.09793e-83 5.77337e-63 3.44391e-41 3.84144e-45 1.38774e-74 6.4033e-48 6.67577e-11 2.24353e-48 0.13617 1.03653e-95 2.64443e-31 6.24419e-61 1.18876e-40 2.99963e-109 4.80329e-85
2.67246e-43 7.14345e-34 3.64383e-56 0.0684751 2.57009e-57 2.15324e-39 6.43581e-17 1.74918e-63 1.17817e-39 2.01415e-19 1.91991e-16 0.0560036 9.01444e-102 3.162e-72 1.22119e-22 1.01236e-24 2.80329e-06 5.64661e-40 2.06549e-51 9.4884e-102 1.2644e-20 1.07822e-102 3.53001e-88
5.13456e-07 1.28796e-53 0.125153 0.000685324 2.16909e-26 8.223e-77 4.66566e-20 1.21075e-45 4.51832e-22 3.99875e-76 1.75464e-39 2.95435e-28 4.5037e-74 3.47759e-22 0.000196913 8.35656e-15 1.51831e-49 8.35698e-75 9.60367e-16 0.203235 4.46645e-55 1.14918e-79 9.67136e-44
5.72491e-55 6.82624e-15 0.000385899 1.15641e-55 1.20075e-45 3.23707e-09 6.4923e-07 0.459907 7.00376e-58 0.41072 4.1785e-61 3.37678e-20 5.41752e-31 2.02436e-52 1.60381e-53 2.15149e-31 1.32251e-28 1.96113e-73 2.5515e-24 8.66395e-119 0.0818729 3.12847e-59 4.24206e-84
0.0135003 3.80075e-53 0.00522463 1.49139e-41 2.20069e-43 1.10926e-18 8.69508e-33 9.236e-45 0.300506 2.12087e-61 1.18339e-66 5.59322e-39 4.41731e-19 0.11218 8.50113e-37 0.158604 2.82096e-14 0.187629 1.90545e-72 1.29318e-27 6.9919e-28 7.28046e-82 0.293054
0.0324797 0.281187 1.26333e-22 1.88688e-47 0.034391 7.40241e-84 0.00151894 4.62377e-29 2.67531e-70 8.92587e-08 3.22963e-52 1.8508e-16 3.72085e-05 4.78663e-16 1.58187e-06 2.534e-65 2.55006e-38 7.64743e-82 1.32114e-67 1.26259e-104 1.67424e-39 0.153078 2.23335e-68
1.60135e-59 1.79736e-43 1.31902e-42 1.32801e-36 1.07776e-48 8.64795e-105 3.13551e-53 6.0457e-79 2.76876e-39 3.49155e-75 5.087e-22 2.80895e-17 7.4751e-45 7.59248e-63 1.49693e-19 4.30283e-37 0.101472 1.6045e-97 3.45171e-76 4.32657e-78 9.09896e-26 8.2483e-51 8.70476e-47
3.15938e-62 3.05126e-34 2.16668e-09 1.66423e-45 1.32303e-59 2.56432e-109 9.81496e-66 8.78356e-69 9.91129e-78 3.06548e-33 3.92834e-66 4.43606e-08 7.57365e-58 3.018e-64 5.04882e-13 9.39451e-69 0.349597 3.76656e-94 9.94074e-32 3.08816e-38 5.74925e-71 5.34255e-27 2.58904e-51
3.49334e-32 7.24637e-68 1.39448e-21 3.9302e-12 1.40218e-07 1.99268e-57 1.73013e-32 4.20613e-50 1.49894e-107 3.85209e-79 8.1698e-24 1.36458e-33 4.83084e-100 8.2439e-57 3.99662e-58 1.85405e-53 0.868068 3.99941e-65 5.48941e-75 2.116e-79 2.1686e-70 1.0997e-69 2.65024e-83
5.90464e-21 1.03611e-10 3.29362e-32 1.14223e-10 1.25462e-39 9.24042e-64 1.19964e-34 3.73138e-09 3.2364e-16 2.5587e-36 1.0165e-75 4.24889e-48 1.35987e-47 3.5373e-48 0.124212 7.39008e-69 2.10912e-63 1.65275e-87 1.0486e-40 2.44522e-27 1.54771e-99 4.80632e-26 1.05418e-48
1.49803e-37 1.03742e-32 2.17985e-58 2.66471e-21 9.8064e-34 4.7833e-104 2.96374e-43 5.36828e-79 5.12917e-50 0.0417282 8.78851e-35 9.6297e-51 1.17421e-40 1.5927e-66 0.307486 1.53695e-36 2.74417e-12 4.64617e-88 3.37581e-73 1.56615e-33 4.21422e-68 1.00529e-94 2.06254e-58
4.50891e-52 8.19516e-15 8.58498e-50 2.98789e-49 6.54095e-06 6.99115e-37 1.68811e-44 1.27297e-31 2.94269e-100 0.515265 3.80732e-50 5.14811e-51 8.64121e-78 4.76966e-37 1.14871e-25 1.15072e-67 7.12121e-26 3.46841e-108 3.84933e-35 8.91857e-116 2.31648e-38 6.82369e-44 9.22316e-75
