1.20782e-60 0.0962614 1.35615e-62 7.11201e-16 1.20804e-30 2.01736e-119 2.44145e-12 0.157163 4.69899e-86 1.31374e-83 9.9137e-18 0.0452509 2.4329e-34 4.25057e-91 1.23125e-64 0.295103 1.05609e-19 2.65219e-35 1.09452e-47 6.97302e-31 1.41918e-89 1.66258e-133 1.01584e-122
2.69527e-76 2.137e-11 8.69559e-18 4.69131e-66 0.0530701 3.9916e-26 0.00035625 1.21528e-60 0.0705204 0.53844 0.000193002 1.15709e-92 2.96467e-51 8.54996e-129 9.65678e-08 5.04144e-44 5.38065e-110 8.75218e-37 1.23413e-87 1.35763e-104 4.28221e-111 1.78933e-120 2.001e-139
0.0656261 7.76172e-24 2.30911e-39 6.76197e-38 0.393712 0.109257 4.7843e-56 1.00122e-154 2.04344e-64 5.78188e-88 1.88701e-82 7.36667e-140 2.26451e-35 1.92063e-84 5.82103e-19 1.33154e-58 1.50903e-47 1.53726e-46 2.14715e-13 2.40053e-78 0.262524 1.20688e-60 1.16444e-06
2.92437e-27 1.27296e-51 5.97723e-10 2.86613e-42 1.09699e-09 2.54924e-158 1.28351e-103 8.41714e-99 9.76056e-29 0.0492389 1.88929e-65 2.25449e-55 9.19561e-67 1.93116e-78 4.41774e-41 1.38546e-10 1.30161e-28 2.84338e-57 1.02227e-69 8.56093e-23 4.71851e-100 1.69004e-114 5.45134e-92
1.26151e-70 3.15593e-38 1.86667e-32 3.55885e-61 3.67395e-57 3.14752e-118 2.86882e-105 1.0273e-141 4.33444e-32 0.0134006 4.03489e-29 1.87186e-60 8.86766e-56 1.9474e-84 8.47667e-50 5.91988e-83 8.37362e-63 1.99915e-49 3.27908e-88 6.1479e-106 2.91765e-124 5.94986e-49 2.00756e-55
5.33173e-09 0.108078 0.0902384 4.22857e-33 1.27617e-58 1.0489e-151 2.27114e-98 5.44654e-41 1.10062e-47 1.25048e-37 6.70536e-77 6.45457e-122 1.39181e-42 5.4045e-52 6.21854e-31 1.5017e-61 1.20607e-121 0.086143 7.08285e-53 2.29698e-78 3.53664e-175 1.41655e-52 1.78278e-80
3.36139e-85 8.66237e-90 2.64429e-31 7.90229e-50 2.79956e-30 5.57356e-126 1.40977e-39 1.71609e-104 6.91064e-77 0.881492 1.5671e-104 6.61873e-121 5.07865e-66 5.8632e-97 9.64499e-59 1.01621e-83 1.45241e-58 1.55831e-18 5.04292e-78 2.26931e-114 8.71503e-140 1.32182e-62 1.4701e-137
8.57954e-48 4.71353e-59 2.66148e-36 5.21129e-49 2.58117e-80 1.66414e-67 9.92349e-64 1.32896e-85 6.90117e-92 0.148369 1.46547e-76 3.6368e-100 9.23764e-21 5.677e-81 2.09122e-22 1.83222e-56 1.52335e-105 9.27306e-13 1.9817e-78 2.68423e-64 7.20834e-126 8.0904e-89 2.11808e-89
6.42236e-70 3.80427e-91 1.83326e-75 3.25995e-64 5.75029e-64 4.02158e-120 2.93028e-47 3.57184e-128 1.89194e-61 1.63695e-43 2.97667e-49 2.58947e-120 2.00852e-110 1.30133e-81 2.38845e-60 7.17555e-88 3.00232e-129 7.77083e-47 4.06493e-111 1.6343e-108 1.69043e-143 3.00646e-122 9.2591e-90
9.46467e-45 1.23484e-85 0.0452529 1.71345e-42 1.06569e-51 1.36503e-57 1.90538e-92 6.88125e-49 3.03321e-46 2.26308e-68 1.88157e-96 3.40024e-13 5.39316e-67 9.09998e-34 0.211001 5.26669e-90 9.34208e-108 1.68946e-43 1.08013e-92 2.45067e-29 1.65388e-173 3.86529e-77 3.13762e-36
5.03643e-15 8.21393e-36 7.48057e-38 1.24303e-45 1.14217e-15 2.59482e-88 4.41393e-97 1.39759e-91 1.93189e-65 1.01831e-32 0.138431 4.09552e-137 9.10586e-115 1.26541e-101 1.91365e-59 1.18665e-83 1.90283e-108 7.08744e-29 1.0813e-77 5.49484e-85 2.05572e-74 5.54088e-74 2.24404e-84
2.18647e-14 2.78948e-17 0.131294 0.00870843 1.74485e-35 1.15024e-78 1.58699e-36 2.35307e-113 6.47954e-18 1.71348e-39 0.179125 3.90672e-63 2.60335e-72 6.81339e-66 7.59659e-16 5.32208e-82 1.18771e-117 1.1631e-42 4.99514e-119 2.08598e-23 4.60872e-51 1.6727e-24 3.50765e-68
5.56224e-46 3.24823e-84 7.70721e-45 8.52016e-47 5.25125e-69 1.34863e-80 0.0449925 9.12866e-168 4.46851e-111 9.4194e-38 2.31544e-66 1.56985e-153 0.245933 1.88926e-128 1.04277e-27 3.9256e-06 4.33089e-18 1.40829e-05 1.02753e-55 3.94958e-35 3.83796e-168 5.0661e-85 1.06267e-37
2.26668e-27 9.62351e-110 1.20894e-16 1.62604e-09 1.94436e-86 7.9773e-107 3.41618e-45 1.6928e-84 1.02515e-79 3.13507e-28 2.66077e-18 4.28916e-74 1.97163e-27 0.192744 9.91266e-11 1.32015e-83 8.17782e-20 0.100426 1.32135e-81 0.0531776 2.68369e-104 2.18075e-76 0.143718
9.27971e-21 1.49354e-107 1.14299e-61 0.0822879 1.80358e-26 3.36394e-67 1.07614e-41 7.7842e-79 1.15546e-102 8.53477e-64 5.64949e-11 1.10947e-12 2.7632e-88 2.54378e-32 7.65178e-27 0.0910974 0.426426 6.58343e-25 0.0374332 4.85743e-64 6.81277e-117 0.139752 1.53185e-40
