3.22355e-223 2.71328e-73 4.13044e-64 0.291734 1.32747e-90 4.02508e-276 2.08336e-222 6.62698e-101 2.31118e-172 1.27971e-233 1.06549e-109 5.967e-100 1.7752e-143 1.61929e-70 1.29401e-135 7.23138e-119 7.27759e-321 2.899e-56 1.07718e-38 4.83629e-245 7.03531e-229 1.2514e-155 1.32527e-50
7.02909e-155 8.36772e-131 1.31531e-141 1.79955e-200 1.23319e-203 2.49953e-171 1.65761e-135 6.13827e-133 2.49607e-60 1.08653e-213 1.48122e-56 1.22458e-265 7.47312e-146 1.4502e-263 0.0365712 9.95082e-188 7.59362e-293 8.56734e-143 2.17398e-147 9.99363e-115 2.24306e-321 3.33123e-224 2.50415e-254
3.00591e-216 4.00047e-121 9.52739e-226 2.8644e-135 1.58015e-164 6.26295e-211 6.69592e-56 3.70888e-27 3.96651e-53 9.82156e-127 3.68046e-139 3.49298e-180 5.88183e-125 0.194761 1.92112e-17 9.55521e-282 4.54686e-271 5.54269e-13 4.0864e-306 4.91779e-132 2.24826e-176 2.34771e-253 1.98045e-266
1.80013e-59 6.09903e-69 7.76691e-50 3.59255e-112 1.40346e-104 4.40276e-112 2.58992e-96 5.70807e-89 8.51066e-74 1.68752e-229 2.08601e-127 6.36749e-255 1.80928e-149 0.218776 1.09677e-117 7.26608e-209 1.53325e-296 4.01038e-43 2.10631e-142 2.38627e-154 2.52286e-249 3.80426e-81 1.62276e-239
1.8245e-140 1.03675e-223 3.00324e-127 2.09206e-147 3.63094e-159 8.18745e-117 5.07628e-35 8.997e-115 6.67413e-178 1.55406e-64 7.16076e-205 7.46357e-149 3.5193e-61 9.21097e-198 1.47395e-21 1.70479e-260 5.13306e-248 0.477949 1.99572e-55 0.289694 4.35518e-229 1.34785e-150 8.37077e-241
1.72805e-56 3.75818e-209 3.18782e-178 6.76573e-137 8.98468e-64 2.72971e-266 3.027e-273 2.77795e-12 9.54929e-78 0.287772 1.11806e-144 4.78685e-189 5.97159e-82 4.25118e-293 2.28938e-09 2.72465e-99 4.42719e-106 4.15885e-110 9.6778e-181 2.36546e-244 2.85659e-170 9.2763e-180 3.23936e-123
1.91555e-135 4.30986e-201 2.05645e-187 4.17089e-133 1.88224e-177 3.29679e-224 1.14291e-46 0.344916 8.05736e-83 2.11355e-252 0.296653 2.76117e-10 4.84122e-53 4.76567e-16 1.35868e-143 2.38817e-260 7.75189e-321 1.19874e-112 1.08911e-260 1.29223e-11 2.08002e-321 9.1939e-197 2.0075e-185
6.35865e-158 1.32695e-237 4.14611e-139 7.2426e-17 0.0871715 5.41467e-304 5.23898e-96 8.50936e-142 0.148106 0.276867 2.03789e-136 1.57769e-109 0.553363 1.39089e-119 4.19148e-33 2.1641e-314 9.31314e-321 1.00249e-12 3.64579e-97 5.42195e-50 3.09779e-321 2.7479e-68 0.229252
1.20759e-155 1.30651e-100 3.13003e-186 1.27604e-195 0.191157 1.72635e-237 3.35763e-288 1.48786e-59 1.00787e-139 1.14941e-120 1.91879e-113 1.62761e-196 2.90297e-102 8.13668e-168 0.209814 1.42593e-313 2.29052e-188 1.58356e-165 7.85793e-271 2.94355e-206 1.53721e-241 2.45349e-160 5.9351e-183
0.757119 0.42228 0.489407 3.41949e-42 7.78792e-226 1.07116 0.978098 0.075044 1.26336e-98 3.341e-153 1.19543e-234 0.231523 1.20403e-135 0.161904 1.04479e-139 0.485419 2.65104 1.56046e-141 3.67693e-274 1.2757e-26 0.855468 0.529689 7.67277e-28
8.04678e-77 6.15013e-95 8.22836e-39 2.65539e-232 3.70074e-11 5.28551e-207 4.14594e-278 7.25019e-35 9.88132e-158 4.45832e-97 9.79092e-172 1.62245e-250 0.276697 5.28898e-144 2.48977e-33 1.66006e-321 1.25181e-318 4.45799e-138 1.39694e-208 5.12127e-149 2.56914e-321 9.59789e-103 2.97557e-164
2.81333e-166 4.80507e-202 1.42622e-155 6.91593e-92 0.260717 3.75004e-117 8.38611e-276 2.49536e-139 9.00418e-77 2.04023e-52 1.64942e-219 1.17982e-34 9.71532e-100 1.11598e-247 1.64592e-123 2.7859e-152 7.3517e-321 1.18823e-83 6.08359e-86 2.1273e-118 9.87336e-210 2.18363e-84 4.84988e-174
1.93856e-179 1.54133e-181 3.56658e-202 1.0632e-98 1.71729e-143 1.03893e-232 1.61287e-280 4.05924e-136 1.74181e-53 1.69976e-171 7.87731e-225 3.12577e-108 8.51395e-40 1.73268e-173 1.49985e-123 3.433e-115 1.45469e-278 1.0701e-09 0.349143 1.62013e-138 1.32132e-298 1.28829e-168 0.112346
2.78231e-184 1.21873e-215 5.13004e-180 8.64067e-147 2.27745e-157 1.93958e-261 1.80545e-271 6.51282e-107 3.01965e-167 1.2311e-240 3.49022e-220 3.91472e-184 4.61261e-181 3.41339e-285 1.7802e-127 5.24762e-274 3.56715e-321 1.18026e-133 4.46862e-264 2.32907e-222 9.14021e-322 7.9934e-189 3.27542e-276
4.99565e-176 1.0473e-207 1.63317e-115 0.296193 2.37856e-128 2.86685e-236 5.73373e-91 4.12931e-104 3.68403e-18 3.21673e-206 2.33692e-173 4.97974e-13 8.13023e-132 3.84752e-21 8.01462e-107 4.70526e-101 7.67732e-195 9.34799e-97 6.87092e-42 8.31877e-120 1.05633e-290 1.11337e-206 9.33639e-84
