3.27287 0.127111
4.91554e-27 0.084552 5.83717e-89 3.69135e-74 3.13819e-47 6.72782e-127 1.63595e-64 9.57066e-139 5.54616e-31 9.16769e-61 1.92208e-70 6.57672e-13 2.8758e-37 8.20136e-65 0.00167564 1.78449e-31 3.15875e-23
1.78378e-41 0.320919 1.03835e-10 0.137681 1.19222e-67 4.41685e-74 6.27321e-181 6.94115e-75 2.02275e-41 1.20507e-36 5.75929e-168 2.07955e-119 1.36221e-61 2.1621e-13 0.0873323 1.69084e-48 2.09447e-78
2.81086e-64 3.29558e-26 0.164901 6.10256e-44 9.80488e-34 2.17483e-50 0.201024 0.266226 0.515717 1.5552e-73 0.0962164 1.50192e-34 4.3759 0.333062 3.17877e-14 0.684342 0.252474
1.55606e-56 0.047683 5.88301e-74 1.40901e-34 1.45708e-63 4.90294e-71 2.62879e-167 3.64918e-101 4.38455e-48 8.0092e-61 2.55734e-97 3.37146e-93 2.41794e-122 7.14477e-84 2.12327e-56 2.49604e-13 1.8499e-25
0.0760902 2.62111e-41 7.11357e-40 9.47754e-14 0.0853221 4.16898e-67 6.51213e-64 1.95193e-79 1.61159e-44 3.01912e-23 1.65586e-67 1.82289e-22 5.95395e-57 5.13398e-46 1.22054e-85 3.19699e-30 1.50337e-96
3.16542e-75 1.73768e-21 1.36413e-24 5.45594e-30 2.74455e-70 2.70074e-29 2.95519e-127 1.57981e-81 2.24314e-08 0.028104 2.21628e-100 2.49629e-61 5.54388e-91 0.346989 1.32281e-06 1.13741e-50 3.14988e-77
0.0152265 0.219222 7.1234e-98 1.33458e-06 2.51262e-17 1.39958e-114 2.53715e-100 5.61988e-66 8.36797e-49 5.5045e-24 3.33806e-63 0.164735 1.38262e-47 2.09796e-17 1.53466e-72 7.80032e-44 4.86684e-23
4.42451e-26 1.88608e-73 1.73341e-18 3.97072e-81 0.0682549 1.91394e-48 1.32431e-72 1.097e-149 1.03725e-32 1.93087e-61 4.08851e-100 8.29064e-27 1.20334e-117 1.22287e-32 5.06629e-97 7.30096e-57 2.51689e-90
3.83439e-08 9.68219e-40 1.54364e-21 6.32421e-50 1.26036e-16 0.0466899 4.26767e-53 5.85509e-54 5.78079e-25 1.05233e-12 2.62848e-104 3.18804e-40 4.79319e-31 9.22055e-76 3.02894e-89 4.75923e-25 0.0482297
