5.49532 1.04966
7.30229e-321 1.01234e-320 7.54932e-321 1.12548e-320 8.30524e-321 4.3626e-321 1.11609e-320 1.17143e-320 1.24321e-222 1.39574e-320 3.27455e-178 1.61806e-320 3.80579e-320 8.0928e-321 2.22683e-203 2.11015e-320 1.86675
4.66892e-321 3.60668e-321 3.95747e-321 4.56517e-321 7.85564e-321 5.46437e-321 8.80425e-321 5.91891e-321 0.404139 5.88926e-321 8.76967e-321 8.75484e-321 1.99899e-320 2.32211e-321 0.493708 3.67467e-67 2.17883e-321
12.4016 9.21516 10.861 16.7474 7.68995 4.10265 10.5796 3.25258 1.55878e-320 22.818 13.9073 22.7372 51.3733 9.30421 5.04794e-84 8.36729 2.78295
3.25095e-321 3.31518e-321 3.11755e-321 4.35766e-321 3.40905e-321 2.23812e-321 1.04989e-320 0.364124 1.71804e-314 4.93572e-321 5.32603e-321 7.47521e-321 1.59287e-320 2.12942e-321 1.50938e-127 6.05724e-321 2.31223e-321
1.14821e-320 1.87745e-320 1.30878e-320 1.1571e-320 2.03703e-320 9.29832e-321 1.45464e-252 6.08137e-280 1.63574e-206 1.76134e-320 2.64819e-320 1.93031e-320 4.16942e-320 7.68766e-321 1.07863e-56 2.94414e-320 0.304507
5.00488e-321 5.42484e-321 5.94361e-321 9.02658e-321 6.62542e-321 2.77665e-321 2.07809e-185 8.75978e-321 9.1055e-182 8.83389e-321 9.66392e-321 1.47133e-320 2.9718e-320 4.02664e-321 7.11006e-234 0.420626 8.21137e-321
2.96933e-321 3.12744e-321 3.18672e-321 3.41399e-321 3.34482e-321 2.61361e-321 7.00091e-321 8.34971e-321 3.09779e-321 6.07701e-321 4.86161e-321 7.52462e-321 2.5978e-320 1.70453e-321 0.283835 6.09119e-295 2.17883e-321
4.3873e-321 3.50787e-321 3.54739e-321 4.46141e-321 3.34482e-321 5.09876e-321 1.18428e-320 0.679161 0.580893 6.744e-321 6.07701e-321 8.99199e-321 2.68327e-320 2.44068e-321 1.06896e-202 3.50835e-301 3.96241e-321
3.97229e-321 3.62644e-321 3.14226e-321 4.25391e-321 3.33e-321 2.29741e-321 7.3517e-321 4.86161e-321 9.47159e-291 6.64518e-321 5.09382e-321 7.14419e-321 1.68921e-320 2.14919e-321 0.235999 1.11313e-320 2.65807e-321
