2.88354 0.882485
0.0958289 1.20628e-67 2.72747e-107 4.23322e-64 6.42285e-322 1.11659e-321 5.08888e-322 2.61855e-322 1.47232e-321 4.15015e-322 2.71736e-322 4.00193e-322 5.2371e-322 3.21143e-322
3.38929e-321 6.9515e-321 1.72429e-320 1.55137e-321 9.10563e-321 0.318393 9.85167e-321 1.64129e-320 1.82162e-320 1.3288e-83 4.74797e-321 3.34868e-77 1.05779e-320 2.32507e-320
6.46906e-252 1.50245e-320 1.70008e-320 2.38293e-134 9.1478e-154 1.25097e-320 0.23684 3.16202e-321 1.40068e-320 3.41399e-321 3.50293e-321 0.157698 6.96578e-217 2.79147e-321
8.16183e-27 1.1454e-68 0.201977 0.0011009 6.07701e-322 1.06718e-321 4.89125e-322 2.47033e-322 1.13141e-321 3.85371e-322 2.42092e-322 3.65609e-322 4.5454e-322 3.0138e-322
2.63831e-321 6.48425e-228 1.59139e-320 3.82208e-212 4.26379e-321 1.0741e-320 5.35073e-321 2.1393e-321 0.334928 4.08098e-321 1.86263e-321 3.70324e-317 3.4881e-321 2.08002e-321
1.35927e-09 4.20647e-320 1.34583e-320 4.12545e-321 3.99846 9.81365 1.92743e-262 6.14687 5.92696e-37 6.26573 4.41473 0.312904 1.43081e-320 7.50278
4.71833e-321 6.57601e-321 1.93026e-224 1.66994e-321 1.04791e-320 1.43773e-320 5.75586e-321 2.87052e-321 3.44344e-230 4.58493e-321 2.90511e-321 4.44659e-321 0.192024 3.37941e-321
2.38634e-321 9.49425e-126 1.45799e-320 6.28712e-243 2.18739e-121 1.84946e-154 6.18076e-321 2.63337e-321 2.64837e-255 5.44954e-321 4.16003e-321 2.68959e-145 0.441858 5.13828e-321
1.5069e-321 6.34874e-321 1.16352e-320 6.3772e-37 1.03457e-320 1.88387e-320 0.907392 4.01675e-321 2.35179e-225 4.76279e-321 4.41201e-321 1.67575e-247 6.27463e-321 5.36555e-321
1.10942e-05 0.0105147 0.0130125 0.00158863 1.4822e-323 2.47033e-323 9.88131e-324 0 3.45846e-323 1.4822e-323 9.88131e-324 4.94066e-324 9.88131e-324 0
2.52468e-321 5.02632e-188 1.33731e-103 6.01741e-97 7.93469e-321 1.53704e-320 7.8507e-321 3.79936e-321 0.21996 1.03457e-320 3.05333e-321 5.80527e-321 7.53944e-321 3.1472e-321
1.53654e-321 8.71532e-321 3.88069e-86 7.35574e-104 5.67187e-321 9.28349e-321 4.91595e-321 1.83298e-321 0.378688 6.42779e-321 2.12448e-321 6.04692e-139 7.20348e-321 2.75689e-321
2.42586e-321 2.2875e-296 1.75937e-320 9.38206e-301 1.92367e-264 8.68073e-321 8.25438e-267 2.1393e-321 0.950312 2.79147e-321 1.80828e-321 0.356592 4.05134e-321 2.09978e-321
1.90215e-321 2.69485e-272 1.27914e-320 2.9664e-199 9.13033e-321 1.50298e-211 1.01086e-320 6.20546e-321 1.86096e-138 8.81907e-321 3.68079e-321 0.60259 1.99534 4.57011e-321
2.81633e-310 6.9515e-321 1.28309e-320 3.86321e-302 2.48515e-321 4.48612e-321 2.65313e-321 1.0326e-321 0.202893 1.55631e-321 1.08694e-321 1.7984e-321 1.84781e-321 1.21046e-321
1.9812e-321 1.04791e-320 1.08645e-320 2.23318e-321 6.84775e-321 4.09711e-228 0.904845 4.28355e-321 1.05681e-320 6.2944e-321 3.35471e-321 3.79918e-56 8.95247e-321 4.74797e-321
1.76356e-168 9.06672e-293 1.66986e-250 1.33398e-321 2.80629e-321 5.91397e-321 2.51973e-321 1.22528e-321 0.174931 2.30235e-321 1.24505e-321 2.76124e-205 2.90017e-321 1.42291e-321
3.20649e-321 4.57395e-134 1.61214e-320 1.94662e-321 0.667016 2.50783e-287 5.7437e-22 4.77761e-321 8.72913e-257 8.67085e-321 3.11755e-321 4.04146e-321 7.1936e-321 4.96042e-321
