2.58286 0.551796
2.25795e-150 8.15791e-298 1.17691e-79 1.15326e-30 3.51281e-321 2.40116e-321 1.36205e-193 2.4308e-321 0.184641 1.0326e-321 1.01778e-321 2.83947e-127 3.51866e-239 5.582e-101
1.48467e-320 2.22089e-265 7.41098e-323 4.94066e-323 3.75984e-321 2.54938e-321 1.12647e-320 2.4308e-321 0.068541 2.81666e-142 1.81816e-321 2.75063e-155 1.63906e-318 3.00741e-39
1.05137e-320 7.21336e-322 2.69807e-213 2.51864e-78 4.89184e-215 1.6897e-321 6.11737e-291 2.96137e-142 0.149742 1.60571e-321 2.17389e-321 2.10741e-79 3.09285e-321 2.95232e-253
2.04741e-320 7.57859e-215 7.41098e-323 7.90505e-323 1.66466e-298 3.63632e-321 0.125545 3.89324e-321 1.91796e-320 2.19573e-312 2.25788e-321 1.33775e-248 5.09382e-321 1.53941e-287
1.18032e-320 5.2371e-322 1.18576e-322 5.03043e-124 4.83169e-134 3.39917e-321 2.44054e-170 4.48612e-321 1.04154 1.92425e-39 1.66173e-199 6.0386e-247 2.31717e-321 3.96247e-282
7.69417e-283 5.73116e-322 2.80546e-104 2.05104e-150 8.33722e-136 3.29542e-321 4.9853e-289 5.68523e-284 5.82193e-63 1.72046e-10 0.13534 9.53547e-321 2.78671e-196 1.64698e-311
3.86095e-228 3.90312e-322 8.89318e-323 2.47452e-18 0.530205 1.97132e-321 8.35767e-219 1.36495e-283 4.94153e-249 1.88733e-321 1.71441e-321 1.46298e-70 2.95294e-101 1.90288e-27
1.12499e-320 8.44852e-322 1.5316e-322 1.93817e-120 6.64387e-172 2.41598e-321 1.09323e-61 1.3061 1.4239e-320 2.4194e-260 1.67488e-321 1.43201e-07 0.863657 8.21137e-321
2.63139e-320 8.59674e-322 7.41098e-323 1.01439e-136 0.429242 1.69814 6.71372 2.0885e-81 1.06003e-84 1.68132e-281 0.790624 1.36966e-295 0.107716 1.10819e-320
1.16204e-320 4.39718e-322 8.89318e-323 1.78147e-87 3.70549e-321 1.98614e-321 1.47034e-320 3.913e-321 0.110658 9.33784e-322 1.96144e-321 8.30964e-27 2.8557e-321 4.91092e-70
4.33722e-242 3.10885e-59 2.36088e-206 6.86677e-42 0.161834 1.59583e-321 1.74949e-320 2.97922e-321 5.80953e-174 5.24946e-280 2.26282e-321 9.89119e-321 2.4061e-321 1.01313e-268
1.10671e-320 4.75499e-145 3.61013e-288 7.73316e-103 6.84149e-201 1.94168e-321 1.27365e-175 4.57999e-321 1.4561 2.89332e-32 3.14069e-315 1.58841 2.46045e-321 1.33351
1.64474e-320 8.13461e-24 1.1447e-317 5.92879e-323 0.0690728 1.9318e-321 1.24949e-320 4.33264e-243 1.66648e-320 0.0721177 1.47726e-321 8.03351e-321 2.79147e-321 1.31307e-29
9.19205e-176 5.68175e-322 7.41098e-323 1.1878e-22 0.244799 3.01874e-321 1.08991e-320 2.70254e-321 1.05667e-200 0.102832 2.33693e-321 4.25185e-86 3.81737e-131 2.10072e-30
1.17821e-72 0.11643 1.61461e-280 8.3801e-191 2.14646e-108 2.07014e-321 8.4646e-288 2.50985e-321 1.0993e-320 8.15208e-322 2.11954e-321 7.39616e-321 2.48021e-321 3.37486e-184
5.17482e-214 4.10074e-322 4.96898e-160 2.4537e-203 2.2314e-130 3.26577e-321 1.1408e-320 4.47623e-321 1.77497e-106 0.15471 3.8008e-154 0.508718 5.76013e-135 7.41671e-171
1.19564e-320 7.11455e-322 9.88131e-323 6.91692e-323 7.14913e-321 2.37152e-321 1.19069e-42 1.14509e-05 1.45305e-320 2.86638e-99 2.06519e-321 0.030307 4.72327e-321 3.51837e-171
0.00449408 3.36213e-14 4.1469e-05 0.186894 0 0 0 0 0 0 0 0 0 1.4822e-323
