1.29418e-83 3.55604e-39 1.44877e-22 8.47661e-95 0.14245 1.41725e-78 4.92933e-101 0.102133 2.21038e-114 3.09576e-89 5.11657e-38 2.53895e-23 4.41065e-53 3.59625e-122 4.20407e-97 4.61415e-121 1.48715e-139 0.301838 4.93639e-113 0.0431167
1.34721e-57 0.543696 6.7288e-49 1.02465e-08 2.8392e-74 2.12378e-101 1.93562e-73 2.97339e-102 3.14307e-78 3.86745e-80 4.84946e-69 2.43984e-45 2.51158e-152 2.76821e-97 1.71735e-81 5.44671e-116 3.01719e-81 7.83475e-52 4.7521e-133 6.83053e-66
9.51334e-07 5.93198e-58 9.07519e-112 3.42556e-117 1.29467e-26 8.40193e-76 4.39863e-78 9.37912e-73 2.0956e-175 2.19982e-14 0.207117 1.36704e-85 8.66424e-193 1.90415e-176 9.14653e-130 1.17014e-102 1.83123e-109 0.0749779 5.68588e-141 4.9086e-102
1.63506e-116 0.767671 4.34968e-88 4.6104e-97 4.24341e-88 6.04235e-78 2.60959e-130 2.37411e-92 1.19603e-128 5.89133e-40 6.4707e-36 1.5867e-111 1.59633e-147 1.8584e-182 2.01124e-113 1.6082e-106 3.84128e-129 1.28055e-48 9.24442e-72 2.08631e-94
5.97225e-152 0.0812809 1.99557e-90 4.84871e-101 1.34357e-53 1.20794e-93 1.60878e-125 7.28011e-68 3.29628e-182 1.05458e-73 6.12924e-79 1.71107e-71 1.52648e-179 4.88071e-147 1.06117e-147 5.28517e-149 1.14444e-108 4.42735e-128 1.16594e-147 6.93054e-54
7.3189e-117 6.47133e-10 2.19255e-93 4.08124e-117 5.17705e-13 1.19124e-90 2.31042e-92 9.67525e-70 9.48457e-142 4.55431e-57 1.83464e-80 4.42923e-32 1.19157e-172 4.72518e-97 2.59972e-100 1.0004e-38 6.62494e-107 0.317227 1.64925e-67 3.78184e-13
9.31874e-33 1.54869 1.78436e-75 3.23161e-26 2.94358e-66 1.19613e-68 2.74502e-111 0.00110174 2.99873e-139 0.00147543 6.23352e-71 1.02254e-18 8.88141e-211 2.71186e-178 6.15134e-90 5.47787e-159 1.1908e-56 4.7307e-84 1.1423e-88 1.8772e-100
1.95015e-149 0.55246 1.39372e-108 1.91431e-89 1.2388e-39 4.84779e-56 1.38255e-89 2.93359e-56 1.96921e-149 9.19969e-45 9.76245e-78 6.09389e-51 3.58369e-180 2.41357e-98 3.8661e-109 2.03985e-80 4.50435e-90 1.84755e-129 2.07885e-114 4.03726e-67
2.88909e-130 0.0372916 3.68365e-69 9.00591e-88 1.23287e-111 1.28559e-73 3.66015e-127 5.67408e-86 2.31912e-131 1.35634e-57 2.81947e-37 3.40473e-80 3.25953e-162 2.81808e-89 1.16835e-92 2.25377e-68 7.0071e-68 3.36346e-114 1.36929e-109 1.14757e-70
1.24722e-43 2.08816e-84 4.72164e-34 1.56341e-39 4.61441e-54 0.429813 0.367637 5.29184e-50 0.209056 0.549416 9.65304e-37 3.55219e-17 0.113044 0.0890271 0.252434 0.235072 0.0383613 1.96348e-56 1.67419 8.07487e-50
3.35313e-122 0.157466 7.69746e-79 1.65322e-127 1.84986e-48 3.57025e-85 4.01796e-95 2.55931e-63 1.0677e-163 7.38419e-87 2.58013e-86 6.19505e-108 4.96842e-192 3.60614e-103 3.41339e-153 3.55085e-154 1.06311e-89 3.10315e-112 8.16558e-105 4.03516e-69
2.5117e-31 1.01148 1.35411e-85 1.14696e-76 9.38265e-43 3.43727e-98 6.69246e-147 4.17495e-105 3.88579e-175 2.30348e-66 6.85943e-76 5.67822e-66 1.83797e-205 1.93073e-105 8.76335e-154 3.25424e-60 9.97035e-104 4.21425e-37 1.66218e-52 2.34347e-64
3.16567e-56 0.30493 5.91752e-116 1.07122e-41 3.87982e-71 3.46244e-102 2.76557e-106 5.64402e-40 3.48559e-84 6.07575e-72 5.16647e-57 1.11089e-48 6.19983e-159 1.89359e-93 1.02145e-76 2.38323e-131 3.05651e-50 1.07664e-123 2.22726e-63 6.43962e-104
1.13591e-121 7.23717e-15 0.0936346 3.78393e-18 0.0234553 3.43161e-116 2.20716e-70 3.80428e-114 6.4152e-91 8.03714e-46 1.21683e-16 1.61741e-106 1.90408e-92 1.0376e-190 1.83097e-61 3.73159e-67 3.34831e-102 8.03291e-118 9.66292e-58 1.46681e-74
5.52577e-103 0.165968 8.66875e-101 1.7375e-135 1.79164e-103 1.51383e-83 2.9941e-115 2.50468e-60 1.02512e-119 9.12249e-82 3.86268e-49 2.46557e-64 4.91311e-190 1.27197e-164 1.79046e-125 1.16143e-89 3.59558e-96 8.31983e-96 1.72379e-98 7.12911e-54
3.4517e-146 0.0283132 1.15426e-101 0.388966 5.4277e-81 8.8863e-110 2.4739e-37 1.2733e-25 2.88706e-114 1.03726e-95 0.137647 3.86821e-108 1.00587e-191 1.2674e-85 3.39577e-92 5.52575e-47 2.59967e-155 5.26942e-56 6.59646e-38 4.9562e-85
0.104755 7.18137e-37 1.02928e-15 0.233516 3.61223e-27 5.20659e-84 5.08741e-137 2.74308e-12 1.31651e-77 3.90984e-28 7.22955e-54 1.71647e-62 9.93327e-191 5.24064e-81 2.51117e-155 1.24554e-58 4.22917e-82 1.12645e-142 4.93894e-138 8.08813e-49
1.6867e-114 1.24244e-44 2.43887e-12 1.55423e-96 4.29008e-64 2.10872e-49 2.26086e-133 0.0461469 2.28259e-56 6.39463e-66 5.24011e-15 1.62989 1.99147e-133 1.90628e-54 4.73763e-53 4.60187e-67 1.52121e-66 8.70676e-26 4.64269e-34 2.98619e-59
