3.99694 0.201232
2.28832e-49 8.05805e-169 1.23909e-105 7.03716e-91 1.73655e-172 3.72431e-30 0.359635 8.93765e-102 6.71799e-232 1.20058e-321 8.69712e-167 1.14129e-321 4.65523e-188 1.19564e-321 4.53962e-180 1.20353e-205 4.47525e-256 3.21147e-27 2.19915e-131 1.53455e-126
6.12789e-07 1.29084e-141 1.00623e-223 5.26081e-57 3.91866e-225 8.82244e-53 0.0215027 2.36218e-127 4.11128e-213 1.69109e-231 5.19773e-164 1.75676e-306 4.25096e-173 1.45255e-321 3.89678e-86 1.09683e-321 3.30729e-273 5.7919e-11 7.10661e-117 2.42617e-139
1.51762e-189 0.0550166 2.02789e-146 1.33e-158 2.72848e-137 1.7938e-183 3.69075e-72 1.33114e-80 1.28844e-176 6.44606e-267 2.75891e-160 1.30927e-321 1.38374e-67 1.07441e-241 1.39341e-166 1.24185e-243 3.97602e-273 2.6959e-174 4.85115e-134 1.67689e-206
1.36632e-111 9.32373e-100 1.28525e-191 4.20507e-86 8.66777e-244 5.85974e-114 0.367556 6.92091e-163 7.47002e-102 5.57862e-283 1.4015e-172 8.89318e-322 2.89994e-108 8.94259e-322 6.38298e-118 7.70742e-322 2.50533e-191 1.52387e-147 2.6454e-104 9.93382e-219
1.03298e-35 5.15403e-21 0.598538 1.5963 0.472616 0.288108 4.73446e-63 3.77017e-140 4.74458e-181 0.655484 0.0868488 0.725948 6.45931e-92 0.904605 1.06843 0.704504 0.389844 0.256445 2.00047e-08 1.34686
4.54909e-172 9.88454e-228 1.66104e-233 1.33792e-200 5.7818e-287 1.43214e-169 2.47914e-69 4.49393e-175 4.73001e-235 1.67982e-322 7.15511e-232 1.58101e-322 2.56868e-218 1.72923e-322 2.89942e-244 1.4822e-322 7.3989e-269 1.65088e-181 1.62783e-137 6.9861e-251
0.164489 0.0628903 9.08685e-203 2.10333e-221 2.69238e-142 6.18025e-109 3.82061e-75 2.8984e-36 4.75044e-57 1.37354e-309 2.20719e-162 1.1907e-321 9.23496e-106 1.56125e-321 5.85762e-153 4.89495e-310 1.58579e-79 1.88848 0.757278 2.52417e-140
1.89787e-147 5.81387e-241 2.75579e-228 1.44421e-173 1.17666e-123 9.25075e-185 1.26962e-45 1.63405e-75 7.00023e-142 2.77643e-318 9.48548e-248 1.57794e-311 2.34514e-78 1.50196e-321 2.96253e-174 1.15117e-321 3.94681e-147 0.01919 1.66712e-82 1.16701e-232
5.57873e-172 1.34925e-159 7.7913e-119 6.84075e-129 3.37291e-112 1.73185e-171 5.56099e-38 0.178564 8.47243e-213 1.84614e-182 7.96649e-25 1.29227e-282 9.7517e-157 9.35459e-305 2.67721e-36 4.53689e-293 5.92317e-23 2.21267e-135 5.36454e-118 6.38966e-206
1.37577e-121 9.57482e-240 1.52531e-96 3.48507e-157 6.53922e-245 1.97104e-117 8.4254e-22 0.00518961 3.58993e-158 3.78903e-281 7.68605e-205 5.80799e-242 0.297349 1.48262e-247 8.1324e-260 1.27469e-321 5.65519e-268 3.72641e-103 0.617718 1.20357e-100
4.24774e-76 5.54103e-122 1.03423e-209 6.34011e-170 1.30225e-213 1.85203e-158 0.619043 7.23416e-134 9.3466e-186 7.46039e-322 3.67517e-155 7.21336e-322 1.90329e-208 9.0414e-322 5.25311e-145 7.06514e-322 5.4032e-202 7.3969e-43 1.45511e-95 2.41173e-222
3.04326e-35 7.01143e-185 1.29276e-166 1.5721e-107 4.35806e-145 5.9193e-96 6.62528e-28 5.67624e-74 0.113379 4.57317e-257 0.634244 1.5316e-321 4.8989e-63 1.20038e-247 1.31506e-187 5.15639e-244 2.35789e-149 9.22425e-121 3.76675e-31 2.43044e-104
7.33303e-94 1.41319 5.84205e-96 1.38979e-163 1.0225e-298 1.10243e-186 1.15256e-55 2.01244e-61 7.39852e-267 4.86622e-215 0.132435 1.57607e-321 2.64246e-85 1.64524e-321 4.5623e-231 2.73542e-160 3.12092e-84 4.21319e-94 4.93912e-22 4.08601e-95
6.3692e-87 1.06262e-120 2.84689e-166 1.06628e-58 3.46018e-298 4.91814e-41 8.625e-80 1.88161e-177 2.36211e-62 2.37636e-250 2.11259e-161 8.84e-258 5.43255e-39 1.44267e-321 5.47156e-88 7.5326e-233 5.86708e-65 9.23418e-161 0.17009 3.57128e-119
3.61409e-138 4.63681e-31 5.49475e-155 1.59118e-25 1.51939e-295 3.90955e-46 0.141696 0.090365 9.07493e-109 8.34298e-281 1.73726e-44 1.67437e-271 2.36714e-170 1.76876e-321 5.01931e-139 2.41207e-216 5.03322e-51 4.78037e-184 3.4114e-68 2.23635e-248
9.13582e-116 3.51985e-174 1.04717e-157 6.12565e-181 5.85382e-269 2.32397e-120 1.16889 8.71723e-117 1.18265e-224 3.91397e-316 1.28209e-216 7.26276e-322 1.7015e-128 9.0414e-322 3.54004e-205 7.46039e-322 7.41278e-156 4.27132e-112 2.5344e-93 4.07575e-171
7.38963e-44 2.84772e-166 4.59182e-198 3.84329e-186 2.00051e-180 4.61545e-89 1.10503 3.33852e-68 1.23887e-166 9.0414e-322 6.42412e-84 8.69556e-322 5.667e-185 9.53547e-322 1.21127e-182 1.00295e-321 1.12247e-251 3.12267e-176 5.56502e-121 1.00318e-209
9.82249e-150 9.06902e-159 1.05436e-144 4.71432e-138 4.23892e-294 3.24224e-136 0.8856 1.19429e-183 1.80881e-127 8.70988e-300 1.56042e-156 6.89358e-294 7.28213e-190 8.94259e-322 2.85645e-259 7.16395e-322 8.18403e-138 4.65565e-159 3.48163e-94 1.09708e-176
