1.57345e-30 5.84277e-181 3.70643e-107 1.36461e-231 3.36741e-18 8.0487e-137 2.22069e-74 4.12523e-160 6.58299e-104 5.00386e-122 0.208606 2.7466e-147 2.11726e-115 2.83025e-142 3.25151e-72 1.89087e-113 3.02484e-172 7.16465e-50 2.30037e-96 8.44861e-49
2.9723e-54 2.69069e-210 2.95419e-106 2.95972e-219 0.204149 2.99237e-134 0.00426579 3.02028e-220 1.62154e-84 2.65031e-122 1.94009e-05 6.74368e-83 2.03819e-161 4.55553e-65 6.4392e-58 5.54862e-27 1.12974e-194 1.90517e-108 0.50946 1.62013e-82
8.27685e-133 3.565e-257 0.213409 0.396358 2.97302e-74 1.40959 3.11081e-11 3.36938e-246 6.08948e-82 3.89386e-53 6.63998e-117 0.470911 2.2192e-97 8.8083e-126 0.930337 0.124886 4.8309 1.4644e-88 1.81083e-74 1.03254e-63
7.80008e-162 1.10483e-230 2.513e-13 6.71849e-184 1.12667e-144 1.79432e-152 1.28537e-85 2.02545e-191 1.58099e-40 9.00057e-54 3.915e-38 3.19373e-104 1.25037e-87 3.13571e-167 1.76761e-52 1.28468e-78 1.76229e-115 1.02862e-100 3.57629e-107 0.00303972
2.97378e-40 1.19271e-178 2.03811e-80 8.95575e-224 3.64946e-67 9.89231e-27 0.125129 4.31846e-232 9.37204e-147 0.0455128 4.19477e-70 4.2459e-184 2.68255e-218 9.0141e-49 8.53356e-154 0.196994 2.06321e-137 2.41239e-164 5.56385e-78 6.70127e-55
1.265e-152 7.32143e-180 6.33742e-95 4.11675e-158 1.96654e-60 2.72346e-99 5.71887e-06 1.17467e-96 1.97236e-123 3.24936e-55 9.96147e-108 9.85209e-139 1.6751e-224 4.83046e-158 8.14356e-140 7.39158e-120 1.47816e-103 7.0557e-94 0.182622 1.07475e-110
1.14035e-114 0.248388 6.91069e-101 2.46005e-197 2.88099e-41 1.73355e-169 2.24475e-17 0.0736507 1.27706e-49 1.54441e-05 1.43706e-35 4.80063e-168 0.247461 7.19824e-79 0.0336125 4.26616e-134 8.97974e-24 0.695131 4.13344e-39 3.6499e-101
1.19319e-89 1.67137e-210 1.37116e-96 1.97826e-209 6.45614e-82 8.8334e-105 5.84023e-112 3.85266e-222 2.0118e-106 0.198745 2.03156e-49 2.44727e-131 3.74884e-173 5.78675e-55 3.98574e-175 2.41642e-73 8.70219e-85 7.54665e-129 3.82327e-79 1.87927e-58
1.37508e-89 5.31324e-244 2.47683e-60 2.06372e-187 6.6707e-118 1.16052e-182 0.0658179 3.92269e-130 3.77136e-150 2.72821e-42 2.45262e-66 1.00273e-128 2.95787e-264 3.59134e-131 1.0624e-127 8.30352e-84 6.08403e-84 2.39668e-74 2.92549e-115 0.0688775
3.81633e-174 4.94743e-237 9.85578e-71 4.72755e-131 4.67522e-141 5.30406e-162 6.53934e-74 5.49075e-85 1.20158e-110 2.64818e-118 6.97216e-111 2.02817e-208 1.23179e-84 0.159293 1.86044e-188 4.45483e-148 2.94117e-160 3.98389e-50 9.22672e-69 8.13812e-13
0.1012 4.40015e-252 3.20526e-06 1.30427e-154 1.62627e-36 2.00361e-123 1.05561e-26 1.81876e-27 1.49367e-120 6.3699e-90 4.81281e-32 1.63258e-173 7.38549e-74 0.0634972 0.154579 1.58696e-37 7.41464e-142 4.46734e-69 8.12992e-52 1.77241e-16
8.15995e-161 2.02919e-241 1.97129e-93 6.82342e-250 2.49964e-140 1.30976e-137 6.70941e-103 5.69344e-185 2.02756e-135 1.04358e-132 1.93778e-99 3.02625e-216 2.07036e-257 1.15843e-176 1.58578e-136 3.85025e-163 1.89315e-162 1.02937e-166 2.56321e-114 1.23204e-101
5.01406e-174 9.83405e-187 2.84212e-05 1.03707e-115 0.404882 2.07698e-169 1.64228e-26 1.65579e-89 1.59144e-161 1.54059e-103 9.36554e-113 1.49126e-135 3.04892e-127 2.35572e-152 1.76039e-20 2.45466e-117 2.83553e-141 1.14143e-70 1.96655e-15 0.00376837
1.59959e-164 2.304e-276 7.16523e-47 1.93742e-175 9.65974e-115 1.14114e-69 2.28229e-09 5.16414e-109 1.21583e-160 0.0663375 0.639587 4.68963e-219 3.21892e-204 1.54286e-76 3.68816e-127 1.09149e-143 1.27444e-199 9.8677e-162 1.89563e-68 5.41703e-126
1.08054e-159 1.36401e-223 8.72709e-23 1.54667e-145 3.44371e-31 9.95136e-88 1.08877e-34 9.00202e-155 6.61245e-158 0.272211 1.49294e-95 2.24628e-170 6.90001e-162 2.70359e-106 4.99793e-120 3.56514e-77 9.55294e-130 2.66198e-113 9.72264e-82 2.0462e-13
2.53622e-117 5.07068e-83 0.0017145 7.40233e-179 0.155708 3.55473e-189 2.20049e-17 2.56981e-44 0.142102 7.92262e-89 7.11354e-118 3.45334e-75 5.37545e-130 2.46697e-06 6.69707e-137 5.3659e-59 2.18338e-76 1.98531e-112 3.55985e-107 8.43473e-19
2.67374e-24 9.34137e-205 3.80677e-28 1.96934e-230 2.01727e-09 5.40891e-38 1.25172e-108 7.23797e-227 3.86134e-20 0.0365021 1.59161e-62 5.03633e-150 1.88343e-130 4.3701e-05 5.36543e-71 0.410728 1.77779e-134 1.3234e-72 1.21208e-57 1.3203e-103
1.74761e-185 5.38076e-247 1.6401e-110 3.72517e-235 1.10985e-89 1.63182e-103 0.012796 1.71522e-120 4.9653e-140 9.80769e-05 9.68679e-61 5.39701e-125 8.99052e-242 1.43783e-148 5.44539e-185 4.00006e-136 3.29426e-105 5.62028e-148 2.68197e-80 1.92303e-132
