1.95845e-84 4.82346e-84 2.30206e-70 1.00321e-83 1.01725e-08 2.00761e-50 0.337066 1.50316e-58 6.0834e-150 7.48874e-18 8.40023e-35 0.398394 1.94469e-38 3.88242e-19 1.74897e-170 6.98752e-09 0.000151349 4.74342e-148 5.39825e-174 0.216295 0.0809282 0.0781262 2.53942e-95 5.85659e-19 7.66649e-73 8.26546e-111 2.54813e-15 1.30993e-120
1.85442e-52 1.95581e-53 1.62001e-119 1.45075e-91 6.39898e-111 1.06283e-63 1.27211e-129 8.52834e-70 1.19363e-46 2.50753e-11 3.05957e-33 1.2129e-98 1.03643e-35 9.15984e-108 9.41193e-167 4.51817e-34 1.40503e-34 1.36147e-92 1.04393e-94 1.87483e-139 9.22709e-117 5.20859e-105 3.80184e-66 6.54705e-79 4.00757e-34 2.69739e-43 0.106812 2.95073e-123
9.04644e-110 4.34133e-78 5.8611e-113 1.63572e-24 1.11913e-83 8.54752e-70 9.42288e-104 7.68393e-115 1.19054e-139 2.96633e-85 7.92702e-100 2.54214e-62 1.64763e-57 0.162348 5.10445e-131 1.20551e-84 8.30252e-64 3.03738e-117 1.7746e-78 1.22296e-54 6.89268e-87 3.10263e-82 8.91289e-76 1.49207e-97 4.71065e-73 5.84247e-111 7.2211e-90 1.27468e-134
0.00221191 0.00263702 0.000118577 0.0105873 7.73907e-120 4.75376e-82 2.38505e-169 7.0412e-127 2.00899e-187 5.49619e-109 3.62882e-101 3.26738e-131 1.46918e-103 1.77498e-130 1.1627e-174 1.64509e-101 4.92476e-103 6.80237e-161 5.52868e-178 1.07878e-159 3.40116e-140 1.11545e-175 8.66336e-131 5.63329e-112 2.58822e-93 7.12829e-173 6.16773e-141 6.17302e-137
6.10713e-53 1.71797e-24 6.26686e-78 0.00322219 9.64219e-30 3.20288e-70 1.48569e-05 5.91456e-109 4.26437e-49 1.68291e-51 1.54505e-47 1.21012e-56 6.74539e-94 2.06981e-26 2.29954e-74 2.89864e-08 3.71221e-54 0.0616969 4.54747e-30 7.88477e-33 2.24789e-41 1.85562e-172 0.0507205 0.395871 1.02787e-33 6.21404e-80 1.65916e-135 1.12179e-94
4.50557e-27 6.12128e-137 1.04298e-175 1.38875e-41 7.72262e-56 1.08102e-53 3.599e-148 9.41962e-66 0.194752 0.362521 5.07801e-14 7.20273e-95 3.12007e-69 8.14634e-54 0.521059 1.28233e-05 2.14105e-90 0.273329 3.83421e-71 3.42129e-10 3.75388e-16 2.47401e-22 3.80558e-52 9.31828e-86 8.75446e-63 0.559415 1.01879e-68 0.103372
8.47441e-46 1.16232e-91 3.51072e-34 8.76707e-24 2.69816e-34 8.62622e-39 1.49967e-58 4.33741e-45 1.40668e-113 2.45773e-71 7.2455e-96 1.38086e-82 0.540459 6.9965e-115 1.49108e-124 0.0210352 0.000463843 1.93085e-45 0.0555499 6.95038e-120 7.60419e-18 9.44099e-167 0.00013423 5.49665e-47 3.81617e-69 2.68433e-143 2.94773e-110 4.75051e-40
6.42613e-27 1.1104e-112 4.67781e-84 4.60928e-22 3.9394e-97 0.110786 1.42068e-161 0.104881 1.74482e-159 1.96056e-48 0.0908622 6.17734e-105 4.69446e-99 1.65885e-25 4.62649e-68 0.121276 0.0383378 3.13537e-149 9.86441e-67 1.44481e-112 1.83512e-43 4.75559e-130 1.55994e-90 1.30323e-72 1.58005e-82 5.01559e-25 4.91393e-104 1.04863e-101
8.76139e-100 1.93696e-45 1.14986e-159 1.88371e-25 0.167354 3.81317e-47 9.11226e-20 3.11126e-76 5.39046e-32 0.163114 3.8477e-30 3.02031e-106 4.07038e-85 7.03428e-29 2.75643e-124 6.50967e-08 7.83771e-11 1.50694e-11 4.00282e-160 3.09505e-50 6.14553e-117 1.12921e-104 0.481018 2.15439e-103 2.68701e-66 6.68365e-53 1.56492e-135 1.17698e-48
3.24019e-112 2.20172e-98 3.11379e-125 1.3271e-98 7.69021e-107 4.25233e-68 1.77117e-40 3.74455e-104 1.92236e-104 1.30177e-06 7.79027e-06 1.98319e-49 1.87333e-24 6.2833e-11 2.7527e-168 3.43096e-05 4.85764e-92 1.99098e-108 3.6288e-25 1.53537e-12 2.32034e-115 8.03082e-115 5.04796e-71 4.23378e-89 0.118585 6.55989e-43 0.234365 1.46714e-69
1.70758e-57 6.47098e-117 1.15382e-87 4.38426e-69 5.73387e-109 1.01739e-47 7.55081e-35 1.09872e-116 1.32303e-112 4.69568e-48 0.000552772 5.73618e-93 9.2202e-39 2.27622e-105 6.86891e-80 2.02543e-63 9.52513e-84 1.88637e-12 9.29079e-130 3.03614e-83 3.95804e-62 2.45512e-174 0.0546861 2.00838e-90 2.49559e-56 7.93063e-33 5.61075e-58 2.357e-38
1.13878e-128 4.70129e-23 1.08995e-78 2.92886e-45 1.08072e-65 0.090157 1.13544e-164 7.15788e-47 6.60838e-81 1.86237e-71 3.42326e-15 6.90219e-105 3.70867e-78 7.23275e-127 4.8669e-118 1.29394e-99 1.61781e-24 1.97687e-47 1.58955e-35 1.96836e-70 1.0039e-104 2.19199e-59 2.16769e-62 1.38488e-50 4.76948e-79 4.6945e-31 6.4288e-134 1.08227e-80
