0.00221861 0.00148682 0.00143869 0.00456009 3.95871e-07 0.000849488 0.00433474 0.0367183 4.09112e-187 1.79675e-117 3.49071e-16 1.57885e-145 1.4822e-323 1.29317e-160 2.96439e-323 9.10425e-164
2.57563e-68 3.40281e-58 8.36581e-120 0.0127873 2.24146e-77 0.0518512 2.83428e-74 4.07766e-88 2.22967e-184 5.85041e-09 8.59132e-12 2.32089e-45 1.36814e-200 1.15071e-134 5.92879e-322 0.0860413
2.18583e-15 3.0325e-30 1.57731e-13 1.02632e-05 1.0133e-12 1.40539e-12 0.0165135 3.10545e-10 1.06639e-185 5.73745e-113 0.173888 3.43137e-148 4.94066e-323 3.3049e-148 1.03754e-322 3.47279e-147
1.80137e-11 4.59698e-11 1.43615e-17 5.44198e-13 1.48199e-12 0.000403094 1.7481e-10 3.56204e-09 2.8651e-172 6.18737e-112 0.109881 1.83591e-139 4.44659e-323 5.82954e-146 8.89318e-323 2.01162e-165
1.69966e-80 2.4786e-19 2.1912e-59 2.44661e-27 5.51613e-05 3.23529e-39 2.11163e-28 6.90312e-43 1.15745e-136 1.69334e-70 0.332492 1.28704e-106 2.45073e-314 1.26577e-129 3.26083e-322 4.13513e-103
5.41889e-12 1.71963e-175 5.1829e-11 2.65376e-196 0.00596466 2.59192e-103 7.3285e-44 4.43335e-183 4.01802e-76 8.52268e-76 2.48707e-05 0.210089 0.194523 0.269642 0.406205 6.41283e-116
2.84466e-26 7.52222e-64 0.0387216 1.23881e-32 5.43089e-06 3.60656e-10 3.30187e-26 8.28204e-30 2.13399e-146 9.61675e-93 0.0913393 4.36876e-137 2.33298e-320 2.16917e-138 2.42092e-322 1.25847e-147
4.60802e-94 9.21815e-49 3.1581e-18 3.26794e-61 6.34003e-45 1.98011e-34 1.6929e-106 4.39956e-07 6.38788e-134 0.20426 7.60766e-13 1.44596e-72 2.71106e-235 1.08318e-62 3.95366e-268 1.76078e-135
1.59266e-17 6.61373e-21 3.12582e-27 2.8735e-69 1.73577e-38 2.34627e-23 1.18012e-65 7.8434e-16 3.33979e-165 2.44659e-52 0.398142 1.61044e-138 1.87745e-322 1.43378e-99 1.2485e-289 1.01575e-95
1.73924e-13 0.00301884 0.000151187 1.40411e-26 5.40931e-11 4.04983e-21 0.0146222 0.000862586 1.68268e-161 1.72765e-109 0.113589 1.64866e-124 6.42285e-323 2.16905e-161 1.23516e-322 4.29443e-166
5.08919e-10 1.94261e-50 4.94677e-10 3.15706e-11 9.31959e-32 1.64543e-17 8.30692e-10 2.71564e-10 2.94139e-154 4.56238e-99 0.737143 1.531e-126 1.37132e-295 1.9055e-144 1.97626e-322 3.15495e-128
5.67582e-25 1.78721e-32 2.17909e-12 0.0145929 0.0131419 0.0615591 0.00014837 2.42726e-08 9.51038e-163 1.98807e-104 0.0686824 2.11287e-133 6.42285e-323 1.75906e-140 1.23516e-322 8.0946e-154
8.67346e-13 4.18167e-68 3.7862e-26 1.81099e-31 9.68317e-19 3.30152e-60 1.50282e-50 1.3201e-12 1.12353e-148 1.64524e-71 0.249638 8.92388e-115 9.19047e-311 5.61624e-163 3.31024e-322 6.37097e-110
1.20992e-66 8.71818e-160 0.00547495 3.28241e-111 3.1037e-112 1.01885e-140 3.75412e-48 1.70659e-87 3.75766e-80 9.81938e-45 0.101438 2.11987e-72 4.65448e-226 1.4009e-52 8.74496e-322 5.38698e-83
9.4398e-19 6.81419e-09 5.72546e-16 3.23437e-31 3.26895e-05 2.74536e-10 6.29435e-06 1.37216e-33 1.266e-180 6.60466e-108 0.087318 1.61639e-125 1.03754e-322 1.68913e-118 7.52808e-320 6.37294e-139
1.20102e-232 2.9736e-250 9.79649e-161 4.6818e-129 4.87443e-153 2.42478e-82 1.12134e-119 6.1161e-56 1.57576 6.72731e-106 4.09644 2.32545e-54 2.50973e-193 2.50687e-47 5.30565e-231 0.0227519
