1.32476e-74 1.97882e-55 6.08102e-08 1.66182e-164 1.02882e-111 3.18e-131 1.04454e-155 1.66394e-56 5.69884e-36 4.31371e-71 8.33679e-85 0.0399034 0.00287478 1.7404e-85 1.65982e-23 3.07453e-13 1.33904e-43 1.84798e-34
4.40662e-61 3.18171e-54 4.142e-75 9.60428e-82 2.05244e-17 8.35279e-51 3.33509e-160 5.06344e-121 5.771e-30 1.43212e-09 1.32948e-124 7.43664e-60 8.47407e-40 6.91744e-09 1.76422e-117 0.00591488 1.67825e-19 0.00146853
1.22882e-11 2.53918e-183 3.33921e-134 4.97438e-183 4.49382e-107 7.59971e-63 0.118256 0.188278 2.3338e-70 0.531982 0.0638831 1.15742e-62 4.66671e-56 1.8985e-41 7.78312e-68 3.28987e-91 1.72008 9.98753e-28
3.44124e-58 3.19236e-129 8.23677e-48 2.84954e-35 3.21428e-87 3.09301e-144 6.79374e-10 6.51228e-41 3.06519e-144 4.40849e-107 3.69164e-123 1.23071e-33 9.80036e-30 2.10068e-15 9.75708e-47 3.88661e-15 0.551584 2.06433e-104
8.36109e-41 1.07522e-137 2.02617e-93 7.81445e-134 5.40044e-94 4.5189e-14 7.48673e-148 4.51658e-140 9.15399e-20 1.79541e-89 1.28376e-127 1.77773e-40 5.67606e-40 2.58495e-91 1.33345e-42 3.42172e-79 0.0804938 5.1881e-114
0.000962405 0.00120057 4.03177e-05 0.00271675 0.000148978 0.00390209 1.49772e-182 1.0028e-153 5.07759e-164 1.10504e-111 1.43036e-127 6.80268e-88 2.62671e-69 5.9331e-116 1.10841e-118 1.21861e-105 1.26597e-96 2.07544e-114
1.07804e-50 5.68218e-26 4.17884e-72 3.22204e-34 1.1618e-63 3.46794e-77 1.1277e-63 5.45891e-156 5.40755e-134 4.59429e-12 4.05902e-24 1.89899e-50 0.105362 3.51539e-81 1.18536e-74 8.04909e-47 0.667286 7.16473e-102
3.4866e-23 2.55317e-112 9.19474e-18 2.59263e-129 3.00761e-112 2.11592e-69 5.05185e-110 4.62444e-152 5.37872e-19 6.10116e-12 1.36693e-10 8.49234e-33 5.312e-10 1.45015e-74 2.05047e-34 1.52384e-83 8.38516e-81 0.0966704
1.05159e-29 1.15881e-110 7.15932e-64 5.96311e-19 8.44549e-145 2.29924e-152 1.91068e-153 6.51547e-104 0.158121 1.62868e-53 3.15128e-05 0.0331531 2.27937e-41 3.02364e-82 0.0346922 0.0193345 5.04594e-71 1.05381e-89
0.00213551 2.02005e-09 0.00792482 1.25168e-05 1.19e-09 2.78316e-09 4.14882e-177 1.7799e-156 1.82489e-153 7.65723e-109 5.03849e-124 3.36662e-86 4.66198e-68 4.61945e-112 3.02824e-117 8.90481e-99 1.06021e-93 1.81199e-109
1.25872e-35 2.20222e-48 1.91565e-13 1.7174e-47 5.96722e-16 1.31266e-99 1.48827e-144 2.07842e-77 4.07684e-109 2.53316e-53 2.36692e-36 1.29707e-31 4.385e-22 4.29916e-46 0.00534462 4.1606e-90 1.99394 2.5012e-101
1.88971e-25 1.47606e-131 2.24052e-106 1.01202e-15 3.37887e-09 7.3763e-82 5.91469e-101 1.69886e-151 1.20648e-25 2.37659e-14 0.168987 2.93682e-68 8.76841e-62 0.142266 0.13258 2.06669e-72 4.3981e-87 2.60291e-98
2.52318e-54 5.62734e-144 1.02156e-24 1.1327e-139 1.16487e-105 6.78219e-12 1.87694e-138 1.84342e-124 1.07561e-93 2.26868e-42 4.9012e-28 3.02361e-68 1.56986e-36 2.61203e-38 9.42005e-85 1.60326e-08 0.0463577 1.1059e-84
6.37755e-16 1.1543e-32 2.08694e-85 1.32404e-62 6.14539e-66 6.85888e-116 5.43985e-126 2.90698e-117 2.20745e-09 2.12482e-48 2.94209e-119 7.2622e-37 1.63238e-53 4.43931e-51 4.29737e-90 3.04753e-90 1.28429 7.39585e-33
2.21571e-51 1.3257e-182 6.87302e-166 1.12189e-44 2.14189e-90 1.67608e-94 1.97176e-158 3.82577e-124 1.65131e-140 7.95618e-106 3.03767e-82 0.162655 4.47124e-32 6.43193e-52 4.05056e-119 4.56485e-86 10.634 1.10551e-45
