8.82971e-67 5.43472e-321 3.90374e-291 1.56291e-16 1.5904e-320 2.04546e-129 0.840367 1.60421 3.06041e-261 0.707908 9.90029e-319 4.16991e-321 9.80695e-204
0.740461 7.26594e-195 3.72031e-321 1.09083e-98 6.97621e-321 1.66163 1.78197e-71 5.75486e-102 2.69647e-139 2.45551e-321 3.32718e-304 1.86476e-53 5.59282e-321
1.78358e-321 2.18377e-321 1.31421e-321 0.0165778 3.89818e-321 2.06519e-321 1.30433e-321 2.38634e-321 1.16105e-321 1.44761e-321 1.99624e-265 2.62875e-78 3.59186e-321
1.21046e-321 2.28752e-321 1.07706e-321 0.121364 2.5889e-321 1.93674e-321 1.23022e-321 1.44267e-321 1.40809e-321 1.375e-270 1.93364e-90 2.73649e-94 2.61361e-321
2.08496e-321 3.71043e-321 2.76677e-321 6.53379e-162 4.91595e-321 5.29538e-238 1.92686e-321 2.70748e-321 3.65115e-321 2.42586e-321 0.0426841 5.4086e-81 3.74502e-321
1.72429e-321 3.10767e-321 1.47726e-321 2.52714e-162 4.44659e-321 5.2098e-212 1.51184e-321 3.93276e-321 1.58101e-321 6.71691e-248 2.7958e-246 0.580964 2.85076e-321
3.32006e-235 5.65705e-321 5.27224e-194 0.213653 7.96928e-321 8.48303e-191 2.66974e-240 6.37265e-178 4.06616e-321 2.34252e-257 9.58487e-321 3.0401e-256 5.48413e-321
5.10864e-321 7.11949e-321 3.17684e-321 2.10414e-116 7.32699e-321 1.17571e-67 2.27764e-321 5.25686e-321 1.87251e-321 2.95482e-188 0.153368 1.16592e-314 4.02664e-321
2.75195e-321 4.2292e-321 1.87251e-321 1.35688e-213 5.8448e-321 5.62741e-321 2.27764e-321 1.97102e-275 3.83889e-321 0.0470552 5.75314e-05 1.73225e-269 8.16196e-321
2.60373e-321 5.65705e-321 1.0173e-254 0.0753436 8.49299e-321 2.55926e-321 2.18377e-321 2.41598e-321 2.15413e-321 7.52096e-112 8.89318e-321 4.34723e-49 7.11455e-321
1.83792e-321 3.52763e-321 2.72757e-302 3.08554e-33 6.77364e-321 2.25672e-245 1.28457e-321 4.24402e-321 1.70453e-321 1.93674e-321 1.98863e-54 0.018635 4.41695e-321
3.09175e-64 3.99609 1.34878 5.61149e-157 5.79426 1.11015e-52 1.00094e-233 6.63976e-25 1.37626 2.27988e-57 2.3951 1.88391e-37 4.33635
3.67091e-321 4.91101e-321 1.82804e-321 6.15254e-202 5.98808e-321 1.12907e-234 1.46243e-321 2.67784e-321 1.1455e-239 3.26066e-82 0.539399 4.67193e-69 3.67585e-321
3.69561e-321 3.4881e-321 1.97132e-321 0.0690588 4.42189e-321 3.00392e-321 2.37152e-321 4.39718e-321 1.87745e-321 2.06519e-321 3.33106e-223 1.67549e-117 3.87347e-321
0.679769 1.14722e-320 3.1381e-303 0.162316 7.06514e-321 7.32699e-321 2.29741e-321 3.99205e-321 5.36555e-321 2.65807e-321 3.69954e-77 0.0553891 5.35567e-321
