3.74659e-110 5.81303e-116 1.67982e-321 1.0463e-120 9.21346e-223 2.86317e-115 7.62629e-172 1.71386e-165 1.99603e-321 4.53419e-313 3.10288e-79 0.533928 1.29675
7.72363e-220 2.80969e-102 1.66994e-321 1.56929e-24 2.98879e-157 0.245916 0.241971 3.25397e-104 4.75052e-231 4.18917e-146 7.04044e-321 0.145318 1.05556e-285
3.09545e-227 2.28768e-172 5.30471e-29 1.76424e-25 1.92595e-294 0.754748 1.9836e-318 7.02336e-62 1.89721e-321 1.36332e-273 4.12545e-321 3.3387e-244 8.76194e-220
2.85439e-222 5.42506e-199 3.19871e-151 3.73298e-271 1.57581e-109 0.0154212 7.44987e-79 3.79391e-62 8.26801e-185 1.63844e-278 8.91245e-167 2.89028e-321 2.55122e-96
1.78157 9.66925e-128 4.16153e-151 9.80968e-245 0.00984729 6.70279e-230 6.24944e-168 5.08185e-179 0.0267089 3.29179e-72 1.80161 5.62515e-256 1.57624
4.15872e-161 2.74499e-252 0.593857 0.774091 4.09944e-73 2.88793e-309 1.18733e-12 2.0117e-210 4.66446e-57 7.90415e-69 7.00585e-321 3.38435e-321 1.19138e-90
3.21402e-115 6.16431e-119 2.39775e-80 1.18379e-152 0.411095 9.205e-93 1.0326e-321 0.0722689 2.08496e-321 6.56988e-114 4.25885e-321 2.4061e-321 2.08802e-144
1.73016e-130 1.70516e-182 4.99201e-109 0.249299 2.42144e-299 8.96392e-257 2.30881e-98 2.2426e-90 2.38634e-321 2.00339e-247 2.65492e-149 1.88239e-321 1.18083e-239
3.46663e-175 4.06989e-200 1.20603e-26 3.17565e-236 2.54983e-213 1.39748e-50 6.653e-280 1.4411e-05 0.834872 2.10404e-67 1.73111e-201 7.33574e-48 5.21256e-139
6.20934e-119 1.63218e-224 1.84781e-321 3.29854e-147 4.74402e-73 7.50033e-271 7.26276e-322 8.85127e-144 1.35868e-321 5.20162e-77 4.42683e-321 5.30223e-227 3.35969e-181
3.55089e-263 6.49611e-276 4.31023e-320 2.46637 1.56475e-285 9.17997e-117 4.4923e-22 4.02069e-83 2.55926e-321 7.53661e-239 5.24698e-321 2.32705e-321 4.05559e-263
1.43222e-253 3.21039e-141 3.55698e-207 4.01859e-135 7.76626e-299 2.68337e-89 7.31217e-322 0.102314 1.45749e-321 2.26836e-311 3.41893e-321 1.87251e-321 2.30166e-141
1.75384e-317 1.16845e-272 2.59489e-167 0.828059 5.68836e-69 2.72599e-101 4.6246e-145 0.46955 1.47232e-321 1.75641e-281 3.15972e-136 9.44694e-160 1.16024e-87
6.46097e-302 0.31641 2.34738e-304 7.9247e-25 3.66687e-225 3.75147e-221 1.06718e-321 9.97784e-74 8.74426e-101 0.704122 6.0029e-321 2.07042e-247 0.0491832
3.54266e-227 7.97004e-147 1.87251e-321 1.73469 7.64958e-99 5.21903e-174 9.53547e-322 8.73182e-30 1.69465e-321 4.91688e-82 5.09382e-321 2.10942e-221 7.94339e-92
