1.27846e-251 6.63036e-321 6.67036e-304 7.826e-321 4.46141e-321 1.38783e-320 7.87541e-321 7.88529e-321 9.13033e-321 6.95067e-116 7.88035e-321 7.8507e-321 1.38127
1.76876e-321 1.94662e-321 3.58198e-321 1.70453e-321 6.91692e-322 2.82606e-321 2.20353e-321 1.52172e-321 3.7302e-321 3.74008e-321 2.09484e-321 1.54643e-321 8.44852e-322
2.21341e-321 3.75984e-321 4.19956e-321 1.59089e-321 8.49793e-322 2.99898e-321 3.87842e-321 2.61855e-321 5.49895e-321 4.45552e-254 2.27764e-321 1.90709e-321 8.15208e-322
3.03188e-293 4.15509e-321 1.53803e-320 2.80352e-97 2.11954e-321 0.462578 7.39993e-257 9.40701e-321 1.12795e-320 8.4994e-30 7.4011e-321 4.16003e-321 3.54739e-321
1.95862e-220 6.4525e-321 6.94656e-321 5.17845e-280 4.30331e-321 1.17629e-215 2.34142e-17 4.25391e-321 1.02021e-292 0.150569 7.4011e-321 5.59776e-321 4.19956e-321
7.1096e-321 6.51636e-44 6.0336e-182 1.8641e-42 1.58065 1.07163e-320 7.50319e-149 3.20556 4.71138 0.133847 3.47873 3.06765 2.37698e-45
5.06768e-247 0.180866 2.81173e-320 4.17857e-238 2.77171e-321 8.65109e-321 5.96831e-321 4.38615e-311 1.33941e-320 6.62887e-206 1.02963e-320 4.35766e-321 2.82111e-321
4.83196e-321 7.61849e-321 7.70742e-321 5.1284e-321 2.11954e-321 7.0849e-321 1.68808 6.52661e-321 7.76177e-321 9.6831e-313 5.95349e-321 9.17974e-321 4.29343e-321
1.90278 0.429995 7.41593e-321 3.39917e-321 1.6897e-321 1.1403e-320 5.63235e-321 6.20052e-321 8.90306e-321 2.29467 9.97024e-321 4.20944e-321 7.62133e-273
1.12182e-99 7.07502e-321 1.60324e-320 3.92288e-321 4.09086e-321 1.81453 8.34971e-321 5.63729e-321 9.47246e-305 5.87703e-285 4.83196e-321 4.90607e-321 2.50698e-109
6.65719e-117 7.69754e-321 9.64535 9.52559e-321 3.06815e-321 8.62145e-321 9.21926e-321 8.10096e-105 1.89672e-320 0.745422 7.99398e-321 1.17344e-197 3.61656e-183
4.86161e-321 5.33097e-321 2.8804e-320 7.68272e-321 3.18672e-321 3.31282e-19 5.77563e-321 5.85468e-321 8.34971e-321 0.238078 2.81575e-238 1.76419e-298 2.07508e-321
1.52982e-146 1.12443e-05 9.26373e-321 5.56318e-321 1.71441e-321 1.52705e-276 0.0202792 5.1284e-321 2.09196e-292 9.797e-217 4.77761e-321 4.81714e-321 4.84974e-282
2.44252e-234 1.4155e-320 1.64623e-320 2.12076e-285 4.63928e-321 1.96441e-320 2.23572e-239 0.208644 7.0551e-63 5.69163e-62 3.33525e-68 1.04989e-146 4.38236e-321
9.29337e-321 1.24881e-250 3.06723e-311 5.32062e-226 4.90938e-210 0.0612395 3.76882e-163 1.01778e-320 2.44148e-315 2.74349e-223 5.95349e-321 7.67778e-321 5.40508e-321
5.58788e-321 1.64235 1.93229e-320 1.36639 2.61855e-321 3.04912e-18 7.53499e-208 3.92288e-321 1.79489e-238 2.447e-295 6.4772e-321 5.01477e-321 4.57011e-321
5.6867e-321 2.69951e-239 1.75838e-320 1.4929e-271 1.75393e-321 0.252135 2.41705e-26 1.4351e-258 6.90845e-239 0.471686 7.07996e-321 2.65448e-233 3.14226e-321
