6.96198 0.166191
5.10168e-15 1.89481 2.79387e-123 5.14639e-19 0.39665 1.44757e-207 0.193444 2.33262e-07 2.77762e-130 3.993e-92 6.63943e-155 2.13949e-106 3.18938e-131
4.49135e-54 9.78278e-109 9.35337e-24 1.76269e-14 0.0091366 0.57348 1.4851e-140 7.47685e-117 4.50603e-14 2.82708e-192 2.42135e-21 0.249049 0.163984
9.74133e-23 9.57062e-167 6.20546e-106 0.321208 1.7575e-66 4.61056e-87 6.56218e-174 8.01292e-110 2.08981e-51 2.03566e-78 3.85796e-91 1.01245e-60 4.37901e-167
1.43589e-107 4.43386e-138 3.37239e-44 3.65916 1.03236e-73 3.53835e-154 8.98138e-39 7.39974e-61 5.21045e-62 3.29572e-158 1.3427e-43 1.8962e-144 1.55731e-56
2.13098e-61 1.09601e-185 2.35334e-121 0.000161009 2.56186e-90 5.73323e-147 0.125434 2.27176e-103 1.91624e-19 0.362864 2.04603e-61 2.90983e-92 3.78952e-177
0.136053 1.49334e-212 2.3633e-98 2.30512e-74 4.37318e-67 0.51211 1.92112e-190 3.1896e-166 6.35288e-07 1.63552e-242 0.142243 1.4437e-48 1.38984e-127
6.35353e-94 2.73753e-195 2.64938e-78 0.45758 5.36089e-96 1.30714e-135 9.80384e-229 1.04099e-121 1.58047e-94 7.94494e-225 2.02255e-150 5.67734e-87 1.20233e-149
2.01729e-141 6.09376e-103 0.551398 4.04103e-20 1.98139e-15 2.28914e-188 1.53819e-42 0.134311 0.254907 1.27612e-214 2.5188e-50 7.51357e-123 2.85514e-109
3.53712e-114 6.60016e-121 5.70877e-06 3.50723 3.97001e-93 5.31691e-10 1.67863e-55 1.67133e-168 5.52414e-129 6.14726e-108 5.6481e-170 2.45888e-102 1.91782e-136
3.70428e-99 4.5617e-146 2.29732e-96 0.883208 2.11559e-83 2.33022e-84 1.32441e-102 8.83257e-131 2.58182e-84 4.0962e-101 3.74162e-74 8.18265e-80 4.54788e-131
2.75698e-95 4.61679e-168 9.91063e-85 0.371997 1.10653e-125 1.27632e-149 1.68759e-239 6.58743e-139 1.88734e-132 1.26911e-235 1.23592e-110 4.27153e-129 8.7018e-192
1.49336e-116 1.54737e-167 6.84395e-102 0.0458798 4.97649e-69 1.26017e-90 2.8605e-169 2.51377e-146 8.60051e-110 4.04662e-128 2.01496e-90 1.20152e-79 4.58917e-96
6.69162e-134 6.17291e-181 2.30024e-65 0.323823 6.57561e-120 6.26663e-181 3.56314e-211 3.53497e-167 4.41954e-90 1.40903e-146 3.81821e-135 7.97091e-121 2.61224e-175
7.25026e-46 1.09465e-178 5.51626e-29 1.52755e-62 6.6947e-126 9.48223e-139 1.16455e-135 1.54539e-92 3.39379e-50 1.68632e-166 0.090228 6.64209e-76 4.86761e-120
4.32616e-107 1.60123e-243 4.53764e-35 0.500155 1.71889e-97 4.55761e-175 8.76526e-112 4.35583e-146 1.0056e-137 9.01225e-214 1.41517e-122 1.02433e-75 1.84629e-130
2.34119e-29 4.95338e-65 2.17364e-82 7.34588e-13 0.0539937 1.51959e-128 4.23931e-230 5.12343e-115 1.51438e-59 1.83596e-181 9.86249e-129 3.19093e-68 2.50405e-88
1.04273e-94 5.42126e-176 4.19871e-71 0.00564834 2.83713e-71 7.47438e-125 3.79804e-140 6.85477e-99 5.48949e-92 6.18497e-221 7.51041e-143 4.32747e-127 2.17677e-93
