3.06529e-222 4.01256e-285 2.69985e-119 2.3338e-239 2.56785e-120 0.0714064 0.495679 2.87308e-109 5.26075e-174 6.1023e-298 1.00591e-110 8.57226e-105 2.19635e-136
3.7647e-68 3.44163e-174 1.54306e-107 4.03186e-259 1.71645e-62 0.217728 3.41639e-137 1.49447e-203 1.27829e-203 4.9549e-16 0.0996684 0.643193 1.71052e-157
1.23647e-230 1.17831e-314 2.50191e-133 6.68791e-152 0.395001 1.75668e-78 2.36476e-154 4.75216e-118 0.518328 3.12915e-175 2.9966e-178 0.38659 4.65621e-52
1.70074e-51 2.97922e-321 1.5602e-55 1.84002e-25 9.44339e-102 0.0749657 3.0989e-99 8.04388e-175 1.83688e-315 5.67545e-56 1.97278e-68 1.34985e-16 1.35594e-116
1.53777e-252 2.24306e-321 1.53275e-114 1.98335e-300 2.16362e-128 3.4865e-70 2.51769e-96 2.70645e-234 4.47826e-314 1.88576e-209 1.94753e-90 6.01624e-12 1.09683e-321
0.573611 1.03809 4.81909e-45 4.26067e-45 2.21246e-40 4.72787e-111 2.38344e-73 2.24096e-190 7.77768e-276 5.81274e-158 3.47476e-68 4.41424e-107 0.514093
9.39825e-170 2.16895e-321 2.95079e-111 8.83101e-243 2.21782e-28 1.11198e-87 1.47807e-152 0.826921 1.19023e-197 5.08955e-284 3.85609e-53 1.07452e-154 1.77429e-282
8.99461e-178 1.99603e-321 9.05307e-152 9.28258e-95 2.11987e-134 3.35599e-173 4.31403e-109 1.01006 1.21549e-215 1.29562e-99 9.44944e-209 1.28728e-118 9.53547e-322
8.16344e-276 2.33693e-321 0.068434 2.83203e-114 2.85544e-69 1.03203e-99 5.67292e-204 1.32455e-110 1.31421e-321 6.35468e-120 4.50749e-60 1.3271e-144 1.07038e-278
1.19756e-270 2.39128e-321 1.89441e-133 1.1119e-161 2.7949e-94 2.39739e-214 1.28828e-144 1.36962e-91 2.34006e-268 8.45476e-193 1.74056e-105 0.272631 9.16933e-173
8.42393e-114 3.32012e-321 3.26757e-28 9.77512e-08 7.05292e-124 1.17262e-106 6.61919e-88 1.82772e-33 1.81984e-50 0.577438 0.316509 2.66641e-140 4.51577e-184
7.51061e-210 2.54444e-321 0.0683634 4.45084e-104 4.97584e-126 5.59195e-156 1.70098e-115 0.0364744 1.55966e-238 7.61775e-210 1.12369e-128 1.85767e-150 1.14623e-321
2.73045e-274 8.64451e-307 1.06647e-65 1.35958e-252 4.77195e-98 1.69422e-103 1.02014e-145 4.16207e-199 6.47226e-321 2.51014e-84 2.29449e-217 0.407358 2.70441e-149
1.45081e-271 3.16696e-321 8.25111e-26 0.164086 0.77318 1.35804e-262 2.17709e-189 1.73755e-52 1.62681e-152 1.49901e-281 5.47661e-109 1.16407e-133 4.58592e-206
1.667e-171 1.15537e-235 3.59342e-161 4.46547e-280 5.64273e-155 2.37213e-14 4.53637e-64 0.662418 4.2886e-208 2.3051e-221 3.61436e-153 6.9417e-10 1.84157e-264
6.62191e-278 2.88535e-256 0.0203308 6.01768e-212 2.7824e-126 1.14595e-20 7.91616e-36 4.03985e-44 3.71656e-274 1.45587e-225 1.49399e-59 0.0424932 1.05796e-204
1.80712e-266 2.31223e-321 2.33891e-44 5.32405e-149 8.24061e-73 1.31315e-78 5.36972e-141 2.13541e-66 3.07629e-224 7.70494e-225 2.09392e-56 1.43819e-09 1.39327e-321
