3.12925e-161 1.59639e-117 1.41891e-27 1.80402e-103 5.08159e-97 2.69531e-100 8.93019e-79 2.09129e-178 6.70138e-19 2.55161e-138 1.1195e-44 0.401955 6.00214e-26
4.15539e-41 0.10762 1.79382e-89 2.52366e-89 2.62511e-160 2.81269e-96 5.15029e-84 4.32084e-176 1.45762e-17 4.51283e-51 9.21805e-62 1.60944e-30 2.86179e-58
1.07405e-58 3.12487e-85 3.1095e-46 3.53454e-62 9.90655e-46 3.47896e-93 8.85857e-35 4.10824e-94 4.34589e-101 1.0669e-37 0.231189 6.86786e-177 2.23417e-38
1.66035e-78 0.331307 1.21462e-84 6.42768e-62 2.09445e-32 7.21176e-51 2.00248e-55 5.85703e-145 5.76341e-99 4.03678e-52 3.59082e-95 0.117829 1.97433e-103
6.94896e-189 2.5445e-116 3.8515e-132 3.07093e-128 3.23814e-177 1.91103e-193 6.52356e-110 2.11086e-206 6.90525e-136 3.47967e-153 6.69521e-99 1.23031e-216 2.16525e-143
1.15517e-33 1.21536e-63 7.30106e-69 2.15401e-113 0.167226 2.34215e-87 1.50752e-57 6.24796e-182 8.78067e-47 4.9203e-143 5.36438e-79 9.70453e-223 6.03583e-114
3.1199e-30 1.13208e-53 1.74957e-39 0.216428 6.64227e-105 1.67187e-155 6.48966e-25 1.45072e-136 5.4139e-93 3.16472e-143 5.24581e-98 6.14174e-85 4.21174e-125
3.27498e-118 1.35074e-67 0.178377 4.31338e-26 1.84981e-145 4.3297e-76 2.00056e-52 7.36769e-89 1.07555e-14 8.47179e-137 1.36112 5.49767e-222 1.56262e-130
1.40995e-88 2.13358e-57 1.94848e-82 2.58618e-34 5.0817e-183 4.38301e-85 1.18263e-105 1.12746e-130 1.0973e-96 6.61911e-151 1.50655 7.12715e-62 1.11068e-145
1.51689e-130 7.33252e-58 7.39417e-130 6.28691e-38 0.0367849 5.28198e-159 0.137964 1.83384e-144 0.0781004 4.77552e-124 5.23688e-102 6.28711e-41 2.07995e-108
1.14032e-164 0.331565 1.49154e-30 8.13798e-112 9.53337e-121 0.130854 1.42864e-102 1.24383 3.92329e-46 0.184076 3.19957e-11 6.47005e-161 1.14048e-151
8.33919e-153 1.00918e-86 1.15098e-117 0.121945 0.0143844 2.49297e-54 3.68303e-46 4.11555e-165 1.947e-19 9.97509e-42 3.98349e-31 0.0516985 0.550779
8.306e-36 9.76496e-110 1.54631e-47 6.59346e-19 1.36772e-158 3.03757e-126 5.91015e-95 1.07187e-116 2.55014e-84 6.6813e-82 0.379448 9.16421e-109 4.46248e-19
4.96398e-16 1.56953e-105 0.0966933 6.04758e-36 5.96485e-100 1.31994e-116 3.05947e-80 7.8949e-181 1.87276e-22 1.96377e-47 3.46251e-29 7.9317e-147 7.6388e-73
1.82651e-63 1.04578e-61 3.81241e-58 3.05663e-105 1.61089e-154 8.51404e-109 7.98416e-49 1.19916e-73 8.2071e-62 6.72525e-62 0.103806 2.54468e-155 0.320604
1.22665e-108 3.3607e-41 3.18619e-69 4.72184e-07 3.67966e-95 1.47313e-182 7.45029e-110 1.00526e-119 1.34477e-82 1.6097e-95 0.918499 4.2119e-220 2.52785e-09
0.071056 2.28061e-43 1.22586e-123 2.27756e-101 0.0327311 2.1563e-171 3.04504e-86 7.46184e-191 4.76729e-66 8.00972e-26 1.33575e-70 3.48686e-131 1.39878e-132
