4.47129e-321 3.48032e-177 8.96301e-317 1.43131e-320 3.3931e-116 1.7159e-14 5.07899e-320 2.85499e-60 2.80117e-134 1.07375e-224 1.63415e-247 0.292394 6.56613e-321
7.03055e-321 0.766489 1.3398e-52 6.6805 1.64257 5.66807e-158 0.0768172 1.657e-124 2.66955e-91 1.80853 3.98217e-321 7.62509e-38 8.05821e-321
6.37839e-321 1.15001e-47 1.17835e-320 2.54049e-320 3.47783e-15 1.78957e-80 0.00545903 3.53626e-138 4.97844e-228 4.76866e-306 3.3272e-210 1.01944e-33 1.03754e-320
1.77561 3.91974e-250 5.10277 2.06025e-320 8.00888e-40 8.67752e-164 14.9073 1.72592e-153 0.48487 1.07904e-320 1.74427 1.99178e-256 3.4603
5.10864e-321 2.1146e-321 1.43605e-154 6.53344e-252 1.55434e-238 6.13714e-140 9.6854e-272 3.33669e-85 0.286758 2.08129e-236 5.37543e-321 2.21377e-172 5.55824e-321
3.30036e-321 7.56004e-208 1.03309e-320 1.06323e-320 5.07899e-321 2.8583e-288 1.05498e-291 7.2893e-69 2.21341e-321 1.1312e-268 4.45647e-321 0.264049 8.38429e-321
1.5069e-321 1.50898e-281 1.0074e-320 1.06323e-320 4.80043e-217 2.98909e-43 2.30679e-320 0.438074 3.37252e-233 8.69868e-196 2.10966e-321 3.57303e-231 6.13135e-321
6.31515e-320 1.68388e-200 1.67159e-16 1.23714e-320 5.93373e-321 2.52105e-234 4.6709e-320 0.383305 7.03123e-310 4.34722e-56 3.32012e-321 8.48964e-218 6.19558e-321
2.2233e-321 1.65512e-321 2.65411e-293 1.07855e-320 4.08592e-321 1.7182e-299 1.86147e-202 0.678232 6.63332e-301 1.80241e-70 2.36163e-321 5.76694e-266 5.93373e-321
3.08791e-321 0.0942207 1.87893e-320 3.43974e-294 2.54243e-293 2.27675e-153 4.98413e-320 1.94611e-115 3.06321e-321 1.4381e-16 4.3379e-321 2.33948e-117 6.744e-321
1.36856e-321 1.45255e-321 7.29735e-321 6.54143e-321 4.84405e-224 3.80785e-206 2.5064e-320 0.531966 1.57607e-321 2.87586e-197 2.31717e-321 5.26692e-220 4.66398e-321
1.66006e-321 9.06533e-245 5.93867e-321 1.05829e-320 3.69561e-321 8.53463e-76 3.1803e-320 0.16915 2.64104e-150 5.09876e-321 1.74405e-321 1.457e-13 4.81714e-321
2.54938e-321 1.91697e-321 1.11708e-320 1.2984e-320 5.98313e-321 2.27591e-148 4.40509e-320 0.10459 2.19859e-321 6.06219e-321 5.32109e-321 0.00118122 5.58294e-321
3.00886e-321 1.09575e-301 9.03646e-321 7.71731e-321 3.97929e-245 4.60937e-131 1.77219e-222 0.102364 8.14515e-151 1.00976e-316 3.74008e-321 6.14261e-75 6.08689e-321
1.28951e-321 1.16105e-321 7.39122e-321 1.00197e-320 3.93276e-321 2.37152e-321 2.45896e-320 0.267132 2.16948e-158 2.40493e-231 2.83594e-321 1.72611e-79 4.9456e-321
2.03555e-321 1.58395e-281 7.16889e-321 1.84039e-320 4.19956e-321 0.632519 2.66795e-320 2.45874e-40 4.88667e-186 4.40212e-321 3.58692e-321 4.3879e-159 6.08689e-321
1.91203e-321 2.58396e-321 8.26572e-321 1.29346e-320 1.01543e-97 2.06852e-184 1.17534e-190 1.09507e-165 2.09484e-321 0.159458 2.8804e-321 2.84495e-96 6.01772e-321
