2.23982e-51 5.91951e-71 3.65303e-118 4.55084e-166 2.18637e-131 1.79458e-217 1.09766e-33 1.01057e-10 8.26707e-173 0.210762 8.99776e-243 2.35701e-207 1.52138e-155 6.94554e-49 2.97583e-206 1.38802e-269 5.97819e-322 5.54819e-161 3.04854e-141 3.93169e-185 6.51449e-195 8.99658e-215 1.3732e-121 5.68472e-232
6.18187e-48 4.00782e-175 2.96041e-74 8.06964e-262 1.2262e-259 1.52195e-162 6.17957e-128 1.45609e-10 6.41911e-51 6.06046e-172 1.34363e-47 3.45936e-77 3.1966e-321 9.83577e-45 1.15887e-175 5.73648e-291 8.13111e-192 1.85772e-48 1.67766e-163 0.580519 5.24043e-204 1.2459e-197 1.12804e-60 1.27832e-82
5.21724e-287 8.16365e-161 1.66977e-220 1.83225e-301 3.23308e-186 4.62589e-166 2.86979e-163 5.83447e-160 2.57064e-138 2.10129e-22 7.06089e-159 0.271947 1.33084e-241 4.11952e-116 2.49997e-321 1.63931e-14 1.94933e-256 7.86794e-138 1.97607e-254 0.0527264 1.03117e-192 5.01018e-159 7.20419e-82 6.98375e-74
1.53446e-298 2.33667e-78 8.15969e-256 8.75582e-89 2.81254e-147 2.96529e-168 6.07312e-72 9.76236e-157 4.11996e-176 0.151935 0.120906 4.01676e-196 0.203626 1.9908e-126 3.86357e-127 3.55388e-168 8.40028e-160 5.41106e-178 6.88775e-184 2.32474e-185 7.21897e-127 1.42291e-321 1.23435e-81 3.23196e-176
1.67982e-321 7.88524e-127 6.21841e-05 6.17687e-311 1.25325e-240 3.15758e-256 6.57107e-322 1.49321e-151 2.23403e-207 6.5743e-115 3.57636e-173 3.16125e-64 2.70273e-151 3.0837e-80 2.98416e-321 2.58306e-208 0.385008 1.77211e-65 0.140269 8.52889e-103 0.376486 7.33942e-53 0.554838 3.12786e-155
9.28282e-90 7.73224e-28 3.08125e-48 1.6543e-274 4.04884e-89 4.29087e-291 3.07118e-199 4.24243e-60 3.18368e-100 1.16214e-233 5.17324e-185 0.0855704 4.01395e-108 2.1709e-132 1.46243e-321 1.29266e-83 6.52323e-279 3.02844e-192 1.74187e-255 7.43363e-130 3.04755e-189 9.98013e-322 4.79061e-54 7.76167e-89
4.16979e-16 1.4355e-15 4.11789e-10 0.00432889 0.397033 5.47862e-09 1.46638e-14 0.00150746 5.875e-204 2.17454e-217 4.57602e-282 2.22628e-269 9.88131e-323 5.42511e-163 6.42285e-323 4.64272e-296 3.45846e-323 6.90139e-241 5.63288e-297 3.91e-192 7.17166e-310 4.44659e-323 2.27552e-237 1.33398e-322
2.1404e-270 3.2725e-51 2.55546e-128 1.16304e-306 1.45772e-116 1.68303e-231 7.25743e-176 8.60131e-32 1.18806e-62 1.47751e-31 9.21164e-10 1.15538e-20 4.7832e-290 2.76247e-40 2.30235e-321 2.42904e-228 2.88892e-230 0.337735 7.78022e-261 1.5937e-110 1.30785e-242 0.147247 5.43339e-134 9.57821e-39
6.7155e-66 4.25664e-62 6.79937e-06 3.33492e-147 1.67223e-240 3.54655e-131 9.08019e-106 1.81878e-207 5.60203e-23 4.36279e-133 1.814e-93 1.52154e-235 3.04483e-170 0.353185 1.88733e-321 6.96288e-159 3.36748e-139 0.0322482 4.0849e-95 2.77574e-141 7.29159e-115 6.7057e-87 3.29325e-05 6.20476e-103
5.44538e-80 6.10758e-90 7.27018e-256 4.48774e-47 5.65535e-64 6.4524e-51 2.36977e-34 7.99145e-81 1.22126e-57 3.56435e-156 0.00417539 3.44044e-114 6.81767e-215 1.37959e-99 5.93919e-143 0.451976 6.50723e-214 1.33181e-22 1.91765e-207 0.104058 5.23541e-70 0.164542 1.20265e-208 1.41158e-117
5.86726e-117 1.64729e-222 1.6732e-90 4.43912e-66 6.90808e-131 6.2011e-65 1.80873e-192 4.20224e-36 2.02359e-96 8.50958e-38 1.2456e-113 2.12254e-24 5.10528e-220 2.37344e-123 3.58974e-179 4.25826e-101 9.48606e-322 4.35886e-239 2.74427e-167 3.79041e-192 1.90929e-246 2.60925e-223 1.75399e-106 0.803963
4.92015e-166 1.56465e-53 3.43254e-32 8.187e-92 3.81037e-104 7.16662e-109 3.74503e-172 4.062e-116 2.14354e-66 0.101364 4.46502e-121 8.53746e-176 1.6673e-295 3.58006e-110 1.61065e-321 1.39048e-160 4.19985e-315 4.05898e-68 4.68907e-205 2.72744e-85 2.07878e-314 7.42413e-144 1.43951e-234 5.37405e-80
0.00693884 0.0595762 0.000544917 0.00470751 0.046656 0.0137042 0.00251938 0.00240444 1.09488e-208 2.54047e-235 7.58732e-296 3.20732e-276 7.90505e-323 7.07507e-170 4.94066e-323 2.39535e-293 2.47033e-323 1.2547e-251 1.70387e-299 1.7286e-196 5.66298e-320 3.45846e-323 1.00036e-244 1.03754e-322
1.58101e-321 9.1558e-295 6.73022e-254 1.5929e-230 8.19803e-320 4.15345e-70 3.41712e-152 7.0557e-261 1.19106 4.28907e-209 6.46105e-116 1.37587e-119 0.590934 0.136657 0.694888 1.45314e-262 1.68704e-312 5.69131e-24 0.709002 7.04628e-181 6.06353e-313 5.8595e-120 1.84006e-221 6.9216e-104
