4.96975e-53 1.81841e-72 1.2309e-26 4.46515e-64 1.22779e-80 5.34403e-25 2.23965e-71 2.84889e-33 3.4149e-25 2.5871e-25 8.40027e-44 2.22484e-37 6.30043e-55 6.34096e-19 2.3578e-08 0.101112 1.65618e-92 0.454954 1.70262e-82 7.41093e-60 1.87818e-118 6.52741e-52 0.0785947 4.58821e-26
6.16771e-06 1.3017e-37 1.65623e-22 1.80008e-93 2.2599e-16 1.77428e-34 3.38359e-91 9.73746e-27 0.443906 0.0574462 4.54306e-52 2.08809e-32 0.0586864 0.204615 0.128895 4.65325e-33 9.89546e-74 0.0025071 0.0260744 8.07269e-76 3.02158e-124 3.02298e-31 9.92057e-24 6.64759e-24
7.41712e-17 3.67376e-15 0.00270872 2.97066e-07 1.33431e-14 0.0162005 3.75137e-17 8.68007e-07 5.60292e-66 1.68511e-69 1.23208e-53 5.4665e-58 1.3721e-63 6.49283e-46 2.7359e-58 4.61838e-43 1.49956e-91 0.424698 2.86159e-75 7.06286e-87 9.13515e-126 4.03349e-52 1.07846e-37 1.24877e-29
1.07445e-36 5.66307e-11 6.78734e-68 1.07284e-13 1.6041e-94 1.56732e-45 4.28809e-96 1.60565e-10 7.9954e-17 4.11457e-62 0.225632 0.298468 0.0768522 2.6467e-33 1.43297e-57 1.77881e-39 9.24314e-68 9.38343e-08 1.93023e-23 8.78798e-40 0.116312 3.49546e-21 1.63696e-28 1.31532e-30
1.09705e-43 2.52261e-06 1.88587e-35 2.76763e-09 4.06225e-17 2.98258e-16 6.73269e-09 6.41689e-36 7.42609e-65 3.50979e-46 9.10977e-23 3.91522e-20 8.7089e-55 2.76197e-46 2.77054e-34 2.48382e-09 3.91343e-79 0.00439363 2.16499e-90 6.96672e-86 5.88972e-98 3.84067e-37 3.48023e-39 0.108123
5.92374e-09 3.69833e-07 1.94869e-06 1.33493e-23 1.48254e-12 1.59924e-22 3.95859e-30 0.00166962 1.51789e-62 1.65431e-61 3.29267e-56 1.97402e-57 5.94418e-58 3.11774e-40 6.07903e-42 8.48693e-35 6.59592e-75 0.149124 9.98197e-89 1.86558e-76 4.39396e-113 1.09223e-42 2.11715e-35 8.61637e-36
5.21011e-47 1.5398e-61 2.09271e-73 1.19026e-102 0.013967 1.58768e-53 2.08627e-108 1.43634e-18 1.52103e-24 3.39137e-64 2.61763e-10 1.83058e-59 2.79108e-54 7.31784e-25 8.34875e-05 6.68331e-15 0.0963317 0.0589069 9.68475e-91 0.0669688 1.44826e-68 2.94808e-21 2.21131e-21 9.62884e-42
1.41959e-24 2.78798e-31 0.000977735 1.34732e-55 0.0124946 9.94462e-65 5.84921e-93 2.71124e-22 1.34925e-29 2.8413e-45 2.827e-54 0.00170623 9.18078e-25 0.0785252 1.32774e-28 8.28169e-09 2.04117e-21 0.0054468 3.59069e-65 1.19065e-63 3.8444e-53 0.0197027 1.22549e-18 4.56924e-15
5.62341e-31 6.23587e-32 1.28492e-36 4.1221e-40 8.1515e-30 1.10731e-27 2.69288e-41 1.33089e-10 9.01409e-71 3.51476e-59 3.56643e-36 1.34121e-49 3.77679e-38 3.82522e-42 6.2408e-50 1.02974e-34 2.90013e-67 0.345997 6.14e-85 9.70676e-60 2.1006e-122 2.56786e-46 4.94456e-40 6.10182e-36
7.27955e-09 0.121542 1.04342e-20 5.026e-28 3.1824e-10 2.67699e-14 8.66195e-05 2.6807e-08 3.33895e-64 3.31977e-69 4.03872e-51 1.7166e-47 4.43195e-61 1.17196e-44 6.65995e-47 4.61191e-40 2.01875e-72 0.000260922 1.29095e-89 6.86987e-89 2.24192e-134 6.01232e-47 8.08076e-48 5.41345e-35
6.22836e-14 8.07223e-09 9.09535e-07 0.0214696 3.37089e-17 1.64752e-17 0.0122258 5.08277e-09 1.87502e-59 2.54657e-55 1.88555e-59 3.25783e-44 2.01026e-58 1.4623e-51 1.14612e-52 2.56212e-39 4.95424e-68 3.4082e-09 4.72502e-79 1.73801e-88 5.38902e-120 8.89916e-53 2.71168e-37 1.89569e-36
5.13789e-13 3.8182e-26 2.15325e-27 8.52735e-26 2.17157e-23 5.12211e-19 1.56782e-28 0.0128689 5.37315e-57 2.55909e-58 1.69638e-58 3.5394e-44 9.40331e-62 5.13021e-51 5.53159e-51 5.60867e-42 3.92862e-68 1.22337 5.73436e-79 2.44095e-93 1.58071e-131 5.68081e-59 2.45706e-48 1.5588e-34
0.0407184 7.38147e-08 4.63427e-11 1.7769e-16 1.23141e-14 0.00292276 1.28067e-13 1.5017e-08 8.34918e-67 1.97301e-59 1.20165e-60 7.04324e-61 2.33604e-66 3.71977e-47 2.2839e-54 7.44235e-43 2.14887e-89 9.59991e-06 4.24544e-95 6.41435e-79 1.3869e-116 4.51194e-53 4.91616e-42 9.39333e-41
1.60765e-18 1.65775e-16 1.36302e-23 7.20486e-12 9.30913e-33 7.89231e-09 9.36252e-09 8.95101e-08 1.23733e-48 1.24064e-56 3.87282e-49 4.50878e-41 1.84563e-52 2.64784e-44 1.58709e-46 1.35197e-29 1.15139e-87 0.264601 4.87464e-77 1.20423e-63 1.11439e-94 5.62306e-52 6.40895e-43 9.25016e-35
