1.04422e-64 1.44795e-67 7.31562e-98 4.29116e-19 1.26701e-124 1.26903e-129 0.177548 1.30997e-84 6.78524e-52 3.9893e-46 2.40321e-118 2.68459e-104 4.27651e-47 2.54101e-148 1.86034e-73 6.15142e-42 9.34323e-51 2.08685e-79 4.93411e-93 5.43902e-95 5.83599e-222 4.3442e-52
0.0808512 2.46789e-161 2.89556e-08 1.80356e-75 5.15165e-82 0.132323 1.02324e-98 1.23735e-62 8.69094e-102 7.57792e-77 5.29987e-28 9.61857e-35 7.20637e-81 2.31725e-52 1.1017e-130 3.31109e-125 4.34157e-108 8.05743e-50 6.41194e-39 1.33293e-15 7.76518e-174 0.0381854
1.90108e-72 1.55872e-159 4.6258e-117 5.8099e-24 1.43042e-72 1.96892e-132 5.08209e-85 1.27437e-103 1.49582e-112 5.49036e-114 8.56774e-39 1.40735e-72 9.31907e-57 1.88361e-66 1.30811e-142 1.12389e-83 4.8652e-86 3.55457e-48 1.17618e-34 0.0228246 8.66153e-142 3.96194e-22
1.27509e-25 0.371563 0.19914 7.21865e-40 0.0612131 1.84635e-111 3.23228e-94 6.02975e-28 1.41065e-62 0.226033 4.78584e-68 1.33042e-62 0.908888 0.401487 1.01562e-155 5.83121e-43 9.76786e-60 3.22395e-45 9.14264e-136 5.99588e-76 0.234718 0.103198
1.00392e-84 2.64841e-138 1.65818e-152 8.03441e-35 4.58915e-121 1.29704e-61 5.21939e-30 1.82395e-84 0.117219 1.4515e-95 1.30052e-76 6.13144e-99 1.21271e-89 3.79339e-94 4.57126e-83 1.05669e-175 2.63156e-19 5.26121e-51 1.50816e-14 1.79236e-33 2.58589e-126 4.84962e-74
3.66622e-26 9.59987e-97 1.03147e-38 8.94302e-87 6.85385e-59 3.81997e-07 1.67476e-113 0.174747 9.77686e-115 6.68464e-64 3.79349e-56 1.68338e-82 5.84043e-127 3.31224 0.335201 1.52568e-83 8.78195e-70 5.48986e-54 0.131626 2.64255e-18 0.000423886 8.98934e-50
4.29113e-86 2.14776e-148 9.17244e-85 1.11555e-28 6.88901e-72 3.73733e-92 5.93582e-63 2.71021e-98 1.65559e-76 1.05668e-42 6.51881e-63 3.74142e-24 1.27351e-65 4.92632e-68 1.3022e-132 1.28782e-142 0.137133 1.04361e-24 6.88054e-113 7.71353e-157 2.1301e-114 1.2622e-95
2.50089e-85 4.15327e-157 5.14941e-87 6.76778e-32 3.23342e-94 2.01337e-54 5.8116e-57 1.58445e-100 2.71381e-82 2.59818e-66 0.826542 1.95205e-47 1.97142e-96 1.70578e-142 4.45077e-120 2.93196e-152 9.52854e-99 9.25966e-67 9.32925e-134 2.11264e-73 1.74253e-134 6.49119e-93
9.10895e-115 1.62943e-102 9.23141e-98 1.84802e-07 1.58324e-58 2.41473e-111 1.38756e-119 1.58351e-102 4.2178e-94 1.03225e-74 1.50834 6.16562e-70 4.34532e-82 1.00047e-86 1.37871e-110 1.79423e-165 8.22694e-70 7.3475e-05 2.07156e-90 1.17087e-122 2.09059e-169 3.55751e-25
2.35146e-96 3.06793e-86 1.05294e-161 7.36898e-83 1.18364e-74 1.53044e-132 1.84993e-117 8.91138e-108 4.34256e-62 4.47331e-79 0.0790224 1.58376e-50 1.46612e-111 3.42223e-100 2.94676e-133 1.14484e-99 1.43901e-27 2.59749e-78 5.78544e-49 6.97967e-124 1.16591e-117 2.18068e-65
1.61663e-53 5.48189e-28 1.71231e-113 5.21862e-61 2.81057e-37 4.4525e-124 0.0730704 4.16858e-50 3.20934e-106 4.8291e-50 3.48167e-49 0.751703 1.31313e-72 3.77969e-122 4.16626e-67 0.157128 5.28691e-27 0.0703564 1.99814e-82 1.14018e-145 9.6349e-122 2.30993e-129
4.16838e-52 1.69963e-103 2.01451e-168 2.30542e-39 2.57043e-77 6.73855e-62 5.19202e-37 1.02429e-72 7.47639e-115 4.0165e-76 9.24373e-17 0.242146 2.45216e-42 2.56801e-159 3.67204e-149 8.69318e-81 5.3203e-14 1.44957e-39 2.00786e-07 2.38706e-136 5.44994e-219 1.75139e-57
1.7223e-42 2.18738e-127 8.74989e-126 0.287198 1.22739e-97 1.44395e-95 9.71588e-94 6.98215e-44 9.96673e-99 6.43559e-28 3.24539 1.22432e-62 5.25994e-96 2.00859e-158 1.04746e-55 1.93057e-105 0.127376 2.47368e-11 1.70956e-67 8.96166e-09 3.17375e-203 1.27202e-54
6.859e-101 1.37424e-103 7.15765e-163 2.48242e-57 4.45524e-96 6.24927e-132 0.0218138 5.05975e-57 0.037293 3.66989e-77 1.22035e-82 3.98558e-25 2.83992e-108 1.01067e-142 2.84709e-120 6.6295e-131 1.74175e-43 3.59329e-69 2.2346e-111 1.40764e-41 1.84166e-189 1.32219e-96
4.51879e-32 1.81409e-97 7.37397e-130 4.04446e-26 1.72994e-123 0.0112721 5.40916e-139 2.73825e-43 1.79077e-126 1.23482e-50 9.04941e-103 1.1301e-119 6.43875e-96 9.37898e-84 2.41731e-123 3.68489e-93 2.31167e-68 0.282217 6.22334e-119 2.97851e-148 1.51165e-161 7.14996e-67
1.80528e-114 4.51509e-156 1.53365e-163 1.6082e-87 3.44935e-125 3.87796e-132 5.07612e-168 2.1709e-127 1.4274e-125 6.53348e-124 1.95203e-123 1.38963e-114 3.41019e-155 6.86627e-164 4.71098e-162 1.80364e-176 4.44848e-122 2.78695e-91 2.41385e-132 1.13504e-160 7.26211e-215 9.55658e-125
2.47273e-60 2.55257e-28 4.2701e-11 1.69201e-34 1.05403e-113 4.00223e-118 8.78724e-166 8.40649e-88 3.05291e-107 6.93288e-78 8.16604e-28 0.699864 1.50038e-54 6.57582e-77 1.33294e-122 4.45428e-75 3.01152e-10 6.06703e-26 1.15598e-19 0.150695 1.3578e-106 7.91164e-70
