4.32087 0.190852
8.14429e-217 0.483226 6.03186e-183 6.5266e-194 6.15145e-79 1.23758e-92 8.13454e-52 1.57933e-229 0.0930896 3.42327e-87 0.243243 4.65183e-144 1.97455e-128 8.4319e-62 0.172537 8.49817e-82 0.567183 8.81695e-164 0.000462897 0.169418 1.80048e-17 1.14462e-12 0.0583706 0.0424343 6.45901e-184 1.8032e-147
2.84974e-236 1.31413e-88 1.49505e-148 2.31377e-79 1.93342e-07 0.102485 2.03916e-57 2.37744e-243 6.55917e-75 5.33191e-17 5.26486e-105 7.2249e-150 5.71299e-86 0.353898 4.71092e-105 1.08605e-185 9.91548e-50 1.76602e-120 7.81938e-73 2.59476e-70 0.280348 2.28695e-58 1.89562e-137 2.51534e-138 1.85953e-216 6.32875e-132
6.65815e-200 1.31686e-111 1.91524e-246 9.91787e-214 4.92195e-176 2.49999e-115 2.13412e-77 2.14913e-186 4.60615e-118 1.06793e-130 1.67208e-26 6.89637e-188 3.32625e-15 0.416131 2.51242e-92 3.03677e-211 6.66768e-22 1.11021e-75 1.83214e-120 4.31565e-195 6.23832e-224 1.84181e-139 4.3668e-30 2.73455e-09 1.78358e-321 6.24183e-127
1.02011 1.60934e-26 0.795903 0.284784 0.645614 6.96445e-152 5.25755e-55 0.220281 1.24721e-127 14.0057 6.40958e-110 0.388622 0.149887 9.4435e-50 5.325e-32 6.53236 0.287135 0.61826 0.942328 9.01968e-85 5.9264e-108 2.56313e-71 3.04729e-10 9.66454e-159 0.909585 1.31214e-101
5.85161e-152 8.56096e-59 3.96858e-230 9.06078e-271 7.27724e-238 5.38942e-98 4.92538e-93 1.83153e-240 6.21221e-172 1.12703e-161 1.83929e-181 2.08701e-256 3.34649e-102 1.03175 4.54689e-93 8.80461e-187 4.50031e-124 1.33603e-164 5.26071e-69 2.70369e-113 3.94799e-79 2.79916e-87 6.41995e-89 1.93748e-106 1.47232e-321 3.78837e-134
7.14135e-162 7.40365e-88 2.49001e-105 9.49262e-271 1.33458e-240 7.24837e-115 3.74851e-117 1.21584e-242 1.58974e-102 1.7863e-129 9.66426e-190 1.2499e-152 7.87974e-95 2.25339e-85 1.83011e-133 2.28667e-181 7.12796e-57 5.21364e-160 1.13391e-67 3.45003e-85 1.11347e-136 2.73756e-127 0.153454 1.48029e-92 1.63536e-321 7.03977e-85
4.48275e-153 1.87506e-125 4.98172e-250 7.27305e-197 3.1776e-222 3.69889e-138 3.97518e-111 5.35724e-179 9.2531e-169 8.24731e-95 6.2758e-205 3.89353e-235 5.03959e-102 2.69949e-88 3.56853e-92 2.51276e-148 0.173091 5.31876e-92 3.00404e-129 1.39219e-150 1.5603e-184 1.30243e-131 3.0397e-27 1.33226e-138 1.4822e-321 5.12092e-59
1.92261e-105 5.21153e-127 4.09656e-185 4.38598e-73 6.85734e-151 5.40481e-115 3.94007e-75 9.68752e-61 6.67519e-44 1.80224e-16 1.68488e-59 3.11676e-173 4.23896e-19 9.34078e-138 0.593558 4.55001e-61 6.67728e-47 3.3735e-114 2.1692e-48 0.143691 3.04687e-226 0.247201 1.02001e-15 6.69701e-88 9.82276e-172 0.193295
1.43275e-154 9.91082e-26 3.35046e-70 1.48192e-157 2.61531e-206 2.90397e-173 0.0487882 1.04281e-281 7.18951e-43 3.84892e-154 6.36822e-16 2.11965e-150 4.32094e-77 4.00245e-64 2.39709e-10 2.42321e-154 6.73727e-105 1.2205e-58 2.38027e-74 1.89397e-76 6.99386e-215 3.16336e-112 2.23076e-120 0.0133177 2.4061e-321 4.72203e-80
