1.91893 0.181547
1.83905e-74 2.1754e-27 5.18842e-186 4.90816e-65 1.33946e-118 4.68438e-114 2.46921e-95 7.18164e-45 6.0337e-51 4.38225e-150 2.12389e-25 1.31921e-11 7.70724e-146 6.66926e-143 3.79388e-87 1.61534e-131 3.66379e-122 0.116219 4.6983e-189 5.25755e-25 1.57586e-50 3.8393e-67 4.22829e-74 8.3663e-57 2.16904e-73 1.26001e-112 8.56279e-138
1.87719e-151 3.03203e-64 5.21959e-125 3.6727e-77 1.00833e-17 1.51666e-164 6.01464e-118 3.79725e-123 3.50847e-83 1.65421e-156 9.27537e-85 0.10149 6.2742e-137 8.02619e-81 0.101065 5.6637e-59 6.09426e-63 1.02705e-14 3.06085e-187 4.88475e-66 1.5913e-71 3.48325e-75 1.22972e-123 2.00362e-117 1.90116e-36 4.69902e-102 1.55594e-91
1.05315e-62 2.5227e-174 3.72018e-191 8.52758e-99 0.290511 1.0303 1.02653e-20 0.199863 2.31054e-103 1.14635e-49 0.000988064 5.06393e-07 6.8897e-14 6.39387e-139 8.47863e-119 4.88788e-48 0.838062 1.5852e-39 0.388061 9.90062e-20 0.576217 2.05508e-111 4.59368e-139 1.29496e-78 6.73402e-90 1.1413e-124 7.49196e-129
1.40318e-69 1.01317e-148 1.65985e-188 2.85096e-113 1.93928e-76 3.16869e-100 9.89975e-85 4.00061e-74 6.31416e-17 3.53258e-15 2.29887e-126 1.31476e-37 4.13484e-83 4.58319e-52 3.92105e-64 2.97186e-36 2.05406e-82 3.76205e-32 4.00469e-123 0.0920342 3.12332e-46 8.13817e-22 5.15038e-173 5.04429e-134 5.04194e-21 6.05453e-101 3.49146e-134
2.32072e-51 5.87851e-134 6.31061e-114 1.08054e-167 4.19356e-103 8.75197e-31 6.21131e-106 1.83646e-31 7.39715e-22 0.466898 3.70757e-140 3.55718e-56 1.0952e-49 0.173212 7.09037e-50 3.14097e-37 0.0484608 1.34953e-60 1.44628e-157 6.70862e-46 1.46804e-165 6.13347e-09 1.25341e-23 1.35087e-148 3.37244e-28 0.120585 1.15859e-19
2.18878e-87 7.21532e-63 1.48557e-66 4.6265e-38 2.74177e-155 8.36471e-45 6.36843e-108 7.87221e-90 3.60192e-77 4.39709e-162 1.03707e-20 0.733006 4.91159e-104 4.83799e-153 7.37289e-113 3.38313e-83 1.81964e-138 6.72715e-50 1.32513e-82 1.18576e-36 7.98908e-145 4.30016e-36 2.90302e-192 2.44236e-129 1.25644e-67 7.65904e-122 4.06386e-85
1.14318e-93 6.06552e-24 4.86595e-144 3.17394e-133 4.1905e-79 1.33512e-175 3.36009e-129 4.11853e-128 2.78191e-38 7.85143e-75 0.0696656 1.42774e-106 9.88999e-140 1.06994e-79 1.56576e-93 8.60035e-113 8.5305e-168 9.92184e-74 1.6967e-93 6.3437e-68 5.72446e-62 1.93379e-55 2.14595e-225 7.37801e-132 5.20923e-91 2.19448e-17 0.100496
0.179938 0.129184 2.63744e-45 9.78786e-124 1.35191e-106 4.73946e-32 1.62521e-99 8.07236e-67 1.33646e-106 0.000766945 5.24388e-10 0.276396 9.39096e-164 1.2482e-37 5.5544e-56 1.09973e-97 6.37944e-205 4.61545e-54 6.80217e-31 6.8899e-40 1.38388e-172 7.07139e-111 7.24779e-70 8.44736e-50 1.69249e-72 3.03714e-116 6.24904e-80
1.56773e-102 1.57507e-56 4.28055e-79 0.00765439 6.02848e-131 1.12515e-66 5.16629e-123 7.18522e-57 1.78198e-93 4.50403e-121 2.86109e-63 6.94801e-82 2.82999e-78 8.51598e-72 1.51645e-116 3.64522e-46 1.15561e-154 3.10548e-45 9.92934e-124 0.00963558 3.45236e-92 2.75659e-87 7.98454e-149 1.17118e-70 1.33106e-116 5.7823e-80 1.75526e-88
3.47428e-77 5.13158e-44 1.91107e-105 1.7891e-113 9.66474e-153 1.79606e-118 3.88934e-27 0.0655411 8.68966e-47 8.29511e-57 5.01118e-62 1.31409e-94 1.23792e-188 1.28055e-38 9.2819e-105 1.90254e-73 3.03271e-82 1.25999 1.40224e-142 8.66624e-07 4.02711e-137 0.113258 1.86022e-209 1.94886e-100 6.01735e-81 2.96893e-72 2.94046e-83
1.21141e-59 6.94635e-154 3.74446e-124 5.60328e-130 1.77365e-71 3.52689e-103 3.55488e-152 8.42177e-83 0.130667 4.63571e-69 4.35664e-78 3.35499e-23 6.50166e-125 8.82815e-34 3.69464e-65 0.182086 6.82886e-162 4.10683e-30 4.81073e-122 0.146535 2.50144e-102 3.54073e-134 2.63052e-31 6.33682e-157 0.167533 1.25115e-24 0.000276249
1.03375e-84 8.75755e-120 2.45312e-72 0.100383 7.25887e-186 2.92314e-112 0.131845 8.30615e-116 1.89132e-82 9.65452e-100 0.23835 5.25931e-64 4.37009e-174 6.51783e-160 4.96679e-20 3.49467e-64 1.0113e-80 5.43646e-07 6.52309e-156 2.79679e-12 1.66753e-90 2.17561e-84 1.05935e-77 5.35026e-148 2.39142e-21 2.65406e-71 4.91344e-57
2.53543e-112 4.80861e-37 3.88001e-05 5.7991e-112 0.00101833 5.1768e-58 2.17896e-138 2.09685e-85 1.02627e-99 4.13421e-17 6.8312e-168 1.4902e-116 0.213683 1.02144e-141 6.89014e-58 1.03423e-93 9.62447e-42 1.68206e-24 3.66063e-199 0.133084 8.20315e-176 3.29585e-94 0.181852 0.468407 8.91905e-100 3.55622e-27 1.47312e-34
