2.42502 0.257852
8.44415e-118 3.868e-38 9.24258e-130 2.73104e-112 2.77432e-163 4.08038e-115 2.8202e-25 1.33857e-79 3.74397e-174 1.02272e-321 1.58652e-162 1.92756e-09 7.03523e-223 1.89849e-218 1.38775e-155 0.043397 1.52191e-78 4.62463e-232 3.15376e-273 4.29523e-175 1.05214e-49 2.71003e-302 3.80966e-144 7.09438e-129 1.08177e-51 1.13801e-103 1.30782e-202
7.25981e-40 4.21668e-54 4.07819e-189 5.97287e-130 7.5803e-71 2.76926e-202 1.1334e-172 0.0956127 4.40936e-148 4.58319e-230 1.15684e-171 1.51789e-125 1.82084e-278 2.701e-263 2.97737e-132 4.82281e-09 4.15242e-159 2.63626e-282 7.33456e-198 2.19576e-97 5.55107e-74 5.213e-253 1.65853e-149 9.88168e-36 3.64244e-127 5.52531e-156 6.03268e-314
1.7363e-159 2.58166e-184 6.19648e-189 8.20576e-86 2.36755e-133 1.14616e-179 2.43789e-122 2.05766e-135 1.00399e-96 1.33542e-228 6.54843e-194 5.34259e-93 1.00353e-176 7.85188e-223 1.56914 0.339497 4.23163e-162 1.43773e-321 1.74886e-171 9.41702e-116 6.75724e-23 4.83829e-196 3.50028e-159 9.99589e-10 2.45893e-133 2.03109e-232 1.84781e-321
1.94464e-51 5.68001e-192 5.13399e-52 7.09539e-14 1.89392e-22 7.52799e-142 2.23695e-37 9.04102e-159 9.59672e-237 1.67921e-180 4.31809e-112 1.88213e-89 1.25987e-320 4.2345e-254 3.1571e-203 1.58667 8.73825e-101 1.50196e-321 1.47877e-103 4.15618e-109 0.922211 7.01525e-99 9.04838e-126 3.48424e-27 2.42681e-166 2.21447e-111 2.22974e-211
1.34287e-99 4.27358e-155 2.91264e-130 5.16093e-42 5.39735e-124 6.89319e-163 4.09481e-68 0.022904 1.52493e-126 1.09683e-321 1.38861e-269 2.49477e-220 1.43495e-261 1.37629e-161 6.99372e-197 1.30075e-124 6.94183e-27 1.25591e-157 2.3315e-149 1.33235e-65 5.59325e-101 9.94624e-106 2.99714e-139 0.105563 3.58572e-41 1.51034e-137 1.45013e-246
0.000848917 0.00136879 0.0100145 0.00102297 6.66371e-173 1.8914e-256 1.17178e-193 6.97914e-170 1.31037e-253 4.94066e-324 4.29854e-303 2.37495e-270 4.94066e-324 4.94066e-324 1.60503e-292 4.44694e-150 2.09799e-208 4.94066e-324 4.42159e-297 1.34357e-197 1.9153e-191 9.88131e-324 1.85928e-261 2.11939e-164 1.46501e-172 6.5304e-240 9.88131e-324
4.00483e-31 2.41136e-45 6.89145e-100 2.56541e-52 1.08457e-103 1.11826e-169 1.47757e-76 8.16514e-94 9.42057e-231 5.66526e-280 2.52768e-133 4.66673e-72 2.47548e-42 2.96456e-296 1.23403e-214 2.51982e-123 0.0975867 3.03282e-314 4.39513e-112 1.92116e-109 7.09227e-157 1.34875e-188 8.78782e-171 1.23185e-113 2.1658e-77 1.14187e-71 1.63334e-215
6.70998e-312 9.40814e-294 2.09286e-320 6.93198e-31 3.05532e-44 0.279343 8.13195e-85 2.30267e-57 4.02448e-247 6.53841e-144 5.83752e-53 1.26299e-87 0.245493 3.27895e-153 1.34644e-266 0.0754273 2.26179e-158 0.54193 0.174567 8.23318e-80 2.78924e-09 0.684006 1.20807e-143 1.27775e-113 1.66758e-43 1.43661 1.83927e-41
4.25572e-295 5.59763e-137 3.10312e-168 2.94383e-143 1.23343e-58 5.00176e-139 5.99417e-48 1.01238e-59 0.250756 0.456428 0.364357 1.83905e-19 2.13227e-129 0.633223 6.0469e-31 1.14214e-36 0.539885 3.73667e-63 2.88359e-62 1.41842e-33 5.72371e-31 4.05598e-150 1.26072 1.89663e-115 0.319098 0.269234 0.877911
6.35095e-142 3.51133e-17 1.42444e-36 5.40241e-260 0.582597 3.9321e-83 0.268112 2.27788e-34 6.45762e-154 2.24476e-265 1.59299e-273 3.68727e-16 1.3954e-122 1.27753e-208 1.09964e-167 1.49858e-86 1.33983e-118 6.1687e-61 0.438439 1.27838e-119 2.34528e-26 1.48748e-14 1.59384e-47 7.08763e-109 8.19908e-91 2.4149e-157 4.16379e-294
4.34797e-203 1.47058e-214 3.36016e-183 1.64158e-87 7.75393e-48 1.23587e-95 1.35875e-191 0.09683 4.40527e-227 1.0573e-321 9.06175e-143 6.03906e-101 3.70552e-231 1.33943e-249 2.44366e-58 9.07109e-21 0.0077868 4.33188e-125 1.43514e-223 9.40884e-51 2.03719e-72 2.16621e-217 1.15971e-188 5.59634e-25 1.27906e-81 2.35564e-145 2.42092e-321
2.25217e-40 1.81256e-268 4.68861e-50 9.44751e-69 4.52639e-126 1.48815e-136 3.68247e-88 0.0352399 6.589e-238 1.39821e-321 2.50596e-234 1.43979e-149 1.58175e-172 3.41485e-284 3.83397e-14 6.03914e-115 5.46494e-73 3.44608e-187 6.29581e-279 0.289335 4.17013e-140 1.99961e-105 1.46059e-83 2.22235e-59 3.78093e-109 3.55458e-233 1.0405e-156
7.57184e-109 2.5606e-203 4.83514e-139 3.98898e-78 4.38952e-27 4.70835e-154 8.74883e-75 0.173749 8.37627e-112 9.18962e-322 1.04903e-286 0.53164 1.17974e-190 4.90909e-201 3.61222e-236 2.30582e-122 3.47528e-94 3.93665e-300 5.74232e-227 8.98852e-82 1.38485e-128 1.05333e-266 8.5857e-202 6.37646e-105 1.09021e-110 4.03605e-235 3.48272e-238
