5.0341e-61 1.33398e-322 9.8655e-193 1.58438e-112 4.53125e-285 5.76457e-274 1.16105e-321 0.153361 5.85792e-99 7.61637e-203 2.00541e-183 1.3407e-76 3.85865e-321 4.70876e-176 2.77723e-132 2.747e-321 2.94211e-264
2.03947e-35 2.71019e-77 7.99801e-288 2.6853e-308 4.78935e-53 4.39355e-261 6.0137e-282 2.59384e-321 2.10959e-57 1.91203e-321 3.9654e-267 7.20192e-157 5.51507e-132 1.30035e-282 0.11188 1.76381e-321 7.98351e-75
1.33429e-157 1.08694e-322 1.48548e-82 6.07503e-43 5.45518e-234 0.0831448 8.3003e-322 4.42306e-94 1.40499e-107 5.52861e-195 1.74782e-194 2.07785e-225 4.18118e-221 2.06951e-42 1.49686e-12 2.45551e-321 1.36751e-264
6.57124e-29 9.63893e-83 4.22278e-21 9.65625e-23 3.79056e-300 4.50189e-228 8.20149e-322 3.55387e-125 1.02292e-108 6.05788e-308 0.283242 1.56331e-80 3.33866e-183 3.0877e-225 5.93325e-134 3.59444e-310 5.24939e-125
0.0124824 2.3382e-108 9.05473e-224 1.13767e-152 7.58891e-82 5.41525e-31 5.35652e-264 0.257871 2.01201e-110 2.04543e-321 8.15648e-189 1.86462e-178 4.03836e-156 7.10306e-142 7.02704e-138 6.64787e-283 4.31006e-111
0.0048494 0.000253746 0.000555531 0.00894176 0.00326478 9.88131e-324 4.94066e-324 2.47033e-323 1.41834e-254 1.4822e-323 6.74068e-280 3.91443e-251 3.45846e-323 4.44659e-323 7.53352e-239 1.4822e-323 2.07508e-322
3.14895e-215 1.84665e-164 1.12613e-147 1.32811e-197 1.32805e-320 5.03957e-146 1.17094e-321 3.84402e-229 1.95611e-104 6.21749e-189 4.06308e-168 3.79706e-144 0.980757 3.15214e-321 1.00181e-41 2.62375e-31 0.636419
3.25589e-321 1.41563e-80 4.05289e-152 8.12777e-229 7.74764e-264 8.482e-98 1.5329e-186 5.05259e-20 1.24226e-127 2.42917e-289 6.23222e-261 1.83784e-155 0.197202 9.4341e-234 1.7782e-165 7.8653e-142 4.35063e-165
1.23021e-22 1.34309e-87 2.14252e-110 1.00757e-226 9.19456e-321 1.86323e-49 5.73262e-307 2.70935e-237 1.91698e-153 7.18318e-203 5.91574e-221 0.18834 4.8526e-246 6.75255e-278 5.47842e-199 1.12024e-319 1.22156e-87
1.1947e-20 4.59478e-266 6.78036e-176 9.04747e-52 3.97934e-205 1.00421e-73 6.91692e-322 2.28258e-321 2.03476e-242 1.52172e-321 0.0874213 5.50779e-136 2.29045e-46 6.66452e-201 1.89691e-227 1.70947e-321 8.14121e-172
3.38541e-228 2.12448e-322 8.09332e-226 5.38037e-321 1.58892e-320 2.5714e-49 0.421489 0.394951 1.78995e-211 0.813718 0.948077 9.39134e-39 1.3853e-271 4.10405e-123 0.993453 0.88717 1.64596e-68
5.76407e-163 5.71056e-265 5.12381e-18 6.8869e-247 1.87117e-96 1.97445e-68 8.79437e-322 2.15938e-272 2.09239e-180 4.20691e-242 1.12386e-256 0.0296054 3.68487e-40 2.59736e-168 4.4873e-06 2.01579e-321 3.69578e-150
6.86004e-100 2.33316e-116 2.58597e-21 2.31407e-275 1.79858e-62 0.0655828 1.35388e-252 2.07734e-216 7.44995e-64 3.49205e-267 4.03535e-257 1.51887e-151 4.99684e-234 6.60441e-127 1.39944e-40 2.07586e-297 6.327e-31
7.6328e-99 1.18576e-322 9.55981e-287 1.15213e-149 6.35878e-121 1.2004e-72 6.67443e-310 1.18802e-184 8.02377e-237 7.0928e-186 8.87401e-44 0.226092 7.61497e-314 2.18272e-166 0.110632 4.50113e-151 2.38611e-123
2.46107e-207 3.09498e-218 1.3036e-228 4.12921e-08 2.71637e-220 1.35284e-212 7.98141e-315 1.38119e-174 7.31717e-171 2.57933e-308 5.82436e-67 8.07558e-225 5.44787e-101 0.514044 9.44313e-46 2.16895e-321 0.20431
5.18542e-39 5.52929e-58 6.04832e-40 1.47846e-19 0.314693 1.66228e-314 1.23516e-322 3.95253e-322 1.69033e-217 2.76677e-322 3.4166e-217 2.06855e-240 5.58294e-322 1.26555e-305 7.65423e-204 2.91499e-322 3.71779e-308
9.43391e-168 1.23516e-322 6.45554e-63 9.88298e-103 2.47474e-271 0.0794929 1.05236e-321 2.53456e-321 0.417844 1.62786e-224 0.536599 1.11492e-151 5.84435e-161 7.48815e-247 9.10295e-142 7.08642e-230 1.09388e-137
