2.32631 0.175877
1.09625e-101 7.26434e-10 4.19658e-94 6.44475e-107 4.39835e-73 7.62547e-10 2.56355e-66 1.84456e-159 9.7646e-111 7.08017e-167 7.09268e-184 4.12761e-143 1.44024e-173 8.65689e-95 5.17492e-117 3.18615e-86 1.28832e-193 4.61294e-246 0.174526 3.08139e-145 3.21807e-247 4.14106e-174
3.89898e-139 6.86574e-122 4.50368e-54 8.60221e-168 1.68398e-67 2.48042e-12 3.73293e-151 3.72985e-88 1.85881e-105 0.346637 2.50401e-180 1.06351e-30 2.26366e-170 7.18439e-194 0.303072 7.52208e-18 0.146895 0.202931 7.22708e-19 2.15323e-145 5.62415e-82 1.27164e-38
1.60693e-168 1.63747e-91 9.75789e-62 3.64647e-179 1.55892e-14 5.57332e-129 9.13709e-89 5.06883e-153 1.12993e-112 2.92734e-120 1.08087e-119 4.8023e-16 5.51925e-91 4.77776e-83 1.30416e-11 2.99494e-44 6.54995e-164 2.82805e-217 1.96941e-05 7.54024e-07 9.08984e-155 1.06786
4.99036e-21 3.49663e-39 3.34077e-20 8.0445e-28 0.00430733 1.28904e-32 0.277983 1.47121e-154 2.08698e-139 1.59152e-133 7.00473e-153 1.24963e-141 5.56034e-179 6.97481e-158 5.93868e-116 3.25329e-110 4.13596e-209 1.30704e-228 3.8645e-150 5.03197e-179 1.75947e-226 9.41202e-137
9.86931e-42 1.11678e-21 3.41051e-10 3.09295e-24 1.2922e-105 2.56393e-185 9.62277e-137 2.96165e-187 7.69465e-123 1.07547e-30 2.58084e-93 1.09092e-103 7.41292e-159 5.31901e-121 6.99584e-58 2.81822e-37 8.76795e-162 1.2333e-185 0.266964 2.08996e-179 3.96463e-218 3.59632e-73
2.38535e-147 2.88003e-31 1.10802e-13 2.85874e-201 7.38582e-209 2.53871e-157 2.2479e-137 8.61917e-137 8.9096e-73 2.74479e-57 5.16495e-204 2.4912e-27 0.0497676 3.36893e-11 1.32246e-62 1.33824e-51 1.51739e-75 2.25255e-36 1.50567e-39 0.0607019 2.61102e-204 9.88675e-34
2.33006e-21 2.94212e-21 0.100518 1.04171e-75 1.38925e-40 4.11571e-76 9.41182e-38 9.00754e-187 7.28661e-134 2.07657e-92 1.79019e-51 7.896e-14 9.94269e-168 1.16527e-58 2.32743e-18 1.22004e-11 1.29936e-241 1.87724e-205 0.292179 5.23705e-167 6.08287e-235 1.32699e-161
1.15599e-211 1.31727e-23 3.0854e-98 1.74062e-59 9.86955e-27 1.25813e-140 4.6023e-171 3.29629e-176 1.98095e-95 2.41546e-30 1.32024e-156 0.199299 2.8263e-128 3.69961e-150 1.965e-113 1.3211e-105 2.62173e-199 2.95148e-213 1.09871 5.02882e-88 4.17705e-85 3.9966e-94
1.47799e-84 6.98255e-84 1.96732e-78 1.58794e-184 2.29674e-118 4.13342e-132 7.25727e-18 0.337111 1.47596e-118 1.00009e-79 3.81656e-187 0.0511137 1.5744e-152 8.09029e-47 1.2158e-116 9.07643e-05 6.99801e-121 9.09708e-39 9.66188e-72 9.48314e-125 3.89874e-102 1.57404e-96
0.0476009 0.00273688 0.0032989 3.2517e-06 3.12495e-06 0.0218937 1.67457e-06 1.09564e-181 1.38504e-149 7.92844e-171 1.52854e-203 6.66999e-142 5.26695e-182 2.25786e-192 3.93026e-132 9.97646e-123 1.35975e-265 2.98309e-283 3.42847e-145 8.42365e-206 3.52776e-235 5.65917e-179
5.14871e-16 1.27623e-80 2.9011e-71 3.88427e-07 2.58759e-45 2.26599e-119 6.82795e-122 4.48784e-93 2.92445e-15 2.34722e-50 9.39269e-198 0.0181544 2.53653e-46 6.76006e-165 7.68046e-97 1.49632e-97 1.76931e-172 1.37285e-99 2.96098e-19 5.70481e-62 1.73587e-178 0.131789
7.13403e-165 3.6933e-30 6.13607e-13 3.32103e-162 6.6413e-103 5.58526e-56 5.71745e-57 5.73787e-189 2.89058e-31 1.10879e-32 1.73163e-205 4.87363e-69 0.00350983 1.64558e-89 5.17219e-50 1.39479e-28 1.16001e-155 4.96706e-264 3.82565e-08 2.4768e-146 6.16829e-133 0.183461
9.85823e-07 4.88754e-76 1.44797e-14 0.0785681 6.38833e-211 5.68613e-236 8.72736e-124 3.89459e-145 0.28836 2.13206e-147 1.65848e-75 4.73106e-118 2.11151e-94 0.246044 5.03882e-102 0.591294 9.06925e-53 2.15148e-22 6.80244e-147 3.49944e-191 3.1031e-14 4.13278e-52
4.01276e-144 1.14283e-114 1.40127e-82 1.99097e-86 1.94217e-67 1.19641e-85 2.19675e-133 6.05616e-172 7.4214e-14 1.30619e-147 0.251626 3.81508e-27 9.14242e-33 5.97782e-197 6.84982e-39 8.70701e-115 0.105997 6.29836e-245 1.85104e-129 3.79609e-45 1.04754 3.34702e-42
2.73755e-48 1.31946e-08 4.19513e-57 2.45759e-87 1.19145e-93 1.96517e-87 1.97448e-71 8.77659e-26 1.38997e-34 7.76321e-06 9.65027e-56 0.0322493 9.71147e-143 2.88069e-30 0.400197 4.00918e-89 8.18567e-145 9.67459e-275 6.09519e-38 0.0247566 3.18919e-129 1.33926e-140
5.76491e-118 8.8203e-140 0.00124173 8.17914e-62 7.51914e-32 9.55684e-51 7.4437e-114 7.92638e-195 8.36072e-33 3.53207e-22 1.42299e-133 2.59237e-40 0.183646 5.6497e-122 3.30309e-93 4.75089e-16 5.0409e-208 1.45701e-59 4.75068e-104 4.64771e-70 1.19678e-150 1.13969e-149
