2.16517 0.0955939
2.45332e-10 6.94161e-13 1.07084e-35 2.80982e-45 1.13925e-79 5.08166e-46 2.33647e-19 3.67058e-29 0.000149577 1.68213e-53 1.90964e-96 2.16788e-97 4.17483e-55 4.97619e-72 1.69948e-39 6.26546e-44 0.0298712 8.09838e-49 6.31e-34 2.47384e-46 1.90495e-49 4.89762e-29 2.23757e-35 9.88013e-40 2.91819e-93 8.95735e-90 4.46275e-69 4.60045e-109
0.0287716 8.27134e-23 3.74251e-29 3.17917e-29 3.90778e-55 7.10801e-84 1.16917e-77 2.53374e-60 1.67718e-32 3.228e-103 1.57686e-57 5.02194e-73 1.79476e-81 2.75033e-54 3.65505e-43 1.93392e-12 2.42555e-63 9.18771e-58 2.02656e-49 2.92789e-18 4.61069e-16 1.13372e-18 1.47698e-15 0.160447 8.60205e-94 2.32126e-32 1.0597e-65 2.43446e-151
9.10726e-22 1.19103e-28 1.84102e-50 5.86875e-59 3.38797e-19 1.3929e-52 2.51919e-51 4.01879e-56 3.00977e-38 1.72806e-128 1.4721e-65 1.37649e-85 1.64349e-25 1.09734e-18 3.18342e-52 2.8815e-72 1.63122e-86 5.8324e-53 1.34817e-43 2.80736e-49 0.000658745 2.53634e-10 3.20622e-18 0.195226 4.01235e-28 7.33798e-64 2.17341e-74 1.78906e-125
2.17713e-16 6.15239e-07 1.25208e-37 4.82333e-35 0.0297904 1.66332e-26 5.89725e-43 7.72968e-65 1.34806e-27 7.11218e-80 1.22477e-54 1.75861e-34 2.68976e-81 4.22894e-69 1.03543e-66 3.58313e-63 4.68253e-36 9.47219e-39 5.12623e-84 3.49136e-65 1.00909e-53 0.156147 2.38057e-56 1.03156e-26 5.10556e-62 9.70635e-92 1.0084e-33 1.28065e-85
2.89973e-39 1.53574e-33 8.80298e-33 2.08802e-10 1.54121e-23 1.35104e-56 8.38259e-05 2.84941e-65 0.0793765 4.19142e-75 1.35809e-73 8.2516e-82 1.7686e-37 2.22362e-16 6.54382e-36 2.31505e-42 2.90571e-37 6.94445e-76 4.62639e-67 3.18194e-08 1.32773e-41 5.11907e-18 1.69353e-17 4.96776e-26 1.18389e-29 5.16267e-102 3.03394e-51 5.38958e-80
5.83266e-54 0.0517125 0.144627 4.05843e-08 4.58651e-67 5.45939e-82 1.30536e-26 1.09894e-19 4.28292e-21 4.39842e-131 1.53698e-121 6.92614e-83 1.13059e-07 4.04575e-26 3.02737e-56 6.89933e-81 1.31699e-55 2.88022e-71 5.10161e-51 0.00652173 2.23658e-09 2.36351e-25 1.43716e-22 6.26727e-40 1.05414e-30 8.73407e-78 1.17994e-71 3.02476e-80
2.66877e-08 3.88598e-69 6.4142e-68 3.74976e-118 8.22011e-05 6.50308e-61 8.40203e-15 2.72379e-10 5.04484e-75 1.21387e-87 0.326085 9.23345e-57 3.55987e-19 1.37674e-29 0.214953 0.0645253 1.87573e-62 6.11917e-16 1.6944e-28 9.58735e-59 2.2564e-48 1.52868e-52 1.75451e-42 1.10563e-43 3.20614e-69 4.86999e-89 8.43413e-71 2.84681e-69
1.47277e-64 5.00372e-09 5.96244e-07 1.70913e-21 8.86745e-23 4.2641e-105 1.15475e-17 2.43142e-55 3.52128e-33 2.80055e-63 3.88499e-76 1.26814e-48 6.68257e-22 2.25918e-16 4.34583e-21 1.6006e-38 2.09486e-83 1.17329e-70 1.64606e-45 5.12792e-23 1.61363e-16 5.99015e-16 1.83974e-74 0.155714 1.00581e-43 1.86521e-33 0.0703712 2.48269e-156
9.75759e-41 3.80831e-32 8.19348e-35 0.123458 1.50949e-75 0.109055 0.000588411 0.0417704 5.15134e-21 3.69516e-115 1.93849e-19 8.07728e-20 1.15661e-23 8.69624e-51 1.18534e-35 6.74735e-36 2.9018e-81 6.71984e-21 4.58744e-83 2.94958e-50 4.39307e-44 3.63091e-54 8.3819e-34 0.162133 9.13083e-43 1.65817e-45 1.2999e-61 2.3913e-59
3.06542e-42 3.65886e-21 6.77683e-32 5.15148e-40 2.36021e-22 1.91072e-24 1.45521e-16 4.20708e-37 3.10963e-07 2.32524e-130 2.51579e-60 3.66126e-88 1.43301e-46 4.7481e-66 1.83815e-22 1.47018e-44 2.61949e-81 2.82606e-80 1.73431e-48 1.1012e-68 1.90161e-18 0.0524277 3.80515e-40 3.0657e-11 6.55801e-62 4.51544e-32 2.15997e-23 3.80529e-74
1.03772e-46 3.07513e-18 4.61521e-11 2.54657e-20 1.12268e-76 5.05372e-138 1.45654e-112 8.99185e-34 1.84147e-08 0.0378257 1.85248e-23 9.8082e-70 2.265e-86 1.78403e-27 2.99662e-46 8.11156e-62 1.28836e-74 5.85173e-61 0.131086 0.0117934 2.51376e-20 3.52833e-09 0.0346757 2.55084e-06 1.24053e-56 5.31629e-73 4.98161e-24 0.0549823
1.36343e-62 1.22853e-08 3.80903e-17 1.12102e-100 2.98425e-84 1.56931e-105 6.72674e-24 6.01316e-05 5.20781e-37 1.48234e-96 1.94992e-83 3.08824e-49 5.44795e-54 7.70493e-18 1.37802e-09 7.57437e-67 1.14131e-13 0.534326 1.7207e-60 1.608e-59 3.09195e-42 3.84222e-55 1.04181e-19 2.12639e-18 0.0422308 1.23746e-94 0.197365 1.50958e-63
5.59072e-09 3.87256e-40 9.06834e-56 1.90104e-86 1.26585e-93 2.14569e-98 3.57856e-51 3.93131e-52 5.30112e-15 2.98135e-30 1.03473e-34 3.2062e-27 1.59471e-94 0.306219 1.15602e-24 0.059342 0.155791 3.12882e-12 1.21607e-83 1.57137e-12 0.114097 1.33355e-40 4.34242e-64 7.15635e-17 4.0891e-45 9.70326e-05 1.44818e-21 6.34589e-57
3.12316e-27 1.01078e-67 1.94012e-67 1.43578e-24 6.20432e-69 9.71706e-24 4.31698e-40 3.27007e-11 1.04491e-44 6.60911e-74 2.00462e-54 0.067397 1.8319e-96 7.38711e-71 2.27941e-31 3.8868e-36 1.12904e-61 1.04993e-51 6.32405e-14 2.24159e-58 3.11065e-08 0.0623831 8.90421e-07 1.43759e-21 1.26711e-61 0.042915 2.50992e-37 5.30792e-61
4.98602e-62 1.25841e-27 2.36067e-49 1.23332e-31 3.92923e-67 3.29063e-96 1.3034e-52 3.3147e-90 9.79426e-25 2.6985e-59 1.89825e-64 1.03655e-24 4.43145e-94 0.663415 1.44334e-25 1.01278e-70 3.01386e-41 1.33903e-65 3.08404e-73 2.13187e-23 9.79182e-44 0.081443 1.92776e-24 1.27117e-14 4.15463e-81 1.86135e-12 6.66713e-26 9.72965e-118
0.00243605 2.05536e-40 1.38062e-15 9.26487e-42 2.94017e-87 1.22411e-76 5.90034e-63 7.56163e-21 1.7341e-11 6.58653e-128 3.56115e-40 3.62696e-26 0.0507729 0.605417 3.16414e-05 9.44697e-42 5.85746e-29 2.87166e-29 6.48952e-84 0.248308 0.0145834 4.43212e-55 1.27754e-44 1.98835e-05 3.68945e-79 7.93039e-23 1.41023e-14 3.44442e-77
