12.3228 0.0646691
0.000668961 4.02757e-23 1.6881e-28 9.35891e-05 0.0133171 1.71201e-10 4.67894e-17 5.54411e-20 9.15624e-11 7.40549e-62 4.29978e-179 4.01258e-154 8.4399e-145 3.12435e-81 2.74668e-173 4.20891e-82 1.4273e-107 7.74934e-92 0.636104 3.21057e-83 1.27589e-62 4.47769e-163 1.4697e-86 4.19061e-87 5.32668e-97 2.013e-78 6.03754e-86 1.30147e-41
7.11975e-09 2.47724e-114 1.14286e-71 8.32907e-36 1.88109e-25 6.42448e-28 4.42624e-61 3.53258e-95 1.05896e-59 1.1561e-16 4.2114e-188 4.81156e-55 6.31124e-96 1.73389e-87 5.50046e-117 1.09336e-29 8.03963e-56 1.26026e-82 1.45984e-09 9.65895e-19 3.04076e-53 6.52253e-158 5.25578e-86 5.85794e-81 7.70238e-89 0.111346 1.29828e-58 3.62e-18
1.25652e-06 1.18534e-05 1.03917e-11 8.8862e-09 4.99721e-25 8.44228e-22 2.41687e-18 3.5331e-23 2.04641e-05 2.60583e-57 3.52999e-186 1.55326e-148 3.60565e-133 1.73157e-101 9.96022e-186 1.44933e-83 3.63637e-110 1.65767e-121 1.65438e-13 4.44642e-85 2.87704e-86 1.33997e-154 1.36557e-109 1.19235e-83 8.11905e-83 1.96551e-71 9.5099e-86 1.54148e-50
2.00587e-75 1.32842e-208 1.69226e-66 2.51722e-126 0.015342 1.67372e-130 4.7466e-204 1.33471e-112 6.29862e-122 1.31153e-33 0.443444 0.388287 0.521505 1.08453e-27 1.00815 7.02279e-79 0.201515 0.0156692 1.88993e-10 2.46587e-29 0.595828 2.48485 1.37949e-109 4.94547e-07 0.245472 0.0157555 3.26591e-72 0.00368052
2.80269e-09 5.7394e-21 1.11286e-26 1.21212e-23 7.39393e-16 2.82875e-10 1.53946e-05 3.40926e-32 1.2116e-11 1.6031e-58 9.35956e-163 6.29353e-156 7.4975e-138 8.85848e-106 6.08432e-201 6.33527e-102 3.57087e-112 1.68926e-96 1.76266 1.05274e-79 5.11152e-87 9.63135e-148 8.52021e-84 1.68923e-75 7.76847e-89 9.72929e-62 3.50938e-96 1.28275e-52
9.4523e-22 8.6212e-31 4.61588e-18 1.00797e-27 0.00948341 2.01733e-14 1.21286e-34 3.94191e-06 7.21214e-17 9.35698e-60 3.27415e-177 2.02709e-163 9.30976e-136 4.84522e-89 3.61618e-200 4.82229e-83 2.22895e-124 1.52598e-98 0.386626 8.89633e-71 6.7163e-75 1.12239e-156 1.04564e-98 1.2771e-93 1.91847e-86 2.73456e-57 4.42623e-87 4.08623e-39
1.02289e-40 3.33964e-61 4.58305e-13 3.80672e-39 2.96468e-61 7.98625e-71 5.09894e-33 2.11898e-30 1.06151e-38 0.151893 2.52713e-175 7.70709e-118 1.77197e-87 0.0843711 4.07111e-98 1.10526e-95 5.52749e-32 4.80436e-119 2.52584e-12 1.3092e-28 0.0901658 3.29081e-139 1.31052e-80 5.52476e-74 2.51633e-63 3.61813e-42 1.59756e-26 1.54298e-28
1.5174e-08 4.4453e-27 2.04875e-10 2.6178e-22 2.44755e-35 1.91731e-13 5.67977e-11 6.88654e-20 4.16527e-23 2.64271e-46 8.5028e-183 2.30315e-165 6.82092e-143 2.74687e-97 4.96858e-189 1.83192e-80 3.49961e-123 2.07537e-117 1.22906 1.51667e-80 1.85257e-66 3.69378e-141 1.11624e-93 6.60541e-70 2.2123e-76 4.16386e-63 1.77506e-70 4.14715e-52
4.41344e-15 0.000815358 0.000418518 4.9443e-16 9.45982e-28 3.07677e-11 3.41518e-09 9.09769e-11 1.21794e-05 8.13112e-51 2.03477e-177 2.85852e-142 8.0553e-149 3.00976e-80 6.98119e-196 4.56781e-89 4.64448e-105 1.3037e-112 1.15427 1.04777e-70 1.19903e-69 4.88695e-147 3.14793e-107 2.496e-76 2.2923e-95 1.31728e-62 5.87145e-78 1.64182e-39
0.000672588 0.000595627 0.0019926 3.9842e-05 0.000108764 0.00118291 0.00032962 0.00037331 0.000817538 8.82697e-70 6.8132e-196 8.88716e-179 7.83752e-153 8.17894e-114 6.14812e-204 1.89849e-105 1.36304e-128 6.78785e-122 1.18123e-20 1.57352e-86 1.56796e-89 4.62643e-176 3.95329e-117 3.74996e-107 3.10287e-99 1.44067e-81 9.9096e-98 3.70034e-59
1.32417e-25 1.65935e-108 4.07254e-98 2.21726e-54 1.29025e-69 1.98813e-19 3.08288e-17 3.4054e-58 1.85089e-58 2.30798e-53 3.13509e-142 8.70601e-54 2.4416e-36 1.36418e-68 6.56444e-99 0.0518465 2.55353e-116 3.10467e-83 1.46516e-07 0.00131948 1.73618e-77 4.26955e-70 6.17855e-45 0.499945 5.19538e-74 2.80704e-69 0.053686 1.94886e-49
1.56374e-17 2.67517e-19 3.36281e-24 1.47371e-07 1.49549e-35 0.00159787 9.60205e-18 4.54955e-27 1.86749e-26 3.07438e-42 3.1592e-183 2.37628e-151 1.22448e-121 3.51686e-75 1.22357e-192 1.43824e-93 1.46551e-107 5.97293e-92 0.357394 6.50311e-76 3.4919e-68 7.2508e-170 7.46871e-91 1.00689e-71 3.13033e-81 9.59017e-71 6.76518e-71 9.10045e-45
2.71184e-12 3.00014e-34 3.48472e-22 1.09308e-10 4.40027e-24 1.3724e-05 3.46792e-30 9.22684e-21 1.45328e-27 1.93271e-53 1.91604e-193 7.69966e-178 1.26342e-124 2.39285e-79 3.37916e-195 2.2363e-93 5.24386e-99 1.61537e-89 2.42303 6.05803e-62 9.72735e-77 5.43974e-164 4.94666e-98 1.38043e-102 9.98308e-85 1.6297e-79 6.56175e-70 5.89436e-57
6.1193e-40 3.56959e-44 0.0225414 3.37632e-08 3.63743e-20 2.78236e-23 1.50972e-10 5.8728e-41 1.1873e-29 2.38107e-62 1.56296e-183 8.70484e-147 5.50615e-106 1.43805e-80 1.75821e-196 1.18252e-89 8.10019e-79 6.96486e-65 0.909425 4.79326e-79 3.53868e-85 2.22991e-171 4.86541e-78 2.59868e-76 2.64478e-78 6.37389e-78 2.2231e-57 3.79312e-37
0.00149185 8.6837e-11 1.61379e-07 1.90223e-19 1.65509e-23 1.42209e-25 6.40792e-44 6.25578e-36 5.14132e-17 1.8794e-56 7.1779e-161 1.36212e-144 3.67683e-141 4.80155e-66 4.23194e-151 1.03791e-85 1.02969e-110 2.72092e-82 1.01584 1.90917e-54 2.47146e-71 7.7351e-127 4.97764e-100 4.43851e-90 1.10559e-77 1.3791e-51 4.05741e-96 1.21381e-48
8.44814e-65 1.21052e-55 1.53846e-67 2.10897e-59 1.44951e-09 6.39181e-52 5.15104e-51 6.99094e-52 1.23687e-58 1.62669e-61 3.87156e-98 2.71954e-142 6.77721e-100 5.76938e-96 1.04529e-110 4.13212e-67 3.00653e-89 0.108212 6.29809e-06 0.122819 3.33437e-51 3.88833e-146 0.337829 6.0259e-31 1.00377e-53 9.74654e-32 4.20481e-84 0.133971
