2.09819e-72 2.4843e-136 2.12163e-194 1.46199e-11 4.56362e-26 4.49423e-94 4.67424e-273 1.90614e-142 8.25343e-49 2.24943e-113 0.330011 1.60357e-29 1.39741e-29 1.95145e-50 3.4063e-114 1.0296e-133 9.24931e-25 5.17689e-124 5.1981e-46 5.38801e-238 6.5273e-149 2.34626e-104 3.17941e-18 6.66614e-50 3.23277e-198 1.43962e-290 2.56347e-20 1.62567e-41
2.92161e-15 1.05419e-108 1.01238e-104 1.29041e-177 2.9394e-192 4.51564e-150 1.05095e-67 5.21638e-94 1.8823e-64 4.32389e-166 1.60722e-205 1.59383e-112 2.00843e-189 0.251866 1.10857e-49 0.000113053 8.75805e-72 9.27972e-63 1.98388 6.51167e-17 0.269829 4.45871e-14 1.91945e-29 7.48214e-98 1.99908e-45 1.28901e-138 2.62724e-111 6.98793e-261
0.000247812 8.95323e-08 0.00335915 0.0193023 0.014325 0.00021637 5.92912e-10 0.00221139 0.231764 1.4822e-323 9.85925e-265 5.52582e-169 9.84196e-201 1.19048e-180 3.40861e-261 4.17133e-182 1.19617e-176 6.63751e-253 8.10619e-306 2.69113e-316 9.36911e-196 1.31281e-171 6.41733e-296 5.69758e-276 1.50771e-215 3.40763e-302 3.02932e-266 4.60654e-271
1.24472e-219 1.97104e-176 0.00115316 2.53922e-09 2.50004e-254 3.50648e-123 4.19981e-170 1.16866e-74 3.09909e-96 1.2821e-320 1.38804e-159 6.38147e-159 2.05017e-40 1.0462e-159 1.01756e-39 1.12056e-42 0.191677 8.72252e-70 1.51477e-94 1.0906e-34 6.05274e-189 6.79951e-77 4.50577e-68 2.98717e-208 3.17441e-126 4.63622e-95 1.40028e-257 5.02255e-228
8.25739e-71 4.20748e-198 1.42348e-59 6.10182e-84 5.07513e-34 1.84482e-13 8.26366e-152 7.50983e-37 3.74211e-102 3.50903e-65 7.42078e-200 7.97056e-15 1.51068e-126 2.64452e-12 9.65465e-181 1.16886e-146 4.68059e-154 3.36863e-186 7.95909e-280 2.78309e-138 1.60717e-169 9.21351e-49 3.51006e-293 1.32383e-155 5.9443e-141 3.2614e-219 5.1019e-180 0.285353
3.17772e-104 2.85049e-117 1.65561e-178 5.57005e-05 2.64073e-206 5.20704e-53 4.36676e-225 2.54806e-117 2.88194e-197 5.99785e-98 3.30018e-217 0.271726 7.02429e-142 2.59111e-164 5.71135e-49 2.78934e-132 2.85561e-134 9.03358e-20 3.6381e-105 3.94928e-76 1.78399e-186 3.11882e-142 5.73064e-174 4.12077e-133 2.64652e-53 2.9272e-30 0.000727723 2.02088e-109
5.99918e-198 2.34415e-297 1.79925e-123 5.6721e-63 2.02939e-273 7.48856e-130 3.87524e-218 3.02196e-98 3.56148e-48 8.20166e-172 0.325862 3.04182e-103 1.22073e-46 9.49886e-81 1.65721e-139 3.55928e-141 1.72618e-146 1.2652e-228 4.59234e-38 9.67529e-314 5.41153e-29 8.70156e-153 3.06476e-47 2.03859e-138 2.04032e-90 2.28722e-220 9.33722e-152 1.33059e-267
1.20525e-103 3.59819e-303 1.17538e-117 7.02964e-106 1.66633e-307 5.21422e-120 5.66414e-14 3.12148e-30 8.50404e-171 1.39206e-156 6.95332e-223 3.16009e-99 4.75383e-143 4.66043e-68 1.56437e-172 2.05606e-163 9.03146e-152 0.119718 3.23799e-73 2.55493e-237 9.1711e-35 1.92512e-128 6.20543e-60 3.30528e-78 4.79126e-29 1.96399e-258 3.1244e-17 1.9957e-117
1.16492e-140 7.10304e-175 6.69363e-185 1.97108e-103 7.57218e-214 9.35844e-68 4.09276e-234 5.82094e-100 1.75438e-79 5.0639e-204 3.20803e-176 5.51792e-23 8.94154e-45 1.82273e-152 2.35098e-97 2.34494e-171 1.62259e-97 1.1897e-88 7.05008e-136 7.59428e-150 6.72046e-31 3.259e-163 1.07799e-218 4.06168e-194 1.2257e-182 0.0141889 0.239428 4.95657e-163
1.77188e-63 8.55813e-08 1.52271e-241 1.70735e-11 8.41311e-65 4.41331e-191 1.06076e-13 1.41235e-08 2.60191e-67 8.80271e-105 0.00218977 1.35384e-09 1.91991e-107 4.1688e-06 3.53955e-101 0.229781 3.41316e-17 3.84939e-162 1.91149e-33 3.2951e-293 1.5844e-43 1.32483e-142 1.06716e-269 1.7688e-171 3.82952e-99 0.406377 2.58848e-162 6.9265e-117
3.21659e-193 9.52228e-54 9.71422e-161 1.02989e-242 1.47937e-68 2.41213e-134 7.90505e-323 3.49078e-73 2.02111e-144 8.74227e-279 8.02249e-167 3.82336e-134 5.59274e-151 4.57486e-157 6.64266e-39 6.00477e-140 4.71992e-99 1.65204e-68 0.966952 9.41784e-241 6.57375e-100 1.13854e-130 2.85142e-19 9.30396e-184 9.33467e-110 3.83242e-97 4.85645e-85 0.159252
1.49861e-286 3.71525e-165 1.73146e-204 1.50247e-91 4.84678e-321 3.71143e-89 6.71249e-232 3.08248e-104 2.5221e-207 0.273424 5.48975e-210 1.15086e-57 0.286643 5.03612e-17 3.41791e-112 2.53293e-81 0.232969 0.098804 7.62596e-125 0.956143 8.00192e-158 0.730948 4.74537e-61 0.496084 1.82167e-38 1.19025e-133 3.81553e-32 2.97867e-173
0.00156029 0.000159789 8.89886e-06 0.00713548 0.00034446 0.00125718 0.000152765 0.00108391 0.274096 9.88131e-324 3.74642e-267 7.65083e-169 4.36053e-200 3.80856e-180 1.97494e-262 3.11434e-183 1.94733e-178 2.64339e-253 1.79705e-307 6.49585e-314 5.59518e-198 8.44766e-170 5.5855e-293 7.76106e-279 2.22651e-218 7.58468e-300 3.97302e-268 7.181e-274
6.34806e-127 3.16524e-226 2.05315e-206 2.36599e-163 8.51742e-186 2.49591e-72 2.68508e-207 1.24623e-88 2.10429e-112 1.86959e-87 2.99104e-241 2.60138e-57 1.25694e-96 8.2518e-141 0.138035 3.04791e-177 4.08471e-61 8.06019e-156 2.22229e-255 1.47171e-07 0.0766046 5.63747e-09 3.75354e-247 7.90122e-163 3.18063e-208 5.20493e-195 1.21401e-32 4.97342e-22
1.7659e-153 1.03478e-36 5.01707e-180 5.81582e-44 1.83682e-213 1.48128e-25 2.85796e-27 1.98892e-164 1.32356e-152 1.50981e-59 1.38391e-226 4.34064e-86 0.338446 1.28712e-88 1.14352e-76 1.01846e-163 2.53769e-117 3.96512e-34 2.52077e-69 4.21126e-65 4.94847e-61 4.03037e-06 0.327664 1.42836e-151 3.07605e-99 1.36871e-07 5.73097e-265 2.91108e-230
3.16877e-224 1.89113e-134 1.96316e-125 1.83239e-102 1.74645e-260 1.90386e-123 3.50569e-157 2.18172e-41 5.12994e-110 1.17466e-80 8.22876e-55 3.00527e-139 3.48331e-183 1.96946e-82 9.01713e-240 2.77173e-69 5.51358e-132 1.00158e-23 7.87873e-35 8.99304e-48 1.36224e-53 9.74237e-76 4.79445e-163 8.83228e-186 0.355223 4.1873e-208 1.10621e-11 8.65547e-100
