5.74588 0.132155
2.00049e-38 6.96991e-30 1.89506e-91 1.09992e-62 3.21523e-165 3.51121e-27 1.66778e-60 5.22234e-150 6.62493e-31 0.537569 8.00846e-235 9.56306e-110 1.2645e-25
2.971e-43 4.93466e-37 3.21746e-111 9.84186e-92 3.67934e-115 0.125119 2.19373e-23 3.21337e-215 2.73692e-24 6.92461e-136 4.56837e-207 1.42908e-19 4.22303e-58
8.21084e-57 4.73696e-109 0.182885 0.255056 1.11655 0.022235 6.71861e-32 0.246882 9.90854e-06 8.46297e-97 0.684847 1.18156e-112 1.28276e-108
1.51859e-78 1.90393e-131 2.69674e-144 3.51667e-162 8.83026e-112 1.40061 1.12426e-76 1.83131e-190 3.74856e-43 8.25206e-25 3.3051e-222 3.45779e-104 0.000189572
8.95669e-88 2.48172e-84 6.28367e-122 6.38774e-115 2.89211e-137 3.03126e-13 0.0548306 1.50015e-99 9.21092e-39 7.2913e-38 1.77626e-262 1.60946e-142 0.0987979
3.36665e-22 1.61786e-27 1.3569e-110 3.76208e-163 2.29757e-155 5.47683e-37 1.00513e-117 5.43534e-188 0.208363 1.33019e-147 1.13735e-280 3.66014e-90 1.23533e-64
1.22633e-20 4.45186e-75 4.06069e-133 2.08613e-166 6.59009e-196 2.82594e-61 1.17794e-69 4.57507e-162 0.2914 5.0026e-50 1.01778e-321 5.51514e-165 3.54581e-70
2.54086e-58 7.33055e-15 6.00855e-137 1.58115e-105 2.00186e-231 0.174909 8.13668e-136 5.97438e-208 0.285666 3.73132e-94 6.27736e-267 0.13207 5.2172e-126
2.63836e-32 1.46578e-14 1.01371e-120 9.45041e-46 2.14986e-217 0.0969629 2.59319e-109 8.1316e-163 1.937e-12 5.93979e-92 7.51826e-277 1.54612e-38 7.83871e-152
1.68123e-51 7.48449e-38 8.43724e-94 6.05889e-172 1.43113e-227 6.89256e-32 1.31114e-99 3.83274e-160 0.163737 1.84929e-146 8.94235e-238 5.60075e-121 8.00753e-133
7.54373e-26 1.13231e-21 9.02114e-91 1.05896e-172 2.131e-205 4.8577e-86 2.73571e-128 2.89248e-149 0.711686 5.98227e-124 4.6527e-263 4.12133e-85 5.50978e-122
0.109292 4.94129e-70 1.30702e-145 3.13868e-121 9.58845e-142 2.24352e-33 3.57451e-120 1.90283e-218 0.210444 9.36624e-142 1.20058e-321 4.21827e-93 1.05854e-98
1.47388e-81 2.67271e-73 1.06785e-112 1.7129e-153 6.10119e-137 0.195396 9.88562e-20 3.75366e-139 3.53598e-38 0.162944 2.20407e-269 1.59717e-137 0.0862582
1.1006e-36 6.78699e-155 9.29805e-136 5.70676e-51 1.63465e-21 2.17619e-45 2.03519e-143 7.88465e-76 1.13134e-13 1.70179 2.28739e-185 7.08217e-96 4.43397e-35
4.83295e-56 2.17849e-119 1.12802e-149 1.24833e-170 4.56669e-155 2.49309e-16 4.90624e-95 4.31908e-145 0.429682 8.58202e-39 3.25771e-254 1.89535e-160 7.49963e-108
4.9427e-28 3.2181e-06 2.47783e-92 2.36235e-51 2.937e-191 1.24491e-17 1.36707e-143 4.6044e-150 0.37341 5.32004e-12 1.87937e-271 6.31337e-138 1.53033e-95
3.56693e-53 1.1238e-65 5.68654e-139 8.03069e-26 3.19613e-162 1.78126e-72 8.47766e-148 4.9224e-103 5.24619e-08 1.09813e-91 1.56125e-321 1.77867e-142 0.0134072
4.20316e-12 2.66339e-156 4.61555e-88 0.0934754 1.63068e-99 4.1921e-24 2.42388e-122 7.56292e-208 0.690124 2.13668e-66 1.65207e-207 1.75685e-94 1.62811e-96
