4.34393e-89 1.78627e-24 1.20115e-164 7.24221e-319 4.15509e-321 1.32558e-320 4.65904e-321 0.58583 2.17883e-321 1.31325e-228 4.72821e-321 6.56623e-253 3.61656e-321
3.43762e-294 7.04326e-66 5.78551e-321 0.138779 6.42766e-68 1.27024e-320 2.65313e-321 0.00933507 3.48433e-176 5.25686e-321 3.55233e-321 1.91203e-321 1.98614e-321
2.25294e-321 1.99866e-113 7.62837e-321 5.95295e-319 0.538119 4.85667e-321 2.02073e-321 8.70966e-06 1.5069e-321 1.23684e-84 2.67784e-321 1.85769e-321 2.18377e-321
1.9812e-321 3.04426e-278 6.23017e-321 0.223495 1.04081e-209 5.32603e-321 2.73218e-321 9.95542e-257 2.09484e-321 4.90726e-102 5.7114e-321 1.59089e-321 2.07014e-321
2.8804e-321 1.53437e-45 3.11733e-138 5.96416e-319 2.93475e-321 1.1823e-320 3.67091e-321 2.34978e-208 0.67407 3.70257e-65 3.60668e-321 4.53226e-308 5.09876e-321
4.56059e-216 1.31787e-237 1.02498e-228 32.2641 3.30868e-304 4.97524e-321 1.56125e-321 8.16484e-113 2.38739e-96 2.26299e-287 3.0138e-321 2.01579e-321 2.39128e-321
1.00995e-202 2.228e-142 2.89621e-230 0.221712 1.76622e-92 5.50389e-321 2.84582e-321 7.25479e-158 1.94662e-321 4.11063e-321 3.04344e-321 1.34386e-321 2.50985e-321
2.04543e-321 4.85169e-161 6.04242e-321 0.125944 1.93852e-189 5.29638e-321 1.23022e-321 4.82759e-95 1.88239e-321 7.95754e-298 2.14919e-321 1.61065e-321 1.16599e-321
2.04049e-321 2.4807e-320 3.36571 193.473 3.7148e-211 6.84444 2.68388 6.18076e-321 3.46834e-321 2.32151e-254 2.52492 1.60355 1.78492
1.35866e-300 1.48911e-320 6.01772e-321 5.01126e-319 0.0812644 5.00488e-321 3.58198e-321 6.37364e-273 2.89028e-321 4.93246e-236 3.10767e-321 2.248e-321 2.73218e-321
1.03979e-117 1.31873 1.94168e-321 1.01938e-253 9.14021e-322 2.05037e-321 7.70742e-322 1.51856e-232 5.53354e-322 1.854e-308 1.06718e-321 6.57107e-322 5.78057e-322
0.129484 1.87696e-71 9.7825e-322 1.09865e-319 6.0276e-322 1.05236e-321 3.80431e-322 6.91692e-322 2.91499e-322 3.72152e-287 5.63235e-322 3.0138e-322 3.11261e-322
2.05531e-321 7.19263e-150 1.55948e-262 0.100775 6.16407e-218 6.11653e-321 1.60571e-321 8.79111e-31 1.2401e-321 0.132325 2.1393e-321 2.33199e-321 1.1907e-321
5.93453e-211 5.44395e-65 4.05628e-321 2.89675e-68 2.93317e-198 5.47425e-321 2.05531e-321 0.251887 1.49702e-321 4.37499e-121 2.62349e-321 2.52468e-321 1.28457e-321
2.62843e-321 1.46293e-320 3.55465e-124 2.09521e-113 2.19691e-220 2.73923e-291 2.81123e-321 3.79103e-308 0.240104 6.15177e-29 6.93365e-36 4.99006e-321 3.20649e-321
2.76306e-37 1.32508e-320 3.79936e-321 5.53231e-54 2.78065e-306 4.77267e-321 1.60571e-321 1.7724e-94 1.38338e-321 0.184544 4.39224e-321 2.39128e-321 1.97132e-321
2.44562e-321 2.00791e-101 2.23474e-197 1.47384e-164 1.06331e-24 5.61753e-321 2.03061e-321 3.37447e-321 1.6982e-38 0.596278 3.51775e-321 3.24107e-321 1.76381e-321
6.67822e-184 4.75622e-97 4.63434e-321 0.0859393 8.16177e-207 4.06616e-321 1.45749e-321 2.38634e-321 1.13141e-321 5.33039e-83 2.16895e-321 1.20058e-321 1.07706e-321
