7.98379e-27 2.95094e-57 5.28391e-102 1.02977e-178 7.2417e-153 1.46995e-91 1.28572e-66 5.70075e-154 9.91801e-38 1.11982e-70 3.9442e-87 1.02891e-101 3.44328e-28 6.4788e-11 2.11306e-06 4.53586e-20 1.36822e-41 6.34182e-102 3.03966e-29 6.26706e-82 2.62871e-59 7.1061e-09 4.41378e-162 1.64985e-83 2.87405e-116 1.44692e-15 0.108807
1.56288e-121 2.82729e-43 1.14314e-197 5.04152e-212 2.13471e-05 2.45537e-69 5.60934e-181 3.48023e-110 1.74395e-94 3.92793e-100 3.61073e-226 4.34662e-32 1.70232e-108 2.19884e-16 7.26248e-58 4.44704e-13 2.82986e-128 3.40202e-93 3.84267e-43 3.81525e-141 1.46509e-80 3.54164e-14 6.04833e-92 5.92755e-26 0.16028 0.149272 7.8774e-64
1.6489e-09 3.73817e-70 2.88498e-177 5.44585e-214 7.76955e-108 9.29611e-34 3.11406e-10 5.27221e-108 1.05891e-68 3.08737e-67 1.60755e-147 3.27202e-130 8.13032e-59 3.46394e-36 1.00365e-31 3.64349e-119 5.40623e-75 9.14947e-79 0.392539 0.0528267 3.01324e-75 1.57495e-39 0.279416 7.47287e-76 8.38698e-125 1.899e-168 0.155977
3.53933e-84 1.91537e-30 5.08852e-195 2.23232e-133 5.59881e-36 5.8749e-147 2.84884e-103 3.2244e-164 8.80526e-35 9.91392e-85 1.24163e-08 7.19209e-107 7.88906e-80 0.00425138 6.3265e-37 0.339473 0.299801 9.7909e-99 1.3637e-51 9.34531e-22 9.94535e-86 0.780024 2.44903e-32 1.5626e-24 0.00277678 2.58647e-105 0.0976244
4.20791e-105 1.15491e-121 5.69723e-85 3.05234e-36 3.19416e-71 2.12285e-39 2.05454e-106 5.23571e-110 7.52868e-16 4.70694e-08 5.86109e-42 9.40718e-100 2.69321e-99 3.22074e-38 5.18803e-67 7.42877e-66 3.12563e-146 2.26408e-46 4.55195e-40 4.15308e-60 5.63093e-40 0.116564 2.83531e-183 1.12805e-44 5.69693e-49 1.55952e-130 9.92101e-20
8.69583e-45 2.09013e-72 2.4084e-116 8.97852e-165 1.6276e-15 5.02457e-127 2.7389e-50 1.19041e-88 7.68995e-71 3.5456e-112 2.88821e-76 8.61343e-96 6.21138e-08 3.26188e-92 0.205296 2.08134e-75 3.92038e-133 0.0627789 1.37931e-44 4.44093e-40 0.113714 3.03043e-34 1.82366e-136 1.21563e-36 4.05917e-120 5.88507e-148 8.12481e-74
4.6929e-52 1.2088e-90 1.15445e-90 6.71133e-31 1.14905e-30 3.243e-52 1.18327e-48 1.13674e-26 6.62331e-59 1.27893e-41 4.37318e-21 0.000467483 2.781e-61 3.2537e-81 1.67436e-95 6.54112e-103 1.6714e-150 8.4256e-35 5.76889e-86 2.1686e-47 1.37112e-84 2.66001e-76 3.72055e-163 1.31371e-53 6.397e-130 1.52875e-82 3.49202e-129
4.61183e-96 1.16563e-91 1.99363e-35 1.11099e-146 4.4772e-108 1.50073e-08 1.75787e-08 5.96843e-76 2.11895e-77 3.2102e-85 1.47148e-76 5.36595e-112 9.76968e-88 2.30121e-89 1.76225e-44 9.95061e-70 4.69021e-44 0.0203208 6.30506e-118 7.33838e-46 8.78994e-90 4.1126e-51 3.41394e-104 2.05223e-108 7.35515e-102 8.97157e-94 7.24089e-150
0.0116169 0.00049101 0.00290563 0.0214908 0.00172376 0.000800143 1.49628e-05 5.75945e-06 2.6064e-05 0.000899083 0.00105759 0.00132513 0.000894737 5.71801e-95 8.67062e-112 9.1699e-141 5.45947e-160 5.21727e-107 4.59036e-131 3.9137e-149 1.05153e-91 8.79842e-89 1.57418e-188 7.2309e-113 2.05808e-169 5.52525e-178 1.5657e-178
2.25665e-122 8.85081e-104 3.85602e-95 1.06074e-35 1.83397e-112 1.12052e-36 5.22674e-55 1.19579e-191 3.04017e-24 0.0073119 1.21832e-30 3.81949e-132 1.7339e-30 0.197465 5.46012e-109 3.96681e-50 2.14534e-98 1.15263e-40 1.47322e-54 8.67175e-102 5.30986e-63 6.66676e-17 2.35083e-137 3.2506e-73 0.026966 2.62983e-99 1.25245e-62
2.05563e-15 1.67007e-32 8.14254e-50 7.29768e-93 1.98654e-06 3.35136e-36 9.34009e-16 1.39691e-18 1.62626e-48 7.40393e-24 1.9164e-61 1.7122e-82 2.2536e-09 4.57865e-74 4.70854e-104 5.0545e-77 1.52475e-154 3.01663e-43 2.98419e-41 0.206953 1.09504e-81 2.3055e-09 1.10768e-141 1.78785e-40 3.03082e-143 9.07505e-167 5.68401e-167
1.58725e-126 5.36935e-12 1.05862e-113 9.04368e-103 2.16448e-116 4.32448e-105 0.0222358 2.09408e-141 2.01428e-20 0.105578 1.95156e-148 5.01603e-79 2.31867e-89 6.5347e-78 4.69827e-33 1.29514e-57 2.00781e-89 0.19384 4.94497e-57 8.33293e-64 2.95793e-78 7.37282e-18 2.55705e-83 8.31689e-74 2.12607e-21 2.36678e-175 2.80129e-30
4.18142e-94 5.49683e-24 5.61297e-164 2.77576e-89 8.9832e-34 2.07308e-116 1.92306e-51 0.102548 2.23365e-61 7.89972e-118 1.06731e-138 3.50773e-47 5.57924e-32 6.54416e-81 7.13241e-100 5.35407e-33 3.77758e-16 0.337978 1.63547e-95 1.70372e-113 4.52826e-75 0.236755 1.90912e-86 0.15592 1.90142e-113 6.21117e-104 1.62997e-108
