4.37899e-128 6.20715e-56 2.34057e-94 5.48229e-155 8.54059e-139 1.42457e-62 2.4905e-139 1.56388e-05 2.96542e-116 0.147943 1.06806e-123 1.3029e-71 5.19295e-12 1.10626e-43 5.40202e-48 7.44822e-53 1.78892e-155 0.438851
1.0066e-101 2.94564e-48 1.53665e-58 0.174256 4.26307e-34 7.61712e-29 4.13456e-100 3.58818e-16 2.01818e-05 2.83283e-25 2.71402e-44 1.35277e-52 1.12558e-105 9.27787e-111 6.62595e-37 5.479e-178 3.78328e-167 1.71579e-128
2.462e-61 1.05823e-52 3.07653e-63 6.68289e-11 4.83587e-60 9.37283e-38 2.55345e-39 5.75556e-36 5.33146e-53 0.443368 2.9448e-58 2.19132e-113 1.39292e-10 6.95815e-155 0.0713885 1.56886e-171 5.10949e-125 1.62523e-58
2.85232e-97 2.15038e-138 1.10469e-99 1.33492e-16 4.44717e-51 2.33698e-113 2.55701e-28 1.557e-98 1.57437e-10 1.0498e-41 1.97229e-85 6.56422e-45 0.11989 7.273e-119 5.90923e-59 3.83385e-45 3.91043e-138 0.0972664
2.43914e-07 0.00075125 0.0236502 4.25467e-19 8.12294e-15 0.0774193 0.0174415 3.56301e-22 4.28076e-11 1.61285e-43 1.02379e-130 1.28529e-106 6.99311e-96 4.56764e-165 1.0955e-76 9.06807e-189 1.93081e-202 1.43637e-174
6.15603e-05 2.67011e-09 5.87382e-12 0.000602192 0.351964 4.01733e-05 3.11013e-15 0.00527097 2.68062e-09 9.32743e-41 1.72387e-139 1.24559e-113 1.05241e-107 4.81336e-172 1.09111e-82 2.26861e-188 1.95494e-200 3.03737e-155
3.09132e-71 2.14151e-60 8.96866e-137 2.20108e-141 1.95167e-156 1.91638e-172 2.92298e-65 6.09917e-238 0.00147405 6.0461e-31 0.120103 0.357353 2.61818e-97 0.220763 6.88878e-67 2.15351e-107 0.105202 5.65793e-170
1.28742e-57 1.92347e-94 5.81707e-132 6.79603e-189 1.65817e-49 5.40395e-155 9.87584e-214 3.95257e-173 1.13787e-51 0.30696 1.8105e-21 3.32062e-70 1.25383e-31 1.13607e-107 8.85537e-54 0.329963 1.27566e-16 4.70353e-26
0.167932 0.000103779 8.88963e-06 2.07902e-06 2.42018e-07 3.43173e-11 3.84502e-10 8.79416e-09 0.00970877 8.60647e-45 2.47556e-147 1.80288e-112 1.91541e-107 3.69751e-172 5.6345e-81 1.53397e-194 7.57838e-206 4.37963e-173
8.24979e-25 1.40174e-10 3.49368e-09 5.43354e-53 1.55659e-49 0.19318 3.17701e-38 6.23463e-50 4.49467e-39 7.00029e-16 9.74498e-110 7.90528e-90 2.68734e-82 4.674e-113 1.26106e-43 8.22744e-185 3.35383e-196 6.39523e-125
