5.60316e-175 3.57938e-124 2.40227e-103 8.56927e-08 3.9046e-145 4.96186e-46 7.19618e-165 8.4869e-18 8.3455e-142 5.75759e-72 2.79085e-49 2.01057e-85 0.0109319 2.93426e-299 6.48707e-126 7.99895e-110 0.102357 1.67488e-321
3.86638e-160 3.32775e-98 3.81698e-152 3.51307e-179 5.81928e-295 3.37128e-74 3.04653e-06 3.58175e-100 2.72996e-304 2.1718e-139 2.76299e-33 2.52188e-225 0.0573662 0.108748 3.1104e-102 9.23005e-81 1.90047e-116 1.76381e-321
7.5407e-11 1.39517e-169 1.49961e-44 1.0413e-104 4.22015e-88 1.85975e-43 2.44542e-96 2.22594e-192 3.74935e-124 7.74118e-251 1.84165e-43 6.86169e-203 2.10465e-162 2.14356e-283 3.31979 1.3924e-98 2.58549e-65 9.09081e-322
0.00482761 0.00107407 0.0241143 0.00114123 0.000662339 0.000775197 0.00157138 0.00320464 0.000400324 1.338e-275 1.42114e-141 4.63818e-237 4.94918e-254 4.94066e-324 2.638e-189 1.18082e-184 9.61802e-178 4.94066e-324
2.18701e-90 1.32904e-321 1.98279e-270 1.38606e-54 1.48566e-320 5.24108e-220 4.51773e-188 3.09714e-216 8.93771e-127 4.62726 1.96353e-119 2.37555e-08 6.68713e-68 1.05391e-174 2.13889 0.34466 0.000377424 2.64325e-321
3.64838e-08 1.02766e-321 1.31864e-77 2.53916e-188 1.0741e-320 1.05127e-243 1.8842e-143 2.64819e-321 2.52614e-245 1.11219e-142 1.32653e-134 1.32543 3.92754e-05 1.49873e-36 0.93197 9.63074e-179 7.074e-123 0.649218
3.59251e-138 4.15375e-164 1.58112e-102 1.17757e-46 8.16427e-16 2.2091e-54 1.07754e-57 2.18257e-108 5.00486e-14 3.42757e-173 0.291068 3.9599e-153 7.31027e-72 1.99116e-301 0.112411 5.66501e-128 0.354791 1.3488e-321
1.00469e-83 7.17378e-104 6.27604e-121 6.07945e-43 3.27046e-179 3.58614e-198 1.11894e-134 1.13543e-51 1.11563e-50 2.57342e-242 1.31256e-31 1.92306e-181 3.32839e-79 1.62695e-118 0.375966 7.63062e-171 1.7787e-132 6.79525e-115
5.64646e-107 5.36633e-123 1.50581e-27 3.88448e-147 1.72328e-153 8.2293e-37 6.07568e-126 2.73016e-154 2.44863e-48 2.77082e-95 1.24646e-42 9.65112e-172 2.03639e-143 5.44015e-134 0.342663 7.83488e-161 4.4516e-51 1.17588e-321
1.50048e-98 1.79442e-102 5.40643e-120 9.26507e-40 0.791264 0.0240417 1.47536e-14 1.54899e-96 1.84578e-56 7.79928e-234 6.51952e-136 9.48374e-130 2.02227e-176 5.69758e-297 1.73785e-40 1.60106e-109 1.00089e-81 6.52167e-322
