2.61275 0.149963
2.25773e-93 0.0647301 1.06865e-71 1.8945e-134 5.88399e-83 7.24396e-36 4.15707e-73 8.99391e-08 3.0361e-56 7.50274e-08 2.86706e-175 6.44731e-87 1.56309e-114 7.62836e-93 4.61641e-248 0.0220207 1.12672e-111 8.20883e-173 9.90306e-53 1.95141e-100 0.105231
3.64552e-127 7.62521e-96 2.42548e-157 2.73418e-110 6.11574e-192 1.98087e-138 1.29317e-46 1.7453e-86 1.10103e-89 7.02273e-36 1.98097e-178 3.95717e-41 2.58991e-148 6.16759e-19 1.91716e-135 0.356823 1.05249e-74 3.32507e-178 3.93598e-114 2.05618e-71 2.54489e-37
3.62422e-70 3.36868e-84 5.91604e-98 4.42412e-42 1.68114e-159 2.0184e-77 7.65146e-63 1.04124e-80 3.22931e-46 3.72667e-131 7.98607e-190 8.55559e-125 5.25261e-83 1.46881e-66 9.92646e-138 2.19727e-122 2.76354e-116 3.25293e-177 1.51813e-120 3.76054e-138 0.105906
9.09017e-89 3.46431e-56 7.48367e-83 2.35184e-116 1.54727e-136 2.54146e-129 1.57578e-55 4.54683e-82 7.45714e-16 9.48344e-28 9.43513e-187 9.53504e-53 1.63288e-97 2.94491e-56 2.20671e-237 9.08633e-152 2.62746e-68 1.51025e-188 1.37255e-97 7.38428e-65 0.305062
3.23062e-85 1.48912e-94 2.42858e-165 4.29001e-28 5.74318e-81 0.0145884 5.01212e-79 0.199591 0.188936 1.63845e-76 1.6336e-72 5.83828e-87 2.84632e-33 0.109874 1.59706e-110 1.76246e-14 4.50772e-23 2.18985e-198 2.80286e-114 6.3595e-29 3.53308e-110
2.85988e-146 4.81813e-62 1.19141e-77 7.34123e-115 3.81738e-97 1.31525e-84 2.1485e-110 8.28363e-49 1.18024e-49 1.09726e-95 8.29852e-147 2.97325e-122 5.04522e-126 4.49093e-100 1.14291e-223 3.20973e-84 1.29546e-52 2.64554e-141 9.77849e-119 1.22864e-138 0.368089
1.5964e-87 5.80756e-92 2.97068e-95 6.35562e-108 9.87482e-191 1.20831e-19 8.2283e-110 2.27092e-65 0.435816 3.75021e-41 5.00092e-92 2.64986e-50 1.25979e-136 6.78402e-69 4.69769e-179 7.83015e-83 8.90374e-24 2.03432e-88 1.69973e-106 1.48464e-167 1.17948e-64
9.50911e-51 8.68046e-41 0.341281 2.1159e-15 6.02223e-150 0.0763339 0.000644953 6.13326e-30 4.9987e-62 1.80366e-129 5.17323e-48 1.82416e-100 3.81288e-132 3.05729e-84 2.40015e-210 9.44571e-35 2.35315e-88 7.10226e-171 1.28966e-103 4.06264e-122 0.414357
2.57368e-58 5.44841e-51 1.66516e-80 2.02196e-92 5.27029e-80 1.69371e-48 1.40781e-86 6.1085e-41 6.81942e-38 3.5786e-153 4.06693e-33 1.25042e-131 1.71336e-101 0.279153 1.31753e-213 2.31362e-120 0.145998 1.49867e-133 3.19974e-29 0.22562 4.74605e-124
6.40116e-71 5.2933e-99 1.60145e-144 0.155943 3.21499e-88 2.50684e-74 8.40331e-63 0.000161751 1.71363e-80 2.46156e-157 2.39735e-86 3.76029e-87 3.87219e-52 5.21338e-54 6.07165e-152 3.23322e-79 2.56531e-48 1.03542e-35 4.6768e-120 5.36557e-20 1.88872e-63
1.93524e-132 8.99662e-81 2.30015e-144 8.88428e-48 5.07362e-51 2.41305e-30 2.06269e-33 5.27679e-67 0.24605 0.184546 1.57223e-149 1.00952e-75 3.13381e-113 4.88512e-08 1.02126e-238 1.16763e-90 8.18111e-28 1.22853e-63 1.20375e-81 8.18354e-37 3.24354e-28
1.86003e-139 7.40535e-98 1.37067e-167 1.33926e-110 3.8131e-170 1.53799e-138 8.98324e-91 4.0034e-84 7.5067e-131 8.62993e-125 5.34576e-161 1.35269e-126 5.40403e-156 7.34746e-107 1.45568e-207 9.74982e-125 1.97652e-96 1.95931e-171 1.30977e-136 1.84344e-172 8.75487e-112
0.0518858 1.78806e-42 6.03305e-70 4.38273e-122 1.59316e-34 4.44753e-126 8.27162e-62 2.8255e-74 0.0559625 1.10766e-154 1.75866e-113 2.81838e-131 6.62591e-16 7.04285e-85 6.99829e-239 1.07333e-82 3.20906e-123 2.19204e-99 1.63229e-92 1.46335e-167 8.92931e-78
1.57471e-111 1.98728e-23 1.67942e-122 4.76807e-81 4.26756e-186 5.49262e-149 0.473529 8.32808e-58 0.514265 1.03236e-126 2.44789e-145 1.48399e-117 5.66879e-24 2.22964e-49 4.35752e-40 7.59652e-87 5.20466e-12 0.16924 9.20628e-111 6.2949e-08 1.3479e-46
2.36462e-60 1.44803e-58 1.0508e-131 0.0711832 4.54774e-59 0.0287695 0.00332123 5.56513e-18 2.35336e-14 4.76526e-18 1.32709e-35 1.99858e-76 5.44846e-157 3.24484e-75 5.93851e-167 1.09397e-144 7.29683e-30 2.2402e-101 5.27359e-127 1.70714e-106 7.00556e-16
2.54504e-29 1.90907e-52 9.03974e-73 0.0420527 1.32385 1.00229e-75 3.87981e-17 4.45931e-06 4.36552e-132 3.18759e-131 1.85854 0.311402 0.103489 7.04839e-68 0.199731 7.61391e-95 3.95726e-28 2.806e-30 0.18721 2.49582e-116 1.02643e-21
3.27566e-78 9.12543e-12 9.15915e-94 7.66665e-125 1.23017e-122 0.0262431 1.29121e-21 1.30733e-49 3.05024e-60 1.17666e-138 2.75644e-44 9.5312e-66 2.75364e-49 2.85956e-67 2.02856e-179 2.16225e-12 2.68908e-15 1.30299e-65 6.1885e-46 1.63809e-22 2.14373e-11
