0.0190022 4.58051e-143 8.45364e-54 8.4039e-140 8.285e-34 4.01444e-34 4.87936e-40 5.51444e-97 0.000306792 4.47899e-100 0.584757 1.01442e-215 2.84659e-174 5.98507e-13 5.75021e-21 9.12514e-109 8.38662e-179 2.2448e-42 9.16596e-145 8.40677e-47 2.61792e-163
1.47382e-20 1.4842 0.485304 2.18891e-42 9.33786e-158 3.3544e-67 0.243449 7.04461e-101 0.391091 6.79789e-24 1.1389e-74 2.3278e-130 1.91636e-241 3.2424e-78 1.01953e-130 9.69251e-195 1.37475e-30 9.16568e-29 4.16748e-119 3.9346e-85 4.07176e-167
6.66436e-49 0.382675 1.37682e-51 5.17193e-65 9.74378e-164 2.33156e-100 1.13137e-19 6.10458e-79 2.22651e-61 6.9733e-25 7.47437e-150 1.29118e-85 2.08352e-54 2.85571e-78 4.02053e-166 1.4513e-210 2.83782e-150 7.8954e-72 4.8089e-156 4.82927e-120 9.76432e-90
4.38418e-14 1.14919 3.9365e-55 2.6096e-115 1.40702e-78 6.04663e-48 3.73104e-92 0.0995961 2.83263e-102 2.47525e-26 1.35276e-174 6.84066e-71 6.98342e-07 4.09541e-33 1.01325e-85 9.11091e-128 1.19198e-173 1.56075e-05 4.53006e-190 3.12465e-118 0.0715287
1.61992e-27 4.26569e-91 5.23521e-84 4.58248e-24 1.28294e-146 1.8853e-32 1.0286e-42 2.49862e-79 1.59757e-105 7.44377e-91 1.3787e-107 5.59079e-113 1.28645 9.63864e-25 3.1461e-63 3.47002e-223 3.19189e-112 2.34989e-59 1.05693e-12 2.55593e-111 6.54186e-35
0.811988 1.01863e-85 2.25541e-79 0.157126 0.234134 0.288318 3.98098e-36 1.07099e-102 2.22333e-84 4.2623e-85 3.3044e-165 0.213167 1.03136e-214 6.95891e-39 3.57724e-78 0.75539 1.30638e-196 4.30913e-52 5.35396e-149 3.60518e-59 0.144166
5.66632e-35 1.15015e-103 3.11667e-47 5.84433e-141 7.32205e-101 2.85199e-164 5.70452e-64 1.05868e-67 0.174824 8.66267e-59 6.94269e-115 4.66847e-201 5.19424e-211 0.165146 3.77226e-84 9.06252e-175 4.37238e-42 6.41901e-05 5.48919e-136 2.70109e-51 5.28302e-199
1.72409e-24 3.8516e-122 3.55163e-103 8.59267e-21 2.9599e-130 7.07411e-171 5.88133e-46 1.19133e-125 1.96722e-101 5.87631e-32 4.17335e-39 2.52647e-229 1.72339e-79 3.20397e-35 1.3573e-73 3.45034e-170 2.56582e-88 0.0251627 1.33573e-74 1.6346e-124 1.32863e-188
0.242458 5.93046e-94 2.51243e-104 4.9784e-80 1.64686e-113 2.96642e-112 1.54901e-48 2.25855e-120 8.77433e-67 3.26134e-84 7.67713e-117 1.40809e-135 3.48144e-133 6.16943e-29 1.05798e-163 7.14075e-138 2.39167e-167 5.93001e-42 1.2679e-113 3.26324e-38 2.20337e-185
0.0721713 7.02033e-176 5.89905e-92 4.0435e-138 2.67164e-122 4.54219e-144 1.11926e-105 2.25646e-115 6.18331e-72 1.7553e-84 1.17544e-89 6.5014e-190 1.89387e-205 3.7834e-67 1.80682e-141 1.04261e-202 2.22202e-133 2.03558e-46 5.78161e-138 2.6191e-123 3.0967e-244
3.60922e-39 1.4262e-143 1.92036e-28 9.48388e-93 1.19851e-72 6.87878e-80 1.04479e-93 7.08433e-144 3.84779e-71 0.0385807 7.55182e-72 5.75205e-147 4.31619e-103 3.20556e-56 3.80513e-73 1.34016e-221 2.14052e-88 6.95714e-71 3.22319e-122 2.84629e-70 9.71125e-191
3.77246e-45 8.40297e-20 3.06866e-81 6.81119e-82 0.000800622 1.01564e-118 8.44598e-99 1.5281e-114 9.17483e-27 5.95999e-19 1.52148e-58 2.08335e-231 6.05924e-187 1.62612e-49 5.70593e-106 7.42304e-33 0.310493 0.0664497 0.151646 5.47551e-129 5.21286e-176
0.0246258 1.62569e-158 5.53612e-41 5.01522e-121 3.87053e-54 8.24383e-169 1.38012e-80 1.07833e-102 6.28924e-40 3.42933e-77 9.82919e-99 3.16368e-198 3.53523e-206 6.01151e-71 3.51343e-61 1.07794e-134 3.6331e-94 1.13593e-58 1.79483e-180 0.308855 8.44468e-118
0.245518 9.17286e-62 9.53403e-59 3.89416e-148 4.71777e-155 7.57755e-158 1.50243e-68 2.19313e-126 1.07143e-75 6.7902e-55 4.09078e-78 1.67739e-222 1.33561e-198 1.15191e-21 1.29097e-136 2.03638e-144 1.43958e-135 1.21552e-35 8.32457e-107 4.62018e-73 4.14754e-191
1.54087e-28 1.87996e-46 3.25657e-61 1.77422e-124 2.78921e-58 1.19711e-96 1.22353e-38 3.01269e-154 1.87081e-56 2.59426e-53 2.32554e-103 1.9574e-68 9.46323e-175 1.57059e-13 0.397739 2.11977e-172 1.43705e-46 8.51755e-83 1.73418e-159 0.000778099 2.19168e-218
4.08125e-10 2.24606e-154 8.66251e-32 0.0697313 3.29058e-120 3.0209e-125 3.66776e-41 8.16744e-21 1.21472e-10 6.79039e-95 4.83985e-120 1.71168e-133 6.66623e-144 4.08581e-63 3.393e-135 5.66697e-207 3.06009e-102 3.84083e-22 5.69832e-145 1.3798e-123 1.15559e-238
1.84832e-34 3.05414e-171 1.42366e-60 2.98879e-28 2.47015e-152 5.52009e-71 5.16901e-112 1.28375e-53 0.219545 0.109752 4.09572e-51 1.11745e-133 1.16228e-127 2.3911e-42 1.32537e-52 8.95208e-161 3.18944e-46 3.10039e-32 1.75361e-95 2.48096e-26 5.53496e-164
