0.000920924 1.37151e-116 1.69743e-249 3.66213e-286 5.51006e-215 1.06286e-128 1.41795e-52 3.31447e-125 1.70889e-13 1.26698e-202 1.13709e-101 5.43718e-67 1.3299e-63 0.0214879 4.20492e-132 2.36148e-178 9.30079e-107 1.14453e-172 0.29295 0.137391 1.48529e-57
5.99487e-184 2.92944e-185 4.85026e-156 9.23903e-322 4.94422e-225 7.00162e-70 0.0400121 2.30369e-148 4.18005e-134 1.32688e-138 1.86943e-107 4.26155e-176 4.50495e-149 7.30705e-130 2.96391e-153 3.37145e-99 4.69304e-236 7.13728e-116 2.68812e-99 5.35692e-36 2.47468e-213
1.08426e-109 4.05699e-21 0.243061 2.57428e-200 2.44547e-58 2.88904e-36 1.55463e-158 1.12597e-226 8.91305e-151 5.8178e-206 3.10911e-233 5.10495e-109 1.85809e-62 3.14215e-101 0.963325 5.55595e-103 1.6684e-179 7.56643e-235 9.44273e-222 1.21894e-73 2.45804e-130
6.69234e-73 4.26381e-108 7.22665e-23 9.53547e-322 2.39911e-115 5.95178e-151 4.37922e-154 4.19267e-178 6.90087e-134 1.7043e-175 2.42991e-209 9.04219e-181 8.99268e-92 4.01291e-90 0.331782 1.42661e-134 3.09947e-124 9.96963e-197 2.52365e-47 1.13404e-78 0.000122074
0.00325044 2.26087e-148 3.4487e-115 2.16733e-258 1.09169e-184 1.3028e-185 2.03357e-106 2.45489e-187 4.69367e-102 1.21267e-284 8.28077e-151 1.33383e-195 0.111104 6.206e-60 3.37698e-129 2.54445e-76 6.31561e-257 1.07308e-155 7.98745e-109 6.68919e-137 1.16124e-09
8.76072e-94 1.78281e-119 1.76313e-65 8.05327e-322 1.93158e-203 8.92814e-74 2.80485e-25 1.3676e-103 7.40165e-150 1.6345e-227 3.75899e-238 5.62152e-180 1.58977e-43 9.62378e-67 0.279328 9.67227e-153 5.2575e-147 1.36916e-207 1.50587e-179 1.75479e-135 2.19144e-74
2.16468e-44 1.48654e-170 5.95999e-35 5.18748e-163 1.045e-64 1.59045e-27 3.64854e-84 1.32407e-166 2.94788e-193 4.09371e-173 1.97371e-237 2.5032e-177 1.60699e-112 6.39497e-06 7.60761e-83 0.449836 6.96688e-159 1.02236e-195 0.0739506 7.45656e-32 6.79668e-207
1.42488e-105 2.45003e-102 2.49716e-94 4.06717e-167 2.67889e-269 3.47263e-121 0.000224704 7.33055e-41 0.166226 9.23373e-265 2.09261e-210 2.26093e-91 4.44534e-186 5.41563e-190 3.76492e-75 3.14667e-173 3.07095e-36 6.15683e-178 5.26451e-15 1.70666e-30 2.60758e-84
3.93562e-103 5.24564e-134 2.69814e-28 8.69556e-322 1.99059e-74 7.23995e-151 2.04121e-51 1.49029e-226 1.77386e-139 1.41701e-177 4.69163e-227 3.22999e-141 2.54802e-115 5.29069e-199 0.0377889 3.47866e-144 7.09398e-217 6.8358e-235 6.81452e-75 2.07805e-122 5.08067e-187
3.09889e-118 6.25347e-54 8.22065e-157 3.39174e-223 3.08473e-126 1.2605e-82 0.00154957 4.31281e-156 1.49185e-198 8.8433e-299 7.73984e-230 9.00386e-90 5.38443e-104 2.87683e-27 0.279496 2.00643e-146 8.11757e-134 4.15336e-173 1.56218e-107 8.70557e-53 1.61466e-217
4.00881e-08 1.18538e-160 8.59324e-189 8.78144e-249 1.30894e-163 6.3255e-107 3.97218e-110 2.20493e-93 3.23083e-176 6.50682e-296 1.50326e-243 4.43297e-80 1.25865e-73 1.46145e-95 0.0624132 1.58704e-151 9.07884e-190 1.41267e-76 1.47277e-86 3.28215e-26 4.24109e-186
6.11491e-70 1.23959e-155 2.87002e-54 1.44976e-222 1.1823e-262 8.7043e-68 9.5586e-102 0.769256 2.05197e-24 0.519511 1.859e-231 1.25865e-185 7.5363e-59 1.29722e-135 1.53646e-109 2.82872e-141 0.674866 4.29861e-200 7.94397e-165 1.82714e-55 1.27237e-112
0.212552 5.39176e-149 1.3169e-148 1.10177e-321 4.19907e-220 4.65344e-23 8.42203e-07 1.40665e-168 3.38249e-54 4.49568e-194 9.61268e-275 0.229528 1.26666e-137 0.603367 0.261867 4.31144e-11 1.87017e-86 3.12453e-44 1.43975e-30 9.90863e-106 2.85665e-127
5.80271e-180 6.99942e-157 4.34425e-214 0.350071 6.32498e-259 0.600286 5.16719e-122 1.24593e-45 2.1006e-119 0.199682 0.474625 2.3129e-25 2.03192 1.49477 6.49166e-116 3.00882e-96 1.09058e-23 1.45516 1.89585e-215 7.10267e-11 2.38989
2.56064e-105 2.8307e-120 1.23331e-144 8.80995e-257 6.885e-243 1.13937e-189 0.191282 4.38378e-108 1.60309e-66 1.35109e-155 3.03596e-255 7.04196e-199 1.72062e-150 2.73679e-32 6.63818e-99 5.245e-42 8.68171e-125 3.39704e-231 1.31635e-212 3.91857e-115 0.350362
9.50861e-136 0.375745 1.38426e-154 1.68497e-269 0.376695 1.08181e-41 4.11802e-82 6.9378e-44 0.0437565 1.06067e-78 5.8165e-239 5.85754e-103 1.03947e-55 3.1893e-63 1.87447e-144 1.20975e-142 2.05038e-27 7.9058e-185 0.149225 6.75646e-06 6.5716e-84
1.87895e-196 3.01747e-167 3.23816e-196 1.15236e-309 7.1121e-227 4.56599e-72 2.38322e-183 1.37963e-91 2.86956e-68 5.329e-207 4.4935e-191 5.74986e-121 6.50671e-185 0.271197 5.92817e-164 1.58224e-74 1.91491e-230 2.42886e-206 1.30391e-16 2.42252e-136 3.45215e-102
