4.83538 0.363643
5.46773e-100 3.77924e-237 2.87576e-298 8.64455e-291 1.56635e-82 9.86366e-25 0.298738 3.21835e-68 2.91212e-162 2.50534e-303 1.34231e-204 2.7188e-82 4.49106e-321 4.76901e-206
2.991e-47 3.7796e-60 2.27227e-123 6.44088e-101 5.7131e-120 8.63436e-120 1.64209e-122 1.02773e-07 4.30893e-250 1.67117e-152 0.149928 1.63868e-152 1.50267e-119 4.66706e-58
1.1417e-247 2.9361e-40 0.146347 1.29841e-170 7.55207e-78 4.14628e-249 6.05054e-76 5.26394e-48 5.16463e-67 4.20489e-280 1.41891e-211 2.31026e-297 2.44436e-307 0.434307
8.10207e-148 1.54703e-127 2.90026e-254 1.82832e-81 1.60924e-287 0.167534 2.36903e-123 0.147622 1.81322e-321 2.59656e-310 5.82127e-216 8.69631e-258 3.22639e-139 1.31642e-66
0.185006 0.603321 8.17338e-248 0.164789 1.12799e-54 4.2289e-177 7.1213e-104 1.57905e-87 2.0771e-09 4.15164e-146 4.29859e-244 9.86412e-202 1.47725 9.12021e-150
2.09955e-287 8.2153e-119 0.271307 7.5098e-322 1.89125 1.27963e-321 2.39653 5.54173 4.54286e-41 0.828539 0.0597797 5.08681e-199 1.88421e-117 1.08924e-191
1.2077e-238 1.05367e-202 2.96444e-116 1.51415e-121 6.04977e-181 3.30166e-155 0.185387 6.06804e-66 9.26942e-213 6.97883e-261 1.67663e-259 2.65373e-171 4.54046e-321 8.23343e-214
6.55766e-75 7.80685e-197 1.46106e-151 1.47348e-127 2.49389e-06 2.20858e-152 1.52059e-116 10.4295 8.41143e-172 1.02717e-198 4.6672e-195 1.06718e-321 3.91257e-135 1.30766e-143
2.17611e-260 7.68554e-117 2.17643e-281 5.67195e-195 5.6381e-121 3.95602e-237 5.83205e-123 0.1203 2.84049e-281 1.44577e-210 1.64611e-143 5.70916e-112 8.92402e-59 1.91026e-86
0.774758 2.9902e-52 4.87492e-13 2.82278e-18 1.19022e-291 1.06747e-150 1.56004e-233 9.55203e-31 0.459765 4.46855e-194 8.81761e-268 0.268275 6.39321e-321 2.02685e-201
