3.09097 0.215382
1.29394e-224 3.90733e-223 9.18629e-117 4.43444e-309 9.52116e-157 2.62951e-223 5.6254e-249 4.64194e-314 1.76153 2.2272e-168 1.69964e-73 2.62914e-162 3.63687e-258 2.07875e-142
1.90535e-21 1.57623e-80 3.50721e-113 3.06614e-241 6.622e-84 2.50139e-168 0.327923 8.07949e-152 2.17103e-60 5.25968e-101 2.32045e-37 1.83383e-81 6.01396e-62 1.26374e-51
1.12207e-199 9.7055e-33 0.0632623 5.72032e-165 2.81434e-64 0.180649 6.26677e-199 9.10362e-76 3.39142e-97 0.41088 2.79529e-06 1.13098e-33 9.96081e-95 3.67476e-73
2.09489e-169 3.17043e-167 0.355843 3.36384e-172 4.36837e-218 0.0121658 5.2289e-218 2.75525e-177 5.85329e-35 8.62048e-61 1.67997e-37 8.98053e-172 1.47621e-76 4.5337e-09
0.681624 1.3837 6.97689e-121 0.563023 0.234878 0.196984 1.40766e-268 0.762183 2.43685e-63 6.59827e-47 6.18694e-40 0.666689 0.260473 0.23102
7.72973e-152 5.11631e-79 3.02166e-33 3.08327e-227 4.75013e-174 1.2691e-201 3.24424e-140 1.66478e-137 0.751142 9.98794e-106 0.195488 5.21902e-223 1.69336e-300 4.92454e-105
5.16428e-232 5.85697e-166 2.05668e-118 3.19098e-220 4.6891e-224 5.2383e-249 4.97845e-161 8.29923e-303 0.0440395 2.88608e-175 1.58953e-14 2.4426e-195 5.9215e-264 6.76278e-113
2.85082e-215 5.90022e-183 4.00184e-95 1.75744e-289 1.34622e-157 1.83462e-182 3.21138e-262 1.20552e-321 0.039541 9.28543e-175 8.21947e-24 1.51829e-161 5.69341e-204 3.23568e-152
1.86404e-188 1.18634e-97 1.12991e-93 3.28105e-217 1.86049e-173 1.69789e-128 4.85308e-79 2.07263e-302 0.0655113 3.7243e-86 1.73357e-10 3.61789e-124 9.40156e-165 3.38059e-41
7.76875e-208 6.13155e-198 1.47237e-92 5.14072e-281 9.76258e-110 1.42096e-249 4.66573e-68 9.29582e-160 6.56837e-95 1.20982e-149 0.323876 4.839e-160 1.11705e-241 9.89088e-147
