4.06574e-42 3.90473e-19 5.3806e-98 6.04249e-46 7.25744e-55 4.40656e-81 3.9822e-32 8.24909e-128 1.55549e-102 0.0751167 8.8659e-82 1.23394e-99 2.53319e-96 2.38252e-81 5.44675e-96 1.1518e-33 4.08318e-147 2.09959e-99 1.72529e-27 2.2577e-92 2.66182e-117 2.61862e-63 2.69765e-132 0.0430497 2.03856e-74
1.44858e-21 1.7105e-78 7.64451e-87 4.89635e-07 0.0711943 7.00645e-29 1.49621e-32 1.36425e-53 3.23274e-157 5.76455e-107 1.09785e-213 2.9608e-99 1.69311e-140 1.12735e-75 4.7163e-176 1.27479e-45 9.42532e-116 4.57668e-96 2.57342e-59 2.08157e-137 5.44883e-94 1.42833e-91 5.84951e-111 7.72756e-60 2.63465e-82
2.958e-132 3.19375e-85 2.81222e-20 2.3251e-142 4.58463e-99 5.39573e-78 5.7423e-123 7.33017e-109 4.8769e-43 2.92537e-54 2.50017e-165 8.67129e-29 7.25513e-56 2.56613e-48 1.0527e-127 2.06562e-63 1.16167e-132 4.04363e-104 1.3149e-25 2.37697e-137 5.17433e-113 4.46395e-58 0.00043507 0.0374781 3.91312e-10
2.40313e-86 1.79042e-85 1.98866e-112 2.48159e-64 2.45031e-17 1.6002e-62 6.37204e-74 3.07453e-130 1.24595e-83 0.0872224 9.75316e-206 5.34186e-29 1.2934e-167 9.16645e-106 5.55302e-200 9.97146e-78 3.96439e-63 2.07004e-71 4.09684e-39 5.27735e-49 1.45189e-18 0.0557296 1.35878e-96 1.76117e-13 5.89499e-142
1.30653e-39 8.94959e-126 4.10439e-76 9.94685e-92 2.26207e-13 6.22969e-43 6.16544e-34 2.13112e-63 8.16953e-58 6.39208e-14 1.6764e-83 1.05618e-06 1.40168e-51 2.86281e-55 5.48035e-168 1.88463e-51 4.86868e-36 6.78609e-117 0.0122632 1.15612e-10 9.78754e-60 0.0982426 7.41286e-60 4.2819e-25 7.54804e-153
5.75863e-160 5.59335e-159 6.48327e-38 1.74814e-58 1.0807e-53 1.42062e-28 2.66143e-76 8.88133e-69 1.72714e-181 0.0152272 9.70432e-43 2.42496e-83 4.37728e-45 4.2299e-110 1.07324e-52 5.66479e-50 0.067865 5.04595e-118 0.0912078 0.108651 4.66652e-14 1.21301e-106 1.50901e-119 1.30897e-23 2.54554e-09
4.92041e-102 1.88776e-99 1.15035e-157 1.37867e-87 1.21083e-20 1.07505e-43 2.09921e-43 1.52339e-123 4.67081e-155 1.04047e-42 4.42566e-94 0.24056 3.29764e-137 6.35978e-107 3.75486e-170 6.74651e-90 4.86929e-142 1.50416e-129 6.72418e-57 1.19091e-136 3.90653e-68 3.00199e-48 3.29881e-83 0.107683 5.87651e-130
8.80441e-134 2.37062e-152 5.65874e-10 1.11788e-97 4.86644e-121 6.55263e-37 1.18392e-62 2.63529e-76 4.74835e-161 1.35354e-63 4.25138e-64 1.00238e-44 3.41e-61 4.03162e-114 7.36194e-172 2.00079e-72 0.0955539 4.5449e-118 4.0268e-06 1.39405e-24 7.61896e-84 3.30917e-117 1.63582e-144 1.13416e-47 4.84534e-119
0.0017364 0.00113976 0.00264339 0.000740038 8.38908e-06 0.0030035 0.00784377 0.0135437 1.51641e-220 2.72275e-110 3.17736e-225 3.75134e-120 1.67337e-167 1.15592e-117 1.35395e-210 1.14662e-91 1.6204e-157 1.53692e-158 3.15495e-86 4.33384e-152 7.0596e-126 2.22628e-126 3.17436e-201 5.41195e-79 2.4696e-159
1.14997e-211 2.47825e-190 2.19323e-242 1.34692e-64 2.02678e-51 6.50929e-50 1.61056e-18 3.22341e-72 0.362145 5.07742e-78 0.000528758 4.55151e-24 0.109748 0.367115 0.156417 0.345186 1.62395e-84 9.85012e-30 4.29469e-74 1.0401e-102 0.203165 1.696e-42 0.379497 7.84814e-49 2.84515e-32
0.00738565 1.26888e-137 1.55692e-232 4.99936e-132 1.05679e-130 2.20979e-102 2.23333e-14 3.3347e-184 1.78493e-52 3.44741e-06 0.0780164 7.33727e-50 6.17944e-105 2.36209e-52 1.47212e-120 0.0604705 1.40716e-89 0.171135 0.0228356 2.0611e-57 2.7398e-41 1.32245e-45 3.82273e-95 6.28237e-27 0.187935
