4.01025e-242 3.94202e-199 3.04649e-253 4.83589e-133 2.81743e-185 3.60194e-114 3.79699e-63 0.413827 2.18082e-242 9.20768e-90 2.75195e-321 1.11165e-321 1.31916e-321 2.36608e-320 8.59674e-322
2.23697e-247 3.40306e-140 9.09415e-251 9.00708e-66 5.30174e-259 5.92539e-305 8.19662e-179 7.40569e-245 0.00668004 1.12414e-113 2.86558e-321 9.18962e-322 6.16071e-222 1.10591e-180 1.10177e-321
0.00319018 0.00116855 0.0131071 0.00323199 0.000617647 0.00351446 0.00223637 1.4822e-323 6.12474e-273 3.62775e-237 1.4822e-323 4.94066e-324 9.88131e-324 1.72923e-322 4.94066e-324
1.16177e-99 1.35374e-321 9.91096e-321 1.97626e-321 5.61209e-185 3.75469e-220 3.39629e-272 0.0985407 1.63275e-265 8.674e-190 8.60884e-182 1.75393e-321 4.44002e-179 3.68919e-320 2.37721e-183
2.0899e-321 0.10417 2.21165e-252 3.03175e-75 1.398e-110 6.88247e-158 2.55651e-121 1.00475e-133 7.74775e-78 0.178562 3.07803e-321 1.00789e-321 1.48714e-321 6.48272e-316 1.59803e-291
4.4069e-45 1.42785e-321 8.43568e-206 2.47033e-321 9.27302e-131 2.78467e-50 2.4833e-273 2.71794e-131 0.177364 2.70186e-183 4.496e-321 1.63536e-321 3.44755e-150 1.33091e-205 8.83269e-127
2.97428e-321 2.74677e-172 6.85749e-309 4.2045e-321 2.01398e-64 2.53456e-321 5.5907e-13 1.58472e-204 3.74937e-111 2.05917e-42 1.51408 0.736059 9.37374e-121 12.307 1.21724e-244
2.60867e-321 3.98642e-32 1.03754e-320 1.40974e-64 6.91552e-210 2.1108e-219 1.51184e-321 1.61999e-74 6.44436e-246 4.39149e-190 5.75212e-307 2.81401e-89 2.59384e-321 9.26006e-224 0.122495
8.81582e-224 2.86889e-179 2.34697e-96 1.8231e-321 9.37747e-89 1.65914e-29 2.5905e-49 3.09779e-321 0.0722857 2.12725e-06 7.60561e-180 2.12448e-321 1.03291e-294 2.61163e-320 7.41098e-322
3.69757e-262 2.30238e-261 8.63627e-321 3.06815e-321 7.56727e-196 2.99404e-321 1.45749e-321 1.0378e-119 2.20286e-225 1.23008e-67 2.82935e-63 1.2154e-321 0.148134 3.75935e-320 6.73749e-193
4.61405e-313 1.64369e-191 7.0602e-321 2.05037e-321 1.27761e-106 9.83833e-288 1.92192e-321 2.45092e-156 0.114964 0.172626 3.49798e-321 1.38338e-321 7.3475e-192 3.02319e-320 7.80624e-322
2.24306e-321 1.35809e-133 7.22324e-321 3.10767e-321 2.61815e-310 2.59879e-321 1.5316e-321 3.39428e-46 4.28597e-199 0.18245 0.199892 1.72429e-321 3.52301e-80 2.96247e-313 1.64524e-321
7.7796e-220 1.83792e-321 1.60225e-320 2.73712e-321 6.27463e-322 2.75195e-321 6.22674e-199 4.57505e-321 6.18331e-225 2.90214e-21 1.6136e-268 2.5642e-321 0.395992 7.66727e-110 0.249608
1.77221e-189 1.92021e-238 6.89716e-321 2.3461e-107 3.11058e-261 2.76579e-185 4.72372e-175 1.61365e-215 0.216189 1.72542e-27 3.50533e-164 9.23903e-322 8.59791e-137 5.53465e-168 7.26276e-322
