8.68843e-219 8.98417e-115 9.41081e-27 6.01327e-217 5.18695e-34 1.98246e-103 1.371e-75 1.85436e-62 1.38371e-20 5.93505e-250 1.29028e-131 1.22716e-86 1.72794e-31 0.565666 0.621008
2.19471e-92 1.07561e-151 5.88314e-155 6.14157e-127 6.65338e-115 2.06274e-75 5.75951e-74 5.67639e-177 0.131445 4.47609e-151 2.52919e-238 1.1196e-208 6.24188e-205 1.59468e-48 7.15889e-180
5.18468e-105 2.66746e-177 2.48349e-161 2.10942e-138 2.60193e-115 4.32221e-200 4.55963e-232 3.14081e-274 2.70673e-09 1.18546e-92 0.584842 2.34512e-59 0.75825 2.2209e-110 7.46097e-86
2.63564e-61 3.88323e-125 2.9292e-92 2.43814e-109 2.11947e-53 1.45432e-213 1.18129e-138 1.72214e-229 1.25387e-32 0.118086 2.68083e-137 2.38633e-119 1.21454e-62 3.96465e-106 7.06638e-162
2.32479e-84 5.4307e-152 1.9363e-97 3.19375e-109 2.45205e-166 5.66749e-164 5.33442e-191 9.19463e-60 0.411191 1.65667e-244 1.3809e-246 2.39785e-11 0.172774 3.58848e-173 6.60039e-239
1.30483e-142 3.54541e-49 1.02464e-97 3.33589e-121 4.78257e-32 8.23626e-58 3.26889e-104 1.794e-115 0.640548 1.19754e-243 9.40484e-258 2.81937e-57 1.38127e-230 8.38457e-165 9.24955e-78
8.64329e-127 3.65265e-104 1.04723e-121 1.09676e-79 2.28106e-33 2.70488e-82 1.75158e-113 6.00504e-149 0.27483 2.0625e-141 6.80143e-297 5.4222e-76 3.36348e-135 7.11775e-206 1.30042e-116
3.66131e-240 3.21853e-197 0.000812891 8.46773e-277 4.28838e-162 8.62449e-57 4.81608e-121 0.553045 1.37505e-43 0.0478599 2.74559e-268 0.00873843 2.72152e-96 0.0332246 2.73209e-30
8.48132e-152 1.96311e-23 1.05518e-125 4.26221e-83 1.72238e-114 4.0803e-166 1.59609e-106 1.6667e-279 0.854398 4.42762e-150 4.51013e-161 0.225325 3.30044e-142 1.03446e-66 2.16744e-15
0.000851174 0.000668645 0.000101309 0.00896083 0.000433218 0.0145438 0.000481005 9.68104e-300 2.76908e-146 7.83515e-275 9.88131e-324 4.30312e-228 4.00692e-290 2.52962e-282 1.12453e-241
3.20867e-141 5.86939e-06 1.96111e-107 1.70112e-75 6.257e-80 9.45792e-84 1.56898e-40 2.20106e-155 4.66189e-37 1.86308e-231 4.36238e-223 7.2552e-135 9.47594e-241 3.29378e-261 1.28852e-103
9.17925e-133 2.79459e-88 1.87138e-56 8.15626e-179 1.02175e-143 3.97354e-106 3.40523e-121 1.56156e-264 0.194757 6.00867e-109 1.73911e-321 9.32604e-130 5.21232e-108 3.04949e-168 1.21806e-186
5.76124e-146 6.33662e-191 2.72752e-313 1.5186e-119 1.10736e-90 2.23154e-122 4.07682e-105 8.47592e-80 1.38196e-16 1.14999e-20 2.248e-321 2.07286e-163 0.0811069 7.8312e-27 2.67576e-60
3.07228e-251 4.99444e-282 1.67982e-322 8.19056e-14 6.9887e-280 5.62591e-95 3.69849e-116 1.36262 7.80893e-100 2.35388e-73 1.02743e-152 2.21467e-198 8.04603e-130 4.33289e-274 3.2049e-156
