4.72135e-98 9.55489e-97 0.0840678 5.5641e-06 3.39573e-68 3.35011e-73 1.09946e-90 1.1988e-86 0.228872 4.5853e-72 1.94001e-105 6.83268e-59 4.22832e-124 2.17049e-80 2.73239e-116 4.65597e-88 1.85201e-73
3.45665e-132 4.80857e-136 2.09883e-55 0.00941012 6.88071e-63 2.29613e-108 2.93931e-138 9.3363e-76 4.72736e-56 1.93227e-151 4.76141e-38 2.35343e-74 1.7963e-149 3.28608e-98 3.86046e-15 1.07819e-100 0.137319
2.23391e-221 2.03373e-138 1.23681e-220 6.68353e-142 1.15736e-105 2.58835e-21 4.32885e-31 1.3496e-18 7.7211e-23 1.96536e-141 6.2993e-53 0.0857877 3.39486e-106 1.21599e-77 0.300083 0.282933 5.69046e-24
6.93473e-66 4.27576e-22 7.13802e-148 6.78052e-74 1.07452e-13 5.43963e-41 1.65882e-81 2.55932e-38 2.46773e-16 8.08399e-124 7.70834e-116 6.28523e-49 4.56301e-95 0.0154014 2.38544e-117 1.35465e-109 0.474039
3.29528e-47 1.33828e-64 1.42683e-78 6.69544e-12 6.73699e-26 0.12719 0.120557 0.236053 2.96701e-61 0.872737 1.53093e-61 4.05998e-15 4.39315e-66 6.57266e-55 6.25291e-89 0.0248025 2.7336e-06
9.91751e-29 8.90743e-93 3.6721e-175 1.04393e-51 8.40713e-50 1.20922e-118 1.52692e-134 9.48125e-97 4.03237e-119 2.32124e-128 5.24375e-89 3.48771e-59 4.90584e-29 0.153776 1.60814e-107 8.98542e-58 1.09052e-47
0.28284 1.08076e-55 1.32931e-61 2.17449e-162 1.49058e-63 2.48256e-42 1.26223e-75 8.37082e-96 3.47983e-09 6.97853e-174 1.50333e-113 1.40972e-25 0.0559789 2.25557e-19 6.03708e-149 4.66079e-120 0.088403
3.29409e-20 0.159208 2.91853e-61 3.15153e-70 4.50373e-89 1.92098e-114 2.76333e-15 5.37661e-14 1.9046e-83 1.90474e-133 4.57854e-49 1.15202e-32 4.7076e-118 9.57305e-44 0.0561256 7.89107e-13 5.54259e-25
0.00763887 6.25339e-103 2.24956e-126 9.57413e-06 2.73578e-37 1.23481e-41 2.7657e-32 6.69491e-90 9.88441e-21 2.99006e-39 2.01761e-69 0.145521 2.62378e-39 3.89858e-108 6.92349e-114 7.54206e-64 5.8538e-54
3.37514e-101 8.32652e-89 5.60586e-39 1.33534e-131 4.95671e-41 3.70673e-81 4.16065e-95 2.62407e-100 1.93422e-116 4.05692e-160 1.53015e-62 8.70196e-88 1.75367e-107 2.06125e-86 0.0554679 5.78939e-75 5.83989e-48
2.04821e-149 5.48744e-19 2.42856e-114 1.36332e-123 9.04887e-45 4.39291e-61 1.0756e-132 4.81894e-119 3.92498e-95 0.447811 0.248149 3.44318e-11 1.63866e-65 1.04098e-89 2.73602e-60 8.6253e-18 1.48939e-47
2.73739e-121 4.61853e-08 1.73629e-46 6.77205e-66 0.19003 1.64903e-59 8.51921e-95 4.33311e-91 3.39776e-76 1.90428e-180 2.23097e-44 2.02683e-15 1.49845e-100 3.22263e-49 1.64927e-93 1.12905e-66 0.0682762
