1.14927e-24 0.102391 0.000103916 5.81002e-15 5.88834e-10 2.02309e-10 9.85255e-14 1.94844e-12 3.99188e-20 4.58179e-42 2.7046e-13 1.41279e-52 0.327313 3.60246e-84 9.37877e-11 3.22337e-14 1.52371e-48 2.38182e-15 6.95626e-41 5.17628e-60 1.74788e-43
2.14065e-32 0.000102987 1.34451e-19 2.02439e-22 0.00892996 0.0255869 5.66876e-12 1.97031e-10 2.87444e-16 2.4662e-42 1.21137e-09 1.48038e-24 0.181521 1.31237e-91 3.07524e-09 0.241665 4.22681e-45 2.84907e-15 4.47903e-30 1.92547e-56 9.01393e-11
1.75908e-15 1.06071e-11 0.0208658 6.24967e-18 6.74357e-07 1.16158e-06 0.00192932 2.551e-35 7.79335e-26 2.21797e-53 7.91376e-25 1.73023e-56 1.01933 7.66263e-101 6.54801e-27 7.06363e-18 1.34274e-53 8.87053e-37 1.31069e-45 2.62286e-74 1.89875e-39
9.80172e-16 4.01396e-20 9.80805e-13 2.77528e-12 5.95129e-18 0.000116169 1.72162e-17 1.23621e-27 3.86456e-20 8.35029e-59 1.68494e-14 5.41328e-43 0.174353 1.85967e-84 3.1705e-27 3.23879e-09 2.04088e-60 1.37314e-39 2.80294e-37 1.19716e-89 3.4869e-45
2.13189e-69 1.87637e-74 3.64949e-73 8.4205e-44 5.91148e-43 5.65454e-40 2.36197e-06 4.86719e-26 6.31417e-09 0.0608369 2.41931e-17 1.1115e-19 1.33369e-10 0.238953 1.24319e-39 5.32228e-21 5.29078e-50 1.75645e-10 0.797506 0.10305 1.71281e-44
3.27143e-31 1.165e-23 9.76465e-20 2.2072e-17 1.00781e-24 4.63407e-17 2.22328e-11 3.49284e-10 3.29094e-22 1.92821e-43 0.000182762 0.0642328 0.0193999 1.20891e-60 9.57432e-31 4.88203e-06 1.69106e-29 0.0404915 1.1236e-40 1.16164e-74 0.138399
0.000216564 7.03461e-41 3.05529e-14 0.0315994 6.69281e-41 3.19617e-47 6.90495e-17 5.73128e-29 0.0625737 2.77074e-59 2.9765e-25 7.60784e-13 5.39559e-24 7.95682e-108 0.0082837 0.395482 1.26601e-64 1.08825e-12 8.56746e-44 1.06666e-65 0.0537224
2.38357e-28 2.95598e-21 2.16577e-35 2.54672e-26 4.98663e-26 3.71502e-30 2.34499e-28 0.0698755 3.2647e-24 1.50792e-54 1.58554e-22 5.3735e-54 0.227103 3.49243e-91 8.76166e-28 4.67381e-31 2.12908e-65 9.6908e-29 2.17795e-44 3.722e-48 1.34861e-13
0.0166506 4.41371e-20 4.07045e-14 1.71022e-14 2.27889e-17 6.41647e-18 0.00031492 1.15493e-37 4.87134e-29 4.37673e-52 1.29996e-20 1.75323e-42 0.108002 2.44812e-82 3.35657e-32 3.064e-22 8.8054e-64 2.834e-38 6.92205e-42 1.82807e-81 1.13153e-24
3.55586e-10 1.58539e-17 1.72869e-07 9.31348e-23 7.12232e-33 2.98563e-46 1.1195e-12 7.45544e-37 1.84864e-33 1.03994e-39 9.60928e-25 5.37903e-44 0.504307 3.69808e-71 1.18146e-43 7.60724e-19 2.01388e-43 6.33265e-42 1.39077e-27 5.82881e-76 3.79013e-34
8.33474e-12 8.43369e-14 3.96227e-36 1.55449e-29 0.0419991 3.0461e-63 5.17844e-21 0.225353 3.26592e-08 7.25476e-32 0.0230487 2.42733e-33 3.24507e-16 2.28939e-57 1.90266e-22 0.00916985 0.0229153 7.30093e-26 6.4431e-48 1.15031e-56 3.21759e-21
