1.97345 0.23342
1.24511e-27 4.1592e-276 3.67424e-199 1.63167e-21 6.97425e-40 5.93669e-226 1.38703e-52 2.6524e-237 2.18317e-64 1.17513e-75 1.29157e-131 1.0347e-91 6.44088e-26 8.75172e-129 0.258837 8.74901e-108 3.30287e-188
4.00834e-179 2.2772e-218 0.138683 1.01876e-14 4.21444e-39 2.41903e-68 2.45566e-110 1.28589e-125 1.2821e-65 1.7512e-143 2.09791e-57 2.9359e-57 2.20254e-79 3.87496e-147 1.93817e-154 5.20649e-18 1.52883e-252
3.87085e-87 1.29257e-38 2.47441e-14 4.27019e-91 6.76505e-56 0.175993 1.48979e-28 3.09659e-217 2.99259e-51 7.18773e-54 2.15092e-123 2.02512e-147 2.60178e-115 1.38224e-140 8.72973e-51 3.25459e-158 2.13195e-80
2.59747e-120 6.78664e-222 2.81457e-145 2.12619e-149 1.94766e-119 7.05291e-201 4.42364e-180 2.53428e-204 0.0112143 4.241e-172 5.70524e-162 2.5024e-146 3.91685e-79 2.36618e-167 5.4003e-92 2.75091e-252 8.69934e-206
0.0837313 1.24579e-274 3.75122e-108 0.134639 6.36394e-158 4.52335e-198 7.64514e-56 1.77755e-203 1.02074e-97 6.60964e-172 2.08013e-24 6.67257e-35 0.595834 2.15349e-170 7.44913e-191 5.6676e-91 6.24138e-178
8.52255e-126 9.00602e-114 4.84636e-57 7.31567e-127 1.32404e-167 5.05295e-47 1.1619e-106 4.03117e-110 1.0355e-65 2.66993e-63 1.33017e-176 2.75657e-119 2.5604e-164 2.80063e-95 0.110789 2.32294e-34 6.15068e-182
2.02856e-122 2.10748e-268 2.79621e-178 2.0053e-102 2.30505e-151 0.118477 0.231243 7.36195e-40 1.49598e-22 1.57864 9.33805e-124 1.6094e-181 1.81176e-62 0.379463 0.446134 2.33869e-87 0.140185
5.56458e-157 3.70935e-212 1.5093e-52 1.73458e-81 5.09558e-63 2.26825e-300 4.70942e-185 5.5708e-154 0.000157956 1.16069e-179 1.31554e-112 3.58014e-135 7.86756e-151 3.80746e-165 0.0263975 3.88196e-130 6.10204e-258
1.00867e-133 1.17107e-273 2.0759e-94 4.73553e-29 0.431878 8.95955e-92 2.69851e-137 2.9021e-33 3.18537e-71 5.94184e-32 2.97978e-65 9.83476e-22 4.1683e-45 2.04854e-131 4.30197e-55 3.35498e-93 4.86315e-165
3.91344e-110 1.1499e-91 2.80404e-23 1.5969e-45 1.45446e-155 0.326977 8.44417e-155 4.51339e-165 1.2572e-95 3.95081e-94 5.47692e-31 8.78311e-42 1.19945e-107 5.51274e-16 3.03433e-137 9.49722e-275 1.05935e-164
3.19202e-105 1.89764e-89 0.0976091 7.82116e-136 7.90529e-131 1.59549e-33 2.809e-137 1.6385e-109 2.80085e-23 1.03899e-191 1.20445e-11 2.17171e-86 0.00103458 2.94186e-93 4.36392e-145 4.10843e-92 7.23795e-228
7.91403e-05 1.13395e-29 7.06929e-49 3.0105e-107 4.57164e-179 7.80959e-82 9.06057e-188 1.07788 2.16154e-27 2.60233e-178 1.23516e-173 1.78677e-189 8.83785e-93 2.13002e-142 1.60737e-63 1.88263e-62 8.45327e-171
9.1683e-183 5.35346e-200 9.24786e-157 2.30404e-139 5.25526e-148 9.45063e-250 5.18091e-206 2.71006e-205 2.17747e-76 2.14878e-167 1.01106e-143 2.42438e-194 1.93385e-123 3.74835e-173 1.14248e-178 1.17407e-212 1.12114e-193
2.82196e-55 1.14095e-153 1.40815e-68 0.230345 4.66915e-182 1.87642e-137 1.12945e-24 1.67998e-123 0.29191 8.67642e-197 1.87054e-107 1.56197e-25 1.57481e-64 1.35249e-137 5.35177e-107 0.230151 1.04894e-196
1.57291e-50 1.40634e-132 1.47141e-139 5.14213e-76 2.38801e-131 1.46309e-300 0.157793 0.368768 1.4133e-84 1.16489e-37 0.119766 0.272427 1.02698e-155 4.58528e-171 4.93271e-196 3.47665e-33 8.45862e-92
1.68986e-167 2.76562e-254 3.54944e-42 5.82113e-124 2.1388e-120 8.9385e-237 1.97854e-36 6.99114e-179 7.14325e-84 1.18763e-79 0.0528111 1.14486e-147 5.84469e-158 1.38184e-148 4.2287e-55 1.445e-73 5.0397e-119
7.51488e-40 0.197554 8.86765e-173 1.57771e-61 0.609904 1.62227e-227 2.95797e-16 1.58506e-96 1.01744e-93 2.37762e-176 6.41216e-11 5.72768e-23 3.22592e-29 1.09389e-115 2.80587e-93 2.92331e-93 1.3972e-163
