3.20155e-321 5.30132e-321 1.2653e-320 3.3053e-321 1.67805e-74 1.73911e-321 2.79147e-321 0.00535717 0.196717 6.80328e-321 9.27855e-321 7.22818e-321 2.03555e-321 5.29255e-170 3.46976e-302 3.07803e-321 3.35965e-321
2.36392e-135 5.48275e-299 1.43823e-320 6.66495e-321 0.121528 2.05037e-321 2.75689e-321 1.11807e-320 1.95275e-198 1.16204e-320 4.91101e-321 8.02857e-321 2.49009e-321 7.60367e-321 1.06299e-150 3.94758e-321 4.14521e-321
2.57173e-144 3.35471e-321 1.33744e-320 4.45153e-321 1.06217e-131 2.10472e-321 4.53552e-321 2.22342e-288 1.27038 9.05622e-321 7.12937e-321 1.04425e-279 3.21143e-321 4.91101e-321 1.12894e-320 3.15214e-321 3.32506e-321
1.50652e-288 1.86263e-321 6.75882e-321 2.02567e-321 6.76548e-203 1.05236e-321 1.03754e-321 4.59975e-321 0.391562 3.93276e-321 3.26577e-321 5.93373e-321 1.2154e-321 2.56914e-321 4.41201e-321 2.05037e-321 2.00097e-321
1.67982e-321 2.23812e-321 6.61554e-321 1.79346e-321 1.05856e-290 1.06718e-321 1.11659e-321 4.00193e-321 0.175189 4.34284e-321 2.8557e-321 4.47129e-321 1.09683e-321 2.44562e-321 4.59975e-321 2.02567e-321 1.78852e-321
1.06892e-219 2.09484e-321 7.48015e-321 1.73911e-321 8.03845e-321 1.12153e-321 1.3735e-321 1.68795e-278 7.05655e-88 4.03158e-321 2.74206e-321 6.66989e-321 1.14623e-321 2.67784e-321 6.20546e-321 1.97626e-321 2.00097e-321
1.0578e-119 4.98512e-321 2.66054e-320 1.12696e-320 1.00957e-104 3.89818e-321 4.00193e-321 3.57973 1.29737e-107 2.68969e-320 1.20947e-320 1.15216e-320 7.37146e-321 1.07852e-89 4.86814e-208 1.1487e-320 5.3952e-321
7.29012e-77 8.59674e-321 3.12052e-320 6.13135e-321 8.91584e-142 3.20649e-321 1.83373 1.75196e-320 9.10436e-15 1.374e-320 3.53235 1.59237e-320 2.47912e-140 1.53307e-192 2.11802 7.58885e-321 7.32699e-321
1.44612e-243 2.20353e-321 7.76671e-321 2.49997e-321 3.22582e-188 1.32904e-321 2.26282e-321 4.94066e-321 0.104508 4.23908e-321 3.9377e-321 4.995e-321 1.38338e-321 5.03453e-321 6.41297e-321 2.61361e-321 2.46539e-321
5.08888e-321 8.94753e-321 2.28654e-320 5.89914e-321 1.10922e-276 3.19166e-321 3.56319e-201 2.61605e-115 2.32588e-257 1.70897e-320 0.34264 3.46044e-320 3.65115e-321 1.08299e-320 9.50272e-318 1.2742e-320 9.43171e-321
4.92763e-178 4.79244e-321 1.16501e-320 2.91993e-321 0.430089 1.87745e-321 2.84582e-321 7.72225e-321 5.53007e-107 8.09774e-321 9.68863e-321 1.10671e-320 2.97428e-321 7.14419e-321 7.42581e-321 2.84582e-321 3.50293e-321
5.31172e-302 4.99994e-321 1.04989e-320 3.32506e-321 2.38853e-293 1.62054e-321 1.65512e-321 2.55111e-153 0.449256 7.826e-321 3.56715e-321 9.00682e-321 2.47033e-321 4.72821e-321 1.0736e-320 2.69266e-321 3.39423e-321
9.20688e-97 3.20649e-321 1.61065e-320 4.29837e-321 2.66502e-187 2.24306e-321 2.49997e-321 1.97793e-173 0.00431806 8.81907e-321 5.00488e-321 7.12443e-321 3.78454e-321 6.42844e-116 1.15661e-320 4.07604e-321 4.21438e-321
2.20353e-321 2.68772e-321 8.91788e-321 2.93969e-321 8.42629e-116 1.29445e-321 1.51678e-321 4.78256e-321 0.111887 4.88631e-321 3.07803e-321 6.45744e-321 1.96144e-321 1.47147e-285 6.20546e-321 2.82111e-321 2.4308e-321
2.18837e-179 6.1363e-321 1.22232e-320 3.39917e-321 2.30602 2.15413e-321 2.747e-321 5.12097e-187 5.72893e-274 1.04594e-320 2.72515e-302 5.76401e-318 2.00591e-321 4.98512e-321 1.28754e-320 3.92288e-321 4.00193e-321
0.0227197 5.72622e-321 1.22232e-320 3.32506e-321 4.3216e-215 1.84286e-321 4.06122e-321 5.36061e-321 6.61455e-200 7.826e-321 6.53155e-321 1.27469e-320 2.66795e-321 5.01971e-321 7.0602e-321 2.97428e-321 3.21637e-321
3.36426 6.10151 72.4873 9.62655 2.56264e-183 8.69065 4.17726e-301 2.78406e-320 8.80224 17.227 6.08969e-79 17.5999 4.27981 7.71015 6.45927 12.9246 18.0122
