0.305337 1.70273e-06 1.93279e-12 0.0167702 0.0387307 0.0179339 2.9786e-36 2.11115e-52 9.73957e-53 2.24173e-37 1.2434e-10 5.8318e-12 3.11144e-28 2.44343e-21 4.34117e-19 0.0154902 6.1087e-12
1.92832e-05 2.07114e-09 2.59962e-21 5.68737e-49 7.90615e-15 2.35421e-67 3.09282e-34 8.06077e-28 1.0027e-22 3.81557e-34 1.14722e-28 5.37273e-21 2.27098e-24 1.41629e-40 0.348913 4.76791e-18 1.04202e-25
1.65039 4.09237e-23 8.73716e-46 6.1027e-20 1.21373e-16 3.31791e-56 3.24588e-30 4.14892e-43 2.5248e-37 1.96948e-14 0.103503 8.22151e-39 9.19633e-64 1.30317e-22 0.159299 1.51402e-36 1.21129e-30
0.0833177 4.25322e-25 7.30685e-23 2.18551e-27 4.89292e-29 1.95475e-58 0.0456288 4.45119e-06 3.34536e-41 0.0738412 2.15613e-14 7.36559e-17 1.41946e-20 1.24103e-44 0.000198649 6.92652e-33 2.03388e-45
0.352454 1.12105e-06 1.09034e-06 6.86675e-11 1.78088e-28 1.32963e-34 3.3087e-10 3.47639e-38 1.55714e-34 1.23799e-05 0.240017 4.81486e-37 1.83932e-09 8.39627e-16 6.13631e-34 3.4095e-08 9.04557e-39
1.39231e-22 6.75742e-31 1.099e-17 6.52697e-19 1.44442e-07 1.14691e-68 8.4175e-34 0.13891 5.58025e-54 9.34829e-38 1.71059e-07 1.45924e-23 3.63646e-39 3.35728e-48 5.02792e-07 8.18151e-26 0.00438208
1.07481e-06 1.04895e-36 8.60142e-18 1.50398e-33 2.33522e-14 6.32677e-29 7.31359e-12 3.46418e-22 8.83496e-33 3.39575e-16 1.864e-30 2.91763e-48 2.63113e-42 1.25559e-14 1.37281 1.77607e-38 3.40048e-49
0.345294 4.12401e-10 8.67317e-21 7.54119e-15 1.23687e-27 8.12529e-73 3.60555e-24 1.85417e-51 4.30983e-49 3.05469e-46 7.47872e-37 0.000245366 5.33676e-41 3.34394e-26 1.52306e-34 2.04982e-41 1.23605e-29
1.68558e-19 9.13699e-05 2.58666e-23 3.79206e-26 0.0801739 0.0145683 7.76884e-05 2.37961e-18 1.52064e-42 2.39074e-26 1.13314e-15 1.46872e-44 7.15903e-38 1.26393e-06 9.9987e-10 1.32084e-31 8.94985e-57
0.100857 1.87081e-28 4.13518e-10 2.26846e-47 8.90554e-15 6.82562e-39 2.55503e-12 2.37356e-16 1.13459e-25 0.000843456 0.00374695 5.59678e-42 2.61821e-35 1.37949e-16 1.15464e-26 1.91577e-30 5.53293e-31
9.86393e-23 0.0749598 3.19676e-30 2.81386e-12 1.57281e-25 1.39061e-05 4.81044e-16 9.63828e-22 1.10899e-55 5.90578e-43 1.94362e-28 2.44428e-27 0.0191869 1.28834e-20 3.28817e-09 1.09255e-09 4.24611e-29
1.82066e-19 1.1698e-13 2.9835e-18 0.000760085 2.94352e-12 1.44361e-17 8.33026e-05 3.02648e-43 0.0652427 6.9399e-26 0.171647 5.56686e-19 5.86157e-64 0.0837621 7.86273e-14 2.43257e-27 1.09288e-10
2.26098e-10 1.70253e-33 1.3694e-20 2.96488e-46 1.17102e-21 1.21118e-43 9.14942e-16 2.60154e-42 6.94532e-52 9.73865e-46 0.0109587 4.69983e-40 6.43864e-41 1.21766e-49 1.05839e-22 2.31e-36 8.08473e-23
3.63783e-11 1.31816e-37 4.13891e-30 5.34134e-34 4.08078e-22 2.14623e-60 1.1885e-10 4.20755e-22 9.97954e-22 3.78489e-24 0.612819 1.41786e-16 2.95228e-34 6.29118e-21 1.84833e-06 1.88967e-27 4.55865e-19
0.00930075 2.17385e-20 4.59567e-17 4.88096e-42 2.85452e-32 1.76255e-39 9.13409e-36 1.74899e-31 3.1722e-55 9.44213e-41 0.526072 8.28703e-33 3.78645e-31 5.02821e-40 9.19864e-21 1.12164e-42 1.46597e-32
5.01796e-21 4.80713e-11 0.0275064 3.33084e-13 5.68453e-27 2.69364e-28 8.68966e-12 4.49702e-21 2.14427e-38 3.16848e-13 9.85593e-10 0.219649 1.18332e-09 8.23027e-18 2.96102e-21 4.31163e-32 1.93089e-40
4.9638e-06 9.80657e-15 2.43747e-27 8.14005e-33 2.58047e-20 1.17084e-50 1.12114e-28 1.30638e-33 4.05454e-34 2.28826e-32 0.142097 3.39743e-16 4.07122e-33 2.21933e-30 4.23954e-15 2.0358e-29 1.68611e-36
