5.33591e-321 4.69856e-321 7.72479e-138 1.09238e-320 3.95253e-321 9.90108e-321 5.68914e-115 6.63502e-61 1.7513e-207 1.25839e-320 5.30627e-321 0.231757 1.5536e-144 6.37689e-268 1.39672e-320 3.13432e-12 2.82507e-320
1.25641e-320 3.39383e-315 0.0440549 1.98219e-320 3.89324e-321 3.06815e-321 0.161547 6.72917e-321 1.08462e-88 6.09973e-24 1.07947e-147 1.82228e-39 1.16531e-185 1.00208e-62 1.15908e-320 3.47963e-125 3.13781e-320
4.6788e-321 1.69465e-321 5.29518e-64 9.67875e-321 2.18871e-321 2.50491e-321 0.177644 9.97233e-130 7.43252e-225 1.38981e-320 3.87347e-321 3.15708e-321 2.30235e-321 2.51973e-321 2.52958e-247 1.75105e-60 1.69909e-320
3.57704e-321 2.48515e-321 1.50716e-76 1.41649e-320 1.88239e-321 2.37646e-321 1.50071e-200 4.56517e-321 0.179134 4.42651e-213 3.22131e-321 3.6462e-321 1.96342e-22 1.33334e-143 4.3379e-321 4.41465e-109 1.30927e-320
4.10074e-321 2.87546e-321 1.1892e-312 1.62696e-320 3.90312e-321 2.92487e-321 2.91993e-242 7.7327e-299 4.73458e-271 8.53251e-321 4.05628e-321 0.620775 2.49503e-321 7.89355e-272 7.54438e-321 1.07842e-310 1.53062e-320
3.89489e-318 1.39821e-321 0.398652 1.43575e-320 2.2727e-321 2.248e-321 4.15059e-119 1.597e-281 2.2026e-102 1.18872e-320 3.53751e-321 3.54245e-321 3.38636e-305 3.28554e-321 6.73411e-321 1.13268e-49 1.09732e-320
3.42387e-321 1.22034e-321 1.32955e-273 6.43768e-321 1.8231e-321 1.88239e-321 1.85984e-153 3.68573e-321 14.1773 1.99752e-39 4.50588e-321 2.95536e-265 1.21573e-39 4.97853e-249 3.34222e-262 1.11026e-270 1.21293e-320
4.10074e-321 1.66006e-321 4.16533e-173 1.07311e-320 3.38435e-321 2.19365e-321 1.29718e-67 4.5969e-115 2.0997e-266 0.772119 3.06321e-321 7.49652e-177 5.62331e-210 2.50491e-321 8.35465e-321 8.15849e-290 1.44366e-320
5.29638e-321 2.60373e-321 0.0507806 1.99405e-320 5.80527e-321 3.14226e-321 0.10946 6.0932e-126 1.86032e-20 1.4407e-320 8.81243e-268 6.84407e-100 0.185604 1.89393e-290 7.29241e-321 2.20523e-106 2.81568e-320
7.24794e-321 2.00097e-321 9.36259e-214 1.12005e-320 4.46141e-321 3.52763e-321 2.16553e-19 1.40615 5.37536e-284 9.1748e-321 1.56763e-88 3.93276e-321 5.07273e-196 2.54669e-306 1.09304e-143 0.203568 2.46885e-320
3.57704e-321 2.21341e-321 1.27416e-43 1.33052e-320 3.38435e-321 2.48515e-321 1.65444e-291 2.29665e-182 3.42988e-254 1.86852 5.92385e-321 5.52808e-201 1.93674e-321 2.96933e-321 7.28158e-182 1.76381e-321 1.38635e-320
7.67284e-321 1.53654e-321 3.6712e-62 7.17877e-321 1.90215e-321 2.19365e-321 3.24334e-93 5.2371e-321 1.61398 2.04797e-94 4.24896e-321 4.12051e-321 1.25209e-61 1.59727e-151 7.15901e-321 1.75393e-321 1.67982e-320
7.07502e-321 1.88733e-321 6.93308e-135 1.17044e-320 2.77665e-321 2.45057e-321 2.02637e-224 4.28033e-125 3.78845e-36 0.0260323 2.93589e-258 0.144779 1.4256e-222 2.46045e-321 7.38628e-321 1.58701e-47 1.06866e-320
4.17485 1.41687 3.15681e-125 8.42615 2.15069 3.94586 8.23019 1.22232e-320 9.16878e-278 2.70699e-320 2.61551 3.42311e-107 1.8863e-08 1.40205 4.16566 0.455405 10.3934
3.44364e-321 1.61559e-321 8.73155e-195 6.20546e-321 1.78358e-321 2.37646e-321 0.258046 1.46043e-303 1.47564e-179 7.53944e-321 3.13732e-321 3.06321e-321 2.39516e-272 2.18871e-321 5.88432e-321 2.02638e-72 1.13586e-320
4.07866e-234 3.54245e-321 1.82793e-186 1.35374e-320 3.1966e-321 3.72525e-321 2.16701e-216 4.86158e-88 8.85903e-45 1.66846e-320 1.89138e-178 4.91545e-83 0.414354 2.01314e-298 4.19826e-174 3.81137e-189 1.81421e-320
4.34778e-321 1.29445e-321 3.58503e-295 7.3764e-321 1.80334e-321 2.41104e-321 1.33284 5.53451e-67 8.39122e-209 2.16398e-91 3.22131e-321 3.57209e-321 5.17867e-76 3.44048e-306 4.72821e-321 2.8307e-233 2.29098e-320
