9.71032e-96 1.50579e-32 1.05791e-65 1.9494e-79 8.77767e-24 4.98609e-75 4.31715e-70 0.342903 6.85123e-45 1.56093e-66 6.99002e-48 2.99215e-101 2.86614e-63 3.089e-93 1.64217e-76 2.93505e-39 2.3426e-109
6.34354e-111 1.39846e-17 3.02135e-71 3.16382e-100 0.10229 0.024909 4.89331e-30 3.28143e-35 1.11992e-58 3.71681e-07 5.02889e-08 9.56024e-91 1.39679e-33 3.18478e-82 6.97469e-31 7.58615e-05 1.59096e-100
3.36583e-107 0.180011 1.18332e-61 1.09271e-117 2.56017e-34 2.65145e-104 2.5958e-71 9.12559e-43 5.00157e-55 4.53282e-33 2.9473e-42 8.51423e-66 3.5925e-22 1.15228e-36 1.65659e-43 0.104186 7.96235e-106
2.17562e-64 0.723477 4.5078e-43 5.90785e-29 3.71585e-19 1.48102e-16 5.29915e-50 4.49981e-31 1.33469e-17 4.64273e-08 8.55932e-21 1.0816e-29 3.09153e-28 5.45448e-47 1.64186e-14 1.48951e-28 7.34624e-90
4.02989e-53 0.230499 4.09637e-84 2.29428e-75 5.1863e-15 1.62169e-66 3.70869e-57 2.25911e-44 2.70301e-48 0.0820818 8.90273e-36 6.16392e-75 2.35497e-73 3.00663e-21 1.24402e-91 1.65013e-73 7.85262e-57
1.68123e-97 1.43749e-34 3.06617e-80 1.19736e-119 1.88982e-33 3.33734e-107 7.58667e-75 0.682786 8.85796e-66 2.54809e-61 6.56304e-41 5.96855e-83 3.03142e-47 4.657e-81 3.02126e-91 2.83686e-50 1.28975e-153
5.46176e-109 8.17214e-45 6.59041e-75 2.91818e-99 1.16874e-11 9.59431e-102 6.48214e-75 0.179218 2.53446e-33 8.78941e-64 9.29967e-54 1.02207e-118 1.67275e-31 1.65887e-54 3.57994e-98 1.60825e-33 4.86964e-121
2.52358e-82 2.07022e-45 1.49574e-75 9.22608e-115 1.77827e-48 8.77775e-97 2.23068e-57 0.350147 5.85658e-46 1.0779e-53 1.30437e-50 4.08472e-83 3.00308e-68 1.82904e-86 1.91241e-95 2.10946e-37 6.43659e-143
2.16384e-100 1.11323e-37 0.154139 3.3228e-29 0.200442 3.46057e-64 1.8418e-08 4.85084e-27 0.251037 2.04814e-34 5.63002e-39 4.00369e-88 2.53393e-11 1.51718e-60 1.61749e-70 1.7528e-26 5.24835e-16
1.91793e-37 0.00408006 2.0628e-57 2.86542e-107 2.31658e-32 0.269882 6.83922e-77 8.68844e-21 2.39098e-20 6.51927e-40 0.137871 1.35585e-62 6.66299e-52 0.126062 4.1691e-75 1.72175e-72 1.18551e-25
6.43645e-79 0.260449 1.80356e-82 3.1337e-26 6.56129e-43 6.67251e-66 1.17101e-36 8.76667e-22 1.69606e-53 6.16821e-41 1.88375e-14 1.7703e-80 3.47339e-14 8.67016e-79 1.47765e-105 1.77839e-40 1.95323e-153
2.13263e-85 6.29535e-39 1.78765e-72 7.35224e-110 7.45582e-38 8.96235e-68 3.4747e-56 0.102432 1.47868e-47 9.06055e-41 4.33545e-50 7.238e-95 7.42939e-68 2.34597e-86 3.40832e-105 5.51476e-50 2.95164e-90
1.80118e-57 1.02016e-47 3.34861e-40 4.32972e-53 0.0222007 3.9348e-99 0.115549 3.32942e-11 5.19061e-10 0.0237033 2.65778e-55 1.57558e-67 0.0020782 2.48554e-75 1.43184e-26 0.00044841 7.3898e-119
2.31941e-103 2.93305e-21 3.395e-46 0.0713538 2.74333e-27 3.81282e-11 1.18325e-07 0.0924836 1.16052e-60 8.41898e-44 4.676e-24 3.90835e-91 7.55291e-56 7.37091e-25 8.40729e-79 7.65607e-16 3.34418e-119
1.16225e-80 6.08631e-31 1.54205e-37 7.59115e-43 5.21115e-30 1.09784e-98 3.73774e-42 1.3796e-05 2.77466e-09 1.25742e-42 1.0992e-28 7.21605e-54 8.18729e-76 1.17637e-55 4.53798e-36 0.148949 3.89147e-136
0.144459 1.45408e-43 1.06292e-86 3.03317e-118 0.00311763 1.63844 7.08399e-27 1.80832e-40 9.92751e-59 0.00431701 9.93967e-30 0.163657 0.255158 6.82186e-78 0.310096 1.20966e-63 0.0277082
3.41521e-92 2.70697e-26 1.43164e-80 1.03392e-72 6.38189e-42 4.31186e-96 2.06845e-75 0.063776 2.95221e-60 3.29146e-40 3.80235e-50 1.00873e-78 1.20637e-65 6.74353e-100 1.64788e-100 4.96595e-41 2.33766e-152
