2.41685e-61 1.19358e-40 2.58455e-25 7.08854e-80 2.80896e-58 1.66842e-11 1.96521e-39 6.39725e-51 1.98676e-69 8.30965e-34 1.03252e-44 1.86474e-47 6.48506e-08 1.62737e-63 2.00574e-260 4.69362e-322 2.92118e-46 2.38108e-47 3.25302e-35 0.000987667 9.4871e-199 1.96496e-159 1.78503e-123 2.65722e-30 0.0353652 1.30096e-161 9.8119e-53 1.07931e-162
4.93915e-100 5.33165e-45 0.0326137 1.49374e-19 3.49089e-39 1.77265e-10 1.75891e-84 7.28714e-69 9.12069e-96 2.92871e-31 8.92071e-25 1.8817e-26 1.48359e-80 1.93256e-113 3.28136e-258 2.22632e-236 1.34674e-26 1.17561e-87 0.340502 6.62128e-29 1.79056e-242 2.77742e-209 1.83888e-170 1.89108e-61 1.01293e-29 6.82218e-138 2.01085e-10 1.00626e-140
3.30865e-23 1.0148e-49 1.73771e-62 2.83016e-86 8.20667e-56 7.4464e-47 1.31268e-38 4.31597e-09 3.14313e-83 2.60376e-77 2.45486e-49 6.05078e-51 1.8796e-29 1.92359e-106 7.89745e-223 5.18769e-322 1.66813e-62 1.03311e-10 0.0975323 9.48935e-08 8.67997e-156 1.66546e-226 1.67161e-137 0.154633 3.12082e-78 3.37742e-127 0.000351631 1.28664e-125
3.4881e-57 0.190125 2.27045e-05 4.76273e-83 1.08452e-31 4.31283e-37 5.92472e-77 1.36684e-33 1.13566e-60 0.0497233 1.22901e-34 4.84059e-25 2.60525e-25 1.45228e-27 4.38467e-187 3.31185e-281 3.98441e-19 7.05372e-72 1.51248e-19 2.99422e-68 3.67655e-235 1.15539e-150 7.16123e-179 7.06266e-59 4.36979e-75 2.42442e-136 0.177952 1.77483e-144
0.000970433 3.99197e-11 0.000989785 2.58489e-06 2.41073e-07 0.000761297 0.000864078 0.0150978 2.65058e-05 3.48871e-09 0.00517744 0.000495316 0.00671203 0.0287723 6.56531e-254 4.44659e-323 1.98576e-76 5.96574e-102 2.56316e-82 2.29226e-68 9.72799e-245 3.91044e-233 4.40345e-194 8.96257e-81 2.5971e-77 3.71735e-168 2.9217e-51 3.75862e-170
2.03478e-106 6.1708e-315 4.07794e-25 1.08296e-107 1.60102e-81 6.31822e-85 4.2057e-143 4.4367e-174 2.95038e-73 1.484e-151 2.39353e-159 5.78628e-33 6.76762e-58 0.000428131 1.02544 0.334443 0.00967748 3.63394e-60 2.31144e-32 0.072354 5.91439 1.00719 0.272664 2.5334e-36 1.56114e-77 0.682941 4.20255e-54 0.160118
2.60659e-89 3.47036e-49 4.32452e-55 6.27342e-18 9.49668e-83 7.60376e-44 5.43003e-50 1.32645e-74 3.76837e-13 8.78513e-79 4.68722e-41 3.3346e-26 0.00819894 4.12493e-17 5.22685e-189 1.67276e-303 8.03802e-74 1.45202e-48 1.52383e-21 1.31863e-24 4.94054e-176 2.1944e-144 5.94065e-154 1.03894e-71 1.41925e-40 1.35222e-113 0.193797 3.7664e-147
6.62134e-14 5.59023e-100 7.31605e-16 7.85567e-85 1.09968e-55 8.29932e-35 2.23091e-91 7.4309e-08 1.84578e-62 4.44096e-21 1.10757e-14 1.18142e-27 0.0319518 0.000258601 1.28358e-169 4.85536e-286 6.71643e-31 0.154327 2.52516e-63 4.32606e-49 1.81597e-150 2.61881e-193 3.4959e-188 2.77729e-42 3.28598e-71 2.42513e-169 7.77675e-10 5.95837e-114
1.36658e-49 1.33678e-42 1.88251e-33 2.12206e-11 5.52772e-06 0.00193122 1.37583e-60 5.72313e-69 2.27225e-67 5.91779e-32 2.31178e-13 5.43504e-30 2.42553e-22 1.11068e-93 2.06376e-223 1.32723e-297 7.24909e-15 5.8821e-50 8.0027e-56 6.15632e-45 1.03606e-211 2.22036e-161 8.40742e-139 4.78164e-27 1.22154e-10 7.96613e-166 0.341643 1.27689e-160
9.91214e-57 1.20193e-81 1.83147e-45 1.53049e-50 1.14902e-12 1.80229e-39 2.99859e-73 1.60017e-74 1.27217e-58 2.86825e-13 1.11379e-35 1.97741e-43 4.24234e-14 3.83975e-34 1.89615e-182 5.2865e-322 0.123209 1.7895e-56 2.21297e-82 1.34883e-39 6.35598e-224 1.17577e-221 1.31965e-134 3.58306e-12 1.45943e-80 1.19798e-132 0.0890769 7.20126e-111
0.00322756 0.0037136 5.95693e-05 0.00140858 0.00121313 0.00196337 0.000280506 0.000156968 0.00366999 0.00583006 0.000906794 0.00612187 0.000607821 0.000774321 1.09166e-261 1.97626e-323 6.21772e-80 2.33929e-101 3.80569e-82 3.64012e-71 2.3672e-244 1.33969e-234 1.80109e-194 1.53171e-81 3.07503e-82 2.16114e-176 1.38156e-54 2.94178e-172
