0.00700765 0.00144527 2.04458e-05 0.0407944 5.7754e-91 2.30213e-69 7.4113e-103 3.92863e-80 1.06195e-59 2.64042e-125 1.16088e-84 2.324e-63 9.89885e-114 1.02936e-66 1.12287e-87 3.21625e-103 9.30036e-87 5.38582e-70 2.86922e-82 7.96528e-65 1.81409e-92 3.06797e-133 1.28921e-138 1.25448e-73 6.2308e-83 2.65204e-78 2.62714e-84 2.74307e-82 2.5636e-91
3.19281e-160 6.71607e-15 7.0325e-32 3.94158e-46 2.83996e-76 1.77343e-36 6.8378e-99 1.57142e-77 5.07167e-44 0.0288831 5.51089e-69 2.38547e-42 4.35901e-36 5.80959e-60 3.17209e-41 3.98894e-61 5.15877e-26 0.108174 2.12336e-33 3.48225e-46 0.159154 0.136575 3.54824e-115 1.52286e-18 1.28391e-18 7.95331e-75 2.18938e-49 0.0936939 8.30733e-22
8.99689e-82 4.5827e-57 8.60171e-50 1.69029e-59 6.12851e-48 1.47515e-47 1.80241e-27 0.296987 0.0246105 1.0301e-86 0.0056707 0.00306698 9.93277e-27 3.42427e-07 1.82544e-85 1.13337e-23 1.26474e-42 2.24238e-53 4.90761e-19 5.25136e-17 2.58316e-46 3.35022e-111 2.32357e-89 6.91479e-35 3.18492e-43 1.26216e-15 2.64635e-18 2.57761e-59 5.60181e-48
6.71926e-10 1.15329e-71 0.0479984 6.21887e-45 2.01906e-47 1.12638e-53 9.75798e-42 4.22657e-28 4.54447e-48 3.30472e-64 2.32497e-74 6.17572e-24 1.82233e-109 1.48496e-57 0.156127 0.00413874 1.44906e-62 2.15895e-31 3.35439e-27 3.05612e-31 1.09895e-34 2.795e-81 1.27688e-116 2.50387e-27 3.5212e-72 4.7946e-34 2.10001e-79 3.97108e-54 1.12718e-46
6.07302e-38 0.00022923 6.19944e-43 8.53142e-45 5.37114e-15 1.10134e-28 7.5954e-37 1.19257e-27 5.3313e-28 5.28961e-49 2.91586e-79 1.08061e-20 2.79266e-96 5.6183e-29 7.54687e-65 6.47457e-58 1.3616e-52 3.9067e-71 4.29337e-44 1.19771e-13 4.14034e-63 5.14481e-61 3.88791e-55 1.52184e-70 2.7128e-31 4.67779e-14 0.338778 2.02141e-67 1.33621e-51
2.03094e-106 1.94544e-89 1.04665e-60 4.21239e-43 2.83991e-56 0.389791 1.3612e-66 1.40908e-28 4.69861e-14 1.51999e-30 1.90844e-78 2.68732e-08 4.87044e-24 3.69435e-50 0.138514 0.0490362 4.07403e-61 5.69885e-11 1.84373e-26 5.4459e-58 2.77831e-78 9.69035e-117 2.03651e-70 9.61361e-11 1.03148e-09 2.30858e-38 2.71236e-67 8.91668e-07 8.82381e-20
1.2182e-61 2.13344e-36 3.47291e-38 6.74908e-40 0.12018 1.34862e-18 5.98036e-68 1.54352e-68 3.11863e-30 2.3045e-37 5.48076e-05 3.94729e-32 8.64146 4.23104e-42 1.49146e-65 5.41511e-81 2.95219e-77 4.88245e-52 0.10085 7.50884e-10 1.69603e-86 3.92929e-91 1.50647e-96 1.43055e-42 1.34175e-21 8.29831e-33 5.09825e-71 1.86283e-64 5.63661e-48
2.6513e-43 3.17521e-09 2.98001e-15 5.68867e-37 3.63908e-93 1.15379e-52 0.034004 5.38157e-20 0.366073 1.44954e-51 1.94169e-25 0.0635024 3.99188e-54 4.49018e-55 1.41156e-60 7.84805e-92 1.61407e-66 3.36086e-37 5.17891e-42 0.0907588 3.57039e-48 1.49813e-117 2.2715e-133 0.0417129 6.75215e-46 4.92158e-23 2.21782e-05 8.06203e-50 8.879e-64
2.73182e-50 2.65877e-39 7.87858e-48 5.98764e-45 5.76362e-64 3.80842e-10 2.69864e-07 3.42318e-77 1.62184e-25 3.46637e-91 9.00289e-18 5.40801e-43 2.06791e-57 0.0504522 5.93546e-25 6.30755e-68 9.11102e-07 4.21787e-51 3.13084e-42 6.79527e-36 5.31758e-07 4.45273e-33 1.91079e-88 7.08166e-45 1.17279e-31 2.77923e-77 0.656908 0.0154527 6.96082e-45
3.66664e-29 2.97739e-47 1.51549e-36 3.81735e-22 1.33287e-76 8.43964e-20 1.7432e-99 0.0285297 5.16408e-31 2.55605e-105 1.24436e-41 1.55629e-64 4.33248e-46 9.51057e-34 4.81095e-29 7.18699e-68 3.24678e-84 6.69832e-46 2.1097e-81 3.73132e-56 2.11072e-49 1.50686e-44 1.58334e-81 2.88365e-71 4.32844e-54 7.26311e-45 6.24496e-77 8.07447e-63 1.47512e-74
2.22887e-26 4.42379e-62 1.6064e-92 9.24464e-46 3.95939e-88 7.12999e-36 2.68697e-90 5.35111e-48 1.7979e-24 3.96136e-107 1.0374e-79 3.4804e-06 2.00055e-53 1.35957e-13 1.96553e-26 1.74584e-30 2.8349e-36 1.24568e-50 2.20406e-23 0.0616371 5.98512e-61 3.64724e-81 2.57868e-51 2.6613e-72 8.51377e-83 5.79638e-25 9.52464e-82 6.04829e-59 5.86155e-51
1.53167e-64 5.66177e-40 6.64461e-64 2.59027e-15 7.59398e-24 7.03544e-54 1.07707e-44 0.0874801 2.94381e-29 2.08049e-84 1.41754e-62 2.94846e-16 1.25815e-49 8.89579e-62 7.02189e-36 1.20014e-46 5.37676e-35 3.41695e-46 1.1883e-19 9.99577e-46 1.87913e-80 2.06354e-101 1.984e-103 8.82172e-61 2.31712e-78 0.078488 6.95173e-69 1.65015e-31 2.44579e-84
5.56982e-78 9.08201e-58 2.2771e-06 1.29421e-33 3.4135e-58 7.33764e-32 9.22066e-66 2.14403e-53 1.31695e-40 1.07076e-90 1.06134 4.10648e-28 0.620107 4.24182e-47 0.180016 5.82293e-78 0.219656 1.16712e-49 3.86516e-13 7.60192e-20 7.84392e-13 1.38675e-96 0.0414961 1.87337e-10 0.067472 6.18347e-11 6.9373e-43 5.1802e-49 0.624304
2.17327e-55 6.33221e-15 2.28126e-15 1.15263e-21 1.26328e-37 1.00422e-55 3.48725e-38 1.85616e-45 0.033897 1.9862e-89 9.83513e-30 9.0312e-19 4.86721e-51 4.8386e-31 1.03021e-45 2.41893e-62 8.37713e-31 2.17879e-55 2.80994e-79 6.07e-26 1.82138e-61 9.9128e-75 1.01856e-115 9.97152e-32 1.31608e-74 4.01993e-25 1.98501e-12 2.12088e-47 1.15156e-71
