2.58734 0.214188
3.7125e-235 4.53418e-50 3.00564e-146 1.91997e-57 3.56206e-135 2.78012e-164 2.5039e-105 1.12762e-70 1.69413e-210 6.93707e-31 5.55977e-80 0.0832903 5.73554e-201 1.30476e-67 5.24513e-200 4.34858e-119 6.24153e-25 1.30886e-226 8.20241e-60
1.32096e-116 1.21047e-153 3.83091e-84 1.21756e-67 6.4869e-256 5.01923e-170 3.65322e-14 9.96317e-113 5.97238e-95 0.0841095 9.26461e-251 1.07964e-78 2.18974e-265 2.94509e-109 1.24036e-197 8.3452e-74 2.77285e-173 9.42046e-150 6.13897e-148
9.83814e-30 1.00079e-08 3.75377e-07 0.000822706 3.36676e-34 2.2918e-07 2.04721e-09 0.00903568 0.106929 3.94114e-133 1.97626e-322 3.26793e-133 1.31053e-285 1.83601e-189 4.10074e-322 4.85719e-258 1.55587e-160 3.23382e-230 6.37724e-253
0.00512125 1.31517e-07 2.21547e-09 0.00264842 0.000539439 0.0183792 0.00456777 6.12991e-05 2.91549e-08 1.54517e-135 8.89318e-323 1.39845e-132 2.19429e-285 1.68172e-186 1.92686e-322 2.82213e-273 7.01102e-171 3.95938e-234 1.00334e-248
6.28996e-33 1.78025e-81 1.11103e-17 1.60603e-215 2.46852e-55 3.79094e-217 4.56442e-127 1.4169e-22 4.42408e-71 0.196532 8.89876e-298 3.06852e-96 4.12939e-154 4.93176e-68 1.45786e-284 4.6898e-83 1.10287e-101 3.75529e-70 2.34129e-198
6.08947e-12 3.10693e-94 6.20282e-75 2.90673e-241 7.23821e-236 1.29448e-240 1.12568e-25 0.00233885 2.69795e-127 0.179388 1.1735e-207 0.000405249 5.96653e-260 5.73744e-151 2.47702e-162 1.53186e-168 2.29047e-99 1.48809e-151 1.45858e-68
3.26677e-134 1.17677e-31 1.57247e-75 9.10104e-37 4.82355e-45 6.41172e-31 1.29179e-94 8.68223e-150 1.70476e-163 0.414678 1.4181e-285 8.88718e-81 4.21074e-276 4.06767e-134 4.11571e-201 6.56557e-267 1.91743e-163 2.01687e-46 1.4601e-59
7.35442e-108 5.48424e-150 7.63861e-41 2.40176e-142 2.72291e-166 3.50379e-174 7.15913e-14 1.7307e-85 3.96647e-131 0.537704 1.43773e-321 2.24823e-25 1.46618e-72 3.40282e-161 6.05786e-225 4.62869e-151 1.04252e-62 8.04143e-241 6.53207e-162
4.93977e-26 1.65275e-129 5.14126e-173 1.5065e-238 7.35093e-32 1.42859e-06 8.74942e-39 1.9647e-22 1.21201e-36 1.81733e-43 1.39962e-117 0.340215 1.60231e-134 4.57012e-118 5.19429e-256 5.28778e-180 1.16318e-98 2.79104e-202 2.77954e-134
3.1127e-292 1.96121e-252 2.04329e-196 3.93497e-72 3.03356e-321 1.7789e-56 1.14607e-213 4.63519e-22 1.79563e-273 1.09044e-80 0.539273 1.24021e-117 3.14149e-10 3.44194e-47 0.162369 8.23516e-67 0.532638 4.0054e-48 5.30181e-127
5.58979e-191 5.6374e-250 4.74203e-206 2.10603e-198 8.15182e-170 2.40043e-114 2.74134e-15 5.63407e-14 8.52529e-148 0.851871 1.96085e-129 0.000135688 1.1444e-236 2.31318e-72 1.5864e-153 1.44456e-149 0.000717209 3.67302e-191 2.43458e-102
1.57238e-34 1.32187e-12 0.00116884 1.23805e-06 0.0520236 1.348e-13 2.95188e-17 6.74343e-07 2.341e-12 1.33146e-121 1.97626e-322 3.11936e-119 4.37465e-254 6.38895e-188 4.15707e-308 6.88141e-262 6.70757e-155 5.69334e-235 7.16741e-231
7.70625e-21 2.09742e-166 2.45718e-35 1.8721e-313 4.37673e-196 2.75413e-97 4.63667e-54 3.63343e-211 4.09137e-101 0.619172 1.85622e-258 2.72974e-24 4.56822e-193 0.824332 1.164e-100 0.388251 3.44439e-43 0.400153 2.34584e-79
5.03387e-318 8.55042e-29 1.02399e-72 2.03209e-297 2.49009e-321 5.1097e-148 4.23327e-92 9.95717e-162 2.89328e-44 2.08006e-52 2.26282e-321 2.6302e-103 0.493545 5.27866e-93 0.725984 5.03308e-140 3.77695e-158 1.47309e-176 2.23021e-42
1.13376e-28 5.81902e-84 1.36562e-180 1.12049e-255 8.48791e-279 2.52519e-110 1.53189e-116 3.29565e-47 1.04373e-120 8.8351e-128 2.67601e-251 4.26597e-90 3.02088e-80 1.0211e-103 2.30831e-181 1.0016e-33 2.83698e-154 4.76545e-179 0.157227
2.23256e-81 0.122043 4.46451e-42 1.58954e-09 8.41437e-107 2.67931e-77 5.25971e-47 3.28638e-15 1.72638e-16 1.28848e-121 3.68653e-278 1.32021e-84 5.19142e-240 3.5985e-132 1.2401e-321 1.32974e-275 2.72758e-116 8.14399e-202 5.08159e-234
1.73525e-58 2.4565e-77 1.18084e-231 1.04662e-252 1.84412e-13 3.65889e-161 8.98063e-150 2.23174e-98 3.30575e-42 3.95933 3.38324e-42 0.141353 3.10958e-12 3.8313e-170 2.93412e-288 1.55655e-246 2.39187e-168 5.00545e-157 4.05857e-122
1.89732e-173 2.71653e-38 1.27448e-131 8.49657e-41 5.55926e-52 9.8214e-117 1.41236e-125 2.24384e-57 8.45444e-153 0.100083 8.81481e-303 4.80599e-111 1.036e-204 1.24339e-182 4.86602e-163 2.30612e-155 1.27495e-49 5.23225e-97 1.14709e-222
