1.10482e-28 5.0358e-106 2.62172e-106 7.29038e-87 5.20809e-22 1.25826e-09 5.97895e-43 0.00612953 2.36142e-63 6.86172e-63 8.02533e-41 7.65781e-63 1.53048e-22 6.37641e-25 1.01935e-62 1.11084e-29 4.37087e-79 8.77029e-36 1.17402e-53 4.50847e-66 8.48592e-89 5.28433e-70 0.82459 9.80349e-45 1.59747e-113 8.49273e-85
1.56415e-74 7.212e-64 2.48603e-95 7.00671e-41 0.07137 5.66651e-16 1.01326e-82 0.00302045 2.38558e-61 0.108486 4.93803e-51 4.13109e-18 2.89217e-63 3.25933e-62 1.11403e-55 7.00402e-52 3.32969e-86 3.93948e-23 0.139112 7.16665e-32 2.21125e-64 8.35328e-06 9.72731e-39 0.912077 4.6786e-53 1.14016e-84
0.146647 6.37892e-30 1.86457e-87 1.47328e-33 2.97344e-103 3.26658e-10 4.92889e-36 1.56317e-76 1.8401e-104 1.08219e-70 3.5626e-35 7.20055e-12 1.19085e-52 0.147107 4.50543e-32 5.88768e-95 0.000893541 5.13766e-62 2.10651e-69 0.0133595 2.47188e-33 2.1438e-25 3.80013e-59 1.43401e-22 6.07361e-68 5.69713e-82
7.50303e-63 6.0345e-109 8.47184e-39 3.86445e-36 6.79173e-75 4.84147e-59 1.70731e-15 1.15839e-10 2.43583e-121 1.8114e-65 1.03625e-139 2.09216e-60 1.31592e-60 1.79165e-37 1.10537e-48 6.51285e-79 5.99238e-69 4.3288e-42 5.24473e-33 3.18565e-70 2.0511e-97 4.05815e-76 0.445611 1.58584e-15 1.23047e-81 8.25914e-98
0.0605788 0.170492 2.98725e-108 0.349043 3.63231e-08 2.39945e-16 2.1786e-15 4.84117e-95 5.21275e-121 4.79609e-70 0.385699 1.01774e-38 2.12543e-108 7.41495e-18 3.11701e-30 2.8844e-20 1.60083e-09 4.45992e-22 7.19318e-74 1.2177e-46 2.07017e-42 2.03043e-28 7.81515e-46 9.70643e-28 0.0318567 0.0360172
6.70699e-11 5.66199e-27 1.92024e-07 3.33768e-66 9.94374e-88 0.0307296 9.76659e-68 7.07355e-109 2.48969e-122 0.00866678 1.62884e-76 0.0888537 2.42318e-88 8.63242e-17 0.135332 4.15455e-14 0.141089 5.76014e-22 2.34665e-13 5.67233e-75 2.45982e-37 4.86226e-40 2.86095e-24 1.42639e-36 1.84988e-63 1.3508e-27
1.34802e-29 1.41139e-86 7.0682e-104 7.8084e-38 3.35207e-24 6.60338e-59 1.4229e-54 1.89893e-43 0.362698 1.47993e-41 4.57449e-22 4.98573e-57 0.0650577 2.47583e-08 9.94137e-45 6.98147e-95 1.73643e-76 0.103425 6.52174e-10 2.75946e-102 2.36201e-20 1.97645e-08 5.64382e-22 1.10231e-30 3.04715e-128 1.31785e-34
8.5726e-79 1.99596e-83 1.10755e-110 9.52448e-50 1.1109e-34 2.437e-47 1.22491e-54 5.98279e-87 1.30433e-125 0.0117315 4.97748e-32 5.5987e-14 2.99543e-101 1.46691e-07 6.9264e-20 0.00680702 2.45786e-93 3.77742e-12 1.49078e-24 1.64616e-122 0.119579 2.85594e-57 1.84751e-35 4.72416e-23 9.61844e-31 5.93114e-71
0.121583 5.18009e-48 1.23098e-92 6.33277e-72 1.13769e-116 1.1969e-56 0.192024 3.3609e-101 3.01693e-79 1.89939e-09 1.22183e-71 0.203663 3.81854e-111 3.6001e-44 5.93717e-27 1.36704e-28 2.14766e-64 1.82403e-48 1.60928e-29 1.57286e-71 7.47645e-48 1.93711e-74 1.832e-17 1.40362e-38 6.71388e-57 9.47464e-52
2.71431e-06 4.5099e-25 5.6656e-38 1.19202e-62 2.05006e-54 3.40375e-41 6.34334e-67 4.83023e-83 3.44137e-123 4.1808e-05 3.12712e-36 3.79167e-40 1.30556e-57 8.69313e-86 3.1538e-23 1.58112e-71 2.15327e-88 2.35352e-16 7.80358e-50 7.51069e-31 4.11392e-23 9.75752e-71 1.1849 1.4446e-31 6.25058e-126 1.45103e-76
5.7217e-66 5.63033e-80 0.0495236 1.33986e-37 1.90283e-80 2.60894e-63 8.40705e-51 0.0149675 2.2373e-26 2.3067e-10 2.24229e-50 1.83473e-22 3.53182e-68 8.10087e-88 0.0618896 1.16224e-21 1.60774e-80 1.53194e-82 5.81659e-33 7.62659e-44 2.06239e-88 1.62431e-47 0.014239 6.63809e-27 1.18689e-83 2.73025e-63
0.00477948 1.5506e-31 0.162289 4.39068e-30 4.98034e-14 3.78582e-21 6.23457e-78 1.63431e-67 5.63765e-98 0.000143908 1.09259e-71 1.87925e-17 1.63413e-59 1.22647e-39 8.63894e-27 3.06013e-58 7.45664e-87 0.230506 1.88695e-10 1.22542e-09 1.86724e-64 0.0400079 8.59394e-12 3.74794e-36 5.39324e-58 3.81149e-38
5.85581e-84 1.5198e-107 8.07072e-49 2.36614e-21 9.2644e-25 1.99138e-57 0.0784948 0.0014205 2.05647e-23 2.73718e-56 2.73252e-138 3.22989e-42 8.6074e-58 1.48233e-49 1.04418e-59 0.0349509 1.39037e-87 1.60213e-10 1.03941e-52 1.69452e-80 1.09923e-86 1.17076e-20 8.60867e-06 4.41629e-13 1.112e-54 1.41088e-53
