7.19491e-45 1.80236e-77 1.36928e-71 5.59142e-44 1.46158e-67 1.85491e-63 5.04312e-59 2.54546e-31 7.16643e-17 9.68646e-106 7.16096e-128 1.25897e-49 9.83914e-49 1.22449e-77 5.78031e-123 2.1132e-29 3.00411e-59 1.46383e-96 0.43991 1.32067e-115 3.28584e-64 1.33811e-99
1.99104e-13 3.78444e-49 6.43655e-06 8.99423e-12 1.32454e-29 4.06618e-67 9.59349e-37 0.111558 6.06822e-31 7.23859e-20 2.35602e-51 1.71674e-79 1.18991e-121 8.23365e-24 3.31893e-17 9.26033e-76 0.00487501 1.47726e-10 3.37976e-70 0.254608 5.29334e-73 7.0678e-98
5.09186e-50 3.43955e-75 2.73609e-88 1.96468e-77 5.4121e-65 2.67691e-100 3.11221e-48 4.18348e-61 5.08965e-27 8.32547e-74 4.68666e-91 5.6893e-101 1.71925e-125 4.72805e-46 3.67024e-167 4.79518e-58 3.05959e-109 9.46977e-52 0.154527 3.59789e-106 1.81968e-102 4.616e-66
0.0679979 1.07243e-08 3.09066e-73 7.67316e-51 7.34742e-88 2.41677e-82 3.08952e-27 4.2441e-21 3.1873e-63 1.29663e-08 2.56634e-06 1.51633e-125 1.60725e-97 2.18196e-73 3.60913e-137 4.62009e-32 0.0446476 4.09103e-06 4.50708e-09 8.78502e-107 1.32406e-103 0.174023
2.58882e-44 1.89728e-16 2.92118e-40 7.87879e-27 1.86746e-15 5.17975e-86 3.54047e-73 1.24901e-37 3.70283e-79 1.61737e-67 1.22946e-123 7.81469e-54 7.27977e-58 4.67459e-62 1.69339e-24 0.141046 2.24381e-86 0.393397 1.3658e-53 0.0561798 1.77207e-142 3.43932e-108
1.21777e-21 1.52491e-71 1.90478e-103 0.116497 1.09574e-17 1.23272e-09 4.36373e-89 6.36063e-58 3.04096e-57 3.75076e-142 2.41254e-54 6.96681e-75 0.169108 3.596e-57 4.10926e-169 2.75808e-77 9.87785e-75 4.52342e-12 0.218074 1.08656e-130 5.12838e-142 1.10192e-42
4.59756e-08 7.76395e-63 2.04387e-37 1.16848e-92 5.00589e-53 2.15073e-73 1.40301e-38 1.29893e-22 0.0726816 1.26712e-97 1.76925e-15 3.10578e-94 2.24954e-43 3.7932e-90 8.46741e-44 1.51034e-60 0.000530396 5.55506e-71 4.98435e-06 2.19698e-119 1.6975e-61 6.92544e-39
4.76089e-38 5.57914e-79 3.16592e-101 1.79774e-86 9.4533e-111 1.5708e-84 2.0253e-54 2.14704e-57 1.51167e-44 6.34033e-133 3.07561e-68 3.86872e-91 1.2318e-119 1.53568e-32 8.83464e-155 1.35158e-96 4.33295e-81 1.73042e-66 0.403658 8.21278e-121 3.1838e-108 9.96021e-76
1.48763e-16 0.00201228 0.271017 5.46143e-118 0.14173 0.186918 5.78514e-05 2.40844e-47 0.0240195 9.10948e-103 0.427948 0.120925 1.73325e-144 2.52658e-42 9.91248e-95 2.44318e-29 4.10985e-111 1.15332e-95 3.61623e-05 4.20662e-43 4.13307e-72 9.47703e-106
1.02717e-16 0.782541 1.0197e-107 5.38195e-134 3.31323e-88 4.80588e-33 1.59071e-94 2.2365e-65 1.12909e-48 5.90059e-125 2.51489e-88 4.3286e-68 7.89881e-100 1.40381e-78 9.91906e-116 2.12999e-42 2.99174e-89 2.41227e-81 4.0685e-51 1.36332e-115 5.42677e-51 1.29574e-135
2.13841e-12 1.15215 1.50905e-36 1.01873e-46 5.10877e-58 5.96987e-101 7.6123e-65 5.02013e-48 2.20961e-58 1.43786e-103 4.70552e-121 9.10119e-74 2.7773e-155 3.44556e-66 9.56511e-103 2.58064e-70 9.20118e-42 2.56023e-45 2.53214e-58 5.91682e-105 2.85989e-143 0.22806
0.0495892 3.19622e-58 6.12384e-34 4.50825e-32 6.43214e-71 2.96224e-83 5.03289e-67 2.26202e-47 6.34599e-73 4.47352e-43 2.5489e-92 3.37404e-108 5.88104e-93 0.0443241 1.77539e-100 0.00318617 1.92428e-86 2.47012e-14 1.04399e-43 7.41761e-42 2.38401e-23 4.2424e-98
3.03967e-94 2.13537e-43 1.47886e-74 1.63396e-91 4.77325e-11 0.312205 1.49074e-36 1.80168e-94 3.28933e-27 1.59693e-97 1.43032e-58 3.12299e-106 4.7625e-95 2.49161e-25 1.57038e-78 1.81549e-47 2.96756e-40 1.67624e-69 1.12752e-53 1.94591e-97 1.88627e-140 4.75005e-98
0.66197 1.40031e-55 4.16051e-103 4.22846e-117 6.67517e-85 2.48637e-89 0.999343 2.1609e-14 1.26674e-31 0.0551818 2.45511e-76 0.259054 4.09312e-87 0.272697 0.26395 5.19559e-32 1.45738e-90 1.62069e-53 1.38039 3.69451e-26 0.568335 4.11837e-41
