1.0189e-223 1.42281e-112 6.52838e-186 1.25823e-98 2.01349e-97 2.03585e-67 6.01307e-215 3.31994e-60 1.259e-209 2.60834e-171 4.66674e-54 2.00104e-167 6.44961e-75 1.79642e-129 9.61035e-66 4.12243e-137 2.65826e-68 3.53274e-112 7.07612e-228 2.64575e-185 2.21006e-196 0.0391536
6.29427e-66 0.10513 5.53699e-145 2.85879e-81 1.93706e-180 7.13129e-116 1.02265e-91 2.53036e-43 6.9277e-207 2.44475e-130 4.31003e-96 3.23916e-103 5.32105e-210 4.61827e-224 2.61942e-115 1.65413e-110 1.26888e-146 4.88077e-150 1.17366e-136 9.50589e-173 4.0853e-203 1.65521e-91
9.203e-207 0.471878 9.91873e-129 4.67178e-192 2.92976e-182 5.12246e-110 3.62693e-208 3.30305e-92 7.66173e-132 1.01582e-190 4.45887e-155 1.26199e-148 4.83052e-265 1.19528e-193 7.74815e-121 1.87892e-135 2.699e-163 6.56402e-119 4.6559e-223 8.84638e-53 4.26463e-284 2.84499e-86
1.18062e-99 1.06605e-176 1.96714e-158 2.21961e-134 5.24049e-167 3.74573e-153 1.32417e-13 0.770718 7.38813e-176 1.73554e-184 4.03177e-29 1.64304e-94 6.01631e-110 1.14547e-63 2.39467e-113 7.95016e-116 8.09309e-13 5.76795e-189 1.76755e-252 3.67929e-32 8.26018e-81 1.06687e-74
5.47375e-131 0.0333549 1.12395e-35 1.26902e-59 4.21597e-96 2.9582e-05 9.47898e-91 8.55522e-63 2.37903e-97 6.76902e-152 9.31948e-97 1.6082e-165 2.4589e-189 4.12893e-108 0.226385 5.67609e-20 8.07988e-150 3.5497e-171 4.15251e-93 2.30866e-202 7.6715e-276 1.39412e-10
2.92467e-245 5.7199e-79 7.65186e-57 7.89339e-48 2.67907e-57 8.0917e-144 7.2598e-172 0.0388313 6.0292e-223 2.39234e-186 2.29318e-163 3.85376e-182 1.52155e-100 2.95663e-208 3.04175e-13 2.04608e-118 2.01248e-48 1.05223e-198 2.14744e-38 3.68551e-36 5.73116e-322 4.77682e-34
8.6036e-182 8.36438e-165 9.31319e-91 2.43646e-154 1.44626e-93 6.58392e-105 2.25183e-169 3.43728e-112 2.18269e-237 5.95701e-130 2.84914e-75 0.586068 2.02641e-15 3.47219e-170 2.77986e-70 0.0274279 1.64919e-17 1.22641e-207 3.58929e-92 8.96458e-83 5.15777e-255 3.83064e-147
2.73503e-147 1.18791e-94 1.06198e-218 1.74483e-229 3.64012e-193 5.59852e-98 4.3124e-179 7.87462e-119 4.94446e-210 2.14579e-146 5.23308e-156 5.46272e-134 2.49155e-183 4.25572e-205 2.24222e-103 1.26437e-148 2.75194e-123 6.48297e-176 1.03624e-258 7.47827e-202 8.01868e-268 7.33351e-59
1.88766e-131 4.43641e-59 2.73205e-16 8.54663e-45 2.86451e-18 2.32909e-58 1.18002e-26 0.405518 9.06034e-209 3.23157e-139 0.406898 7.09567 9.04641e-108 2.30192e-33 2.27524e-74 0.333884 4.06044e-159 1.4888e-212 9.25918e-84 6.50903 9.1931e-78 0.0522303
2.0557e-78 4.58906e-158 1.25042e-184 9.9514e-191 2.4001e-100 1.66879e-125 3.18305e-223 4.78993e-80 8.13905e-202 4.53383e-126 1.04672e-104 5.99541e-32 2.22315e-119 0.147822 1.83167e-100 1.10567e-54 2.73717e-160 3.25757e-08 5.19322e-80 3.08995e-187 6.66956e-223 0.248795
0.179062 1.31163e-40 6.87187e-203 9.82931e-188 4.41183e-140 4.98949e-69 1.51459e-121 6.33142e-32 2.42372e-238 2.2109e-147 1.26487e-180 1.88105e-102 4.5011e-52 8.47632e-88 4.96306e-84 2.0245e-78 3.07584e-68 6.29044e-198 1.17491e-183 1.94835e-183 6.0276e-322 5.29624e-14
0.181164 1.49745e-16 6.51509e-233 3.03947e-128 0.556356 9.27085e-128 6.15426e-196 0.000203519 0.52938 4.56076e-169 2.32238 4.40269e-182 0.128281 1.13742e-142 5.00916e-28 2.66272e-25 1.40161e-05 9.52075e-188 0.281064 1.04816e-66 6.23782e-125 1.39499e-144
1.54263e-240 0.00592778 7.86429e-75 3.03395e-247 7.12018e-213 3.25477e-94 1.89365e-122 8.13199e-126 1.74422e-53 9.72242e-124 3.25663e-75 3.38391e-138 2.79988e-201 1.73274e-237 1.08042e-56 4.11339e-67 0.205128 9.36931e-218 1.82534e-238 3.88068e-185 1.9729e-299 0.00505894
1.73054e-110 3.44124e-109 0.242595 0.1789 4.11672e-120 0.29572 0.255987 3.98537e-89 1.09208e-125 0.425825 3.72497e-152 5.83105e-174 9.21896e-73 1.67714e-251 5.75969e-136 9.4881e-76 1.16749 0.283168 3.46139e-271 1.14719 0.173488 1.00656e-41
