1.62345 0.458773
0.00308487 0.00174144 0.00231596 0.00174736 0.00168257 0.00350149 0.00143574 1.97626e-323 1.97626e-323 1.10017e-304 9.88131e-324 1.97626e-323 1.97626e-323 4.94066e-324
1.74204e-141 4.84539e-76 6.55629e-06 3.56127e-99 1.57113e-321 1.86205e-104 1.78852e-321 4.20944e-321 0.84834 0.134766 2.1393e-321 4.59467e-226 5.1284e-321 1.8231e-321
1.37284e-81 2.10814e-30 3.46122e-199 7.9746e-10 8.41428e-10 2.54818e-35 3.81016e-176 4.08592e-321 4.87149e-321 1.25477e-260 1.41797e-321 4.05628e-321 3.70549e-321 1.5316e-321
2.89522e-321 8.28062e-233 6.95221e-53 4.21185e-223 4.32089e-85 1.35955e-121 1.37989e-259 1.13886e-288 3.80198e-36 2.38026e-102 1.35374e-321 0.620328 4.30825e-321 1.56619e-321
3.34482e-321 1.05379e-118 2.1393e-321 1.99603e-321 2.0899e-321 1.31692e-142 4.86657e-274 0.0647558 1.60184e-298 3.29973e-180 2.94463e-321 1.71328e-178 4.66892e-321 2.61361e-321
1.00823e-162 3.57094e-178 3.52779e-317 9.45878e-299 4.63974e-118 1.23323e-45 1.20552e-321 1.01168e-106 1.45634e-276 0.078097 1.73911e-321 1.97644e-202 6.09183e-321 3.02862e-321
2.37152e-321 4.35272e-321 5.76575e-321 3.02862e-321 1.9318e-321 6.56613e-321 1.59089e-321 4.68555e-143 4.43016e-142 3.59893e-210 2.05118 2.2187e-42 4.22514 1.53843
1.9023e-106 1.57607e-321 3.04839e-321 1.7001e-108 6.94523e-86 5.5642e-43 7.8469e-305 1.05535 0.207704 2.05577e-188 3.22131e-321 7.61158e-76 7.41098e-321 1.33397e-220
1.74939e-191 1.55137e-321 1.72537e-298 1.14389e-197 1.23516e-321 2.71906e-160 1.07869e-161 2.78106e-310 7.69848e-31 0.250273 1.57607e-321 4.83993e-76 3.40411e-321 1.89721e-321
3.08791e-321 3.84201e-190 3.34211e-283 2.56075e-20 1.25987e-321 4.28786e-181 4.34921e-88 3.50293e-321 4.12545e-321 4.82928e-97 1.26481e-321 0.0987582 3.60668e-321 2.61855e-321
1.38057e-25 1.29932e-13 1.61621e-23 1.27194e-100 3.86025e-164 8.52061e-69 1.91389e-106 1.82804e-321 1.6281e-270 1.41571e-234 6.12641e-322 1.63536e-321 1.80334e-321 6.62048e-322
