2.19921e-141 2.2698e-183 5.9917e-163 1.07483e-64 8.88307e-73 3.12394e-79 1.64672e-190 0.296954 1.79169e-137 2.12452e-135 3.61456e-80 3.84202e-58 1.46289e-40 2.6602e-22
5.25608e-74 5.1932e-172 1.66745e-75 8.34568e-22 1.99683e-159 1.07308e-30 1.36298e-40 4.13682e-18 9.40039e-235 1.68343e-126 3.0593e-105 7.3213e-123 0.0564827 0.276619
1.26711e-38 6.1377e-92 1.97974e-90 2.47517e-116 1.80877e-119 3.39439e-27 1.23299e-101 7.39311e-48 6.5183e-124 2.51203e-34 1.64574e-73 1.45375e-35 0.0908576 2.76467e-36
5.03939e-249 0.000109144 2.01843e-100 7.44449e-74 3.19747e-230 7.34176e-149 1.56015e-202 2.79632e-96 3.7343e-228 8.63773e-158 0.0351789 7.06287e-19 2.69433e-150 1.26871e-72
2.36008e-60 7.98149e-63 1.44902e-136 2.99706e-164 2.54554e-175 2.42949e-206 4.16528e-214 4.4487e-14 1.651e-154 4.30648e-108 0.0154725 3.22251e-99 7.91198e-29 0.00384636
2.21288e-182 1.13715e-56 1.97671e-68 2.93743e-235 6.63727e-35 1.15352e-56 8.86827e-15 1.09282e-84 4.94167e-191 0.0524518 8.69074e-55 0.178867 1.69316e-101 4.07247e-124
2.00963e-160 1.09505e-228 5.73417e-157 6.34287e-135 2.28331e-63 6.00407e-30 1.2014e-182 8.24268e-138 0.11488 2.08933e-35 0.230449 0.00432641 7.46049e-108 2.69059e-68
0.000294766 0.00151564 0.000818562 0.026261 0.00286147 0.0124799 0.0169199 1.51354e-140 2.89417e-234 2.42162e-166 3.00485e-143 1.34368e-122 9.55879e-170 2.92851e-149
8.91661e-34 2.124e-29 2.74901e-129 2.16326e-117 2.31649e-88 1.45654e-73 2.91727e-156 0.398994 2.10187e-41 1.14284e-127 1.76639e-109 9.42241e-35 5.73872e-177 1.13644e-44
1.89522e-25 1.1533e-200 2.95493e-28 1.44685e-84 3.60806e-63 2.44719e-126 1.69698e-63 8.757e-42 2.11763e-225 0.251393 2.73284e-10 1.2614e-17 1.03251e-54 6.35247e-51
4.56852e-66 3.5894e-79 4.4819e-46 1.6501e-72 1.92329e-53 3.99355e-107 2.21398e-75 0.0779227 6.88281e-146 1.53606e-106 3.10658e-77 6.79841e-111 2.11159e-157 1.42266e-149
