1.51053 0.237901
1.00406e-67 1.12928e-18 1.2784e-195 6.01228e-08 0.0222528 2.76562e-108 5.12324e-182 3.82251e-97 1.13095e-169 3.08956e-46 9.71081e-209 6.6176e-108 0.217132 1.7837e-61 8.38932e-127 0.172548 1.11452e-209 1.14911e-30 3.31494e-121 8.70275e-98
2.10026e-91 2.86725e-174 1.36976e-127 3.48669e-39 5.57247e-245 2.60187e-134 2.02622e-289 4.98708e-11 1.01115e-16 1.39609e-188 1.37785e-146 0.0896731 5.02793e-176 0.0606 5.80564e-189 0.309299 0.0900918 1.54e-25 1.67025e-167 1.70637e-267
0.120544 1.33913e-268 2.25306e-63 5.94738e-130 7.81296e-247 1.48984e-90 5.58582e-260 2.39048e-105 1.29092e-241 9.52168e-78 8.70933e-84 2.22932e-06 2.61026e-10 1.86501e-81 1.23942e-265 0.0689019 8.16523e-84 1.0375e-55 4.34829e-211 2.14381e-266
8.38171e-187 1.0487e-34 1.08573e-120 0.114771 0.301088 0.509546 0.202887 0.43604 8.16872e-222 0.145926 0.861754 2.26249e-113 6.17105e-213 2.85412e-38 0.596822 1.08131e-60 4.68577e-187 3.16864e-23 0.236764 0.312489
2.95496e-24 2.66989e-43 2.53772e-55 4.09298e-56 0.0560774 2.56957e-80 1.05921e-204 1.07086e-115 8.42023e-183 6.84841e-115 4.94831e-15 2.89316e-271 1.78694e-86 2.47204e-67 4.19475e-280 1.09865e-21 2.08079e-208 5.76428e-200 2.08591e-110 2.60666e-119
3.04031e-90 0.229329 8.01119e-70 0.00478388 1.00238e-188 2.89864e-86 3.07057e-308 6.3855e-158 4.26394e-107 1.47185e-41 0.673867 2.15881e-43 8.23714e-207 6.26336e-85 4.58071e-152 9.0151e-91 1.03493e-47 8.00077e-17 1.79264e-85 2.24344e-164
3.64709e-125 3.66483e-251 1.91117e-98 1.59674e-13 5.48756e-111 7.4673e-160 3.10922e-307 4.36106e-83 3.15342e-180 7.05821e-170 7.13086e-132 7.92339e-243 0.0659074 9.81168e-56 9.56833e-173 4.06208e-212 1.26522e-111 1.30095e-55 1.69122e-63 1.47266e-167
0.001699 1.86251e-218 3.11903e-176 1.5587e-22 6.22591e-126 9.54636e-154 5.37258e-286 6.76778e-110 2.77943e-145 0.013909 3.49382e-249 4.51464e-159 0.214744 1.52568e-97 1.86915e-177 7.44897e-166 2.02006e-187 4.7879e-139 1.19025e-71 1.51527e-130
1.55911e-55 1.0925e-219 8.88743e-133 8.41227e-128 4.15702e-109 2.5782e-100 7.2321e-154 4.3318e-55 3.04243e-133 5.34977e-97 2.7307e-110 3.32482e-184 1.51557e-172 3.58401e-102 6.54251e-123 5.71287e-200 1.23473e-77 1.69656e-45 1.24685e-201 1.4761e-199
3.26196e-107 1.02093e-206 5.53255e-131 3.38958e-71 2.57235e-135 2.15752e-198 2.66158e-243 2.16352e-185 1.07836e-204 5.26876e-49 0.490894 1.49087e-117 3.41515e-96 1.56957e-63 3.6134e-197 5.9865e-277 3.96761e-44 1.97209e-192 5.2151e-68 4.66223e-117
1.41763e-111 1.18559e-187 6.2486e-135 3.45125e-89 5.55997e-168 1.19409e-155 1.80272e-217 3.44006e-22 6.5741e-100 1.86453e-78 4.41361e-98 9.00342e-118 3.00265e-93 0.114182 4.72444e-106 2.18639e-232 8.84237e-164 5.74091e-128 1.8667e-222 1.48528e-183
2.89394e-112 6.9217e-300 1.94898e-141 3.79661e-126 2.25058e-133 2.4777e-40 1.3367e-179 8.71769e-82 0.0972699 0.0852697 1.4646e-244 3.19979e-208 2.07574e-211 1.73304e-78 2.24318e-101 4.93057e-30 3.36481e-09 7.47895e-24 2.62881e-88 2.68634e-157
1.09992e-77 6.5831e-101 1.13629e-225 3.38401e-124 5.09366e-113 5.40028e-184 1.1502e-208 2.17599e-68 1.06388e-140 3.34558e-105 1.70482e-172 2.04221e-164 5.993e-122 1.14512e-136 3.37816e-134 2.90567e-157 0.050644 4.58388e-113 9.35224e-117 8.33175e-249
4.02688e-74 1.26924e-202 1.75273e-16 1.81341e-123 4.58898e-39 2.96129e-100 8.04268e-166 1.33289e-92 1.05211e-33 1.13084e-78 0.218074 1.60843e-83 3.81912e-195 8.07849e-27 8.58219e-162 0.226869 5.25929e-141 0.180867 1.00011e-136 7.48418e-144
1.90875e-165 1.44789e-127 1.99493e-117 0.059653 0.000203272 1.24664e-159 8.54303e-124 2.95636e-179 1.48494e-143 5.9269e-183 1.03401e-220 0.000818087 4.82809e-154 2.59498e-79 7.09418e-220 2.10802e-68 2.3693e-192 5.6735e-139 8.5025e-129 2.54406e-207
1.29718e-94 7.75925e-12 2.6844e-110 1.25051e-63 9.03993e-156 4.7048e-138 1.34094e-319 7.32773e-138 1.05532e-235 1.51207e-134 1.2637e-78 1.33171e-247 0.553731 8.67684e-87 1.11345e-226 1.86865e-171 4.62204e-217 2.93176e-159 1.41414e-182 1.06582e-125
