2.72752 0.138644
5.34196e-85 3.03754e-98 2.78379e-124 1.88895e-185 4.60545e-28 6.94923e-81 1.81406e-72 1.94946e-83 6.56869e-23 8.08007e-173 3.79068e-84 8.11177e-100 2.87452e-140 0.121036 8.2759e-66 5.55923e-42 2.02697e-111 9.6169e-72 9.98131e-119 7.41503e-56
3.0632e-85 1.47359e-69 5.20077e-149 1.06879e-98 3.40271e-138 3.98262e-91 1.17265e-102 1.37527e-84 0.143413 9.08993e-158 1.08946e-133 1.7288e-117 2.01293e-100 0.0029004 0.105479 1.78252e-05 3.65049e-13 0.336321 1.71978e-101 2.22912e-17
1.62566e-10 3.75005e-105 6.03692e-100 8.65143e-24 1.72609e-94 2.91844e-69 2.00864e-09 3.7754e-79 2.49862e-16 4.6235e-116 3.23347e-93 9.49077e-45 1.94914e-94 1.04657e-94 0.0668203 2.47758e-117 2.9988e-112 1.8426e-11 8.11255e-90 1.98715e-53
0.00124698 1.74928e-101 1.96925e-225 0.261866 6.61521e-80 1.11875e-32 0.369413 2.17348e-86 2.58899e-16 1.79266e-05 8.46512e-108 5.40002e-97 0.183856 5.25565e-74 1.23367e-44 2.45052e-102 7.26165e-94 4.93774e-35 6.40588e-109 4.64114e-11
5.11063e-106 2.8135e-74 2.1283e-52 1.3238e-104 3.52434e-29 5.49903e-73 4.07336e-89 6.07795e-32 1.42364e-16 0.138223 2.9538e-39 0.547789 7.65653e-57 0.232747 1.1696e-62 6.43484e-118 0.147479 3.35326e-50 5.41334e-57 2.56642e-134
0.000809124 8.07795e-69 3.8882e-85 6.4356e-190 8.46479e-88 4.85441e-103 2.07429e-25 1.95166e-82 9.64265e-47 2.67451e-75 6.47093e-62 8.89543e-72 3.05885e-133 5.67793e-17 8.821e-39 5.4263e-58 0.0718959 2.59493e-32 1.87678e-29 1.59612e-60
1.65714e-142 5.42319e-206 3.55842e-123 2.14575e-83 5.12957e-59 2.87721e-103 0.000794292 0.166614 1.01034e-36 2.08339e-24 0.0930249 3.14536e-89 6.26446e-28 1.703e-59 2.12012e-31 0.305477 1.65782e-91 3.87822e-68 3.63766e-93 6.98168e-157
1.21474e-34 1.14929e-27 0.0295391 1.00932e-185 3.04955e-106 6.77754e-35 1.34054e-56 0.0996661 1.38043e-31 3.50933e-139 2.46671e-126 4.55807e-101 1.14925e-93 1.8613e-43 1.18873e-45 1.3507e-23 2.29665e-20 2.70618e-57 1.87187e-92 9.98457e-71
3.70876e-109 3.94863e-175 1.59933e-114 2.76862e-83 0.0945272 0.0697623 2.15879e-113 9.53761e-147 1.22134e-22 1.13746e-35 2.48663e-92 0.0399931 2.09856e-115 1.29409e-99 4.08079e-96 0.00123804 0.00159492 1.13001e-79 1.49803e-78 1.13284e-60
0.000100692 0.254862 2.04839e-05 1.28224e-189 8.56888e-148 5.03053e-110 1.25032e-106 2.59288e-134 5.46696e-65 2.57128e-153 1.81779e-126 1.15021e-129 1.79588e-149 8.8682e-86 3.26176e-152 1.5954e-119 1.49127e-107 1.81592e-95 2.08033e-109 7.43928e-145
1.20195e-58 9.12431e-32 0.00152221 1.85157e-125 3.29839e-73 2.21042e-64 1.29352e-69 3.65801e-125 6.55941e-18 4.19141e-97 3.12582e-71 4.71439e-62 2.35078e-147 0.58023 1.81586e-139 3.96022e-62 1.59185e-88 7.61909e-88 1.33507e-117 1.49627e-143
1.83688e-76 4.64905e-137 0.0476576 4.18084e-181 3.9251e-105 8.62342e-87 8.61039e-13 2.20244e-42 0.00783681 4.30188e-114 9.33622e-63 2.33066e-115 6.07496e-154 3.51824e-47 2.87994e-38 1.34948e-86 1.53668e-31 8.7259e-75 0.0552465 6.5579e-34
1.89239e-120 1.2571e-137 7.04791e-173 4.9466e-89 1.2703e-10 6.332e-45 7.47156e-64 1.05921e-77 2.63059e-10 4.3414e-08 2.67192e-61 1.39882e-81 7.1658e-128 7.8129e-22 9.81834e-84 4.19541e-30 5.42282e-61 3.96194e-42 0.12074 0.225606
3.59552e-30 2.82377e-85 3.99663e-41 5.98291e-110 2.45607e-59 7.86762e-111 8.88342e-88 1.35111e-51 6.90171e-30 6.388e-76 1.63471e-96 2.85784e-95 1.97211e-151 0.00934379 1.27643e-94 8.3554e-61 5.29285e-74 3.64209e-71 1.1256e-77 1.58609e-144
1.46951e-83 1.80007e-26 6.3578e-114 4.55331e-168 2.42036e-36 1.86117e-33 4.07917e-45 3.98685e-41 6.07749e-09 1.17979e-157 3.91277e-116 4.03316e-75 6.1196e-124 0.74159 1.43569e-97 2.40209e-32 2.16129e-42 7.99236e-86 3.7566e-120 6.87969e-132
9.2909e-21 5.23493e-19 1.89964e-87 1.3908e-70 1.3344e-134 1.99253e-11 3.86796e-11 4.01093e-91 2.23669e-52 1.33723e-21 1.57541e-111 2.51382e-11 2.24667e-152 0.222367 8.32174e-125 6.22166e-30 3.53698e-95 1.55232e-25 1.04378e-119 0.213482
