1.7003 0.209791
3.73032e-129 1.71145e-45 1.29022e-179 1.57206e-134 1.36557e-160 5.79846e-39 4.71069e-111 1.75533e-37 5.11442e-99 0.0360091 1.49259e-100 0.326934 1.69894e-35 3.17063e-91 3.82021e-144 1.35819e-111 8.58705e-99 1.72701e-91
3.42e-38 2.83047e-129 3.96851e-14 1.13404e-164 9.24869e-88 0.0947795 9.86544e-138 1.29663e-155 1.31811e-94 2.87321e-157 5.29943e-12 4.74779e-82 3.49671e-103 4.05164e-96 3.90458e-139 1.46723e-60 1.29086e-157 7.8294e-188
1.81769e-06 1.25709e-111 1.09183e-197 3.84096e-130 2.08042e-138 3.69849e-06 1.21513e-57 3.03578e-80 1.22672e-94 2.75359e-196 0.0452127 5.21622e-91 4.16917e-49 5.18805e-174 4.51186e-55 8.94825e-138 6.15674e-69 2.01958e-174
7.60924e-07 3.87946e-100 0.0625768 4.65811e-106 1.09125e-99 2.71072e-121 2.23784e-23 2.33938e-137 2.74053e-53 8.5324e-183 1.06789e-06 1.51768e-120 3.86671e-109 7.74504e-41 1.30036e-175 1.2249e-169 3.9592e-36 4.20323e-59
4.80613e-60 9.23127e-141 7.41914e-47 3.51042e-13 5.03177e-37 9.15896e-25 0.00170536 2.17232e-69 1.39067e-48 7.23505e-49 1.45736e-133 1.07115e-80 1.23262e-95 1.90298e-150 6.48638e-106 1.1445e-39 4.90727e-22 2.86675e-121
7.22131e-92 4.53903e-159 3.43659e-109 2.39285e-76 3.56817e-165 0.150877 5.88815e-36 5.7406e-46 5.10784e-45 1.45779e-78 0.129313 3.73987e-13 0.292982 6.29729e-211 2.26747e-64 0.270371 0.108055 1.7584e-169
1.7203e-13 2.06397e-62 1.72921e-107 2.28153e-128 8.79216e-50 1.13607e-26 1.63502e-86 9.63194e-175 3.53913e-54 2.87489e-168 2.35756e-20 0.140667 1.03959e-104 1.12361e-220 4.67307e-181 2.05407e-09 9.61857e-59 1.59701e-74
4.56754e-184 9.10869e-140 3.35571e-115 4.38435e-112 1.41659e-101 6.37705e-32 6.8022e-119 0.329385 0.360081 9.33125e-147 1.20225e-61 0.0603494 3.48656e-25 5.10482e-49 1.38476 0.0351048 5.38553e-134 3.24156e-23
6.42049e-97 1.57213e-129 0.0138652 2.84738e-88 0.324026 7.28804e-92 3.32138e-108 1.29924e-144 7.19724e-161 1.33262e-09 4.4792e-69 3.03442e-171 3.55415e-33 2.20425e-140 1.76804e-62 5.19237e-54 7.65195e-16 0.00452921
0.117776 1.73612e-115 0.458039 0.170064 6.68458e-174 6.53308e-19 0.199655 4.6944e-119 6.94713e-125 4.34243e-66 1.64607e-39 1.21037e-62 2.15823e-54 1.92844e-143 5.89567e-39 3.18493e-108 1.42569e-99 1.11649e-127
4.22723e-110 3.16224e-34 8.21355e-61 1.62031e-85 1.88573e-105 8.69305e-81 0.0616781 9.16712e-134 4.54637e-103 4.43127e-135 8.42426e-77 0.287365 3.15898e-139 0.373453 3.55495e-143 7.24055e-139 3.5558e-123 1.33652e-37
6.14863e-185 3.18283e-136 4.40582e-16 5.98118e-79 4.31731e-162 0.0649617 9.66877e-109 5.66887e-111 1.88824e-156 1.07016e-22 3.93926e-64 1.07112e-79 1.65972e-131 1.77685e-91 1.01654e-177 6.38123e-50 6.51688e-33 3.36896e-111
9.84157e-27 0.160372 2.37921e-153 6.51992e-75 4.7015e-55 1.09538e-102 4.45935e-06 2.80126e-09 2.44401e-38 2.8472e-139 1.01251e-140 4.87265e-15 0.353048 0.000756493 3.79805e-106 5.04096e-64 2.15735e-157 0.390256
2.97875e-37 4.02931e-52 1.03481e-200 1.55419e-08 3.03955e-97 5.11754e-05 1.55991e-114 1.66979e-112 1.19035e-64 0.124901 1.38946e-56 2.66535e-43 1.97183e-39 3.38111e-73 8.3702e-66 8.24221e-82 1.30081e-88 1.36891e-40
