1.67985 0.270534
8.49511e-39 4.77872e-214 4.51077e-95 1.00118e-224 4.08323e-151 1.63536e-321 4.83712e-282 3.90953e-154 3.16202e-322 4.29762e-256 4.33036e-110 1.46064e-119 1.43773e-321 3.77686e-16 4.00884e-218 5.41302e-41 0.36434 4.22127e-63 1.07499e-234 2.01579e-321 1.21142e-244 1.86405e-156 7.32506e-79 2.23812e-321 1.79247e-320 4.76504e-104
2.29536e-287 3.90312e-322 2.71563e-227 4.92036e-53 6.88901e-44 2.05946e-132 6.80812e-103 2.44521e-121 3.60544e-116 5.11758e-266 6.53499e-234 7.47149e-213 1.41677e-129 7.11788e-149 3.91803e-175 3.12398e-161 7.23104e-109 0.729392 1.23766e-115 1.80325e-231 7.90505e-322 9.59483e-218 0.336392 6.93298e-188 1.47468e-197 2.24634e-10
5.40463e-102 3.13198e-18 1.38689e-70 0.00253756 1.07813e-109 1.11535e-116 3.59451e-150 0.00067638 8.29013e-17 8.2171e-37 6.77962e-131 1.61775e-172 9.89739e-133 8.87328e-23 1.13669e-244 9.40135e-79 0.447614 3.91221e-98 9.78872e-163 1.36856e-321 8.54734e-322 4.4495e-311 1.49619e-05 4.78043e-262 8.02667e-253 7.16964e-56
6.15025e-38 4.76252e-142 5.75125e-16 6.74107e-24 3.97337e-112 7.5256e-173 3.82534e-59 9.33934e-48 3.19287e-186 1.20088e-282 5.95966e-92 1.61042e-242 1.82992e-296 5.34515e-31 2.12304e-257 1.35777e-63 1.88519e-107 7.17679e-97 4.37247e-39 1.59583e-321 9.98013e-322 2.88534e-321 2.88378e-126 2.03954e-128 1.57774e-314 0.161572
0.00937366 0.00143775 0.00107077 0.00918129 0.0062437 0.00534991 0.000592577 0.000850195 0.000997049 0.00609157 0.00494272 0.00549301 0.000350013 6.55528e-197 2.96439e-323 1.00503e-202 2.02953e-209 1.0658e-146 2.4009e-309 1.97626e-323 9.88131e-324 4.44659e-323 7.87411e-136 2.47033e-323 3.45846e-323 1.22245e-185
7.87111e-83 6.25537e-216 2.96439e-322 1.84724e-96 1.72717e-163 1.61559e-321 4.01582e-205 5.11008e-141 5.90903e-321 6.21121e-316 3.08672e-280 3.74999e-08 2.83467e-289 8.71024e-115 2.1146e-321 7.49126e-156 1.87673e-112 1.01277e-28 5.70657e-254 1.7984e-321 9.09081e-322 3.72684e-254 1.72979e-28 1.98219e-178 1.63726e-194 0.378767
7.02737e-88 1.94381e-10 3.72193e-93 2.14845e-12 5.9852e-38 1.63729e-17 1.91827e-135 8.89409e-152 1.41564e-139 1.67488e-321 1.05878e-143 2.02355e-54 3.89886e-122 1.99902e-110 5.2253e-297 3.82585e-82 0.213395 2.10842e-43 1.79241e-145 1.31421e-321 6.22523e-322 3.90429e-285 1.4158e-115 2.09978e-321 3.17588e-222 1.00825e-84
4.496e-321 1.22238e-166 6.47226e-322 4.11063e-321 3.37305e-215 4.6372e-152 1.04248e-321 1.35794e-47 2.17789e-259 3.40905e-321 3.27566e-321 1.07833e-196 1.63536e-321 5.7824e-105 0.923911 2.75994e-51 0.622249 1.3613e-14 5.58989e-64 0.793514 0.495773 1.34401 6.23574e-73 1.06542 1.15318 0.308072
3.15121e-96 3.95253e-322 2.16733e-225 2.6365e-71 2.20521e-223 9.13693e-93 2.39091e-129 8.21272e-87 1.68752e-246 1.6262e-288 8.99618e-55 1.74486e-156 4.72269e-230 0.23301 8.2862e-287 3.98013e-127 0.117222 9.03614e-79 1.60641e-198 1.59089e-321 7.21336e-322 1.95567e-244 1.29862e-49 7.00354e-266 5.17119e-304 1.0018e-82
3.42565e-106 4.895e-188 6.94495e-210 2.19117e-27 4.1816e-118 3.15076e-201 5.13947e-110 2.50342e-44 3.46925e-126 5.74025e-58 1.01652e-181 1.70064e-203 3.43426e-66 2.20482e-178 4.80286e-236 7.33786e-29 9.87009e-180 2.3233e-136 6.57153e-231 3.49769e-318 5.18769e-322 5.01327e-238 0.186 1.54808e-260 1.80828e-321 3.54958e-91
9.43381e-112 3.69059e-214 2.25973e-272 9.20423e-71 1.49178e-144 1.89867e-197 1.41606e-180 6.94061e-135 1.50579e-224 1.27037e-251 3.22682e-236 6.17176e-294 8.67178e-80 1.28058e-182 5.72258e-278 6.31535e-174 0.288735 5.13471e-67 1.54246e-170 1.17588e-321 7.5098e-322 6.91765e-280 2.68111e-29 6.53935e-312 5.42226e-170 1.36753e-148
5.00205e-219 2.20336e-318 1.19831e-181 4.37853e-66 1.14174e-122 2.10854e-197 3.05108e-219 6.88862e-152 3.45226e-123 1.3329e-91 8.51158e-17 1.46668e-319 1.2037e-199 3.88024e-83 1.94168e-321 2.32376e-150 9.7255e-08 4.11584e-66 0.155865 1.11165e-321 6.22523e-322 1.83699e-228 0.181574 1.89227e-321 5.48444e-109 4.56004e-86
9.19256e-06 1.79938e-17 4.3085e-57 5.02289e-08 0.114704 2.74089e-38 0.0224383 6.8649e-19 8.35811e-33 5.20395e-41 6.51386e-17 5.92975e-28 0.0432008 1.0572e-174 2.81617e-322 4.21866e-175 7.67485e-186 7.51598e-123 1.79341e-261 1.87745e-322 1.08694e-322 3.85371e-322 2.24078e-130 2.96439e-322 4.05134e-322 1.09576e-182
1.07818e-25 7.25253e-06 9.90224e-182 1.25594e-198 7.6097e-16 4.82963e-162 2.5404e-186 5.53074e-12 9.46285e-201 1.02905e-220 3.21387e-75 2.45529e-181 1.41089e-111 1.63066e-116 1.37446e-187 2.45531e-05 7.685e-82 1.30002e-76 9.10545e-94 1.3488e-321 7.31217e-322 3.16272e-281 0.413423 1.70453e-321 2.3576e-188 6.45963e-184
2.95361e-182 4.22344e-285 2.84674e-262 1.13198e-63 1.5679e-60 6.32944e-220 7.163e-226 1.13357e-40 9.60902e-295 7.23785e-165 0.200625 2.43851e-56 1.67081e-105 2.90506e-135 1.12284e-204 0.352491 3.30033e-85 5.43986e-70 3.15258e-59 1.12153e-321 7.70742e-322 3.33022e-303 0.358046 1.70453e-321 1.93674e-321 6.59668e-157
