2.64325e-321 2.32211e-321 7.46039e-322 3.23701e-65 0.227053 1.88505e-174 1.13309e-196 9.63428e-322 1.50915e-213 4.81737e-309 6.27163e-255 1.68285e-260 1.78686e-210 9.43665e-322 1.07706e-321 1.00324e-72 2.41104e-321 1.04466e-265 4.2045e-321 9.58487e-322 8.79931e-321 2.46736e-320 9.68369e-322 6.1363e-321 4.44165e-321 2.38634e-321
1.52109e-85 2.60511e-133 6.90514e-20 8.60191e-91 8.72176e-43 7.49167e-180 6.40271e-200 4.42526e-130 1.00868e-91 2.2023e-57 5.19085e-133 6.23691e-70 1.10762e-28 3.7549e-322 3.31024e-322 5.43527e-271 9.33784e-322 7.80624e-321 1.09683e-321 4.00193e-322 3.22625e-321 8.75978e-321 3.80431e-322 2.5395e-321 1.49208e-321 9.18962e-322
0.0137984 0.0103887 5.41735e-12 1.33671e-06 3.49699e-06 0.00542308 0.00508325 6.83258e-08 0.000964031 0.0107564 0.00398156 0.0142102 0.0108521 9.88131e-324 1.4822e-323 4.44659e-323 4.44659e-323 3.06321e-322 4.94066e-323 1.4822e-323 1.18576e-322 4.05134e-322 9.88131e-324 8.89318e-323 6.42285e-323 2.96439e-323
4.60963e-321 2.14424e-321 1.66737e-245 1.05988e-303 1.56489e-289 1.75887e-321 1.39565e-259 5.5571e-110 1.07346e-08 3.88169e-301 3.46559e-188 3.19673e-266 5.21895e-185 1.07706e-321 1.25493e-321 0.391699 3.74996e-321 8.83475e-135 3.71043e-321 1.2154e-321 1.17933e-320 1.26818e-220 1.30433e-321 7.8013e-321 6.83787e-321 2.90511e-321
1.77604e-283 3.8767e-86 6.81811e-322 3.40905e-321 1.098e-160 1.84781e-321 1.21046e-321 7.63408e-159 3.1271e-108 4.17485e-321 1.3488e-321 3.18952e-86 3.27566e-321 1.49208e-321 1.28951e-321 3.93276e-321 3.79442e-321 1.01885 5.3425e-256 2.01579e-321 1.84781e-320 8.94775e-217 1.95156e-321 1.29692e-320 5.77069e-321 4.43177e-321
7.88035e-321 2.25294e-321 5.68175e-322 4.14521e-321 1.5316e-321 1.41797e-321 1.34386e-321 4.23052e-129 5.64469e-273 9.0661e-321 1.00295e-321 5.26674e-321 5.29144e-321 3.7796e-321 4.03652e-321 2.38949e-205 1.19514e-320 1.11651e-49 3.20992e-286 3.37941e-321 5.05726e-320 2.26697e-83 5.34085e-321 2.76924e-320 3.31116e-144 2.72625e-320
1.44134e-218 3.90436e-86 1.52172e-321 4.50588e-321 2.12448e-321 2.42586e-321 1.60571e-321 9.83191e-322 3.50787e-322 2.08496e-321 1.24999e-321 6.89733e-15 6.40002e-206 3.96241e-321 2.08984 1.75377e-129 6.88233e-321 0.235882 1.86534e-272 3.36459e-321 4.26527e-320 5.54149e-122 3.61162e-321 2.26974e-320 1.14722e-320 1.98071e-320
4.34778e-321 3.12269e-265 4.99006e-322 4.32802e-321 4.19956e-321 1.15464e-50 1.37844e-321 1.06718e-321 4.496e-322 5.17287e-321 3.09695e-58 7.56909e-321 8.46829e-321 6.31416e-321 3.07309e-321 2.42954e-253 2.08002e-320 3.04066e-280 3.35069 9.45148e-321 2.89819e-320 8.03346e-218 7.6926e-321 2.63782e-320 1.91203e-320 1.71787e-320
3.16696e-321 2.59879e-321 3.0899e-30 3.50293e-321 1.665e-321 1.665e-321 1.09683e-321 1.12647e-321 9.9785e-33 2.48515e-321 1.36856e-321 1.44355e-315 4.01366e-305 1.60077e-321 2.58396e-321 0.0849585 3.56221e-321 1.2794 9.52064e-321 1.55137e-321 1.50789e-320 3.38386e-320 2.03555e-321 1.28803e-320 7.00091e-321 3.913e-321
2.76183e-321 4.72821e-321 7.85564e-322 4.22362e-261 2.10355e-165 1.38832e-321 2.15907e-321 1.70453e-321 5.58294e-322 4.10569e-321 1.09189e-321 6.02266e-321 6.54143e-321 6.59084e-321 4.12051e-321 0.152226 8.26078e-321 7.87392e-320 1.0321e-320 6.85269e-321 2.93327e-320 3.08566e-308 1.05582e-320 3.43524e-320 1.70453e-320 1.64425e-320
2.74206e-321 5.43055e-164 3.51458e-48 6.69843e-112 4.63664e-133 2.05881e-126 1.17892e-263 6.242e-17 9.46843e-195 3.63545e-73 1.95802e-88 2.58077e-166 4.17301e-129 1.07706e-321 1.01778e-321 5.05133e-320 2.70254e-321 3.15007e-241 3.68079e-321 1.20058e-321 9.50582e-321 4.50193e-320 1.07706e-321 7.71236e-321 4.57011e-321 2.84088e-321
6.30341e-18 0.000138713 0.00945864 0.0351917 1.26869e-15 1.25071e-09 2.732e-05 0.0147952 0.000762892 1.4386e-25 5.58641e-05 8.90429e-12 3.9174e-11 4.94066e-323 4.94066e-323 1.43279e-322 1.28457e-322 1.04742e-321 1.63042e-322 6.42285e-323 4.69362e-322 1.30927e-321 4.94066e-323 3.50787e-322 2.2727e-322 1.5316e-322
5.36555e-321 3.89324e-321 4.74303e-322 4.14521e-321 9.80825e-300 1.31916e-321 1.58101e-321 5.66903e-100 5.18769e-322 2.49009e-321 1.48455e-83 4.76773e-321 3.44858e-321 2.19365e-321 4.67386e-321 0.00472076 9.65404e-321 8.18918e-36 4.17501e-113 2.69266e-321 1.98861e-320 5.66002e-320 2.77171e-321 1.39327e-320 8.35959e-321 7.88529e-321
3.54245e-321 1.00098e-320 7.16395e-322 3.32012e-321 5.76081e-321 2.84582e-321 1.12647e-321 2.46539e-321 3.85371e-322 4.76635e-261 7.09222e-151 4.75785e-321 7.56415e-321 5.41035 8.47323e-321 3.19181e-141 6.41403 18.9332 2.31908 7.15181 26.1972 44.9713 5.28602 39.1302 14.4718 13.6484
3.64126e-321 1.63815e-137 5.53354e-322 1.84142e-157 2.33135e-144 1.48714e-321 2.05658e-176 2.12849e-318 4.00193e-322 1.9187e-108 1.30433e-321 5.30847e-300 3.97796e-73 1.09189e-321 1.10177e-321 0.098816 2.6729e-321 8.02064e-41 6.52661e-321 1.45749e-321 1.04445e-320 2.74948e-320 1.18576e-321 7.88529e-321 5.50883e-321 3.02368e-321
