2.36657e-321 5.50883e-321 2.23022e-39 9.27329e-195 0.0108232 2.2727e-321 1.97221e-125 1.48255e-185 2.89028e-321 5.24698e-321 1.38358e-07 1.54786e-264 1.62054e-321 6.6028e-258 2.63831e-321 2.70271e-24 2.94463e-321 7.34584e-46 8.32272e-310 0.105403 1.08614e-251
9.33868e-227 1.32862e-68 4.47361e-254 1.39641e-161 1.67561e-193 1.72495e-246 3.67748e-171 2.46539e-321 1.85769e-321 4.35272e-321 0.142347 1.42786e-133 1.13635e-321 1.94168e-321 3.84877e-321 2.53456e-321 2.90511e-321 5.19907e-152 7.68754e-12 1.16105e-321 1.40858e-319
2.25788e-321 4.39718e-321 6.23498e-51 7.90505e-322 4.44659e-323 1.90215e-321 5.49401e-321 1.47726e-321 2.1393e-321 3.86359e-321 2.73763e-202 4.7058e-91 1.73206e-211 5.42298e-136 2.18871e-321 0.691165 2.24306e-321 0.499028 0.22388 0.227863 7.85189e-99
2.2233e-321 1.06908e-86 6.3923e-28 1.00295e-321 1.695e-244 1.28262e-263 1.95031e-217 1.59089e-321 1.65018e-321 3.91865e-255 8.51547e-250 5.59358e-241 1.21147e-272 1.94172e-274 3.39917e-321 4.20518e-242 2.8804e-321 0.389466 5.31543e-212 1.4809e-150 0.414906
3.24359e-78 2.63107e-283 7.99443e-319 1.46243e-321 1.7894e-113 2.14919e-321 8.79437e-321 1.01734 1.48549 1.67719 0.757389 4.84641e-167 2.42092e-321 1.01303e-68 1.96243 2.03152e-301 1.34596 6.29142e-116 4.74719e-305 5.07244e-213 1.12313e-69
3.55682e-270 1.10281e-60 1.02445e-48 7.86617e-36 1.23823e-278 1.80433e-34 6.66959e-297 2.02073e-321 1.81322e-321 3.30036e-321 0.274262 2.54946e-247 4.79523e-184 5.95338e-152 1.72923e-321 1.39424e-120 2.41104e-321 0.105288 1.02778e-56 8.89318e-322 1.00348e-62
8.30132e-20 0.237656 2.47524e-56 2.3906e-65 7.01896e-80 7.88809e-35 1.73809e-26 2.47033e-322 3.7549e-322 6.86751e-322 8.39912e-322 1.65277e-301 2.61855e-322 4.69362e-322 4.29837e-322 5.87938e-322 4.24896e-322 1.03754e-321 5.58294e-322 2.32211e-322 4.79244e-322
2.72724e-321 3.00392e-321 1.1179e-83 7.33432e-83 2.12465e-181 2.20847e-321 2.47954e-99 2.08207e-111 1.62425e-05 1.14037e-14 1.40195e-60 9.70576e-92 0.722814 7.17355e-201 8.4584e-321 7.71133e-254 0.221296 8.31512e-321 6.48986e-222 2.46539e-321 3.07309e-321
3.06756e-61 3.682e-71 1.10287e-88 5.32766e-120 6.59432e-301 3.27779e-63 3.32022e-155 2.18377e-321 1.58101e-321 3.24107e-321 1.36117e-296 2.38331e-170 4.07644e-92 9.30415e-44 2.2233e-321 3.41617e-63 2.20353e-321 3.9377e-321 0.410322 9.88131e-322 1.8902e-212
0.018334 7.46147e-06 0.000705254 0.0107003 3.37495e-07 0.0131085 0.0524527 3.95253e-323 5.92879e-323 1.03754e-322 1.13635e-322 3.98431e-295 3.95253e-323 6.42285e-323 6.42285e-323 9.38725e-323 6.91692e-323 1.38338e-322 9.38725e-323 3.45846e-323 6.91692e-323
1.40591e-79 3.69067e-321 6.07987e-294 1.09683e-321 7.60681e-79 3.1934e-35 5.98808e-321 1.74899e-321 4.30331e-321 3.09494e-265 3.39793e-86 8.04903e-128 3.09881e-225 0.477105 3.10273e-321 2.78653e-321 2.96933e-321 2.5153e-130 4.64739e-249 1.10671e-321 3.36616e-155
1.65058e-276 1.49094e-79 1.23538e-145 6.96342e-205 4.77937e-134 2.65614e-35 2.16026e-300 8.94259e-322 1.44267e-321 3.05333e-321 2.28205e-93 2.20009 9.98013e-322 1.93347e-111 1.85769e-321 1.75249e-141 1.85769e-321 9.13433e-102 2.6863e-259 2.60474e-187 2.03516e-280
