1.40307e-50 1.2918e-16 5.14804e-69 1.14417e-16 3.03035e-15 1.0478e-72 2.33217e-52 4.47233e-53 4.91229e-63 9.92144e-55 0.140108 4.43569e-83 5.03947e-322 3.0138e-322 3.85934e-306 6.27463e-322 8.09869e-313 3.3881e-270 1.30927e-321 3.10404e-242 2.95722e-282 8.79437e-322 2.747e-321 1.29939e-320
1.45591e-26 9.89256e-12 1.82804e-322 9.02645e-91 6.06645e-272 3.3691e-258 7.93841e-196 3.07029e-69 1.75459e-106 8.878e-256 4.4447e-39 4.44659e-323 9.71709e-186 1.42291e-321 4.90079e-10 0.0419057 1.12837e-301 2.47688e-110 6.97127e-321 3.06562e-103 9.3514e-117 7.53577e-123 6.76067e-220 2.17178e-276
1.57052e-284 2.60809e-229 1.82804e-322 2.26374e-227 8.89318e-323 8.43645e-270 5.00038e-105 6.94608e-215 2.47033e-321 1.35868e-321 2.57544e-309 2.67486e-124 2.19859e-321 4.28633e-291 3.02871e-284 0.31883 2.57117e-35 4.49547e-41 8.38429e-321 5.13407e-155 1.49402e-214 1.59473e-161 1.05631e-320 9.79676e-204
5.66389e-188 1.62923e-67 3.86832e-224 4.14304e-19 6.16414e-124 2.55817e-59 4.35122e-128 7.38821e-98 5.54005e-309 1.74806e-148 1.41474e-291 3.95253e-323 2.07014e-321 1.89056e-93 4.83183e-38 2.52468e-321 6.5797e-99 2.17431e-219 5.65733e-204 0.289039 5.54809e-231 3.23613e-321 1.23418e-320 2.87789e-117
3.48443e-271 8.56294e-11 2.86558e-322 5.55679e-171 8.39912e-323 8.5119e-185 5.55195e-243 7.35399e-253 1.02886e-32 1.07212e-321 3.45149e-135 4.94066e-323 1.8231e-321 1.05635e-252 2.89877e-113 2.4446e-258 0.161997 2.06423e-64 4.16991e-321 2.93766e-263 9.38599e-290 2.51973e-321 9.07791e-178 8.3362e-261
2.45158e-88 2.86193e-18 1.00043e-238 2.47612e-230 1.71052e-94 3.34482e-321 1.29905e-133 4.46938e-285 1.33954e-124 3.10843e-157 5.98469e-07 5.03395e-164 4.42683e-321 3.33e-321 1.31471e-320 1.04494e-217 1.02261e-218 5.3298e-178 1.09584e-320 2.66897e-23 5.76909e-88 6.06219e-321 4.65657e-320 1.07138e-319
2.84821e-224 1.06843e-167 1.91804e-109 8.54734e-322 7.90505e-323 5.41496e-321 1.10177e-321 1.12249e-83 2.61855e-321 9.68369e-322 2.60867e-320 3.74214e-317 4.77267e-321 1.29462e-175 2.33713e-184 2.93647e-138 4.26873e-321 0.756449 2.80359 1.01018e-11 3.68412e-51 3.03518e-40 3.69526 15.6295
8.4248e-301 2.88869e-150 8.4707e-259 4.20076e-105 1.56781e-25 3.17684e-321 6.42097e-233 2.8314e-139 4.06616e-321 3.07819e-274 2.5521e-215 1.72177e-305 8.24594e-222 1.19905e-125 0.0264006 4.55482e-77 3.64418e-290 1.1859e-107 5.6027e-321 5.73378e-51 6.05318e-151 4.91084e-260 2.97804e-43 4.54688e-68
3.64248e-06 4.69362e-322 3.11261e-322 1.18717e-179 1.03754e-322 5.23216e-321 1.12153e-321 3.56715e-321 5.69059e-302 1.90709e-321 5.55422e-288 5.92879e-323 1.43984 1.44564e-320 1.09828e-303 6.15196e-303 1.55489e-305 1.90851e-104 1.4066e-320 2.86906e-74 1.53906e-152 1.43949 7.67232e-234 2.59176e-169
1.24505e-321 1.37578e-159 3.1585e-89 2.3034e-267 7.41098e-323 3.08297e-321 7.51546e-16 4.0393e-185 3.60174e-321 1.06718e-321 3.17556e-24 2.77247e-84 2.19365e-321 1.43279e-321 1.78549e-218 0.203715 0.311982 6.78502e-05 3.05365e-173 8.31351e-241 3.14525 1.06569e-38 1.94101e-118 9.75542e-172
8.34631e-212 1.65988e-07 5.03782e-290 2.52969e-17 7.41098e-323 8.21777e-213 4.90139e-75 0.000150906 2.85315e-173 2.58751e-309 5.10579e-132 3.18517e-42 2.51973e-321 8.79437e-322 9.25698e-132 1.59583e-321 1.24438e-225 1.68051e-184 2.66742e-305 0.122676 8.18395e-197 2.14919e-321 1.26016e-168 9.90573e-312
1.86443e-11 5.0332e-22 1.02777e-41 1.94896e-19 1.84485e-24 9.95495e-27 1.65881e-11 3.24252e-43 1.4495e-59 1.9692e-12 0.13448 6.16677e-08 1.13635e-322 7.41098e-323 3.40905e-322 1.43279e-322 1.63042e-322 1.94798e-270 3.06321e-322 1.30163e-256 7.93258e-283 1.82804e-322 5.92879e-322 3.19166e-321
0.00983458 1.79408e-14 0.00054972 8.87908e-10 5.80484e-17 1.87242e-15 5.84466e-10 1.67653e-14 4.66758e-14 3.98434e-10 0.0302739 3.92437e-23 6.42285e-323 3.95253e-323 1.92686e-322 8.39912e-323 9.88131e-323 2.64523e-297 1.82804e-322 1.11669e-254 2.45708e-295 1.08694e-322 3.50787e-322 1.93674e-321
2.24585e-33 3.25374e-122 1.95309e-161 3.74706e-13 1.39874e-33 3.5314e-89 1.74981e-136 1.75238e-191 1.80234e-129 4.19307e-44 4.2006e-102 4.91835e-228 1.5316e-321 7.36158e-322 1.52357e-273 1.42291e-321 2.43145e-257 3.00174e-190 3.86359e-321 1.31126e-182 2.08497e-186 2.16895e-321 6.87245e-321 1.58361e-306
2.10917e-90 4.15464e-141 6.93661e-38 2.48971e-85 7.90505e-323 3.61656e-321 9.23903e-322 8.31621e-227 4.01675e-321 9.88131e-322 8.69403e-115 4.94066e-323 2.58227e-280 0.000999077 1.17482 9.25153e-137 0.139932 1.23079e-211 9.44654e-321 1.62101e-49 2.06814e-283 8.43212e-84 1.75292e-48 9.13984e-259
9.12174e-05 0.000202839 6.41822e-05 0.000367268 4.77082e-05 0.00176812 0.000399335 0.00127369 0.00194503 0.00063876 0.00312663 2.39782e-05 4.94066e-324 4.94066e-324 9.88131e-324 4.94066e-324 4.94066e-324 1.1592e-300 0 1.47089e-273 2.72897e-299 4.94066e-324 2.47033e-323 1.13635e-322
6.55771e-257 4.19421e-166 1.17522e-299 8.49793e-322 8.39912e-323 3.12249e-321 6.67204e-71 8.57388e-306 1.41358e-264 1.49208e-321 2.61941e-243 4.44659e-323 2.25788e-321 0.301427 5.16279e-168 3.77801e-78 4.16237e-164 2.60916e-241 6.48877e-188 1.3139e-192 1.1888e-271 3.10767e-321 1.06006e-207 1.91445e-202
