8.33036 0.416102
6.2953e-247 1.66981e-182 1.23308e-87 1.76261e-31 3.58088e-251 4.51825e-209 2.03925e-63 4.67603e-155 3.27349e-124 2.85237e-249 3.27681e-172 5.30257e-296 1.1907e-321 4.06122e-321 3.66365e-137 1.8496e-212 3.26921e-147 2.77171e-321 1.63876e-45 0.145762 2.49997e-321 1.08694e-321 1.93674e-321 1.32805e-320
2.3125e-25 6.65986e-87 2.60867e-321 4.66267e-37 1.8231e-321 4.63895e-216 3.5529e-67 1.97799e-126 2.14242e-56 4.72886e-12 1.36514e-08 4.09982e-119 1.53654e-321 4.26379e-321 0.372738 1.52999e-127 7.08543e-224 3.21143e-321 1.30498e-13 1.34433e-169 8.95458e-272 1.04248e-321 1.13141e-321 1.30631e-320
1.22528e-321 1.00697e-73 4.64916e-321 7.14419e-321 1.81816e-321 4.50106e-137 6.19682e-217 1.90319e-319 1.07044e-76 2.68636e-45 4.63113e-180 4.75785e-321 2.25294e-321 4.8852e-279 8.48876e-166 4.29735e-272 1.68487e-46 5.76081e-321 8.08269e-255 1.58519 1.13891e-34 0.580001 2.07621e-194 0.296045
2.07119e-173 4.82419e-181 4.56387e-53 5.29884e-178 2.0899e-321 5.47115e-271 1.35988e-138 1.09066e-189 7.32254e-66 3.79201e-252 2.00054e-151 3.14725e-99 1.8231e-321 3.58782e-310 3.50987e-268 1.2065e-160 5.93775e-46 3.02862e-321 4.16423e-99 0.0764452 3.07803e-321 5.26372e-299 8.21786e-252 3.75572e-61
2.60038e-26 0.21291 6.38844e-07 1.847e-05 2.51799e-25 5.17559e-23 4.86901e-14 0.0392826 1.29661e-16 5.43699e-09 4.35932e-22 0.0362169 4.79244e-322 1.26975e-321 6.34804e-243 5.49744e-259 1.47982e-272 9.58487e-322 1.08931e-258 1.90215e-321 9.28843e-322 4.10074e-322 4.34778e-322 6.57601e-321
9.2775e-67 6.34442e-74 2.08224e-17 5.99375e-167 3.37344e-91 1.56687e-41 1.11109e-06 8.55128e-269 5.24917e-122 6.63586e-141 8.24315e-110 2.74462e-22 1.56125e-321 4.01675e-321 0.602808 1.19956e-71 6.49492e-280 2.71242e-321 9.41152e-142 1.36434e-314 2.18377e-321 9.09081e-322 1.18082e-321 6.91844e-168
1.22528e-321 2.02895e-211 4.74843e-314 5.74558e-79 2.70369e-16 1.64144e-182 1.15719e-78 1.42057e-47 2.31492e-179 3.81503e-123 1.18174e-100 7.27064e-96 1.42291e-321 3.33e-321 1.13382 1.0815e-225 1.71447e-34 3.90806e-321 9.23595e-56 4.69689e-150 2.96729e-189 1.0573e-321 2.05037e-321 2.14405e-163
1.49208e-321 5.50389e-321 2.97252e-121 3.02124e-295 2.01579e-321 7.29735e-321 1.06471e-320 1.94469e-185 1.50196e-321 5.43472e-322 4.82222e-84 6.36357e-321 1.20265 2.3651 0.118917 1.72128e-92 0.252524 3.0868 2.39123e-114 1.07345e-294 1.8684 3.43376e-321 0.937448 6.38024
7.98388e-137 5.61198e-156 4.30332e-131 4.75254e-131 1.26543e-177 2.39655e-180 4.72014e-205 3.36081e-283 2.69708e-42 4.81181e-30 4.39904e-57 2.14402e-162 1.55137e-321 7.6793e-314 0.740126 0.148004 7.10765e-40 2.92981e-321 2.43085e-124 6.03718e-125 9.37335e-301 5.16217e-304 1.16105e-321 5.55265e-257
3.88882e-112 2.5397e-104 1.00952e-51 2.89882e-61 2.86017e-133 3.90583e-38 2.39347e-124 8.44892e-231 1.51352e-77 3.76536e-54 1.03884e-39 1.99451e-195 8.39912e-322 2.47527e-321 0.512952 7.33136e-184 4.64239e-231 2.05531e-321 1.23218e-168 6.79507e-237 1.73911e-321 8.84378e-322 8.69556e-322 2.17453e-316
2.96121e-196 7.44986e-189 1.53885e-99 2.13959e-17 1.41189e-64 0.00186881 5.83287e-194 4.26665e-176 3.93051e-93 1.31263e-274 1.03245e-118 1.32999e-292 1.33398e-321 1.90107e-290 0.519064 1.95954e-73 1.45924e-214 3.62644e-321 0.32829 5.23391e-27 9.41226e-314 1.19564e-321 1.26019e-256 1.35473e-320
8.69829e-17 0.00114872 5.52141e-07 8.26914e-12 2.73442e-22 0.000199102 1.30916e-05 0.37126 1.37522e-07 1.7496e-14 0.00611555 8.68668e-12 7.90505e-323 1.97626e-322 5.09414e-270 4.14542e-270 9.82172e-282 1.58101e-322 1.37675e-250 2.96439e-322 1.43279e-322 6.91692e-323 6.42285e-323 8.74496e-322
1.1907e-321 3.93934e-102 1.7756e-05 2.18271e-60 2.14854e-271 1.07159e-244 5.54457e-114 2.48826e-319 1.61018e-285 5.4444e-277 5.03453e-321 4.33296e-321 2.26282e-321 5.19664e-311 2.8943e-131 0.000110864 0.502698 8.03351e-321 2.11302e-168 8.1175e-321 6.09183e-321 4.74187e-96 1.78202e-234 1.2161e-196
0.000358132 0.000120708 0.00141558 0.000523337 3.1514e-05 0.000497669 0.000900647 0.0944116 0.000410627 0.000185124 0.00118677 0.000527378 0 0 5.65366e-274 1.81851e-276 3.57744e-290 0 7.30963e-262 1.97626e-323 0 0 0 4.44659e-323
1.33398e-321 2.13598e-247 2.76034e-264 1.98782e-40 2.32705e-321 8.89292e-195 3.17234e-220 2.15179e-239 1.47114e-237 3.052e-171 3.32985e-123 1.49336e-148 9.71763e-283 4.08525e-282 1.94931e-23 2.35563e-82 2.96502e-117 4.48612e-321 0.587942 1.58558e-173 1.36652e-204 1.68476e-321 1.98047e-213 6.41872e-294
0.00255683 1.72017e-05 0.000540488 0.0199079 0.00730081 0.00866694 0.0160467 0.000654729 0.00128146 0.000213892 0.00128705 0.00884718 2.47033e-323 5.92879e-323 3.2648e-272 5.39342e-275 2.16723e-287 3.95253e-323 9.44916e-260 8.89318e-323 3.45846e-323 1.97626e-323 1.97626e-323 2.17389e-322
1.06626e-39 2.39814e-28 1.57968e-53 1.6938e-18 2.11666e-24 0.106822 3.47904e-52 6.02427e-11 3.71717e-66 2.36505e-51 3.38515e-56 3.0932e-28 1.60127e-307 2.04395e-320 5.28109e-268 4.33655e-248 4.21537e-283 1.56125e-320 1.84303e-223 1.01465e-317 7.61837e-302 6.64024e-321 6.96138e-321 1.11916e-319
