2.91767e-216 9.5303e-97 2.69286e-16 3.04401e-05 2.61748e-10 5.61468e-67 2.96028e-99 2.9468e-176 7.34193e-204 4.37525e-40 1.7312e-184 3.77035e-07 1.03996e-166 1.39763e-115 6.14267e-179 9.1006e-149 1.28255e-119 4.69628e-151 6.83976e-175 1.16135e-161 9.87152e-209 6.8985e-226 6.38798e-110 0.381034
8.06544e-259 8.32667e-135 8.83112e-96 1.90802e-17 7.90226e-218 2.72342e-87 2.35294e-160 6.56222e-195 1.22372e-83 0.00239325 6.15733e-92 3.58451e-175 1.43933e-119 0.316787 1.15306e-81 1.68695e-315 5.41608e-143 1.0272e-54 4.9296e-178 9.71935e-214 7.61568e-173 8.10268e-322 7.1163e-125 2.90354e-37
0.0100329 0.000307294 0.00421784 0.00776732 0.00310394 0.00557095 0.000319568 0.00131828 0.00213754 0.000595576 0.00251091 0.0130126 4.94066e-323 2.42463e-170 5.60671e-262 2.96439e-323 1.86753e-176 4.8003e-279 1.0781e-288 1.56125e-321 1.46591e-296 9.88131e-324 8.82457e-242 6.94209e-200
3.54739e-321 1.15117e-321 8.90842e-79 8.88728e-30 4.50275e-158 6.6047e-184 1.25437e-145 1.76356e-281 2.1893e-169 6.54049e-94 4.88174e-37 7.22813e-172 4.3626e-321 6.01894e-34 0.717975 7.86776e-31 3.51306e-118 1.52228e-244 1.72283e-191 3.43903e-238 0.346679 1.10177e-321 2.95614e-188 5.21075e-191
1.53417e-64 9.89984e-234 3.75526e-12 3.15514e-196 3.67798e-202 4.17102e-156 2.6378e-180 1.74412e-208 1.56849e-82 2.2097e-218 1.87069e-152 1.49101e-157 3.09285e-321 2.27173e-25 0.150974 2.96107e-124 6.5968e-171 8.39566e-182 1.31877e-63 7.33364e-178 7.43399e-278 9.68369e-322 8.99452e-90 2.75574e-36
1.29066e-161 1.30433e-321 1.83792e-321 2.52863e-320 4.00623e-41 2.07014e-321 1.99329e-109 5.73116e-322 9.00079e-125 2.22824e-321 1.02272e-321 4.10725e-294 1.07243 5.9231e-79 3.33465e-75 0.261307 6.24619e-96 3.63799e-86 1.86368e-09 25.0847 0.480145 0.113578 1.22536e-117 5.28276
3.76196e-57 1.77187e-125 1.21202e-157 6.34824e-126 5.55024e-78 3.09832e-16 2.70651e-45 5.76181e-226 5.88854e-143 7.80621e-41 1.17269e-176 3.99997e-63 3.90503e-228 5.98275e-168 2.3996e-144 1.35374e-321 1.97724e-81 6.63958e-153 6.69038e-129 3.96315e-271 3.63938e-203 2.98593e-299 1.92447e-154 0.0962141
2.00026e-232 6.54876e-57 2.73278e-20 2.30106e-195 3.08105e-34 1.06516e-117 2.66454e-41 3.06708e-159 1.82478e-33 2.88722e-191 2.24392e-128 0.000739212 2.10778e-254 5.24667e-84 0.26346 2.13436e-321 2.41123e-10 7.50191e-196 0.558275 2.18488e-245 1.87539e-168 1.85808e-197 3.64418e-166 1.09466e-26
1.7475e-129 4.00188e-171 6.84374e-247 2.10135e-30 1.62872e-195 2.49792e-217 2.08033e-28 5.18637e-143 4.27499e-219 3.26775e-61 2.91596e-86 1.63737e-54 3.40905e-321 5.09274e-79 3.59581e-32 1.85073e-274 3.16375e-146 1.3571e-19 0.137075 5.07691e-303 8.13109e-135 1.08694e-321 1.87007e-220 3.83407e-30
7.16932e-94 3.74194e-123 1.56092e-210 2.32148e-66 5.45074e-123 1.73416e-168 5.38681e-179 5.71532e-227 3.00322e-29 1.77656e-55 3.83316e-245 2.28693e-35 3.3976e-157 3.22017e-116 1.11269e-244 4.85131e-143 2.06589e-145 1.5202e-78 5.43742e-178 1.68452e-170 1.05193e-230 7.36158e-322 2.61716e-167 0.257107
2.8128e-15 3.45004e-19 2.15426e-05 0.197038 1.19756e-09 0.00120179 1.86973e-13 3.28022e-07 2.26763e-19 1.33758e-16 6.37364e-27 7.97407e-12 2.02567e-322 1.89626e-171 1.42304e-238 1.18576e-322 1.16652e-159 2.6886e-261 1.55473e-274 5.30132e-321 1.08509e-286 4.94066e-323 4.31809e-240 2.36167e-187
3.0025e-05 0.0294922 3.38984e-13 4.96295e-29 3.29937e-30 4.232e-28 0.0712699 1.57584e-10 4.26142e-08 4.29031e-21 2.88717e-23 7.29775e-12 4.29837e-322 5.97136e-162 1.00722e-252 2.37152e-322 1.58938e-153 1.07098e-277 4.52235e-260 1.09139e-320 1.66388e-296 1.03754e-322 2.55277e-236 4.07026e-187
4.56528e-296 9.11186e-77 2.37523e-185 2.51428e-139 3.35623e-197 6.64767e-312 8.53492e-112 3.95253e-322 1.01377e-135 5.56207e-92 2.3915e-237 9.76628e-124 8.49132e-241 1.30774 5.62377e-118 4.10809e-283 7.85155e-60 0.457239 8.52058e-27 0.695506 5.9814e-99 9.43665e-322 2.87666e-185 8.19592e-18
6.59863e-259 3.20658e-225 1.28775e-158 2.05062e-167 6.6997e-119 8.3757e-60 5.79148e-101 1.26301e-279 8.35663e-208 0.000364808 6.85889e-17 8.35053e-95 4.18624e-284 1.07382e-160 7.25993e-144 2.91117e-264 0.284174 7.44125e-188 9.62862e-240 2.44609e-62 3.84629e-124 3.05567e-212 3.68526e-226 0.18244
3.49299e-82 3.9114e-53 1.46038e-296 3.29542e-320 1.55893e-84 2.24306e-321 1.52271e-151 2.89299e-47 1.18132e-208 3.65609e-322 1.20552e-321 6.64282e-05 7.49743e-163 1.96329e-13 4.37523e-33 1.42963e-274 5.6036e-71 5.48669e-221 6.44458e-24 8.75834e-292 6.30954e-217 0.292406 0.536652 9.3951e-71
2.90937e-51 2.1123e-216 4.45017e-53 2.3251e-76 7.09479e-47 2.09889e-13 8.15804e-126 1.63094e-202 3.78572e-265 3.21749e-123 2.24949e-159 5.49202e-69 8.42993e-213 2.77251e-119 6.27995e-180 2.30235e-321 2.715e-38 5.62996e-191 2.98986e-140 0.458142 9.56745e-235 4.27978e-99 6.77812e-186 6.72265e-165
9.91809e-26 9.26629e-235 2.5705e-242 4.67127e-273 2.34207e-49 1.96144e-321 9.56803e-170 6.16964e-263 2.21314e-145 2.32849e-30 6.87201e-222 1.22576e-184 4.94335e-273 3.19766e-23 7.15073e-185 0.278988 2.63611e-141 1.28111e-51 5.17255e-238 2.83144e-142 1.66401e-97 9.23903e-322 9.63532e-239 3.70836e-36
