7.29595e-201 0.964425 1.09139e-320 1.41797e-321 1.11079e-210 4.11063e-321 4.71833e-321 1.67192e-320 3.31518e-321 8.79277e-232 1.9812e-321 4.99994e-321 2.83594e-321 5.69831e-319 7.92112e-72 7.13119e-113 2.54444e-321 1.04313e-161 7.34046e-241 1.42884e-320 2.15413e-321 1.54e-320 1.13635e-321 5.17781e-321 1.19571e-113 5.59282e-321 1.18108e-238
8.79058e-258 3.76478e-321 1.06619e-320 9.48606e-322 3.33531e-151 3.56221e-321 1.22035e-203 4.45977e-182 2.90511e-321 3.31024e-321 3.6215e-321 0.153927 2.88534e-321 1.05492e-171 9.55569e-103 1.33427e-82 2.52962e-321 3.41031e-61 4.13025e-171 4.98375e-244 2.24061e-287 1.29099e-320 1.00295e-321 6.99103e-321 6.03854e-205 3.42387e-321 2.97409e-314
7.39122e-321 1.55496e-181 9.03646e-321 1.43279e-321 1.44519e-80 8.8586e-321 9.56614e-169 1.68486e-254 3.67091e-321 2.12854e-186 2.45057e-321 2.64601e-21 4.2045e-321 1.41015e-174 6.08368e-60 3.11295e-232 2.81123e-321 0.0948395 2.43964e-304 1.35854e-197 2.46045e-321 1.43921e-320 1.12153e-321 6.55625e-321 3.55751e-92 4.79738e-321 3.27052e-114
3.18144e-106 1.2999e-148 7.44063e-321 1.43773e-321 1.68788e-80 3.7549e-321 4.69856e-321 9.76799e-254 3.25095e-321 4.1685e-239 1.62552e-265 5.84614e-291 2.16895e-321 3.34578e-307 4.50588e-321 0.231079 4.16497e-321 2.95393e-206 2.37737e-172 9.10078e-241 1.69959e-321 1.13783e-320 1.10671e-321 4.45647e-321 1.30326e-261 3.76478e-321 9.49594e-321
6.76376e-321 2.42363e-08 3.3352e-307 1.44761e-321 6.45236e-199 7.42087e-321 3.21506e-187 1.92834e-320 4.55034e-321 4.10074e-321 4.15509e-321 5.70646e-321 3.74008e-321 3.24601e-321 1.35048e-14 4.20257e-315 2.90017e-321 2.36624e-281 4.17249e-232 5.65362e-18 5.58294e-321 1.28605e-320 1.13635e-321 6.75882e-321 0.313472 5.97819e-321 8.8833e-321
6.19064e-321 3.14715e-232 2.32853e-302 1.36856e-321 1.21313e-143 4.32307e-321 4.05134e-321 6.92509e-157 2.65313e-321 3.1493e-150 1.17127e-265 0.290103 2.41104e-321 2.1368e-293 5.25991e-74 3.20613e-99 4.83196e-321 1.00738e-205 3.97393e-124 3.34871e-224 1.18576e-321 8.78449e-321 1.17588e-321 4.97524e-321 2.38356e-193 3.55727e-321 6.89716e-321
1.29029e-240 3.25057e-286 6.19664e-296 1.39327e-321 3.75984e-321 6.20052e-321 3.35605e-149 1.13352e-198 3.23613e-321 2.96966e-92 2.31717e-321 2.50148e-112 3.1719e-321 4.36485e-206 4.995e-321 9.04524e-139 5.51377e-321 3.20917e-240 3.05799e-288 5.99581e-203 1.31916e-321 1.873e-320 9.43665e-322 4.9456e-321 0.245124 4.57505e-321 9.64416e-321
2.08349e-27 6.25079e-300 1.14426e-320 1.39327e-321 8.9483e-255 6.1363e-321 5.30101e-34 2.24997e-320 4.2045e-321 0.129637 3.76478e-321 0.161865 3.58692e-321 3.94264e-321 2.72458e-258 8.59674e-321 4.56023e-321 2.4604e-99 1.15762e-283 3.94838e-319 1.89721e-321 1.65291e-316 1.5316e-321 7.59379e-321 2.44485e-09 2.51354e-198 1.29697e-136
1.44321e-86 4.57235e-239 1.11362e-320 1.0573e-321 6.59144e-166 4.02664e-321 4.18474e-321 1.87957e-215 3.26083e-321 1.07103e-221 2.91005e-321 1.99127e-214 2.7223e-321 3.60538e-24 1.42117e-167 0.0558 4.5454e-321 2.00591e-321 1.28292e-92 1.80695e-79 1.2401e-321 1.70897e-320 1.26975e-321 5.35073e-321 5.92596e-162 4.64422e-321 8.14714e-321
3.77897e-156 3.47639e-19 1.09386e-320 1.46243e-321 2.56312e-285 4.55529e-321 6.75344e-264 2.27058e-203 3.16696e-321 0.310032 4.24402e-321 5.41496e-321 3.18672e-321 2.73218e-321 2.44577e-293 0.73826 3.5968e-321 1.64512e-305 2.50031e-193 2.00583e-244 3.61248e-134 1.54494e-320 1.2154e-321 6.12641e-321 3.30404e-172 3.55727e-321 8.94032e-227
6.87245e-321 9.93116e-302 1.30087e-320 1.44761e-321 2.45032e-281 5.80033e-321 4.64916e-321 1.84286e-320 3.25095e-321 4.24402e-321 4.16055e-147 2.50679e-67 3.82407e-321 2.59728e-276 0.114169 5.27113e-91 6.06713e-321 1.94961e-259 3.68058e-292 9.71049e-288 1.13523e-157 1.28062e-320 1.64524e-321 9.57993e-321 1.23281e-206 6.15606e-321 5.0785e-200
6.9268e-321 1.06087e-146 8.75978e-321 1.3735e-321 4.02593e-17 3.96241e-321 6.5859e-321 1.2471e-304 3.14226e-321 5.808e-276 2.23318e-321 0.477252 2.37152e-321 2.70254e-321 8.36203e-166 6.02441e-40 3.06815e-321 2.51643e-296 1.10093e-193 1.29989e-320 1.18576e-321 1.84138e-320 1.08694e-321 7.59379e-321 8.6725e-95 3.91794e-321 1.46404e-206
2.46907e-35 1.23331e-97 1.09139e-320 1.43773e-321 1.38313e-175 5.18769e-321 6.67307e-210 6.0273e-226 5.43472e-321 0.647292 3.05333e-321 6.08487e-104 3.913e-321 5.04739e-262 1.70656e-59 8.09774e-321 3.92288e-321 9.7656e-70 3.13487e-66 1.71935e-320 3.2717e-19 2.22231e-320 1.42785e-321 7.65308e-321 2.34219e-288 5.01477e-321 3.66839e-110
6.0613e-166 9.84179e-321 5.84122 1.70823 5.16426e-187 4.40244 1.21941 8.49322 2.76808 1.06422e-320 7.8681e-135 5.03541e-195 2.61899 0.537321 6.12234e-173 2.14893e-48 2.96645 9.18335e-259 1.33759e-172 6.88829 1.21156 11.0464 1.65839 6.00437 0.341103 2.86849 5.12224
5.81515e-321 6.30443e-269 8.19655e-321 1.47232e-321 0.80557 4.57505e-321 4.21932e-321 3.33276e-191 3.00886e-321 2.49698e-140 2.63337e-321 9.51934e-281 2.51973e-321 0.442109 3.32197e-109 6.24993e-321 2.72724e-321 2.2417e-91 2.59073e-89 4.95853e-290 1.45749e-321 1.04791e-320 1.16105e-321 6.26969e-321 2.25281e-169 3.43376e-321 8.36947e-321
1.46078e-40 6.06652e-57 9.37243e-321 1.24505e-321 1.7468e-291 4.91595e-321 4.51655e-205 7.09192e-96 3.59186e-321 3.78948e-321 3.15214e-321 1.79541e-64 2.79641e-321 2.95704e-51 1.27357e-185 0.309967 4.10569e-321 5.05571e-205 4.8747e-295 1.2737e-320 8.53816e-192 2.08496e-320 1.42291e-321 5.32109e-321 2.68025e-240 3.91794e-321 1.46274e-212
2.25947 4.1244e-110 6.39066e-210 1.52172e-321 5.69164e-321 7.46533e-321 1.36725 4.12218e-62 6.20546e-321 6.25487e-321 1.20946 0.163254 3.87842e-321 3.87842e-321 1.5979 9.00117e-111 4.80232e-321 0.50927 4.52863 1.41002e-176 3.1472e-321 2.42339e-320 1.73911e-321 1.15068e-320 2.15967e-62 6.03254e-321 1.13668e-220
