1.67883 0.155735
1.40816e-48 6.60205e-45 1.95048e-42 4.46824e-137 2.8287e-16 5.90085e-32 3.41628e-83 2.80613e-61 4.32934e-130 0.397678 6.99767e-24 7.05592e-65 4.5008e-158 8.27142e-82 2.20278e-61 3.42165e-34 1.29625e-145 9.47266e-73 1.45902e-145 4.1218e-46 2.33072e-94 6.20531e-162 3.30941e-80 4.57364e-17 1.61934e-122 5.41165e-86 6.66897e-36 5.82859e-63 6.63634e-59 4.65486e-20
1.03446e-74 2.43072e-103 2.41507e-130 8.30599e-174 3.74658e-76 2.29667e-08 8.40232e-69 3.34817e-116 1.73697e-129 4.5927e-79 9.77659e-100 9.65712e-13 6.09278e-62 1.55416e-74 4.55943e-89 0.170189 4.58284e-142 9.12177e-76 2.99491e-45 9.39558e-56 7.37366e-82 5.51797e-188 9.36846e-06 6.14034e-17 3.76459e-103 2.98524e-131 8.82124e-153 5.75167e-121 4.45851e-126 4.92603e-85
6.47547e-39 1.73962e-94 0.223703 8.76136e-50 1.4865e-38 6.90181e-50 0.198279 3.30686e-109 0.10699 4.70371e-17 4.08278e-108 6.19102e-157 0.29015 1.48778e-27 5.24072e-88 7.98117e-77 0.10475 2.34067e-47 0.18693 8.20769e-21 2.21343e-96 0.341812 8.33426e-22 2.19499e-39 1.073e-27 2.61816e-53 0.0203839 1.119e-90 1.15852e-14 8.40883e-16
2.56168e-05 4.17816e-61 1.0018e-36 2.35299e-218 0.0078169 1.40663e-49 2.23032e-68 1.10919e-108 2.4426e-47 9.85366e-78 2.01082e-105 3.12488e-15 2.70648e-17 3.14147e-100 4.08606e-07 1.44363e-18 3.52095e-158 3.1042e-80 7.59253e-58 2.02422e-107 4.61824e-95 5.95275e-86 2.8566e-101 0.0499839 0.0118404 1.96946e-154 1.08865e-118 7.96061e-105 1.9501e-131 4.11429e-37
2.79511e-90 4.97123e-08 7.83578e-93 6.41745e-50 3.59907e-21 6.13105e-16 8.97149e-06 4.80371e-76 7.61651e-156 4.92345e-30 3.04556e-89 3.04443e-174 2.54705e-32 8.0099e-38 4.93721e-16 9.28194e-75 4.31215e-64 1.8176e-25 3.1302e-77 7.05963e-152 1.73669e-60 5.91634e-177 4.04259e-117 1.29195e-41 6.26208e-108 1.52742e-92 0.0698917 1.26195e-20 1.42346e-84 1.25217e-80
3.74759e-59 0.0130849 7.28553e-93 1.10017e-134 3.6584e-88 2.25082e-07 4.57906e-89 7.22262e-66 1.05847e-25 6.74992e-47 2.94998e-93 8.5301e-156 6.51202e-158 6.93481e-10 5.39155e-31 1.89678e-65 2.55677e-110 4.84835e-103 2.59234e-26 6.89394e-77 4.24177e-84 1.3487e-42 0.224983 0.173529 8.61601e-95 1.79647e-148 4.68458e-59 1.99052e-77 8.55789e-151 0.101466
2.94206e-90 3.83807e-104 2.73275e-132 4.55719e-199 2.81799e-26 0.0160889 1.83919e-50 1.15436e-37 7.25903e-105 5.91473e-84 8.38532e-125 1.57528e-97 3.5031e-61 4.65646e-30 0.124559 0.336565 1.57862e-51 1.8664e-29 7.158e-164 1.68061e-162 2.74114e-90 5.26981e-165 6.95047e-38 2.71908e-37 5.22498e-29 2.07415e-154 7.63232e-166 1.78959e-99 1.85167e-151 1.21132e-54
1.37815e-79 5.25891e-73 2.50098e-14 3.16439e-98 1.21748e-64 5.17631e-33 1.12933e-100 2.32349e-110 1.85075e-204 2.11683e-71 2.5685e-76 1.31964e-134 5.62153e-139 3.84226e-51 4.51021e-25 9.96579e-06 7.2337e-167 1.51939e-34 1.51559e-157 5.04066e-128 1.10158e-30 6.20046e-177 5.71816e-53 1.72769e-19 1.15835e-64 2.33939e-196 1.76877e-156 0.254999 3.96321e-122 1.31904e-54
3.79114e-35 1.95084e-45 5.43478e-59 1.27248e-153 6.85129e-21 0.0448739 4.33467e-12 1.37598e-64 3.68207e-141 2.82672e-20 3.44104e-24 4.00385e-16 1.56714e-117 3.76739e-60 1.02541e-52 9.81248e-09 1.2064e-98 8.5646e-11 4.77088e-198 3.57161e-79 5.96831e-111 6.49874e-158 1.72911e-104 6.26655e-06 1.58071e-63 1.14238e-25 1.79349e-26 0.000108725 1.11199e-24 1.32831e-63
0.15899 2.46903e-97 2.98935e-133 2.53194e-201 3.2552e-120 8.44664e-44 2.20468e-169 2.34369e-104 6.677e-192 9.99715e-66 1.07276e-11 2.98018e-05 8.57681e-100 2.88398e-27 8.61936e-89 0.0490387 4.37333e-89 3.07317e-22 4.36763e-102 2.90591e-173 3.0951e-11 8.43808e-151 3.58156e-109 5.68002e-32 7.29662e-87 8.28339e-181 5.3502e-133 1.22992e-06 3.8551e-87 8.24793e-89
3.45304e-29 7.27052e-118 9.59162e-57 3.59721e-31 3.21778e-27 3.71606e-56 6.33207e-56 1.11088e-112 1.14029e-196 4.61523e-102 5.13949e-64 0.147655 4.35445e-93 2.59997e-45 2.92096e-60 4.85047e-51 2.17798e-28 9.21792e-63 5.5243e-140 1.26544e-97 0.275824 2.35488e-50 1.08203e-18 2.73821e-41 1.67448e-80 2.33591e-84 3.8057e-127 1.5821e-64 1.92946e-22 5.27941e-64
3.56586e-105 4.08862e-33 7.33759e-27 1.20646e-65 1.8527e-111 4.57654e-47 1.09478e-145 2.91389e-106 3.05214e-196 0.42031 1.02361e-23 3.40358e-124 1.11143e-48 9.62355e-49 9.82543e-50 6.07064e-77 2.69673e-137 0.145341 7.77143e-196 5.79251e-107 1.17671e-26 1.4157e-150 2.49307e-129 2.52188e-64 2.09564e-138 9.23819e-170 1.45546e-110 1.81396e-120 2.23558e-139 1.01864e-36
1.53861e-77 1.10152e-26 6.18299e-99 3.84636e-79 2.14262e-31 0.0883695 8.53112e-132 1.1253e-73 9.84081e-118 2.49339e-85 1.85377e-60 7.58332e-118 1.24841e-37 3.86576e-35 1.44407e-87 0.389643 4.00676e-158 2.5607e-37 6.25952e-199 2.11593e-123 1.06389e-119 3.07071e-42 6.24589e-45 1.65551e-14 5.43091e-57 2.05701e-108 6.85467e-93 0.1615 0.263909 1.25103e-76
1.01941e-89 0.313844 1.43493e-122 3.0526e-215 5.45004e-68 2.58744e-57 5.0047e-174 3.04083e-105 3.89135e-108 2.4661e-33 3.03266e-76 5.92534e-169 1.11473e-120 5.14605e-46 2.07009e-45 1.21832e-51 1.42468e-90 1.86192e-41 4.17177e-145 0.185315 2.65628e-95 2.04029e-42 5.66798e-30 3.69143e-29 3.62185e-62 8.10272e-126 4.31014e-90 8.25562e-89 5.28383e-91 9.44467e-68
5.40051e-114 1.71854e-32 7.8748e-113 0.171886 1.45334e-84 4.30272e-57 1.71644e-54 0.0769763 1.51506e-55 6.89809e-95 2.83865e-52 4.22232e-80 1.29636e-58 0.0842833 5.9312e-27 3.13953e-10 1.71806e-179 0.0139946 2.55564e-05 5.12728e-152 3.01887e-91 7.85683e-70 6.34613e-115 5.14801e-15 0.0700678 0.335496 1.23946e-104 0.0476576 2.5196e-16 5.52021e-88
0.0624231 5.00195e-76 1.01127e-128 4.23303e-177 0.0840687 2.1585e-43 5.04482e-111 1.55382e-28 8.16078e-184 4.66381e-86 0.165704 5.57039e-07 5.40792e-84 5.93583e-45 3.022e-64 3.55375e-77 1.4428e-161 6.99722e-48 4.89254e-190 1.08479e-86 9.44804e-111 6.62337e-209 2.44769e-44 3.27897e-82 5.14134e-06 2.91655e-180 9.96432e-72 0.731096 4.21555e-13 3.53068e-35
