3.33155 0.107427
0.0222869 9.67147e-93 2.38966e-32 1.64014e-58 2.61916e-82 4.07835e-80 0.00187292 2.71201e-90 8.55044e-24 6.24164e-55 1.9288e-54 5.15081e-103 7.87737e-12 3.751e-71 5.82448e-20 1.49853e-55 4.53079e-50 3.14225e-115 1.31881e-51 1.70144e-127 3.77329e-10 9.62953e-81 1.06852e-92 1.43917e-19 1.00173e-12 4.10721e-57 2.19913e-62 2.32535e-15 3.70747e-55 1.90488e-85
1.6308e-11 7.0032e-73 9.89834e-109 7.16997e-92 4.83507e-25 1.68477e-23 5.94776e-54 6.65462e-116 2.57506e-06 1.142e-70 3.17214e-67 4.33346e-122 1.29297e-27 4.01781e-51 1.29731e-09 1.11509e-102 6.3349e-60 6.80578e-67 3.11361e-54 4.53922e-121 6.97792e-50 8.24775e-107 3.37983e-145 2.33337e-06 3.64913e-63 1.45369e-33 2.08479e-59 0.382499 4.42415e-78 3.01966e-121
0.169723 9.98826e-21 5.19134e-27 3.46359e-35 4.16e-45 2.95364e-55 1.74717e-24 1.70173e-59 1.05666e-65 5.73189e-33 3.83276e-19 1.33045e-135 1.19139e-79 2.26178e-37 3.13107e-54 3.7504e-57 5.96081e-64 2.77203e-136 1.06769e-25 1.61442e-80 1.85479e-29 6.63203e-93 1.13312e-148 7.82879e-69 1.15635e-82 7.50604e-89 1.21812e-57 0.00592477 1.59797e-96 8.75091e-150
3.74688e-65 3.46679e-72 1.02718e-106 2.22017e-57 1.35883e-41 1.35325e-89 2.81889e-30 2.10041e-53 4.50912e-43 6.03414e-30 1.27364e-77 5.60536e-94 1.56454e-77 1.39479e-94 9.05828e-26 1.04955e-71 6.11802e-57 2.24977e-141 8.67029e-40 1.44456e-115 8.07212e-90 3.24964e-92 2.1904e-158 2.41687e-62 1.5786e-51 1.89743e-46 3.77456e-26 0.0311218 4.86297e-105 5.42606e-130
2.35081e-53 2.08398e-87 3.93837e-54 1.57995e-37 2.5907e-26 5.23059e-27 6.99562e-46 2.09117e-86 1.29182e-73 3.71849e-14 8.69403e-14 2.43992e-70 1.97572e-74 1.04861e-60 2.58833e-06 9.91476e-90 5.22117e-92 1.70913e-89 7.40321e-12 1.89774e-156 5.18963e-05 6.3306e-42 2.01486e-162 1.71971e-27 1.84564e-44 1.28801e-51 0.0345335 4.58668e-16 2.80276e-44 9.46064e-169
9.40674e-24 9.5276e-52 0.16712 0.304668 3.00712e-20 3.75681e-91 3.4129e-10 1.73088e-79 1.05652e-56 0.359974 6.06087e-06 0.282936 1.16668e-54 1.78968e-90 3.83601e-70 5.89349 0.154148 0.209226 3.18201e-67 0.603141 1.67941e-63 1.34623e-70 2.9978e-65 0.19528 1.7652e-105 1.86074e-67 3.91368e-29 3.32049e-29 9.42803e-52 0.248804
0.237078 1.25438e-68 3.62229e-30 4.53708e-34 5.83343e-46 1.23688e-92 4.65495e-23 0.830447 2.24264e-60 0.126247 2.85817e-35 5.47451e-16 8.75011e-84 0.0252044 1.32386e-08 9.28327e-37 1.39665e-80 8.6181e-103 1.62243e-74 8.57947e-126 1.60429e-73 0.146714 3.12062e-84 9.30621e-14 0.0620439 0.0806955 0.229378 8.94957e-10 2.8863e-81 6.74571e-62
4.20917e-10 0.00918953 1.42879e-105 1.56245e-70 0.0658216 5.80999e-41 0.0447972 1.3086e-20 8.7127e-57 3.56909e-42 1.05638e-38 1.34119e-62 0.07976 5.10668e-45 9.59207e-27 5.155e-81 1.72969e-30 5.98651e-117 1.51455e-50 1.24376e-145 3.25833e-81 1.22264e-140 1.67297e-81 2.20029e-70 1.26605e-23 4.7377e-28 9.51651e-58 5.61106e-07 1.78119e-27 1.41322e-61
1.68019e-25 2.01469e-22 6.4138e-56 1.26572e-110 1.31218e-35 9.78932e-81 4.36823e-77 9.19919e-29 1.04954e-26 4.82132e-75 6.18531e-13 1.03607e-75 6.89115e-37 1.46219e-34 3.56542e-23 2.55966e-77 1.44415e-26 1.03817e-56 1.40449e-78 7.86058e-34 0.0204172 1.00421e-149 1.81225e-164 8.62683e-52 4.3025e-44 2.34778e-32 1.28538e-23 0.810339 1.50213e-44 6.75333e-90
1.19861e-15 0.168239 5.70991e-43 1.86022e-72 7.88221e-16 0.399622 2.37495e-84 4.25692e-77 2.69101e-34 1.32188e-47 1.0586e-56 2.70377e-56 2.33498e-05 3.18796e-87 1.0661e-50 3.21909e-55 6.6103e-54 9.60746e-109 4.40385e-12 3.07911e-33 5.09147e-48 1.86591e-113 6.7776e-153 4.6367e-71 6.0148e-20 8.09013e-44 2.3279e-38 0.134248 0.0535863 3.05734e-156
4.25518e-26 1.20158e-42 1.37402e-05 7.18768e-102 1.01266e-60 5.61627e-20 9.94864e-99 0.267048 2.09913e-75 5.31247e-58 8.73567e-39 9.40249e-32 1.52712e-23 2.21013e-28 9.42291e-65 3.37095e-70 1.90378e-92 1.49529e-84 2.54796e-77 5.54012e-76 2.8148e-105 5.01654e-13 0.0463906 1.24253e-69 2.03017e-79 6.92459e-88 5.0297e-64 5.37506e-10 1.53665e-64 2.69585e-18
2.16458e-40 1.4767e-61 7.64183e-102 2.12744e-59 1.55505e-37 2.1317e-64 1.25593e-18 4.24866e-81 3.35053e-59 2.07546e-35 4.89488e-24 2.11542e-92 9.09058e-66 7.75985e-68 4.24742e-64 2.48793e-98 1.19583e-36 1.37658e-133 7.51497e-76 1.11612e-99 0.084185 9.59703e-66 2.21278e-169 1.32901e-84 3.55503e-67 6.72378e-75 1.36965e-10 1.08068e-32 2.65118e-10 1.35451e-61
6.05906e-42 4.8374e-56 1.38728e-99 4.17062e-68 4.70624e-30 1.33104e-58 7.72049e-60 3.66837e-108 6.89048e-55 9.77027e-59 8.05673e-74 2.5021e-66 9.70325e-108 8.40054e-75 2.36288e-11 6.39315e-68 3.74599e-80 5.88923e-105 2.09177e-37 3.56136e-95 2.68231e-69 2.91035e-70 2.63364e-99 1.9226e-76 5.65199e-83 5.93352e-64 2.95582e-38 0.159882 8.77451e-48 3.98535e-152
1.15048e-55 1.03653e-19 2.56201e-104 1.43574e-97 9.71304e-78 6.97433e-71 2.94494e-32 7.74576e-51 8.7653e-49 3.33078e-22 8.98692e-36 2.25103e-140 1.2923e-37 2.83623e-23 0.124974 1.04574e-68 1.90831e-50 1.82698e-72 3.40888e-82 8.12815e-136 1.00441e-41 6.23273e-142 4.72454e-152 3.96854e-68 1.92197e-46 6.01549e-63 4.8083e-37 4.38598e-17 3.47697e-101 3.20155e-84
3.21337e-09 0.00225507 4.68688e-27 2.13351e-18 9.03874e-82 9.93702e-25 2.86511e-73 1.02357e-32 0.428968 6.00546e-53 1.32758e-53 3.72414e-45 1.86429e-97 8.40611e-25 2.99496e-44 7.28545e-59 4.49107e-104 1.48868e-113 0.055775 9.66296e-106 2.43878e-08 2.0131e-32 4.43945e-26 2.63195e-19 6.75864e-33 9.37008e-64 3.8254e-28 9.03007e-24 5.58938e-58 6.30265e-169
7.31768e-69 1.27732e-65 6.46116e-34 1.99361e-37 0.00215412 2.36232e-89 1.2388e-90 6.42903e-107 1.38324e-26 1.13503e-53 0.147586 8.0038e-67 4.91133e-51 5.9764e-24 0.0578447 2.5353e-50 2.8714e-96 1.4975e-73 5.65509e-24 1.48293e-149 1.40737e-101 1.96581e-52 3.32582e-87 2.37818e-80 1.48922e-79 4.62933e-70 3.67886e-39 1.34686e-28 6.27593e-43 1.63013e-90
