9.24057e-183 2.25196e-156 2.46153e-51 1.0436e-180 0.32684 1.43057e-79 1.7004e-113 0.150468 3.38333e-131 6.82126e-136 2.13148e-137 1.83131e-149 4.32758e-230 6.73342e-127 5.43077e-187 6.38191e-93 7.49564e-24 2.12855e-50 5.70126e-36 3.50704e-90 4.39802e-114 6.4258e-213 4.0668e-30 1.19424e-33 2.02217e-90 3.38532e-219 1.05773e-269 3.81456e-123 2.07698e-108 4.27279e-16
2.60838e-89 2.02595e-229 3.14403e-47 1.2767e-192 1.95243e-45 1.02385e-168 1.47588e-140 4.72125e-95 5.26874e-05 3.29955e-95 1.81889e-120 8.59145e-104 2.76362e-294 1.06598e-91 5.89222e-205 1.89199e-77 2.58875e-26 0.190876 5.05332e-58 1.02797e-71 1.72789e-43 4.02953e-178 1.27259e-172 3.75691e-68 5.67753e-108 7.54936e-139 4.40555e-94 3.77698e-80 5.06315e-141 1.2636e-56
5.21523e-146 2.24572e-73 1.79192e-167 1.10515e-188 1.64827e-25 2.58057e-139 2.86076e-49 4.2855e-104 1.25635e-129 1.88672e-121 1.93909e-79 4.20519e-23 3.40276e-268 3.04987e-119 3.20881e-190 4.61703e-66 3.13036e-49 3.78683e-67 1.15494e-151 5.03572e-64 2.73753e-59 0.109747 6.83903e-89 1.42268e-37 8.58951e-197 9.29293e-240 1.99508e-195 3.02432e-128 2.52995e-57 0.162954
1.09221e-130 3.09461e-103 2.93592e-91 8.52162e-147 1.62587e-127 5.01401e-93 7.98497e-100 6.06405e-82 7.33142e-159 3.22419e-46 1.31091e-133 7.61543e-119 1.64971e-262 4.80173e-114 9.01196e-209 2.68026e-137 0.651564 1.45996e-27 3.65415e-141 9.00668e-20 2.09985e-199 2.66321e-202 3.97995e-103 1.66386e-146 8.46934e-141 2.53031e-122 1.48546e-221 1.32506e-148 2.54684e-84 1.15637e-81
0.334499 5.19782e-156 4.50171e-107 6.10796e-112 3.62449e-235 3.16453e-128 9.30378e-125 3.96061e-08 1.10262e-70 1.58698e-148 1.50863e-50 3.92298e-77 1.03566e-168 0.0658989 0.9332 6.65432e-52 7.53569e-55 9.02931e-18 0.00489544 2.31789e-32 9.70434e-46 3.56819e-30 0.0064928 6.86027e-09 4.32815e-21 3.41845e-128 0.216182 4.21626e-106 1.28188e-72 5.43767e-94
1.66103e-108 7.30067e-79 1.29896e-64 2.76608e-187 5.02306e-50 2.71981e-179 3.10343e-28 9.1838e-165 0.147468 1.40741e-128 2.10316e-102 3.12278e-107 6.20306e-72 3.1077e-157 1.1291e-241 2.64822e-94 4.35986e-136 7.60817e-122 0.0678273 5.27518e-41 8.36166e-139 4.51662e-106 7.47552e-16 2.51075e-120 3.48513e-52 2.4484e-16 2.25398e-97 2.6863e-110 0.766163 0.00953045
1.16214e-139 1.00555e-75 3.31312e-66 3.05983e-59 5.64263e-71 9.22413e-129 2.32626e-141 6.61248e-125 7.10112e-95 7.21905e-84 0.118808 0.846507 7.33509e-225 3.09123e-205 2.67935e-253 0.212261 3.18151 2.5839e-10 1.66758e-88 5.36514e-35 1.29361e-58 3.44841e-126 1.27354e-07 5.63054e-90 2.27039e-78 3.93634e-216 4.13012e-67 1.5763e-138 8.32101e-05 3.8213e-29
1.94655e-144 1.11767e-180 1.36464e-180 6.77204e-173 2.80845e-156 3.05325e-27 1.08479e-96 8.56597e-41 1.8266e-146 7.83301e-92 1.95139e-124 1.01874e-90 1.26672e-151 4.82166e-28 3.16207e-182 4.15902e-129 7.22566e-116 1.68231e-76 7.14508e-111 1.52868e-06 5.1142e-49 1.42996e-67 8.86186e-63 2.16829e-29 4.74919e-101 3.03303e-141 2.98227e-112 4.11157e-38 2.49438e-54 0.035569
7.26294e-100 4.03868e-153 3.75181e-89 7.07159e-19 1.82233e-131 4.37883e-83 1.44153e-65 1.30373e-139 9.03788e-162 4.92731e-53 2.45546e-188 2.30862e-114 1.69607e-171 1.64866e-188 2.59287e-295 3.02147e-73 7.9622e-13 0.0342078 1.661e-56 2.35116e-108 1.00279e-90 8.39648e-57 7.41487e-175 4.87144e-94 7.51256e-98 2.33206e-245 8.06486e-271 3.01963e-130 4.858e-74 2.91115e-67
9.0132e-19 2.73302e-216 1.3257e-59 0.61157 6.03531e-104 1.28399e-61 7.62639e-131 6.82032e-66 5.24572e-137 0.261022 1.53672e-57 4.69674e-86 6.57333e-308 1.68484e-39 5.72941e-205 9.07923e-121 2.4524e-23 1.71419e-70 1.97738e-124 1.95234e-70 9.676e-18 2.78489e-200 5.11065e-129 9.56568e-27 3.79694e-177 1.92186e-237 1.40771e-236 1.20675e-62 8.77527e-122 1.43927e-88
9.8347e-116 4.90256e-209 1.06146e-39 0.215654 2.65336e-35 4.47642e-170 3.02928e-34 9.40431e-88 0.130487 2.74361e-147 1.49976e-93 2.28932e-74 1.51277e-195 1.03734e-85 7.67457e-304 4.29729e-09 1.96268e-137 0.00136067 3.11515e-152 2.21666e-86 4.04788e-27 6.3931e-111 2.04297e-31 4.52589e-20 2.46396e-106 1.00818e-207 1.79939e-199 4.54003e-201 9.82588e-122 2.49962e-06
1.49858e-151 3.50616e-212 2.7869e-148 2.82106e-77 1.03821e-190 6.86431e-90 2.42753e-53 2.46628e-142 3.20398e-131 1.08904e-100 6.91735e-82 1.33088e-153 6.72501e-230 2.43012e-178 3.07078e-300 2.85808e-146 0.0193933 2.28651e-80 1.27373e-74 0.287311 4.10629e-74 4.50982e-186 1.47017e-73 4.75075e-114 2.22298e-59 6.01345e-160 2.48645e-243 1.50149e-105 1.0092e-96 8.74538e-38
1.00579e-102 1.49786e-79 1.999e-92 0.162954 7.23739e-98 7.44159e-181 3.65394e-77 1.89956e-123 3.02965e-117 6.40562e-23 3.03562e-174 2.32847e-147 1.92998e-244 1.07778e-170 3.6409e-302 2.59078e-30 0.0123133 0.0233775 6.87514e-149 4.29095e-14 9.99453e-119 1.6628e-136 2.06846e-114 3.37139e-90 4.82301e-136 6.33006e-184 1.15657e-127 3.18397e-135 3.74591e-53 1.73677e-108
2.54347e-86 1.94321e-165 4.64268e-166 0.00589639 1.00751e-86 3.43139e-160 9.11078e-91 2.28563e-41 6.06932e-133 5.34916e-75 5.13673e-187 0.628094 3.83368e-45 0.493152 1.49377e-105 3.90775e-122 4.06778e-29 4.51502e-99 1.62515e-56 3.63402e-52 4.14115e-50 2.04316e-173 0.454467 3.01997e-90 5.903e-54 0.338126 1.04049e-250 9.99666e-177 4.63025e-14 3.1079e-52
3.15376e-69 2.88934e-197 3.77548e-79 3.31286e-61 6.93374e-73 9.894e-153 3.23205e-40 4.98971e-100 0.100416 6.91467e-55 2.73953e-95 5.23611e-43 1.987e-194 6.25866e-182 5.7209e-178 9.63541e-96 1.43772e-90 3.69977e-40 1.57799e-129 3.13412e-47 8.63345e-103 3.17826e-218 1.35903e-43 1.53643e-39 8.7532e-180 1.10644e-169 2.24957e-138 2.68608e-172 7.70866e-82 1.341e-99
2.03557e-139 0.173985 1.477 1.49909e-24 1.40724e-61 3.0198 0.294268 2.95312e-157 1.25643e-105 7.93303e-96 2.2181e-73 1.45508e-105 0.349654 5.85484e-109 9.10395e-168 3.40924e-30 3.09484e-100 2.3769e-101 1.5107e-119 1.64453e-31 0.275019 8.29751e-155 7.37286e-204 0.251956 0.176473 2.02573e-46 6.26925e-245 0.394979 2.12633e-132 2.35494e-30
