3.44887e-46 2.3347e-51 1.3574e-56 1.61137e-25 2.89285e-48 6.73749e-53 1.53419e-44 3.17005e-59 5.74868e-41 4.4657e-48 1.76193e-63 4.97437e-68 3.89097e-50 1.77449e-61 2.78034e-48 1.03238e-42 8.88476e-78 6.86762e-23 1.12346e-51 2.78594e-26 1.12724e-72 2.4555e-47 4.38223e-34 8.59656e-55 3.94908e-28 3.20418e-61 1.2144e-46 1.12949e-54 8.1718e-30 1.05996e-46
0.157486 7.32243e-16 8.29763e-16 1.66726e-54 1.50531e-15 2.18635e-05 6.99119e-24 1.2454e-26 4.49973e-27 3.19486e-15 9.01206e-16 0.000139554 0.0359517 2.22443e-52 1.26532e-21 1.39525e-24 1.71803e-21 9.21716e-12 8.24192e-08 2.56443e-34 3.95633e-49 1.27045e-49 1.27948e-21 9.21774e-44 5.24647e-10 8.17143e-91 4.10938e-06 1.58592e-75 5.47319e-19 5.18056e-64
2.13926e-71 0.0862088 2.31011e-23 3.12695e-43 1.8561e-64 5.52307e-48 1.13547e-48 0.0944353 1.86101e-33 1.3344e-36 2.55108e-81 2.55646e-10 4.12484e-32 4.6108e-11 2.34836e-42 4.07098e-26 0.00762435 2.86707e-07 1.18495e-62 9.42538e-24 1.14535e-47 2.85355e-38 0.251219 3.13189e-63 8.52565e-46 4.49303e-88 3.6415e-18 6.41513e-45 3.08464e-19 0.193257
1.90305e-30 9.06441e-30 5.19783e-50 6.69582e-24 1.80311e-67 0.260102 0.14964 4.38891e-32 3.48114e-25 2.52612e-13 1.49655e-43 2.045e-36 1.96329e-08 4.4738e-05 0.0684251 0.0660772 0.032852 4.50699e-38 1.6076e-11 3.11745e-29 0.0818941 2.13177e-58 3.57683e-39 2.21049e-11 1.95026e-35 0.0382131 8.26453e-84 1.42889e-08 2.83295e-13 5.35954e-80
1.12439e-67 7.53591e-35 1.45485e-08 1.14033e-06 1.67279e-46 0.0190371 4.24614e-24 9.82016e-39 9.70307e-51 1.83949e-09 1.52787e-05 0.0149116 1.07533e-15 7.44127e-20 7.85216e-66 1.48933e-09 8.99498e-110 9.13439e-07 1.60062e-66 1.01259e-31 2.00781e-85 7.81807e-22 3.08844e-29 8.04897e-23 1.29739e-05 1.04229e-79 1.70026e-27 7.57725e-42 1.91967e-43 8.87998e-33
1.93776e-09 6.01444e-44 0.0711558 2.07233e-47 6.91953e-62 2.21395e-13 3.30309e-07 5.70086e-41 0.176386 0.0691456 3.67464e-40 1.20491e-12 2.8723e-09 6.15979e-35 7.3166e-13 7.97527e-25 7.61254e-52 6.33529e-12 1.97599e-47 4.3012e-40 1.30152e-50 2.67243e-37 5.70391e-18 0.0329664 1.62458e-51 1.61309e-56 4.65051e-67 2.74608e-30 1.00853e-34 4.97948e-73
7.74639e-27 7.82178e-33 2.41554e-06 4.43154e-33 1.62102e-59 0.0168355 4.03495e-50 4.90276e-13 0.000100237 1.60851e-50 5.15367e-41 0.0666056 4.57025e-40 7.49143e-39 5.27498e-08 1.07332e-42 5.37015e-24 1.61712e-49 0.0674693 5.91394e-26 1.28129e-29 8.34451e-10 1.32402e-16 5.2758e-36 4.68555e-20 1.83376e-93 5.72993e-13 4.99793e-36 2.15501e-40 3.35391e-50
2.76343e-53 1.37403e-26 6.81793e-56 1.51577e-33 5.35457e-22 3.45442e-25 4.12306e-37 4.47006e-54 1.06952e-40 1.36128e-12 1.20983e-29 1.33104e-45 6.91176e-42 1.10846 5.03882e-33 2.74786e-10 2.75896e-59 1.75927e-41 4.6991e-10 1.77234e-37 2.77244e-57 5.44253e-15 0.0484368 4.53608e-31 2.69079e-11 1.40821e-75 5.57339e-74 5.85925e-42 8.77567e-40 2.27739e-63
1.68097e-57 2.58881e-64 1.86408e-46 4.21665e-05 6.70373e-25 8.23593e-66 1.93347e-19 1.36524e-32 1.84895e-51 4.83774e-10 1.34247e-82 4.02996e-56 2.11103e-44 0.00309455 2.00705e-66 9.87834e-44 1.60919e-38 1.1316e-07 2.65194e-21 2.03311e-06 2.14931e-40 0.0801735 6.44952e-17 7.60889e-49 2.25017e-29 2.00436e-86 1.17013e-40 9.96472e-35 3.13281e-36 1.08864e-66
7.66865e-51 5.47851e-56 1.60875e-49 2.51319e-08 1.09495e-15 4.71809e-13 2.1023e-24 9.00497e-81 1.54224e-44 8.56642e-11 8.70898e-77 3.0354e-44 1.30225e-10 6.64975 5.67821e-46 1.86813e-33 2.51137e-75 0.0127445 3.22459e-62 2.10464e-24 6.01137e-63 3.50432e-36 2.88822e-07 3.10366e-43 0.0583405 2.7729e-43 1.81645e-27 1.19023e-68 3.06046e-23 3.06017e-48
2.25296e-17 4.60993e-25 2.96394e-16 3.77328e-41 1.18254e-69 1.03287e-69 1.86235e-22 7.99558e-58 0.0785567 6.40675e-16 2.2036e-76 2.45388e-49 2.25767e-17 4.34133e-42 1.85825e-11 6.68351e-45 1.42681e-33 0.0410568 7.18256e-39 4.26441e-16 3.73753e-73 9.855e-53 1.80445e-53 1.25677e-36 5.9261e-22 5.42799e-47 0.0682216 1.0028e-15 4.99816e-13 5.06967e-80
6.0491e-13 9.48344e-87 5.51155e-31 2.97329e-49 1.06052e-40 1.28312e-72 8.90192e-60 4.59256e-76 4.89518e-10 9.61875e-51 3.82966e-27 1.96576e-28 0.14517 1.75819e-56 1.52581e-71 3.31033e-23 1.83395e-81 1.26936e-49 8.98713e-67 0.0176532 3.75732e-68 2.33052e-39 4.62568e-22 7.98437e-77 7.22768e-23 4.28915e-26 2.80429e-52 4.28638e-20 0.117282 7.37286e-77
1.81585e-37 2.11169e-45 1.10876e-25 1.37734e-21 7.45724e-17 1.05616e-27 1.23259e-44 4.61814e-68 5.45667e-48 1.14866e-37 4.2953e-33 2.05264e-10 7.24792e-45 0.63208 4.3182e-16 1.05454e-16 1.88988e-87 4.96071e-19 6.35467e-21 1.46001e-49 2.32842e-43 1.01263e-16 6.08471e-54 9.25607e-09 7.67811e-28 5.87957e-54 2.10747e-12 0.00301374 2.68982e-44 4.85705e-63
6.31704e-41 1.42855e-78 7.96897e-62 0.272422 0.0349864 1.00336e-59 1.32347e-46 5.34204e-38 6.94314e-51 8.69068e-11 2.02675e-50 2.04103e-38 9.12969e-37 2.98912e-09 7.09967e-27 7.16322e-32 1.45462e-63 1.99065e-14 5.39388e-40 3.08821e-05 3.46311e-40 1.18558e-19 1.382e-12 6.86268e-46 2.01048e-30 2.24665e-75 1.42118e-79 0.0358896 0.0112685 5.72667e-23
5.89479e-41 4.84063e-29 1.20957e-50 7.60673e-18 1.45824e-46 1.34753e-69 1.47993e-57 4.28072e-18 1.62584e-13 3.39721e-24 5.27238e-74 8.29927e-29 0.00102854 1.32103e-54 1.6649e-37 2.59778e-25 8.40879e-46 1.86797e-11 2.12562e-61 0.132683 7.57721e-97 3.54115e-61 1.51963e-18 1.25673e-60 6.80488e-37 2.27135e-45 1.17509e-25 3.6148e-11 3.84983e-33 2.64681e-77
1.18797e-66 2.4556e-23 6.26332e-17 1.04904e-21 1.13769e-14 2.00129e-57 2.14337e-19 6.39564e-43 2.25345e-27 2.26184e-16 0.0984542 1.60575e-14 7.67969e-31 3.78819e-22 8.82928e-64 9.95587e-13 1.66266e-35 3.87641e-34 1.83562e-37 0.760457 2.75673e-39 4.93951e-35 3.97007e-41 6.72228e-53 1.35309e-31 9.14982e-85 2.73248e-64 1.46739e-58 6.63579e-46 1.15028e-34
