8.54652e-74 3.03922e-76 2.19046e-130 7.83825e-106 5.56924e-44 1.35936e-11 4.99787e-124 0.126886 2.21637e-08 4.44607e-14 1.34799e-37 6.28777e-46 7.45274e-91 1.31543e-55 1.27742e-146 1.89158e-23 7.97011e-101 7.33939e-129 4.44641e-143 9.37254e-26 1.42557e-23 1.7232e-173
5.26875e-51 2.85707e-50 1.51336e-60 1.2416e-137 1.86728e-68 0.263423 2.60644e-85 4.82188e-57 3.53519e-28 2.25708e-56 1.60235e-106 3.22916e-68 1.47657e-39 2.75622e-102 1.01475e-67 1.27477e-105 8.80271e-104 1.35407e-108 1.35374e-115 7.83745e-07 8.85342e-76 1.46354e-153
9.04881e-39 5.09437e-116 6.47282e-28 5.43155e-45 0.921354 3.17039e-38 0.0227219 1.18977e-110 2.58396e-100 1.01711e-10 7.25285e-53 0.328808 1.55537e-20 3.44066e-114 5.25681e-53 1.14322e-85 7.02166e-99 0.056577 1.20592e-122 3.13131e-63 8.48753e-122 2.41902e-126
1.49075e-95 3.32575e-107 1.3029e-141 3.17673e-52 6.56119e-40 4.53331e-89 2.75348e-122 1.12758e-124 4.21793e-31 5.73417e-63 2.73353e-51 6.53218e-80 1.14596e-46 1.98665e-64 4.76085e-128 4.96871e-75 1.21006e-41 7.69035e-124 4.58983e-203 0.0202297 6.52787e-134 2.84969e-142
1.67637e-73 6.22339e-97 9.03232e-142 2.49658e-37 0.00874015 1.00223e-34 1.04786e-85 3.75156e-98 1.07648e-32 3.49905e-89 6.3261e-41 1.44387e-91 1.28954e-45 0.0367298 1.62654e-127 1.03136e-80 0.00179848 4.83884e-46 7.70701e-187 0.00227106 2.22975e-40 1.74205e-109
1.65063e-106 1.52908e-105 1.16354e-96 6.28272e-73 2.04758e-71 0.248333 1.13141e-99 2.01659e-123 4.18557e-59 2.70778e-19 2.66548e-66 7.87154e-75 2.66878e-80 5.70902e-75 3.50926e-68 1.46164e-82 4.60183e-97 4.00089e-37 3.69649e-178 1.47559e-44 9.50073e-95 5.62208e-64
2.43015e-41 3.938e-82 5.16408e-83 2.37316e-68 0.160752 1.22567e-43 1.02022e-120 6.18616e-80 4.89615e-44 2.64374e-50 7.28672e-99 2.73605e-95 4.9982e-51 2.96427e-80 3.24167e-42 6.81594e-27 3.84381e-79 7.5813e-129 3.25084e-141 5.65157e-23 5.77696e-107 3.84386e-49
7.03753e-64 3.95376e-30 6.60049e-116 6.59062e-90 3.11096e-41 1.00217e-11 1.27328e-84 2.16101e-70 4.65564e-12 3.1045e-44 1.82082e-98 2.92636e-38 1.29006e-86 5.53313e-91 1.75524e-91 1.54252e-90 2.67664e-95 3.04088e-79 1.78324e-193 5.54567e-62 0.00760092 7.76423e-32
2.93874e-21 0.00375899 1.21842e-42 6.29483e-07 8.7846e-24 1.13189e-67 2.39195e-102 8.84325e-63 1.76471e-97 1.0414e-17 0.131539 4.52592e-105 3.89255e-63 7.01377e-105 1.61506e-19 2.08165e-98 1.76809e-105 6.71237e-22 1.19673e-129 2.84903e-24 0.156807 6.55999e-77
5.62726e-83 9.07041e-19 4.72713e-52 4.9435e-27 8.48399e-08 2.91709e-96 1.53945e-48 8.85135e-120 3.39748e-93 5.55886e-50 4.28691e-89 1.61553e-91 1.45391e-92 0.0330833 7.66462e-41 1.11331e-61 4.80079e-18 8.61022e-54 3.06429e-156 1.11966e-58 1.39673e-94 1.93133e-166
6.9716 6.32078e-24 0.234076 3.14148e-17 0.413956 5.2892e-76 7.79666e-110 6.59703e-69 7.99922e-76 0.299418 4.97164e-118 4.17986e-10 0.133206 8.30851e-49 1.53629e-131 3.41229e-25 3.40229e-107 1.48053e-53 7.86755e-42 2.2514e-15 2.01566e-101 1.84385e-13
8.71435e-07 3.76031e-23 1.15243e-76 2.46249e-112 2.16189e-50 1.00489e-74 6.11596e-28 2.43387e-67 8.10545e-92 2.92136e-54 4.0068e-57 1.21326e-60 2.81419e-37 2.41366e-19 9.36362e-23 4.65903e-45 2.57232e-32 4.51011e-60 1.93401e-170 1.20599e-20 0.120028 2.19722e-27
3.31309e-90 2.1478e-126 5.18408e-141 1.89758e-90 1.10779e-63 1.42193e-42 0.125371 0.433717 0.866372 7.11326e-37 1.39054e-58 7.48674e-57 2.68051e-27 4.84391e-106 0.35577 0.393666 0.64856 0.156626 0.207881 2.49887e-39 1.1757e-87 0.201438
2.73337e-31 1.09038e-25 1.49815e-166 2.53628e-43 2.82539e-61 5.04033e-97 8.64286e-99 1.7301e-121 1.25042e-31 7.26149e-27 2.25345e-83 1.50671e-82 3.14896e-52 0.0359232 3.16829e-56 7.35169e-61 4.87839e-40 0.425279 1.10433e-122 1.18155e-33 3.63484e-52 2.24293e-73
8.71813e-96 0.232953 1.68746e-55 0.125525 8.28908e-72 1.27103e-13 1.83195e-88 2.60972e-36 3.51258e-75 1.46984e-33 6.90505e-24 7.02111e-84 3.32365e-90 8.45506e-18 2.88836e-71 1.72678e-40 0.133059 1.08236e-97 8.10882e-123 0.143793 1.1281e-123 1.94818e-61
