4.10539 0.605449
6.32941e-281 1.30433e-321 1.62939e-215 0.893946 1.53654e-223 3.37941e-321 2.58879 7.8013e-321 2.80171 3.8512e-14 2.6418 6.78984 1.50233 5.143e-197 4.07868e-89 5.35381e-80 2.74997e-320 0.624409 13.6526
1.44937e-103 4.36437e-181 0.000654701 4.69088e-305 2.32623e-272 4.84095e-308 1.03161e-320 1.14185e-197 1.15216e-320 4.24663e-236 3.37519e-287 7.38826e-320 4.5454e-321 2.89424e-320 1.36461e-320 1.12276e-298 1.57534e-181 6.47226e-321 4.94708e-320
5.89653e-269 1.08402e-163 5.04862e-39 3.23884e-232 2.36721e-187 1.07706e-321 2.57408e-321 0.460516 3.76972e-321 2.57717e-169 3.37284e-182 5.98313e-321 9.93072e-322 6.3438e-321 2.79147e-321 1.34929e-320 1.08334e-22 1.19564e-321 1.01333e-320
4.27235e-114 1.17094e-321 2.42075e-213 4.96685e-14 2.77089e-186 0.823856 6.00261e-36 0.0324981 9.98013e-321 3.95424 1.78783e-125 1.45601e-320 3.22131e-321 8.6436 2.88676 7.41801 2.37005 2.97922e-321 4.48957e-320
9.02171e-28 6.69455e-10 5.52505e-54 2.56622e-103 0.899745 1.50196e-321 2.25294e-321 0.0661159 4.30331e-321 1.9779e-232 2.20706e-175 5.17781e-321 1.23022e-321 6.97127e-321 2.79147e-321 1.52666e-320 1.16057e-303 1.9565e-321 1.5904e-320
2.15969e-220 5.77526e-197 5.2862e-67 2.59517e-291 1.20379e-44 1.40809e-321 2.70748e-321 0.0750338 2.00591e-321 5.80125e-273 1.19274e-186 5.21239e-321 1.12153e-321 6.77858e-321 2.81123e-321 1.29939e-320 6.2898e-209 2.26776e-321 9.21926e-321
1.72001e-93 8.2509e-322 1.09915e-245 1.58027e-203 9.54173e-68 1.90215e-321 4.52564e-321 6.13174e-268 3.68079e-321 0.28176 5.94855e-321 6.36851e-321 1.17094e-321 9.32796e-321 4.23908e-321 1.73822e-316 0.0188989 1.77864e-321 1.83694e-320
5.28101e-12 6.47226e-322 8.77223e-163 3.87347e-321 1.25196e-285 5.39592e-280 3.52269e-321 7.81731e-163 2.5395e-321 1.23934e-265 2.1107e-225 8.46829e-321 1.45749e-321 9.22915e-321 3.54739e-321 1.64623e-320 0.871473 1.6897e-321 1.00641e-320
0.00190477 0.000228683 0.000577508 0 5.53354e-322 0 0 0 0 3.66718e-300 0 0 0 0 0 0 0 0 0
1.53497e-222 5.05146e-144 8.05848e-132 9.07062e-315 3.8364e-184 3.74739e-181 3.60174e-321 1.6946e-207 7.85564e-321 2.55758e-291 5.10085e-45 1.0988e-320 1.60077e-321 1.24999e-320 4.01181e-321 5.67867e-183 0.341951 2.21084e-175 2.10423e-320
9.66293e-229 7.26276e-322 4.81566e-73 0.462437 1.53384e-317 1.41797e-321 2.5642e-321 1.12892e-141 4.01675e-321 1.24449e-181 5.18769e-321 6.01772e-321 1.07706e-321 6.82799e-321 2.96933e-321 2.36659e-256 5.20642e-87 2.03555e-321 1.9985e-320
4.61023e-232 7.77243e-148 6.14454e-190 5.2468e-260 3.98106e-142 2.23905e-247 3.86853e-321 2.87764e-294 3.11275e-315 3.60407e-184 3.29205e-68 1.08151e-320 2.10472e-321 9.03646e-321 7.03055e-321 1.3241e-320 0.241111 1.58595e-321 2.01282e-320
1.03193e-237 1.15504e-247 3.15214e-321 2.02498e-160 8.82432e-57 3.97226e-273 9.95727e-204 1.54393e-216 5.70646e-321 7.78902e-191 4.9302e-210 1.11659e-320 2.38634e-321 1.02506e-172 5.13828e-321 2.42981e-320 7.55594e-46 0.688155 2.11114e-320
