6.37624e-97 2.70126e-13 1.27123e-29 0.117169 4.25767e-84 4.65368e-203 1.6454e-82 9.30131e-70 4.37868e-137 2.96163e-248 4.80643e-181 1.17808e-175 4.966e-130 3.34234e-315 1.0391e-30 1.22438e-40 6.85782e-101 3.04651e-94 6.95976e-158
1.01512e-119 2.99676e-76 1.89188e-68 0.0717259 2.20099e-54 2.63802e-181 1.22191e-29 2.18759e-74 6.91864e-100 4.387e-214 6.90718e-153 2.85252e-169 2.83085e-98 9.06993e-246 2.39748e-43 3.67531e-122 2.26557e-87 3.21253e-102 2.59048e-11
3.51787e-09 3.98804e-14 1.23351e-136 0.0482016 4.86655e-52 1.10128e-196 0.151202 1.44698e-57 9.54304e-19 6.58944e-248 2.87783e-98 5.88819e-118 4.47667e-152 6.77873e-319 8.14196e-89 1.15288e-118 7.87888e-55 7.03096e-83 8.73217e-100
0.0278774 1.2741e-51 1.05034e-35 1.34447e-107 7.30978e-38 1.2738e-215 1.9316e-53 2.67025e-153 8.19019e-103 4.9752e-220 5.92073e-207 1.28419e-203 1.54153e-109 8.54734e-322 0.992114 3.76297e-111 2.39836e-115 1.55764e-83 5.92896e-74
6.47467e-125 3.6657e-45 4.49538e-37 1.0448e-06 0.216274 8.46879e-225 7.22081e-105 3.3103e-155 2.55428e-127 1.34265e-284 3.6546e-183 2.04804e-107 1.55277e-84 9.15356e-273 7.28414e-56 3.7291e-35 1.11677e-66 1.47085e-99 6.68557e-140
7.40436e-25 1.93728e-115 1.49052e-10 0.0887456 1.31342e-91 2.85275e-172 2.24833e-74 1.46411e-87 3.33941e-36 2.91877e-189 2.35391e-162 2.53736e-129 1.45752e-160 1.38832e-321 1.88092e-19 1.48489e-15 1.76899e-77 2.68613e-91 7.44617e-151
7.76329e-10 0.0169458 0.00403613 1.85187e-120 4.80991e-97 7.30337e-235 8.63058e-105 1.53431e-181 6.49206e-154 1.16304e-283 4.14853e-215 4.8819e-212 2.36806e-210 5.43472e-323 5.13955e-92 5.77045e-128 1.85409e-126 1.34796e-98 3.39368e-155
7.75002e-31 2.32335e-48 2.41175e-113 7.57861e-53 2.23745e-51 2.24434e-136 1.7295e-70 9.35523e-104 1.64273e-17 1.48344e-232 1.71424e-176 2.16439e-170 4.13153e-72 6.48813e-284 5.42801e-13 0.0796691 7.89427e-74 1.49217e-47 9.91718e-73
2.60926e-138 1.62054e-19 1.20774e-11 6.93296e-51 6.89604e-44 7.01805e-138 1.98673e-73 4.75466e-137 0.0215119 4.59964e-270 5.22864e-212 5.90388e-184 2.3479e-80 1.24999e-321 1.05242e-44 5.71794e-113 9.90298e-64 3.2336e-09 0.110793
4.04735e-102 5.50929e-34 2.15581e-24 8.22931e-22 3.94485e-58 7.78425e-233 4.76581e-36 5.22651e-172 3.17943e-75 2.46994e-211 1.2575e-186 1.71825e-159 4.66781e-175 8.00386e-322 0.518525 2.13831e-79 7.67046e-117 1.01422e-38 2.01598e-32
5.1177e-276 6.87159e-175 5.34513e-203 0.0492061 5.47612e-80 0.75772 3.87654e-20 0.645008 2.17795e-121 0.0892061 0.451871 0.404221 13.8913 0.636692 0.0131694 0.594854 2.69814 0.390667 2.84838e-138
6.64927e-116 4.93286e-72 4.19974e-14 6.38265e-108 1.25309e-27 1.40748e-212 2.18649e-18 1.43886e-44 2.33388e-69 3.03249e-236 2.0594e-166 1.51927e-184 6.91317e-197 1.43051e-306 0.0653027 1.81374e-76 9.94871e-123 8.96656e-93 6.28086e-35
3.85371e-322 5.12325e-159 8.75471e-06 3.04476e-111 1.05956 1.13719e-70 6.04203e-06 1.45188e-168 0.159411 0.036598 1.94271e-123 2.79189e-35 1.83903e-171 1.74724e-304 1.65588 2.13299e-35 3.62311e-72 1.72392e-100 1.2683e-119
