3.24093e-18 1.54434e-69 1.37744e-65 3.19755e-31 2.43458e-24 3.94142e-39 6.84316e-11 3.48747e-55 9.95754e-51 2.38289e-69 2.74782e-20 3.34875e-86 0.227088 1.63011e-81
5.19765e-22 3.57121e-75 1.76003e-08 1.35598e-56 3.80783e-09 3.35917e-50 2.84507e-50 2.93589e-71 1.21955e-75 0.010001 6.99439e-08 2.6845e-89 1.24969e-55 0.00849296
1.07416e-18 2.50044e-114 1.7347e-23 1.85716e-27 9.21119e-32 5.09902e-71 7.40147e-76 6.07449e-75 7.18903e-13 5.7539e-89 0.00114841 0.120473 0.017571 6.38148e-24
0.0219254 1.44805e-56 4.40754e-29 0.00830125 0.0883863 1.21915e-37 1.65391e-43 4.602e-24 4.91447e-27 1.4401e-51 1.21087e-20 1.11433e-67 2.23211e-59 2.02303e-83
2.31117e-35 2.12901e-72 0.082453 7.60847e-59 1.82971e-31 2.73136e-52 1.16191e-65 1.35967e-68 1.30673e-90 3.63566e-87 1.85446e-52 1.64092e-61 0.106938 0.0509691
3.07638e-21 2.60456e-74 1.38201e-50 1.0445e-09 0.0106401 5.85088e-77 1.11348e-09 6.7909e-59 9.03528e-60 1.90987e-33 7.75571e-63 3.82449e-62 0.356184 3.84632e-11
7.91836e-23 4.40721e-88 1.41931e-60 2.86241e-27 4.51402e-44 2.69461e-23 0.127418 0.0844024 1.1252e-49 0.0219379 5.42778e-17 2.61122e-70 3.67914e-41 1.69389e-36
4.28881e-28 7.30014e-115 2.84141e-28 1.79533e-60 0.234788 3.62797e-95 1.85651e-64 3.54668e-89 3.7695e-93 2.41387e-82 1.04191e-71 1.59726e-76 1.66326e-87 7.27888e-56
5.8041e-44 4.55119e-99 3.02479e-43 1.08782e-34 0.188254 1.33165e-76 1.63863e-36 2.53688e-46 5.11394e-41 0.0103571 1.0989e-69 1.45215e-23 3.22282e-05 1.62494e-50
3.24047e-05 5.73351e-30 9.91116e-51 7.50591e-64 0.011408 0.119996 2.89599e-11 2.24388e-69 0.0767301 1.41571e-66 7.6064e-41 4.8633e-29 0.05436 2.80662e-42
4.58918e-41 0.341324 7.27389e-19 2.87545e-39 0.587552 0.00239839 3.92475e-58 1.67648e-78 1.08882e-32 0.225706 0.126277 4.26509e-48 2.5479e-37 1.52026e-75
