6.92343e-67 1.39431e-107 1.41797e-321 1.22171e-174 6.80743e-199 3.58647e-258 1.14666e-289 2.00716e-315 8.58437e-148 1.88592e-209 2.54962e-146 1.87805e-55 2.00122e-93 1.8421e-118 4.76561e-313 1.23917e-82 3.19166e-321 1.18482 8.40112e-235 1.28305e-132
1.28463e-130 1.51525e-166 1.11195e-80 5.53916e-52 9.31401e-143 1.8043e-170 2.91993e-320 4.94352e-280 3.83259e-124 1.47105e-196 2.09814e-107 0.153003 0.916315 5.43569e-07 4.92935e-312 6.05489e-115 7.45733e-293 1.58402e-76 1.46416e-151 8.56791e-90
1.73349e-50 4.10349e-214 7.8156e-305 1.77368e-91 3.68264e-86 2.01658e-319 9.94475e-130 4.53549e-207 2.1881e-85 2.08022e-183 2.03117e-224 4.53651e-263 5.32261e-265 4.77289e-62 2.38817e-164 2.87389e-138 2.3867e-157 7.80431e-247 0.249917 2.79093e-259
4.39403e-56 1.52611e-178 6.49655e-272 3.56914e-145 1.10683e-266 3.60468e-31 5.70912e-130 2.17439e-107 9.82564e-48 4.63434e-321 3.62513 3.10061e-244 3.9751e-43 2.85883 1.45255e-321 8.39885e-197 4.83627e-230 1.71747e-170 2.60981e-50 6.82212e-268
1.17125e-71 1.50196e-321 2.26909e-210 3.80356e-89 1.21181e-119 9.60227e-144 1.44296e-283 4.68332e-193 1.10504e-102 9.2537e-137 1.00114e-120 1.43429e-154 1.82616e-135 1.10967e-320 2.25338e-177 5.96107e-57 0.173222 8.96366e-270 1.23808e-263 2.27092e-93
5.70489e-204 1.51678e-321 1.14922e-55 2.7675e-07 2.3951e-196 1.96255e-26 3.33087e-181 9.62739e-249 1.79823e-114 8.41547e-140 1.05878e-320 0.789294 1.47728e-12 1.88225e-224 4.67406e-154 3.22148e-209 4.38236e-321 2.34423e-100 1.34037e-43 9.97331e-141
2.0899e-321 2.49301e-287 2.32584e-269 1.57627e-202 1.02822e-204 6.32452e-45 3.45133e-304 2.52664e-160 1.92131e-228 1.23454e-249 1.52586e-148 1.92204e-265 5.69722e-319 4.74105e-257 1.17094e-321 1.18842e-168 0.178561 3.67183e-84 4.49924e-199 1.27193e-276
2.23812e-321 2.36581e-201 4.68334e-242 8.54094e-73 1.0326e-321 2.84146e-300 0.359205 0.0925362 0.553388 5.24204e-321 1.57014e-320 1.70113e-114 3.32333e-126 3.78553e-295 8.49728e-284 0.525835 0.104153 6.90783e-246 3.26828e-152 1.34488e-216
0.524209 1.35894e-28 6.65004e-137 9.57215e-236 1.10715e-21 5.06789e-178 1.05236e-321 1.15063e-149 4.26988e-63 1.22001e-08 4.63344e-245 4.94677e-189 3.12249e-321 1.20256e-320 1.20552e-321 2.41802e-140 0.522905 8.82454e-216 2.70554e-23 1.00021e-212
4.82748e-21 4.95732e-306 1.42047e-282 1.16176e-105 0.201555 2.29806e-07 8.99199e-322 7.67478e-162 2.84795e-276 1.3916e-184 1.25295e-320 6.05698e-88 3.91087e-217 0.46966 9.48606e-322 1.07987e-48 3.39975e-237 1.6094e-78 5.26251e-45 0.500519
1.90709e-321 1.71441e-321 8.50354e-228 2.509e-213 1.10151e-203 2.0892e-08 6.04194e-44 1.18539e-67 9.25317e-220 1.09122 1.52666e-320 1.78854e-201 8.66633e-05 1.67241e-320 0.328139 7.53129e-243 4.54046e-321 4.66078e-49 2.27239e-182 6.22814e-81
1.84286e-321 1.40809e-321 2.91133e-28 5.45478e-05 3.39573e-254 0.562106 1.30433e-321 1.70313 2.61804e-245 5.44954e-321 1.71741e-108 1.16119e-145 4.57458e-207 0.677832 7.77814e-297 1.04121e-207 1.78802e-210 1.69837e-74 0.153885 4.95848e-299
