4.69343e-147 4.23236e-142 9.24915e-126 1.43635e-170 2.29952e-104 6.28941e-47 1.18157e-40 2.08328e-105 1.03455e-116 1.3388e-26 3.77363e-87 3.98182e-131 0.34522 1.36884e-176 0.532177 7.54672e-174 1.20117e-08 1.16689e-152 6.17887e-87 6.80435e-36 0.593876 0.242875 4.70736e-182 1.08249e-13 0.929696 2.00161e-47 1.08977e-98 4.28257e-170 9.36121e-168
3.17031e-131 8.10369e-97 3.31618e-256 1.19748e-249 2.75475e-202 5.15993e-167 1.18648e-07 5.36526e-273 3.45712e-163 3.71542e-232 8.89058e-30 2.97181e-269 6.2818e-118 4.18666e-68 6.74843e-209 2.83304e-98 1.54024e-253 5.33481e-100 1.05599e-72 7.40867e-115 0.0745372 2.51572e-38 3.66782e-294 2.55158e-160 1.63363e-226 5.26965e-131 1.01784e-153 4.84904e-190 9.32078e-43
1.16325e-258 2.47041e-241 2.53763e-111 1.7524e-73 8.61189e-212 6.58021e-80 3.13443e-175 1.93731e-89 3.64173e-114 0.284008 0.0113955 3.96845e-205 1.69741e-18 1.20298e-77 9.09544e-100 1.62517e-12 4.55484e-202 9.34894e-23 5.29193e-43 8.13524e-43 0.504088 7.31366e-99 2.13456e-266 3.96708e-84 8.29737e-35 7.5223e-103 3.4471e-99 3.32987e-180 6.59822e-132
8.0182e-08 1.05992e-273 1.08343e-29 3.49551e-320 3.15164e-320 2.47166e-31 3.51241e-232 2.45479e-58 4.04936e-222 1.20343e-134 5.0666e-166 0.62023 1.36954e-145 2.40367e-29 2.12847e-68 0.980585 1.48126e-135 1.00256e-146 1.45465e-99 2.74378e-150 9.54438e-226 8.04059e-73 0.397788 1.07865 2.19291e-172 2.26151e-97 5.95939e-86 0.803254 0.699861
1.57642e-94 3.4255e-295 9.01583e-215 2.22315e-120 4.051e-239 3.19224e-215 1.55979e-177 4.95179e-42 8.3665e-257 1.78158e-135 1.06645e-40 7.24154e-245 9.93631e-142 3.09696e-165 1.92004e-94 4.47063e-06 2.56399e-84 2.37538e-15 1.69237e-88 1.11259e-156 0.30421 4.84149e-40 6.72555e-112 3.13417e-65 2.47501e-141 1.78158e-102 9.36577e-127 3.9605e-86 3.00444e-21
2.25897e-223 6.16909e-97 1.19823e-175 1.34491e-242 1.12566e-145 1.15426e-52 4.43854e-87 2.94869e-83 6.44393e-124 4.28606e-107 6.97922e-169 6.42068e-303 1.46397e-92 1.8662e-122 1.00077e-126 5.95618e-37 1.40556e-190 3.53317e-99 0.185317 1.16395e-152 3.19673e-99 4.50564e-99 1.64685e-265 2.67321e-136 1.3806e-197 9.87287e-116 5.70994e-52 5.62236e-140 2.08073e-92
2.65717e-102 1.13238e-115 2.87026e-176 1.95822e-230 1.65858e-116 1.65246e-65 4.73258e-156 3.10234e-56 1.42188e-263 2.35884e-26 1.55259e-140 9.47914e-106 2.81878e-124 0.215201 1.11637e-110 4.99811e-160 1.92485e-84 0.196958 3.75649e-165 5.35989e-33 4.583e-127 5.43779e-110 1.17071e-210 1.54457e-133 0.212689 2.60555e-25 9.93934e-29 6.68897e-209 1.25989e-117
0.000540215 0.000809099 2.59733e-05 0.0167731 0.0137842 0.000893966 0.000661178 0.000288053 0.000462652 6.24413e-257 1.00765e-200 7.86147e-319 1.05812e-158 1.40879e-190 1.52701e-255 4.13481e-199 1.15214e-266 2.19302e-157 1.29875e-249 2.86763e-204 4.59354e-305 2.30473e-162 4.94066e-324 2.8321e-190 7.07878e-234 2.96923e-154 3.15158e-197 1.49611e-213 6.92425e-221
8.45765e-277 2.84546e-156 7.447e-131 1.07533e-07 1.92543e-87 7.61243e-77 5.82209e-128 9.64524e-172 8.86244e-14 2.73357e-149 1.21477e-28 6.30501e-126 8.37203e-110 1.0153e-134 1.16659e-20 1.4581e-116 3.00251e-26 1.86953e-137 1.70103e-10 8.94622e-163 2.07852e-168 1.15753e-116 5.7025e-249 4.08251 0.225465 0.134157 2.32177e-43 1.7252e-27 9.42015e-210
4.55291e-195 1.41364e-255 3.22725e-67 2.47441e-198 2.37487e-256 2.81916e-190 1.44828e-137 2.38678e-112 7.64351e-167 0.0534341 3.99049e-36 1.16102e-155 2.21726e-77 1.96007e-179 7.08799e-200 7.57672e-67 1.94024 4.95851e-112 0.082123 0.543803 2.4298e-230 4.51396e-36 1.66657e-292 0.300701 1.10235e-158 2.23122e-23 0.279599 1.11641e-154 9.00433e-31
2.33531e-109 1.09624e-103 5.63344e-125 4.5588e-152 2.0864e-210 1.8212e-56 2.03954e-148 5.8329e-68 3.58245e-59 8.38413e-113 0.189554 2.50177e-255 2.07187e-30 6.20828e-134 2.12677e-243 9.40861e-121 4.62851e-126 7.96116e-78 6.17667e-140 2.36531e-40 1.09633e-277 1.01659e-129 1.63071e-80 4.57184e-45 5.15523e-191 1.98991e-86 1.14211e-56 7.11838e-194 1.59916e-100
