7.34264e-36 2.50037e-29 7.4858e-38 6.03285e-06 1.20428e-07 3.77805e-35 3.85398e-38 3.17189e-68 1.4314e-33 1.96532e-51 1.36277e-93 0.00832157 7.34855e-67 1.37034e-47 9.22646e-109 4.85381e-90 5.88188e-42 1.9854e-40 1.11018e-123 0.0104455 5.08973e-71 1.33369e-91 1.82458e-24 1.08772e-72 3.66356e-64 1.43299e-45 1.66396e-31 7.05583e-90 0.216601
1.67273e-45 2.46466e-80 5.47819e-31 5.18714e-52 7.28314e-35 1.62204e-87 3.86529e-46 2.73445e-66 1.71168e-28 4.11694e-62 2.65239e-83 0.0428311 6.57891e-79 5.37518e-46 2.33304e-79 3.40802e-141 1.40195e-52 2.47051e-94 1.05361e-93 4.35319e-39 5.88082e-56 1.42595e-60 7.11032e-13 3.42707e-67 2.97162e-94 3.89291e-23 4.17275e-24 4.84811e-93 8.07839e-33
7.70683e-22 8.11406e-14 1.19027e-49 6.23114e-49 2.41068e-36 1.89668e-36 1.63759e-65 0.0134252 2.53074e-46 9.84497e-98 7.34393e-32 0.0645229 1.59279e-112 4.39282e-48 6.94181e-88 3.75517e-119 4.10776e-49 1.55782e-49 1.06254e-101 2.55215e-47 4.74789e-23 4.7476e-60 1.22246e-06 1.21144e-42 1.3002e-75 2.3231e-40 0.110208 4.16121e-76 2.51028e-19
0.000934144 0.0130589 0.000630083 0.000530941 0.00253223 0.000345903 0.000760451 3.22672e-05 0.00180597 5.38276e-105 3.96936e-97 4.7725e-50 2.91213e-119 2.16059e-112 5.51763e-163 6.08989e-177 3.9314e-62 5.95903e-114 1.24491e-136 1.1805e-56 8.19257e-88 1.10135e-100 5.26381e-26 3.64915e-105 5.69721e-102 7.32098e-76 7.48514e-93 2.61037e-106 1.0021e-39
1.28776e-08 0.0203086 8.41406e-28 3.75889e-12 1.56368e-12 5.40553e-63 1.5733e-51 1.13105e-27 0.000179934 3.52175e-94 1.39895e-95 7.72976e-48 1.12432e-84 1.97553e-108 1.47633e-132 5.92794e-166 0.372714 6.58444e-83 4.54969e-119 2.93537e-43 1.50047e-75 8.4563e-72 0.302407 1.07321e-80 4.05806e-90 2.69315e-53 3.69661e-67 1.42616e-83 4.6773e-07
2.67821e-13 1.39962e-09 0.00825429 4.75768e-39 8.64021e-31 1.63198e-46 3.23125e-07 2.64926e-21 3.5883e-17 1.40341e-75 3.98071e-55 6.30568e-39 8.93219e-97 1.5987e-97 7.69101e-154 3.25494e-122 0.299829 1.07395e-101 1.0277e-126 5.87405e-41 2.19454e-69 8.88775e-96 1.11364e-14 3.84381e-75 4.12684e-99 3.72167e-72 8.72601e-74 4.46956e-60 5.25965e-20
2.70845e-05 2.75125e-45 1.60517e-30 0.00154693 7.4962e-24 4.05588e-42 4.29818e-64 1.95855e-66 1.64328e-11 4.72272e-103 5.19508e-85 2.66839e-13 3.21808e-39 2.48634e-80 1.55924e-76 3.03314e-124 2.24175e-17 1.38508e-53 1.32503e-36 2.09889e-10 1.9825e-71 2.10133e-60 1.27129e-21 1.27339e-103 1.544e-59 1.65419e-34 1.51558e-18 5.0769e-34 0.413086
7.21374e-82 2.54456e-05 2.55587e-51 1.78923e-53 1.29712e-43 1.31804e-26 1.07324e-56 2.15431e-17 2.45575e-91 0.000168319 7.12726e-75 3.75865e-26 0.155694 0.408559 1.62591e-69 1.25927e-28 2.61971e-49 0.493262 3.07137e-78 5.65178e-52 1.33866e-12 7.50083e-53 1.14735e-06 6.72894e-98 0.387675 0.0299227 5.81995e-42 7.64902e-57 2.17354e-10
1.06358e-36 2.72679e-15 1.04917e-37 4.20078e-09 2.65819e-20 2.42258e-19 2.77912e-56 4.24249e-11 3.21471e-46 6.37299e-91 1.25493e-82 8.32853e-39 2.85912e-95 8.15738e-103 4.07188e-100 3.04478e-139 5.11209e-22 2.72107e-84 1.53641e-104 3.68919e-17 6.80673e-80 1.21171e-97 1.14471e-21 8.32939e-66 1.32156e-53 3.65911e-34 1.50226e-72 5.48281e-102 0.109419
4.94264e-88 1.5913e-98 2.56034e-23 8.51361e-47 9.02895e-37 1.11531e-86 7.15442e-145 6.05534e-128 2.00831e-124 6.26721e-22 0.410082 1.1081e-16 1.23077e-105 9.98009e-78 2.7733e-140 0.142595 2.67686e-53 1.28405e-73 6.58637e-129 1.21096e-48 4.779e-61 0.071797 0.200326 0.365537 1.43266e-85 6.81597e-49 1.27505e-65 6.02032e-09 1.99332e-07
0.0108095 1.83008e-75 4.5982e-72 2.90064e-118 1.23014e-49 1.47787e-56 3.36461e-95 4.65668e-119 6.41081e-117 1.14931 4.95922e-27 5.54559e-43 3.18115e-107 1.72477e-80 0.556907 9.19486e-148 2.7234e-30 3.10158e-38 0.238207 2.55764e-27 0.160763 1.87407e-40 3.13173e-20 4.00078e-13 3.95511e-10 6.58061e-66 3.59422e-65 0.167242 12.1043
