3.57741e-153 4.40687e-82 3.88453e-219 2.03263e-08 1.69252e-51 1.14529e-85 0.0314368 2.54716e-66 4.384e-182 1.90244e-301 6.33553e-83 1.54591e-110 8.75649e-80 9.202e-64 4.50939e-122 6.5413e-303
7.4619e-269 5.4234e-194 6.90614e-27 0.00349797 3.69314e-40 4.13078e-48 5.47676e-155 0.974752 1.70823e-212 4.51821e-249 8.44158e-121 1.01851e-250 1.30484e-72 3.30728e-195 1.13082e-216 9.66592e-277
1.74899e-321 1.50359e-72 2.99114e-180 6.89845e-42 5.8942e-321 3.36881e-92 0.0771218 2.22496e-74 1.56921e-160 1.15293e-312 1.69205e-245 1.565e-303 9.47146e-16 1.13543e-93 6.0372e-207 7.11455e-322
3.55763e-223 3.03408e-164 4.35658e-167 4.3107 4.92583e-321 6.00571e-195 2.23593e-42 2.10779e-226 9.7068e-231 1.88079e-252 2.9209e-263 4.50559e-296 3.12535e-181 9.81564e-208 2.30254e-193 3.21095e-318
1.57877e-137 7.38092e-44 6.68954e-221 1.03283 8.00351e-178 3.93015e-31 1.75795e-183 1.8321e-239 4.32474e-102 1.45896e-249 2.64975e-253 1.47999e-235 0.200061 0.166969 8.99968e-91 2.84291e-192
0.622147 2.0943e-25 6.75302e-24 0.384351 1.06799e-79 9.59166e-64 2.16622e-88 2.27048e-15 9.19196e-146 8.57238e-270 4.307e-242 2.81163e-13 2.01865e-154 1.3047e-124 6.58804e-293 0.276794
7.93344e-149 0.0162522 6.19592e-198 6.89141e-84 2.20125 3.99593e-22 5.34024e-97 8.49339e-233 2.1544e-21 0.227454 5.45995e-266 0.880295 3.1587e-18 9.82176e-47 1.06322 5.5234e-89
2.71242e-321 2.67076 3.77235e-43 9.77938e-08 2.39466e-296 0.388915 2.67428e-125 2.09714e-178 0.131833 0.175207 0.0871518 4.10511e-256 2.02957e-37 5.77243e-134 4.47209e-263 8.27116e-199
1.43547e-208 3.02299e-180 1.54501e-209 0.0326079 7.08299e-134 7.75976e-125 1.99551e-176 2.89596e-197 4.15678e-178 1.94322e-116 3.1012e-60 2.26681e-128 1.04626e-180 1.98006e-43 1.8154e-264 2.86646e-314
3.23752e-252 2.43585e-142 1.7666e-149 8.971e-134 1.41659e-149 3.51632e-123 0.112554 1.58771e-304 1.61257e-214 3.28816e-319 5.37228e-284 9.9503e-131 3.27038e-85 4.83286e-137 9.40637e-184 5.39516e-141
2.43098e-245 1.25622e-116 1.2796e-148 5.52058e-147 1.6479e-296 4.32733e-201 4.77524e-185 1.6644e-122 3.20553e-192 2.58362e-240 1.71038e-74 7.68616e-284 0.452122 2.47707e-141 1.04305e-147 8.20149e-322
6.02541e-278 6.66176e-166 2.16703e-159 1.47996e-89 6.59889e-185 1.0778e-218 1.39304e-48 2.94834e-230 6.49875e-170 9.0414e-322 1.58065e-215 1.86319e-185 3.51252e-76 1.57753e-206 2.099e-282 1.26405e-253
7.04695e-230 1.24145e-34 4.21794e-109 3.38703e-53 2.89174e-164 1.80917e-194 5.8981e-153 3.52244e-228 7.04389e-37 4.4965e-124 0.198823 3.49981e-84 6.19247e-85 1.14536e-27 5.22616e-79 2.04288e-32
1.94037e-249 4.88414e-13 4.73081e-208 2.80549e-135 2.76274e-74 1.28446e-210 1.00514e-166 2.66932e-251 1.08461e-171 0.0541027 1.95101e-65 6.68581e-143 3.11318e-31 9.79602e-20 1.17682e-74 1.09683e-321
1.51678e-321 6.23218e-122 3.92982e-97 0.151254 5.73163e-248 5.33591e-218 1.81585e-129 2.63489e-102 1.38703e-153 3.21315e-295 7.2464e-264 5.53277e-154 2.64104e-179 1.41463e-175 9.24262e-211 1.46818e-209
3.11261e-322 3.58982e-192 5.40456e-198 2.3849e-169 5.40232e-307 1.4379e-244 2.50579e-151 2.38363e-294 9.0175e-231 2.32211e-322 4.51353e-281 3.01534e-273 1.12704e-163 8.90026e-198 5.22565e-263 1.4822e-322
4.36716e-76 3.56493e-189 2.35249e-137 3.0855e-58 1.25642e-16 2.44079e-23 0.084305 8.00925e-14 4.49388e-67 5.0774e-48 5.85149e-200 6.09789e-81 1.7095e-143 2.38027e-146 6.36395e-272 4.53594e-54
4.76439e-59 1.27986e-49 0.376985 6.07304e-114 9.52427e-279 9.72559e-77 0.472803 3.15233e-277 9.19734e-107 2.27374e-235 3.81565e-287 4.12093e-16 4.92383e-104 6.2597e-122 1.04567e-25 2.82274e-131
