1.12144e-53 1.3683e-109 5.11518e-11 1.92704e-64 0.784612 7.6524e-75 5.64531e-85 1.00111e-43 6.62254e-112 2.74232e-193 1.25774e-185 2.94327e-45 7.42019e-244 6.1918e-187 0.160786 7.31166e-97 3.45135e-33 9.49372e-217 4.16942e-20 8.57825e-222 1.59359e-106 7.43051e-170 7.47804e-187 2.23591e-149 6.69604e-186 3.69896e-23 4.59061e-162 4.38423e-126 5.81368e-137
1.5189e-15 9.3804e-69 0.0834904 6.70221e-107 7.486e-149 1.83862e-72 2.57405e-177 2.89382e-97 3.17467e-134 1.31211e-108 1.02125e-295 2.83029e-188 1.3802e-232 2.84106e-222 5.23888e-102 1.81665e-250 6.79249e-11 5.15981e-283 7.65627e-229 1.07637e-228 7.54435e-30 5.10978e-114 2.27014e-149 1.1246e-218 1.44989e-162 3.60013e-39 6.12925e-74 4.98244e-149 3.16791e-72
1.16973e-135 9.67565e-73 0.100839 4.3953e-74 1.89545e-61 1.28057e-59 3.71674e-90 8.50988e-142 5.65272e-108 6.61676e-160 5.41594e-197 1.37887e-208 5.00671e-201 1.61069e-280 1.39694e-99 4.70683e-124 2.9859e-40 3.25086e-275 2.40291e-126 1.44301e-229 2.21409e-54 4.07654e-211 1.57882e-248 6.5519e-168 5.59664e-147 5.67767e-70 1.54056e-92 2.57873e-162 5.56953e-150
1.607e-151 1.20594e-36 6.5078 7.40455e-125 3.76547e-09 0.00580192 2.23869e-110 4.35751e-71 8.59265e-180 0.35864 1.3578e-153 3.51099e-214 2.77991 8.09551e-165 6.82351e-68 0.280673 3.37714e-10 3.75372e-97 0.306372 3.63632e-321 0.271446 0.228823 5.82651e-182 0.202963 1.46001e-137 0.282663 0.324424 0.418 1.70495e-145
1.57079e-123 1.30208e-89 7.1877e-82 0.0218351 9.37033e-07 2.2174e-83 2.73247e-100 5.12784e-77 8.53679e-68 6.0167e-66 4.3254e-202 1.73329e-153 2.30702e-93 1.31123e-194 7.52625e-109 2.03263e-96 0.360357 1.86337e-195 8.71077e-63 9.77835e-237 6.49861e-109 7.03206e-222 1.07719e-151 4.11971e-57 2.67748e-110 6.1861e-104 2.89262e-156 1.92275e-110 2.98877e-63
2.173e-133 1.70699e-112 5.95617e-103 3.29334e-35 0.141817 2.04666e-50 1.78591e-176 2.25421e-72 8.37937e-184 4.08332e-111 7.5592e-322 9.51158e-89 7.94012e-186 5.17201e-311 6.76957e-54 2.22484e-116 5.72058e-27 4.05611e-246 2.93573e-121 7.11836e-187 2.95331e-108 2.01035e-182 5.58603e-296 3.17179e-224 5.39384e-129 1.23478e-197 1.34987e-31 2.96067e-122 1.78203e-62
3.0974e-50 6.25012e-57 2.60313e-66 7.93201e-115 4.31203e-94 4.09045e-53 1.50851e-136 0.200732 4.32543e-200 1.34211e-203 5.93288e-181 4.26609e-180 4.87575e-73 2.01732e-155 1.84364e-52 3.39594e-212 0.000911434 4.16592e-146 1.6057e-93 2.3528e-275 8.4252e-62 2.22738e-113 3.68369e-225 5.34628e-151 7.54267e-82 4.72801e-102 1.83412e-67 4.38655e-215 8.80776e-113
2.24461e-168 0.731741 6.31336e-11 1.77968e-141 7.14464e-45 0.561289 0.256985 3.77187e-26 0.101589 6.80881e-241 0.301703 1.8933e-98 2.55456e-261 0.371673 1.07785e-30 2.21374e-40 2.73221e-74 0.385172 3.86959e-122 1.04745 1.00947e-171 8.33069e-103 0.209829 9.23252e-65 0.354805 5.01913e-89 1.3553e-20 1.17918e-152 0.124248
6.07767e-83 0.41032 4.23384e-41 0.000119939 2.50089e-135 2.43241e-153 1.75105e-77 4.68451e-24 1.83296e-112 3.87708e-193 4.81758e-185 1.66643e-144 4.49407e-139 4.84372e-283 5.71414e-10 8.50184e-229 0.000236292 2.36377e-142 5.89612e-72 7.0015e-167 4.54487e-49 1.5273e-75 1.24213e-311 6.79224e-152 3.73347e-53 9.26376e-196 3.85511e-26 1.80515e-238 1.88657e-68
4.52433e-129 7.01042e-108 0.0941743 5.3481e-40 2.91298e-38 3.28899e-109 1.46449e-113 1.13831e-96 5.5553e-211 3.332e-244 3.34401e-174 4.42014e-45 3.64838e-274 6.85465e-174 6.95256e-115 1.09733e-130 2.38876e-103 5.05276e-177 1.12611e-88 2.34187e-321 5.21669e-88 2.98222e-177 4.64954e-227 3.71496e-222 1.98858e-80 1.70278e-148 3.26382e-146 2.59954e-127 1.11018e-114
0.000721694 2.46205e-38 4.09541e-99 4.40882e-145 6.44504e-86 2.15543e-138 3.88477e-177 7.3034e-43 3.40915e-120 8.1125e-243 1.21147e-111 6.43605e-92 4.84889e-172 3.62444e-183 2.66709e-05 7.72477e-229 1.09038e-93 1.03383e-215 1.33985e-57 2.706e-271 0.326468 7.12964e-48 4.91176e-295 2.34428e-112 8.30464e-93 0.0901652 8.93396e-80 6.41993e-78 8.80548e-150
2.1757e-172 1.39197e-79 1.28198 1.11385e-125 3.80361e-15 2.10646e-118 1.74339e-179 1.03686e-112 2.71908e-188 5.23868e-100 3.82775e-253 3.39925e-83 5.74121e-178 1.20621e-302 2.03777e-46 6.6916e-254 5.26972e-71 1.02642e-272 2.50388e-225 2.45057e-321 2.0939e-168 7.07421e-124 1.84213e-188 2.03584e-98 1.28253e-80 1.6841e-105 4.93388e-158 1.59418e-160 2.69944e-73
3.99701e-96 3.48037e-13 7.3089e-81 0.0222159 3.12272e-98 1.29937e-136 8.44888e-102 0.198488 8.60668e-182 5.02531e-129 1.09766e-198 2.54704e-122 1.42343e-81 1.09985e-257 5.29792e-83 4.58164e-85 4.02736e-126 1.04892e-290 7.90253e-96 2.6488e-239 1.36878e-81 3.85898e-82 3.79047e-313 5.13524e-223 8.92262e-69 3.61144e-175 1.09181e-89 1.29965e-252 1.41937e-88
0.0201193 1.27704e-85 1.66644e-69 1.55827e-34 9.66422e-74 3.99562e-154 2.11549e-144 0.1797 1.1117e-69 1.80889e-225 5.59359e-184 2.61914e-45 6.77379e-258 1.88373e-157 5.44947e-94 8.73604e-242 8.64549e-119 1.32889e-193 1.91669e-171 5.4248e-276 1.12376e-27 5.30883e-177 2.10203e-189 1.82065e-94 3.95242e-108 7.09914e-207 6.10752e-99 1.68871e-219 2.66754e-65
0.188616 1.25453e-76 8.59405e-08 0.170199 3.47409e-124 2.95435e-09 8.89693e-98 3.55668e-126 1.22297e-166 2.37572e-181 1.55074e-153 0.151202 4.67253e-137 1.3983e-289 1.69754e-52 2.23007e-240 3.37769e-30 1.99988e-146 5.65722e-169 5.6659e-185 1.3179e-152 7.8609e-158 1.17962e-215 4.81104e-259 1.15924e-143 6.5491e-153 1.93835e-94 4.49024e-56 1.8861e-146
