6.67296e-33 4.81261e-91 3.79136e-79 9.0343e-31 1.14426e-105 1.04915e-100 7.12675e-69 7.37851e-131 1.80463e-57 1.36453e-66 2.12399e-76 3.72065e-08 3.20227e-66 1.03241e-66 6.39078e-119 0.00910319 2.38989e-09 3.82197e-85 1.7631e-53 1.92633e-53 3.64029e-117 2.34943e-07 1.25412 1.56387e-48 5.20267e-93 2.94677e-22 2.6253e-80 2.90285e-55 1.44286e-40
1.59119e-54 1.75457e-80 9.07652e-55 2.55032e-106 1.72304e-85 1.43326e-71 1.96496e-96 7.16194e-122 2.9362e-69 6.97204e-49 9.58763e-43 2.72223e-11 8.76865e-78 2.72708e-116 1.41668e-70 3.24941e-54 7.65133e-67 6.10616e-113 7.69572e-106 3.58893e-44 9.78487e-44 6.134e-63 0.0359783 5.85605e-52 7.8311e-97 7.14375e-58 7.28512e-72 2.92227e-96 5.23025e-92
2.41149e-45 8.65292e-55 1.02224e-66 9.77282e-74 3.49575e-115 2.05482e-79 7.66327e-115 4.94797e-59 1.84456e-69 2.08205e-70 1.82596e-27 4.45192e-14 9.65838e-54 1.30172e-81 1.30206e-43 1.30832e-66 1.70102e-27 2.91294e-88 4.25899e-54 4.62504e-30 4.06202e-81 2.84087e-58 1.06522 8.42279e-84 7.68294e-63 1.08653e-35 1.49081e-84 1.11754e-112 1.32094e-61
2.02492e-63 3.33028e-39 7.44889e-53 0.00542154 3.76625e-117 5.63679e-136 7.07574e-31 3.87299e-107 9.61097e-92 4.01852e-29 1.00744e-55 4.68006e-17 4.46724e-109 5.63403e-102 1.01654e-81 6.26443e-89 2.13293e-44 1.16013e-114 9.8287e-62 1.45331e-59 6.92691e-105 1.04845e-71 2.16054e-29 7.59387e-25 1.01373e-34 1.72246e-79 1.66384e-89 6.27435e-109 1.59091e-51
6.62098e-28 2.66175e-89 3.56617e-73 2.21796e-41 2.5363e-43 4.82873e-83 1.417e-111 8.32038e-88 6.67307e-121 2.15094e-05 2.71864e-58 7.28138e-06 1.00343e-103 5.07129e-41 2.07745e-71 1.74255e-60 2.70953e-33 3.37944e-83 1.24965e-31 2.35504e-12 0.198067 5.50186e-29 1.5855e-07 6.28728e-72 1.85865e-86 9.23879e-31 8.41021e-89 4.11206e-146 6.68806e-57
8.41729e-95 7.66825e-30 5.85426e-24 1.02965e-05 4.13192e-49 1.41935e-134 8.64458e-46 1.5299e-128 3.83374e-85 2.0625e-18 1.3843e-14 1.1015e-07 1.49573e-75 1.51864e-84 3.11182e-103 2.66983e-17 5.34474e-70 1.32137e-49 3.56272e-59 0.0359239 3.74366e-82 6.05463e-55 1.46699e-11 2.35234e-07 3.50458e-44 1.91437e-32 5.06534e-98 3.73027e-29 8.59917e-19
3.721e-08 1.32353e-18 7.5883e-18 3.05041e-12 2.30596e-120 1.02945e-44 1.33524e-35 7.52776e-47 3.67805e-116 7.22469e-82 0.0141878 2.58073e-32 1.91054e-78 5.41745e-106 7.56944e-33 4.75277e-62 4.4247e-38 2.81724e-40 2.02464e-123 0.0988741 2.4153e-50 5.67178e-06 9.85542e-43 1.91739e-90 3.00286e-45 1.9194e-86 1.2606e-59 1.63378e-135 2.27027e-105
4.40207e-32 3.26778e-07 0.000446494 2.80938e-83 4.17498e-73 6.60844e-86 0.228444 1.24051e-20 8.86502e-48 4.62574e-09 6.60248e-17 4.89167e-24 5.0325e-24 4.04707e-48 2.24395e-47 3.26618e-102 4.21561e-82 1.44261e-34 7.87227e-125 3.36045e-47 1.11215e-37 4.57463e-53 6.52566e-19 7.40406e-54 0.123007 5.04905e-81 0.0344215 0.0922581 6.35412e-49
1.84948e-81 3.9073e-12 1.09553e-51 0.230375 1.69086e-52 0.0314322 1.61137e-71 0.136538 3.89294e-80 4.0517e-77 3.37385e-48 7.24019e-31 3.10965e-52 1.8985e-81 0.239896 1.95331e-05 6.92696e-47 0.204405 7.50917e-138 5.16778e-08 0.0671197 3.28271e-45 1.65531e-71 1.89717e-61 4.36063e-62 0.190076 4.27469e-68 5.73667e-47 1.08129e-62
0.0395478 2.03321e-45 7.8228e-10 5.21495e-37 0.0708371 7.87958e-54 7.00789e-86 7.61953e-83 2.59631e-73 1.61789e-71 1.66462e-52 4.17239e-28 7.97745e-108 6.54361e-24 3.49676e-110 1.4793e-07 0.0533729 8.01868e-60 0.134749 4.47012e-19 6.03855e-90 1.82103e-62 0.0647731 0.149246 3.79849e-41 9.19734e-07 7.66161e-39 3.52265e-47 6.59498e-98
3.25216e-90 1.67493e-93 1.22386e-78 2.10819e-83 3.53076e-60 1.68171e-74 1.51477e-67 7.89524e-112 2.31757e-82 6.53223e-51 2.46695e-43 1.17588e-09 4.45407e-65 5.52248e-45 4.46634e-105 4.47916e-67 1.36246e-30 9.18325e-86 1.67303e-52 4.56115e-12 1.93115e-32 3.24306e-68 0.924999 5.40056e-44 3.58179e-73 2.16279e-88 2.87254e-66 8.89623e-89 2.8e-50
7.72409e-74 9.4878e-31 4.61754e-18 1.20005e-46 6.00871e-111 3.11687e-75 2.94602e-102 2.4032e-36 1.42541e-53 1.65374e-65 3.65832e-29 1.63109e-16 4.37812e-63 1.99437e-57 1.07397e-22 0.024465 8.29684e-15 4.05066e-103 2.37349e-50 0.0264897 5.38736e-26 2.68211e-70 1.13846 1.82177e-44 1.85572e-41 6.44881e-88 4.86706e-85 6.07145e-92 5.99785e-18
4.48929e-71 3.30155e-54 2.49376e-10 6.09342e-83 7.51972e-146 1.34619e-55 8.60633e-97 1.27714e-111 6.62523e-123 1.79585e-09 7.72235e-80 1.33383e-24 2.96369e-35 1.41811e-07 2.09566e-115 6.15096e-95 8.19824e-72 3.06925e-48 1.59673e-66 0.122972 1.50592e-66 4.87672e-71 1.66106e-27 3.80582e-16 4.02044e-22 1.26732e-47 1.16468e-40 1.52883e-144 9.40417e-10
0.30054 0.0892722 0.224871 6.0298e-91 1.43419e-67 8.63314e-79 1.15471e-90 3.34304e-84 0.118029 5.11093e-47 3.26653e-32 0.141765 0.113982 0.155761 5.40854e-66 9.63876e-19 1.3272e-78 2.73092e-111 5.65031e-09 1.31388e-62 6.5837e-106 0.68322 1.10888e-82 1.15384e-96 4.17649e-59 1.67552e-15 1.16408e-47 2.25823e-79 7.59429e-98
1.59285e-34 1.8067e-54 4.81915e-64 3.33296e-107 3.27526e-137 3.79512e-107 1.04053e-28 5.03119e-18 9.20628e-78 0.311534 1.97949e-93 1.01966e-38 7.98816e-38 8.67451e-87 7.83098e-117 0.0140131 1.04106e-37 5.06362e-27 2.92423e-95 2.59116e-19 8.44497e-11 4.30937e-59 3.75131e-71 7.26976e-94 2.74296e-112 8.37878e-83 8.82665e-88 8.96361e-117 0.0911654
