2.40761 0.269134
7.88559e-206 1.67729e-119 8.16558e-57 4.02187e-250 3.04832e-59 8.85789e-22 9.28375e-49 1.02773 5.77085e-51 9.62687e-47 7.55458e-140 7.71198e-70 0.208397 2.04836e-193 6.20692e-305 7.25958e-32 2.99034e-108 0.455525 0.868692 0.820897 4.81523e-179
2.18776e-63 4.74787e-171 0.244162 0.762578 0.000464932 0.0220528 0.203883 2.19627e-46 4.50364e-102 0.393834 6.24885e-108 8.69253e-21 8.62217e-233 0.687389 8.51723e-172 5.39202e-27 0.110334 9.80211e-159 1.18885e-318 1.77789e-27 5.28067e-168
1.64387e-136 2.39081e-176 4.01988e-186 2.45084e-267 2.45388e-109 6.73208e-24 3.77996e-251 1.10178e-96 0.0572241 2.6671e-79 9.8132e-96 1.28209e-99 5.47427e-127 2.90041e-230 9.53547e-322 1.78199e-34 3.63204e-260 1.35482e-237 2.73218e-321 7.28679e-97 4.02619e-62
9.19659e-70 2.02152e-216 2.10189e-130 1.29388e-218 8.4213e-44 2.24325e-72 1.73005e-274 5.7496e-83 0.532262 2.81772e-66 1.77219e-111 0.243258 5.30212e-294 2.97107e-265 2.99893e-249 4.95441e-25 4.1986e-121 1.73227e-38 1.84579e-228 3.64912e-267 8.57996e-138
9.87685e-15 7.22815e-80 5.96322e-116 1.94572e-208 9.89199e-145 1.10966e-32 4.12956e-213 5.93988e-74 8.44969e-247 2.95937e-59 5.49819e-181 8.88214e-140 1.88846e-45 4.13021e-157 0.380329 2.10121e-17 1.5747e-176 6.53416e-17 5.97739e-123 2.80685 0.710765
3.13183e-251 1.45705e-95 1.50317e-82 5.83312e-171 3.568e-09 1.22065e-08 1.47484e-126 7.28358e-143 1.04317e-149 8.26342e-16 8.80934e-77 6.63863e-229 5.90863e-20 0.332879 2.4804e-224 0.0221788 1.21979e-306 2.156e-149 2.43987e-83 2.67295e-172 3.93193e-57
1.90979e-134 3.1335e-88 9.09399e-204 4.88148e-272 3.6516e-66 2.0902e-71 1.75646e-287 2.62766e-121 0.126882 4.60475e-65 2.37598e-88 1.78675e-59 2.4943e-206 1.69383e-52 1.58139e-288 4.77695e-173 4.90732e-298 5.73592e-166 2.38634e-321 8.10871e-99 1.37739e-125
4.13621e-255 7.39241e-211 9.74761e-117 6.6486e-317 5.47324e-139 0.0922009 3.13066e-161 8.5827e-82 2.45996e-218 3.23168e-144 1.01632e-28 4.01337e-192 3.61433e-255 1.40986e-286 6.64124e-141 3.06374e-125 6.59183e-166 7.96922e-132 6.90135e-188 1.4303e-235 0.00010242
0.413283 2.79757e-246 1.14686e-232 9.33018e-136 2.00159e-07 4.43358e-44 5.57162e-119 1.01713e-113 9.80149e-12 9.65806e-172 0.942171 6.28056e-193 4.02107e-217 1.28187e-280 9.0953e-319 5.55198e-177 1.66789e-288 6.05015e-254 1.1381e-144 1.73667e-08 2.60518e-50
3.5123e-178 5.72575e-109 5.13109e-129 2.03947e-133 4.27634e-42 1.18021e-63 2.04043e-58 4.74232e-136 1.42255e-119 1.05152e-142 5.97206e-59 1.48823e-77 3.8523e-194 0.393382 1.2154e-321 1.59064e-145 3.39432e-114 1.10958e-50 8.12581e-114 1.80006e-112 3.30994e-196
1.08626e-232 5.51783e-109 1.26759e-83 3.09189e-95 8.4116e-86 3.95094e-48 1.72758e-152 2.28381e-89 1.55764e-31 3.59236e-136 4.96593e-35 3.31798e-73 6.97877e-252 1.52516e-190 1.58557e-150 0.168996 3.44592e-211 1.92915e-83 7.27283e-147 9.19914e-44 1.41263e-83
3.97506e-13 0.00719155 2.42573e-163 4.47552e-179 2.13618 6.12274e-62 2.3789e-210 1.16344e-154 9.09743e-157 7.80972e-141 1.95703e-08 4.63573e-69 2.36712e-198 4.08756e-136 9.59658e-223 5.1522e-142 4.37141e-147 2.32632e-168 3.01874e-321 9.09853e-35 3.73693e-102
9.38747e-174 0.0756627 1.84383e-139 1.02612e-109 4.83928e-82 2.76086e-178 8.23965e-171 1.31384e-258 9.90436e-132 2.63053e-86 0.205122 1.53859e-16 1.22651e-174 1.03948e-182 3.66815e-201 1.97849e-31 2.06308e-113 2.34132e-98 1.04179e-275 9.11629e-228 4.60121e-76
1.61416e-37 3.88633e-117 9.04434e-53 3.11361e-106 6.53482e-120 7.00772e-45 2.43333e-303 7.82052e-112 5.06188e-81 9.69286e-165 1.23465e-158 2.07662e-232 2.34736e-239 4.74442e-99 9.02856e-320 0.108878 1.88597e-230 1.30366e-239 8.4837e-195 6.63537e-152 1.34973e-91
