1.21685e-87 6.04452e-39 2.84768e-280 7.28744e-278 4.95489e-219 0.0136455 0.554433 1.67688e-118 1.13006e-112 3.13558e-182 8.07918e-190 2.52495e-292 6.45671e-297 9.54888e-136 4.48304e-50 2.47204e-175 2.66167e-54 6.83293e-321 1.70851e-131 3.58683e-180 9.98013e-322
0.696075 7.40939e-209 2.13368e-252 3.60908e-181 4.40519e-95 3.15e-81 1.12e-77 1.67158e-85 2.95514e-183 2.90511e-321 9.09081e-322 9.8553e-289 1.17588e-321 2.21371e-31 1.69436e-217 8.59674e-322 2.65239e-168 6.93668e-321 1.11577e-301 2.39128e-321 4.40749e-296
0.692465 7.85784e-193 1.47726e-321 2.14613e-152 0.293815 8.49584e-129 3.6892e-122 1.0633e-127 2.89326e-240 7.13103e-253 6.57107e-322 3.42259e-168 3.73423e-203 4.21013e-97 2.90537e-230 8.15208e-322 2.62206e-264 6.75388e-321 4.70418e-206 2.18377e-321 7.75683e-322
1.43003e-83 0.795292 0.647952 1.29157e-42 2.18495e-47 2.58139e-28 1.06106e-106 5.24239e-143 2.07762 1.53906 0.325993 1.02722 4.04609e-57 1.41396e-31 0.457817 0.347448 11.5504 2.78575 3.34818e-08 1.00244 0.436006
4.61204e-50 6.69324e-197 9.88131e-322 1.45749e-321 3.15476e-114 7.03568e-151 1.96278e-106 5.41022e-197 4.7622e-237 1.85275e-321 3.85371e-322 1.37633e-228 1.97003e-287 2.41484e-139 9.55553e-310 4.29837e-322 2.93987e-276 3.32506e-321 3.99094e-243 1.63042e-321 6.37345e-322
4.90503e-101 4.02537e-102 1.63042e-321 2.60867e-321 8.99059e-55 2.07135e-35 2.87641e-135 0.402837 4.19137e-290 1.36148e-277 8.74874e-226 6.36658e-130 1.28457e-321 7.77937e-33 8.26207e-222 1.01239e-223 0.235103 8.40406e-321 1.77241e-310 2.5642e-321 1.18961e-305
1.05314e-111 3.87723e-238 1.19868e-271 4.02571e-276 3.8493e-185 5.28663e-163 7.62763e-178 2.06343e-100 2.11947e-313 9.8225e-263 5.68175e-322 1.37116e-160 3.43914e-249 0.0289388 6.62766e-127 1.93151e-313 1.81742e-158 7.17624e-298 6.96761e-291 8.63766e-282 1.66029e-251
1.00176e-09 1.3827e-91 6.7691e-254 2.47523e-122 6.14816e-42 2.64863e-87 5.78398e-132 0.111589 1.632e-198 3.67091e-321 1.6066e-276 8.4715e-185 1.17094e-321 4.68456e-133 1.79876e-169 8.05327e-322 1.63938e-22 3.13795e-254 1.08673e-120 1.01975e-208 1.04248e-321
0.0962785 2.43309e-188 8.14451e-311 1.41723e-318 6.31628e-156 3.28519e-159 3.67197e-23 2.79336e-116 7.29647e-192 3.39917e-321 5.48413e-322 8.90112e-289 2.45232e-198 1.73547e-128 9.38725e-322 7.26276e-322 2.05309e-225 5.78551e-321 2.11858e-250 1.65399e-179 7.11455e-322
0.0801878 6.41849e-288 1.28944e-282 1.70947e-321 1.80362e-197 8.39899e-135 2.23248e-82 2.64838e-68 3.09618e-233 2.15413e-321 4.59481e-322 3.76004e-211 7.95446e-322 5.11498e-34 6.96633e-322 5.82997e-322 6.49305e-220 3.45352e-321 1.6391e-226 1.66006e-321 5.73116e-322
8.0563e-74 1.57424e-91 3.64125e-192 2.62349e-321 1.45687e-33 0.159498 4.61983e-69 7.84588e-52 1.80832e-235 3.22625e-321 3.8984e-189 3.24721e-127 9.91178e-117 0.1999 5.58373e-177 1.43961e-216 3.17296e-155 6.07207e-321 1.86197e-264 8.41788e-288 3.00232e-306
4.04216e-95 4.84939e-113 6.62007e-251 2.33897e-236 3.8783e-163 0.518965 1.70071e-58 3.23814e-103 7.30747e-126 2.08363e-182 6.57107e-322 1.28562e-260 4.17694e-217 4.44387e-52 1.04248e-321 7.36158e-322 9.05591e-213 5.2618e-321 5.8441e-214 6.13445e-205 9.33784e-322
0.261565 3.16506e-221 7.5098e-322 1.20552e-321 1.20812e-175 3.73387e-186 1.11642e-135 1.90194e-120 8.90266e-252 1.90709e-321 3.0138e-322 1.53679e-285 1.04218e-240 4.57942e-145 1.56335e-296 3.65609e-322 1.20036e-178 2.82606e-321 6.6373e-244 1.3488e-321 4.10074e-322
4.83584e-53 1.20924e-48 2.55926e-321 0.826422 6.36254e-183 0.307502 1.82841e-174 2.195e-89 3.11966e-91 5.92286e-228 1.16599e-321 6.2624e-200 0.422291 1.27968e-31 3.62961e-260 9.40074e-301 1.26965e-222 8.85929e-161 0.242013 2.63644e-84 1.78439e-148
