2.31179e-124 1.2166e-201 9.1962e-284 1.0884e-95 8.28976e-230 2.06419e-254 2.03917e-64 8.31384e-87 1.7852e-142 0.160203 3.07309e-321 2.68772e-321 1.76656e-223 1.2868e-305 2.41464e-109 1.03901e-213 2.9891e-321 4.02748e-282 3.32012e-321
8.91846e-318 2.65278e-76 2.65732e-157 3.85155e-53 9.62087e-139 2.05449e-62 7.94006e-58 1.04325e-94 2.12481e-17 0.170279 2.96933e-321 1.89721e-321 2.06232e-68 8.9824e-252 4.98323e-281 1.42904e-260 9.14807e-289 1.74257e-126 9.3248e-203
1.71935e-321 3.01445e-116 3.94758e-321 6.7815e-255 1.25987e-321 6.93668e-321 1.37844e-321 1.22306e-244 3.98711e-321 7.90726e-120 5.64717e-321 1.06768 2.70361e-208 8.51175e-225 1.22941e-136 5.33097e-321 7.84576e-321 7.99021e-204 9.31114e-217
3.32016e-202 2.35734e-169 2.86254e-185 1.7666e-55 1.9855e-194 7.37146e-321 5.55765e-34 2.64434e-261 4.56277e-247 2.62382 1.84576e-218 4.80982e-282 5.41745e-67 7.56853e-150 4.75033e-220 2.65313e-321 3.01874e-321 7.7633e-59 3.39423e-321
9.28843e-322 2.50329e-63 3.26577e-321 9.36537e-74 7.25808e-273 9.5144e-25 2.26585e-113 1.8843e-251 3.59232e-51 0.354247 3.36953e-321 3.00886e-321 1.43228e-172 3.14008e-219 4.9034e-274 9.34841e-227 3.39917e-321 7.73601e-231 3.02271e-241
3.1531e-49 5.46811e-114 1.71392e-136 9.49233e-28 3.48873e-60 5.12321e-299 3.19243e-13 6.18e-177 2.20266e-159 0.340504 7.34632e-193 2.78803e-180 9.90185e-125 1.18699e-59 3.77104e-260 3.10273e-321 2.82818e-268 2.17041e-13 4.64422e-321
0.00210641 0.00183417 0.00651101 0.0159084 0.00251352 0.0160199 0.00175431 0.000130148 0.00440219 2.26118e-242 2.47033e-323 1.97626e-323 8.70132e-281 7.90505e-323 2.96439e-323 1.97626e-323 2.96439e-323 8.66087e-314 2.96439e-323
1.8056e-48 5.56797e-39 4.78256e-321 2.3075e-24 4.35868e-127 2.40086e-158 1.50316e-198 2.86517e-227 7.39943e-25 0.497173 4.40212e-321 3.77339e-306 1.59617e-247 7.13964e-249 1.32028e-93 1.5475e-119 3.72633e-305 1.47321e-46 1.03742e-55
8.71389e-64 3.14635e-28 2.95795e-45 5.50512e-54 1.24865e-26 0.0538492 2.391e-48 0.107406 1.99555e-47 9.95952e-178 1.11659e-321 8.89318e-322 1.682e-236 1.76116e-282 1.5009e-305 1.07706e-321 1.36856e-321 6.22624e-293 1.33892e-321
3.7914e-270 2.26382e-170 1.57223e-152 4.66017e-268 1.02151e-98 2.14226e-314 2.42792e-176 7.00773e-83 2.79955e-132 4.68616e-15 3.85865e-321 2.33745e-209 7.95763e-61 3.71957e-203 2.6181e-270 3.10273e-321 1.10957e-264 0.241314 4.40707e-321
9.68369e-322 7.59908e-76 2.87546e-321 5.14403e-23 1.74405e-321 1.06125e-320 1.43279e-321 7.77818e-261 2.97922e-321 27.0516 1.41167 0.00427871 2.23264e-247 3.26376 1.30025 1.19114 1.73431 0.255755 1.49489e-221
6.35564e-265 2.09341e-163 3.28712e-217 4.60085e-186 1.4998e-129 3.16799e-179 4.77085e-98 3.87589e-52 0.0392674 0.14911 2.68772e-321 1.88733e-321 6.35995e-230 2.97902e-252 2.70748e-321 2.45057e-321 3.64126e-321 1.55985e-38 2.99898e-321
1.07212e-321 5.59132e-33 3.83395e-321 1.03507e-320 4.61466e-222 2.21086e-210 5.16184e-313 8.55766e-291 3.58989e-10 9.32672e-66 0.0249089 3.64126e-321 0.521122 3.42834e-176 8.40727e-20 3.98217e-321 2.57573e-233 1.6411e-155 1.39141
