1.29787e-38 2.62952e-60 0.0651885 3.40197e-41 2.53584e-52 1.11089 2.7795e-82 9.78257e-64 1.39914e-61 3.30904e-73 2.07447e-28 1.41035e-33 4.83829e-34 3.03586e-35 1.01554e-17 2.92248e-24 1.04299e-33 3.86816e-53 3.05967e-16 2.82095e-48 1.9612e-61 2.05129e-33 5.0453e-77 0.0805309 2.65984e-28 2.62948e-36 4.95841e-74 3.34545e-50 6.3014e-84
0.106839 0.00453318 0.00490426 0.0473641 0.0227115 2.31058e-21 0.193169 1.07306e-30 4.06484e-54 0.00351428 4.97836e-48 6.11195e-91 3.49885e-66 6.50519e-63 0.0596056 2.32618e-06 1.06728e-36 9.7183e-80 7.86247e-53 0.0160637 0.0218753 2.43209e-81 6.19072e-11 7.40689e-43 8.90829e-34 0.00105284 0.125187 0.0794221 0.0634673
4.02564e-12 4.40532e-07 9.25642e-07 2.16191e-62 2.2446e-29 1.18809e-72 7.67372e-34 2.07898e-48 3.62804e-33 7.16572e-24 6.17723e-15 6.49241e-36 8.19171e-60 0.126472 1.89477e-33 7.80835e-12 8.60627e-78 5.14415e-65 1.10076e-16 2.90229e-59 3.45975e-58 1.78954e-29 8.24885e-72 5.62493e-27 2.36477e-31 7.48964e-36 9.62851e-29 2.47189e-10 1.72603e-45
1.76653e-57 1.47504e-60 9.27487e-50 2.68325e-05 1.35922e-47 0.19404 1.32164e-59 0.137551 0.0343691 6.3328e-15 2.77682e-26 0.0786732 0.0780486 6.14981e-74 2.76906e-77 0.0392862 1.46826e-68 1.54634e-09 2.24407e-55 0.0348209 8.37153e-43 1.70493e-35 0.320341 5.57457e-84 1.97364e-24 4.10904e-33 4.23879e-70 5.30546e-14 0.00119853
4.77894e-49 5.94944e-21 1.37361e-19 1.34461e-52 1.76566e-66 0.162866 4.88405e-88 7.64617e-30 2.607e-49 3.91664e-65 1.21794e-23 6.43094e-07 7.25727e-44 2.40691e-33 2.87719e-21 1.11343e-26 2.42014e-58 4.13601e-33 6.72288e-10 9.61557e-59 6.58165e-58 1.04172e-87 1.23427e-48 5.28903e-11 1.51008e-44 1.84263e-10 1.1981e-43 1.94513e-41 6.34645e-56
2.9823e-30 4.97492e-17 3.24124e-52 2.09342e-66 2.22583e-41 0.0714726 6.243e-77 7.79167e-22 1.87117e-33 1.3583e-86 2.49597e-35 1.47951e-15 2.77862e-29 1.24549e-63 2.84473e-72 3.95039e-52 5.80464e-41 3.15183e-67 3.84713e-19 1.49647e-25 2.5127e-59 1.84078e-59 3.11803e-38 3.7138e-49 1.60044e-22 5.1728e-63 1.16267e-72 2.85332e-64 7.42637e-69
2.31059e-12 5.23628e-56 4.77589e-06 3.83431e-29 3.87885e-42 2.15686e-49 4.08471e-27 1.18921e-42 2.94493e-27 6.36206e-39 0.000164021 1.31492e-64 4.80638e-68 1.45009e-49 6.28712e-29 1.32596e-18 1.40035e-74 9.8538e-49 7.63423e-36 0.120803 1.96205e-41 2.25274e-45 0.00886747 2.50633e-32 1.85345e-59 1.97463e-15 8.53784e-22 6.38616e-34 2.99083e-59
2.95509e-43 9.53757e-50 0.0631634 6.09797e-57 5.3874e-74 1.48556e-32 8.53514e-13 8.14935e-47 5.98607e-09 7.23201e-93 9.35188e-52 3.73717e-30 1.28429e-50 0.00897837 0.0422313 6.27732e-29 7.73935e-62 3.00951e-53 9.6633e-53 4.10946e-41 7.35385e-40 1.0135e-28 1.44369e-79 1.20087e-58 3.6702e-53 4.84349e-25 5.35581e-20 0.118404 4.05077e-43
1.58377e-27 1.30212e-33 0.168295 4.37098e-42 2.25257e-62 3.80497e-31 5.55896e-50 4.50832e-46 1.56054e-29 2.13243e-57 2.47304e-26 1.14369e-46 4.82485e-43 1.43313e-40 1.39539e-44 2.02284e-22 1.89757e-57 2.33133e-78 3.62432e-24 1.94667e-41 2.10999e-38 1.18203e-43 9.09813e-39 1.14075e-20 1.58296e-25 1.50696e-54 4.52112e-28 1.52794e-54 4.12131e-67
1.40424e-32 0.0294567 6.22631e-46 2.19762e-62 3.08819e-30 7.41444e-23 3.38898e-23 9.2699e-39 1.98901e-48 2.37756e-93 0.0925339 0.00106932 1.26627e-40 9.43406e-65 6.4269e-60 1.1061e-49 1.34482e-68 4.59615e-73 1.10443e-43 7.09394e-28 3.5672e-34 0.184379 2.36599e-44 6.75343e-22 2.54594e-60 3.53857e-17 1.66458e-57 3.60144e-60 4.47463e-55
3.77591e-32 2.1787e-65 7.20404e-37 8.01528e-83 3.6266e-50 4.49915e-40 1.72118e-31 7.35545e-36 1.88224e-25 2.85167e-46 1.59996e-47 5.02122e-80 7.04001e-42 1.8809e-63 5.31024e-59 1.33902e-44 4.76373e-72 9.96682e-81 4.02448e-33 1.26855e-60 9.16496e-64 2.17876e-41 4.03781e-72 2.59179e-32 0.0927988 6.27268e-33 1.07907e-29 3.26353e-32 7.0683e-81
6.51717e-43 1.43377e-57 0.252378 2.59718e-43 4.61889e-82 0.239595 2.21508e-87 8.83095e-82 4.22265e-46 3.93311e-87 1.18077e-23 1.67878e-38 5.88696e-66 2.03011e-34 5.96334e-91 1.35526e-16 1.28488e-54 6.19044e-57 5.55801e-39 9.05506e-50 3.89533e-51 1.14923e-14 3.04848e-62 6.8899e-72 2.34389e-40 1.01633e-57 2.15165e-19 1.60343e-38 5.43487e-55
4.38153e-51 1.25247e-29 6.12296e-14 0.00899191 5.12327e-22 6.26964e-72 2.64839e-10 1.00135e-64 2.76718e-55 0.129415 2.01884e-46 4.76109e-39 4.17331e-45 2.88242e-64 3.34333e-74 0.242606 0.109634 0.145718 0.0545159 1.40021e-65 1.25836e-59 2.39808e-73 4.40254e-79 4.61752e-12 8.26937e-65 0.0346752 1.05047e-07 2.99094e-43 2.82147e-59
3.66409e-29 9.75357e-41 2.24394e-11 8.49632e-88 1.65568e-83 1.12992e-36 1.80416e-59 4.79913e-63 2.31682e-51 6.15324e-58 3.58748e-24 7.17454e-80 4.68725e-35 2.27432e-78 4.48149e-80 8.93926e-39 1.02914e-21 7.07993e-86 5.52345e-59 1.27298e-44 1.14724e-46 2.3614e-62 2.37007e-83 1.48114e-38 0.000794804 1.9301e-22 1.29772e-52 0.00624004 2.84839e-82
