5.11422e-24 5.26433e-29 3.33059e-86 3.13963e-37 8.37628e-32 1.99162e-12 8.70548e-49 4.09871e-77 9.08949e-85 0.405654 3.66155e-100 1.39305e-18 1.15146e-81 1.27601e-78 1.66281e-88 2.77331e-43 1.08183e-72 3.43033e-18 5.43423e-62 2.50772e-115 9.21154e-17 6.42831e-15 0.039454 4.75417e-74 1.4117e-12 8.03321e-17 3.28448e-53 3.13338e-72 0.00616025 6.69683e-90
8.49286e-58 4.98685e-35 4.50845e-73 0.000262818 3.13082e-16 3.38324e-85 0.00728476 5.83131e-52 7.6536e-73 6.75007e-50 3.10782e-98 1.62119e-49 7.73534e-86 7.87636e-103 3.19054e-65 1.68903e-75 3.31734e-22 1.92346e-65 1.86441e-63 1.32245e-100 2.57089e-100 1.13692e-36 0.00365013 4.36398e-82 5.34526e-42 5.44399e-36 5.27334e-08 9.70566e-99 1.17651e-61 1.29894e-66
5.96202e-19 1.17428e-11 7.97639e-106 1.45676e-16 1.00354e-09 1.20209e-20 3.22658e-13 4.82396e-33 1.0248e-103 5.93472e-75 4.36323e-98 1.62379e-28 1.45732e-109 2.15004e-89 5.93141e-76 4.20656e-84 8.22885e-42 1.41415e-55 1.28036e-83 3.15926e-34 8.18275e-79 0.13301 4.98519e-37 1.03749e-43 4.18236e-61 4.23248e-32 1.24106e-36 2.49406e-09 0.0365798 2.38313e-145
1.11911e-44 3.7812e-29 1.85537e-130 2.88597e-14 5.69059e-48 0.0286074 1.68147e-09 2.51741e-32 1.0155e-30 0.598181 7.4752e-81 1.65192e-45 5.22472e-52 2.02241e-79 1.52723e-97 1.53712e-67 6.66097e-27 1.23685e-44 2.24433e-74 6.83746e-44 9.2375e-65 5.46561e-67 1.37435e-69 2.71535e-56 1.57107e-65 4.55907e-14 5.79324e-31 0.0202573 5.92459e-58 2.86813e-73
1.29921e-79 6.51965e-46 8.56725e-86 2.31998e-64 8.03878e-31 1.11938e-30 6.23414e-11 5.10763e-72 3.52809e-111 2.32846 4.94186e-99 2.42981e-30 3.97776e-67 8.16951e-65 8.56968e-90 1.53092e-57 1.45908e-26 5.54831e-48 1.63738e-103 3.34408e-111 9.17219e-96 4.17559e-88 2.03076e-73 1.46922e-73 2.79023e-77 3.77576e-90 1.62995e-29 1.12283e-65 3.3332e-95 4.71672e-99
4.14775e-73 5.95591e-37 1.64803e-117 7.27171e-58 1.11687e-15 1.60177e-63 1.58622e-14 1.47776e-29 3.7175e-123 0.174504 8.21535e-91 1.84979e-54 3.88753e-79 5.7898e-78 1.10384e-90 8.87444e-94 5.51842e-47 4.23258e-23 3.06641e-70 4.12073e-76 8.48279e-67 4.55555e-48 2.64841e-40 1.47968e-81 1.69427e-57 1.19609e-42 1.32233e-33 2.60676e-22 1.92795e-76 1.94078e-81
3.00044e-82 3.07405e-15 6.42061e-113 5.07851e-68 3.86534e-11 1.16754e-77 2.0532e-51 1.784e-64 5.01656e-57 0.78992 5.5146e-107 4.94976e-67 5.53842e-86 1.51979e-85 2.90924e-99 4.53053e-72 8.76842e-24 1.75105e-37 1.35192e-111 3.89025e-93 7.23169e-107 5.92154e-58 4.30591e-55 1.04637e-79 3.67269e-29 9.236e-53 1.7677e-09 2.7149e-38 0.0180971 2.15939e-89
6.95924e-17 2.20035e-38 3.24339e-60 6.70653e-19 3.50589e-06 2.04623e-73 1.95782e-26 6.72636e-32 0.0740874 3.86816e-74 2.0652e-24 0.0296204 4.27979e-32 3.60161e-85 1.98034e-53 3.713e-59 8.49278e-48 3.59657e-28 3.62987e-83 6.23452e-31 0.0527661 1.6683e-65 1.29222e-21 0.0666499 2.89656e-55 0.135486 6.7509e-09 4.54256e-96 2.56001e-19 3.89476e-94
1.40209e-34 1.30907e-19 2.26327e-83 6.79942e-67 1.5567e-21 7.77101e-61 4.36745e-52 1.14747e-35 7.12596e-114 0.0574618 3.90507e-72 2.72934e-25 1.36334e-35 2.45843e-44 5.13113e-66 5.30551e-80 1.64521e-18 2.08254e-53 1.56981e-84 2.09225e-93 1.81583e-47 7.92031e-72 8.15519e-52 5.30093e-30 2.41816e-23 4.30858e-21 4.98101e-21 1.91803e-30 1.84196e-85 2.06197e-146
2.59442e-35 0.23876 2.47799e-60 3.30219e-64 2.98491e-28 0.101944 1.11051e-43 2.54258e-24 6.34837e-128 2.92688e-62 1.73397e-77 1.35984e-51 3.90025e-106 6.26852e-73 1.98958e-83 1.82676e-96 2.41444e-58 1.69078e-54 5.21568e-62 3.10714e-31 7.69382e-71 1.56982e-36 5.41766e-62 3.80414e-65 1.18842e-23 2.53112e-88 4.54634e-32 1.29365e-82 2.37587e-66 5.32199e-140
2.28087e-55 2.71735e-48 0.320458 0.315052 0.6259 5.6893e-08 1.64103e-06 2.70858e-42 9.26715e-125 2.92246e-65 0.327772 8.06414e-98 0.0877606 0.125609 0.179907 0.630929 13.1872 0.635124 0.0618686 1.2607 5.43298e-75 2.07597e-72 5.48478e-55 8.16414e-76 0.409157 8.83566e-26 1.46221e-47 2.34376e-12 8.22132e-69 0.0547753
0.0604975 0.0821915 4.13358e-113 4.02399e-27 1.21521e-25 7.01351e-81 2.43026e-49 1.41279e-48 1.36715e-20 1.34356e-69 1.15834e-64 5.19e-09 5.44105e-66 5.19626e-48 5.18816e-49 1.05188e-68 1.02524e-58 0.318775 3.57564e-112 1.07265e-113 5.35282e-37 9.16385e-58 2.21865e-28 7.05192e-06 7.05495e-65 1.66588e-06 0.120507 6.37037e-43 5.4562e-25 6.72128e-88
1.96347e-51 8.41265e-45 3.16779e-131 2.07763e-06 1.55448e-41 3.11353e-72 0.0384404 6.70525e-73 5.2472e-49 1.20353 7.64239e-60 3.581e-86 7.39043e-88 1.32324e-57 6.49212e-99 9.3991e-96 1.3931e-73 1.57833e-69 8.45666e-117 6.94461e-22 2.64515e-47 1.88434e-59 7.04168e-98 4.40589e-79 1.18688e-28 3.54267e-26 2.3423e-41 4.55425e-68 2.57989e-10 1.21091e-120
6.93688e-66 3.41762e-36 5.7004e-51 4.55998e-39 2.29639e-13 1.44988e-21 0.00244047 2.67215e-14 1.85812e-72 3.08858e-55 4.31469e-92 0.0411256 6.88124e-74 1.67581e-99 1.51001e-80 2.53236e-98 3.1352e-73 2.0456e-69 1.29707e-94 4.3903e-29 7.47303e-75 2.37755e-90 0.000994306 2.49231e-45 1.76132e-60 4.52202e-30 0.0667856 2.40898e-76 4.4694e-23 9.90619e-153
1.44038e-54 1.30944e-35 1.18232e-88 1.4236e-56 0.111423 1.80535e-45 2.57875e-11 6.83757e-33 2.43426e-76 4.29025e-70 2.627e-98 1.5056e-48 2.24574e-59 6.34787e-57 2.04207e-89 7.296e-86 1.18188e-54 2.42082e-33 4.31713e-82 9.36275e-39 1.26236e-19 5.84087e-19 2.28882e-17 5.24814e-55 1.33533e-69 1.43906e-75 8.36248e-52 6.08039e-09 1.02858e-92 1.77023e-125
7.10782e-52 0.0660278 1.09885e-119 1.98163e-31 2.80275e-09 4.42065e-79 1.11689e-46 0.0847819 2.1082e-110 1.65624e-77 3.70273e-60 3.08197e-87 9.2702e-44 7.24913e-61 3.9011e-61 6.22721e-51 1.80318e-22 4.83718e-10 8.22008e-89 2.86849e-45 0.0735438 8.6772e-18 2.41306e-96 2.70224e-20 2.96796e-15 2.56232e-69 2.69272e-21 4.37693e-107 4.2468e-91 2.851e-83
1.27113e-34 1.8837e-51 1.00463e-94 5.17126e-32 1.04474e-41 5.99564e-67 1.61315e-38 4.16999e-43 3.41051e-40 8.59379e-18 5.64599e-52 5.21708e-58 5.23479e-90 4.05617e-91 1.22272e-81 2.92329e-95 1.24161e-43 9.56902e-15 3.41877e-67 4.92078e-29 2.90407e-13 6.74216e-96 0.229649 1.01139e-67 7.56133e-58 5.53516e-94 2.25738e-07 5.72276e-76 4.38587e-27 2.95383e-113
