3.3571 0.0733739
0.000465212 1.51911e-36 8.28842e-14 3.9151e-12 0.0639188 0.0631707 1.02639e-65 2.61641e-07 1.57828e-29 0.0279856 5.30097e-54 9.82269e-80 5.44204e-37 3.49147e-71 7.85342e-15 8.39766e-41 1.45035e-64 1.87066e-25 0.0359433 6.2703e-72 9.0516e-09 5.43453e-45 1.45374e-66 7.2392e-37 1.93533e-44 0.0899346 1.94993e-101 5.29555e-30 1.26777 1.03366e-50
3.8918e-31 1.34635e-16 3.18691e-62 1.74503e-60 2.48285e-32 6.58626e-82 1.25718e-114 5.73946e-25 3.39185e-68 2.20889e-88 8.24157e-26 1.55532e-26 5.10785e-51 7.77003e-78 2.25149e-31 1.37503e-52 5.25417e-122 1.10506e-38 1.05573e-58 3.54616e-86 8.14453e-19 1.93776e-09 3.09059e-46 5.26306e-75 1.63612e-48 4.18272e-41 4.07508e-110 1.94253e-91 0.10867 7.46886e-94
2.13166e-23 7.08008e-48 7.04203e-24 1.51189e-48 4.45544e-21 5.53378e-30 2.85881e-113 2.05513e-11 0.0838513 1.49514e-89 6.4973e-07 3.72733e-35 6.39521e-17 1.38355e-43 2.3104e-10 2.85754e-50 2.35852e-109 3.54501e-20 0.0555419 1.88993e-77 2.11156e-33 2.05568e-60 2.12757e-53 3.06202e-21 5.06396e-48 3.62047e-41 5.82641e-43 2.14386e-90 0.0491114 1.19952e-83
7.80253e-15 0.246006 1.10416e-49 5.83657e-06 1.86118e-45 1.27875e-40 6.87877e-90 5.33001e-58 1.78621e-44 1.20879e-30 0.565056 1.01577e-07 1.4372e-14 0.186884 4.15272e-14 0.100708 0.867674 6.72391e-11 5.8165e-58 0.0458492 2.42157e-41 8.70616e-57 0.106351 2.96516e-14 4.03452e-63 1.5491e-55 0.138167 4.83818e-40 1.61946e-23 0.0750188
2.54737e-28 1.28219e-37 8.6933e-64 1.19114e-21 1.98032e-41 1.68463e-52 1.35919e-102 1.45613e-47 4.36888e-51 5.39599e-43 9.12274e-25 2.31735e-92 6.03385e-53 5.22353e-84 1.97462e-72 9.06527e-75 1.72837e-87 9.15208e-35 1.59125e-50 3.53872e-92 4.95755e-36 2.17255e-22 1.74735e-38 6.09734e-96 5.79953e-50 7.67242e-35 4.00088e-77 7.02441e-51 0.531704 9.6416e-95
0.0109016 0.169529 3.025e-47 4.5353e-53 0.00383539 4.27888e-63 2.48588e-44 1.03635e-61 6.28723e-23 3.50845e-40 6.62994e-26 8.35628e-63 5.47264e-31 1.30206e-79 1.13072e-06 1.59173e-37 7.80866e-121 0.0321582 2.30398e-29 1.00328e-104 1.68529e-48 7.95565e-40 4.9123e-11 2.62471e-64 1.36581e-31 3.76239e-54 6.12055e-98 8.83101e-42 1.26956e-27 2.2624e-67
5.26579e-54 5.47847e-15 9.49214e-34 1.27476e-57 4.77529e-52 1.24893e-55 8.97235e-79 2.01627e-35 9.33657e-40 1.18004e-64 2.30487e-12 4.92936e-78 1.67764e-41 7.9574e-49 5.67854e-27 1.49823e-69 9.84701e-125 0.151015 1.1305e-50 3.04872e-126 3.06241e-53 2.6092e-10 3.75313e-40 9.76325e-81 2.94945e-74 3.47174e-24 9.312e-104 6.60901e-67 0.00556091 1.07445e-60
3.78509e-06 6.74011e-20 1.08831e-06 0.0383578 3.15328e-42 2.25043e-49 0.267716 5.23191e-55 2.65078e-12 4.57815e-86 0.0353333 5.39787e-92 0.217186 9.90515e-50 3.74165e-23 3.38314e-50 9.75665e-64 6.31691e-34 3.28267e-11 3.21996e-112 5.92635e-21 4.51479e-12 7.37258e-06 3.74797e-41 0.043211 5.69141e-32 2.8579e-110 0.101313 1.12757e-08 1.35514e-16
2.60635e-36 3.05728e-60 4.18564e-31 1.08587e-11 3.646e-30 1.76292e-46 5.36034e-99 2.38189e-55 1.21949e-50 2.46022e-34 4.45903e-08 9.94365e-62 3.03647e-58 4.13646e-68 6.56293e-51 2.75483e-76 1.90346e-77 2.54562e-19 2.2988e-59 4.00405e-87 1.86517e-42 9.78416e-56 4.59227e-45 2.04844e-47 5.84224e-70 8.39144e-41 1.73635e-71 2.6207e-48 0.494485 7.2218e-89
1.67545e-21 0.0304437 3.62755e-41 5.02949e-58 3.11876e-63 3.57222e-75 4.42547e-53 1.95117e-14 1.55885e-12 1.1259e-26 6.36705e-30 0.0711252 7.72963e-34 6.84245e-71 3.27044e-38 1.35973e-76 2.79626e-95 7.94441e-46 3.46888e-07 2.4018e-56 2.35238e-12 5.27306e-22 1.04136e-57 4.92709e-05 1.32014e-29 3.08625e-16 1.31661e-39 3.16443e-29 2.2711e-11 2.50374e-99
8.50483e-20 2.73964e-48 6.21871e-31 1.03504e-26 1.04508e-47 2.52996e-27 4.23922e-55 1.10436e-33 4.38289e-69 4.94078e-70 2.61178e-21 1.04076e-24 9.31475e-66 3.59557e-58 9.39958e-75 1.86488e-43 4.9129e-111 1.51179e-10 2.18797e-77 4.50716e-80 1.7952e-22 8.97575e-41 3.5657e-49 7.75695e-73 3.19332e-66 1.25322e-46 1.36221e-67 3.65765e-41 0.0908132 5.00019e-71
7.32441e-35 2.10445e-32 6.98693e-56 0.138095 0.000228554 1.14928e-38 1.2669e-91 0.0590567 2.43095e-12 6.21614e-10 1.81932e-37 1.66475e-63 4.91974e-44 3.26218e-21 0.0140467 2.86504e-66 5.2674e-36 1.01184e-45 1.30536e-13 1.56094e-69 2.46605e-28 1.81941e-39 2.53427e-11 0.200491 2.40891e-14 3.57244e-35 3.70109e-106 6.13345e-62 6.86613e-12 3.71105e-95
1.48233e-37 0.0796038 0.0645366 4.12409e-61 8.01338e-60 3.64467e-73 2.26781e-119 9.03449e-57 6.09321e-29 2.624e-25 7.35878e-29 4.16938e-10 1.23287e-39 9.67595e-82 2.09299e-70 2.55817e-69 1.19497e-122 6.74962e-47 1.57651e-10 2.26499e-118 0.0712088 0.00769329 5.15351e-56 3.51704e-59 3.36892e-65 1.82423e-35 1.52192e-102 1.55014e-69 3.65644e-06 2.50914e-74
0.0740639 8.38507e-32 1.23267e-44 0.00298847 2.54682e-38 3.36756e-21 6.36743e-85 3.06723e-61 1.44105e-55 1.90803e-23 6.71415e-35 1.57955e-20 2.97854e-27 1.60721e-56 5.95082e-43 5.86181e-75 1.38844e-77 6.70144e-27 1.74542e-12 2.3604e-92 1.76112e-44 8.44748e-10 1.14541e-48 5.00207e-53 7.53753e-37 1.26919e-05 2.69326e-54 3.24273e-62 4.41176e-26 1.59913e-108
9.43441e-30 1.72241e-15 3.70385e-60 9.41838e-37 8.6327e-35 1.086e-19 5.15104e-92 3.22742e-50 1.11166e-57 6.49566e-31 0.000735994 1.80525e-26 5.19018e-55 3.47358e-46 3.37971e-70 1.25071e-61 2.06007e-114 6.53626e-26 1.29507e-62 1.69439e-73 5.41619e-47 0.0728149 2.34974e-38 4.38846e-80 8.8971e-51 1.68903e-32 4.53792e-96 3.33759e-57 8.19966e-15 1.83401e-64
7.6605e-47 5.11685e-64 1.37104e-58 5.23281e-34 1.58861e-45 2.18831e-75 1.12203e-65 9.74611e-60 9.07048e-41 8.86295e-90 2.59682e-46 1.89271e-85 2.15586e-53 1.00171e-80 4.1741e-54 5.86704e-47 5.23784e-111 8.00826e-16 1.75718e-41 3.22167e-106 2.50417e-27 6.34787e-30 2.15392e-67 1.60812e-97 1.44751e-52 1.18691e-29 1.02185e-102 4.78086e-51 0.0584871 2.57009e-89
4.03353e-27 8.26784e-41 4.89046e-45 2.15081e-18 2.72939e-55 2.02106e-73 2.35334e-88 4.10506e-42 7.33357e-60 3.39695e-48 1.11545e-30 5.29089e-93 5.26596e-53 1.97747e-68 1.3917e-66 9.70329e-46 2.95451e-68 2.71833e-30 8.1253e-40 3.18344e-126 6.36502e-24 2.1152e-14 2.83357e-57 2.56362e-96 2.33704e-45 2.32818e-27 1.54614e-74 7.24693e-95 0.601727 1.62234e-73
