1.75882e-33 3.88806e-47 8.59269e-17 1.60906e-15 2.43987e-174 1.52479e-40 1.26616e-126 1.76995e-116 8.35061e-61 9.47253e-75 2.78236e-130 8.34666e-54 3.20048e-188 2.72648e-85 8.1204e-54 0.0422 7.27179e-31 4.24637e-121 4.12842e-172 1.67531e-140 3.35672e-27 5.84653e-37 3.75899e-58 4.94119e-15 2.37256e-114 1.22264e-09 1.83138e-37 2.97725e-136 1.52748e-42 1.82278e-111
6.8787e-103 7.38086e-85 1.89551e-54 1.79729e-90 2.48244e-100 5.64809e-142 7.63651e-63 2.73763e-112 6.49216e-22 3.70019e-84 8.73357e-59 2.18572e-38 2.21817e-155 4.7449e-10 1.06987e-79 2.05892e-89 0.959683 1.99792e-155 6.86174e-25 0.0644265 3.0749e-37 7.39466e-64 6.22417e-169 2.12155e-06 0.346042 4.06564e-109 2.80416e-153 1.44276e-32 2.58191e-130 9.30713e-140
5.35694e-125 4.32753e-98 1.10714e-111 3.48028e-21 8.39738e-169 3.7094e-154 1.60081e-99 9.18835e-57 1.53432e-121 0.0543136 9.35175e-143 2.47627e-49 3.14629e-136 2.60823e-45 2.5671e-98 1.33997e-54 8.49221e-64 3.35112e-140 1.17415e-55 1.32966e-123 2.40667e-109 7.47969e-82 1.89063e-157 8.6079e-49 5.07089e-18 1.04903e-79 4.91921e-75 2.71833e-133 0.114881 4.15759e-79
1.91859e-93 2.24698e-50 2.90966e-38 3.20904e-70 2.87175e-87 6.47847e-128 2.50614e-99 5.35666e-41 1.16552e-105 6.88916e-65 1.05896e-71 1.99776e-88 8.17168e-79 5.3909e-54 8.37564e-112 1.0642e-20 6.99284e-77 3.70879e-59 3.65486e-119 7.94701e-147 3.01678e-36 0.282472 1.3462e-113 2.06407e-20 8.78922e-116 0.0110868 6.84965e-52 2.12024e-112 2.88335e-116 1.59865e-91
2.40786e-40 3.87987e-11 3.19261e-112 2.47374e-54 1.85056e-153 9.52236e-152 5.63067e-54 0.0792056 0.0736766 1.82329e-33 0.0580674 6.3851e-113 7.63334e-175 3.36069e-20 0.00785644 5.02432e-11 1.3329e-15 1.15402e-33 1.8538e-108 3.34737e-119 6.31345e-114 0.529492 2.52847e-122 8.88535e-80 1.72736e-116 6.15388e-21 8.26091e-54 9.54952e-60 9.75962e-12 1.08172e-71
0.0590168 1.27015e-14 7.03317e-107 3.2449e-69 4.35224e-119 3.66607e-128 6.15024e-120 1.31282e-149 9.57651e-74 8.1801e-96 1.1757e-95 4.75393e-15 6.63108e-80 0.15251 1.6864e-67 1.82159e-104 3.78576e-48 7.81155e-75 2.06424e-105 2.52552e-136 4.16477e-68 4.8586e-23 1.70002e-98 2.32665e-106 7.31754e-140 7.38349e-13 1.4492e-146 2.4543e-139 2.58577e-87 3.13907e-183
2.67062e-83 0.222082 1.2458e-16 3.398e-24 2.02816e-162 3.51827e-117 6.00262e-119 1.43934e-159 4.06584e-100 1.62731e-123 3.94472e-39 1.77236e-73 3.88518e-158 1.3187e-63 7.82981e-89 2.90535e-76 2.38797e-132 5.41938e-118 1.01892e-119 3.31078e-84 8.11461e-81 7.87655e-74 2.03147e-116 3.00587e-37 3.61085e-36 2.34526e-107 2.16698e-132 1.93043e-92 5.68459e-09 1.4184e-48
1.37601e-66 2.14629e-78 4.51534e-103 1.79368e-20 1.12086e-179 4.81362e-92 3.77677e-119 6.32427e-86 1.04962e-98 1.13584e-95 2.2008e-91 2.8402e-17 2.22807e-70 0.320752 1.16299e-83 1.1004e-87 1.16037e-90 3.49176e-125 1.00609e-79 4.8448e-126 5.00821e-76 1.71396e-10 1.49007e-160 4.18989e-110 4.3132e-95 1.99117e-128 8.74371e-169 9.44866e-125 1.30342e-106 3.8075e-123
2.72303e-53 5.30503e-90 1.66333 2.6734e-21 0.161728 6.28361e-116 5.8617e-178 4.3742e-147 4.95186e-18 6.55029e-117 4.03845e-76 3.16754e-07 1.14415 3.88995e-49 6.87066e-63 1.85137e-60 2.41699e-96 1.5988e-43 4.88249e-146 5.13355e-59 1.74873e-07 9.47257e-30 0.245512 2.94217e-43 1.96223e-110 3.8175e-21 0.108315 1.50679e-37 4.87537e-30 0.181983
3.99608e-89 1.96515e-12 6.4193e-05 0.118769 3.79339e-29 3.25192e-64 1.21461e-78 4.26205e-12 7.93415e-125 2.22417e-52 1.98948e-130 1.60062e-22 9.82506e-51 7.87048e-58 2.35678 9.45587e-96 1.44665e-68 0.519432 2.48883e-57 1.93721e-124 0.123371 2.8713 9.80525e-37 0.122474 1.32476 2.10022e-94 7.05084e-39 8.27652e-64 1.04649e-95 2.86455e-140
3.15082e-20 4.26452e-40 0.0152092 2.65146e-70 6.51803e-144 1.50803e-119 1.87104e-179 9.63689e-49 2.22663e-72 8.44998e-148 9.14738e-61 2.47001e-125 4.32232e-219 3.42008e-32 3.78986e-69 7.8128e-42 4.75503e-23 6.51232e-59 9.3689e-93 2.50346e-79 8.19385e-121 8.5316e-27 3.12358e-59 7.49778e-13 2.72331e-10 2.6738e-66 2.753e-38 3.66937e-97 6.21384e-119 8.94191e-112
1.10519e-12 1.54944e-06 1.16413e-103 3.00232e-64 2.04892e-25 3.62118e-105 6.13011e-60 3.67745e-62 2.60483e-12 1.08884e-123 1.31535e-15 0.291086 8.51476e-172 3.7857e-47 1.51091 1.11919e-72 8.14752e-79 1.97968e-132 0.221848 2.23647e-71 2.20483e-138 1.13955e-07 1.09073e-77 1.18179e-39 7.3279e-135 2.46047e-85 4.10786e-151 0.13501 5.18389e-128 3.65293e-158
9.04322e-84 1.53341e-53 2.11653e-96 2.60747e-11 1.16522e-179 1.46761e-127 5.3028e-119 5.31781e-52 1.73077e-124 5.41338e-35 8.02208e-53 1.50461e-48 4.57529e-149 7.61449e-39 5.15873e-42 1.9775e-72 1.33959e-46 1.23894e-87 3.86935e-161 2.76416e-127 3.36373e-85 2.49656e-48 1.27318e-203 1.79581e-29 4.68564e-82 0.204694 4.31637e-154 1.6282e-99 1.15194e-28 9.30909e-50
6.75211e-96 0.15185 3.99437e-14 4.32844e-17 8.68468e-119 0.139589 0.250873 6.2272e-111 0.468486 0.0352212 1.25687e-131 4.00663e-122 1.202e-50 2.32661e-78 5.00384e-99 0.110999 3.32499e-122 2.38334e-81 4.7385e-150 2.61478e-25 1.01385e-38 1.68226e-15 2.67721e-63 1.62182e-87 5.43407e-23 4.37229e-45 5.53653e-148 1.2732e-64 3.29227e-83 7.38705e-24
3.57415e-75 0.603481 1.13205e-119 9.22551e-52 1.03377e-145 1.22745e-85 1.83779e-65 8.07742e-77 1.07666e-12 8.9162e-19 1.27977e-09 2.80273e-07 1.00283e-187 5.01156e-18 2.51094e-117 3.11164e-63 2.92249e-140 1.53823e-86 1.96884e-102 2.30173e-82 3.9315e-102 6.47236e-09 1.11925e-67 2.5061e-108 1.29426e-70 1.99028e-11 6.97369e-67 3.90442e-33 1.40276e-99 3.31919e-201
1.04549e-61 8.20998e-18 1.15937e-116 2.95469e-80 6.88547e-146 5.30974e-45 8.00883e-175 1.64596e-70 6.74976e-66 1.34486e-31 1.74406e-83 7.10025e-56 1.48962e-70 2.1262e-74 3.86293e-50 4.68083e-23 1.65582e-117 4.52334e-151 7.08071e-53 2.69197e-81 7.10333e-27 3.21266e-14 3.30823e-66 3.39461e-78 2.29848e-98 4.30955e-106 5.02866e-62 5.29374e-133 0.0860199 1.79825e-50
1.99534e-53 3.0167e-26 3.14581e-74 2.52948e-41 2.93683e-180 7.17902e-101 8.54893e-66 6.63267e-154 1.29793e-122 1.15638e-50 4.54782e-43 1.93342e-129 3.39461e-135 7.90234e-56 1.63345e-39 1.60962e-55 2.01775e-154 3.07387e-100 1.05744e-91 1.57779e-164 2.44148e-143 0.08838 2.97814e-181 2.81912e-45 8.95142e-105 3.06459e-46 5.33984e-171 9.49214e-88 1.47227e-71 2.34148e-96
