9.66958e-74 1.72735e-77 2.74729e-08 1.19277e-84 2.91909e-73 0.000114607 2.32844e-54 7.84204e-61 1.43489e-68 3.38991e-47 7.18183e-53 1.10707e-54 1.77002e-62 3.62786e-51 0.0276038 3.01395e-42 2.91904e-91 0.0029121 1.09511e-84 5.17579e-57 1.2429e-37 9.27294e-28 6.57509e-85 0.029715 2.5228e-50 6.06482e-50 0.14071 2.29483e-101 1.60289e-54 5.08821e-81
7.78131e-75 4.53048e-08 0.0101915 7.67434e-13 1.81169e-65 4.68252e-21 0.0495277 9.5186e-80 6.57341e-73 3.87076e-25 3.71208e-91 2.36084e-59 0.0681517 2.20226e-77 2.77501e-49 1.59001e-34 1.0243e-44 0.0086115 1.86144e-60 2.09141e-09 7.72826e-44 2.05484e-63 2.44836e-85 6.64086e-20 1.78489e-51 5.48704e-62 3.93746e-33 7.25539e-67 1.3845e-53 4.26597e-101
7.40989e-90 1.03074e-103 5.11794e-60 5.48462e-30 7.31768e-63 3.28326e-55 6.82118e-17 0.05909 3.51379e-38 6.17965e-26 6.3759e-64 2.4836e-55 1.35538e-61 0.0933451 1.56441e-97 2.48782e-57 6.47013e-69 1.94597e-29 1.28253e-84 1.15102e-56 2.55802e-63 0.0551019 3.03217e-79 1.93963e-73 7.82015e-43 2.93152e-18 3.39058e-68 5.30143e-70 0.285603 3.5774e-79
9.53902e-23 9.84914e-59 9.37936e-25 1.98963e-64 1.0717e-05 1.51759e-09 1.44861e-37 2.43952e-28 9.68795e-17 5.975e-21 5.67839e-32 0.218611 3.51285e-61 4.65634e-55 3.29381e-92 2.08116e-13 0.000549023 6.02364e-37 2.26614e-19 3.75943e-09 3.13112e-71 1.06537e-97 3.71098e-51 2.51863e-52 7.79409e-14 0.045885 2.33865e-30 9.62835e-38 0.217886 1.86037e-59
0.0455757 0.0844232 1.05707e-06 2.87223e-113 2.86375e-46 1.06321e-58 1.76627e-52 2.5513e-24 7.23221e-68 3.60652e-44 4.29176e-10 2.19032e-31 5.57475e-100 1.40882e-77 2.47695e-35 0.0564696 3.73423e-20 1.74399e-57 1.51112e-09 2.91256 2.27971e-67 1.4508e-67 5.42458e-82 9.92403e-14 2.22729e-24 0.00521516 2.05661e-107 1.09228e-65 1.9918e-23 7.6737e-45
1.73175e-14 2.87966e-34 1.23136e-64 1.19284e-06 6.36772e-54 7.37525e-39 4.7293e-48 2.26882e-69 2.42309e-66 4.1075e-54 2.17637e-70 2.15495e-67 1.92644e-93 7.2497e-32 1.21716e-92 6.18392e-80 6.51459e-101 1.23793e-12 1.63418e-49 0.425155 4.80352e-82 2.0598e-69 9.77681e-85 3.60511e-59 3.22688e-47 3.67604e-19 8.84895e-32 5.30402e-75 3.32436e-46 1.57633e-84
5.49766e-38 5.49935e-52 7.80747e-73 5.46651e-70 2.08851e-06 0.121941 5.00907e-22 6.16146e-31 0.0760411 0.120046 7.8949e-74 1.06383e-49 1.95109e-47 4.55141e-32 3.13061e-39 1.6743e-100 2.63286e-76 2.40641e-16 0.146132 4.83116e-49 7.28836e-78 1.77316e-23 0.184064 1.29853e-57 3.05521e-47 0.000269233 8.3574e-41 0.135089 5.51008e-18 0.153207
8.17535e-21 4.51014e-93 5.10569e-34 2.65932e-22 4.51282e-30 9.17483e-35 5.37923e-15 5.16957e-17 1.77441e-21 3.50521e-72 5.22383e-38 6.54902e-20 4.35427e-19 3.11014e-12 1.14174e-88 6.83175e-68 9.4326e-70 0.354042 6.29063e-73 1.07915e-62 0.0888829 4.02878e-62 1.28503e-105 1.64574e-43 0.201336 6.14746e-56 2.60026e-64 2.16046e-92 1.13109e-38 1.59839e-44
1.39589e-19 7.78126e-40 1.84213e-74 6.98532e-82 0.0113821 6.68507e-48 2.07715e-60 2.24565e-42 8.73288e-70 3.48845e-87 2.30711e-96 4.05831e-11 5.2014e-82 3.02017e-54 7.55334e-66 1.0793e-26 0.0723515 3.59629e-19 4.09007e-66 0.158993 0.0345281 4.52776e-20 1.41178e-113 1.14174e-17 2.77651e-27 0.0348182 2.16694e-40 6.77039e-100 9.70068e-44 4.6435e-86
2.46528e-41 5.02283e-42 2.22293e-39 4.9459e-12 0.000251634 2.89513e-38 1.05275e-80 1.78681e-32 4.29904e-33 3.58936e-79 2.04197e-32 6.30651e-20 3.71887e-59 4.29165e-67 8.84744e-65 2.78703e-87 1.91379e-78 1.41763e-51 4.66361e-38 0.136753 1.134e-11 1.85585e-89 9.78105e-63 7.8721e-63 5.71231e-38 4.25689e-26 3.03043e-38 3.81099e-122 3.91564e-63 2.20304e-37
4.03739e-07 2.76307e-61 8.18213e-40 0.0110891 0.132492 1.436e-34 1.85271e-47 6.67059e-10 3.85371e-64 1.5998e-92 0.127987 6.68775e-07 2.22966e-60 8.97674e-37 2.18427e-104 9.36204e-43 2.19892e-89 8.42455e-53 1.24177e-49 1.33129e-06 1.20437e-43 1.90817e-11 4.25744e-87 2.04289e-52 3.2992e-30 6.32985e-11 5.56631e-44 4.71854e-63 5.53186e-13 3.18948e-60
