1.18147e-23 0.0764132 1.16761e-51 7.69422e-15 1.00105e-24 9.55812e-72 0.235725 0.10946 1.06893e-14 2.58952e-35 2.11135e-27 5.8696e-61 2.61615e-33 2.33631e-56 0.133129 2.20438e-44 1.52264e-05 1.52382e-20 1.14164e-10 2.53635e-20 7.51786e-20 0.0473543 2.39894e-27 1.29188e-58 8.83022e-09 3.65245e-25 5.70066e-19 2.91011e-10 3.00967e-68 1.37572e-29
1.10661e-06 0.00119287 2.4628e-19 9.03999e-16 1.74412e-33 6.57356e-63 3.56596e-26 1.40725e-06 8.83788e-32 9.56888e-55 2.21788e-46 1.78391e-47 8.24952e-24 4.5439e-24 1.16362e-38 2.98034e-20 3.78278e-09 2.62645e-05 7.34718e-18 2.50399e-29 3.46906e-27 3.10893e-14 0.307024 1.62033e-63 5.98175e-33 0.0111299 1.3959e-43 5.99687e-18 3.91421e-45 1.60798e-22
3.86322e-05 0.0186892 6.87891e-48 1.25475e-31 1.25697e-31 1.65246e-61 1.07859e-20 0.0460115 4.65405e-27 2.72242e-24 5.61309e-52 0.311822 3.33964e-30 2.62231e-45 1.88826e-39 0.043862 2.36723e-09 1.54987e-46 1.97731e-13 1.01232e-05 5.30649e-14 0.0190471 1.99654e-38 5.34909e-05 1.47162e-09 3.91262e-15 5.40001e-34 1.49352e-37 1.09961e-64 5.96862e-25
3.0651e-14 1.62616e-15 3.37178e-35 1.23972e-23 1.01856e-08 3.67764e-53 7.60931e-08 5.38285e-17 7.28045e-26 2.97926e-33 2.43667e-64 7.42167e-31 2.15178e-35 1.75381e-36 3.3934e-43 2.75182e-48 1.29644e-32 4.41797e-58 6.75044e-21 6.8518e-26 0.0579818 5.9025e-29 1.20859e-06 3.12697e-53 8.25252e-32 1.13928e-06 4.77952e-42 8.4683e-25 1.06899e-43 7.71909e-37
1.36464e-12 1.3357e-21 7.55549e-35 1.21056e-35 0.072679 1.01729e-72 1.63085e-13 1.86865e-44 2.21478e-27 2.13275e-36 8.79085e-13 5.84995e-15 1.10019e-29 6.26044e-54 1.1167e-26 8.11809e-61 8.19644e-19 4.141e-47 5.673e-24 0.0736684 1.62485e-06 6.1228e-21 4.04961e-28 5.1353e-32 3.67168e-14 1.68057e-20 6.38849e-31 2.12937e-21 3.59341e-48 1.69212e-36
5.51221e-28 3.58476e-34 0.00163241 0.0173606 3.86606e-36 9.86539e-41 5.47245e-24 1.36507e-09 0.0162623 2.24158e-38 5.85316e-67 1.59456e-63 2.25314e-20 1.5639e-50 3.98122e-44 2.2619e-34 1.16637e-05 5.36188e-51 0.507508 0.0598285 0.00127858 1.29637e-08 6.37419e-07 5.835e-59 0.0253487 3.14628e-20 0.0533423 9.53119e-29 1.07845e-35 1.13627e-30
0.0609828 2.54475e-36 2.80104e-39 5.69257e-16 2.04275e-08 8.08085e-45 0.0610316 0.069275 2.14258e-30 8.06759e-24 3.31683e-60 1.89495e-65 3.90795e-21 3.3611e-33 6.30488e-45 6.50712e-39 2.26179e-40 1.85048e-37 2.14808e-17 2.32696e-32 1.8027e-16 1.66656e-16 0.368955 7.82311e-26 7.74035e-37 4.78896e-05 4.9903e-17 4.05787e-35 3.21763e-53 4.73643e-19
2.54731e-28 0.000780999 0.0236093 7.79156e-06 2.87427e-36 1.19105e-52 0.0240325 9.09831e-38 1.32456e-23 1.34193e-07 3.47209e-66 5.62696e-31 1.15386e-08 7.29288e-33 4.30052e-43 4.66776e-20 1.39674e-37 0.0419957 4.8853e-31 4.65041e-17 0.00790834 2.54359e-28 0.531592 7.4653e-35 4.2131e-32 4.25519e-14 4.83913e-23 5.2593e-35 1.238e-64 1.15128e-18
2.00866e-26 3.67429e-07 1.70391e-67 1.36183e-26 1.27797e-07 0.102492 2.56245e-28 2.07045e-09 2.29323e-35 0.0527163 0.157007 7.30966e-50 0.0822742 0.0511675 5.0762e-28 2.60975e-40 2.88623e-34 5.49688e-50 1.91138e-34 1.86693e-30 2.43906e-12 2.86458e-12 0.0630801 0.322437 0.0377124 5.13492e-15 4.38013e-42 3.70375e-31 0.435392 0.0440988
7.36298e-19 2.94527e-20 1.12877e-23 1.34458e-10 6.64818e-07 4.31809e-26 4.0997e-07 1.03779e-21 7.43999e-31 1.88354e-16 5.62138e-20 1.62587e-39 2.67295e-27 9.35616e-31 3.00625e-23 1.93407e-56 0.042726 2.86219e-24 2.4281e-06 6.81719e-14 3.38881e-17 1.66182e-13 0.00172054 1.75404e-46 8.12873e-18 0.130684 3.10123e-08 3.29824e-07 5.36599e-48 2.3384e-41
3.954e-34 0.00231887 8.27969e-34 8.54352e-13 1.65356e-18 2.76311e-39 3.82035e-23 7.21975e-43 7.83104e-19 7.90642e-32 7.1194e-43 2.63671e-44 4.48034e-30 4.61858e-38 1.33706e-25 1.01424e-32 4.83733e-25 9.95708e-52 2.01832e-06 1.87499e-11 1.61348e-07 3.58483e-07 5.58718e-17 7.52079e-16 5.72383e-19 0.813871 1.07669e-26 0.0707045 1.66486e-54 1.03879e-25
