2.08595e-61 5.25153e-12 4.74719e-59 7.67483e-06 1.37108e-125 9.88242e-67 7.97283e-96 2.38335e-53 3.85723e-69 1.38937e-105 2.33406e-124 2.67371e-37 1.15542e-48 4.47014e-63 2.68979e-299 7.20966e-210 3.57626e-292 1.24636e-72 0.84135 8.13115e-89 2.54205e-207 2.05685e-87 6.4013e-141 2.52419e-193 7.02235e-175 4.81791e-206 1.15677e-314 7.52759e-138
7.71269e-104 9.73324e-59 6.38508e-153 7.93611e-122 5.44341e-33 4.54696e-79 1.32913e-135 6.39871e-87 1.42788e-104 2.31988e-184 4.83715e-163 2.76135e-68 8.94882e-256 3.16675e-67 3.0662e-175 3.00334e-155 9.07064e-257 1.25453e-44 1.059e-45 0.104843 1.25755e-109 2.05941e-63 9.06831e-159 3.1097e-218 7.18083e-78 6.42756e-140 6.31942e-286 5.07893e-157
0.0625023 2.4979e-05 0.00105839 0.00285104 0.00132174 7.01453e-11 3.34694e-06 1.29106e-06 0.00275227 0.000513027 4.26292e-05 2.53626e-05 5.06443e-05 1.97107e-05 1.97626e-323 2.29649e-316 9.38725e-323 5.49666e-177 4.00154e-115 6.57779e-142 1.42352e-247 3.24273e-202 4.9543e-269 6.04817e-242 3.09032e-234 9.44988e-223 1.4822e-323 2.91795e-229
8.78764e-102 9.44266e-11 1.13205e-45 1.25384e-163 1.44267e-321 2.96439e-323 1.03754e-322 8.06223e-55 2.94463e-321 2.29607e-305 5.74421e-152 1.68912e-86 2.72751e-196 5.87938e-322 1.14129e-321 7.76295e-82 1.50455 0.166966 1.29415e-28 3.73995e-42 6.1121e-30 1.5448e-108 0.419661 0.545849 4.9658e-201 0.548331 0.169484 0.48984
4.08887e-140 3.41269e-207 1.44089e-186 6.69867e-40 3.5321e-316 3.01647e-312 1.77789e-187 2.89028e-321 2.61991e-70 7.26346e-56 2.08496e-321 2.23086e-96 2.45255e-191 7.6978e-97 0.215088 0.496642 6.38333e-321 2.84538e-18 7.05414e-99 1.11925e-52 0.229925 3.78087e-166 8.30035e-41 5.74489e-180 2.63177e-220 6.84497e-192 1.49393e-270 3.24772e-123
0.00599259 0.000333827 5.54347e-06 0.000406201 9.77286e-05 3.87994e-06 9.58378e-06 0.000137868 0.000101219 8.84007e-05 0.000216984 0.000117296 0.000206802 3.10632e-05 0 2.73545e-317 0 5.61188e-179 2.74304e-116 1.25283e-145 9.34966e-249 2.9437e-209 5.80745e-270 1.82e-243 2.77257e-241 1.36018e-223 0 1.7451e-230
4.42088e-112 7.46349e-31 2.5317e-68 0.00860468 1.35187e-88 5.5121e-94 1.87714e-58 7.58668e-83 2.21245e-83 8.47282e-13 6.59857e-58 3.65227e-28 7.2803e-111 2.69319e-17 3.42307e-268 2.94302e-280 1.56027e-247 2.40685e-136 0.21598 3.67265e-97 9.79508e-146 2.0437e-152 1.44949e-248 2.04337e-178 9.90884e-216 8.28706e-169 9.19751e-256 1.53808e-119
1.04223e-76 2.71098e-44 8.84965e-88 1.15975e-83 2.47466e-133 5.27746e-159 4.64565e-92 4.60744e-71 5.28607e-73 9.29836e-64 2.71902e-184 8.06962e-91 1.90299e-106 6.42247e-153 8.35438e-227 1.52633e-202 9.15273e-284 1.25699e-56 0.000100282 4.47424e-120 1.54016e-163 0.193395 7.33348e-192 2.60088e-137 3.39456e-90 3.84007e-93 2.60175e-254 2.87118e-182
0.00318742 7.8366e-05 1.7069e-05 0.000223317 3.28622e-05 7.25869e-07 3.50354e-06 0.000130011 0.000100452 7.61252e-05 5.92897e-05 4.32407e-05 0.000109494 2.00463e-05 0 1.09733e-318 0 9.73781e-180 3.05136e-117 3.89585e-146 8.0832e-250 2.15216e-210 8.34021e-271 9.70248e-245 2.86768e-242 1.18197e-224 0 2.5279e-231
8.71966e-133 9.90923e-65 2.02184e-80 1.8858e-06 3.74368e-16 2.08068e-137 3.28594e-132 0.0409198 4.12231e-148 1.03735e-103 1.21924e-154 3.7197e-80 1.87041e-113 2.90377e-33 1.86249e-299 2.23009e-173 4.49138e-309 1.30241e-167 0.400842 2.45539e-76 1.31026e-199 5.09563e-54 8.33543e-208 8.68396e-194 7.04477e-228 6.11334e-175 4.12924e-207 3.05065e-209
7.60166e-14 1.4668e-13 1.28835e-19 1.38901e-14 5.27531e-05 4.18972e-21 5.71514e-10 1.09936e-29 4.77179e-21 2.52904e-11 2.70506e-31 1.01862e-15 1.29145e-14 3.50743e-16 2.20743e-315 6.48087e-291 7.36158e-322 1.50873e-173 4.92419e-112 3.77457e-135 3.58458e-240 8.09511e-188 5.03114e-267 9.33326e-225 6.28297e-234 1.26715e-203 7.90505e-323 5.24821e-219
1.99664e-52 5.92488e-74 6.09389e-84 6.57375e-98 1.30845e-46 2.00685e-106 1.19695e-14 3.7212e-89 2.85515e-183 1.92228e-122 1.73628e-136 1.35101e-26 6.08023e-18 1.02744e-08 1.00246e-320 3.72787e-213 2.85076e-321 4.79638e-157 0.343589 4.71663e-77 1.98363e-205 1.44461e-18 6.08354e-190 5.04974e-179 1.44115e-77 9.39642e-203 8.80167e-236 9.01353e-164
4.93374e-150 2.32494e-39 5.89708e-53 8.03358e-70 8.11493e-29 1.64316e-44 1.40548e-117 1.202e-170 4.89267e-05 9.90477e-123 6.61887e-47 3.40006e-36 2.19335e-75 5.23453e-174 5.84145e-236 7.60588e-193 3.19166e-321 9.63117e-85 8.1754e-22 7.35122e-25 5.43912e-167 0.101839 4.99094e-167 2.27901e-236 2.32717e-169 9.98863e-178 6.4279e-165 2.04673e-186
2.39944e-106 1.03619e-104 8.4116e-197 5.67653e-104 5.6772e-43 3.21836e-303 1.26783e-187 3.92573e-297 3.80727e-320 2.35876e-94 1.81322e-321 2.51157e-38 6.03487e-13 4.496e-322 6.25183e-281 6.92013e-166 2.54163e-202 8.8861e-176 2.84998e-84 1.34139e-130 3.14194e-52 1.04041e-29 1.52647e-241 1.28631e-233 1.80829e-111 0.127458 1.02695e-48 5.09876e-213
1.22962e-69 8.40128e-67 1.08983e-112 3.74471e-23 1.06599e-11 4.86763e-83 7.29148e-58 3.62795e-237 4.59719e-34 1.34818e-60 9.42657e-39 3.86432e-47 4.43044e-114 1.94685e-54 8.23144e-136 3.18637e-270 5.86852e-310 4.35373e-114 3.99699e-16 1.41251e-119 6.7422e-208 0.394585 6.64487e-177 2.73068e-192 0.156738 8.69419e-183 9.74471e-105 6.51436e-213
2.11605e-114 4.94921e-77 8.06908e-162 1.94931e-134 1.94019e-24 5.05083e-99 1.88947e-164 8.99846e-191 6.84163e-154 4.88514e-92 2.63836e-100 3.64151e-112 2.00159e-28 2.48993e-192 5.87024e-205 2.41493e-245 2.92488e-208 7.1493e-91 0.236227 0.0444005 3.44124e-160 6.75469e-127 4.20896e-81 2.75657e-184 6.31332e-221 2.04146e-197 4.96387e-156 1.70797e-203
1.42093e-12 6.63539e-93 1.90559e-73 1.74966e-34 3.18272e-145 5.84303e-25 1.33953e-99 9.26109e-54 1.88234e-88 1.92562e-81 3.82163e-67 2.75499e-109 4.08568e-143 1.51892e-156 2.34052e-257 6.03236e-228 2.508e-310 9.83374e-117 0.165973 1.75026e-33 1.38804e-239 2.9221e-137 6.08914e-228 4.11789e-217 1.96147e-78 5.31434e-193 3.13157e-274 6.76068e-134
9.78975e-197 1.30801e-65 4.06365e-142 8.55332e-64 1.07819e-165 2.40586e-58 9.94083e-157 1.61635e-133 1.5511e-219 4.85836e-154 2.4317e-165 4.93099e-85 1.04023e-39 2.52921e-81 2.6632e-254 1.16283e-231 3.92782e-321 7.03987e-140 3.76542e-62 1.0836e-116 1.33187e-172 0.0984455 2.81636e-131 1.24918e-162 1.82267e-103 2.58659e-135 3.76787e-228 6.21299e-121
