2.78261 0.127142
4.21637e-102 1.36761e-53 3.92031e-17 1.44967e-26 9.60566e-80 1.09925e-15 4.5691e-58 2.98689e-90 6.51625e-102 1.86553e-26 1.97045e-90 1.80835e-79 1.484e-116 2.29135e-60 3.9643e-28 7.32897e-50 4.89183e-87 8.84679e-119 7.34831e-66 9.2664e-28 0.336024
1.43961e-131 6.98329e-212 8.09796e-32 2.61699e-104 1.4353e-05 1.95564e-142 3.02135e-53 4.46323e-93 6.96427e-30 2.73466e-49 3.23242e-92 7.76624e-69 0.378723 0.125749 2.89557e-33 0.119719 2.4962e-102 1.21431e-86 7.71674e-88 1.75216e-97 7.41554e-09
0.000112597 0.000215738 0.00290293 0.0011887 0.000264808 0.00143867 0.000570084 0.000118624 0.000224469 0.000501998 7.67552e-106 2.26545e-161 1.49486e-198 9.39922e-121 1.09488e-82 1.58363e-98 3.03279e-112 9.14701e-133 1.26928e-168 5.04944e-137 4.69334e-92
1.74093e-151 3.0499e-103 8.84721e-13 5.9555e-39 1.50112e-66 0.0628741 1.19906e-33 1.35705e-45 6.38995e-18 3.88774e-96 8.98667e-07 1.25983e-148 1.51789e-28 3.35233e-113 4.2903e-50 3.37497e-87 0.156752 3.01168e-56 1.2765e-29 1.20916e-17 1.11717e-88
9.11165e-46 5.11643e-118 3.00574e-21 9.42598e-50 1.31681e-12 1.09745e-70 3.36993e-46 4.89964e-65 9.03885e-49 2.8323e-73 7.43463e-57 1.0864e-52 2.71531e-89 1.53259e-28 0.358505 4.95839e-89 2.47262e-28 3.07664e-92 4.55111e-163 5.03155e-133 2.69715e-64
4.93974e-50 1.66458e-47 2.65675e-39 1.4699e-19 5.38748e-40 2.57419e-16 9.94934e-106 5.9694e-09 7.29108e-55 9.24207e-15 0.0401751 5.08556e-103 6.14039e-187 6.18627e-107 7.9746e-64 4.29295e-59 3.92939e-51 1.77576e-42 8.53917e-78 3.40951e-83 6.15245e-22
6.21293e-167 4.32931e-139 9.85332e-115 5.25066e-120 1.04003e-88 3.88848e-20 9.452e-141 7.34867e-70 4.00776e-42 3.99934e-83 3.94499e-95 5.55667e-146 4.21278e-67 5.80807e-55 1.28337e-60 2.13962e-42 1.73283e-24 9.69985e-82 6.8681e-118 0.372643 7.36442e-08
4.04839e-79 4.45178e-81 2.01506e-34 1.60569e-12 9.99697e-86 2.41393e-06 3.73342e-07 6.39798e-113 5.65984e-64 3.03217e-43 1.96086e-62 1.8851e-73 3.08812e-167 9.78532e-99 0.468168 7.41578e-54 7.41647e-27 3.00034e-107 1.4806e-69 1.6856e-35 8.32708e-05
6.32776e-26 1.53806e-98 2.40677e-77 1.35699e-14 1.96276e-119 1.33384e-107 1.1744e-61 2.92827e-22 0.00465408 6.09848e-92 0.00318054 3.3407e-80 2.87955e-188 0.279607 5.48702e-22 7.61647e-20 1.37048e-77 1.86067e-60 1.66801e-97 0.209906 8.51991e-16
0.028511 1.2317e-27 9.78563e-55 6.66653e-67 4.1895e-44 9.61428e-46 1.30468e-126 8.91675e-89 9.47434e-28 1.57187e-67 0.101514 3.00304e-151 5.68111e-131 5.25821e-60 1.12507e-77 4.98552e-31 8.62868e-68 5.91039e-73 2.00732e-146 2.79987e-84 0.417935
1.37655e-47 1.44059e-281 4.75593e-126 1.70767e-279 2.36538e-185 6.03405e-64 2.69821e-26 1.20831e-137 1.09293e-132 4.3644e-09 8.09959e-95 0.461635 6.73111e-185 1.54673e-44 1.37532 0.705382 3.96121e-40 0.0426572 2.94755e-73 2.33486e-41 2.60348e-25
4.41545e-30 1.92002e-154 2.21107e-17 1.55723e-25 3.77795e-129 1.20667e-84 7.29725e-28 5.15112e-140 1.74052e-103 8.8675e-57 1.01436e-76 2.74648e-29 4.58357e-117 6.44896e-84 5.60499e-64 3.10874e-76 0.0646308 1.15894e-14 0.169018 0.375634 1.11509e-35
2.86018e-26 3.75366e-13 1.27784e-24 8.02391e-08 2.84415e-34 0.155603 4.91091e-51 3.25227e-48 7.87456e-18 2.09942e-36 2.94219e-50 9.01946e-113 6.74633e-139 1.64693e-90 9.0875e-81 3.34798e-90 2.0831e-92 2.48006e-81 4.16075e-157 3.831e-108 4.61806e-65
