16.2237 0.174837
1.76659e-10 1.89258e-11 4.90153e-122 4.28736e-55 1.77408e-72 5.75347e-08 4.68782e-54 1.10765e-81 1.0225e-53 9.97634e-66 7.10713e-169 5.86369e-69 2.43527e-55 5.52718e-55 6.64231e-115 6.22077e-182 1.48224e-75 5.991e-82 1.25607 1.25844e-174
6.12165e-23 2.14084e-40 1.27268e-85 3.71825e-72 1.36514e-65 1.40631e-58 1.18098e-54 2.45686e-15 7.39737e-21 5.06887e-51 5.37769e-230 1.44173e-92 9.97287e-131 2.53721e-34 8.11791e-144 5.75206e-98 3.64451e-80 8.13279e-104 1.90356e-56 1.48872e-140
1.81414e-16 1.7471e-18 1.70107e-85 2.25909e-34 2.76068e-24 2.48908e-07 6.92277e-39 2.18225e-82 2.48641e-35 7.14816e-34 1.11544e-158 4.14863e-61 2.18801e-101 3.01611e-77 1.7436e-97 1.20026e-178 4.99185e-66 3.95931e-65 0.602117 1.97698e-153
1.22631e-108 1.79817e-116 2.44344e-220 1.9193e-90 6.45657e-98 9.45871e-43 3.44168e-132 2.66971e-137 5.84803e-73 9.76441e-45 2.0189e-231 0.164817 0.237944 3.11548e-06 0.277714 9.65659e-17 1.26524e-68 1.73443e-79 6.08784e-68 6.9654e-33
0.000211517 0.00127759 0.00184764 0.00250927 0.00437969 0.000422576 0.0107292 0.0291001 0.0174446 0.00770429 1.85356e-253 4.545e-114 2.35655e-159 8.72422e-77 8.49615e-180 1.8336e-187 1.28266e-129 1.03769e-128 1.94181e-94 1.3674e-204
3.25462e-78 5.21031e-84 7.12374e-50 2.4401e-23 4.51913e-99 3.44841e-103 8.26012e-93 1.74079e-164 4.57022e-108 1.78373e-45 1.51552e-249 0.0583258 9.53811e-24 3.20211e-14 1.33667e-12 1.4182e-178 0.166772 3.09999e-129 1.60904e-09 1.28335e-153
8.53701e-97 1.25066e-111 1.63031e-10 4.79783e-21 4.97293e-13 7.60824e-36 5.60061e-37 8.91948e-47 1.06972e-96 3.08249e-21 1.49022e-110 5.97043e-61 0.0973709 0.131062 1.11318e-128 6.25718e-52 6.39988e-57 1.01624e-58 7.63412e-51 5.94683e-140
4.78211e-08 5.7765e-42 2.58265e-92 2.45537e-15 4.12842e-30 3.84247e-37 2.36777e-16 3.46835e-39 3.16981e-05 3.80526e-08 5.78023e-193 1.81912e-63 9.65993e-90 7.54974e-44 1.58957e-144 3.4524e-163 2.01739e-106 9.19296e-84 0.232079 3.22826e-144
7.70618e-67 1.56528e-42 1.70407e-57 4.70188e-76 7.45098e-46 1.16395e-42 3.77952e-123 3.49164e-39 1.4798e-65 6.63716e-50 2.57697e-142 1.72909e-43 4.35298e-158 0.138899 4.89398e-104 2.59815e-191 3.671e-40 1.73003e-61 2.43566e-67 1.63516e-199
2.84048e-09 1.361e-65 1.0726e-91 3.49973e-30 3.53947e-61 4.97773e-61 7.21317e-11 2.64764e-27 5.85614e-39 9.3833e-49 1.50375e-224 2.599e-61 1.09656e-95 2.90894e-63 1.08896e-100 9.89492e-162 2.1715e-114 1.39327e-124 0.492693 4.49887e-177
5.04078e-11 4.56149e-16 0.0336838 1.40341e-39 1.50365e-22 9.43222e-14 2.28016e-40 4.99797e-56 1.50372e-07 1.16358e-24 1.04862e-186 6.22145e-104 4.44266e-76 1.45911e-44 3.99144e-129 4.07285e-141 4.88237e-70 9.50802e-119 20.9705 3.28271e-197
5.95357e-121 7.72221e-52 6.26363e-34 5.13037e-62 4.81709e-52 4.64448e-33 1.02369e-76 6.69977e-215 2.19834e-45 5.20752e-64 0.103004 1.2318e-105 6.30738e-135 9.8673e-63 5.81178e-132 0.230728 0.825835 0.362379 4.94825e-68 0.235056
