20.8288 0.0156482
4.13392e-15 4.2493e-13 2.43938e-10 1.07615e-17 1.5146e-05 5.23922e-09 1.76023e-17 6.35617e-08 3.80019e-11 0.00237621 1.55046e-12 0.377453 2.0882e-11 2.7832e-19 2.77867e-08 8.04804e-08 0.0137212 5.04414e-07 0.00876031 7.92134e-14 4.11624e-12 9.90458e-09 0.0193988 2.30068e-11
5.56907e-13 0.000167304 4.2225e-07 0.00185556 8.65057e-16 1.0477e-08 6.18101e-15 3.30282e-15 7.98396e-06 2.29022e-09 1.3829e-18 0.793922 1.20434e-13 5.96868e-11 4.26274e-11 2.52624e-14 4.32853e-12 1.57766e-08 1.08762e-07 8.01133e-29 3.65994e-09 9.52347e-08 1.33243e-11 3.86935e-13
4.49902e-12 0.000561042 0.000388877 9.50428e-09 0.0110494 1.03614e-07 4.62451e-14 1.33161e-11 0.000258588 2.86989e-15 2.22199e-12 0.472359 9.12828e-12 6.73233e-16 1.93342e-10 1.86097e-20 5.56249e-10 7.11347e-15 4.23016e-11 1.67333e-19 0.00551082 2.68949e-11 4.33959e-11 4.95188e-14
3.26611e-26 9.51504e-17 0.00132845 0.000117103 6.52447e-11 1.00634e-15 2.71038e-29 1.76944e-18 1.08665e-07 8.05973e-19 0.0024762 0.000258384 0.0343656 0.0290132 0.0230481 8.34691e-13 5.93499e-17 3.63335e-05 1.40736e-14 0.0286855 1.89175e-11 1.72792e-09 9.24605e-11 0.00522993
1.20711e-10 0.00284115 6.96176e-09 0.000724929 5.24169e-06 0.000180432 4.16706e-06 0.0132928 9.65788e-07 1.793e-11 8.37576e-21 0.176997 9.51671e-15 7.0499e-16 1.23252e-13 2.96251e-25 1.08968e-14 3.63375e-16 8.58656e-16 3.07443e-23 2.34182e-08 4.14444e-18 1.39661e-13 1.16718e-13
3.11651e-25 1.15151e-25 0.00177459 1.22725e-16 2.27661e-14 0.0139554 0.0037248 0.00108586 1.61743e-09 0.2035 2.5326e-15 6.63236e-09 0.000763996 6.48986e-13 1.53646e-08 0.0696952 0.0427876 0.0358703 0.0422718 5.29102e-31 0.00805992 0.0542592 9.83439e-13 2.67758e-08
8.81477e-06 2.75578e-10 0.000154322 6.13693e-05 2.99136e-06 1.28888e-05 2.40413e-10 7.78025e-05 6.22306e-08 5.40614e-14 3.07508e-15 0.112536 2.6001e-14 2.25641e-17 5.60219e-13 7.6578e-15 8.51422e-19 1.30375e-10 1.58276e-15 3.45122e-33 5.08146e-07 6.84806e-14 3.757e-17 7.76384e-13
0.0107391 4.14353e-14 5.1009e-07 1.57413e-08 1.07776e-13 1.60932e-10 1.2956e-13 5.45266e-14 1.73054e-06 2.11539e-08 3.67377e-16 1.3344 1.88087e-12 6.49059e-20 5.82047e-07 1.35024e-24 2.49259e-21 5.10134e-13 4.26975e-12 3.61866e-21 9.3307e-06 3.10556e-15 1.75481e-16 1.55036e-09
1.19221e-06 6.12107e-28 2.58318e-16 9.20177e-15 1.93621e-21 1.83781e-07 2.24471e-30 4.12912e-31 0.0390715 5.16529e-22 0.015882 0.289257 5.93703e-07 2.26126e-05 4.58407e-05 1.40874e-23 0.0500198 2.44072e-16 1.33795e-06 0.0131973 1.71568e-08 1.76443e-09 0.00373032 0.0169837
4.61203e-08 2.82484e-12 9.01989e-11 3.9371e-09 2.66647e-09 1.13267e-05 6.04739e-11 8.04092e-10 3.36198e-08 2.38688e-12 1.31617e-18 0.718507 1.47588e-18 1.22976e-16 1.70187e-07 1.59268e-15 1.87646e-10 5.77026e-15 5.16408e-16 8.10764e-26 1.91543e-08 4.01714e-10 1.05378e-15 1.15865e-10
4.99109e-09 0.0204315 4.75486e-11 0.0166045 0.0304344 0.000241366 1.36609e-11 4.19608e-21 0.00356913 8.32858e-10 1.58354e-15 1.63064 3.62274e-13 2.14532e-16 1.7175e-13 2.0946e-05 1.79565e-16 0.000116189 1.67684e-08 1.93457e-32 7.73436e-06 3.68054e-17 2.33798e-13 2.07544e-13
