1.52372e-103 1.91874e-08 1.15454e-147 6.2334e-74 1.27433e-85 3.30381e-37 0.197875 6.24755e-97 0.397815 8.11014e-07 4.38287e-44 1.04616e-124 1.09904e-182 1.54473e-20 4.58469e-151 3.41248e-47 1.59316e-31 1.96584e-45 3.40019e-79 2.17149e-68 4.44793e-30 1.26314e-46 0.323439 1.15758e-11
1.90439e-109 1.86363e-57 8.55612e-14 5.36877e-67 5.73256e-85 3.37448e-98 1.13847e-62 3.5754e-64 3.61467e-58 1.13367e-39 0.597485 4.80752e-143 6.95277e-169 0.0938963 7.4236e-128 6.28778e-20 7.47626e-88 1.81826e-100 4.99317e-80 7.8739e-67 3.84564e-130 1.83615e-14 5.65882e-22 0.0815959
1.60713e-64 1.71126e-12 1.74553e-73 0.0116348 1.14338e-32 8.70817e-05 1.1373e-45 2.2226e-45 0.251934 7.73813e-72 2.02978e-75 2.26459e-107 4.37968e-136 3.32986e-146 1.01171e-126 7.62638e-26 2.71657e-67 8.32635e-123 1.28151e-76 9.46132e-64 5.54988e-124 2.0337e-175 1.75463e-72 1.67305e-87
2.70758e-111 1.07052e-33 8.11765e-109 1.95097e-63 2.37719e-70 6.3565e-131 1.16245e-54 1.34004e-11 2.61772e-56 0.330764 1.01017e-54 1.19694e-75 8.88556e-21 5.02437e-67 1.47523e-109 5.71647e-07 0.000199752 3.58239e-16 1.16353e-45 3.06005e-68 7.99353e-196 1.11086e-62 8.10916e-109 2.21686e-35
0.062637 1.30303e-43 1.04084e-116 4.49373e-102 4.56101e-09 5.41967e-77 4.00683e-106 4.43019e-135 2.83203e-68 0.107754 4.4088e-145 4.66698e-12 2.57251e-130 1.00227e-82 2.75963e-31 1.87904e-96 9.87475e-76 8.14847e-112 0.072317 7.53943e-13 5.5575e-56 1.2113e-10 3.52888e-82 7.49568e-32
1.19694e-31 2.21457e-83 1.93366e-143 1.31404e-146 1.15341e-09 1.12602e-60 2.24478e-24 8.83827e-81 2.41159e-32 1.26518e-72 2.78546e-26 2.58901e-95 3.84021e-52 4.5679e-39 0.121275 5.90901e-115 6.08834e-24 1.63879e-31 6.94368e-14 0.0396013 0.129544 1.7456e-140 2.40959e-56 1.04293e-71
5.33074e-94 3.64389e-77 2.92024e-79 4.17805e-167 6.02276e-16 7.99616e-109 5.74864e-70 1.05741e-47 7.28745e-74 5.52105e-13 1.0146e-63 0.0987046 1.51517e-186 2.0844e-102 3.87217e-169 6.55162e-103 8.49378e-69 0.108512 9.05963e-13 2.85607e-75 1.45795e-49 6.63744e-145 3.12237e-85 4.67294e-14
3.11778e-37 2.62454e-22 9.99417e-36 4.44666e-81 0.411914 5.79411e-09 1.07345e-53 5.22482e-53 6.70463e-73 2.59404e-102 5.18551e-87 4.20522e-148 5.12195e-198 5.16613e-125 6.1679e-123 3.20483e-69 1.93276e-102 1.45352e-53 4.74129e-86 3.81039e-124 1.40944e-175 1.41892e-136 1.43124e-87 1.95105e-101
0.00294049 0.00224107 0.00661773 4.84188e-05 0.0123558 0.00121169 0.00108213 0.0098393 6.02155e-76 7.63788e-107 2.46014e-148 3.44375e-150 1.62615e-198 2.50984e-158 5.96389e-180 9.9253e-122 1.55019e-159 4.74156e-127 3.59976e-100 1.32433e-128 3.00504e-207 2.28312e-180 1.13116e-115 1.58274e-103
1.58629e-05 2.32341e-05 3.56798e-93 9.03153e-24 3.63201e-27 2.12592e-108 4.1571e-24 4.63498e-30 4.94681e-14 0.109422 8.35004e-98 0.0182487 6.62882e-137 3.26941e-52 9.06625e-74 0.065212 2.26875e-157 2.19237e-114 0.0487247 3.24634e-102 3.88315e-103 0.295024 2.81826e-53 4.37805e-97
1.78069e-64 3.97357e-44 4.46103e-13 7.03169e-160 6.59496e-08 1.1241e-192 3.79533e-68 4.57139e-155 2.34408e-67 3.54258e-100 7.58127e-120 6.91426e-92 0.0767342 2.09511e-18 4.32898e-154 1.73218e-82 0.220048 6.63985e-51 1.08064e-39 0.218747 2.41817e-141 5.65065e-96 8.76597e-74 4.48112e-56
