0.00157214 1.95822e-234 1.03541e-161 1.34708e-209 2.87815e-101 8.70828e-45 4.97393e-83 1.17374e-164 1.00885e-152 2.05279e-69 3.11755e-321 6.18839e-41 2.20664e-32 1.84721e-139 6.69278e-64 7.50017e-156 2.18942e-99 3.77587e-148 7.86154e-134 5.68506e-117 0.122066 1.30343e-176 4.37054e-93 2.06927e-260
4.34841e-46 1.92561e-260 2.6729e-321 1.26045e-184 3.35654e-17 3.42079e-255 2.25277e-188 1.23426e-285 0.21966 0.116231 1.23875 1.19941e-69 0.632816 0.440192 0.141762 0.379782 8.74277e-33 3.03621 5.40135e-101 2.96355 2.56857e-87 2.42847 2.07021e-47 0.592983
2.32088e-209 1.8254e-44 1.72225e-223 4.57293e-161 2.25791e-179 1.65959e-46 3.76992e-113 1.22408e-99 1.77338e-75 1.12726e-68 5.73741e-155 2.19215e-101 2.23199e-157 6.44639e-88 2.77166e-179 3.99736e-184 8.67011e-272 0.0883993 4.14001e-38 6.18405e-151 7.71583e-26 3.10508e-76 6.56775e-118 7.84281e-91
1.01924e-133 9.21446e-47 5.04607e-114 1.45131e-118 7.01607e-78 1.42282e-62 1.13089e-55 5.07397e-10 1.80129e-193 5.10343e-114 1.25946e-284 1.78451e-88 2.77565e-260 1.79126e-216 3.57977e-166 8.49018e-247 3.50242e-167 1.20431e-283 7.6519e-193 1.77383e-193 1.82972e-99 5.49962e-163 0.40493 3.6843e-165
3.70031e-67 5.85006e-181 5.66871e-84 1.43538e-248 7.85564e-322 1.33205e-98 1.01033e-57 3.74762e-262 3.17848e-201 4.47971e-122 2.21032e-12 3.42706e-40 4.3999e-257 3.06275e-82 0.052659 1.47002e-180 9.74577e-206 3.49223e-174 5.14072e-133 1.28322e-181 4.32016e-08 4.31552e-122 1.2435e-39 1.06331e-231
4.84017e-195 1.76271e-260 2.64038e-138 3.45366e-76 2.47946e-314 4.15997e-61 3.60986e-151 6.16037e-160 3.67558e-121 4.76471e-53 4.25885e-321 2.74725e-122 2.97185e-07 4.283e-28 2.61821e-12 1.66515e-268 0.307531 1.89786e-219 0.368632 1.44888e-18 1.72679e-115 8.31683e-16 5.9187e-121 7.164e-51
0.000247233 0.000130423 0.0202002 0.0291151 7.45108e-09 6.69457e-09 2.08677e-09 0.0129891 4.25549e-220 1.76401e-149 1.67982e-322 9.36436e-162 3.79609e-286 6.91692e-323 3.06585e-239 3.58455e-277 3.5226e-308 3.78014e-274 4.0532e-246 3.92682e-235 1.16716e-130 2.29226e-207 2.31147e-154 1.12553e-287
0.00276252 0.0224566 0.000979177 6.72354e-09 0.00510554 0.00715269 0.000241281 0.000213102 5.13648e-224 3.13073e-153 1.08694e-322 1.28346e-161 1.14209e-286 4.94066e-323 2.49421e-245 3.00525e-278 1.79796e-302 9.87021e-284 7.42208e-238 9.43476e-245 2.33317e-134 6.09137e-208 2.12531e-149 6.56848e-297
1.26071e-157 7.7101e-140 3.30219e-154 8.48111e-66 9.5492e-148 8.84559e-97 3.10163e-53 1.09097e-149 3.44053e-119 4.12939e-92 2.14424e-321 5.12058e-62 2.00196e-117 5.73439e-293 7.75075e-101 3.64435e-225 6.69177e-136 4.24989e-131 8.8945e-101 4.1037e-154 0.0171806 1.05529e-204 0.0925483 8.96558e-281
1.96091e-182 1.8202e-311 2.33822e-107 5.58246e-240 1.49671e-287 8.25964e-164 1.66872e-147 1.11898e-248 7.75368e-196 1.43991e-10 9.64479e-290 2.4836e-80 1.71507e-192 4.08231e-172 2.98591e-80 1.27653e-75 6.63694e-15 1.83231e-05 3.77327e-165 0.0689863 1.00022e-38 4.86931e-78 3.53757e-77 3.27773e-296
5.05892e-210 1.03575e-82 8.65623e-87 5.76824e-106 4.80682e-87 2.27339e-115 0.0202737 2.99705e-44 5.71838e-103 2.75929e-64 3.64965e-224 0.313467 2.26154e-76 1.29445e-321 0.186063 3.63945e-209 4.97732e-277 6.5089e-136 3.2214e-159 3.03369e-83 0.000993074 2.12524e-100 1.4905e-110 1.02906e-247
