4.43067e-118 6.17589e-37 1.3432e-50 2.91422e-51 0.00669582 4.66799e-33 2.37284e-90 8.96871e-53 1.21048e-87 9.8555e-41 5.60356e-38 1.59683e-113 1.56722e-66 2.98406e-211 1.63235e-156 1.19937e-60 1.01233e-202 7.31517e-81 2.36411e-45 3.85173e-121 3.69436e-172 5.10621e-125
1.27715e-141 0.0381052 7.49491e-124 3.00355e-93 1.34274e-14 1.15072e-62 2.69892e-59 3.01346e-63 9.57698e-74 1.40083e-38 3.95739e-42 6.80322e-130 5.30583e-72 6.68924e-232 4.27943e-153 3.50905e-67 6.44878e-262 2.9602e-121 3.87155e-173 2.51198e-130 2.4491e-145 4.61374e-55
2.84898e-95 0.192499 2.06291e-44 2.77827e-81 3.31563e-68 3.19482e-64 2.00591e-102 1.26693e-130 7.9803e-43 9.90992e-111 3.14396e-97 2.70436e-72 2.77014e-26 3.16891e-205 1.66805e-116 1.35393e-40 1.79975e-120 1.06672e-76 8.39786e-148 2.95149e-26 1.38013e-145 7.31431e-50
1.21686e-201 2.14302e-31 1.05148e-83 1.13791e-154 7.23986e-47 4.24899e-20 2.21214e-78 5.01239e-44 1.03377e-41 0.127718 4.42193e-98 2.10307e-87 0.00187466 2.3161e-174 6.43164e-147 2.36605e-65 1.3937e-264 1.13103e-125 5.60224e-101 4.38481e-145 1.08375e-107 6.18237e-52
1.60737e-186 0.0326877 9.84309e-98 1.61185e-137 1.77349e-72 1.69726e-82 2.48896e-84 1.98943e-57 1.60726e-118 1.84208e-56 2.09784e-72 3.6207e-93 2.47153e-22 2.1341e-103 3.35249e-119 2.12301e-90 1.58726e-167 1.02161e-113 3.11191e-176 5.04084e-125 2.35898e-178 6.0768e-59
8.02372e-154 1.48974 3.69494e-55 6.69295e-162 0.10174 3.62712e-51 2.49385e-91 1.30493e-133 8.68384e-50 1.20922e-24 2.01052e-100 5.2367e-135 7.01756e-87 8.56859e-130 5.30549e-84 9.36159e-46 2.29183e-178 6.34195e-107 2.26896e-49 1.18558e-82 1.02986e-148 1.4052e-80
9.9405e-67 8.91988e-30 2.73287e-102 0.23675 2.66519e-68 9.63919e-19 6.03729e-51 2.98602e-61 0.234403 3.63572e-20 1.77672e-47 0.307776 3.80257e-67 0.10852 0.530732 1.29485e-07 0.336533 6.86536e-68 0.175451 0.00014875 1.61837 0.0315844
3.04274e-21 1.60159e-38 0.134497 2.42634e-63 2.45933e-15 0.136241 0.0900263 2.27255e-56 1.80248e-81 6.20248e-08 5.64177e-17 4.73972e-113 1.82731e-47 2.8218e-158 2.04638e-153 0.0219372 1.45309e-119 6.21528e-21 1.44474e-104 0.0480522 1.81806e-46 2.31828e-08
1.27253e-75 1.11828e-72 1.25281e-68 5.16447e-126 3.56844e-64 4.71608e-19 4.65667e-61 0.0586655 2.00394e-73 5.21856e-96 8.54859e-99 2.54627e-56 3.92568e-19 2.15288e-233 1.77226e-152 3.82335e-24 1.40772e-275 7.49143e-82 1.06912e-45 2.56259e-147 6.9634e-210 8.51668e-46
1.10401e-80 6.87553e-47 3.91444e-117 3.90919e-114 0.280037 2.92307e-101 4.71359e-118 5.67729e-78 3.56033e-77 2.00607e-101 3.51039e-19 6.40882e-72 3.80373e-89 1.19028e-213 4.73472e-71 5.06822e-56 1.2289e-277 1.1397e-68 3.6633e-172 1.85828e-43 9.88317e-106 4.64486e-86
0.396088 0.258878 5.0323e-112 5.86237e-124 2.72686e-88 7.91344e-59 8.52087e-84 1.09236e-47 2.55716e-29 0.000215054 0.351212 6.27263e-66 3.093e-24 1.80179e-73 1.08367e-29 3.38508e-68 4.77158e-188 0.358157 1.18173e-146 0.327922 1.59507e-107 0.156664
2.6797e-121 1.37349e-41 1.43683e-88 3.39859e-35 9.77243e-46 1.9353e-103 7.07307e-100 7.69343e-29 1.71236e-68 0.142649 0.149561 8.62806e-60 1.33495e-83 2.21865e-123 9.34758e-110 8.2121e-97 7.05311e-142 5.27675e-136 6.6405e-38 1.70817e-101 6.27336e-103 1.30779e-111
1.74293e-193 1.7084e-25 2.82889e-86 1.2231e-68 0.157239 1.63643e-71 7.59999e-80 0.039206 1.11917e-28 1.51239e-09 9.49454e-78 2.0375e-103 8.76315e-42 4.39599e-95 6.29344e-147 2.58859e-12 7.14009e-203 9.54135e-124 1.04327e-121 6.18344e-158 7.53911e-156 2.30528e-86
1.31712e-126 1.08949e-59 2.81388e-132 7.59727e-118 7.03766e-05 5.36258e-58 7.22294e-115 1.57037e-53 3.65205e-32 1.98205e-75 1.47217e-16 1.29324e-92 0.911551 2.19794e-226 1.56902e-131 7.10636e-92 1.08637e-129 9.96545e-91 1.62312e-179 3.5876e-131 3.1227e-189 9.8269e-65
1.92989e-196 1.95321e-27 5.15277e-101 5.48959e-139 2.50558e-86 4.11074e-81 2.21122e-25 3.19677e-86 1.43771e-102 8.99067e-99 5.39008e-117 2.06384e-74 3.5107e-11 3.0919e-214 1.65843e-107 0.214977 3.09299e-216 1.52275e-41 5.60275e-186 2.48693e-117 2.97885e-164 1.75432e-39
1.37418e-152 4.70028e-16 5.4102e-88 1.0906e-147 0.0394902 7.55901e-74 2.81837e-115 2.3626e-70 1.29563e-76 1.82245e-85 8.85706e-72 2.32553e-75 6.5491e-85 2.40764e-124 1.23502e-170 6.24334e-42 1.15238e-225 1.644e-105 1.07459e-73 2.4873e-77 2.53526e-140 4.22077e-124
