3.32255e-187 1.14873e-181 4.44954e-225 0.456505 4.16522e-289 3.17684e-321 1.24768e-176 0.529746 1.49322e-53 0.0166816 1.57916 2.72612e-186 5.4661e-08 6.54466e-171 2.21679e-122 2.43922e-247 2.07148e-311 0.855303 7.9405e-291 1.61695e-288 2.97428e-321 9.88981e-243
5.96472e-82 3.70635e-104 9.10287e-211 2.98613e-30 1.18471e-214 2.30235e-321 5.09261e-159 3.51232e-10 3.90063e-60 1.75546e-56 5.46343e-217 9.46245e-45 2.15349e-214 3.40359e-128 2.39996e-145 2.83864e-172 4.47623e-321 8.73519e-117 0.0447242 1.77864e-321 5.92604e-68 4.08796e-131
1.47957e-126 1.77584e-134 7.74221e-86 2.48299e-171 2.44562e-321 2.50491e-321 4.25214e-49 4.33072e-06 2.65755e-64 4.01927e-154 4.31161e-244 4.14678e-28 1.07712e-250 0.164812 8.79926e-13 4.42683e-321 0.804799 3.20649e-321 5.12346e-321 1.92792e-175 3.39644e-273 4.57011e-321
4.614e-61 8.90182e-89 7.11243e-191 2.94217e-281 3.21143e-321 2.60373e-321 6.31767e-246 1.43117e-112 8.46317e-41 1.56297e-10 0.381739 2.49841e-115 8.48744e-148 3.26442e-135 2.22913e-52 1.10557e-319 6.00802e-137 1.64853e-317 4.24257e-23 0.339702 2.78159e-321 1.63655e-231
1.92125e-204 2.54091e-30 4.68371e-77 3.72087e-158 4.26379e-321 3.71537e-321 2.54387e-109 7.62712e-40 8.11008e-10 1.5153e-180 6.16453e-38 1.3555e-185 1.78358e-321 1.03801e-158 6.59191e-33 5.42484e-321 0.137075 1.32479e-313 2.34385e-14 0.112578 1.36999e-246 2.35865e-285
6.18039e-117 2.75289e-225 1.43773e-321 2.00344e-165 1.73417e-321 1.71935e-321 2.80302e-262 2.2805e-137 7.83378e-293 5.5213e-61 5.47919e-321 1.34623e-194 6.05188e-296 5.33994e-88 1.09865 3.52763e-321 8.17288e-143 1.08517e-274 3.40905e-321 2.51553e-160 2.24178e-100 5.72005e-152
2.18346e-203 0.538551 6.73436e-65 8.34977e-16 7.1245e-279 2.49009e-321 7.48091e-96 4.06987e-90 0.961185 8.55835e-66 3.84769e-294 1.98316e-48 0.325231 1.79301e-55 2.7337 5.89914e-321 7.84814e-08 7.72135e-50 5.61259e-321 2.93035e-35 2.92949e-08 1.16794
5.49211e-70 1.59941e-139 3.16819e-308 5.13817e-281 5.12462e-279 1.21046e-321 1.00674e-188 4.35554e-171 1.61753e-176 2.41836e-59 1.43865e-239 1.74677e-152 1.46325e-144 3.95898e-96 0.0992916 9.41823e-279 6.43208e-314 3.24107e-320 1.00306e-206 2.97855e-210 1.71935e-321 8.36322e-186
6.16698e-214 6.73011e-179 3.5356e-77 1.19622e-195 2.98416e-321 2.71736e-321 4.93341e-63 8.09607e-225 5.63543e-134 3.68996e-94 1.36637e-270 6.01404e-49 1.51451e-297 5.29602e-92 1.64257e-71 3.913e-321 9.07958e-140 1.1424e-191 3.24326e-273 1.97734e-89 0.163032 8.29994e-207
8.99304e-216 9.36115e-82 1.85769e-321 3.07282e-279 2.06519e-321 1.53654e-321 6.09617e-163 1.95655e-218 3.74874e-234 5.73013e-15 2.8426e-298 6.24258e-92 1.0573e-321 2.24418e-214 3.3953 7.3996e-315 7.28321e-82 7.41142e-284 4.50654e-103 1.42291e-321 1.47683e-129 8.60143e-292
7.1788e-165 0.0237525 1.06866e-74 2.6046e-125 3.32506e-321 1.61559e-321 4.39342e-30 6.01499e-213 3.39917e-321 1.31141e-88 1.54516e-246 1.04807e-05 9.66334e-181 4.86563e-100 2.57835e-112 3.88336e-321 1.35536e-178 2.31223e-321 8.01395e-158 1.78358e-321 1.80645e-39 5.43646e-105
1.64029e-202 7.5132e-26 0.898534 3.85371e-321 1.48527 1.67099 0.720951 1.04256e-231 2.11352e-184 2.82088e-112 1.18621e-47 6.34383e-204 6.84412e-106 1.08418e-131 9.29361e-69 2.12498 6.7286e-143 9.48806e-13 2.41455 2.42748e-87 5.4165e-163 0.221268
5.54382e-135 5.99819e-183 1.10735e-190 2.6154e-116 2.7223e-321 1.36856e-321 7.98756e-201 1.02597e-162 1.08572e-153 1.13897e-59 1.88203e-203 1.01673e-81 1.01283e-321 0.309064 2.38768e-18 3.45352e-321 8.03208e-209 2.41104e-321 1.15159e-283 1.57213e-312 1.51649e-188 4.31052e-258
1.65445e-24 2.46377e-160 2.61087e-124 6.25131e-319 2.68278e-321 3.2806e-321 0.156273 8.6037e-185 1.96889e-174 1.04955 5.11139e-131 1.1336e-193 2.6064e-92 1.37024e-87 3.91812e-122 4.05076e-291 4.74053e-308 1.72198e-25 1.62655e-241 1.87745e-321 0.385554 1.19475e-87
0.210539 3.52383e-116 2.96791e-269 5.46777e-86 2.78653e-321 2.6729e-321 6.14691e-110 8.20269e-110 5.55727e-204 5.14326e-34 4.1328e-58 3.78104e-215 1.082e-321 5.68264e-192 0.114685 8.7493e-292 5.47859e-205 4.74661e-91 3.14882e-181 1.68476e-321 8.79449e-167 6.42682e-240
1.95193e-20 1.00598e-197 1.04975e-207 8.73105e-258 2.28752e-321 1.66006e-321 2.17244e-257 1.36383e-222 1.41077e-290 1.37906e-23 3.46105e-123 0.68497 4.11249e-126 4.2528e-128 1.84639e-35 3.49798e-321 1.63938e-131 2.88708e-317 4.74527e-192 3.35388e-102 4.75211e-207 2.20271e-96
