5.82618e-73 6.24288e-97 1.25926e-32 2.85016e-67 5.31332e-29 1.14124e-40 3.61495e-69 4.60816e-40 1.07154e-43 0.299745 8.37919e-101 4.52548e-38 2.26672e-57 3.66817e-36 1.34196e-58 1.6334e-37 3.98741e-48 6.03207e-44 2.0733e-12 5.35914e-08 2.91265e-82 9.43827e-48
1.21252e-54 7.48164e-21 6.95058e-63 0.145721 2.81479e-62 6.1857e-56 1.48512e-78 7.49879e-32 1.51718e-10 2.8327e-53 1.45367e-21 1.80608e-59 9.61346e-41 1.85519e-58 1.01007e-35 0.441817 4.17281e-72 8.5385e-67 2.05376e-41 3.71822e-69 9.01419e-39 1.5103e-43
1.34615e-85 7.90873e-54 1.20767e-36 4.55969e-44 3.48388e-40 8.8065e-61 1.84269e-71 0.00061878 4.68964e-72 4.83466e-47 2.70627e-86 3.66793e-71 4.53352e-67 7.37022e-67 4.89679e-42 1.65526 3.0656e-74 2.34117e-49 1.32501e-15 1.00477e-71 8.8848e-80 1.12904e-86
3.96239e-80 1.39155e-74 2.98383e-63 3.03392e-63 4.18784e-30 5.97503e-84 2.23678e-88 3.94363e-34 5.64281e-41 3.9842e-39 1.20505e-88 6.05581e-73 9.38181e-31 4.14333e-35 4.05551e-12 0.517557 5.87771e-91 2.24421e-36 5.35983e-58 6.39975e-54 3.60687e-51 1.28961e-103
0.000117266 8.74335e-42 0.0490217 6.05337e-45 5.00087e-51 0.228863 3.92069e-27 1.05265e-39 0.0547564 2.25047 0.0975755 2.73737e-39 0.131722 0.000107376 4.96205e-55 6.66662e-45 0.000111995 0.0504132 1.06557e-47 7.67818e-05 0.0581149 1.29879e-18
2.1966e-99 6.06934e-73 1.62227e-43 6.30083e-65 3.65223e-59 2.24411e-62 3.95421e-51 2.42942e-46 6.31634e-22 1.36743e-20 2.53551e-66 2.18951e-100 2.0744e-34 2.31235e-67 7.06605e-26 0.147438 1.3375e-71 1.708e-60 5.46997e-47 9.34098e-61 1.53797e-98 7.05371e-60
5.41878e-73 2.97021e-40 9.71692e-22 5.55395e-40 2.76307e-52 5.20843e-64 5.11782e-44 8.20403e-05 1.1376e-58 0.0475843 1.1773e-40 2.36489e-72 5.33398e-53 7.03969e-55 0.000111561 7.2259e-31 7.03464e-55 5.76674e-42 7.08457e-45 8.50648e-66 2.7862e-70 5.08946e-108
3.62653e-64 8.7269e-98 8.57292e-23 4.75699e-61 2.51856e-52 1.26102e-103 1.12072e-50 9.52991e-11 1.00154e-39 8.49631e-21 4.80942e-54 4.7221e-61 2.09427e-58 1.12303e-23 2.57724e-31 0.288748 7.33306e-97 3.78665e-61 9.70909e-06 0.0160984 1.69113e-87 5.39525e-58
1.96818e-80 4.87265e-58 8.39237e-46 8.29433e-57 1.04119e-67 1.06183e-64 2.85856e-67 0.00431217 0.0521451 2.59489e-30 6.32955e-78 6.08394e-82 9.72208e-84 9.81037e-54 0.000370815 0.0890939 6.26875e-49 2.2913e-79 1.76303e-45 1.67193e-50 1.65386e-30 1.05012e-52
2.68268e-85 2.74631e-74 1.48834e-53 1.41314e-38 2.96335e-40 6.7521e-84 2.63745e-73 1.22198e-31 2.89169e-80 2.3942e-23 1.23294e-63 6.8971e-72 6.92036e-51 1.20912e-53 1.66348e-24 0.58873 5.26584e-52 1.21328e-78 2.85534e-51 2.41068e-30 3.1776e-76 1.16119e-56
3.60538e-35 5.85862e-33 1.49089e-34 8.08608e-26 0.143349 9.17835e-76 3.55907e-72 1.79683e-36 4.84375e-73 0.914081 3.73558e-58 2.33124e-80 3.31809e-21 1.29376e-67 0.0721242 3.29443e-45 1.61078e-42 8.35013e-48 2.87385e-33 4.71346e-72 5.84464e-93 1.74725e-98
6.49514e-90 1.72769e-72 2.9206e-60 2.46492e-24 2.58179e-29 9.41938e-64 8.42667e-59 4.94224e-54 2.82255e-72 3.4842e-14 1.7635e-48 1.25228e-61 2.80333e-51 3.01884e-35 5.93713e-15 0.0506214 1.02676e-61 4.17207e-44 7.39248e-41 1.36353e-32 1.12778e-79 1.10092e-46
4.24585e-38 2.99016e-56 5.50991e-42 8.29739e-60 2.00603e-64 1.27753e-75 8.17709e-61 3.98849e-06 2.65405e-53 0.0967251 3.48447e-73 3.84945e-60 2.58871e-69 4.73822e-70 1.75283e-26 0.114998 5.44027e-85 8.51983e-29 7.39154e-73 7.62552e-42 9.25471e-62 9.8313e-62
2.97529e-65 3.63507e-85 1.03597e-37 1.70359e-53 4.13303e-53 2.3627e-72 4.57956e-63 0.0427143 5.25713e-21 9.56423e-28 4.98056e-86 1.13604e-60 9.49459e-62 3.20838e-68 1.96692e-40 6.79453e-39 1.30982e-86 3.93792e-42 2.32895e-40 6.65698e-46 1.51448e-72 2.81825e-67
1.96547e-62 6.92717e-80 6.00044e-45 1.49146e-27 4.22687e-67 6.12799e-72 2.72028e-56 5.53639e-49 1.2327e-59 1.46044e-51 1.47626e-77 2.71292e-89 9.78813e-85 9.81544e-37 1.56454e-58 3.68238e-09 7.14021e-43 1.71512e-41 0.0649294 0.0350138 9.40908e-20 1.41131e-90
0.104735 0.151864 8.71441e-06 3.08538e-06 1.22113e-68 3.27648e-95 0.089209 1.86898e-43 3.26212e-40 6.08361 1.67939e-07 0.0339121 6.18904e-13 0.350408 1.07162e-05 2.76645e-39 0.0873577 2.75329e-09 6.1885e-08 1.96601e-11 1.18262e-27 0.202156
