0.20767 0.179173 0.0467465 4.41403e-45 6.29988e-68 0.0364685 1.78396e-80 0.145196 0.948022 3.36415e-15 1.19595 0.0683154 7.67141e-16 0.0818153 6.23219e-33 0.112022 0.138429 5.69714e-10 2.6714e-95 1.63779 2.30173e-11 2.54193e-30
1.21079e-29 5.6862e-49 1.24773e-80 1.92359e-45 2.57227e-38 1.49171e-94 9.98646e-54 1.08005e-99 1.0477e-24 2.01309e-62 2.7666e-37 1.07071e-53 6.6527e-10 3.3612e-56 0.0211451 1.07464e-97 1.91749e-65 8.40088e-42 2.38522e-97 7.74665e-53 5.35172e-19 5.79901e-33
4.06215e-81 0.00695532 0.0809078 2.89454e-06 0.0592883 1.10249e-38 4.51891e-40 2.5966e-53 0.000855603 0.0179323 1.59346e-39 2.79951e-30 2.74436e-08 8.39054e-41 1.04753e-10 8.67472e-32 1.05951e-29 7.6783e-61 2.07292e-94 5.3677e-56 6.4271e-31 1.10809e-16
1.89101e-82 2.92338e-45 3.83866e-45 4.89547e-45 1.28928e-100 1.44843e-80 4.49466e-38 3.304e-84 0.233498 8.69254e-51 2.79756e-36 2.92259e-73 1.01744e-17 3.12345e-77 1.22526e-42 3.27933e-107 3.58993e-63 5.25352e-58 2.50924e-57 5.64338e-29 1.75797e-21 2.24139e-06
3.51921e-62 2.47052e-61 2.38336e-11 4.93817e-39 2.95258e-33 5.29736e-47 8.5746e-42 5.79778e-69 0.720645 1.52391e-66 2.07975e-16 6.46351e-37 2.03617e-06 5.14897e-52 1.9485e-32 1.4082e-60 2.36532e-73 8.1534e-43 1.13069e-86 2.02497e-58 3.0329e-31 3.50075e-08
4.13851e-41 1.14691e-36 1.50364e-22 2.7123e-40 1.06375e-98 2.39051e-95 8.35395e-24 1.1268e-83 2.45764e-15 1.74461e-23 4.50739e-71 5.65342e-37 2.72481e-06 1.37969e-77 4.56003e-42 1.90507e-70 4.47651e-64 0.189425 4.23613e-31 3.44477e-56 0.0837015 8.69765e-31
1.30372e-58 6.68021e-68 4.28402e-51 1.42268e-35 1.69858e-92 1.90643e-98 8.97742e-46 1.2919e-98 0.0525153 1.2409e-42 8.60905e-39 4.30603e-74 5.51973e-21 5.33122e-80 4.76684e-40 1.64662e-113 5.47273e-61 3.71408e-48 7.55102e-81 1.17056e-43 2.6939e-29 0.0934227
7.15965e-31 2.73097e-59 1.24433e-52 5.10202e-49 1.36126e-49 3.54701e-76 1.36645e-45 2.71661e-124 0.19185 1.89154e-35 1.39225e-68 8.19644e-53 1.24645e-34 8.99468e-78 6.0568e-19 6.48316e-81 4.11704e-67 5.13307e-20 3.76498e-98 2.07879e-44 5.5856e-21 4.09544e-08
1.99277e-43 2.52094e-35 8.13748e-69 1.69064e-27 2.86528e-56 3.33101e-89 1.79007e-74 1.51287e-129 6.77286e-27 7.61219e-46 3.53539e-71 6.76675e-69 7.89596e-18 2.19081e-71 0.0614341 2.51073e-120 5.12955e-77 3.18375e-30 3.42133e-87 2.32421e-55 1.59098e-20 3.40305e-29
9.21301e-13 3.29382e-34 7.62514e-72 4.28679e-05 3.82648e-102 5.61803e-36 3.64413e-43 7.14461e-95 7.92886e-17 3.29728e-19 0.561107 7.01158e-33 1.42017e-07 2.61118e-70 6.82449e-28 7.9448e-91 5.01832e-53 2.61892e-12 1.07567e-84 1.79311e-32 1.1157e-28 4.52861e-11
1.14138e-37 1.73389e-48 1.40873e-41 0.0121469 1.91424e-71 1.14137e-46 0.0861984 4.96681e-63 2.73268e-10 1.38299e-58 1.17104e-62 7.75678e-22 0.0512911 1.27154e-42 0.0763996 6.30986e-30 8.20092e-51 9.53568e-27 0.704523 4.66884e-43 2.22987e-23 1.44784e-33
1.06515e-64 1.83493e-65 6.72213e-77 2.36997e-28 1.24508e-74 3.33061e-82 7.75835e-59 5.80871e-131 0.419051 3.13087e-70 1.77489e-38 3.633e-58 2.2242e-37 2.2502e-76 2.94013e-36 8.44038e-96 9.30627e-70 9.8686e-53 1.07193e-71 1.8695e-63 3.70663e-34 0.130455
4.10898e-62 1.47634e-41 2.11213e-66 3.63902e-18 1.40333e-61 2.05868e-91 1.00417e-38 6.05855e-139 0.000205104 8.57501e-66 7.30844e-77 2.72366e-62 3.77864e-40 6.85748e-59 0.24389 4.23401e-122 2.86892e-67 7.18099e-38 6.49256e-58 9.32899e-50 1.24194e-23 3.57981e-12
3.19892e-81 3.09485e-65 1.37663e-20 1.49091e-29 3.42553e-66 1.37873e-55 1.70472e-43 2.21917e-89 5.36159e-12 4.8143e-30 7.15346e-74 2.16872e-75 6.15231e-21 1.89806e-58 1.40845e-18 4.47165e-63 1.05392e-67 0.0879791 3.13264e-42 8.99628e-58 1.02425e-22 9.60861e-13
3.67565e-80 4.46191e-30 1.48999e-77 0.0240296 4.10413e-94 1.18305e-106 1.27252e-25 7.85316e-124 1.04668 3.29381e-68 8.01417e-41 1.04745e-57 1.50504e-14 2.90123e-43 4.08449e-33 1.29828e-100 2.97546e-49 1.71984e-24 1.65294e-62 2.39585e-58 6.56107e-22 3.28634e-32
1.96735e-10 2.70147e-60 5.92234e-54 3.60272e-20 5.89665e-80 1.49168e-48 3.11606e-71 6.20018e-123 0.14062 1.49816e-64 7.1218e-28 1.09868e-74 1.97307e-13 4.45128e-67 0.0734097 1.74405e-119 1.89453e-64 3.82324e-34 3.80797e-63 4.48591e-46 1.2184e-34 1.59494e-25
