0.000555926 9.9225e-49 2.24538e-48 0.0479187 1.7077e-20 2.16917e-10 1.2489e-78 1.88817e-71 1.8271e-35 7.36104e-63 0.0367782 1.37787e-32 7.18078e-52 9.6462e-39 0.0765988 2.25128e-42 5.70464e-23 3.18582e-34 1.21641e-05 0.0435907 2.0401e-47 3.09838e-40
7.29976e-33 2.05312e-43 1.9712e-32 1.15741e-12 2.26933e-72 3.18855e-06 1.91136e-40 3.9895e-77 3.54071e-41 5.58554e-62 2.2239e-27 4.73574e-11 8.66214e-53 4.32299e-41 2.18624e-34 9.33487e-24 3.51437e-41 1.4198e-46 1.96483 7.48247e-31 1.05557e-49 3.96875e-22
0.078382 3.10032e-19 3.78133e-25 4.61695e-05 0.0383872 7.42043e-41 2.86171e-83 1.12381e-17 0.0565584 0.0434726 1.58928e-27 1.68545e-52 1.98403e-50 0.033714 2.69904e-35 0.0445409 2.41637e-16 3.48698e-42 1.4166e-31 4.80757e-35 3.42961e-42 0.0961252
1.51464e-22 0.0174156 4.53131e-22 4.03563e-28 4.17556e-22 0.0258868 2.26512e-49 2.89689e-72 2.22056e-53 8.93564e-22 8.68693e-28 0.0240452 3.27822e-37 0.0150521 0.0906355 1.3384e-46 2.41496e-24 5.9478e-20 1.95611e-18 1.81556e-20 0.0104536 1.70677e-36
3.5199e-22 1.67024e-28 4.236e-08 8.55974e-20 0.0718631 0.081113 0.00959453 0.411134 6.78292e-06 1.23537e-29 3.48852e-21 1.84521e-18 8.26934e-19 3.96419e-40 5.04472e-36 1.54615e-18 8.8557e-36 3.80462e-54 0.0465841 8.38831e-33 2.0329e-43 3.48788e-17
3.50402e-14 4.68151e-14 0.0318635 1.78551e-20 5.64103e-61 9.16443e-24 3.00297e-74 6.11053e-50 3.30291e-42 5.1125e-07 9.41991e-41 0.000284541 2.13758e-11 5.07217e-46 2.09835e-31 9.88749e-65 1.48536e-44 6.65654e-25 3.16505e-37 2.60751e-05 1.70066e-15 0.00297794
1.8382e-05 1.37268e-26 7.70133e-31 1.98705e-40 1.7252e-35 2.10971e-29 3.80648e-41 2.20963e-42 1.45083e-25 1.1807e-56 0.000408656 7.39254e-24 3.75137e-27 2.02742e-19 1.77342e-22 1.95986e-35 4.23013e-15 1.36316e-55 0.631949 1.67258e-08 0.165834 5.11134e-18
1.40239e-15 1.32974e-40 9.15538e-23 6.17413e-11 7.6776e-76 6.74421e-43 5.24075e-62 1.81218e-40 5.02342e-59 1.6666e-63 9.41218e-32 4.00174e-11 5.26146e-23 2.59838e-24 1.02191e-35 2.78212e-58 2.83935e-34 2.82392e-55 1.28419 5.86559e-17 1.92093e-47 9.27147e-38
0.00213601 1.84645e-26 3.51699e-45 4.71279e-31 6.55596e-30 8.39117e-27 4.59586e-67 2.62195e-39 6.85567e-57 1.59125e-48 5.82812e-13 3.44311e-44 3.88252e-45 1.01997e-18 1.1678e-14 1.85044e-38 3.2755e-14 6.85732e-17 2.59638e-32 0.0146747 0.00974536 4.99281e-14
0.00704734 9.43433e-06 4.94116e-47 4.92721e-36 2.83153e-39 2.24874e-06 9.46631e-22 1.75488e-28 6.90587e-31 2.09595e-46 8.28512e-34 2.16292e-47 0.0134383 3.46276e-39 8.53372e-30 7.82056e-67 0.0160533 0.22687 0.00423697 0.0257013 0.0404351 1.55465e-39
