5.83213e-33 2.34599e-58 2.34159e-64 4.69077e-51 3.86117e-63 7.61934e-77 4.75163e-33 5.35118e-55 1.69813e-19 1.57806e-60 2.70095e-65 5.46791e-86 3.88789e-78 1.01928e-15 6.78436e-20 1.35158e-22 1.33025e-29 6.24935e-53 1.13588e-20 9.44361e-42 4.04768e-16 1.10274e-17 7.02605e-15 1.50139e-63 5.41382e-59 3.08842e-72 0.0474029 6.21948e-58 6.28907e-08 4.83477e-43
3.05917e-22 2.15079e-49 7.77943e-95 5.67289e-58 3.86553e-48 0.0478264 4.16397e-19 3.01794e-51 1.63949e-52 2.39074e-13 6.76079e-20 2.57557e-43 6.14334e-96 2.31803e-27 9.5008e-20 0.0684384 1.13337e-22 2.03029e-30 6.06059e-39 1.40412e-09 1.00764e-40 4.3513e-09 1.1396e-60 4.48697e-50 1.04524e-12 9.1868e-75 7.12769e-22 9.22093e-63 6.79094e-34 4.92588e-54
6.04035e-32 6.09726e-28 2.94236e-88 5.76885e-54 9.20048e-86 5.31336e-48 3.72509e-21 1.26278e-18 3.92914e-55 2.63917e-53 4.8217e-48 1.07027e-94 9.86139e-90 2.44514e-24 3.3186e-28 5.38874e-23 9.07696e-51 4.00669e-52 1.02204e-49 1.31639e-43 0.0111496 9.69791e-17 3.69119e-56 6.24547e-50 1.06265e-57 4.23397e-70 0.00747965 1.38294e-50 1.1852e-34 1.36139e-46
6.17702e-28 2.07267e-16 1.98431e-81 1.59613e-70 6.67252e-33 0.0132711 1.4068e-24 0.285716 3.8362e-58 0.0603038 0.268654 4.96927e-61 6.25143e-77 4.54718e-33 1.42065e-47 9.28691e-21 0.199239 1.78886e-14 0.0933145 1.1294e-25 4.04735e-14 3.74964e-13 0.458564 3.73364e-35 2.01523e-49 3.68573e-62 3.16872e-16 2.26313e-21 0.0509068 4.00786e-71
3.61691e-39 4.69572e-60 6.89117e-83 4.30673e-69 1.0152e-81 5.44224e-64 0.0115159 2.73631e-48 1.63325e-35 2.64958e-16 3.02879e-60 4.27341e-86 4.44055e-96 2.43828e-13 2.68996e-38 7.38431e-14 1.52873e-65 3.42091e-44 1.26731e-46 1.70429e-40 2.55911e-36 0.0261245 1.40443e-50 7.15172e-60 9.11863e-34 5.01527e-78 1.7287e-08 0.13376 3.25761e-44 3.6719e-72
3.51087e-32 7.01679e-19 6.52282e-46 2.53889e-55 4.85338e-74 3.19639e-07 1.44068e-51 2.11535e-52 6.39309e-20 4.42834e-28 8.73061e-58 3.45762e-55 1.25094e-17 7.42948e-40 3.48248e-36 0.000251189 9.97047e-51 0.126734 7.84325e-57 0.122433 5.4822e-40 1.17701e-22 2.83102e-27 7.67905e-50 0.000416962 2.46103e-70 1.14919e-32 1.54369e-06 1.03164e-46 3.76985e-84
0.0179605 6.52478e-22 6.85742e-72 3.82515e-47 2.99802e-58 8.58519e-23 3.023e-31 2.85558e-27 2.05009e-11 2.35135e-68 1.24582e-78 3.9689e-74 2.03675e-93 5.13487e-38 8.88198e-37 2.00843e-29 1.86806e-60 4.37235e-06 5.82989e-32 1.80884e-55 3.86057e-43 5.2602e-08 1.11472e-46 1.54441e-44 4.50951e-37 8.64088e-77 1.79262e-31 0.0119988 2.11048e-45 9.35011e-61
1.09258e-49 9.25386e-56 2.29152e-75 2.43787e-48 1.9967e-60 1.14717e-55 1.03349e-37 1.55695e-38 8.45696e-12 3.5014e-61 1.5219e-87 1.48104e-78 1.90861e-76 8.33723e-40 2.03152e-37 0.305955 1.27728e-47 1.22006e-23 2.60725e-52 2.24588e-45 7.65783e-09 7.25862e-36 6.82413e-44 2.30504e-50 5.59834e-25 2.59752e-107 3.0904e-21 3.04504e-10 1.24647e-25 5.77123e-44
1.98916e-63 4.13646e-44 1.33381e-61 3.96874e-18 2.64372e-52 3.64697e-77 9.6115e-24 1.26317e-42 8.18938e-52 2.88925e-31 1.68323e-47 3.18716e-74 3.11185e-56 8.00164e-11 3.41e-41 1.69218e-38 6.22729e-47 5.7662e-11 1.10702e-46 2.21034e-49 0.205964 0.0874165 5.82359e-27 2.83732e-65 4.23851e-54 7.84526e-105 7.95557e-11 5.52144e-34 8.20241e-49 2.23931e-87
2.5172e-21 6.73194e-46 2.50674e-90 1.28556e-40 2.56542e-63 1.36198e-37 0.000141323 1.35025e-22 1.81388e-31 7.25528e-26 1.12656e-41 2.03447e-59 7.4426e-67 0.0199892 1.42348e-35 1.01179e-08 1.15719e-62 0.0581722 5.41162e-57 1.73659e-07 4.67255e-13 6.39556e-26 3.87626e-09 1.27161e-72 3.06446e-36 2.57707e-81 3.664e-24 7.21892e-16 8.18981e-12 5.66392e-70
7.0797e-55 0.079769 0.154316 0.171313 0.101773 2.00498e-17 1.03548e-62 8.2258e-10 0.0857931 3.99533e-51 2.45087e-25 0.363964 0.117164 1.58435e-20 0.189347 8.05642e-16 3.35274e-26 2.19401e-40 8.7046e-23 7.26265e-42 5.22891e-32 6.09731e-32 7.81959e-18 0.0516532 0.349187 0.0186092 4.36095e-15 9.53929e-47 1.6957e-32 0.169818
4.76122e-08 6.51706e-45 6.60695e-99 3.42301e-27 9.34849e-46 1.76868e-54 7.18283e-14 1.92814e-40 3.00062e-56 5.46835e-33 1.04165e-48 2.67132e-61 1.2287e-44 1.06301e-21 6.00288e-29 1.08106e-06 1.30412e-63 5.04402e-43 1.56708e-35 4.57921e-54 2.15622e-08 1.05235e-23 5.35521e-22 8.35224e-64 8.68558e-42 2.22166e-93 0.338518 2.2117e-25 1.17465e-16 2.28278e-63
5.8571e-56 4.77165e-50 2.10823e-90 4.52261e-54 2.29508e-69 2.74774e-73 2.4392e-45 3.71043e-47 9.7401e-31 2.40468e-63 4.20487e-82 6.44126e-60 9.62475e-94 9.11432e-37 5.25516e-32 6.68979e-18 3.50307e-54 2.81177e-23 5.28242e-24 7.55376e-22 0.149779 0.053757 2.48801e-27 1.64694e-57 2.06268e-41 3.97792e-73 8.09073e-17 1.7146e-19 1.46819e-24 2.10824e-88
1.89185e-53 4.02243e-50 6.31363e-74 7.01992e-32 8.25605e-60 4.46095e-73 4.81475e-27 4.43818e-40 5.2465e-51 1.27845e-59 4.83218e-55 3.91729e-79 5.11353e-70 6.83917e-41 3.76576e-26 0.109484 3.15219e-57 5.00703e-38 1.30469e-47 4.43278e-47 3.92007e-09 2.27549e-33 3.85309e-60 6.41487e-52 8.94867e-51 2.80275e-100 9.80022e-17 6.85501e-30 1.71292e-23 8.30603e-56
