1.78686e-43 6.33508e-90 8.62485e-59 2.86591e-64 2.07984e-36 2.02669e-24 0.00918913 6.13021e-08 0.134493 3.84328e-28 0.0621435 0.123746 0.000388144 1.73532e-20 0.0931365 8.53558e-21 0.0820083 2.42616e-41 4.13819e-33 6.10064e-23 1.5551e-20 8.78522e-25 1.65316e-41 0.0949846 0.223382
1.259e-34 4.92929e-39 2.11235e-09 0.0286939 1.41359e-15 0.0209489 0.358859 9.43048e-25 1.42638e-38 4.11923e-10 1.56155e-15 1.63533e-17 2.65092e-06 0.022418 1.33824e-40 3.65358e-12 1.59715e-59 1.74727e-14 1.06179e-13 1.81884e-31 2.26727e-11 3.57515e-06 2.31984e-55 5.53226e-39 9.76745e-23
1.33997e-09 1.91666e-28 5.58099e-12 0.0903662 2.68034e-41 1.24109e-35 0.427963 6.93228e-21 6.63996e-48 4.76402e-49 8.48007e-38 5.0936e-48 1.78463e-17 5.41623e-25 4.45789e-53 4.71576e-14 4.93871e-69 1.57656e-45 4.53003e-25 4.1538e-41 9.00136e-35 3.5832e-22 1.6965e-56 9.99794e-76 4.53668e-51
2.27333e-26 4.09783e-32 0.00617106 2.77414e-10 2.20704e-33 7.41552e-34 2.69647e-07 1.13729e-24 8.9191e-17 4.32814e-60 1.7207e-28 1.52904e-29 0.0605488 9.23018e-37 2.0313e-58 0.0255617 8.73564e-27 3.63857e-24 5.15176e-19 1.8265e-51 3.48823e-14 5.31748e-09 7.39083e-32 1.14302e-84 3.5674e-29
6.08138e-20 0.00686869 1.63585e-23 1.42398e-21 5.99893e-44 3.59495e-55 0.520045 3.44583e-15 2.04241e-43 1.53167e-46 1.29708e-25 4.31935e-44 2.47032e-18 3.59853e-31 5.55681e-39 7.54355e-25 8.64258e-43 7.68499e-50 3.65706e-13 1.02065e-43 1.20051e-30 2.61206e-05 2.51194e-54 9.68756e-75 1.30451e-54
5.91122e-08 1.68433e-15 1.28144e-14 1.14943e-22 2.82634e-50 1.26016e-38 0.0240304 4.78837e-18 1.35809e-14 1.11548e-42 1.02702e-29 4.54221e-41 3.10523e-17 7.18119e-38 6.18406e-54 1.40755e-23 1.31508e-42 2.15719e-41 1.53857e-14 2.58999e-48 4.29454e-37 2.37884e-20 1.64863e-79 1.5404e-88 3.72853e-36
6.68355e-07 2.00297e-08 1.91922e-28 3.40515e-09 6.57102e-48 6.94338e-33 4.10842e-16 5.8509e-11 1.14639e-44 2.54797e-29 4.01488e-26 2.41142e-35 3.73474e-11 3.87442e-27 7.13626e-54 0.202258 2.96656e-67 3.32379e-42 3.06304e-07 5.66527e-20 9.82113e-18 0.343652 1.91581e-38 3.47582e-66 5.73006e-36
8.79946e-19 3.01726e-38 3.33592e-19 2.96894e-12 2.84581e-12 2.53125e-22 9.3269e-11 4.8905e-22 7.65246e-19 3.49342e-11 7.47436e-40 1.82552e-41 0.494435 1.77515e-41 2.36356e-25 3.03147e-18 1.17799e-32 1.17004e-30 1.74679e-29 4.6214e-20 4.56629e-26 8.3609e-12 3.55269e-34 2.06033e-48 5.89716e-45
8.04849e-12 3.02159e-35 1.27153e-20 1.07682e-22 4.15016e-53 1.75472e-49 0.197452 2.96325e-16 1.20918e-39 4.69879e-45 1.67881e-25 3.62394e-34 1.88504e-24 5.26026e-32 7.98498e-49 1.39878e-12 5.83933e-66 1.45266e-50 2.9797e-14 1.86955e-56 1.2346e-29 2.87471e-09 8.13491e-77 6.49934e-59 1.0372e-37
0.0242393 4.77876e-07 4.31532e-17 1.03957e-17 7.58756e-50 2.36387e-35 0.220499 1.18691e-28 5.14738e-43 3.41832e-35 5.95521e-22 1.74281e-45 1.10313e-17 1.159e-29 1.84084e-57 8.61993e-09 4.99426e-57 7.2963e-51 9.5379e-32 1.48121e-28 2.29551e-29 3.043e-10 5.45998e-77 1.40435e-71 2.31269e-42
0.000253357 6.32219e-11 2.5114e-17 2.53415e-14 1.02924e-33 5.51655e-58 3.18584e-16 2.75167e-26 1.33765e-42 1.10796e-24 6.66735e-13 1.08112e-41 0.0580957 4.70196e-21 2.5303e-52 2.15872e-08 7.02583e-53 3.22699e-28 2.82768e-32 1.68271e-38 3.08942e-21 2.03243e-27 1.39778e-36 3.92977e-54 1.06096e-27
1.90884e-08 7.20719e-62 7.37131e-35 6.05876e-28 0.103084 1.05873e-13 5.24819e-10 7.92291e-26 1.15196e-31 0.07197 7.9328e-26 5.08546e-07 4.31637e-19 1.28863e-30 2.2288e-19 2.53746e-25 1.89382e-15 0.0200997 2.96997e-18 0.111916 0.0575774 1.47865e-18 0.16781 0.00390156 0.125736
7.4702e-27 1.00605e-08 3.92429e-28 1.00109e-39 4.49474e-22 1.50453e-55 0.0693546 0.113342 9.75396e-33 5.8979e-42 2.07565e-21 1.29865e-46 2.26983e-14 2.92382e-33 2.22204e-33 6.80958e-15 2.80913e-24 5.74533e-35 0.331421 4.8747e-11 3.47728e-14 5.37411e-29 1.56955e-45 7.87224e-58 1.84896e-23
5.10879e-06 7.53311e-46 0.00494131 1.86898e-21 4.09692e-52 3.38648e-17 0.287811 6.58563e-21 3.13311e-15 1.19834e-52 3.01199e-18 9.85118e-48 5.20156e-06 2.67088e-22 5.85716e-52 0.098184 7.23966e-54 5.38517e-31 3.23292e-31 1.82445e-42 2.28174e-18 3.3674e-05 1.55693e-69 1.49315e-56 1.6803e-45
