2.19751 0.37327
6.12264e-70 3.36067e-167 2.82353e-274 6.91692e-323 1.25987e-321 8.24868e-59 1.4822e-322 1.63147e-197 7.07507e-296 7.05438e-69 7.18794e-207 2.07508e-321 6.9997e-117 1.02293e-117 9.03401e-58 3.23119e-321 0.0702188 3.47846e-186
1.63343e-130 4.5454e-322 3.57704e-321 7.90505e-323 2.02567e-321 3.11649e-226 2.79625e-186 2.40943e-258 1.05434e-320 1.17375e-200 1.78261 7.51934e-81 7.53766e-57 0.00119075 1.84525e-296 1.53913 1.17201 5.79407e-84
7.22737e-188 3.31024e-322 1.20568e-219 2.07803e-48 3.02341e-87 2.13875e-287 5.04945e-21 5.00542e-113 8.83883e-321 7.42865e-77 3.38929e-321 7.12752e-136 3.28722e-117 1.18364e-75 0.107016 2.831e-321 0.129639 6.23221e-196
1.01856e-06 0.00118295 0.010703 0.000204441 3.20502e-08 4.07318e-06 2.62731e-06 0.00210715 0.0358936 3.70549e-322 3.95253e-323 2.96439e-323 3.86534e-280 1.07381e-151 6.66751e-296 3.45846e-323 5.43472e-323 1.78272e-220
7.14209e-216 3.04809e-34 3.14397e-175 2.42443e-41 2.72264e-300 1.90076e-55 1.02231e-91 1.35479e-215 1.55947e-128 1.66014e-147 3.02862e-321 1.5316e-321 1.97786e-88 1.1392e-90 0.379479 1.94662e-321 4.25335e-144 3.77735e-115
1.61942e-233 5.19265e-239 6.12385e-73 1.8657e-164 8.0633e-20 2.44288e-57 1.86852e-120 0.00227952 3.7488e-311 8.31041e-153 3.07803e-321 4.66922e-149 3.18445e-123 5.20752e-12 0.27171 2.03061e-321 2.46539e-321 1.3292e-77
5.18228e-180 8.66252e-221 1.90361e-163 6.9748e-293 1.0326e-321 8.9163e-99 1.33398e-322 1.06217e-244 9.10407e-24 2.04131e-103 1.65067e-320 2.2589e-106 1.31545e-96 3.16146e-127 7.44158e-255 7.09972e-321 8.60572e-255 3.14429e-77
3.30466e-227 4.10896e-284 3.47606e-209 3.3449e-89 1.36856e-321 1.47749e-108 1.87745e-322 9.63428e-322 1.09998e-209 0.169139 4.32011e-272 1.54597e-28 9.42664e-249 7.33569e-102 3.03986e-186 3.02368e-321 9.89811e-197 1.94076e-143
3.12233e-231 1.74806e-204 2.22268e-174 7.83357e-57 8.34117e-278 9.89084e-113 5.54406e-64 7.6926e-321 8.3003e-321 0.230212 3.49304e-321 0.38741 1.23917e-217 9.03029e-42 2.71047e-216 2.17389e-321 1.67151e-187 1.49032e-81
1.85427e-26 3.70549e-322 4.83518e-213 1.65523e-262 0.315883 4.54468e-101 5.31219e-312 8.10268e-322 1.0405e-320 1.96344e-31 3.59186e-321 0.171072 0.231404 1.31625e-53 3.19605e-278 3.42387e-321 4.41815e-92 2.967e-202
9.1031e-13 1.72223e-114 1.21815e-115 3.427e-199 1.30433e-321 0.408418 1.4822e-322 3.30158e-96 3.65792e-313 4.15329e-171 3.84383e-321 7.68633e-148 9.1464e-93 0.215036 1.27558e-141 3.6215e-321 7.37499e-98 0.545855
6.11882e-84 8.43942e-21 7.82796e-28 1.36176e-05 1.17987e-49 1.44037e-38 2.63491e-47 1.73444e-58 4.80705e-76 3.61649e-307 4.39718e-322 2.86558e-322 3.14822e-247 7.69883e-108 2.29706e-232 3.35965e-322 4.79244e-322 2.02772e-197
0.11996 1.30353e-11 0.000443834 6.94227e-11 3.74244e-15 0.000851947 0.00146533 1.53932e-09 2.98849e-12 8.23954e-308 9.88131e-323 7.41098e-323 9.5461e-271 6.90644e-150 1.04552e-286 7.41098e-323 1.13635e-322 4.28315e-217
7.82185e-283 9.84528e-13 1.73194e-137 1.53544e-201 1.22528e-321 1.29483e-257 1.33398e-322 0.0580765 6.51092e-287 3.01573e-102 2.91499e-321 1.89227e-321 1.9067e-122 5.71341e-13 2.97576e-54 3.83722e-293 1.23355e-282 0.412062
1.15957e-320 4.93484e-215 2.00107e-186 6.41475e-232 2.26807e-37 5.12218e-243 5.89166e-117 4.70393e-164 6.5747e-288 1.90465e-144 2.65313e-321 1.96105e-225 0.003851 2.46789e-20 0.120959 1.92192e-321 2.78653e-321 1.58657e-195
1.54099e-320 3.31024e-322 5.42679e-146 4.55971e-286 1.3022e-105 2.46158e-306 1.67982e-322 1.16105e-321 9.08093e-321 2.10018e-299 4.76773e-321 8.11138e-71 1.67977 3.91736e-87 4.38379e-63 3.51281e-321 2.11781e-162 3.9463e-188
3.20597e-16 8.8752e-97 1.25008e-90 5.41073e-117 9.33057e-160 1.15932e-165 5.15072e-240 4.13441e-130 4.87074e-75 1.05598e-276 2.35175e-321 2.71642e-263 1.95754e-119 0.961466 1.64436e-124 1.32904e-321 2.50985e-321 2.27303e-209
