2.33599 0.513024
4.20969e-194 5.27282e-05 1.02766e-321 5.3519e-98 6.17582e-322 7.70851e-151 8.45624e-301 1.72441e-257 6.78699e-26 1.48615e-320 8.4584e-321 6.17602e-237 2.38911e-239 0.450754 9.10272e-36 4.8122e-321 9.00752e-261 1.56164e-239
3.90729e-295 3.0385e-321 9.58487e-322 1.01283e-321 1.74297e-82 1.99603e-321 4.37248e-321 6.59801e-283 1.56619e-321 1.76006e-60 0.0323948 5.06417e-321 4.63681e-320 7.33556e-237 2.71235e-125 2.2451e-166 4.87901e-212 2.23815e-06
4.13486e-36 4.8069e-46 0.0455929 2.08484e-42 1.60971e-19 3.77743e-13 2.33631e-58 1.16534e-10 0.0579879 2.49503e-321 1.09189e-321 5.18769e-322 2.82111e-321 4.84184e-322 1.4822e-321 6.81811e-322 5.43472e-322 2.81617e-322
1.194e-251 2.06909e-17 3.23059e-107 5.55613e-224 1.18082e-321 3.91523e-91 2.20847e-321 3.12951e-22 1.22882e-64 0.862844 2.72909e-16 3.39423e-321 2.51924e-320 2.0432e-48 1.18625e-320 7.93324e-62 3.4634e-321 1.72923e-321
1.92686e-322 7.66608e-62 1.95244e-21 5.35709e-111 8.34971e-322 2.18871e-321 1.92605e-149 1.40377e-19 2.6306e-227 1.58975e-120 2.36927 2.45567e-260 0.46182 9.44469e-276 2.02633 2.04485e-124 0.909681 5.76661e-261
2.47033e-322 2.28258e-321 1.18576e-321 1.4185e-67 6.52167e-322 2.10472e-321 2.03061e-321 7.12379e-128 4.19862e-214 0.738384 1.29808e-107 1.0879e-103 2.10788e-294 3.21637e-321 3.06379e-184 6.31962e-212 1.3397e-174 4.72497e-107
0.00224025 0.0188546 1.96394e-11 0.0107904 3.83702e-06 0.0179664 1.09459e-09 0.00629606 3.79091e-06 4.69362e-322 2.07508e-322 9.88131e-323 5.38532e-322 8.39912e-323 2.71736e-322 1.33398e-322 9.38725e-323 5.92879e-323
1.10878e-26 4.40426e-50 2.70498e-100 6.93169e-78 7.21012e-119 4.84844e-47 0.159586 1.77609e-40 2.57889e-08 3.43376e-321 1.80334e-321 7.21336e-322 5.09876e-321 6.07701e-322 2.07508e-321 1.03754e-321 8.84378e-322 4.19956e-322
2.96439e-322 2.72913e-199 5.84644e-289 2.46229e-17 6.57107e-322 6.02268e-109 2.47527e-321 5.53354e-322 3.96167e-139 0.430309 1.05532e-320 4.78256e-321 2.54938e-320 1.29986e-91 3.23803e-27 5.86891e-150 2.03058e-141 0.33764
4.15412e-175 2.28931e-150 2.73326e-183 1.23516e-321 0.241447 2.42092e-321 2.02073e-321 3.37478e-267 6.05791e-82 0.15506 5.79045e-321 2.95451e-321 1.85373e-320 3.25888e-256 1.25287e-173 9.34296e-308 1.91558e-139 3.25493e-140
2.65814e-238 2.06808e-295 1.24505e-321 1.43773e-321 3.10178e-129 1.43238e-50 3.67404e-247 7.73955e-288 8.24894e-53 0.160217 2.58363e-222 4.52818e-145 2.60916e-320 6.7949e-80 1.05285e-320 1.10871e-66 3.07309e-321 1.81816e-321
1.92686e-322 4.55018e-277 1.14129e-321 9.93072e-322 1.14623e-321 8.84448e-286 3.1966e-321 5.2865e-322 7.24098e-86 7.20162e-291 8.56216e-321 1.28771e-123 2.4631e-11 0.189037 0.811993 4.496e-321 3.58198e-321 1.8231e-321
2.2233e-322 7.81839e-173 9.72331e-122 9.93072e-322 6.86751e-322 1.38084e-115 2.92729e-204 4.94066e-322 1.65512e-321 0.486516 9.80307e-66 3.37447e-321 2.99305e-320 1.11156e-245 3.3265e-113 1.96827e-227 1.88789e-193 1.96638e-321
4.78383e-317 2.06065e-202 9.33784e-322 1.52172e-321 1.18576e-321 2.78367e-73 5.42498e-303 6.27463e-322 1.9759e-220 1.84748e-130 7.07008e-321 3.65609e-321 2.34533e-320 2.29593e-199 6.22785e-35 2.65995e-239 4.1798e-321 0.147192
2.02959e-10 6.42097e-102 3.19954e-225 1.47726e-321 1.39795e-276 2.10472e-321 2.8931e-104 6.7687e-322 8.90717e-125 1.94549e-284 7.32205e-321 1.27276e-140 2.47132e-320 3.70007e-182 1.4901e-320 1.18672 3.43376e-321 1.35807e-225
2.56914e-322 1.40421e-217 1.35374e-321 9.32489e-286 2.52285e-176 5.85184e-128 3.02322e-233 6.27463e-322 1.29871e-95 2.06038 1.3489e-47 1.08104 8.06884 9.71397e-165 1.21095e-320 9.89559e-83 5.54166e-227 2.85605e-136
2.42092e-322 2.84822e-266 9.58487e-322 1.2154e-321 7.11455e-322 1.86757e-321 2.35669e-321 7.7383e-34 9.08584e-253 1.30174e-314 3.16063e-77 5.06713e-91 2.66351e-320 0.116936 3.45265e-240 1.48116e-102 4.10811e-109 3.7832e-68
