0.104003 1.31419e-77 1.25843e-61 6.96518e-62 4.9709e-124 1.06319e-46 6.53388e-33 3.618e-99 5.11807e-52 5.22126e-234 3.15125e-221 2.53654e-286 2.14508e-319 3.57867e-193 6.79992e-174 4.44511e-320 5.37702e-234 3.06321e-322
4.39705e-122 3.50471e-158 8.90139e-45 1.37711e-41 2.96148e-235 9.18561e-116 1.07779e-313 1.93893e-53 4.32182e-209 6.75263e-136 5.71296e-160 1.84498e-221 1.89791e-251 0.15669 6.82331e-28 6.99309e-147 1.35321e-226 1.04742e-321
0.000119305 0.000136089 0.000161474 0.00179021 0.00384334 0.000248989 0.000930678 2.41259e-05 0.00244946 2.49655e-256 1.81677e-289 1.99252e-290 4.44659e-323 1.55152e-195 2.30385e-177 3.45846e-323 3.95253e-323 9.88131e-324
5.34466e-262 2.67976e-179 5.77593e-278 1.21907e-229 3.25999e-280 6.5791e-111 6.71929e-322 2.57012e-70 5.19159e-128 3.76699e-191 6.63747e-222 3.29623e-254 2.22848e-22 3.86382e-141 0.0894406 1.46728 3.98184e-217 1.30433e-321
2.30008e-304 4.82522e-44 1.08694e-321 1.08694e-321 2.39622e-321 5.53501e-230 2.96509e-82 6.0408e-153 3.73431e-309 8.67937e-148 2.29918e-118 0.651151 2.04097 1.30703e-99 1.31705e-114 1.0165e-195 8.47971e-66 4.94842e-119
1.71441e-321 8.0645e-13 2.32458e-53 9.14814e-138 3.37941e-321 1.97626e-322 9.21099e-63 4.04146e-321 2.64819e-321 0.00751708 0.623861 0.0992585 1.53229e-304 4.21644e-88 7.11012e-153 2.34696e-305 9.55092e-318 2.01085e-321
1.0594e-273 8.40377e-151 2.74481e-94 3.66848e-128 1.63935e-213 5.21736e-139 0.00046758 6.7328e-59 3.19934e-57 7.96057e-161 1.8451e-248 7.95952e-233 4.1798e-321 0.0442925 0.0878485 1.49532e-185 2.27357e-103 8.10268e-322
1.76738e-50 5.30378e-228 1.26631e-183 9.1394e-24 1.743e-210 9.00761e-60 6.52167e-322 2.89522e-321 1.33495e-317 1.01742e-115 5.93003e-168 1.16267e-135 1.60603e-298 0.0964446 1.89958e-173 2.48244e-233 1.04409 7.99922e-113
2.51968e-285 4.65561e-23 4.8993e-125 2.05137e-49 1.0022e-120 5.72082e-179 2.79169e-291 9.25512e-66 3.03984e-83 3.01746e-163 1.2207e-211 1.15107e-189 5.97819e-321 3.4212e-178 0.197844 3.78209e-277 4.72473e-160 1.03754e-321
4.16179e-200 1.07629e-114 0.137723 1.1328e-223 7.46829e-43 1.66932e-133 4.02255e-169 5.03506e-11 5.50116e-160 1.90385e-243 4.53073e-259 1.98439e-223 4.14027e-321 6.35108e-102 3.2499 1.56316e-214 3.84402e-180 1.66856e-262
1.20938e-265 4.74829e-307 1.2401e-321 1.24505e-321 1.89009e-203 3.23824e-66 7.31217e-322 2.91005e-321 1.51982e-276 0.486712 1.57557e-38 2.48414e-215 1.57174e-265 8.40788e-46 6.85781e-93 8.55228e-321 0.0857632 0.372852
1.89721e-321 1.28494e-288 1.11165e-321 1.0326e-321 1.13241e-214 2.3206e-214 5.16953e-160 3.5576e-175 4.22022e-184 0.0619042 6.44082e-53 5.42852e-113 1.00188e-139 9.99784e-147 1.13636e-40 7.68272e-321 5.43503e-24 2.32636e-238
5.53496e-246 1.58704e-58 1.51878e-16 5.48302e-246 2.27213e-72 2.94074e-159 6.47226e-322 1.51668e-44 5.13193e-37 4.26729e-82 3.76951e-31 3.98403e-171 6.15168e-203 2.80202e-41 0.675387 5.10341e-305 2.42952e-197 3.13671e-53
4.69738e-166 5.25547e-109 2.00693e-162 4.53192e-185 1.3797e-126 8.23472e-104 1.02779e-117 4.65969e-61 1.28004e-15 1.17252e-180 3.02356e-202 9.42769e-168 4.33296e-321 3.11084e-98 0.302161 3.8883e-321 2.77657e-188 7.88362e-318
1.67721e-45 2.78867e-29 2.19697e-10 9.974e-44 3.42611e-40 3.74725e-14 6.04813e-32 0.0538302 1.89145e-06 4.7569e-239 4.00496e-275 1.67713e-267 6.27463e-322 2.39353e-164 8.26315e-175 6.0276e-322 4.94066e-322 9.88131e-323
2.96382e-159 1.27539e-212 6.69691e-265 1.61885e-21 2.79449e-203 3.61215e-164 8.84742e-109 2.16182e-232 8.0187e-102 1.48352e-232 5.8961e-269 9.09682e-167 7.63662e-276 0.0630886 1.07089e-123 1.65033e-191 3.43686e-66 1.14623e-321
1.35868e-321 1.15078e-69 1.40303e-114 5.37031e-65 8.11582e-33 8.03345e-14 6.67679e-298 4.1291e-99 1.57864e-142 2.49125e-243 1.7927e-124 1.89673e-274 2.17318e-239 0.0296659 0.00285665 4.48074e-236 7.23944e-237 9.48606e-322
