5.93963 0.0540222
1.47411e-28 1.13644e-18 7.23608e-24 1.29006e-26 2.17132e-25 1.66757e-41 2.60152e-07 7.06659e-39 2.64969e-15 4.94751e-27 0.224256 4.99087e-69 2.24409e-51 1.3001e-21 2.45517e-54 2.43354e-31 1.72203e-39 3.37795e-46 1.18641e-77 2.42953e-32 7.67405e-31 4.86791e-19 1.817e-52 3.20335e-55 8.8278e-46 2.66188e-32 8.93723e-47 9.16299e-60
1.80474e-28 4.60755e-12 8.06694e-13 1.81856e-41 6.8032e-34 9.00237e-29 1.3886e-43 5.06911e-11 2.36903e-06 2.7897e-14 0.0968211 5.86998e-09 3.70631e-55 2.3444e-13 4.95199e-33 7.83312e-34 3.62279e-68 1.12173e-18 2.97253e-50 1.28091e-21 2.84845e-06 3.66219e-10 9.74712e-40 1.69805e-59 1.05965e-34 1.26728e-68 4.27035e-31 5.75477e-55
1.64772e-06 9.91039e-36 2.62032e-33 8.85378e-65 6.67115e-10 4.22882e-24 1.02034e-57 6.38863e-18 7.33128e-38 3.73407e-05 6.95813e-26 2.28253e-40 9.46921e-25 0.215686 1.40167e-68 3.65484e-20 1.36087e-15 1.2299e-27 1.40632e-65 0.00486572 9.22567e-53 0.0545696 9.53992e-77 2.51584e-40 1.16109e-53 1.57609e-26 2.4723e-32 1.2603e-49
0.000117258 3.58156e-36 2.42632e-22 2.69167e-24 2.03911e-37 5.08838e-28 3.70152e-27 3.74033e-14 0.306841 2.81528e-24 0.0045362 3.44598e-27 2.33417e-38 0.0563733 1.86754e-70 9.52819e-11 1.63719e-67 6.39071e-09 9.50828e-70 1.58548e-14 1.05551e-19 4.51566e-30 7.16123e-31 1.54248e-39 7.46275e-39 7.7489e-14 8.34701e-29 1.85468e-55
6.17671e-36 3.73368e-25 7.62156e-29 9.73098e-23 8.12515e-27 2.21327e-11 5.1124e-53 6.18044e-20 6.46125e-25 2.48495e-46 1.18162e-24 7.55706e-35 5.90232e-57 1.18456e-45 3.03719e-47 2.53028e-19 1.83541e-64 3.37881e-37 6.47735e-41 2.72596e-20 2.46635e-26 1.11929e-22 8.57001e-33 3.97079e-55 1.35494e-09 4.39738e-06 3.01908e-42 0.129456
0.00585586 0.000328742 0.000184509 0.00016126 0.000397381 0.000101678 0.00446805 0.0115211 2.68188e-05 2.05437e-53 2.72277e-34 3.3311e-72 7.34623e-67 1.33973e-53 7.39748e-88 6.78181e-38 2.49525e-68 3.1573e-48 2.9611e-82 3.99092e-35 2.99876e-55 6.87081e-40 9.52199e-80 1.70014e-87 1.92152e-63 1.52665e-68 1.63652e-82 2.00796e-62
1.05658e-28 9.0981e-12 1.36764e-17 4.41463e-31 3.38605e-08 0.0229456 5.82083e-13 3.24049e-07 0.000508125 3.37153e-28 0.826535 2.39768e-71 6.59298e-51 1.60534e-48 9.99046e-68 3.27602e-20 9.30377e-52 1.48781e-47 9.21939e-79 7.32351e-22 4.70141e-27 1.39346e-32 1.05854e-62 1.23714e-81 4.43882e-59 2.01837e-56 5.51242e-73 6.12591e-40
2.88193e-05 0.0842415 0.000298413 6.80447e-13 1.04893e-45 2.54069e-70 5.7586e-10 4.82849e-27 1.46842e-73 1.96991e-08 0.21642 3.7678e-46 3.88043e-42 2.05682e-06 2.81139e-15 3.63669e-07 2.72021e-40 9.69536e-22 9.50429e-69 3.59443e-11 6.3742e-08 1.28953e-19 5.24287e-40 2.01118e-45 4.70033e-61 0.074328 1.43855e-48 4.60709e-29
1.41284e-65 2.20683e-13 8.99258e-41 2.3598e-60 1.35654e-45 5.72296e-70 9.41199e-51 4.00663e-25 3.43532e-62 2.49933e-28 6.97291e-25 1.4415e-54 1.43204e-48 0.808785 7.65488e-37 0.0167186 6.13625e-39 3.02153e-35 1.79638e-42 1.79257e-33 1.07481e-15 4.77618e-19 1.07021e-68 1.54658e-48 0.011924 5.01827e-62 4.37952e-50 0.0247213
9.03983e-62 4.26299e-31 6.69144e-18 2.35766e-89 5.92172e-28 1.66515e-87 3.53034e-17 1.85999e-05 9.70536e-29 1.6507e-35 1.40131e-05 1.06799e-67 5.64754e-23 0.11455 4.98672e-20 7.05149e-21 1.44782e-29 0.195902 1.13967e-77 9.47541e-32 6.65229e-36 1.04956e-10 0.0287629 0.0192634 0.00307375 3.66901e-39 4.63317e-18 5.28433e-45
1.6261e-14 0.00599797 0.000259046 7.99122e-14 5.06872e-29 1.32969e-25 9.17218e-26 6.5834e-14 6.65004e-35 3.05902e-17 0.0507204 1.82313e-41 1.03885e-61 4.67703e-20 9.15334e-69 2.36605e-05 1.98019e-53 3.16969e-14 1.49634e-51 8.44274e-20 9.93084e-18 8.37381e-26 8.2421e-53 5.69742e-46 1.92408e-53 3.41149e-31 2.93546e-65 3.71408e-20
1.0943e-78 1.4424e-29 1.76472e-28 4.36629e-27 1.51768e-34 6.83308e-31 7.09451e-79 9.13636e-29 6.95757e-10 3.92478e-39 1.29129e-28 0.147923 9.38197e-38 0.116004 4.38194e-44 3.34678e-35 5.1322e-34 2.46797e-22 2.4334e-37 4.5402e-11 2.10903e-50 3.6933e-15 3.23372e-40 5.00255e-05 9.53141e-38 9.75962e-60 8.35759e-67 8.65655e-52
1.37881e-29 1.30346e-10 3.08199e-11 4.72025e-28 2.97314e-22 5.79021e-24 1.23916e-21 0.000172838 0.0216256 4.27556e-28 0.239468 1.39032e-28 1.88181e-46 7.14309e-45 1.42983e-70 1.65739e-16 1.74887e-45 1.35163e-45 5.09061e-59 7.87804e-28 2.03817e-54 1.7192e-13 3.13978e-53 8.29721e-60 4.18545e-55 3.13089e-26 5.6213e-49 1.55146e-44
1.27482e-11 3.22821e-11 5.23152e-18 3.803e-32 1.00064e-18 2.3159e-35 5.4187e-36 2.13799e-34 1.83523e-05 1.20267e-30 0.0652721 6.93299e-51 6.53877e-55 5.35296e-31 4.51009e-52 6.14832e-24 1.04014e-38 1.78464e-33 5.73503e-81 1.41575e-22 3.54626e-47 2.27052e-26 2.66304e-75 9.28287e-76 3.93093e-33 1.33482e-51 5.95385e-65 7.55372e-47
1.33529e-121 3.65965e-43 2.03506e-81 1.82795e-100 5.55879e-56 2.63344e-63 1.98783e-90 9.39832e-61 2.94475e-114 7.29804e-42 2.4726 1.246e-15 0.328339 4.90236e-52 0.142041 0.865972 0.0358441 0.000318298 0.108208 0.000240472 3.35159e-28 2.56665e-31 4.12102e-11 8.58959e-38 8.56392e-38 2.50588e-53 0.0907609 1.97729e-57
5.23113e-49 1.23343e-24 1.31464e-20 3.33154e-25 3.50644e-33 0.040648 1.21586e-48 2.72562e-48 5.23318e-30 8.73511e-22 1.1804 2.57103e-69 1.50115e-48 1.67754e-17 3.10666e-64 2.02824e-27 2.42122e-57 4.69873e-25 2.88798e-47 1.68164e-15 1.43815e-30 1.05938e-34 5.86244e-79 1.00875e-36 1.11211e-21 1.19451e-53 5.35175e-57 2.30679e-60
4.64215e-70 5.36017e-11 1.79076e-44 1.94627e-05 4.05905e-53 2.12215e-57 2.35254e-49 0.0265482 1.89902e-12 0.00937712 2.23601e-29 1.15314e-10 6.69792e-33 6.03575e-33 1.45029e-30 9.34501e-14 3.39632e-54 7.2983e-09 1.20386e-78 3.25793e-15 0.0588671 1.22486e-38 2.47346e-64 2.5701e-31 0.00397885 1.75995e-65 3.89085e-26 5.57722e-47
