3.25955e-25 1.64185e-123 5.88668e-101 1.35564e-273 5.04788e-77 5.81682e-136 7.07229e-153 1.53757e-104 6.558e-86 3.10615e-228 5.51606e-116 2.11864e-76 1.9286e-298 1.82988e-81 8.19752e-234 3.93111e-169 6.21479e-235 6.93134e-184 2.58146e-212 1.2207 0.000447471 4.37937e-30 7.59841e-53 5.40676 9.52179e-97 1.12604e-37 8.621e-146 3.17249e-163
9.45619e-10 1.55832e-15 1.3698e-14 1.61693e-17 3.35963e-16 0.0509273 5.79876e-17 1.06797e-07 1.24234e-16 3.66451e-258 4.86067e-313 5.60968e-273 9.58487e-322 1.79116e-281 3.79618e-242 4.9849e-224 1.34305e-239 2.70928e-268 8.39912e-323 5.48816e-235 2.95494e-191 4.73917e-188 1.16471e-261 5.35934e-232 1.00295e-321 3.9433e-231 1.76592e-149 4.20799e-224
0.0326981 0.0667628 1.68748e-09 1.01086e-07 1.74544e-15 6.40122e-18 5.03291e-20 7.43889e-14 0.0188412 3.44767e-262 6.26066e-306 9.31481e-259 1.3241e-321 1.42813e-277 3.38248e-242 1.28535e-213 3.35794e-226 1.97429e-262 1.18576e-322 7.96017e-216 3.02515e-171 1.08243e-199 6.99119e-266 4.58304e-243 1.35868e-321 2.14822e-233 2.59004e-148 8.26654e-220
4.59204e-55 3.14717e-15 1.65289e-19 1.51759e-48 0.0657646 3.50559e-138 1.21301e-31 4.26981e-63 1.35974e-131 3.89567e-179 1.4099e-295 6.55757e-192 1.14771e-320 7.94254e-236 8.99548e-129 4.5334e-153 3.61544e-134 2.98126e-219 2.20233e-210 8.02158e-214 2.05725e-111 3.87493e-177 1.76716e-131 7.20621e-94 8.62639e-321 5.69778e-164 1.63112e-97 3.94603e-213
3.99311e-170 1.11054e-192 3.98645e-195 7.20832e-91 8.82735e-187 1.92923e-198 6.33381e-54 2.48451e-09 8.90918e-244 3.10165e-241 1.55692e-15 0.189145 3.93747e-152 3.30018e-93 4.1628e-181 1.41079e-156 1.51363e-200 2.28773e-164 1.33892e-321 2.71464e-44 1.69128e-103 7.59155e-195 1.54401e-261 1.3664e-144 3.13732e-238 0.0741575 1.11933e-105 4.8855e-180
5.30163e-291 5.07882e-166 5.3178e-111 1.11165e-321 3.21782e-137 2.63741e-237 1.73756e-62 6.47069e-255 6.10171e-321 2.62453e-19 2.20864e-256 6.74919e-46 1.80235e-320 3.65602e-129 6.95995e-18 0.0321285 2.88369e-25 3.41151e-122 1.72923e-321 6.77409e-130 7.35441e-104 1.48136e-168 0.542315 0.273763 9.89882e-39 5.40585e-221 0.319035 5.98941e-182
4.07055e-37 3.11365e-18 3.92379e-142 4.71772e-307 9.03924e-113 1.18752e-138 6.80593e-41 1.09483e-199 1.98125e-178 4.41896e-68 1.88382e-90 8.63973e-128 4.53378e-293 5.69485e-24 1.96617e-98 2.56746e-214 3.26946e-47 6.12675e-67 1.31421e-321 1.15677e-98 1.55197e-96 0.246345 6.61175e-247 3.65383 1.47726e-320 1.35933e-119 3.09008e-111 9.20698e-104
2.5395e-321 1.47538e-70 3.20058e-120 1.12647e-321 9.8703e-206 1.09556e-233 5.52763e-245 2.37204e-293 6.92629e-127 2.05193e-54 1.19017e-134 1.26883e-249 6.1375 7.95551e-114 6.07581e-96 3.05376e-116 1.27162e-197 2.98872e-64 0.424502 8.49787e-107 1.1663e-63 9.90432e-96 1.41771e-217 4.41884 4.93059 0.396728 1.6228e-05 0.225326
2.91511e-214 1.69691e-198 1.59524e-204 8.62566e-203 2.11179e-104 7.22054e-98 1.01561e-269 2.37843e-23 1.13273e-109 0.852214 0.387791 4.46009e-76 5.16247e-176 7.53311e-108 3.85543e-72 1.64858 1.54223 1.16613e-216 1.30715e-83 6.57856e-195 5.8082e-34 2.2785e-44 7.63958e-123 2.47614e-170 1.51283e-320 3.91075e-59 1.1396e-85 9.12447e-99
3.21877e-190 1.84304e-196 5.66592e-96 3.46584e-69 5.17605e-81 1.76001e-240 0.00011087 9.41098e-100 1.40453e-103 3.83419e-117 5.5265e-206 1.18073e-90 1.41253e-320 0.211511 3.89653e-137 8.27816e-44 6.0245e-224 3.35436e-229 7.21608e-74 6.91562e-06 4.23821e-114 1.52377e-110 2.8086e-189 1.11027e-103 5.45444e-226 2.95006e-190 1.01601e-11 1.21499e-73
3.93278e-26 2.01127e-164 4.9637e-18 2.15067e-245 9.88419e-188 9.53508e-165 3.10463e-158 7.87456e-05 1.72159e-228 4.15472e-130 2.88767e-301 1.0018e-208 1.69217e-320 1.03727e-244 0.225276 1.37244e-218 2.41962e-217 1.42603e-66 8.28567e-165 5.25964e-122 0.275907 2.43357e-63 3.7739e-239 7.3893e-137 3.88765e-142 9.73571e-220 1.2091e-127 1.98302e-44
8.48728e-06 3.00585e-06 0.011405 0.00468877 0.000116035 6.70407e-05 0.00575127 0.00207364 0.00367462 4.08848e-270 2.63337e-321 2.39864e-277 3.65609e-322 1.85238e-290 1.73139e-255 2.50107e-234 5.06922e-245 4.89485e-267 3.45846e-323 1.6979e-231 1.07445e-195 1.68819e-197 9.41839e-272 1.52684e-246 3.55727e-322 2.33884e-234 6.6025e-152 2.4138e-226
1.6642e-148 7.51968e-195 1.25148e-237 1.13332e-178 1.03933e-207 2.03929e-260 5.32118e-44 3.62449e-11 1.53032e-175 2.87342e-26 1.66451e-119 4.19595e-281 1.53223e-272 8.64749e-178 6.21465e-16 8.38254e-153 0.00023934 5.60141e-221 1.19698e-65 0.0416336 5.72399e-67 7.30195e-137 1.08543e-124 1.68151e-31 4.33047e-28 5.53135e-98 1.09598e-58 3.50093e-34
2.37336e-220 4.68376e-207 1.41801e-201 8.97325e-93 1.74562e-237 8.19733e-66 1.08694e-321 3.65529e-192 2.27992e-121 6.00325e-271 2.09547e-79 3.18414e-209 2.40754e-268 2.64059e-240 3.93669e-97 6.14888 3.91004e-118 6.59242e-91 1.19654e-175 3.81943e-147 5.98643e-118 9.18044e-60 3.00174e-145 1.49342e-224 2.51339e-272 7.02496e-99 3.2658e-85 8.03602e-193
9.18699e-296 9.03171e-198 2.83738e-189 5.22039e-232 1.21458e-158 2.68465e-243 4.18459e-147 1.12242e-98 9.83879e-229 9.07978e-134 1.29891e-285 1.87787e-220 1.65512e-320 0.494321 0.492136 9.07554e-19 4.18389e-217 2.00553e-08 1.80334e-321 6.58682e-212 1.50686e-191 1.55132e-85 3.6228e-103 2.48733e-118 1.8157e-170 4.76106e-181 1.06071e-86 0.736251
5.57734e-228 2.02896e-34 1.58609e-11 8.41031e-267 5.45481e-94 7.28764e-207 2.29977e-163 1.53148e-58 8.69038e-98 0.120967 0.0716133 9.49219e-17 1.55235e-320 2.54377e-163 4.5855e-49 8.55085e-93 0.00220429 1.66998e-161 1.39613e-134 9.33672e-223 2.57274e-102 1.35288e-56 5.47462e-45 1.11493e-81 5.90519e-263 6.10422e-34 2.91608e-78 1.78806e-156
7.17359e-266 2.06732e-11 9.06011e-285 1.40103e-271 1.99592e-265 3.75318e-96 2.36526e-198 5.71018e-179 4.27561e-257 1.39779e-160 1.17067e-113 1.24457e-234 1.69016e-140 1.56613e-179 2.68595e-190 7.00324e-112 3.31837e-114 0.307553 0.0184536 7.85516e-153 7.60215e-78 2.48651e-17 2.06297e-232 4.7892e-166 2.3517e-317 7.20342e-08 8.34207e-33 2.25827e-199
