6.51384e-93 1.93233e-11 5.44464e-89 1.35634e-33 7.62088e-37 8.88015e-06 1.52005e-12 4.77975e-75 7.54132e-75 0.10098 3.34013e-116 1.03757e-187 1.20629e-110 2.98122e-105 1.64998e-175 3.39908e-221 1.73807e-189 1.70934e-277 2.46287e-197 7.4087e-186 4.69192e-110 2.0844e-314 4.03306e-222 5.29059e-213 2.96208e-132 4.60018e-273 2.04408e-215 9.0391e-243
2.37401e-82 3.17512e-90 2.37841e-204 2.58283e-67 3.6941e-66 7.533e-74 6.64494e-17 9.00114e-114 1.37205e-49 0.841726 0.256405 2.50178e-183 1.45196e-153 2.8138e-168 1.30268e-200 2.04994e-175 3.43488e-160 4.09022e-127 8.75794e-40 1.07823e-107 1.26133e-190 2.24128e-218 7.04991e-152 2.43033e-37 3.28809e-46 2.29245e-170 1.17777e-146 1.6852e-317
0.00305824 0.00388815 0.00602438 0.00643986 0.000562736 0.00613378 0.00147564 0.00678506 0.00530208 4.56627e-73 3.2976e-139 5.0387e-194 3.31757e-183 2.02461e-182 5.76172e-224 4.5583e-319 1.20627e-314 2.63789e-284 5.38854e-216 1.4394e-197 3.73545e-243 9.88131e-324 4.94066e-324 4.65753e-238 5.91235e-145 2.96439e-323 4.77248e-238 1.4822e-323
2.87882e-60 1.20154e-101 8.18333e-86 8.52496e-34 1.41786e-117 1.73474e-05 1.01234e-114 2.37387e-25 2.00694e-63 0.338228 1.34655e-77 2.5217e-160 8.4959e-96 1.90329e-149 2.03456e-201 8.45604e-246 8.96777e-225 2.06097e-198 4.93406e-160 5.72452e-114 1.7847e-175 7.41098e-322 4.15015e-322 1.10618e-236 1.04809e-69 1.67481e-291 1.12687e-216 2.11388e-308
2.33593e-87 6.44326e-32 3.00064e-18 3.29049e-115 7.74624e-125 2.03048e-08 2.06851e-89 1.1202e-51 2.99721e-26 0.203842 6.222e-78 1.26275e-191 1.99242e-117 1.39498e-140 1.62031e-159 1.92304e-229 4.06988e-291 1.7162e-225 5.04205e-131 4.67314e-115 3.26919e-183 7.26276e-322 5.48926e-237 2.96615e-143 1.21478e-136 1.44261e-312 4.98727e-151 1.27554e-241
1.55274e-110 2.44808e-138 1.40566e-231 8.66724e-241 5.92376e-179 3.18698e-112 3.23246e-26 7.66323e-141 4.59749e-108 5.21487e-57 1.14609e-50 4.6529e-111 0.0625616 1.27879e-79 3.43599e-184 3.98034e-157 2.32299e-280 4.57769e-155 5.63239e-162 5.86939e-71 7.27399e-218 1.24505e-321 1.2371e-282 4.22205e-124 2.32882e-65 2.16407e-242 2.02502e-89 1.29474e-102
4.47602e-126 8.86492e-10 1.04867e-82 2.39752e-57 2.00953e-95 1.11481e-62 4.75571e-166 1.63715e-92 5.31445e-116 3.32387 9.58265e-33 0.00280799 2.57103e-58 7.34005e-45 1.21465e-109 9.12876e-259 1.89951e-270 1.02275e-281 9.4453e-151 4.77015e-139 2.6337e-168 1.9773e-235 8.6002e-124 0.000669567 1.8927e-104 8.45792e-133 2.49875e-131 4.60241e-126
4.14515e-57 2.3726e-149 4.68582e-274 7.95824e-188 6.08622e-225 2.26798e-143 3.45886e-173 7.50197e-112 1.49969e-111 2.07694e-59 7.25463e-49 1.64513e-11 1.99366e-179 3.00409e-11 1.52115e-140 2.67844e-304 0.180419 2.41039e-142 2.68635e-142 4.29108e-70 2.82964e-83 1.41797e-321 1.23448e-255 0.0634849 1.18488e-10 2.62083e-197 6.30847e-126 9.23637e-180
1.1529e-21 1.78419e-69 7.11212e-56 1.69333e-141 1.00757e-29 1.14373e-73 9.85304e-99 8.9707e-36 8.65388e-57 0.547484 8.38663e-117 1.25682e-66 5.32552e-113 3.59607e-20 2.58517e-216 2.73536e-235 3.44804e-203 2.10722e-126 2.45141e-134 1.37899e-128 8.70686e-235 6.09165e-317 5.78057e-322 4.85864e-82 8.09493e-41 4.41614e-300 4.86865e-181 1.55631e-321
5.73476e-27 3.29761e-110 5.73081e-39 4.69228e-26 1.13663e-125 1.35828e-123 3.27841e-82 9.95479e-89 8.35375e-33 1.57694e-70 1.32394e-21 5.69125e-116 0.246437 2.57736e-125 1.09406e-128 1.48948e-190 4.66153e-253 7.28665e-132 7.4932e-103 1.37951e-169 4.42764e-166 1.24505e-321 1.19001e-281 8.83859e-40 2.63302e-07 7.29599e-230 9.92743e-236 1.1395e-243
3.24097e-188 1.74798e-50 1.1916e-248 4.04146e-321 1.47028e-100 4.65296e-116 8.30831e-219 9.93032e-172 3.05014e-140 1.44126e-72 5.16065e-62 2.68165e-77 6.31896e-136 0.638631 1.84251e-160 8.57712e-302 0.698682 3.14527 2.49069e-106 7.05226e-162 1.16508 6.84112e-130 5.56075e-25 0.000357797 1.22746e-29 0.406694 0.296476 0.540722
2.31633e-59 5.10007e-27 3.07758e-06 1.43726e-107 4.58126e-167 0.000100069 2.22615e-88 9.79589e-75 3.69386e-111 0.359268 1.23393e-135 2.64419e-151 0.125699 1.16884e-168 6.84561e-119 2.02551e-260 8.84665e-179 1.75896e-204 3.46682e-111 3.68322e-148 6.63351e-174 4.56803e-255 3.88381e-186 9.20919e-201 4.49372e-58 2.87579e-224 3.23023e-204 4.32064e-211
2.94048e-49 6.80044e-149 6.0905e-127 1.39696e-88 8.84674e-131 1.18172e-96 7.66538e-46 1.25669e-102 1.49868e-23 0.264643 1.42368e-38 2.53812e-87 4.22935e-139 8.82893e-179 4.24736e-184 2.77665e-269 5.79046e-253 9.56312e-202 2.07466e-190 5.32175e-150 7.46011e-99 9.28843e-322 6.24135e-273 2.17987e-57 1.29729e-44 2.13915e-310 2.91807e-193 1.85501e-270
2.59074e-116 3.10015e-116 5.98656e-73 3.77849e-127 1.25926e-132 8.14919e-76 2.17395e-29 1.17884e-118 2.52365e-118 0.664622 6.65353e-97 2.90032e-177 4.72931e-46 1.04819e-137 8.24079e-97 3.0847e-223 1.5588e-230 3.62225e-125 0.138764 3.23911e-192 2.57247e-189 1.049e-237 1.55774e-188 5.08517e-40 2.02865e-21 1.01096e-115 6.77523e-157 3.70642e-111
1.66381e-65 3.58265e-79 1.95188e-08 9.07646e-41 7.96608e-62 1.60441e-31 5.42695e-15 1.01601e-51 1.72826e-57 0.294048 6.48086e-84 9.06815e-168 1.91595e-97 5.40293e-106 3.64842e-197 7.94993e-241 3.50779e-233 4.86937e-272 5.2033e-190 2.23392e-150 9.3651e-165 7.88397e-278 2.16499e-234 1.11505e-123 3.0906e-92 4.30644e-310 1.77937e-221 7.84626e-274
1.26889e-170 9.74138e-242 3.41893e-321 2.41059e-85 1.61427e-25 2.71733e-95 8.66183e-299 8.11968e-179 6.94184e-169 6.0557e-18 1.39033e-112 0.421922 1.93735e-54 8.22457e-14 0.644344 1.03658 3.89221e-05 1.35444e-171 5.04709e-158 0.99188 3.57752e-09 0.521704 0.273934 5.73203e-19 0.174412 5.41562e-232 5.93302e-185 0.000234966
6.58385e-60 3.41139e-07 3.18852e-21 7.61219e-71 1.14182e-101 7.86377e-40 1.70112e-71 5.43834e-78 9.29627e-27 0.23622 1.99757e-81 1.2897e-108 4.44224e-99 3.47877e-124 6.83994e-185 4.36308e-268 4.46484e-288 4.99297e-244 2.11287e-166 3.51896e-134 1.67241e-162 4.34064e-262 8.02825e-223 3.07838e-237 1.24212e-107 1.00285e-252 4.71281e-222 9.14021e-322
