1.03232e-115 1.73543e-139 3.69484e-40 7.01188e-167 1.63883e-263 1.22735e-234 1.58991e-288 3.77206e-12 2.36408e-94 3.16193e-108 1.14748e-230 5.34452e-97 3.81873e-23 1.18948e-184 3.32648e-25 1.20685e-257 0.376817
3.35306e-54 7.36925e-86 9.63428e-322 2.19042e-296 1.45016e-309 3.24128e-273 8.49793e-322 0.0318392 1.56618e-201 9.54819e-91 5.88556e-242 6.12641e-322 2.35337e-186 2.623e-239 1.30709e-220 9.23903e-322 7.60692e-172
1.0581e-31 2.30724e-78 5.11103e-266 1.22528e-321 5.32047e-193 1.59311e-165 7.41098e-322 0.312364 1.59723e-187 6.13158e-183 4.88198e-167 3.58501e-313 1.52966e-136 2.71846e-154 3.32182e-153 2.97233e-279 2.35554e-258
7.13685e-102 1.29133e-170 9.33692e-10 2.18871e-321 1.95394e-39 1.52714e-160 5.81913e-102 9.30818e-104 1.47325e-21 3.41742e-62 0.144868 9.86037e-157 9.58025e-49 0.0788069 0.269526 3.51344e-264 1.23829e-53
4.70776e-197 1.50775e-170 2.85798e-178 6.7209e-293 3.15694e-277 1.22305e-162 1.592e-280 0.0667385 4.02815e-238 0.101001 3.60182e-94 1.95433e-124 1.29109e-205 1.37802e-212 1.12948e-87 2.35447e-182 6.07798e-147
0.0787366 1.26011e-18 2.86558e-322 2.71736e-322 1.31545e-274 3.65414e-267 2.12448e-322 6.00601e-117 4.97816e-212 5.91697e-183 3.04844e-238 1.82804e-322 6.82181e-216 1.06182e-233 8.2424e-238 2.71736e-322 1.79742e-248
3.06272e-175 2.98388e-155 1.33144e-203 4.5715e-229 0.091053 3.942e-34 0.159432 1.89164e-133 2.36968e-159 2.24882e-141 4.34814e-91 6.85972e-275 5.49732e-92 9.95561e-13 1.14712e-182 0.547901 1.64426e-213
5.05916e-60 3.4481e-117 1.9935e-121 8.67399e-260 4.22158e-256 3.52301e-40 0.0328537 1.09319e-101 3.38613e-233 2.45074e-166 2.2316e-201 2.91528e-234 6.19587e-129 1.16204e-242 3.49836e-18 2.06903e-205 1.8593e-146
1.08288e-117 1.00341e-220 1.84286e-321 1.65018e-321 3.29314e-80 1.93829e-122 2.8443e-220 6.27039e-59 8.13797e-219 4.34269e-139 3.66911e-155 1.19198e-205 0.0488479 5.75607e-140 5.15345e-89 4.59647e-297 1.98176e-226
7.75333e-26 3.36873e-43 0.438428 2.3294e-218 2.50625e-286 1.36762e-187 1.47695e-188 9.78304e-91 6.93089e-185 3.25179e-166 1.65675e-126 0.371344 0.157572 3.04984e-216 8.92696e-65 3.3193e-07 3.76086e-242
1.82361e-140 0.251441 2.32258e-277 2.78159e-321 6.45356e-175 2.32426e-201 4.60961e-32 6.45294e-12 0.25851 4.66753e-116 1.12941e-46 7.13914e-126 7.30079e-236 3.58335e-243 1.89209e-163 2.33778e-36 9.11608e-220
4.94092e-254 3.50518e-112 5.11206e-275 1.32857e-287 3.38966e-304 9.47366e-150 5.99725e-169 1.65911e-71 0.472594 0.130047 3.70867e-184 7.40541e-279 3.84143e-110 6.49338e-250 1.43795e-93 2.00591e-321 9.55236e-177
4.74001e-218 5.32602e-78 1.27858e-315 5.75189e-148 1.02089e-201 8.06323e-259 4.58655e-176 1.33102e-56 2.83238e-177 3.84058e-162 4.49889e-209 5.72335e-309 7.34301e-84 0.636896 4.04185e-232 1.59133e-173 1.0125e-50
1.87588e-185 7.36037e-104 1.69959e-321 2.96771e-278 2.42987e-105 1.01494e-148 1.22528e-321 3.55183e-18 8.72133e-221 2.03658e-120 5.07984e-213 1.38468e-264 0.211185 2.99102e-177 3.03607e-183 2.20762e-303 1.94884e-271
3.111e-53 0.00484143 2.61148e-256 1.24999e-321 2.66831e-230 1.0668e-202 7.16395e-322 0.281452 7.52452e-203 1.78484e-131 2.51953e-181 6.32404e-322 2.79408e-153 6.37634e-156 2.67858e-208 1.10177e-321 7.87339e-235
4.09313e-112 3.74371e-66 1.25486e-297 1.04248e-321 2.29702e-249 5.43909e-190 7.60861e-322 0.378239 7.95512e-137 1.39818e-116 1.12818e-248 7.11455e-322 1.83941e-208 1.67592e-171 1.95354e-173 3.69468e-264 7.74619e-272
2.96079e-153 2.93894e-213 1.0629e-314 1.97547e-305 0.295807 1.68295e-104 1.30982e-146 5.60055e-121 5.48209e-104 9.37922e-95 1.90595e-39 2.41501e-236 1.57964e-131 0.298068 1.10094e-225 1.9565e-321 4.95884e-200
9.06216e-24 7.52828e-307 0.109875 0.646193 0.00368297 1.79978 0.246057 5.59356e-102 4.36462e-190 3.60222e-11 5.23256e-80 2.27121e-40 6.80778e-23 1.99037e-106 1.54078e-124 4.66628e-185 2.55397e-147
