4.02664e-321 3.29542e-321 3.87693e-320 1.22973e-320 1.92389e-320 1.15167e-320 1.0909e-320 1.2737e-320 1.38141e-320 1.05928e-320 1.8898e-320 5.05429e-321 9.03152e-321 1.26431e-320 0.911805 4.58987e-321 3.56172e-320
8.01943e-161 6.57441e-77 2.84582e-320 8.06315e-321 8.35959e-321 5.64223e-321 1.5405e-320 2.65882 9.56017e-321 1.23566e-320 9.0414e-321 3.36459e-321 5.05923e-321 1.01528e-141 1.61594 3.71043e-321 2.76183e-320
1.69813e-256 9.29832e-321 3.11854e-320 8.93765e-321 4.83196e-321 1.38289e-320 9.0167e-321 7.94458e-321 1.31026e-320 1.47083e-320 2.78576e-230 3.51775e-321 5.578e-321 1.36345e-231 0.101076 4.2045e-321 2.30679e-320
0.00163625 0.00119915 0 0 0 0 0 0 0 0 0 0 0 0 0 0 0
1.84039e-320 1.07509e-320 84.4102 66.5617 18.4862 18.7638 6.11076e-302 4.71114e-149 3.01232e-320 38.8583 5.01099e-75 17.0857 46.8465 2.96044e-320 1.91154e-320 2.39671e-320 155.438
3.09779e-321 1.4857e-305 3.39127e-320 8.19655e-321 1.10868e-320 8.31553e-188 9.38231e-321 8.43864e-321 1.08349e-320 1.0825e-320 0.0976118 4.18968e-321 5.53354e-321 1.28012e-320 5.20745e-321 5.97819e-321 2.80876e-320
2.71063e-196 3.04839e-321 1.64474e-320 6.92186e-321 3.60174e-321 8.24101e-321 0.382127 0.158384 8.53745e-321 6.47226e-321 5.08394e-321 2.94957e-321 3.21637e-321 7.61849e-321 9.37737e-321 3.03356e-321 1.83595e-320
4.11063e-321 7.03549e-321 6.40803e-320 1.84781e-320 2.09187e-320 8.67579e-321 2.14424e-320 1.01981e-73 13.8378 1.22775e-320 6.42266 9.14021e-321 9.93072e-321 3.19175 1.34238e-320 7.51551 6.38629e-320
4.27367e-321 3.73514e-321 1.88338e-320 7.59379e-321 6.10171e-321 2.12547e-320 1.77662 6.22029e-321 1.23961e-320 1.34139e-320 6.48214e-321 5.58788e-321 5.1531e-321 1.95749e-320 0.000381372 6.19064e-321 3.09137e-320
3.0138e-321 6.30116e-212 5.45448e-321 2.14919e-321 1.49208e-321 1.85769e-321 3.30036e-321 1.68476e-321 2.7223e-321 2.2727e-321 1.96638e-321 8.64615e-322 1.18082e-321 2.23812e-321 9.93072e-322 9.38725e-322 6.12147e-321
1.18356e-176 1.78886e-11 2.21341e-321 8.74496e-322 5.78057e-322 7.21336e-322 1.04248e-321 7.26276e-322 1.10671e-321 9.7825e-322 7.26276e-322 3.60668e-322 4.74303e-322 1.09189e-321 4.15015e-322 4.00193e-322 2.66795e-321
4.98512e-321 3.47822e-321 2.00245e-320 7.99398e-321 6.82799e-321 1.92439e-320 3.2828e-187 1.48368e-320 3.48267e-320 9.76768e-321 1.22973e-320 5.06911e-321 6.0523e-321 2.39474e-320 0.314984 9.25879e-321 3.65609e-320
5.59328e-184 2.08867e-153 1.90858e-320 7.65802e-321 3.95747e-321 7.63331e-321 2.26535e-100 2.03375e-20 1.17143e-320 8.82401e-321 7.6432e-321 4.38236e-321 4.30331e-321 1.8792e-118 5.57644e-100 4.88137e-321 2.57359e-320
3.0138e-321 1.52822e-291 1.42291e-320 6.4525e-321 5.11358e-321 5.79539e-321 6.95644e-321 2.1176e-289 9.84179e-321 8.15702e-321 4.72327e-321 3.6215e-321 3.40411e-321 0.524724 7.89023e-321 3.00392e-321 2.14968e-320
4.5454e-321 7.96377e-300 1.51678e-320 4.9703e-321 3.6215e-321 6.68471e-321 0.591461 4.58987e-321 7.31711e-321 8.82401e-321 1.19613e-320 2.17389e-321 3.35965e-321 5.80033e-321 5.36061e-321 2.57408e-321 1.86707e-320
2.90511e-321 2.29829e-246 1.40611e-320 6.98609e-321 4.42189e-321 1.04347e-320 0.0221554 6.33886e-321 6.69459e-321 1.0237e-320 8.67579e-321 3.84383e-321 3.45352e-321 6.24759e-139 3.73514e-321 2.75689e-321 1.88288e-320
4.39224e-321 3.06815e-321 1.55087e-320 6.71929e-321 4.44165e-321 8.46829e-321 1.29682e-80 3.85865e-321 7.14913e-321 6.66989e-321 8.51769e-321 2.69266e-321 3.26083e-321 1.34386e-320 2.19859e-321 2.91005e-321 1.96144e-320
3.95747e-321 5.45448e-321 1.62745e-320 6.78846e-321 4.10569e-321 6.15606e-321 5.64061e-202 7.03055e-321 7.59873e-321 6.23511e-321 9.71333e-321 3.06815e-321 3.49798e-321 2.39789 2.59879e-321 5.97819e-321 1.85176e-320
