2.41192e-213 4.53661e-114 3.80431e-321 7.5592e-322 4.03961e-64 2.19895e-291 3.20956e-84 1.57607e-321 2.14801e-111 5.12395e-186 1.60945e-277 7.35111e-55 2.55313e-28 2.30235e-321 4.58442e-167 1.25182e-243 1.01728e-320 1.51377e-237 1.71441e-321 4.29703e-164 3.27827e-166 0.429164 1.49208e-321
9.25476e-05 7.6832e-06 0.0159701 0.00192859 0.000179628 0.00500325 0.0244951 2.47033e-323 3.35965e-322 4.94066e-323 5.43472e-323 1.21228e-231 1.00317e-254 3.95253e-323 5.42835e-263 1.97626e-323 3.95253e-323 2.47033e-323 2.47033e-323 1.4822e-323 1.03893e-270 6.42285e-323 2.47033e-323
4.42266e-248 3.13901e-146 2.61173e-166 4.98231e-220 3.27132e-57 1.41862e-104 9.33895e-102 2.00306e-64 2.52915e-131 1.40092e-106 5.45918e-169 7.21146e-228 1.08258e-21 2.80629e-321 0.103326 1.33892e-321 4.80278e-24 4.76886e-229 2.02567e-321 7.6227e-280 6.6088e-117 7.4473e-221 1.89227e-321
6.22523e-322 4.82762e-18 3.37447e-321 9.88131e-322 8.07303e-321 3.65492e-260 1.11412e-320 1.43357e-140 1.88549e-241 6.70941e-321 0.769825 0.802784 9.06713e-120 0.92335 1.26436e-219 1.46285e-93 0.930874 9.90937e-74 1.09611 2.0975e-19 8.75832e-14 2.29913e-256 1.11106
8.66255e-74 5.58826e-54 2.25267e-281 4.33823e-183 8.92908e-216 7.61026e-133 3.32182e-189 3.2265e-311 1.97535 4.07654e-320 2.66516e-78 1.97826e-122 3.80979e-09 4.92582e-35 8.57587e-133 4.64523e-198 2.72874e-37 1.34808e-317 1.97132e-321 4.77401e-61 0.618334 1.1795e-182 1.95156e-321
5.2371e-322 6.48004e-13 2.14047e-205 3.73615e-162 7.73213e-321 2.21441e-147 3.34223e-258 2.1146e-321 2.27805 1.05414 1.89038e-85 7.97951e-222 6.29702e-27 1.9152e-76 3.44084e-32 0.373006 3.28401e-273 6.29784e-233 1.85932e-65 0.285852 3.02275e-73 5.30852e-65 5.70656e-182
7.42811e-51 3.53737e-144 4.61951e-321 1.587e-163 3.12642e-178 4.16598e-55 2.48257e-73 7.34952e-164 1.85423e-19 3.55727e-321 2.16838e-264 2.45979e-113 3.50157e-224 0.134795 1.5659e-200 1.69115e-91 1.74327e-269 4.01577e-314 3.05827e-321 1.22517e-227 8.13015e-144 4.68452e-180 2.87546e-321
2.88736e-60 5.14702e-240 6.89517e-294 2.07397e-316 4.21932e-300 2.73516e-147 5.29131e-181 0.471885 3.1562e-190 3.7992e-09 0.550376 5.46197e-66 1.18039e-29 5.65181e-165 7.55447e-121 1.33398e-321 3.17015e-285 1.09372e-200 3.06321e-321 6.17298e-84 1.5376e-199 0.393704 1.9565e-321
5.42791e-188 8.24429e-88 6.0455e-178 8.15208e-322 2.06536e-181 1.6403e-321 1.5411e-276 4.35835e-243 7.96001e-151 6.87292e-227 1.36679e-199 3.16317e-191 2.40398e-182 1.17461e-216 1.36081e-176 1.60751e-162 3.82448e-236 0.274718 6.76417e-270 1.17141e-62 9.87138e-245 5.68086e-109 3.83148e-318
4.12133e-94 6.58086e-221 3.84383e-321 9.92857e-50 2.81161e-144 2.27461e-298 1.74054e-07 2.06879e-131 0.609538 4.18027e-122 3.72031e-321 7.67136e-40 3.68479e-241 4.04326e-250 8.07223e-169 1.14129e-321 5.85528e-154 7.57752e-278 1.24999e-321 1.0344e-173 9.23154e-91 3.81913e-321 1.58595e-321
2.85439e-33 1.85863e-97 3.42549e-207 3.04256e-24 1.47412e-207 1.67982e-321 4.26485e-249 1.68476e-321 3.6762e-147 2.52714e-304 1.94112e-293 5.58601e-127 0.753339 1.94916e-256 0.738728 1.17094e-321 3.15142e-108 7.80802e-153 8.58875e-255 2.2506e-195 0.172088 8.35688e-60 3.89631e-263
0.00142922 0.00840017 4.47197e-09 0.00107059 0.0211765 0.00099019 0.000441645 2.47033e-323 3.35965e-322 4.94066e-323 6.91692e-323 4.86526e-234 1.33451e-250 3.95253e-323 2.42637e-263 1.97626e-323 3.95253e-323 2.47033e-323 2.47033e-323 1.4822e-323 1.43113e-270 7.90505e-323 2.47033e-323
1.09597e-57 4.9514e-38 6.75543e-280 8.34971e-322 4.21836e-15 4.14205e-303 6.92775e-162 1.83298e-321 1.04734e-73 3.51281e-321 2.14387e-210 1.93959e-141 9.01849e-191 4.37935e-61 1.26426e-166 1.50104e-279 2.90033e-186 5.9914e-310 1.47726e-321 1.75043e-253 3.71684e-114 0.214227 2.49009e-321
