3.65153 0.106364
3.21909e-25 1.56967e-51 3.38021e-26 2.03339e-90 3.81753e-05 4.28455e-74 1.67116e-58 5.18372e-29 4.60098e-79 1.34611e-45 4.06e-27 1.07818e-135 7.66365e-51 3.17222e-12 5.27272e-44 2.40294e-73 1.88783e-57 1.49875e-57 6.11716e-114 5.25194e-81 9.96515e-43 8.05045e-78 2.43232e-60 2.63263e-99 3.37175 2.257e-33 4.43253e-26 0.545897 9.43813e-87
5.58131e-14 2.99153e-39 6.68741e-55 1.70836e-72 5.46344e-49 1.14338e-68 8.1228e-66 3.05931e-74 1.19526e-116 6.02622e-08 5.0843e-90 1.46794e-98 1.3101e-36 2.51387e-18 6.89246e-63 2.04247e-06 1.70761e-22 1.36833e-23 5.3014e-21 3.64238e-29 3.90931e-44 0.0856438 6.3126e-13 1.40482e-23 5.08766e-116 1.11755e-74 5.70642e-41 1.13545e-11 2.17851e-68
6.65014e-36 1.0997e-70 1.25555e-18 6.49352e-71 1.37481e-60 3.12257e-105 8.01459e-70 2.29948e-85 2.38308e-11 1.36022e-78 6.21768e-21 1.77358e-135 5.59565e-27 5.43594e-65 2.40824e-21 4.71092e-59 0.11965 1.16847e-09 1.5263e-12 5.90058e-22 4.1792e-85 1.58345e-75 1.00072e-13 2.07273e-113 1.83084e-101 1.26603e-105 8.59369e-64 5.36232e-54 1.87581e-42
1.23054e-67 4.19752e-110 4.558e-129 7.79895e-76 1.26422e-80 7.62404e-102 7.28545e-10 3.85378e-80 3.45081e-114 4.17641e-51 9.61914e-76 1.00491e-55 1.05043e-71 4.19194e-33 8.86363e-15 3.97485e-39 5.10654e-82 9.21454e-07 5.35647e-53 3.48587e-13 3.70321e-82 1.78566e-75 1.23409e-39 1.00759e-27 2.85707e-99 2.39116e-76 1.12763e-82 2.8502e-32 0.0748159
2.46368e-54 5.03427e-70 1.74617e-178 0.00325802 3.24959e-69 9.45403e-55 4.68272e-27 1.68433e-63 2.12018e-107 5.75519e-10 2.50846e-55 0.0361676 6.18149e-16 0.157678 2.36468e-44 1.32488e-51 6.83475e-32 3.38763e-86 8.35233e-37 5.99688e-26 8.57458e-24 2.3959e-110 9.62621e-88 3.14195e-142 3.3904e-124 5.58143e-92 2.06785e-08 3.65445e-71 0.322484
6.47225e-11 2.39475e-72 2.27645e-134 8.73896e-86 2.10971e-54 2.93006e-13 8.08606e-28 1.32099e-20 2.56183e-27 3.7233e-74 0.0245511 1.41701e-56 1.8907e-62 2.7859e-42 2.42784e-31 3.39702e-44 3.10398e-49 1.85489e-20 4.70543e-48 2.91874e-51 9.35066e-56 5.54534e-52 0.174011 1.3889e-70 6.51522e-96 1.50051e-14 0.00229244 4.0404e-36 5.91295e-07
1.03407e-56 5.62013e-99 6.92032e-14 6.13284e-108 2.15924e-31 2.60315e-16 6.08486e-32 1.71593e-58 1.83691e-73 3.42182e-39 5.44635e-105 1.31538e-47 7.87846e-112 2.05498e-66 4.47346e-23 5.04695e-79 2.83873e-48 1.0947e-30 9.71503e-90 2.10303e-97 1.6673e-17 9.73715e-41 0.856316 3.60254e-46 4.05028e-33 2.09165e-101 0.209907 7.06617e-70 1.58543e-48
2.60464e-30 2.38528e-26 5.26398e-103 2.5626e-47 5.6833e-41 1.63963e-28 1.3577e-53 1.70872e-41 2.43826e-45 2.00097e-54 9.80718e-61 1.26204e-107 1.44756e-43 1.83694e-28 7.76292e-15 2.97173e-57 7.46e-74 3.45789e-38 9.52927e-131 1.2897e-38 2.8125e-50 2.88074e-76 0.208399 4.92394e-88 4.16882e-74 4.30066e-27 1.16406e-66 2.88618e-63 1.09255e-70
1.30229e-27 1.21937e-05 8.90678e-40 2.713e-28 1.24208e-17 1.79024e-38 1.38417e-57 9.9058e-93 2.87978e-30 5.22822e-76 5.03868e-92 1.14671e-76 6.99365e-66 7.44417e-65 2.84767e-31 6.21868e-67 3.27553e-18 1.7126e-58 2.46313e-110 3.35763e-37 1.34344e-61 7.21059e-87 0.0792993 1.45925e-57 7.61467e-118 1.81263e-80 1.23814e-38 7.07182e-71 1.26377e-43
1.91871e-103 1.59936e-109 2.38561e-16 5.43724e-119 2.45175e-61 1.69322e-159 2.04987e-20 5.6784e-28 5.45415e-138 2.70497e-93 3.18006e-74 0.0421036 0.213139 4.24254e-86 1.289e-43 3.26605e-13 1.37924e-20 9.58472e-57 9.21373e-92 3.55814e-64 7.57856e-37 4.90415e-16 1.41183e-19 0.113156 2.30824e-78 0.42098 8.70973e-79 6.46617e-52 1.37849e-53
8.54167e-11 1.7173e-53 1.62972e-77 6.39474e-128 1.00663e-24 1.45854e-108 3.31842e-43 4.75655e-37 6.96789e-64 2.79393e-48 0.406083 4.03675e-160 3.05662e-18 1.389e-66 2.53826e-58 0.137945 0.000859426 0.0289162 1.91379e-56 0.111064 1.28157e-11 0.00914544 6.23437e-29 2.11856e-131 5.16435e-39 4.09106e-90 9.22441e-57 1.24137e-57 1.00539e-26
4.72142e-31 8.72966e-88 3.60317e-07 7.18508e-50 1.29717e-43 2.44795e-41 9.12369e-23 5.90568e-25 1.11564e-52 6.58435e-69 1.65028e-58 5.01047e-126 4.24542e-101 7.06505e-38 0.628916 2.37056e-20 9.38065e-13 4.62981e-88 3.04187e-68 1.63539e-69 1.87097e-59 1.45894e-46 3.43834e-23 4.02917e-126 3.02208e-62 1.74419e-46 4.29974e-79 2.11233e-43 3.65681e-46
6.32984e-89 1.05984e-88 2.78081e-127 2.48513e-53 3.26874e-35 1.07353e-100 2.88278e-70 6.12413e-110 4.02155e-106 1.0023e-50 2.23975e-20 2.03702e-50 3.42242e-65 1.40479e-89 0.0287271 4.88008e-55 1.35859e-07 4.03124e-34 1.09825e-66 1.15066e-83 0.0838233 9.88645e-46 1.27164e-09 2.82739e-54 5.1829e-10 5.73782e-105 4.17941e-54 7.93154e-61 7.73181e-54
0.000461413 0.000336987 0.00031815 0.00046517 0.00195621 0.000165322 0.000279586 0.000279626 0.000213475 6.94513e-97 1.0081e-123 1.82847e-182 3.0236e-115 1.94753e-93 4.26298e-67 1.30545e-85 2.69923e-99 1.14838e-118 5.97435e-134 1.81908e-99 6.61595e-108 4.44779e-118 3.86988e-96 4.48965e-146 9.15867e-147 3.81308e-111 1.8878e-85 3.65075e-79 7.13289e-94
1.09154e-54 4.54002e-120 1.10311e-104 2.16153e-36 5.84119e-77 3.49782e-128 1.11286e-15 8.14933e-94 3.26443e-107 0.117321 6.79204e-46 3.53919e-32 7.80819e-70 6.986e-89 0.198533 1.7598e-31 8.37574e-86 4.02946e-24 0.05234 3.92901e-47 2.35105e-20 2.0549e-22 0.470628 1.05807e-108 1.36462 2.1621e-85 1.18385e-24 3.45773e-70 1.37147e-51
1.17831e-83 1.04897e-112 1.43028e-89 1.52142e-94 7.91151e-27 1.43894e-126 5.60638e-58 8.2274e-72 3.17093e-34 2.20228e-74 6.55537e-08 2.07159e-153 6.31267e-64 1.70821e-30 9.34025e-09 1.89232e-16 6.48492e-45 9.34846e-46 4.36308e-42 1.46629e-83 6.46906e-40 1.68848e-27 0.44547 9.05881e-109 1.98656e-78 3.98344e-90 4.82726e-81 2.9878e-28 0.0521753
1.8786e-21 1.83335e-67 2.13003e-13 1.49725e-57 8.50133e-33 9.34289e-101 2.25554e-25 4.53548e-48 8.48505e-68 8.24106e-59 0.0958282 7.7156e-176 2.35856e-40 6.14182e-76 1.46758e-34 8.29499e-05 1.16153e-05 1.52821e-43 2.04992e-44 1.17342e-94 1.00932e-86 1.51629e-88 1.60306e-24 1.44608e-106 4.33332e-79 4.53467e-19 2.63179e-53 6.01958e-35 1.13778e-67
