3.96723 0.160252
0.00272804 8.66373e-94 1.3575e-145 2.83606e-05 1.89095e-71 3.25876e-120 5.36345e-317 6.50367e-78 0.00245521 1.75753e-83 4.41228e-157 5.68769e-260 0.0773683 4.4344e-56 3.72581e-130 8.99799e-149 1.48117e-231
0.204173 8.44887e-38 9.1377e-76 4.58652 1.19911e-98 2.50319e-196 1.29607e-290 4.96997e-20 7.03459e-102 6.73052e-98 3.45433e-128 8.37933e-285 2.9268e-44 0.0782374 5.43713e-161 9.54778e-182 5.27677e-207
2.33888e-19 0.533788 1.98418e-58 4.29945e-33 0.330056 2.42863e-209 2.11505 0.584815 7.55082e-56 0.330821 0.858339 0.336276 1.0358e-05 1.92627e-33 2.87114e-134 1.12887 1.3895
1.33936e-69 6.64206e-89 0.0588127 3.60685e-56 2.89812e-28 0.237345 4.04146e-321 2.25421e-54 1.05782e-08 0.122268 1.38158e-109 4.48097e-238 5.43767e-40 1.91741e-39 7.52281e-152 6.28395e-63 2.14957e-272
1.17524e-79 1.82961e-99 0.199288 1.23243e-58 5.15697e-58 1.3142e-78 4.31813e-321 7.52323e-62 1.01428e-110 1.71742e-120 3.04257e-161 1.14239e-191 1.74819e-60 3.84585e-28 0.176921 4.85762e-151 2.68458e-287
3.85749e-31 1.91242e-74 5.81806e-58 2.28391e-09 2.64721e-134 1.67021e-193 2.248e-321 9.97942e-22 0.156684 1.59976e-91 2.30074e-162 1.45394e-193 1.0589e-50 3.22696e-22 8.43842e-69 1.03812e-133 4.55971e-228
2.08032e-49 5.17604e-91 6.56982e-123 8.17102e-95 8.56155e-89 9.43463e-213 2.49997e-321 6.95572e-19 0.038436 4.6571e-162 1.27287e-196 1.35843e-272 5.56544e-26 1.81813e-55 1.06223e-101 2.69121e-138 1.41289e-260
4.54715e-21 8.6211e-90 2.28396e-140 1.34409e-39 1.18984e-122 9.38609e-221 1.84286e-321 2.77193e-67 3.85674e-40 7.14964e-155 5.15902e-166 1.69363e-219 0.289529 1.57622e-62 3.36736e-158 6.98702e-153 2.77302e-252
0.22921 2.77632e-65 7.87222e-81 1.1137e-93 3.4206e-162 1.08572e-146 2.87546e-321 1.07359e-99 0.280965 2.73745e-107 6.61675e-190 6.924e-265 4.42021e-18 1.10607e-43 6.8596e-88 2.67035e-129 1.83745e-298
5.33517e-45 7.65551e-96 5.85301e-81 4.72719e-94 3.0319e-78 1.06219e-141 1.71441e-321 0.217838 4.97154e-82 3.9137e-157 9.05248e-190 3.70163e-220 1.04522e-41 4.92029e-36 2.35757e-181 1.45209e-184 6.28134e-274
