2.74837e-174 9.11081e-27 1.21188e-157 1.26572e-86 7.46969e-165 1.52375e-37 1.13658e-287 1.83403e-29 1.69069e-78 0.00110601 5.49111e-285 0.0537363 7.9672e-225 0.077475 1.48837e-112 4.53937e-54 2.04237e-127
8.33978e-76 2.0692e-110 1.34596e-79 5.37852e-126 3.04164e-129 2.2074e-155 7.69468e-180 1.24526e-99 2.69492e-99 0.351332 5.92283e-206 5.45888e-107 3.77489e-109 2.49034e-41 4.49361e-203 2.04705e-46 1.1602e-106
7.70779e-108 0.319327 3.42316e-140 1.28861e-97 3.17153e-78 1.17168e-169 1.6848e-132 7.52264e-65 9.64464e-66 2.16311e-101 1.59397e-267 3.74752e-161 4.13911e-181 3.72845e-84 3.21542e-272 1.35989e-42 9.48518e-117
1.71959e-196 6.71062e-67 6.20166e-117 7.05159e-99 6.36498e-179 7.10671e-153 1.65968e-185 0.0979306 9.07612e-67 3.27188e-81 4.82385e-283 5.60553e-65 1.75854e-92 5.11924e-47 7.60935e-254 7.04508e-103 5.87843e-78
2.90852e-209 1.9698e-232 5.91521e-90 1.0085e-114 3.8569e-71 0.323178 4.66598e-218 8.62271e-31 1.39053e-251 5.40065e-90 1.51712e-236 6.63877e-75 1.22035e-166 3.28352e-64 2.27615e-276 1.53009e-77 2.74585e-105
2.06661e-121 0.0233016 2.04516e-177 0.202263 0.00101253 0.0528226 9.22609e-272 4.19387e-215 8.1931e-190 2.11712e-48 8.35983e-201 6.14046e-63 1.24583e-83 6.46107e-51 5.53515e-145 1.52933e-116 2.75149e-116
8.88375e-113 4.8136e-41 3.07318e-49 1.66742e-99 0.983509 1.30879e-31 3.43901e-250 4.53533e-142 1.86545e-79 7.44203e-31 4.08563e-37 1.13123e-155 7.58342e-88 5.55562e-85 0.503655 5.10799e-116 1.62049e-177
4.13859e-116 9.55705e-63 7.86682e-152 1.83088e-171 2.22025e-202 2.20194e-66 9.44451e-165 3.131e-86 4.1482e-220 6.43525e-106 5.45776e-145 7.7758e-137 3.33534e-214 0.0496301 1.23761e-279 1.93517e-74 7.38324e-104
1.73129e-62 1.61305e-76 1.2251e-118 6.25935e-173 0.0680267 1.34062e-75 7.81788e-296 0.0952924 2.77621e-251 6.70169e-62 4.39689e-194 2.67082e-86 1.09546e-144 1.87653 1.55361e-237 2.11068e-75 8.7328e-212
0.196404 1.13861e-68 0.798669 5.45044e-109 4.36332e-123 5.13653e-56 0.416064 4.55973e-215 0.311837 1.09057e-99 0.290117 3.54759e-117 0.506673 5.13384e-60 9.06661e-286 0.102718 0.307867
