12.6285 0.341591
1.00493e-320 6.42285e-323 6.21634e-271 3.95622e-68 7.90011e-321 5.51186e-204 1.19436e-05 2.70828e-34 1.15661e-320 2.83342e-319 6.16779e-224 1.49031e-75 6.50279e-263 2.8524e-211 1.3787 1.23007e-278 0.500088 0.712939 1.11629 1.31065e-211
4.46527e-144 1.03754e-322 1.70947e-321 4.46306e-307 4.55974e-62 2.84266e-164 3.4387e-321 1.85256e-297 8.52263e-321 1.37639e-316 3.08237e-221 2.3197e-198 4.47462e-170 0.365892 3.87347e-321 4.30842e-89 1.42127e-184 3.21309e-310 1.44474e-63 2.98324e-118
8.81907e-321 3.92716e-265 6.63141e-293 1.05236e-321 1.32933e-182 7.96329e-142 4.10373e-183 4.56796e-189 1.28142e-169 3.41004e-319 5.37915e-113 1.74729e-05 1.80486e-08 0.381458 5.22227e-321 2.87261e-237 8.02664e-292 3.10741e-63 3.61162e-321 1.30856e-295
3.36653e-131 3.09724e-22 2.19161e-95 1.50177e-36 2.76597e-110 5.29567e-06 2.687e-240 5.53017e-166 1.91888e-09 3.37288e-260 0.858502 0.0131281 3.92653e-267 1.03733e-27 3.52269e-321 4.54231e-184 1.51644e-282 1.74899e-321 2.80629e-321 1.81868e-274
0.00494321 0.000377275 0.00648611 0.000350331 0.0133577 1.08763e-05 0.0104022 0.049751 0.00675731 0.101195 2.55115e-245 2.47033e-323 3.45846e-323 2.51973e-322 5.92879e-323 6.91692e-323 4.19956e-322 4.94066e-323 4.44659e-323 4.94066e-323
0.00644826 4.49481e-06 0.000653958 0.00085979 0.00403731 0.000479215 0.00169554 0.0119218 0.0073436 0.327876 4.65052e-247 4.94066e-324 4.94066e-324 6.42285e-323 9.88131e-324 1.4822e-323 2.47033e-323 4.94066e-324 9.88131e-324 1.4822e-323
1.8027e-156 2.18946e-185 5.72117e-205 2.56351e-59 2.90688e-96 6.42763e-42 2.97964e-284 3.81792e-33 8.57204e-321 5.46656e-263 2.95026e-233 4.45717e-28 0.374989 7.67046e-185 3.60458e-289 6.92157e-110 2.78451e-67 4.10941e-89 2.21835e-321 2.4602e-224
4.61586e-136 8.39912e-323 1.80828e-321 8.99199e-322 8.58238e-206 1.58224e-08 3.47822e-321 5.74171e-25 1.8161e-96 2.1452e-193 5.57189e-58 0.0378961 1.49375e-125 1.26298e-135 3.26083e-321 0.659542 0.600497 4.18253e-64 8.80141e-199 0.52715
3.71814e-177 1.43568e-223 3.87753e-142 5.37525e-151 2.72589e-186 4.33111e-207 5.13214e-70 1.39856e-139 2.25994e-286 3.51943e-319 0.0598856 2.16045e-62 0.0103491 1.87851 3.23613e-321 3.76112e-134 3.64243e-64 1.23219e-99 1.20638e-247 1.1771e-141
2.81096e-194 5.55875e-254 4.41856e-75 5.028e-132 2.97603e-240 2.58245e-255 1.5747e-108 2.59174e-27 9.63504e-295 2.95273e-319 3.88911e-188 0.140038 1.7856e-169 1.0366e-109 2.14919e-321 1.48362e-280 2.15621e-296 3.537e-218 2.22824e-321 3.09287e-106
1.75758e-266 1.90764e-108 2.66188e-174 2.64404e-102 5.68622e-56 6.64531e-156 7.36473e-202 8.472e-231 7.65448e-197 2.5849e-319 2.86564e-177 4.96428e-86 2.99134e-173 4.192e-140 2.41598e-321 0.0556612 1.46329e-211 1.35773e-109 2.1146e-321 2.07508e-321
