5.12812 0.0357068
2.61611e-14 5.17813e-26 3.14062e-11 1.32058e-08 8.32973e-27 6.64658e-26 0.070589 9.18944e-32 1.70751e-22 2.98108e-19 1.60132e-35 4.75573e-14 1.17836e-32 3.49961e-24 9.81282e-10 0.15579 1.52483e-21 2.0336e-33 2.02852e-23 1.9098e-15 2.79069e-43 0.293278 2.70311e-15 1.94155e-47 5.05437e-17 3.2952e-11 2.0793e-33
2.55814e-27 1.96346e-41 8.62803e-17 3.38687e-13 1.90521e-27 8.81321e-23 3.01901e-37 4.09574e-40 7.6004e-19 7.41741e-37 2.39207e-35 1.09713e-47 4.28328e-39 2.16362e-11 0.00289188 0.144661 2.241e-29 5.48133e-06 1.65339e-12 0.00228146 1.40506e-33 1.52412e-11 1.92496e-43 4.17423e-19 1.82898e-07 1.56667e-10 2.43071e-36
1.39768e-08 6.71048e-05 1.3642e-19 0.0196371 1.85968e-05 4.70748e-29 1.67264e-22 1.59475e-26 4.00566e-20 1.25272e-12 3.12318e-11 2.01214e-17 8.42169e-12 8.81056e-16 5.8633e-13 0.146088 2.5358e-18 1.18191e-23 2.45872e-24 4.49259e-31 1.81874e-26 1.64093e-21 1.01714e-21 7.64657e-43 7.07904e-18 1.16056e-11 6.52958e-17
4.05424e-23 7.68516e-06 2.38464e-07 0.00130047 1.24737e-08 1.56293e-28 0.00198985 2.07454e-32 0.0471525 0.00691809 1.06704e-35 4.63339e-44 9.94176e-17 4.45484e-20 2.97802e-20 7.66152e-16 2.64358e-09 0.0102027 1.62329e-07 1.97043e-14 7.52041e-43 0.786765 3.92118e-14 1.19099e-30 3.34938e-13 1.50598e-32 3.05721e-33
0.0026178 1.31107e-06 1.17181e-16 5.96797e-18 0.0219494 0.0137876 8.27435e-17 0.0147653 1.08939e-12 3.87383e-13 2.22362e-26 2.6317e-30 1.63033e-09 1.53496e-28 9.46662e-19 0.0736327 2.79474e-23 1.08691e-37 1.86517e-12 2.19327e-34 6.46358e-47 3.06769e-11 2.30459e-39 1.00821e-51 0.000917822 8.04599e-31 1.26706e-38
0.000324638 9.11669e-25 2.22195e-13 3.84516e-09 1.07174e-25 2.818e-24 1.76724e-18 3.01799e-06 5.35742e-13 7.10007e-16 2.87696e-19 2.13955e-05 1.35163e-11 0.0124128 1.29606e-22 0.129041 5.55216e-31 9.61344e-17 2.56205e-08 1.06164e-26 3.5745e-29 2.23701e-18 3.68706e-30 2.71081e-32 3.84979e-23 5.09101e-19 2.52713e-21
4.09235e-10 0.000142806 7.38223e-16 7.27118e-13 5.52479e-31 0.0889228 2.86554e-25 2.25965e-12 1.82239e-20 9.75481e-09 0.0757329 1.12951e-15 1.20175e-22 2.41836e-31 5.27006e-20 8.8143e-25 1.4684e-22 1.32625e-14 0.000553551 2.19643e-13 2.34503e-30 1.63042e-08 4.97117e-21 5.25425e-49 1.1917 0.0986677 5.01522e-25
3.7143e-22 7.80072e-06 2.00439e-13 7.62684e-35 7.21582e-39 1.38725e-08 6.94779e-17 4.88498e-18 7.64044e-05 4.60735e-06 1.25744e-40 1.94452e-14 8.28088e-35 1.54777e-11 0.106879 7.30968e-18 2.15638e-33 5.62762e-18 0.00405426 5.78991e-34 5.77511e-29 0.170838 2.66684e-21 1.85762e-30 6.88523e-09 1.15843e-30 2.83116e-31
5.86129e-05 3.74978e-16 1.13348e-15 1.14717e-40 3.11821e-32 7.38017e-29 1.78102e-12 1.80838e-24 2.02071e-19 7.01206e-24 5.37077e-07 9.28636e-60 0.0674133 8.91447e-30 0.0799215 3.00026e-10 0.124363 0.0478612 6.41855e-14 8.12829e-25 0.0302344 1.02759e-32 1.78405e-21 4.11199e-25 3.34659e-21 2.54576e-05 3.87363e-13
5.92317e-23 8.08577e-24 0.0597717 3.44008e-15 4.6562e-38 1.17395e-23 5.78774e-15 5.20908e-19 6.65932e-18 6.28911e-17 1.00972e-25 1.04656e-37 1.69194e-12 0.247345 7.15225e-11 2.15699e-14 1.18506e-09 1.39941e-33 4.76267e-08 0.0361079 2.38733e-44 3.31981e-23 2.34989e-09 3.38045e-49 0.00585387 4.01306e-35 8.75329e-30
0.00581138 0.0336037 0.000121101 6.81273e-07 1.13269e-06 4.98384e-16 0.0677361 4.72289e-10 1.84143e-08 2.40532e-14 0.000749682 0.0516411 0.00160445 3.08366e-17 2.41277e-14 9.91488e-09 8.90555e-24 2.15519e-38 7.45721e-25 1.85276e-33 9.44676e-41 3.96689e-27 2.71985e-52 6.89194e-45 3.78216e-19 3.20716e-17 4.65551e-27
6.67109e-29 2.90826e-16 1.11233e-06 9.81893e-41 3.29703e-55 3.93643e-06 4.4135e-14 2.06624e-15 4.85202e-14 2.8717e-16 1.59817e-41 6.85808e-57 3.95697e-21 3.49837e-30 1.8803e-20 4.26418e-26 2.65022e-30 1.12971e-37 1.02423e-18 1.38482e-38 1.3685e-34 2.38457e-15 0.0744396 0.0319887 3.11401e-12 6.8708e-26 0.0502675
