2.32755e-36 3.24767e-38 4.14426e-37 5.07056e-72 5.39151e-31 1.23856e-48 3.38158e-52 8.15856e-25 1.39344e-15 1.81761e-26 6.09825e-26 1.24431e-44 3.80882e-31 7.29479e-67 3.2005e-143 4.94315e-61 4.82302e-72 1.99428e-104 1.65182e-47 2.54293e-131 0.135557 4.01425e-35 1.3736e-70 1.89639e-97 6.00127e-60 2.62714e-49 4.96835e-76
5.20616e-71 1.79278e-150 7.57185e-24 2.23935e-29 2.49421e-166 2.01316e-107 4.83446e-43 1.86056e-129 8.89977e-151 0.00241884 5.28251e-135 3.80809e-58 5.05957e-06 1.45401e-52 0.13447 0.0919794 8.38707e-91 4.41743e-40 1.77356e-87 0.130694 0.0100508 0.241095 0.194199 1.12065e-95 3.40503e-114 0.164823 3.39104e-81
2.60524e-154 1.48855e-31 2.60456e-51 1.11875e-130 1.28122e-139 1.6513e-136 3.47307e-107 0.0802054 4.65445e-109 5.81044e-130 1.3986e-31 2.36747e-13 1.52512e-171 1.2174e-57 2.3908e-17 2.12904e-35 0.257629 2.82968e-08 4.81299e-37 1.16769e-70 0.262365 2.79394e-50 1.36343e-31 0.608279 0.231996 1.34e-57 4.70171e-63
4.11585e-61 6.12462e-73 1.10972e-48 3.15703e-108 2.56234e-38 1.63081e-13 0.000132244 2.7122e-91 0.00124844 3.77998e-08 3.1358e-26 1.74716e-13 5.52961e-140 1.12037e-64 6.56609e-138 6.17374e-93 4.2407e-55 4.73619e-64 3.0885e-80 2.14074e-174 2.90752e-53 6.57572e-50 5.77886e-69 8.36108e-61 1.79175e-11 4.59279e-60 0.284953
5.3701e-119 3.64921e-12 8.6628e-62 2.2146e-107 2.96532e-129 1.72163e-132 2.35851e-108 2.02655e-105 0.000670529 2.67078e-62 3.35565e-94 1.5396e-16 4.30707e-125 3.19188e-62 8.66021e-101 2.87494e-57 1.05401e-54 5.31623 0.101526 2.49114e-71 0.0714506 8.71315e-39 4.40012e-31 3.48784e-105 6.95326e-127 2.66335e-58 1.70782e-44
2.45707e-52 1.5059e-54 1.62368e-14 2.75324e-56 3.1711e-44 1.07193e-33 3.88548e-86 5.429e-48 2.13674e-73 2.7362e-21 5.40721e-08 6.32955e-31 2.19357e-71 2.98168e-45 1.42618e-136 5.23742e-40 6.12516e-71 5.89636e-96 1.63062e-87 3.79822e-86 2.1275e-41 0.339598 6.54622e-38 3.80978e-62 9.08406e-38 3.688e-53 5.464e-43
1.02702e-12 4.1568e-34 1.71882e-34 5.63209e-54 1.64145e-62 3.08779e-26 4.73969e-61 1.85257e-39 7.42418e-29 2.44994e-40 5.20407e-30 1.02337e-12 1.07814e-28 3.23456e-20 6.37926e-92 3.80984e-69 8.70522e-84 1.46148e-40 1.29041e-74 8.67917e-127 0.0630834 0.133362 3.23105e-45 1.30823e-96 7.20858e-91 4.27272e-90 5.31597e-65
1.30318e-90 1.69169e-89 6.23241e-05 1.82355e-102 7.195e-77 1.09759e-62 3.29425e-18 4.03968e-19 8.10749e-86 4.59792e-30 5.27891e-55 2.52439e-30 3.49344e-18 0.393922 2.99416e-153 9.66565e-92 1.73269e-53 9.11345e-71 3.72443e-55 5.14393e-147 1.0736e-32 8.51395e-15 8.86463e-64 2.05746e-100 1.52839e-58 5.16463e-52 2.10243e-58
7.75845e-88 2.14776e-91 2.25153e-28 1.0001e-13 1.2344e-15 1.22108e-32 1.65806e-110 7.42689e-67 1.17961e-78 8.56204e-78 8.59788e-08 6.23647e-77 1.65851e-63 2.11894e-59 4.12808e-86 2.62627e-74 2.58625e-48 3.55501e-48 5.35112e-83 1.02604e-67 2.71138e-21 4.4684e-25 6.02711e-51 1.59227e-104 0.0476325 3.74106e-84 5.80626e-35
7.64052e-51 6.51331e-80 4.70276e-90 2.5499e-90 0.00147815 5.85343e-112 7.60629e-53 2.6625e-95 1.56715e-41 1.80533e-105 2.39716e-70 3.43049e-47 5.70354e-75 0.0822587 8.27707e-111 2.45708e-105 5.28298e-26 1.24124e-15 0.000127093 2.03733e-109 3.327e-49 0.0448293 2.39127e-29 2.81834e-61 8.41958e-75 1.30123e-45 0.0261526
2.22035e-31 9.85102e-20 2.01816e-46 7.23893e-56 5.56997e-07 1.12364e-28 4.85814e-36 8.96866e-38 4.24444e-65 4.52058e-67 1.1937e-08 3.39361e-06 5.99225e-59 4.31039e-67 2.31384e-92 4.87296e-69 3.05399e-62 4.8184e-102 3.86606e-85 1.02164e-178 0.293639 3.50642e-37 8.94026e-33 2.19245e-69 1.01136e-120 3.49341e-44 1.56395e-72
9.43631e-05 0.000315218 0.000269065 0.000344084 0.000137781 0.000746947 0.000457311 0.00105529 0.00027966 0.000743351 0.000897561 0.000449969 0.00307557 2.40676e-87 5.05494e-177 4.96918e-119 1.1254e-108 1.14984e-108 8.49533e-104 1.21641e-181 2.88831e-64 1.84713e-52 2.60819e-91 6.30404e-124 4.27855e-130 4.33392e-93 1.2117e-85
