1.63577 0.240384
6.68076e-131 6.0553e-121 5.28867e-13 9.97415e-78 1.51136e-50 1.14593e-109 5.09797e-41 3.59831e-204 7.21398e-220 1.02331e-252 4.72729e-184 1.03309e-148 2.92242e-161 1.11983e-32 0.112547 6.52205e-12 4.80543e-17 1.71501e-246 2.01001e-101 1.66114e-37 7.14168e-108 3.83419e-256 3.24268e-238 1.33034e-175 8.9609e-122 4.25701e-42 4.95435e-171
1.89674e-146 0.00199492 1.66157e-271 0.00275224 6.03458e-81 1.39654e-98 1.72923e-322 8.87505e-238 1.90141e-253 7.06726e-231 1.08893e-148 8.38429e-321 8.49112e-114 0.399415 1.24032e-213 3.60091e-170 0.517436 1.00173e-289 0.460155 1.44532e-39 7.19391e-67 2.52262e-141 1.13431e-226 1.69436e-45 3.81072e-198 0.612645 5.59147e-97
2.73403e-11 1.02858e-15 1.06793e-44 1.07392e-26 5.19028e-24 0.0359589 4.99586e-50 0.00139466 0.061311 1.5581e-79 9.9302e-37 2.99557e-06 5.76173e-39 8.81268e-170 2.51988e-171 1.393e-208 1.4251e-136 6.03043e-280 7.52621e-201 9.33888e-147 6.96341e-298 1.08622e-283 2.71489e-202 7.17711e-173 2.67428e-164 4.35303e-305 6.49654e-212
9.14026e-219 1.33746e-192 5.20148e-171 4.81356e-282 1.70266e-180 1.04699e-217 1.92686e-322 3.87221e-53 1.17551e-63 2.17818e-306 6.31324e-169 8.69556e-321 1.835e-220 0.0219566 0.114342 1.17138e-105 8.74748e-17 1.21133e-242 2.21137e-43 4.03171e-174 0.447093 8.11232e-92 0.108592 2.82416e-29 1.52872e-79 1.47329e-217 3.92881e-23
3.19519e-183 1.83766e-108 2.72812e-310 2.92965e-185 1.3006e-136 1.51207e-106 1.58101e-322 1.37326e-138 1.19406e-247 1.53903e-91 4.16136e-243 4.17705e-121 2.18599e-239 1.44517e-120 3.12891e-164 3.79367e-92 3.54963e-110 3.27932e-68 9.31931e-79 0.234974 1.0106e-318 0.126969 1.13224e-54 0.216647 1.36386e-115 1.20071e-262 0.490314
6.64489e-105 5.83673e-99 3.4825e-63 9.07015e-121 1.84599e-104 2.24889e-109 7.01144e-27 1.40448e-248 1.27977e-83 4.78498e-182 8.84306e-174 1.1007e-54 3.39847e-145 1.20285e-61 9.77001e-24 1.15982e-111 2.89572e-44 0.241726 1.32243e-139 5.10789e-108 1.07114e-190 1.50826e-83 7.42493e-105 3.2306e-126 0.139339 1.03074e-297 3.05489e-132
1.11471e-119 1.02397e-58 3.57093e-79 1.69014e-52 4.21321e-41 2.48438e-108 4.80767e-106 5.94116e-143 8.26993e-105 5.16363e-36 5.11965e-200 5.50706e-265 7.39747e-147 2.71226e-128 1.76946e-05 1.38454e-27 1.02121e-149 4.81071e-85 1.44093e-61 3.64609e-97 2.53469e-233 3.41019e-225 1.0674e-152 1.60532e-196 0.0761575 1.69685e-276 1.31119e-110
1.18404e-124 4.30637e-51 7.74502e-13 8.45262e-194 5.48685e-71 5.24261e-183 4.47599e-62 9.63186e-196 1.28181e-136 3.42767e-261 2.76296e-210 1.10652e-122 4.79489e-151 6.16608e-31 5.02921e-216 0.091328 3.94449e-30 3.56151e-238 1.83692e-107 0.487636 8.11604e-277 1.7805e-209 5.3964e-183 3.43801e-72 2.21867e-87 1.76799e-112 1.64008
7.90487e-146 2.22785e-164 6.94103e-197 2.99159e-192 0.122635 2.8177e-25 3.68251e-151 1.92579e-234 2.5886e-192 5.1691e-12 1.09996e-181 3.22139e-124 1.26238e-33 5.46477e-89 6.28773e-195 7.90643e-213 0.119544 3.12099e-109 7.0811e-241 1.16804e-06 1.46737e-321 1.6425e-78 2.34403e-157 1.23952e-117 2.72033e-28 1.1606e-253 1.43532e-29
0.00844588 0.00955977 0.00396797 0.00146626 5.59821e-10 2.72732e-10 0.00108399 0.00839421 1.21003e-06 0.00811784 1.27794e-06 0.0569182 0.0322114 1.79278e-188 3.57133e-239 6.45698e-221 4.95222e-165 1.69743e-288 4.01052e-253 1.46536e-178 5.43472e-323 4.46315e-303 2.16146e-237 4.74759e-207 3.65995e-208 2.90712e-307 1.58362e-202
0.069444 2.18221e-141 6.17582e-322 3.04605e-156 4.47684e-137 7.03292e-60 1.67982e-322 1.71086e-216 1.22914e-90 5.525e-214 8.70178e-227 5.91164e-319 3.33777e-78 6.96917e-176 4.10044e-219 6.89851e-42 2.82133e-163 1.24732e-83 4.5056e-140 2.43246e-164 3.1213e-235 1.81195e-22 4.93539e-177 4.62817e-05 0.32618 6.15571e-179 0.162783
5.96174e-72 2.8313e-81 5.85817e-193 1.58835e-30 1.8521e-145 1.11713e-85 1.5316e-322 1.65942e-05 7.88248e-42 6.63748e-192 0.232293 7.67806e-173 1.31215e-58 2.71567e-79 0.436095 2.21582e-117 3.95277e-14 7.20117e-192 3.21712e-101 5.53813e-125 2.89832e-268 1.25488e-185 4.19865e-21 2.85074e-76 3.39963e-190 6.35965e-252 0.108547
