19.3218 0.108829
3.67875e-115 1.05199e-17 1.13851e-177 7.76888e-308 8.0901e-241 1.45749e-321 1.88423e-259 3.30224e-82 0.131442 0.240243 8.3659e-93 0.421598 1.47901e-10 5.0138e-76 0.000639987 0.000384613 0.87232 0.418755 1.25581 0.270653 4.75762 0.189191 0.438972 0.386493 0.747393 8.96121e-61
0.135307 0.00614941 0.00539953 9.06917e-05 5.64103e-05 0.000540551 0.000104532 0.000157434 1.25703e-179 1.53641e-234 1.85929e-95 2.89233e-152 1.01222e-56 2.15952e-165 7.12488e-120 4.55133e-61 4.97963e-211 2.49398e-153 6.50203e-285 1.33674e-197 6.91692e-323 1.54339e-237 4.08779e-314 1.49583e-165 4.83178e-71 3.5632e-207
8.61897e-69 8.11375e-52 1.11933e-55 2.85067e-109 1.58909e-60 6.83346e-50 1.46713e-16 1.64376e-131 1.46619e-116 9.9848e-121 1.1715e-94 2.91863e-51 3.35029e-53 6.49974e-159 7.40459e-118 0.121495 3.5184e-172 9.38383e-80 5.42544e-266 6.5401e-123 4.63824e-258 5.19241e-162 1.35394e-257 1.94456e-45 0.0878857 3.74913e-129
0.200726 0.0166959 0.0201523 1.4505e-07 0.000370319 1.08145e-05 0.000227711 3.5837e-08 2.91804e-179 9.05332e-235 6.3093e-96 1.08308e-148 2.86339e-55 8.00576e-163 4.7286e-118 4.80666e-57 8.92247e-208 4.08602e-153 4.73427e-280 6.09178e-197 3.35965e-322 8.24513e-236 1.22995e-313 1.4079e-162 2.63897e-70 3.48159e-204
4.43483e-105 3.34658e-29 8.0428e-88 1.7941e-52 3.78941e-164 9.17069e-85 1.3559e-127 1.37736e-121 2.69457e-39 1.25967e-89 4.16917e-57 1.45589e-43 4.94843e-54 0.267317 0.11491 1.26428e-15 8.15722e-95 4.04791e-22 8.45654e-159 3.00146e-118 1.02093e-305 7.3693e-128 6.41058e-126 5.76648e-135 0.000776948 0.0931729
0.0362654 0.00126212 0.00328498 0.000255606 0.000767229 0.000205339 7.72861e-05 5.49753e-05 9.02554e-181 4.58045e-236 5.21434e-97 1.74829e-153 8.47088e-57 9.57006e-167 1.29468e-120 1.61381e-61 3.68614e-211 3.68619e-154 3.26227e-285 1.76666e-198 0 1.32717e-237 9.71319e-316 1.75207e-166 1.25899e-71 2.43378e-208
5.41061e-66 3.52531e-124 9.7335e-61 2.97285e-141 2.87775e-80 1.11518e-45 8.11308e-101 3.08066e-55 1.58014e-100 4.22728e-166 2.46446e-65 8.65104e-120 3.19776e-23 2.51894e-156 4.02384e-93 5.47518e-23 8.31284e-188 2.28473e-144 3.63111e-175 6.98066e-105 1.34801e-278 8.43219e-148 1.93794e-287 1.80595e-113 0.0887211 4.46707e-171
4.68831e-60 6.6834e-71 1.60349e-51 1.9275e-79 7.08015e-76 2.76072e-94 1.54383e-107 1.18638e-95 1.05524e-102 1.76253e-166 0.127019 8.4067e-98 0.0611856 2.72745e-125 3.22824e-94 9.68094e-59 4.04253e-170 2.79361e-141 1.73793e-246 1.31009e-140 9.56981e-254 9.19783e-153 1.61061e-247 1.91566e-127 1.8113e-36 3.80362e-157
0.0979716 0.00048221 0.00183393 0.000218058 0.00210175 7.01361e-05 9.07617e-05 0.000273089 8.93525e-180 7.55563e-235 9.9979e-97 6.02241e-153 5.19793e-57 1.88614e-165 5.59438e-121 2.42945e-60 2.4034e-210 8.25743e-154 2.78225e-284 1.82649e-198 6.91692e-323 3.88171e-237 8.50691e-315 1.03589e-165 1.53808e-70 1.5378e-207
3.22786e-36 8.77035e-27 2.18736e-08 2.47639e-22 2.74119e-38 6.22938e-41 1.2951e-45 1.68175e-81 2.14248e-133 4.77479e-207 1.69346e-80 7.12657e-131 0.133193 9.4021e-139 5.65604e-89 9.69939e-14 4.84393e-208 2.75152e-116 5.66953e-191 1.87062e-176 1.10374e-320 6.54869e-193 2.48938e-278 8.25692e-121 7.05416e-40 2.61479e-111
0.474809 1.70674e-06 3.7028e-06 5.01064e-07 3.33822e-05 4.20253e-08 7.92665e-07 2.83042e-05 3.22638e-174 1.31159e-231 1.60106e-90 3.6512e-150 6.44204e-53 1.07624e-162 8.81953e-116 1.98856e-58 1.35379e-206 1.11769e-148 1.14476e-280 1.81027e-197 4.05134e-322 1.17908e-233 6.16774e-314 1.9311e-162 2.33737e-65 3.77456e-203
