3.81634e-37 4.79554e-05 7.16044e-33 1.73683e-102 3.52988e-67 1.95656e-159 7.80314e-96 7.48759e-70 2.36062e-157 1.3911e-92 5.85691e-95 0.193558 1.73189e-42 8.70213e-92 1.2697e-125 0.0857019 9.25615e-84 1.00455e-68 1.44765e-86 1.43269e-65 3.88755e-38 5.61182e-174 5.81767e-92 1.7553e-45 4.95733e-67 1.16986e-81
4.12939e-101 5.09809e-105 9.10995e-124 3.92921e-101 6.45493e-158 1.27178e-94 3.658e-100 2.46166e-67 1.45297e-87 0.162683 2.9612e-111 1.04207e-36 5.79136e-148 1.19781e-30 1.06799e-67 0.120498 0.247217 2.04412e-06 7.56262e-85 2.04228e-07 1.07802e-115 4.98492e-128 0.0646554 1.42124e-38 7.61686e-126 6.90203e-183
0.00149904 1.01627e-06 3.68912e-14 0.00587575 0.011176 0.00110162 9.85683e-11 0.071939 4.58978e-191 9.27842e-186 1.04245e-161 3.99823e-130 1.12046e-176 4.48782e-137 5.10742e-143 4.70352e-128 2.6859e-142 2.80353e-91 3.19915e-102 5.15604e-95 3.3261e-106 5.80314e-190 8.45089e-97 1.30608e-112 1.16725e-184 1.35482e-214
1.14601e-70 0.0641118 2.12014e-41 2.06984e-29 1.05774e-09 4.59032e-141 6.44979e-50 7.33882e-12 1.64795e-81 6.17606e-83 2.40288e-147 2.84893e-57 2.0342e-56 0.0702187 1.22541e-65 3.08327e-80 2.41472e-36 4.10346e-51 2.85594e-104 1.29738e-101 2.69637e-30 9.54229e-123 1.1527e-103 1.57719e-74 6.24749e-143 6.45765e-136
2.70567e-92 2.62144e-19 2.1985e-16 2.72988e-82 1.48869e-50 0.0113771 1.10284e-48 2.37011e-59 2.11671e-169 5.57947e-107 9.9483e-107 3.19103e-59 7.14405e-137 4.6918e-80 4.61989e-67 1.65291e-129 1.9265e-46 1.12814e-98 1.16211e-80 0.134486 0.0698787 1.81061e-193 7.14362e-89 9.03459e-53 6.66224e-136 2.08392e-186
8.25313e-173 2.93297e-111 6.52127e-169 9.12296e-11 4.85865e-120 4.11708e-15 1.94841e-28 7.5777e-28 1.87496e-48 2.06593e-19 3.98531e-51 0.284527 1.58299e-150 5.10549e-23 1.80639e-65 2.3735e-31 2.99768e-51 2.67448e-85 2.02168e-50 2.46958e-25 0.272011 0.34008 1.62116e-52 0.218947 4.26548e-144 2.90919e-183
1.06248e-169 7.18546e-97 2.06842e-64 1.18684e-39 4.34566e-163 8.02082e-174 5.53281e-61 6.99059e-17 3.51829e-68 2.16416e-51 2.04233e-33 1.53538e-112 2.72914e-143 7.6922e-13 1.98518e-36 1.53113 1.53004e-142 8.27543e-44 5.52322e-18 1.24593e-34 9.63021e-30 1.33845e-58 2.66054e-95 1.89931e-86 1.37334e-65 2.88024e-105
4.2468e-74 5.53709e-57 1.57507e-117 1.65829e-67 2.72037e-151 1.23666e-140 4.53085e-45 4.08858e-19 2.58671e-59 4.06089e-105 6.24891e-160 7.90647e-79 1.99966e-105 0.142252 1.26906e-141 2.07577e-119 4.23411e-25 0.0435325 1.00391e-57 4.6478e-67 4.63616e-82 1.05038e-149 1.69788e-35 3.60143e-24 3.74476e-77 4.45731e-210
0.000176162 5.33859e-143 7.484e-40 1.19522e-159 1.89447e-206 4.66436e-176 6.31246e-129 1.22594e-101 0.234058 3.82606e-154 0.0857975 5.6862e-82 0.422229 4.83564e-100 0.569003 1.40615 5.93902e-73 7.35099e-23 0.347196 3.00804e-47 1.52994e-74 5.23452e-129 8.94089e-13 4.94831e-10 3.20376e-118 0.303745
3.76266e-127 9.46399e-116 8.10496e-55 2.29816e-111 9.77705e-104 1.37137e-77 3.65723e-16 1.52522e-20 2.06745e-112 5.54366e-21 1.75168e-06 6.062e-16 2.35403e-38 0.0815392 8.36192e-137 8.05393e-74 1.04174e-36 2.42556e-28 7.47514e-58 3.85525e-99 1.8217e-107 2.92079e-100 1.70554e-72 1.01363e-47 0.303966 1.48847e-210
0.0125126 0.00046135 0.0689906 1.09245e-16 0.000202482 0.00711854 0.0233252 2.76225e-07 2.55055e-191 2.65097e-185 1.96898e-174 2.5611e-118 5.91769e-176 3.78497e-129 9.62245e-139 6.24228e-115 2.36845e-150 4.56163e-87 1.1201e-100 9.03608e-102 1.60911e-104 5.13428e-174 6.14465e-93 1.15952e-108 9.22831e-171 5.4492e-201
