0.0194116 0.0231657 6.57102e-16 1.00936e-06 0.019241 0.00335079 0.00334295 7.5189e-12 0.0155375 0.00451548 9.88131e-323 2.82402e-283 7.44832e-185 4.80318e-123 3.23554e-125 1.05496e-182 7.24984e-192 3.35965e-322 7.54282e-150 6.87545e-183 3.04163e-155
1.1672e-27 5.63131e-39 1.22545e-127 2.54514e-60 2.04657e-88 3.88616e-112 7.29535e-13 3.73909e-150 3.2599e-57 5.05976e-53 1.22187e-190 1.75794e-147 8.22255e-33 1.5732 2.9754e-129 9.03846e-15 5.31547e-112 6.90595e-140 2.03325e-146 6.925e-105 4.21164e-134
4.10075e-77 6.2245e-23 5.39863e-07 2.50417e-16 1.31822e-35 2.22019e-81 1.28101e-11 0.00970051 1.16258e-20 2.04597e-17 4.32507e-151 3.32444e-131 3.02709e-86 0.257059 2.3427e-36 6.06499e-190 1.65835e-177 6.81474e-255 6.1433e-134 1.92847e-92 2.04356e-41
1.51762e-154 5.60528e-83 6.72068e-86 7.45069e-26 2.05081e-42 1.68215e-54 2.2577e-157 3.10439e-117 4.68605e-64 1.97913e-188 1.17094e-321 3.09995e-292 1.12204e-19 7.3411e-76 4.15287e-110 5.38167e-194 3.50463e-114 4.31813e-321 0.121647 8.57704e-32 3.9216e-35
2.66785e-118 4.8202e-70 1.9917e-35 9.69279e-146 1.39357e-269 7.62499e-67 0.000273522 6.00044e-224 1.41358e-100 5.41718e-136 1.82302e-207 9.52565e-250 0.15961 5.33709e-96 3.05748e-103 6.8835e-61 0.0267974 3.15755e-175 1.08224e-105 8.65374e-165 1.15912e-41
3.20456e-187 3.34609e-94 3.73534e-164 1.07304e-86 5.59011e-150 1.70219e-136 4.82949e-36 2.71812e-153 6.63488e-76 8.47127e-74 6.8094e-167 3.20935e-83 1.15272e-137 1.8306e-16 7.97331e-121 1.53451e-42 5.12828e-101 5.62251e-287 5.21836e-105 0.204071 0.0825389
6.09026e-40 2.84411e-195 4.21133e-170 2.49818e-90 1.64837e-104 1.5529e-47 4.13524e-89 0.216678 1.32691e-99 7.53833e-07 2.54359e-167 4.59342e-105 1.39157e-54 4.73945e-41 6.88288e-38 6.26893e-09 7.17875e-76 4.65489e-267 1.5851e-131 0.25509 1.84592e-66
4.21303e-101 1.95374e-129 0.19157 0.325991 5.69546e-12 4.37489e-94 3.4525e-60 5.97158e-69 3.48493e-37 3.16895e-96 3.35919e-195 2.38531e-167 1.2564e-70 1.12831 2.87928e-87 1.47231e-77 1.01441e-210 2.33494e-318 2.83231e-111 1.45024e-98 1.19661e-50
5.54363e-237 1.27622e-175 1.16964e-162 1.78802e-177 3.89091e-256 1.18968e-182 1.10417e-122 1.78614e-223 1.18351e-81 9.21534e-93 2.13258e-109 1.28836e-103 4.1295e-78 2.42724e-18 5.90765e-34 5.01963e-91 1.37693e-123 1.47859e-192 2.28009e-20 2.27783e-80 0.054197
7.62502e-177 1.61705e-83 1.14521e-115 1.3747e-99 6.6624e-153 5.72696e-75 2.78419e-60 3.33817e-183 1.92185e-103 2.75116e-80 1.58608e-149 7.49975e-200 2.48242e-165 6.1071e-93 1.99566e-90 5.06535e-38 0.181957 1.08568e-297 1.40476e-103 2.16374e-118 0.0815169
1.08551e-229 1.1634e-258 1.08921e-214 9.15551e-205 6.79185e-227 2.29622e-34 5.52361e-173 1.30662e-265 1.23674e-49 4.30208e-162 6.93105e-231 2.85614e-297 1.00628e-147 1.75843e-118 0.0455385 3.10793e-88 2.73314e-61 1.58499e-277 1.86936e-60 1.88607e-175 5.30546e-36
3.07176e-249 2.16645e-52 3.07308e-183 1.65905e-157 2.17894e-43 1.25699e-33 7.7076e-239 4.59838e-181 2.12748e-79 5.36981e-290 8.88994e-91 2.58363e-261 0.11893 3.35145e-21 0.536594 8.71213e-168 6.92387e-114 1.46446 4.93297e-129 6.64346e-87 5.11291e-125
9.72647e-180 5.75599e-19 5.11915e-81 1.81057e-16 3.22509e-14 9.99262e-116 2.75915e-120 1.07721e-300 4.01464e-100 1.446e-33 0.335784 0.190189 4.25211e-129 1.7547e-108 3.63935e-94 0.143066 1.05086e-166 1.81737e-66 1.17095e-66 7.77942e-134 0.00902523
4.17044e-94 1.89183e-67 3.00722e-24 2.6045e-21 2.65695e-56 0.000125512 3.37989e-79 2.84603e-47 5.95813e-16 3.19903e-97 8.24454e-305 2.74892e-170 2.29448e-145 0.325448 3.35428e-75 1.34277e-133 2.6252e-190 5.64808e-305 1.21042e-107 4.01443e-197 1.68714e-50
2.64189e-82 1.10651e-148 5.47414e-145 8.59779e-142 1.2001e-39 1.85822e-50 3.98858e-28 2.6695e-43 1.60588e-22 1.61075e-89 2.0151e-319 3.68271e-171 4.34522e-06 0.434229 7.58012e-68 3.7596e-63 2.50036e-97 3.56221e-321 2.82419e-66 2.95271e-140 1.71057e-98
