3.33836e-11 5.9304e-64 1.6303e-37 8.41041e-62 1.3515e-91 2.11467e-116 1.01952e-141 1.95456e-88 0.258634 2.70813e-68 1.96443e-63 6.68359e-78 1.99481e-25 2.06705e-16 1.56418e-82 3.81982e-106 4.29606e-46 6.35017e-93 9.02811e-133 5.8057e-85 2.25918e-25 2.01915e-153 4.78297e-18 1.88141e-93 4.59265e-77 4.69568e-112 4.14211e-160 8.12356e-64 6.27546e-124
3.65394e-109 3.52936e-63 3.56259e-96 4.04897e-37 1.96881e-30 6.57003e-89 2.92505e-129 0.112433 3.19331e-55 1.57637e-05 1.35915e-54 0.045472 1.23536e-72 1.89327e-65 0.000168607 0.0462934 2.41161e-32 0.0590126 2.03827e-51 3.25609e-44 2.22598e-61 6.88998e-41 8.52161e-46 5.77981e-137 4.76425e-84 0.396371 1.46285e-22 1.79135 7.87685e-121
2.26612e-86 4.30349e-75 7.18893e-40 7.1068e-14 1.39805e-23 4.10175e-149 1.51292e-143 2.65779e-121 3.32231e-67 2.11609e-79 5.12509e-44 3.24212e-08 3.25775e-11 2.58707e-16 2.65074e-103 5.25734e-42 7.03685e-28 2.04055e-15 7.05681e-131 1.95276e-12 7.83807e-72 3.45704e-61 5.32733e-60 1.24443e-89 2.7031e-26 5.91149e-87 2.50179e-54 0.0399636 4.86703e-92
2.92795e-14 8.418e-27 2.5843e-18 3.7288e-73 1.14009e-35 2.94549e-55 5.70136e-112 4.17926e-104 3.93308e-13 1.27563e-40 5.2707e-111 3.48287e-38 4.21893e-48 1.20025e-45 3.34382e-43 9.24859e-65 9.21558e-57 5.1618e-61 3.66943e-148 9.60898e-42 4.52585e-91 6.69433e-101 0.0315919 2.52861e-74 4.5504e-45 4.38539e-40 7.52511e-58 4.70318e-56 1.57198e-171
0.0231569 0.0830246 4.25547e-21 1.88288e-08 3.72305e-74 6.56665e-152 5.37424e-143 3.74284e-97 1.63478e-50 3.54633e-95 4.80239e-124 1.08465e-94 1.09372e-61 4.1029e-91 3.39675e-126 1.52942e-107 2.26247e-109 3.24558e-109 1.61493e-139 6.81105e-76 2.32506e-88 4.95402e-121 1.04675e-78 9.85609e-114 1.67365e-102 1.44966e-118 3.55318e-148 1.04752e-54 1.72419e-149
1.28316e-32 1.65973e-91 4.0979e-80 9.60452e-50 2.86487e-61 0.193996 4.04652e-135 1.48411e-60 8.25816e-71 8.3166e-20 2.019e-108 2.18617e-119 1.36616e-22 1.03614e-13 3.21153e-38 7.23216e-55 1.20862e-37 0.377576 1.90993e-116 6.34662e-10 1.34947e-82 0.0846319 3.08492e-09 0.138174 3.73329e-58 8.55134e-11 9.11653e-107 1.16647e-11 0.340179
1.65393e-143 4.56456e-73 2.812e-96 0.246807 6.13353e-14 3.53746e-64 8.44537e-48 2.6737e-53 1.59828e-40 9.95018e-95 2.69933e-42 1.22486e-95 4.05022e-44 0.00139914 1.30815e-95 6.73732e-106 1.40378e-71 4.38281e-93 9.33202e-25 1.02993e-94 1.13787e-56 1.64281e-102 9.61219e-72 7.23601e-88 1.084e-33 4.21961e-47 2.12106e-132 2.51714e-28 5.55946e-158
1.21414e-119 1.33985e-20 2.43542e-104 4.38814e-109 0.0147657 1.87481e-63 3.45215e-44 1.02171e-71 7.83419e-72 1.21682e-70 1.13039e-23 5.13891e-75 1.59687e-51 7.9258e-59 2.3289e-77 2.30415e-106 0.0469588 1.94682e-119 0.151641 5.37287e-05 0.0504175 3.48596e-35 2.76694e-67 5.05013e-58 0.0134725 6.33492e-36 5.31643e-98 0.638463 4.04184e-107
1.0433e-27 3.30839e-62 0.104897 1.51173e-74 5.05005e-17 1.80301e-44 2.91695e-84 6.11513e-80 0.0805239 6.93977e-23 2.99436e-62 8.2632e-38 1.34234e-74 3.23526e-61 2.60741e-121 4.80691e-26 4.82482e-29 2.73187e-58 2.01524e-127 0.172213 2.15021e-20 1.21884e-132 0.816247 1.3894e-64 6.48504e-77 2.56701e-29 2.19044e-61 3.75176e-08 4.8748e-159
8.6811e-16 2.12867e-64 6.74952e-120 1.26275e-120 0.211299 2.00152e-91 1.44735e-75 7.2554e-68 0.000903633 0.468301 0.0616864 1.78752e-54 0.249344 3.94088e-06 0.820631 5.21589e-16 7.0607e-74 5.8639e-124 5.3205e-123 9.98547e-76 9.60815e-64 7.55056e-113 4.49982e-59 3.45526e-38 4.70389e-63 2.64601e-78 0.0825034 0.059791 5.61166e-157
1.61029e-122 6.41832e-30 2.58049e-47 3.23282e-124 0.000638322 3.61745e-05 0.0357553 0.00394657 5.65678e-23 9.64359e-90 1.3597e-89 6.29797e-117 7.57023e-76 1.91273e-50 2.81154e-126 2.28218e-09 8.65816e-115 1.23452e-07 3.04765e-29 2.60402e-51 3.09492e-23 1.21609e-113 1.70441e-67 3.37467e-108 0.0544806 2.17993e-35 3.04666e-107 1.86542e-40 2.36062e-57
