1.09382e-08 2.70835e-17 6.10498e-39 2.36148e-39 2.76914e-66 5.43669e-17 1.30277e-35 2.87364e-59 1.33866e-77 4.63842e-50 8.00571e-80 5.00651e-48 2.93627e-41 1.18639e-33 1.60793e-45 1.85021e-89 2.68133e-27 6.41921e-35 5.9594e-58 1.0384e-66 2.38944e-76 5.55721e-54 4.21493e-77 3.11701e-47 2.58509e-113 5.4164e-51 1.80012e-100 0.104107 6.33119e-65
0.00976795 7.52199e-17 6.82598e-10 2.97624e-27 1.82224e-55 6.34418e-22 2.56911e-20 3.17386e-57 5.97671e-59 9.32713e-67 3.41881e-48 2.66884e-57 6.57372e-28 8.827e-37 2.37159e-41 1.17242e-80 3.09446e-53 9.3902e-48 1.19333e-48 2.87346e-57 1.69254e-90 3.45939e-68 9.56704e-66 2.4237e-48 1.26938e-78 2.48597e-65 9.2733e-82 0.0361258 6.19023e-35
4.20952e-13 1.87587e-18 0.00532715 1.25621e-43 1.31932e-36 3.53306e-12 6.45752e-11 7.78048e-87 3.25988e-30 6.48075e-21 5.95828e-31 1.42076e-30 3.98073e-06 0.0208908 1.20952e-16 6.06288e-41 0.0599371 2.92321e-12 1.39151e-61 1.63861e-49 1.47628e-83 5.48735e-61 6.82992e-37 1.53681e-40 1.26969e-104 5.72887e-28 1.22332e-53 0.194617 2.54768e-52
2.76796e-35 1.94384e-16 2.26486e-57 3.70968e-32 2.34521e-43 2.85879e-30 7.0121e-18 9.27037e-74 5.26707e-65 2.75842e-67 8.97103e-29 8.40832e-39 6.06e-14 7.03574e-34 0.0613523 6.83621e-49 3.88373e-52 4.18995e-49 3.49219e-31 1.16797e-61 1.19905e-95 2.55755e-49 3.13673e-81 3.984e-49 5.39525e-108 2.64144e-57 9.32375e-104 0.0101041 0.000583765
3.86729e-26 2.85858e-74 1.11611e-08 8.93322e-34 0.132183 9.52979e-28 7.01328e-21 3.23338e-58 2.30373e-08 1.50795e-57 9.73012e-25 1.38718e-14 0.112552 1.26649e-34 3.31222e-41 0.121084 6.67949e-13 2.63276e-17 7.76352e-19 1.28158e-37 4.20583e-21 1.46994e-61 0.032962 1.21172e-60 0.259648 1.27134e-51 2.56134e-16 6.16111e-15 1.0136e-45
1.3055e-51 2.18709e-40 2.53006e-13 0.124372 2.16995e-21 6.14874e-27 2.9561e-40 7.21355e-62 5.95869e-41 1.11883e-47 1.3823e-42 1.71736e-49 1.38001e-38 0.110905 1.5554e-23 3.73908e-77 1.18366e-41 0.053597 3.26512e-49 2.22935e-70 5.22744e-66 6.30555e-66 1.33889e-28 5.70922e-19 3.6217e-52 8.12887e-77 5.5162e-90 6.00361e-06 6.64223e-64
5.64538e-53 8.70646e-38 5.80313e-95 2.07867e-69 2.48665e-19 1.6847e-36 0.194677 0.232286 0.116452 0.0210563 0.109597 0.0437362 2.65837e-10 4.55982e-20 2.06473e-49 0.0128621 8.74142e-30 2.4142e-19 1.5645e-56 3.63779e-45 2.30877e-44 0.109192 1.36599e-58 0.208569 0.0306682 0.234321 0.455984 0.00325916 0.0285134
0.00214812 0.00391516 0.00172404 7.96593e-07 1.39901e-70 3.94236e-41 1.27586e-41 3.17217e-86 5.41959e-87 1.29847e-71 7.72891e-91 1.23412e-69 1.81349e-47 1.2083e-40 4.04613e-65 6.96181e-108 1.31234e-52 2.2149e-51 1.07815e-65 3.29266e-82 9.50941e-106 2.30329e-68 2.55598e-83 1.1341e-65 1.21984e-117 3.09207e-85 4.89996e-106 2.38633e-22 9.69902e-70
1.7916e-21 4.77317e-07 8.56675e-19 1.02725e-07 4.14429e-61 3.92434e-41 5.77533e-25 2.88244e-76 3.19813e-70 1.34822e-62 3.43424e-94 5.07494e-62 5.60401e-39 4.29515e-22 1.08223e-62 2.78271e-83 2.7016e-45 2.33515e-34 6.48259e-50 2.13256e-63 1.129e-104 1.19281e-57 2.64558e-80 5.03591e-49 4.63772e-101 2.44696e-61 5.04603e-82 0.290502 3.50378e-47
4.5565e-06 4.22106e-20 0.000216504 1.38198e-19 7.1669e-65 2.53001e-33 4.81799e-35 7.42812e-85 1.91144e-83 1.45667e-68 2.04044e-79 1.78229e-54 4.78697e-40 8.08427e-23 3.68783e-53 5.8009e-78 2.38124e-46 2.6402e-35 3.01427e-51 2.48158e-72 6.07305e-97 9.17954e-61 5.93135e-82 6.29628e-52 9.7633e-101 3.35586e-74 8.64415e-98 0.00974752 3.03443e-32
1.74955e-36 4.77827e-40 5.62247e-24 4.55669e-66 4.31719e-12 0.121351 1.81968e-34 1.22965e-05 1.70252e-68 7.7474e-50 0.00453409 3.25634e-18 1.1267e-26 1.65881e-07 2.00259e-52 3.62187e-81 5.09769e-19 1.54401e-41 0.113669 0.0280422 0.043613 4.02183e-53 2.61447e-17 1.09771e-10 9.75057e-19 8.45405e-83 1.92383e-42 3.97452e-23 5.20753e-45
