2.09047e-39 3.50309e-200 2.30744e-61 8.84046e-85 3.38643e-24 4.42343e-85 1.36021e-233 5.78175e-147 6.92124e-78 7.62308e-272 2.5314 1.62548e-321 1.31421e-321 4.94582e-75 2.49121e-210 1.33378e-54
8.96805e-15 2.11754e-234 2.56989e-228 5.99375e-13 8.06278e-18 1.14691e-26 1.48092e-304 0.269418 2.22874e-125 7.86219e-198 0.6258 1.82804e-321 1.54148e-321 9.33983e-97 2.04085e-136 8.26912e-143
1.62192e-103 2.07395e-91 3.98643e-51 2.01271e-57 2.53026e-39 3.0292e-132 3.6685e-261 4.31066e-97 4.96306e-136 1.27665e-284 0.480586 1.04742e-321 8.20149e-322 1.51151e-94 9.31322e-198 3.79406e-170
5.09267e-119 5.71625e-18 7.76171e-30 8.37809e-16 6.2275e-145 6.55973e-93 3.71989e-192 0.0027178 3.6844e-72 8.56577e-253 5.87544e-50 9.77331e-230 2.57408e-321 0.339343 4.49943e-44 6.45603e-38
1.18001e-138 8.62469e-32 7.16499e-93 1.71387e-51 2.76069e-12 1.9914e-168 1.43988e-305 1.31107e-08 7.17887e-75 2.05838e-294 7.46216e-69 1.56125e-321 1.29445e-321 0.16487 1.35995e-61 1.76934e-126
4.16003e-321 2.54325e-139 7.83453e-249 5.11309e-320 3.33494e-321 5.56422e-126 0.383758 8.08143e-41 0.081155 0.28469 3.86849 1.72609e-290 1.45007 1.415e-98 1.52066 9.39315e-201
1.67581e-17 7.34538e-139 2.76984e-149 3.085e-36 2.56271e-98 3.68826e-91 3.35729e-306 3.11143e-148 1.8918e-161 2.08172e-195 0.0496404 1.5316e-321 1.67488e-321 7.20782e-82 3.65709e-125 1.57185e-140
1.24774e-156 3.06614e-220 5.86393e-155 2.50275e-69 1.33867e-52 1.43754e-25 2.24394e-227 5.66077e-27 0.121812 2.14604e-250 0.0488623 8.24385e-253 1.76381e-321 6.24384e-18 3.05825e-168 2.25877e-81
9.28802e-23 0.0306113 6.53093e-134 7.76191e-82 4.63719e-38 1.42447e-58 1.90718e-222 2.92648e-06 1.48658e-87 4.70216e-230 3.56072e-62 1.43773e-321 1.46243e-321 0.355996 3.29257e-73 3.37798e-87
2.18706e-81 1.0545e-151 3.31196e-20 5.44274e-10 3.14101e-103 2.3828e-57 1.45833e-212 1.79426e-135 0.225791 3.54782e-241 8.11646e-57 2.12448e-321 1.71935e-321 1.12025e-17 4.09317e-136 0.225267
4.71009e-76 4.51285e-49 3.09585e-43 2.38795e-12 3.73547e-18 1.76357e-93 1.27639e-237 2.60064e-60 6.81331e-173 7.82376e-241 0.241136 1.07706e-321 7.65802e-322 5.22307e-38 2.60427e-120 1.95915e-163
0.00017623 0.0262521 3.58239e-09 0.000333264 0.00470889 4.8938e-168 2.47033e-323 1.30487e-150 2.67974e-175 2.06346e-298 1.9317e-76 7.41098e-323 5.43472e-323 3.41507e-104 6.50784e-219 4.9109e-226
3.16202e-321 6.32898e-321 2.12448e-322 3.70249e-213 1.53139e-155 0.229407 2.38773e-204 5.67071e-05 1.45505e-109 1.57614e-239 5.31623e-27 1.20719 8.40523e-130 0.42941 1.48625e-125 2.2389e-68
0.00169576 0.00077359 0.000109534 0.0164496 0.000583118 1.21495e-172 4.94066e-324 3.47564e-152 1.87995e-176 2.50773e-300 2.66709e-78 9.88131e-324 0 2.97627e-105 5.08132e-222 1.25248e-229
