1.47418e-112 4.79991e-23 5.10042e-163 3.39686e-34 0.0264162 3.31499e-71 5.75513e-216 1.67087e-95 0.136658 5.31631e-95 3.23562e-88 1.57871e-171 2.96208e-175 2.46416e-74 1.15587e-140 5.75197e-199
2.81123e-321 3.47931e-125 9.09873e-47 1.17326e-177 3.08931e-62 9.55334e-74 4.55951e-162 4.54298e-126 2.25802e-80 2.37367e-57 2.93919e-21 0.125885 0.6372 4.07361e-18 0.590759 0.745007
1.40882e-38 0.0393071 5.30068e-31 0.0660159 1.42012e-20 1.67006e-104 1.51672e-244 8.39563e-114 2.36143e-108 1.74239e-89 4.68247e-101 6.91692e-323 3.89325e-223 5.25664e-153 4.93749e-222 1.14998e-229
4.00994e-123 4.97434e-118 8.51939e-35 8.9746e-35 5.54014e-120 0.232755 1.05366e-90 1.69115e-43 0.0528427 5.81291e-113 1.66262e-68 2.58716e-160 5.69488e-143 4.53617e-124 1.64376e-233 2.15849e-195
7.91502e-33 4.5942e-78 2.35108e-167 3.83865e-72 1.05088e-46 7.46327e-25 8.72327e-164 7.70821e-25 3.38263e-92 0.170681 4.55041e-90 1.80137e-210 1.11346e-200 3.63928e-158 9.41576e-142 1.59209e-140
6.92129e-21 3.81654e-50 3.72465e-25 3.34569e-57 3.18067e-115 3.76934e-123 1.2708e-175 0.193828 2.77918e-08 0.990803 2.01425e-74 3.26083e-322 1.1226e-136 1.04504e-151 4.77511e-115 2.81037e-209
1.45458e-33 2.32779e-54 8.61622e-106 9.47912e-100 1.52071e-33 0.0460617 7.61706e-228 9.76325e-125 2.00941e-16 3.99502e-43 0.115993 1.00991e-277 3.40634e-257 0.102617 1.03665e-174 2.5614e-156
9.63253e-80 1.46887e-16 0.0063969 2.84945e-12 1.97598e-57 9.79232e-112 5.01112e-213 1.8453e-132 1.75736e-60 2.3954 8.24465e-87 7.64167e-179 7.57324e-272 2.36636e-18 6.23648e-150 2.12434e-188
3.51505e-115 1.45566e-116 9.80483e-150 3.53584e-115 4.75027e-109 5.04803e-29 7.92305e-221 1.7133e-104 2.65604e-85 1.93719 4.85741e-10 3.31024e-322 3.24287e-235 2.9006e-101 9.21865e-164 4.68192e-160
0.285746 1.39265e-54 3.34731e-90 3.05226e-88 2.76817e-37 0.509445 1.64691e-209 2.2191e-35 3.42197e-95 3.61605e-85 2.87603e-40 2.66795e-322 7.43302e-231 5.51573e-128 1.43468e-210 2.94997e-132
7.85857e-206 7.83666e-157 4.06869e-42 2.04281e-52 1.0277e-17 1.74041e-103 0.0687829 0.136105 2.26639e-79 4.65107e-40 4.37146e-07 1.96473e-100 5.44683e-92 1.04949e-69 4.86852e-176 3.34175e-64
1.18508e-131 9.04996e-90 3.29348e-91 1.73552e-106 1.62954e-12 1.0644e-57 2.95149e-221 1.19669e-113 1.04588e-108 0.332921 6.49622e-108 5.13152e-219 1.55882e-192 1.26513e-143 1.37216e-225 2.61306e-184
1.89023e-10 5.75328e-21 3.32441e-36 4.45701e-50 5.27368e-18 1.1486e-26 2.56003e-149 2.18179e-50 8.79152e-12 7.63495e-28 0.0602644 1.73614e-155 2.55963e-156 1.77136e-104 7.94901e-197 2.21484e-163
9.0463e-11 7.1411e-67 4.71236e-26 2.87908e-76 4.63781e-47 3.37308e-75 3.42025e-66 2.8373e-59 2.62282e-110 5.5871e-103 1.52253e-82 4.00193e-322 2.78459e-267 0.0893298 1.55769e-211 5.63422e-147
