5.48135 0.0799102
1.04106e-20 1.35874e-40 1.60525e-60 1.84858e-88 7.06994e-24 0.643013 2.37045e-59 2.57256e-37 1.97567e-50 1.06663e-36 4.98615e-84 2.25532e-46 1.60941e-38 4.71471e-72 1.99061e-59
3.61785e-05 2.32136e-59 0.0581745 4.96846e-90 1.50829e-24 0.458247 3.65093e-22 1.84542e-24 3.37401e-68 3.03907e-59 4.90137e-45 2.13182e-76 5.36202e-57 3.42639e-94 2.0952e-51
2.35745e-25 1.15398e-41 4.53119e-55 4.86921e-28 3.68835e-40 0.540741 6.29122e-47 2.24725e-26 1.26974e-66 1.63773e-09 2.00841e-99 6.88144e-41 2.73732e-14 7.8592e-49 1.10049e-57
0.00235351 5.44318e-29 5.76524e-36 2.45157e-26 6.11474e-14 0.391552 6.62778e-56 1.19546e-25 5.2796e-75 4.32652e-07 1.11176e-108 9.90441e-56 1.52282e-30 3.34579e-94 4.32607e-67
4.67216e-43 1.84348e-17 8.94194e-07 1.60085e-47 4.14005e-54 0.0101855 1.64348e-15 9.39776e-68 9.75202e-58 3.8064e-49 6.4296e-99 4.02058e-73 5.15449e-23 9.64421e-98 2.93409e-40
4.0514e-20 3.52159e-12 1.87029e-49 1.47779e-56 1.37873e-08 4.97815e-07 6.31808e-32 0.00372775 3.58498e-96 1.60258e-50 8.72718e-32 0.113722 7.96717e-50 1.57353e-40 1.75023e-19
4.34419e-38 0.0700349 4.24015e-81 1.67671e-34 0.136169 7.05948e-38 2.08761e-39 1.75212e-82 1.8808e-97 1.31244e-54 6.87004e-76 4.74436e-64 2.35404e-38 1.94063e-90 3.53312e-66
2.81308e-10 2.44967e-47 4.57063e-56 7.93294e-26 2.54041e-53 0.833502 1.49131e-54 5.23352e-63 4.09313e-88 0.0198633 5.27625e-71 1.12833e-70 2.49051e-11 1.06606e-96 6.20224e-64
1.12829e-62 3.60376e-89 2.6843e-72 2.90385e-13 0.00279734 0.467737 2.1063e-13 1.21627e-49 2.33455e-81 2.56003e-32 2.01628e-24 0.294501 5.87419e-33 1.26998e-51 2.45612e-45
1.80507e-07 4.59931e-13 4.89089e-27 8.67815e-73 5.19102e-45 1.2234e-22 0.0114719 3.61174e-94 3.29895e-86 6.47495e-39 7.51065e-26 0.198943 1.69024e-21 1.81081e-61 1.0531e-49
0.185142 3.59425e-55 3.06963e-30 1.50519e-68 2.66449e-16 2.3037e-43 0.161376 1.29961e-39 5.90197e-90 8.41887e-48 0.818559 4.77897e-12 0.126623 0.0598358 4.37884e-26
1.86947e-21 2.48665e-35 1.1749e-19 1.36863e-49 1.12981e-25 4.67028e-40 8.95638e-17 6.38522e-20 9.53522e-84 2.70489e-23 2.89548e-71 0.0246552 8.37231e-62 4.51011e-29 2.14672e-38
3.53437e-21 4.56439e-22 1.51147e-64 8.29666e-77 4.35163e-56 2.40519e-14 4.5784e-27 4.13675e-47 5.77344e-37 0.0555546 2.08814e-88 2.8242e-82 1.28233e-33 2.91296e-33 2.5272e-62
7.95736e-40 1.12293e-51 2.38627e-51 2.98884e-29 7.10571e-32 1.40181e-07 5.35131e-18 0.046802 2.53389e-92 0.0248675 3.69561e-103 2.40244e-21 0.00114514 1.05812e-71 1.1392e-31
3.21476e-31 2.28512e-22 5.93278e-14 0.214113 2.38724e-52 4.34294e-25 1.99778e-40 1.61165e-92 0.0657394 0.0172557 2.11564e-50 8.12964e-14 2.88515e-37 1.10843e-21 0.396304
1.87338e-31 4.18897e-63 4.00934e-05 9.07389e-87 1.68082e-52 1.46417e-30 4.4075e-34 1.46633e-64 2.16927e-75 2.86252e-19 3.59647e-104 0.154286 7.36671e-25 1.93078e-84 5.19028e-24
6.8014e-20 2.1563e-14 1.32242e-79 4.81588e-65 1.31279e-30 0.156743 4.53716e-25 9.64544e-67 3.97042e-53 2.99297e-25 3.75094e-74 3.97756e-36 2.75981e-62 5.22452e-99 6.79636e-38
