6.52647e-196 6.96326e-121 7.12449e-223 3.996e-320 1.01283e-321 7.43082e-86 8.23113e-161 0.315872 1.1952e-105 7.31217e-322 1.28874e-248 1.6648e-287 2.9681e-174 3.97234e-101 3.91092e-135
7.1355e-299 9.48035e-228 0.860764 2.78653e-321 1.82207e-285 9.93259e-268 1.46897e-190 1.21421e-128 2.15907e-321 8.79437e-322 1.44882e-250 9.40932e-47 4.8369e-321 5.72201e-189 5.10211e-119
4.03555e-222 4.66516e-58 3.39556e-06 1.19316e-317 9.14021e-322 2.07768e-87 1.99673e-292 0.0433501 2.66303e-118 8.34971e-322 4.51341e-283 0.169765 1.42312e-148 1.51267e-137 6.42771e-264
3.34822e-203 1.52316e-247 1.233e-167 5.02669e-112 1.10296e-273 0.0673924 2.44254e-268 3.93276e-17 2.45165e-315 1.24505e-321 5.63921e-282 2.53511e-122 6.48252e-275 2.33479e-166 3.01172e-72
1.57909e-08 9.26066e-147 1.87759e-116 1.13997e-46 8.49793e-322 4.86128e-102 2.49805e-157 0.131716 5.07149e-99 1.13635e-321 8.9628e-247 2.66124e-206 4.58493e-321 2.45307e-199 2.91534e-58
7.45407e-139 6.06043e-112 0.046539 2.30092e-250 5.63235e-322 1.86341e-267 1.28831e-225 1.01528e-78 5.06497e-281 6.0276e-322 1.25987e-321 1.01425e-268 3.83889e-321 2.62981e-135 5.79056e-143
2.40833e-08 0.000606456 8.25762e-232 2.17389e-322 7.41098e-323 1.82804e-322 6.47226e-322 6.85112e-307 2.02084e-317 6.42285e-323 4.87149e-321 2.61855e-322 4.10074e-322 9.86125e-277 2.56387e-255
8.78935e-56 6.93909e-61 0.274818 2.48784e-226 7.85564e-322 1.49208e-321 1.02272e-321 1.53155e-228 2.04635e-206 5.2865e-322 2.65866e-144 1.33083e-199 3.83889e-321 2.74248e-140 2.47353e-165
9.33049e-243 7.53498e-68 1.09061 2.26776e-321 7.5098e-322 3.3803e-309 3.91857e-205 1.89008 4.88437e-244 7.85564e-322 5.59591e-131 6.16161e-119 3.53257e-321 2.31622e-236 3.91832e-161
0.882601 1.08694e-322 1.78814e-208 9.75957e-74 2.83226e-292 3.00991e-91 2.05054e-123 3.52935e-11 0.527576 1.47198e-250 1.25553e-241 7.00997e-215 2.09854e-78 1.12029e-06 2.25469e-212
9.84673e-321 5.44086e-241 4.81694e-230 1.53278e-105 1.46149e-208 5.03261e-219 1.5895e-61 1.87929e-50 0.113769 1.33892e-321 0.451978 2.49654e-300 6.26475e-321 9.66513e-269 0.221956
9.52232e-231 5.6119e-89 2.03616 2.36163e-321 1.1076e-291 1.71006e-173 4.80795e-307 8.56634e-19 6.41263e-94 1.87514e-294 1.06227e-281 9.98871e-31 4.44659e-321 1.11133e-225 9.82096e-224
1.4891e-208 0.012024 1.67378e-47 1.46188e-123 1.53654e-321 1.94852e-187 4.89126e-68 2.29801e-190 5.63774e-95 3.22717e-186 3.93306e-11 0.626253 7.6926e-321 1.66297e-200 8.08558e-252
3.37021e-269 6.47944e-151 1.57036e-121 5.37442e-87 1.19195e-310 6.06238e-169 7.63571e-175 0.156505 4.22455e-237 6.12641e-322 9.11629e-160 4.60152e-210 9.86057e-261 4.33094e-95 1.671e-102
4.22426e-321 1.08694e-322 1.40906e-50 1.35836 0.550514 0.800697 0.692165 1.81e-256 6.98433e-155 0.586956 1.60296e-290 2.9925e-162 2.67199 0.558213 1.11005
1.35833e-172 4.99888e-28 2.12395e-10 2.24306e-321 1.82776e-262 6.51846e-227 5.74005e-142 0.0607557 1.50905e-173 1.17094e-321 8.29279e-179 4.41036e-167 4.14027e-321 1.52864e-40 7.98795e-264
5.78486e-113 1.59198e-113 13.6925 4.01543e-270 6.66989e-322 2.02216e-236 1.63083e-286 3.59554e-105 3.85328e-189 6.07701e-322 5.50389e-320 1.05158e-184 3.49798e-321 4.26619e-250 1.4509e-246
