2.5017 0.0413639
7.31691e-18 9.51887e-39 3.08944e-13 1.9642e-27 1.36527e-29 0.131606 0.00937057 1.11238e-11 0.0635631 0.0352864 4.08843e-08 0.317944 0.0433897 6.24889e-12 5.0491e-52 9.80657e-11 0.0542681 4.81976e-32 9.77521e-28 0.289763 1.54799e-22 0.127996 3.80718e-12 8.74281e-05 8.05717e-17 5.01048e-35 2.7037e-43 9.47935e-11 0.0143118
0.166369 5.7853e-32 0.0310331 1.03819e-16 5.98867e-20 4.17131e-17 2.31988e-33 6.17022e-17 1.2846e-37 5.37819e-25 8.12873e-33 0.385451 7.96755e-51 1.37931e-18 3.04496e-49 4.23341e-11 1.05763e-42 3.88593e-42 0.010009 3.9439e-21 0.000358223 2.61623e-31 8.0781e-08 1.11994e-29 3.872e-22 1.05679e-22 1.76088e-25 7.18696e-26 4.47851e-25
7.29408e-22 1.66253e-35 2.65498e-25 2.67048e-30 2.21123e-26 7.82436e-31 1.51873e-21 1.80388e-14 4.2212e-67 3.16357e-57 3.14682e-12 1.0202e-19 1.54879e-28 1.2638e-24 1.00838e-17 7.24103e-10 1.60287e-19 1.20931e-35 2.49545e-26 8.96297e-16 1.84088e-29 1.7975e-29 0.0548073 9.73427e-46 4.98834e-20 4.71767e-24 3.94776e-17 1.54619e-25 6.32683e-26
0.0175411 5.24114e-34 0.0317117 2.2031e-09 4.32102e-44 1.03476e-45 5.26454e-34 1.3315e-24 9.87657e-72 4.71509e-41 1.52734e-32 4.06934e-12 3.51538e-51 6.87666e-14 1.65818e-31 0.050668 1.35192e-32 7.63731e-49 8.46362e-38 8.21495e-12 6.32882e-27 4.72102e-10 0.0310218 1.15182e-42 1.98859e-45 8.34892e-39 0.0848758 5.34622e-32 1.5573e-11
1.34279e-32 2.01071e-27 2.16987e-26 1.6332e-22 4.71403e-43 4.32885e-49 2.66014e-42 2.11224e-18 1.81955e-62 3.66681e-52 8.55732e-32 2.10747e-22 1.77275e-32 5.20067e-15 1.38267e-57 1.39739e-27 2.78992e-47 4.17806e-47 7.66888e-35 6.03683e-29 7.62223e-37 1.13288e-38 0.12136 3.36706e-29 3.35054e-42 9.59755e-22 2.52853e-44 2.84433e-31 1.45073e-28
3.72737e-38 5.37884e-10 1.3279e-26 3.3984e-31 6.45266e-05 2.29553e-65 1.60339e-21 0.00373693 5.16984e-34 1.35668e-27 0.0353937 7.84358e-10 3.6875e-08 1.58411e-05 1.52114e-36 4.18846e-14 5.02215e-32 1.54237e-22 5.73368e-35 0.000187792 3.02612e-37 1.95419e-22 0.00653385 6.3186e-12 0.0388953 9.84948e-11 1.23235e-06 7.66805e-12 8.01451e-18
5.94475e-42 1.72458e-32 1.27774e-23 0.0429434 0.0487667 2.7218e-37 4.35714e-10 6.67619e-20 3.38303e-50 1.73914e-49 2.00617e-50 7.53967e-19 2.81104e-25 0.00530614 2.86446e-48 4.67431e-31 4.97553e-11 0.0127414 2.78638e-10 6.2362e-08 0.0679628 9.09753e-34 1.33529e-12 3.27695e-43 1.03863e-36 0.00237757 7.53262e-07 0.0899924 2.73002e-35
7.78641e-31 0.0219128 4.55228e-16 5.01326e-11 0.0365706 1.68875e-17 1.30836e-35 3.28051e-09 2.78489e-48 3.04416e-40 0.0427267 7.1581e-06 3.91192e-37 1.96637e-25 0.00569664 1.18565e-05 4.57127e-21 1.74516e-06 5.47279e-08 0.000221476 8.90523e-24 2.87383e-14 0.000218701 0.0878248 1.09236e-32 0.0732445 8.92535e-43 4.32695e-37 1.6898e-10
1.10814e-36 4.3896e-37 5.25473e-19 3.97705e-21 3.88998e-50 6.95665e-41 1.45508e-20 1.73648e-21 1.51573e-64 3.90983e-43 2.65976e-29 2.81772e-30 6.90899e-39 7.1706e-15 7.05473e-59 4.74776e-20 9.50853e-27 3.44014e-47 2.66921e-21 2.43651e-25 2.03757e-18 4.68663e-28 0.455717 3.1347e-17 2.16556e-31 3.50332e-10 4.06784e-31 3.48168e-13 2.35952e-18
