2.09488e-31 2.31859e-108 2.12518e-117 1.85124e-104 2.99966e-33 8.26832e-133 5.50338e-121 1.66272e-146 7.93507e-06 1.18484e-62 5.10177e-197 9.8426e-32 5.64263e-79 1.13141e-321 9.47236e-199 3.03394e-116 3.78482e-123 1.78061e-94 2.93592e-220 0.765771 4.77306e-177
3.34578e-138 1.6584e-69 2.8229e-157 4.25135e-155 1.36386e-190 1.25474e-93 8.43545e-63 1.93019e-124 1.36077e-140 4.98601e-207 5.59374e-257 2.23684e-11 5.13987e-64 5.57957e-174 6.37009e-91 7.76434e-28 1.2297e-80 1.66433e-166 6.3652e-54 0.232248 1.43247e-89
1.7038e-160 3.71562e-174 2.20055e-179 8.08794e-44 1.24944e-225 9.71613e-140 3.87046e-192 9.39197e-96 4.04239e-175 1.18502e-149 2.40342e-162 9.11459e-101 4.15854e-48 1.20879e-159 8.12839e-289 0.286043 1.00626e-20 5.56857e-05 2.67973e-244 8.12096e-88 2.02332e-198
0.000126398 0.114579 1.09729e-06 0.0104805 3.2593e-05 0.00133279 1.26864e-05 0.0013732 5.76829e-05 0.000166866 2.44132e-260 1.86765e-197 1.19732e-129 1.4822e-323 6.91692e-323 1.11133e-148 5.01154e-176 4.01211e-170 8.3976e-252 7.64222e-95 1.14718e-223
1.8269e-130 3.73827e-109 2.24485e-26 1.18108e-21 4.40222e-238 4.86765e-259 2.4807e-245 2.77595e-132 1.97182e-153 2.83513e-77 1.42449 0.617628 0.10835 0.520759 2.29568 0.021606 5.2023e-48 0.692217 1.96554e-137 0.473842 0.237132
0.00019936 0.0521348 1.10852e-05 0.00105837 1.0989e-06 0.000183915 5.90674e-05 0.000180434 4.53847e-05 3.86332e-05 7.19442e-264 1.98502e-198 3.87529e-131 0 0 4.42647e-150 3.46765e-177 9.09867e-172 1.75199e-253 5.29568e-97 4.54411e-226
0.000250788 0.213781 7.08475e-07 0.000893721 9.14376e-07 0.000689218 0.000131291 0.000140099 3.22462e-05 2.50501e-06 1.18172e-262 4.43025e-196 2.26222e-129 9.88131e-324 3.45846e-323 6.05761e-149 1.68034e-176 7.83284e-169 1.55987e-250 4.39778e-95 4.45357e-223
0.000300443 0.0978894 1.27415e-05 0.000663682 1.27221e-05 6.22614e-05 4.56945e-05 0.000708627 0.000358202 6.18458e-05 3.88787e-263 5.91508e-198 8.69259e-131 9.88131e-324 3.45846e-323 4.35484e-149 9.2804e-177 7.63647e-171 5.17694e-253 2.9514e-96 7.31278e-225
4.14172e-05 0.155177 6.04578e-05 0.00584283 3.03996e-05 0.000339462 0.000118168 0.0017113 7.87361e-05 1.36513e-06 1.70698e-261 1.23203e-196 7.47454e-130 9.88131e-324 6.91692e-323 2.0748e-147 3.09537e-175 8.49234e-171 8.72579e-252 3.38379e-95 2.055e-223
1.81556e-67 1.27649e-101 1.02425e-127 7.79396e-145 7.8937e-39 1.0164e-94 5.8788e-15 2.57568e-124 4.71672e-95 2.15359e-21 6.61551e-218 8.59552e-165 1.01841e-25 9.98013e-322 1.74239e-206 5.05719e-69 3.23684e-157 1.46846e-137 3.59213e-198 0.544317 1.28779e-141
3.06512e-116 1.39412e-81 8.1601e-162 8.08556e-170 3.02813e-33 5.15714e-91 5.18369e-63 6.08821e-159 8.63111e-108 5.62382e-66 2.70546e-129 3.04946e-128 3.75976e-120 6.20174e-247 1.19011e-259 1.18278e-93 3.52751e-21 0.576581 3.23368e-67 3.14105e-26 9.80727e-195
2.95784e-153 3.92704e-142 0.00356123 5.51968e-174 1.48453e-93 5.79281e-199 1.48394e-178 5.90891e-117 1.35917e-54 2.77244e-77 3.05945e-24 7.86205e-19 9.53498e-97 1.87745e-321 1.10185e-192 1.0811e-51 7.72361e-161 2.20741e-97 0.0927628 3.80081e-48 0.111208
1.45601e-139 7.59409e-56 6.4339e-229 3.21395e-188 3.04667e-177 3.44697e-144 1.84993e-145 2.0101e-72 6.64616e-65 1.27632e-192 0.1877 7.42691e-190 8.09273e-113 4.73333e-136 7.13725e-161 9.04716e-07 0.0824212 3.55276e-103 1.72149e-99 1.02684e-22 4.40808e-195
7.87493e-17 1.19335e-170 1.86478e-149 5.99188e-103 8.68971e-30 1.55593e-236 5.51339e-208 1.40892e-177 2.02264e-178 5.06382e-243 7.43718e-193 6.51092e-176 7.00784e-77 1.47499e-143 7.69746e-258 8.63193e-40 7.55764e-113 2.54346e-112 0.220432 4.71159e-89 3.20296e-90
