2.47688 0.438543
4.4682e-111 8.66348e-127 3.46955e-130 2.80173e-130 6.13585e-207 2.59634e-147 3.55061e-247 7.46687e-20 7.62519e-81 1.97602e-256 5.61753e-321 1.53012e-159 1.85728e-143 1.09189e-321 4.09147e-59 3.21712e-237 1.04849e-209 1.84e-211 2.71736e-321 0.384808 9.25665e-233
5.40249e-155 2.02494e-44 3.37743e-133 8.97565e-90 3.16404e-24 0.624843 6.92773e-114 2.34849e-192 4.8236e-53 3.99552e-197 2.68772e-321 2.93274e-200 1.29066e-126 5.63235e-322 2.69346e-133 1.4458e-178 1.5373e-146 1.44818e-163 1.41172e-270 4.49845e-186 1.43857e-141
2.40855e-68 1.89894e-144 7.09662e-305 3.84737e-293 1.87197e-153 1.14524e-320 3.95845e-320 1.35985e-237 1.05236e-321 1.13635e-321 2.96655 2.97524e-247 9.0649e-150 1.5069e-321 0.526063 3.94114e-160 1.87388 0.348718 1.08128 2.45542e-152 3.47986e-189
3.91612e-115 3.08549e-87 3.90312e-322 2.91576e-05 7.9868e-176 1.0494e-320 6.84434e-217 1.13399e-269 7.82323e-146 2.62237e-128 3.19682e-140 3.67341e-254 3.42051e-120 0.437621 1.36936e-165 0.886404 0.201165 2.0088e-87 4.02169e-229 5.65978e-34 1.51101e-165
2.7223e-321 6.96074e-193 3.06321e-322 2.43299e-57 1.37428e-311 8.64121e-321 1.73441e-214 5.5158e-211 7.01352e-27 7.23195e-94 6.60566e-321 5.62455e-274 7.86982e-207 1.82635e-154 3.70431e-268 3.88858e-299 8.25946e-168 0.17447 3.22625e-321 8.22737e-13 1.05435e-124
0.000588245 0.00092761 0.000169495 0.000656677 0.000400805 0.00053841 0.0121172 0.000693711 0.000312042 0.000365562 0 1.09999e-310 1.20641e-317 0 2.29058e-273 9.88131e-324 1.97626e-323 7.54241e-320 9.88131e-324 4.66723e-202 1.57051e-314
6.08888e-74 1.10035e-48 7.56817e-138 8.04944e-33 2.5353e-200 5.62225e-133 3.42521e-238 7.61993e-108 3.67766e-315 1.63752e-90 1.02222e-320 1.73723e-146 0.00650089 1.59583e-321 1.01164e-75 4.68421e-230 5.76267e-178 3.94858e-94 4.18474e-321 3.68392e-193 0.085081
1.08708e-84 9.17809e-162 7.99799e-239 1.05782e-247 1.22564e-138 2.0603e-218 4.04182e-159 3.32438e-60 4.15687e-199 9.94175e-278 6.0029e-321 1.36136e-89 0.239499 1.31916e-321 5.44324e-81 3.66103e-321 6.02725e-50 1.83008e-85 1.34459e-51 3.06551e-45 4.18953e-277
3.0523e-52 2.95451e-57 8.17016e-07 2.33151e-41 1.25697e-77 4.48482e-17 1.1272e-16 6.31186e-17 5.34618e-09 1.98498e-100 2.40066e-320 3.51219e-245 5.71913e-214 4.63434e-321 6.07489e-254 4.09213e-316 1.76776e-226 2.23833e-217 1.32953e-320 1.25511e-196 1.38537e-267
8.22564e-142 1.32237e-142 1.70238e-139 1.23609e-181 1.92291e-230 3.50669e-09 5.07267e-274 2.0541e-261 4.17086e-82 0.00173498 5.19338e-274 0.0332459 0.650396 1.03714e-271 1.99686e-177 3.26646e-235 3.6878e-134 5.46565e-264 5.37724e-296 4.28727e-168 5.3842e-164
1.81565e-149 2.43579e-110 2.40517e-270 1.77829e-233 8.00386e-322 3.81658e-162 3.14383e-283 8.33954e-209 3.77125e-308 1.30887e-209 7.07008e-321 5.15573e-217 2.07593e-303 3.6432e-290 2.60754e-239 2.95977e-177 3.54174e-164 0.542377 3.34482e-321 3.30975e-38 2.83255e-307
7.30835e-215 2.26611e-134 5.30445e-134 2.44687e-218 2.08911e-111 9.16724e-179 8.07723e-33 4.96643e-34 8.89455e-69 5.2964e-245 4.19462e-321 0.471308 1.67912e-49 8.94259e-322 8.1217e-249 1.05522e-222 7.25483e-119 1.07609e-260 9.92212e-245 5.43459e-161 6.19119e-223
7.83667e-77 1.25317e-150 8.15923e-98 2.86108e-206 6.84304e-201 1.52759e-123 1.04808e-190 2.08233e-286 1.30889e-136 2.56729e-229 9.20938e-321 5.54833e-298 4.67994e-134 1.04742e-321 8.95974e-162 9.03613e-118 6.22787e-165 2.93217e-93 3.46834e-321 1.5483e-181 0.542391
2.1701e-136 2.91528e-21 2.06847e-192 3.91571e-54 8.3325e-135 5.08156e-118 5.28147e-66 3.86804e-103 3.53345e-98 1.3779e-234 7.17877e-321 4.49032e-156 2.34081e-308 1.21046e-321 3.07892e-177 8.46093e-259 8.28087e-139 5.64842e-170 2.16702e-278 1.41015e-125 7.3905e-203
