6.47171e-38 2.56431e-26 1.37563e-42 0.0974051 7.68445e-20 3.96509e-16 2.58973e-35 1.5925e-67 2.96742e-06 0.0129354 3.63501e-169 5.45774e-107 0.0507387 3.21138e-52 1.08645e-120 1.29728e-120 7.14644e-38 4.29654e-41 2.329e-17 5.5588e-48 7.72655e-91
7.3114e-103 5.18041e-150 2.75794e-53 3.70269e-46 1.75124e-120 4.0715e-126 1.22288e-64 2.79989e-35 0.0335473 1.09809e-16 1.5171e-119 2.66037e-111 4.44741e-12 7.93156e-31 1.59997e-85 3.45865e-147 1.45874e-29 2.81674e-44 1.03315e-38 0.08811 4.37117e-61
1.7356e-28 0.000136704 3.23296e-07 2.82187e-173 6.61547e-08 4.5731e-123 7.60656e-22 4.09351e-201 4.71522e-133 3.45438e-125 0.240511 0.238474 5.8768e-27 1.67213e-98 1.54548e-87 0.17685 0.418721 0.106588 0.276602 5.0026e-60 1.4488
3.69736e-24 6.75116e-14 0.0198628 2.53835e-51 1.09981e-36 8.78801e-67 6.1098e-36 2.87755e-51 5.41278e-08 5.75485e-55 1.81377e-132 1.39842e-102 4.19985e-20 2.1359e-95 5.02533e-71 3.30608e-142 2.33739e-69 6.72922e-56 0.322755 1.19341e-21 2.27447e-107
3.51118e-21 1.22713e-31 1.07453e-13 1.21416e-08 2.51896e-29 9.08185e-24 6.35644e-08 3.04594e-10 0.0015823 9.64864e-20 1.51518e-157 1.19684e-123 0.745727 5.52532e-94 6.44067e-95 2.34428e-138 8.9632e-84 3.38504e-79 2.30395e-39 4.20935e-68 8.75324e-90
2.72357e-40 2.87802e-49 5.74654e-14 7.51865e-51 1.80661e-47 1.1284e-17 4.73238e-32 1.89589e-65 1.88863e-50 1.00069e-26 5.02635e-163 6.73795e-133 0.339647 1.53938e-107 9.91556e-120 2.41267e-144 8.57697e-81 3.63731e-54 3.19355e-54 1.35913e-43 4.11534e-94
1.52741e-23 1.24993e-18 6.45212e-11 4.0048e-14 2.70513e-40 0.0300889 5.87944e-27 0.00414196 1.2848e-25 2.14852e-20 3.72983e-167 1.23364e-143 0.181137 4.00908e-75 2.48687e-117 1.1238e-138 2.29176e-71 1.4783e-74 4.66306e-41 7.12493e-50 5.09792e-113
0.0541719 0.00380959 5.69696e-10 2.9195e-31 5.23113e-05 3.37247e-22 0.0150211 2.87091e-16 9.04892e-30 2.06859e-32 3.01347e-169 1.75058e-139 0.0370347 4.62587e-75 5.8822e-118 7.74655e-143 2.29526e-99 5.2211e-82 7.77285e-49 1.12383e-47 6.05642e-102
2.74817e-28 1.29194e-28 8.34434e-42 4.63084e-05 2.32524e-64 9.09262e-08 2.37085e-05 1.40105e-08 7.28523e-32 2.35013e-24 1.34548e-156 5.17651e-120 0.271689 5.03606e-37 3.39663e-85 7.32019e-136 2.14592e-98 1.64131e-81 0.356159 2.8832e-38 2.45531e-71
3.70596e-19 1.37341e-35 2.33858e-12 3.84184e-14 1.16405e-41 4.60567e-21 3.11796e-27 1.02724e-08 1.92906e-34 6.885e-14 1.26894e-161 5.17533e-137 0.755297 1.58283e-108 1.14277e-99 1.05733e-132 4.49162e-66 1.25696e-70 6.65902e-35 1.82555e-39 2.15997e-114
1.93011e-21 9.07847e-35 1.09274e-14 1.11398e-39 4.61902e-49 2.20852e-33 1.88803e-27 9.44913e-20 0.0191631 6.45255e-37 7.97281e-138 9.47712e-124 0.228026 7.10827e-84 1.70147e-111 6.14075e-138 2.45965e-96 5.20486e-87 6.38306e-65 7.91426e-39 4.04077e-81
9.64365e-49 1.61983e-42 1.39157e-31 2.06371e-50 3.35748e-61 0.000755557 1.91172e-25 6.41352e-52 2.47582e-54 4.92123e-28 3.18005e-96 6.9139e-100 0.189929 8.94499e-80 5.30838e-75 4.07098e-137 1.05742e-57 2.83519e-33 1.4835e-40 2.42111e-63 3.71143e-58
1.86411e-35 0.0355317 3.88244e-34 3.16779e-100 1.10485e-63 3.9052e-41 2.05676e-40 8.01314e-28 2.37473e-129 9.22274e-88 0.0610183 8.4486e-65 1.94071e-06 0.0506739 1.26362 1.28146e-125 1.36066e-74 3.60139e-32 3.81535e-69 0.0432264 1.36854e-55
6.92857e-29 3.18222e-25 5.5923e-07 2.87323e-39 0.0220286 4.0423e-09 2.901e-29 0.091332 2.38078e-20 1.34927e-19 4.13158e-125 5.16195e-116 4.04091 3.16265e-66 1.51742e-105 1.30006e-131 6.48805e-57 3.54507e-58 3.60007e-30 1.08474e-62 3.95852e-112
