1.17835e-68 4.32607e-104 4.64484e-148 3.26473e-19 7.74337e-95 1.57954e-70 3.14038e-43 2.58101e-115 4.43771e-48 3.09534e-61 6.35955e-94 1.89381e-35 1.78124e-198 0.05198 1.85733e-73 1.98319e-06 1.23916e-118 7.6064e-29 1.99534e-58 6.06261e-113 2.93481e-19
1.66207e-10 2.54884e-89 2.09549e-16 5.13713e-144 7.47913e-123 3.40121e-19 1.1458e-118 3.51217e-84 4.65968e-60 5.2626e-16 6.51966e-133 1.80361e-78 5.2296e-151 4.43211e-55 0.206595 9.84577e-125 9.81021e-68 5.88632e-112 2.46491e-69 1.24438e-82 1.5997e-149
1.44757e-74 3.24472e-132 1.47257e-50 2.22383e-87 3.009e-07 2.81819e-56 7.49548e-146 4.66465e-98 2.06004e-98 1.41649e-60 2.76826e-105 4.0583e-128 1.87474e-97 3.58803e-92 0.408222 8.57176e-83 1.99877e-57 2.0249e-72 4.37092e-80 5.78644e-185 4.1673e-12
2.32362e-132 3.05001e-87 4.88052e-29 9.23801e-06 1.38342e-84 9.0494e-76 1.57945e-162 3.53033e-26 9.09792e-62 1.69644e-43 2.67785e-175 1.15516e-30 5.3012e-173 1.09423e-57 2.0817e-81 3.68705e-104 4.09985e-112 0.0854342 1.23643e-122 1.45563e-39 3.15006e-82
0.00629941 0.0121311 0.000839315 0.0056784 6.61864e-10 0.011636 0.00710891 0.0163785 3.25168e-07 2.15146e-09 1.55691e-229 2.00439e-134 2.94413e-217 1.06412e-98 5.17093e-119 7.86755e-131 2.12353e-138 4.28304e-173 5.08817e-195 1.02216e-178 3.89977e-161
2.19571e-126 1.5756e-190 1.35902e-12 6.76843e-32 7.32067e-104 3.21625e-97 1.54938e-96 2.07363e-28 4.93031e-92 7.93012e-140 8.11901e-135 8.21443e-62 6.52504e-122 0.0105613 3.164e-68 2.1999e-43 8.35459e-27 8.6595e-20 1.74152e-35 0.0370617 3.1133e-166
2.55514e-84 1.83685e-302 9.83869e-110 5.81229e-148 3.87155e-75 4.59575e-272 3.1858e-116 7.52125e-138 1.08136e-178 6.66084e-291 0.214241 6.71288e-93 0.00882544 2.67861e-35 4.03459e-28 1.57794e-46 3.0253e-07 0.0803334 3.38797e-164 3.68812e-37 3.05638e-130
1.46667e-64 6.60979e-40 3.71043e-114 1.29588e-162 5.25937e-41 4.53747e-136 1.98026e-64 3.531e-61 1.31588e-05 1.39535e-129 5.52407e-108 2.98734e-48 9.27334e-142 9.4317e-61 8.2455e-54 2.12952e-103 1.42985e-104 0.0179525 5.85941e-114 1.26676e-55 0.134171
1.01051e-39 6.28268e-100 1.88222e-85 3.13706e-45 2.38563e-63 1.22805e-37 3.83229e-101 3.2611e-60 1.98562e-70 4.71482e-11 7.29181e-228 3.40573e-67 1.33594e-145 1.20819e-91 0.167937 9.84188e-92 3.19477e-133 3.28993e-148 3.30669e-118 3.92364e-182 1.08377e-140
1.31539e-109 4.77328e-105 1.75378e-63 3.69542e-51 2.47866e-172 5.38803e-137 1.38477e-120 9.01662e-34 1.22772e-31 4.59152e-27 1.11014e-91 2.36631e-83 8.08933e-191 5.27225e-25 0.376877 1.35625e-105 2.19794e-99 2.10747e-50 6.06103e-74 2.65623e-24 0.0180425
2.2755e-07 8.82826e-12 0.00479415 1.5125e-08 0.0150368 1.8252e-08 7.70089e-13 1.45397e-11 0.010244 1.23384e-12 6.3625e-226 2.7364e-134 4.81481e-210 1.42319e-100 8.06243e-119 3.40098e-134 1.30277e-133 2.80419e-173 1.80372e-193 1.9062e-178 2.56636e-168
1.64236e-83 8.10111e-100 1.77748e-109 8.64668e-280 3.77524e-112 1.6809e-153 3.07802e-182 6.16584e-167 8.05874e-93 7.1439e-126 1.11762e-57 2.12977e-80 0.216401 0.117524 7.40859e-10 0.0861535 0.199292 9.7119e-172 0.187308 0.242817 8.08726e-53
2.91499e-29 1.26003e-261 5.14795e-119 9.901e-125 3.50783e-142 2.2435e-173 5.16896e-24 8.908e-140 2.81483e-89 2.91512e-133 1.46217e-169 2.32393e-15 2.11303e-143 2.11547e-87 2.30574e-101 0.259709 9.20529e-70 1.08648e-80 2.24383e-144 1.31303e-101 1.53928e-149
1.75226e-46 1.35327e-205 5.82209e-19 8.43215e-214 3.14565e-183 6.86322e-102 2.39843e-189 1.03725e-110 8.82608e-16 0.00458671 2.87844e-213 0.230862 2.16303e-196 1.55015e-74 0.000802765 5.38544e-66 0.00123218 3.13755e-42 0.126565 0.0424958 2.28339e-35
