2.10768e-320 1.03754e-322 6.64492e-259 1.18629e-238 6.65899e-84 2.2727e-322 4.76279e-321 7.18558e-95 6.744e-321 8.84378e-322 3.29138e-36 1.04455e-273 3.61236e-267 1.82009e-32 0.743058 0.733195 3.86168e-73 0.264828 1.2006e-290 9.28256e-196 0.554973
3.36625e-17 4.16979e-226 1.50455e-21 4.66404e-107 3.98203e-252 1.31751e-127 5.50315e-168 4.29252e-15 3.41148e-247 3.07302e-10 2.19358e-118 3.40286e-150 7.59209e-254 2.05972e-15 5.9807e-208 6.45414e-179 1.73073e-245 4.80791e-141 6.255e-171 0.90163 1.6189e-146
4.04151e-19 0.0249174 5.97815e-06 7.19883e-107 3.92288e-321 2.12448e-322 8.66701e-85 2.13771e-45 2.59007e-41 3.73053e-293 6.45518e-238 1.87102e-205 1.37122e-273 1.07808e-146 2.5389e-288 9.41162e-85 2.20847e-321 6.44853e-212 3.09573e-162 2.1342e-10 1.41943
3.87402e-33 1.63266e-225 1.05403e-284 4.68329e-70 5.51828e-12 6.71648e-148 4.14404e-203 2.3156e-236 3.07391e-215 3.38595e-157 4.21173e-135 2.61581e-217 0.444277 1.74297e-11 4.40624e-101 3.63289e-205 7.51192e-125 4.641e-188 5.68776e-243 2.21978e-72 7.66902e-73
3.96773e-209 3.09535e-74 2.44581e-296 1.01019e-130 2.12471e-154 2.46206e-272 3.23995e-58 5.7511e-249 1.25946e-180 4.01431e-181 0.108959 1.66206e-143 7.86883e-113 0.0892286 4.17466e-254 1.12377e-197 1.86404e-138 2.36492e-15 4.94476e-212 1.35086e-76 2.02922e-22
3.86261e-39 6.05793e-182 1.30428e-204 1.82608e-151 0.0310918 1.92599e-267 2.60867e-321 3.53216e-242 2.15506e-52 1.77966e-79 2.10192e-118 0.429833 1.86409e-154 0.49913 7.09881e-300 1.67303e-215 3.32956e-61 3.12589e-114 1.38669e-234 1.26467e-65 1.4426e-63
5.42775e-57 5.52073e-212 8.61806e-84 1.04462e-145 8.00843e-86 3.5757e-58 5.98687e-31 2.47832e-141 4.57221e-151 1.26943e-122 0.120444 2.26479e-189 8.25121e-167 3.90311e-26 5.28239e-168 1.39821e-321 2.26881e-224 7.44577e-34 1.2375e-292 4.084e-08 9.08652e-229
1.27244e-266 2.98189e-102 2.02567e-321 2.33177e-306 4.68374e-321 3.55727e-322 7.61871e-197 3.74008e-321 5.47302e-196 1.20877e-125 6.44446e-164 1.6566e-32 1.63509e-245 1.08324e-95 9.00733e-227 2.53456e-321 7.57439e-186 4.15946e-72 0.853573 8.71787e-198 0.0601145
6.48578e-204 1.13635e-322 2.30411e-93 2.0361e-84 3.37447e-321 9.75621e-91 8.82729e-42 1.30792e-14 1.13072e-167 2.56281e-166 0.530854 7.77998e-272 3.48453e-176 2.15858e-64 1.8629e-175 2.24655e-102 1.18347e-138 8.70888e-31 1.58913e-182 4.47499e-199 2.50525e-139
1.92277e-63 1.33494e-84 8.75276e-108 8.80101e-82 4.88289e-161 3.10144e-128 1.46152e-24 1.32897e-199 1.27935e-21 2.85301e-170 0.162494 4.63905e-225 6.13584e-197 1.99533e-189 7.75066e-65 1.35868e-321 1.9371e-185 3.39953e-171 1.11109e-178 5.10544e-207 3.85233e-151
7.05883e-06 9.84329e-05 0.0211565 0.00491907 0.0397366 2.44912e-16 0.0316975 0.0372945 0.0440738 0.00875246 6.8037e-243 7.45009e-281 6.08309e-300 1.40263e-204 1.03754e-322 8.39912e-323 8.89318e-323 9.64398e-253 1.43279e-322 1.9482e-243 2.33169e-284
0.483848 9.36557e-39 1.37227e-29 6.69074e-22 1.54532e-53 1.60127e-18 3.24493e-08 2.29555e-44 2.78918e-60 1.74394e-24 1.21065e-222 6.34815e-268 9.26723e-306 1.05971e-160 3.70549e-322 3.16202e-322 3.35965e-322 9.05352e-192 4.38449e-316 3.69047e-249 1.0003e-258
4.5965e-165 1.28457e-322 2.79641e-321 3.47993e-144 2.1881e-143 3.35965e-322 1.69299e-234 3.35874e-186 2.75965e-42 7.47744e-178 2.59836e-78 4.96838e-184 0.07036 2.14412e-32 1.00908e-164 9.94837e-85 0.770528 8.71302e-179 2.60388e-200 3.1514e-41 2.28401e-283
8.94272e-26 9.76754e-260 4.76233e-242 5.87371e-19 1.55113e-255 0.0551004 0.00129249 1.99604e-121 9.88008e-222 1.49298e-152 4.37524e-128 1.40671e-134 3.93504e-225 7.3329e-100 2.24035e-83 7.45978e-284 2.32211e-321 2.06783e-175 2.52578e-142 0.512137 2.96371e-209
