2.59121e-77 2.76806e-120 4.86257e-156 6.95829e-173 5.70153e-06 9.44717e-63 4.80369e-18 1.0678e-95 7.92397e-184 5.46757e-11 8.78736e-80 1.20473e-214 1.04093e-98 5.13453e-102 9.50371e-42 4.54314e-98 6.66535e-219 1.00713e-208 0.276594 3.38783e-262 8.44992e-94 1.62936e-106 5.14332e-113 5.07243e-294 2.80382e-113 3.03707e-92 0.0874142 1.51599e-121 8.7367e-252 3.00554e-136
5.22293e-67 7.24987e-306 8.99565e-294 9.53561e-189 5.81432e-23 2.98153e-35 1.18997e-121 7.11552e-110 2.86381e-176 3.56592e-98 1.32475e-131 2.24457e-306 4.01141e-96 4.4238e-191 1.08441e-258 0.175137 1.48e-71 1.03529e-99 1.17038e-113 7.17576e-214 3.01985e-130 1.2538e-52 3.33872e-126 2.16401e-321 6.70827e-112 6.9828e-130 3.97039e-88 5.18096e-43 1.98931e-243 2.38604e-214
6.01338e-79 9.58419e-61 2.2182e-75 5.26218e-317 1.18852e-58 8.99054e-200 1.66608e-42 1.85713e-53 1.34582e-234 1.3528e-43 7.84009e-05 1.68163e-72 2.02767e-12 2.38549e-311 3.29932e-235 6.30132e-69 1.19173e-37 1.78198e-91 1.42092e-95 5.83563e-197 1.36259e-23 3.10902e-131 4.65454e-165 0.486848 0.742584 0.476557 5.19654e-198 2.15409e-122 0.731309 6.31354e-105
9.14138e-15 1.13254e-05 1.46026e-220 3.21189e-195 2.08865e-224 6.80187e-132 2.59307e-227 7.5225e-23 1.47434e-43 1.85139e-146 1.02044e-146 7.0499e-186 2.52153e-173 2.14486e-232 3.28423e-148 1.30431e-49 2.13527e-12 6.61967e-21 1.07959e-87 4.40306e-256 3.3094e-18 7.66745e-15 0.431102 7.02056e-70 6.57997e-87 3.60706e-152 7.35735e-61 4.46017e-190 2.43974e-92 1.8683e-123
1.32614e-131 7.82656e-40 1.82222e-117 7.96105e-202 1.18581e-156 8.40519e-141 0.0209569 2.36731e-08 1.9825e-12 5.61528e-125 1.49457e-41 9.18818e-30 6.84395e-37 1.2043e-166 5.80966e-185 6.67067e-71 8.64796e-165 7.10222e-104 4.85e-32 2.64405e-278 8.03077e-142 0.244702 6.48678e-66 5.66803e-114 6.34279e-96 6.92423e-108 1.72317e-35 1.50746e-92 5.59013e-212 1.02054e-141
3.45405e-163 1.02026e-237 1.87332e-162 7.59718e-201 4.53554e-178 6.69276e-47 8.67117e-112 2.34018e-14 1.10199e-164 1.09323e-55 2.04415e-160 1.02279e-187 2.88818e-134 9.0047e-05 4.79922e-94 3.26941e-133 1.48993e-12 1.26437e-206 0.401134 4.73021e-195 1.18304e-95 6.19709e-33 4.21573e-71 1.71729e-249 6.41467e-82 3.0374e-08 2.62123e-78 3.57115e-46 6.01746e-238 2.82779e-192
5.36958e-33 8.31525e-71 3.77688e-221 7.53516e-241 2.55785e-50 1.11072e-156 1.03765e-156 6.51075e-108 1.90123e-257 1.84173e-131 8.36081e-101 7.25762e-156 8.12525e-128 1.77974e-166 1.81404e-27 0.257862 9.21244e-112 0.0844344 9.79147e-115 7.03444e-201 3.75592e-111 0.162237 1.9894e-166 4.93546e-303 2.13393e-113 2.87823e-53 7.82959e-32 9.73024e-113 1.42452e-255 4.21496e-194
2.55064e-221 3.5231e-256 6.56102e-210 9.4258e-75 9.13043e-170 2.58029e-208 1.33037e-122 1.64726e-23 6.78741e-293 1.19464e-148 5.24859e-247 2.66359e-91 2.26421e-19 1.83541e-104 7.47512e-34 1.48737e-84 0.460588 5.6165e-18 6.8496e-22 0.27354 0.912397 2.45894e-120 1.36757e-84 1.74755e-255 1.80844e-14 1.94901e-157 1.38117e-88 0.472696 2.97442 0.159743
0.151371 3.52413e-06 6.56988e-13 2.68439e-05 1.62864e-13 0.000509718 5.1432e-06 1.71699e-08 3.01934e-15 1.318e-11 0.00087836 1.13028e-15 0.000359085 0.030938 0.000378225 6.08177e-152 1.54207e-222 2.01126e-204 6.73529e-228 4.94066e-323 8.98345e-193 1.16743e-140 3.47464e-163 1.18576e-322 3.63888e-207 1.872e-203 7.6269e-201 3.40492e-192 6.39292e-287 7.17495e-213
9.99441e-88 1.51624e-45 5.41831e-158 4.26306e-128 5.28737e-192 1.66696e-131 3.47964e-74 1.14841e-96 9.77477e-25 3.3635e-97 1.61988e-111 4.62595e-110 9.15382e-25 1.20886e-186 5.03972e-49 1.5386e-144 1.86649e-54 9.26482e-154 8.87292e-136 3.9244e-241 3.91024e-80 3.19289e-129 7.48e-104 5.97011e-239 1.22697e-141 1.64433e-147 0.162132 1.06142e-75 3.08754e-152 5.76378e-103
0.022327 0.00191876 0.000180027 0.000619943 0.000726585 0.000709589 0.000798076 0.000537824 4.2491e-05 0.000665356 0.000630351 0.0026022 0.00209728 0.00011009 0.00178724 4.83171e-154 1.47813e-228 7.43733e-212 1.85257e-234 4.94066e-324 4.45606e-197 1.06048e-146 6.41528e-174 9.88131e-324 3.21779e-217 3.3826e-205 2.15217e-201 5.94255e-195 2.97032e-294 7.08203e-218
