2.00699e-310 1.01991e-260 3.95253e-322 3.80431e-321 2.41229e-107 1.59758e-45 4.24917e-110 8.6154e-246 4.01226e-187 3.15921e-38 1.87836e-12 1.67982e-321 5.49825e-263 2.35175e-321 1.38832e-321 3.25589e-321 0.36394 6.65766e-30 7.5379e-246 8.33719e-50 1.4552e-105 2.16428e-112 4.75588e-320 1.70485e-290 3.49563e-135 4.33629e-89 3.64126e-321 1.12647e-321 1.00149e-263 2.91499e-321
2.34187e-321 2.13346e-64 3.55727e-322 5.57876e-66 7.66609e-250 3.94758e-321 1.66994e-321 8.39912e-322 1.65406e-239 2.76677e-322 1.41614e-59 2.85076e-321 5.73815e-273 4.41139e-197 2.68781e-49 0.760416 6.41514e-284 7.71135e-128 1.57113e-321 5.03699e-163 5.12397e-20 3.28951e-130 2.35149e-137 5.78152e-250 3.83889e-321 4.27701e-128 1.83435e-78 3.12729e-218 6.91224e-76 2.6729e-321
3.63269e-108 9.28843e-322 7.74621e-168 6.23538e-75 4.84184e-321 1.57055e-217 4.18259e-192 1.10177e-321 6.7683e-37 5.37173e-92 3.85865e-321 1.08993e-238 3.5417e-182 1.85738e-09 4.46882e-167 6.19318e-65 3.34089e-107 2.19285e-71 1.30433e-321 0.043446 5.15695e-62 2.04049e-321 7.62841e-221 1.00858e-13 3.95433e-213 1.67831 0.783247 2.21404e-221 1.00546e-62 1.88089e-301
1.62653e-239 9.49548e-241 1.35817e-191 8.56401e-152 3.50293e-321 1.41632e-263 1.50196e-321 1.05958e-120 1.00484e-197 2.02724e-114 6.00962e-229 1.60571e-321 1.87737e-43 2.32735e-194 1.07212e-321 4.03349e-249 3.42554e-189 1.7737e-321 6.00752e-270 0.524833 6.30355e-25 5.19973e-153 1.78012e-299 4.22629e-268 1.24517e-282 1.74375e-200 1.27981e-259 1.21046e-321 5.8849e-51 3.04839e-321
1.40809e-321 3.09466e-118 4.08118e-239 2.4744e-128 1.0584e-286 2.76677e-321 1.65493e-101 3.66516e-50 4.30183e-265 4.82545e-149 2.19365e-321 1.00909e-100 4.64055e-84 2.50471e-80 1.06224e-321 2.18871e-321 1.67706e-13 1.15392e-115 1.10177e-321 0.781464 4.50598e-149 0.330299 6.1344e-53 8.04884e-260 2.31717e-321 3.78005e-279 1.27993e-136 3.73607e-281 1.98786e-261 1.29921e-246
1.00426e-250 6.98933e-204 2.17399e-223 5.88856e-166 6.07956e-116 5.20305e-319 3.64743e-203 1.4324e-291 1.51539e-272 1.184e-104 5.22459e-289 9.12444e-161 1.44663e-07 5.84266e-103 1.47912e-69 1.96144e-321 0.198222 1.11659e-321 7.65802e-322 2.04025e-205 6.75291e-229 1.46232e-92 6.39158e-41 1.12623e-169 1.49974e-277 3.67633e-229 2.14919e-321 6.62048e-322 4.64887e-154 1.46737e-321
0.0331242 1.98823e-97 1.73673e-151 5.10397e-265 3.34977e-321 4.91736e-112 1.01559e-314 4.50702e-266 1.64048e-256 1.83291e-201 5.57132e-298 1.69186e-55 2.54454e-20 6.34183e-320 9.09081e-322 4.64475e-200 2.98342e-128 3.48099e-162 1.25493e-321 3.27716e-207 4.3729e-268 4.16899e-313 0.234282 9.50582e-321 3.99576e-201 1.55043e-220 2.46539e-321 3.85455e-213 2.71996e-233 2.25294e-321
1.33673e-72 7.35523e-96 2.60017e-51 5.26447e-59 2.97492e-85 1.18397e-60 0.0800757 9.69549e-72 0.152075 0.00896839 6.34481e-75 3.35615e-43 5.8211e-61 7.49765e-92 3.31015e-80 5.08888e-322 1.77771e-282 2.71736e-322 2.17389e-322 2.80251e-279 1.38873e-251 3.26083e-322 1.75735e-303 1.55492e-273 4.99006e-322 1.19564e-321 2.20374e-294 1.87745e-322 3.44893e-256 4.44659e-322
0.00471839 0.00249735 0.0011409 3.11955e-07 0.0118424 0.00840167 1.28959e-06 0.00267861 3.67213e-06 4.07967e-07 0.00864478 0.00556012 0.00136393 0.00599927 0.00332849 2.47033e-323 5.43472e-323 1.4822e-323 9.88131e-324 3.04796e-290 1.27091e-282 1.4822e-323 1.97626e-323 1.43279e-322 3.45846e-323 8.39912e-323 3.95253e-323 9.88131e-324 3.45656e-263 2.47033e-323
1.69465e-321 1.24172e-156 3.00131e-181 2.71287e-78 8.15644e-24 2.20585e-48 5.99669e-14 9.0709e-48 7.19353e-118 2.20396e-207 9.48706e-225 3.90985e-78 7.95122e-244 5.8599e-81 7.71562e-170 3.77884e-256 1.83631e-153 2.7203e-166 4.54089e-310 3.9299e-119 1.19617e-199 5.29861e-37 4.85374e-36 1.09738e-158 4.60328e-149 1.10803e-254 1.01008e-287 3.82986e-313 0.273114 2.49997e-321
3.77839e-212 1.34757e-100 4.384e-194 0.655226 3.1367e-40 4.00506e-245 0.0339992 1.16758e-89 3.07758e-25 1.03014e-154 4.53875e-294 4.31101e-151 1.40742e-52 1.06035e-234 8.89318e-322 3.80952e-316 2.34722e-254 1.19564e-321 8.05327e-322 0.335643 5.50949e-75 1.11114e-200 9.10379e-129 8.68073e-321 3.75245e-288 7.79769e-203 2.14424e-321 7.31217e-322 0.0566666 1.86263e-321
1.54643e-321 1.14623e-321 2.59166e-12 4.42782e-158 4.75785e-321 4.38236e-321 9.64631e-35 7.87721e-157 1.03448e-213 3.0138e-322 2.09978e-321 7.02364e-320 1.29434e-196 3.73541e-45 4.8829e-100 2.22945e-283 2.88589e-142 0.754634 0.554952 1.33651e-276 0.650214 1.93929e-185 0.182728 4.24812 1.223 4.78442e-266 1.14772e-127 0.519413 6.43615e-110 1.15936
1.38832e-321 2.68961e-203 1.07011e-109 1.85956e-142 7.326e-280 2.58566e-75 1.60571e-321 2.48989e-113 3.92066e-122 6.2012e-246 2.15413e-321 3.98814e-274 2.36277e-191 1.91006e-155 2.47653e-246 1.41125e-312 0.239886 9.78769e-191 8.20149e-322 1.48679e-104 3.79384e-205 2.33093e-123 2.61527e-58 1.43423e-106 9.15743e-237 3.5196e-149 2.48515e-321 1.10671e-321 3.69327e-74 1.10103e-283
