5.74737e-81 0.0589794 5.79055e-101 0.4416 6.99599e-41 2.83791e-203 1.56078e-58 6.53574e-55 1.05534e-101 5.4225e-41 1.65951e-102 5.12098e-151 4.33809e-130 9.00853e-100 5.62533e-112 2.54052e-77 1.00434e-59 7.29388e-223 6.18345e-27 1.179e-100 2.08892e-38 4.68571e-41 3.00654e-12 2.57553e-186 8.60937e-33 0.0737107 5.54193e-169 2.93055e-105 3.33339e-123 0.239708
2.26885e-57 1.15589e-80 1.41769e-54 7.79335e-151 5.3291e-99 2.11397e-165 3.35738e-33 2.06171e-122 2.04023e-117 0.207312 2.04691e-122 1.36262e-162 5.36369e-187 2.62892e-126 2.52834e-66 6.97013e-34 8.54224e-35 1.60012e-226 1.2572e-29 8.46692e-125 3.89939e-84 1.14007e-26 2.99339e-37 5.6297e-198 2.09876e-96 2.20372e-95 5.50712e-66 1.64732e-128 5.11385e-123 1.59575e-60
1.06745e-83 2.12714e-128 9.82389e-53 3.52817e-22 1.66666e-91 1.03712e-121 6.32477e-70 3.50597e-175 9.90888e-80 3.37704e-42 2.22214e-99 2.67229e-271 1.17672e-134 1.89633e-165 1.0883e-93 0.117911 6.85498e-162 2.00126e-68 5.19792e-43 2.5806e-78 1.52323e-88 1.41478e-73 1.17617e-25 1.31899e-114 6.12514e-111 4.74736e-81 1.11776e-107 4.35773e-187 3.39466e-74 1.55735e-79
2.82902e-128 3.39445e-40 3.2925e-16 9.45777e-165 7.91867e-69 0.539402 3.56265e-87 1.29335e-141 0.266264 1.38355e-80 3.46818e-25 0.0929442 1.00812 0.181806 5.58362e-106 5.1431e-129 3.00639e-88 1.76063e-17 6.64592e-100 5.68016e-116 3.26809e-108 0.130082 2.50139e-14 0.14877 0.220531 6.85915e-24 4.51762e-29 3.10746e-114 0.0276772 3.9233e-97
1.87216e-106 1.94003e-121 2.71914e-99 0.331239 3.71843e-124 5.18046e-255 0.280845 1.85685e-94 1.69296e-134 1.45462e-65 3.3749 6.98419e-156 7.18136e-173 3.41631e-115 4.07785e-48 7.2238e-27 0.231214 0.23762 2.29602 3.72303e-46 1.27996e-66 4.7263e-09 5.37882e-35 8.20877e-236 1.9441e-84 1.75806e-73 0.0883294 2.10412e-15 2.54717e-77 1.29049e-129
6.60414e-131 5.32061e-109 1.05766e-99 4.94463e-122 1.27773e-56 3.63655e-174 1.13077e-25 8.40563e-79 3.48934e-169 0.282653 5.69585e-135 4.11967e-177 9.44225e-207 1.05152e-127 2.28939e-140 5.45396e-24 2.80012e-149 1.26408e-104 4.7332e-66 4.7215e-67 2.43873e-89 4.88701e-70 3.3798e-28 5.68354e-204 1.00666e-51 2.23127e-62 6.77708e-168 1.06911e-102 8.88421e-19 1.36798e-89
0.42683 2.60926e-131 7.1544e-20 5.58452e-140 1.27376e-91 3.4454e-221 3.54422e-16 2.20627e-92 2.3615e-39 1.88661e-47 4.96703e-71 4.34558e-195 1.67786e-219 4.15243e-172 5.52797e-142 1.9743e-06 5.23795e-101 2.93563e-76 4.2153e-58 6.20417e-168 1.51334e-56 5.25064e-52 6.26807e-15 3.22771e-176 1.38536e-25 2.09273e-88 1.53587e-134 0.0595781 0.289337 4.96526e-101
4.45387e-45 7.62647e-152 0.384197 4.42297e-52 0.422717 8.63636e-67 1.03514e-69 2.12646e-73 5.03731e-90 4.12137e-64 8.69247e-130 4.63408e-286 1.25845e-150 2.66374e-172 3.58271e-138 1.503e-84 1.07529e-95 2.09553e-77 1.96542e-88 0.323127 1.78288e-48 3.71743e-71 0.358161 1.40897e-209 1.72799e-117 0.000630089 2.66564e-127 1.86816e-07 1.03455e-18 1.36985e-93
6.49824e-160 4.2509e-70 8.91598e-162 7.03592e-172 7.11813e-74 3.57664e-282 9.17571e-103 2.92613e-152 9.50141e-118 5.77336e-85 1.08023e-144 2.13738e-233 8.47166e-172 2.12795e-144 1.26286e-72 1.02223e-53 1.0464e-109 2.58238e-206 3.63125e-18 2.45753e-167 6.86651e-125 9.67224e-97 5.43161e-97 8.96826e-219 1.24289e-105 1.25656e-32 1.25426e-152 9.47171e-120 0.36985 3.76071e-72
2.31082e-148 5.66694e-103 1.70507e-70 2.095e-25 7.8586e-95 1.16788e-112 5.4739e-92 5.86116e-143 2.42622e-99 1.88446e-34 5.609e-48 1.27378e-167 1.09571e-264 2.11003e-86 1.54203e-107 6.54798e-130 1.66723e-05 3.62399e-126 0.0302208 4.39136e-57 6.55506e-147 4.66956e-105 6.36669e-49 1.14055e-242 5.18102e-85 4.36983e-79 2.79806e-157 2.92829e-140 1.61596e-48 7.35753e-90
1.19162e-60 9.35056e-104 2.06195e-135 7.06307e-78 1.21062e-56 6.67994e-224 1.92427e-88 1.15673e-178 3.25704e-164 0.0626928 7.34892e-65 1.78362e-286 4.61546e-194 3.49134e-95 1.36101e-112 3.01832e-80 2.60054e-185 3.00151e-184 6.18526e-95 2.46631e-83 1.42325e-136 9.14256e-87 5.69581e-103 7.50801e-191 1.15107e-57 6.78482e-23 1.12869e-174 1.8993e-106 0.395405 2.36905e-80
4.58697e-106 7.48104e-152 6.82261e-68 5.21071e-23 4.72336e-45 1.13886e-272 1.57886e-18 1.4473 3.12112e-46 6.71528e-17 4.25947e-15 7.4459e-203 2.02697e-65 1.74717e-73 0.282388 4.97749e-88 4.11469e-141 0.0340531 2.80317e-60 6.35119e-49 0.0792639 1.95717e-88 4.00262e-67 7.40071e-83 2.84025e-23 1.20945e-13 7.75251e-134 2.17774e-90 4.60213e-87 1.37448e-113
2.53845e-159 5.60473e-98 3.33385e-128 7.44339e-128 2.80158e-69 6.99536e-284 1.07718e-96 2.76692e-89 8.52739e-157 0.00191594 0.0105199 7.20496e-298 1.05248e-149 3.51908e-134 9.34768e-83 8.45532e-32 7.96814e-40 4.97142e-190 3.21946e-90 8.95246e-170 1.36896e-160 8.46112e-86 2.44746e-34 1.16813e-238 3.00451e-119 6.47239e-92 5.35145e-106 5.36105e-65 9.07121e-119 1.6509e-74
