0.0036755 0.00493636 7.62223e-05 0.00189963 0.000606531 0.00365176 0.000994287 7.02955e-71 1.15397e-48 8.30365e-42 1.33105e-44 9.10548e-41 5.50713e-68 2.72919e-43 1.65008e-48 2.72403e-51 1.30547e-67 1.20463e-47 1.16986e-50 2.47414e-40 1.34135e-61
2.6932e-70 1.86349e-56 2.8517e-38 1.19867e-38 2.2825e-10 6.23253e-33 0.00157213 1.27435e-27 5.59626e-22 1.23457e-34 1.11125e-43 1.37975e-33 0.040554 5.31624e-42 8.18856e-12 0.109977 3.8464 8.60554e-13 1.87018e-29 0.0176341 5.57454e-52
1.93102e-31 9.17887e-22 3.831e-29 2.29413e-13 6.04878e-10 9.46439e-65 1.09842e-29 3.543e-32 2.96299e-19 0.721136 4.7889e-09 1.03443e-22 1.51143e-54 1.73365e-30 4.96384e-23 1.17961e-29 1.51509e-37 0.00961753 7.76948e-25 6.34997e-13 3.00501e-46
7.54021e-30 2.51587e-20 2.25416e-37 1.65437e-26 9.84571e-09 2.29254e-30 4.20591e-31 3.00077e-36 5.61222e-22 0.405025 0.140088 4.21306e-28 4.27862e-05 0.00144103 6.38032e-09 4.06846e-14 5.14772e-49 2.32832e-50 2.68011e-30 0.000155189 2.26356e-27
1.42919e-36 9.96453e-44 0.0302333 1.17516e-05 1.27248e-18 2.47791e-33 0.000558103 1.27672e-37 2.04792e-11 9.29196e-06 1.77855e-27 1.03117e-20 4.58531e-13 5.00037e-29 0.205095 1.98431e-35 2.3145e-51 1.0317e-33 1.47868e-40 1.68216e-30 1.59166e-08
1.93253e-06 1.01248e-33 1.859e-23 1.01003e-13 3.68892e-09 3.66587e-24 5.79888e-42 4.78191e-27 5.61046e-25 2.26755e-39 3.90371e-21 4.94708e-11 3.22073e-55 2.13216e-14 4.95578e-33 7.18694e-31 1.64561e-26 0.0529005 4.10417e-31 1.59344e-33 1.89081e-37
7.2002e-68 1.40034e-28 1.89503e-24 1.99717e-43 3.94302e-31 7.84381e-52 0.000403551 8.74098e-15 4.1431e-08 1.53114e-37 6.8776e-15 3.32526e-12 0.00442141 0.271118 4.83248e-47 7.47925e-45 6.7574e-39 2.28466e-13 1.21502e-35 3.743e-20 3.85748e-05
1.54251e-43 6.43507e-34 3.00862e-05 1.00358e-08 1.31627e-14 4.35388e-67 5.3366e-65 8.0312e-07 0.0711018 4.43817e-39 5.80211e-18 0.122583 6.21278e-45 5.78573e-40 1.16002e-28 2.02371e-16 0.04807 5.87366e-32 1.96193e-30 3.79595e-36 0.0350421
2.08068e-48 6.34298e-52 7.20839e-22 2.10185e-20 0.0408995 7.48702e-55 1.81851e-12 3.18522e-54 1.15953e-26 0.0067466 1.09414e-16 2.38758e-33 1.08848e-65 1.26254e-28 0.179197 5.13263e-19 1.88777e-48 0.0717913 2.24208e-34 3.77619e-13 1.15803e-34
7.44912e-12 7.45637e-52 4.76414e-07 7.61644e-49 6.07421e-20 3.25528e-45 1.06153e-33 0.0647077 6.90304e-20 0.095554 9.711e-08 7.60454e-36 1.07549e-34 0.146211 1.0433e-18 7.8323e-50 1.20694e-29 0.000146387 0.0885266 2.13945e-21 1.94476e-28
