3.42905e-265 8.68772e-26 7.91245e-20 2.87544e-133 9.11243e-175 1.21569e-119 0.438969 7.01331e-311 4.65982e-202 2.6179e-223 1.98917e-164 0.476435 3.98796e-67 2.0064e-27 2.80097e-78 4.9521e-12 2.41407e-86 0.559757 3.31024e-321
4.73441e-91 2.38621e-79 1.26255e-22 1.17353e-124 2.73923e-270 9.81937e-26 1.8757e-145 7.27175e-158 6.04345e-101 1.20377e-07 0.679879 5.38292e-105 0.0543826 1.1086e-147 1.41281e-75 1.99401e-149 8.48454e-38 2.19951e-78 4.55652e-108
2.7814e-178 3.41814e-66 8.50148e-97 4.83822e-194 3.64362e-312 1.89764e-21 8.09694e-87 3.57698e-279 5.61092e-230 9.00392e-121 0.230308 5.26394e-290 4.20247e-105 0.650049 8.09076e-138 4.27238e-146 6.07211e-247 1.70453e-321 1.91203e-321
3.5923e-216 2.983e-29 7.38786e-72 3.75353e-08 1.78963e-185 1.66175e-18 2.31599e-193 0.198104 1.53626e-58 9.67972e-241 6.23627e-305 5.26068e-224 0.444827 1.71955e-50 5.44264e-166 3.6802e-62 1.08115e-212 1.36124e-315 4.08854e-218
2.97494e-138 1.14501e-105 7.66879e-193 7.43917e-127 8.39587e-212 0.0538182 5.76236e-75 3.34202e-293 2.75583e-20 6.09814e-62 6.62542e-126 5.75616e-121 4.14441e-265 5.94938e-60 9.33128e-185 3.05295e-156 7.48841e-213 5.93782e-198 1.42849e-217
0.0356825 3.55769e-253 9.17314e-81 2.69747e-56 7.38994e-78 3.47641e-28 1.00727e-215 2.29412e-30 7.7555e-243 7.39283e-249 2.92495e-227 3.04098e-160 6.06467e-69 6.92528e-141 2.77119e-15 6.05682e-200 3.23436e-16 5.97339e-78 0.151177
1.69636e-16 1.67222e-248 7.56836e-15 2.93036e-174 7.70568e-76 4.57283e-65 1.54105e-194 0.226891 3.3737e-87 3.26874e-66 8.11108e-106 2.9621e-151 2.38162e-286 4.86113e-103 2.25002e-170 4.27656e-119 1.21273e-165 1.95552e-313 2.43574e-321
5.08512e-275 1.74184e-104 2.35524e-226 4.17142e-36 7.91927e-315 8.57398e-124 4.32644e-260 2.10427e-178 5.00572e-238 8.91288e-127 0.0249606 5.67226e-120 7.53948e-264 1.18076e-60 8.58743e-217 7.18017e-22 0.532243 2.33693e-321 2.12114e-207
6.8945e-172 1.33666e-119 3.24037e-221 6.96473e-221 1.15625e-256 2.45934e-206 4.44301e-116 8.50947e-28 2.45608e-163 4.66986e-175 5.40196e-82 1.65741e-244 2.8123e-302 0.0645032 7.1847e-215 1.42414e-201 3.89616e-72 1.29334e-291 2.95755e-298
6.87763e-215 1.30373e-123 2.22806e-145 1.83568e-83 6.96356e-31 0.0957391 3.00744e-91 6.13158e-26 5.22468e-49 6.04415e-186 1.09019e-211 1.16273e-187 1.20042e-88 7.20923e-99 6.86207e-23 5.29673e-311 1.01622e-79 1.94662e-321 2.3499e-260
6.44349e-28 0.575248 0.214056 0.73987 2.30865e-175 1.29784e-110 0.181139 2.27008e-215 7.27001e-200 7.01659e-132 1.26825e-20 2.42781e-200 2.86196e-66 3.30279e-16 2.28872e-53 3.19068e-296 0.00740163 4.01719e-129 3.62739e-287
4.88839e-243 1.83041e-119 1.69791e-39 1.41917e-144 2.69285e-275 4.86943e-210 7.48404e-267 6.8051e-90 3.71021e-127 2.26104e-110 0.0217764 7.29862e-159 2.41006e-34 2.15537e-55 2.32282e-62 3.88283e-214 8.91284e-297 3.7671e-236 2.16908e-238
4.56477e-293 6.52929e-229 2.51033e-92 1.23634e-63 2.00898e-81 0.0311629 3.57685e-214 6.11669e-194 3.95252e-123 4.32831e-85 1.70886e-119 2.75748e-181 7.48834e-285 6.41332e-73 1.16962e-108 9.74325e-138 2.19382e-190 1.75887e-321 6.11838e-202
0.652604 1.70555e-133 1.92047e-98 4.10664e-132 5.46046e-176 2.11369e-108 2.10475e-168 8.50494e-237 1.27644e-110 0.483858 1.20301e-22 3.47448e-178 1.52638e-161 9.03623e-146 1.67386 0.362471 1.09993e-06 2.85102e-114 3.88744e-16
1.18115e-51 7.30326e-84 2.24918e-28 3.62871e-132 1.65875e-112 7.77571e-146 3.02513e-79 8.41373e-109 2.57019e-226 5.85412e-108 4.61332e-90 1.50029e-262 6.12927e-52 1.50172e-89 6.55168e-44 1.15654e-165 2.09226e-219 9.80643e-108 0.0805993
2.05535e-123 1.62723e-184 1.89123e-233 6.69796e-158 1.24528 5.90995e-192 1.13157e-278 2.04243e-61 6.46349e-07 7.0551e-27 3.73532e-39 2.94127e-161 3.34262e-09 2.106e-165 1.68507e-123 1.04229e-83 1.87299e-266 4.3977e-181 3.07351e-172
3.00537e-169 0.0163978 2.66012e-192 8.47381e-32 8.40545e-100 0.0901352 2.20267e-281 3.27063e-202 0.651683 4.2314e-180 2.65431e-262 1.02124e-303 7.91246e-124 8.04432e-86 4.44199e-63 2.31898e-74 4.36299e-54 3.66305e-130 0.292274
