1.94437 0.139823
3.36883e-116 5.44759e-24 6.34793e-34 1.1315e-16 0.0500096 1.14142e-120 2.88789e-24 1.3418e-67 0.111901 1.24787e-84 1.37697e-115 9.91213e-21 1.02288e-34 2.04438e-118
2.62496e-139 1.5864e-141 1.29017e-62 4.64397e-18 6.07143e-17 5.43173e-80 2.36557e-34 2.80645e-145 0.0716492 1.15746e-61 6.38228e-112 9.19826e-33 1.20982e-98 8.74963e-44
2.12379e-68 2.19783e-121 0.0453961 2.15524e-61 4.96296e-06 2.55348e-77 4.83749e-49 1.611e-66 0.0670913 2.59908e-70 1.66445e-131 1.10106e-119 2.82384e-52 1.35692e-121
3.71501e-79 2.43298e-45 1.487e-97 4.76721e-66 1.28799e-25 5.65648e-93 3.23722e-90 2.09657e-131 1.508e-29 0.65394 4.04068e-35 1.83924e-95 1.82855e-59 2.37079e-122
0.211486 1.23338e-95 3.59522e-81 6.70347e-87 7.61306e-74 3.39363e-82 2.38766e-23 0.11437 1.23966e-17 2.82223e-07 2.32021e-58 0.0758722 9.19447e-24 9.94629e-56
1.57761e-92 1.49875e-165 6.88217e-68 7.70697e-21 3.17428e-24 2.63933e-75 1.93793e-20 1.63926e-125 1.05831 3.7114e-49 0.0184284 7.99802e-59 1.14801e-54 0.0313819
1.40897e-152 3.87652e-27 1.15803e-41 3.4127e-76 4.21227e-53 3.17645e-169 0.205128 7.72223e-46 1.2989e-61 1.80482e-92 0.000718183 2.62572e-96 4.38137e-09 6.26271e-44
1.95273e-124 2.8259e-172 1.19983e-17 2.76457e-86 0.137644 1.08026e-136 3.76376e-84 2.17005e-85 4.4489e-53 1.78358e-87 1.21097e-125 6.75764e-80 0.42543 5.61833e-47
3.537e-81 0.0660345 2.37733e-20 0.161086 4.39684e-06 0.155406 1.69856e-10 0.133157 2.74025e-18 1.42304e-86 0.13993 2.07453e-31 1.59106e-89 5.80977e-15
