2.2673 0.174931
0.0219176 1.2259e-48 7.51301e-73 4.16642e-110 3.74208e-100 1.32909e-143 7.93539e-178 4.20461e-219 1.14856e-57 8.37789e-188 2.89604e-114 2.82924e-56 3.13828e-236 2.46157e-43
9.20596e-87 2.25756e-143 2.81124e-136 1.59158e-106 5.91813e-163 5.43293e-160 2.19318e-169 3.77007e-230 7.87522e-123 4.2572e-191 5.14188e-142 2.34726e-111 1.20173e-306 2.16729e-95
0.0657196 3.17348e-48 2.52916 0.109638 6.03805e-52 1.19511e-66 7.27447e-102 2.67393e-155 4.73422e-61 1.85949e-69 2.51428e-94 0.114985 5.2342e-134 4.82286e-27
8.29132e-50 1.2274e-141 1.76242e-112 4.24578e-33 0.340143 0.177032 3.6103e-133 7.56818e-103 7.10818e-41 4.29097e-13 8.3924e-95 1.8153e-70 0.29686 3.95959e-58
3.93593e-82 0.331073 1.22444e-118 1.27039e-59 0.284808 7.78392e-119 0.150462 0.236353 2.43765e-21 1.04626e-142 0.323377 9.46388e-24 3.96671e-196 8.39654e-59
1.01402e-74 3.57067e-33 4.96283e-133 3.36333e-97 2.08414e-121 4.59108e-155 3.89832e-37 6.31892e-222 0.0737693 1.05563e-120 4.58081e-52 7.96289e-105 6.99741e-315 8.2369e-14
3.67113e-36 7.31793e-47 1.30267e-125 1.85228e-71 1.98334e-98 1.85347e-22 0.293611 4.43023e-86 2.04281e-47 1.52255e-76 4.47178e-73 1.27895e-09 4.23074e-245 2.04267e-25
5.39879e-49 1.69732e-158 2.29095e-145 6.77408e-38 5.0307e-171 9.7781e-138 2.87244e-91 0.0606454 0.000643241 5.84096e-81 0.0679306 8.20012e-19 5.24327e-196 0.0728119
8.67741e-70 3.76462e-41 2.70842e-24 2.11787e-45 5.82187e-106 1.30731e-88 3.46717e-13 6.24043e-21 0.528966 0.120449 5.09299e-99 2.75753e-46 1.78691e-82 0.0037425
