0.00172898 0.0256584 0.000204247 8.83542e-126 1.62123e-173 2.93324e-140 2.00105e-199 1.03897e-144 2.21345e-235 2.5957e-185 3.9172e-155 5.68856e-122 1.45233e-136 2.44136e-195 3.3588e-103 1.82813e-149 2.13451e-170 8.20108e-97 3.70649e-181 1.04106e-148 2.60802e-199
4.88836e-111 6.33706e-89 1.54734e-24 1.02358e-40 1.47322e-125 3.84173e-67 1.27394e-182 0.248278 6.35992e-161 8.25551e-60 1.20584e-61 9.19301e-94 3.21944e-50 8.07912e-66 2.09394e-36 1.5927e-136 2.06022e-23 3.34763e-91 5.78566e-72 5.24754e-91 5.78292e-120
1.84566e-28 5.32625e-145 1.2488e-08 3.99166e-118 3.39627e-62 1.49723e-93 7.79695e-59 5.7911e-85 1.64194e-78 5.69939e-149 2.28179e-109 2.15156e-90 9.1583e-35 1.18463e-95 1.32229e-37 4.05143e-20 7.81521e-107 4.61056e-12 1.63413e-179 0.670758 5.61768e-17
9.14543e-96 3.01963e-62 1.72317e-49 1.85317e-12 5.26401e-22 1.51354e-123 6.71768e-182 5.9224e-127 3.09904e-131 2.63136e-20 4.47474e-100 1.24614 0.905741 2.10821e-94 2.90264e-68 2.35029e-117 4.29433e-31 2.07931e-29 3.71027e-78 1.47175e-05 1.92057e-09
6.72747e-55 6.20232e-86 0.00381181 0.0110476 9.18118e-43 1.09125e-48 4.23123e-120 8.81413e-106 2.8037e-72 2.25575e-146 1.02336e-111 2.56894e-116 1.21956e-41 2.08702e-192 1.52517e-18 3.0347e-105 2.3791e-66 2.50219e-67 9.04373e-86 2.96109e-139 3.4047e-47
4.55398e-46 3.88154e-72 0.000104749 8.60877e-99 3.4822e-83 0.125684 4.20412e-165 2.99728e-77 1.12741e-101 2.35815e-110 3.35223e-59 1.89309e-27 1.41553e-130 1.46927e-107 3.65668e-85 1.78892 0.423684 0.15872 1.11666e-154 3.4218e-98 1.27222e-113
0.00167684 0.0327039 5.31674e-05 1.31729e-124 2.81071e-173 4.82804e-140 1.37471e-199 1.5361e-144 3.3397e-235 4.3513e-185 4.7591e-155 6.16831e-122 4.68428e-135 6.32376e-196 1.37749e-103 3.23551e-149 2.14755e-169 2.32763e-97 3.0456e-180 1.31042e-148 5.84379e-199
0.00120561 0.0153499 0.000133377 7.88037e-125 1.28743e-173 1.94658e-139 1.28246e-199 1.43088e-144 1.28099e-233 2.00553e-185 1.59537e-154 4.26935e-121 2.46432e-134 5.50411e-196 2.53049e-102 3.68592e-148 2.60212e-168 1.48562e-96 3.35687e-181 1.71726e-147 1.32075e-198
2.60494e-16 0.000627314 2.3985e-93 0.547732 3.26193e-73 1.01767e-130 4.7587e-186 5.61711e-68 5.21801e-107 3.59077e-63 7.37189e-127 3.32875e-69 7.42536e-14 4.13435e-79 6.24019e-54 2.25063e-70 6.18187e-36 3.20942e-57 8.86199e-75 1.34878e-32 1.12517e-40
1.43286e-85 7.83244e-122 1.93736e-23 0.00266391 6.74499e-57 2.07836e-129 8.85475e-88 3.70817e-31 1.08122e-209 7.63308e-82 3.67446e-149 2.11711e-64 0.237547 1.27271e-90 1.27385e-65 6.98276e-69 1.09127e-106 6.69096e-86 4.94136e-67 0.0545618 8.97311e-152
1.50136e-16 3.35713e-39 7.48413e-36 1.68575e-110 0.697387 2.12414e-105 0.226375 0.159101 1.04184e-127 4.52421e-91 0.300108 2.74097 6.61083e-59 0.261915 0.28906 1.65881e-45 0.492487 1.06289e-74 0.0834007 2.02218e-07 0.123143
2.44058e-156 4.22883e-116 2.96283e-19 0.0604202 1.57281e-27 8.38464e-92 1.27425e-120 4.85378e-140 5.24195e-207 7.19389e-63 6.36911e-122 3.32297e-46 2.38349e-120 1.00499e-160 2.99619e-87 1.95412e-79 2.82293e-43 1.99574e-92 3.96906e-128 3.93366e-122 3.10066e-123
1.61063e-173 3.29508e-81 2.72551e-94 5.88936e-88 3.40511e-165 1.84959e-55 1.57774e-70 1.6369e-16 1.46604e-95 7.63128e-79 6.56805e-63 1.76159e-26 1.00031 3.94747e-131 2.55242e-34 2.35101e-146 1.22511e-66 2.54473e-91 4.21776e-158 2.61253e-38 2.30777e-147
2.14106e-52 3.76853e-51 2.80229e-26 2.6365e-36 2.82174e-96 6.40229e-134 4.1791e-193 9.19504e-72 1.86623e-132 1.75088e-117 5.45087e-91 1.78317e-100 2.6384e-100 1.14197e-106 1.16425e-91 6.66962e-134 3.50027e-160 2.67852e-24 8.55811e-145 1.25155e-89 9.88598e-145
2.74996e-189 8.81805e-109 1.82205e-98 1.40182e-11 4.62286e-112 0.0557188 5.17686e-78 7.28656e-132 6.02381e-44 0.312085 3.59416e-150 4.59365e-66 7.12882e-108 2.59513e-90 4.68368e-12 1.02299e-28 1.24163e-164 1.08871e-64 2.04521e-06 7.92375e-25 1.65634e-71
4.49846e-137 2.5453e-114 1.93943e-93 5.88461e-67 4.82193e-148 1.42248e-48 1.10054e-79 1.27997e-19 8.50585e-158 3.67405e-120 6.27684e-48 2.85691e-68 0.423162 2.42924e-124 2.88689e-42 2.22281e-85 2.88607e-153 7.53224e-19 1.78928e-07 6.79795e-102 9.34436e-151
4.57141e-180 2.59723e-116 2.15865e-19 5.74354e-107 7.77133e-161 1.9157e-62 6.70549e-18 2.09576e-80 0.20366 6.64812e-59 3.86121e-59 0.602152 7.11308e-45 8.50255e-133 4.15361e-85 1.43746e-112 1.38795e-102 3.01674e-57 2.36255e-177 0.0405202 1.03277e-81
