3.60894 0.612767
1.88733e-321 1.78068e-44 6.81317e-321 1.33398e-321 4.8192e-97 6.52167e-322 0.177753 1.18513e-103 6.74179e-288 6.60566e-321 6.26969e-321 1.13425e-246 1.26317e-227
1.49249e-110 1.69507e-35 4.58336e-249 7.13066e-107 5.02523e-274 1.09189e-321 2.35207e-173 4.60859e-211 4.04469e-201 4.98018e-321 3.52763e-321 8.92283e-321 0.163694
5.84112e-143 2.07014e-321 5.45943e-321 1.41797e-321 3.26083e-322 7.75683e-322 2.22135e-277 5.15261e-320 1.87943e-320 6.66989e-321 1.93953e-294 8.17679e-321 0.201297
2.80241e-121 7.05057e-142 5.16793e-321 5.8562e-153 2.81617e-322 1.45342e-07 0.660884 5.32731e-57 2.63782e-320 8.02885e-300 3.10273e-321 9.66886e-321 1.34732e-320
9.04802e-152 1.99603e-321 5.24204e-321 7.47679e-21 6.61861e-64 5.03947e-322 1.15831e-299 0.844343 2.00788e-320 6.58341e-166 4.19462e-321 7.05526e-321 6.11653e-321
2.24008e-46 1.24568e-26 2.03497e-318 1.24999e-321 2.13554e-85 4.79244e-322 5.69159e-179 0.639341 1.36609e-320 1.01501e-249 2.2727e-321 1.69023e-299 1.24258e-320
2.99404e-321 1.88239e-321 3.83889e-321 1.22528e-321 8.30267e-130 7.70835e-267 6.16594e-321 0.0969041 2.30333e-320 7.13681e-236 3.63632e-321 2.37564e-229 2.23812e-320
1.68476e-321 1.27853e-304 9.25879e-321 1.67488e-321 1.11268e-205 6.21629e-103 8.0088e-321 3.45639e-191 11.2711 3.35154e-70 2.2072 3.42801 5.19996
2.81176e-147 7.13975e-101 5.90722e-164 4.53897e-229 3.51672e-105 1.51792e-131 1.6403e-321 1.59978e-320 5.01971e-321 1.96144e-321 1.34386e-321 3.20649e-321 3.55233e-321
4.05431e-22 8.65197e-258 3.88336e-321 4.59021e-226 6.30899e-58 3.22278e-152 2.99404e-321 0.353848 9.31314e-321 1.37759e-228 2.87052e-321 1.15421e-309 5.95843e-321
1.6897e-321 3.12744e-321 3.60839e-40 1.3241e-321 0.00402813 1.03137e-303 7.15407e-321 4.85518e-320 3.42437e-320 0.660397 8.00386e-321 3.13015e-183 1.02716e-320
4.38337e-124 1.7737e-321 4.76029e-300 7.81247e-292 3.70549e-322 3.7588e-101 9.10704e-34 0.0955102 1.81816e-320 6.89732e-200 1.10268e-240 2.46221e-279 9.0661e-321
1.00741e-273 1.56074e-163 1.74858e-251 1.47726e-321 3.80431e-322 1.19693e-181 0.420331 1.06963e-307 1.49998e-320 1.66441e-238 3.71537e-321 7.94567e-213 9.22421e-321
2.53429e-221 4.26797e-224 1.13463e-97 1.11659e-321 2.13661e-235 6.22523e-322 1.10599e-22 8.65588e-213 3.87436e-219 0.676364 6.23511e-321 7.5136e-176 0.52725
9.62502e-275 4.93797e-64 1.22319e-181 1.30433e-321 3.2756e-289 4.96965e-177 3.34247e-182 4.6291 2.15808e-320 3.63632e-321 3.06815e-321 3.55458e-289 7.83094e-321
2.33693e-321 2.96933e-321 4.57505e-321 2.63831e-321 3.44933e-166 7.73713e-208 3.40017e-14 0.485941 3.23465e-320 5.1037e-321 3.58198e-321 8.56912e-67 1.4901e-320
6.19307e-150 2.46156e-34 3.72031e-321 1.52666e-321 3.60668e-322 5.13828e-322 0.116598 3.4046e-289 2.94463e-320 2.9856e-276 3.78948e-321 2.85481e-99 2.33713e-104
0.00604689 0.00521013 0.0131653 0.00454766 0.000910017 0.00206208 3.95253e-323 3.55727e-322 1.13635e-322 3.45846e-323 1.97626e-323 6.91692e-323 6.42285e-323
