7.80687e-182 1.42785e-321 4.88619e-184 2.12918e-156 1.7441e-282 3.92318e-181 1.45749e-321 1.53205e-319 8.59674e-322 1.44267e-321 3.98138e-50 7.72225e-321 0.439109
3.37447e-321 1.72923e-321 1.32703e-124 9.28637e-260 2.37544e-248 1.21609e-208 1.20058e-321 0.177707 1.01283e-321 2.44068e-321 0.106402 8.69556e-321 2.71264e-21
3.53257e-321 3.70266e-91 4.11557e-321 1.16111e-140 2.69266e-321 9.48606e-322 2.34187e-321 6.52365e-179 1.52666e-321 1.74405e-321 0.623879 1.25097e-320 7.0849e-321
4.79657e-272 5.74586e-266 3.89921e-315 4.50861e-129 1.45622e-54 2.88013e-22 1.06224e-321 2.10966e-321 1.22528e-321 1.63536e-321 5.70869e-48 3.48328e-302 0.11717
5.34498e-40 7.46114e-214 2.89522e-321 4.4082e-181 9.73572e-129 2.69834e-24 1.15611e-321 2.08002e-321 9.53547e-322 1.61065e-321 0.790857 8.42876e-321 4.98018e-321
9.66078e-174 8.91709e-178 3.64126e-321 2.09978e-321 3.10678e-287 1.18082e-321 1.89721e-321 0.331752 1.80828e-321 2.29741e-321 1.7849e-216 1.31174e-320 9.73803e-321
3.96735e-321 3.34404e-28 4.58493e-321 3.93276e-321 2.49337e-168 6.62048e-322 1.60571e-321 4.59975e-321 2.95676e-314 3.85865e-321 0.48859 4.02681e-303 3.51111e-33
0.00138352 0.00071099 0.00152102 0.00116662 0.00119822 0.0004101 0 9.88131e-324 0 0 3.95253e-323 2.47033e-323 1.4822e-323
1.24976e-49 1.68476e-321 2.88534e-321 2.36163e-321 7.32941e-318 6.20777e-59 1.70947e-321 7.83806e-75 1.83298e-321 5.36061e-321 0.059868 6.68977e-308 7.99398e-321
3.2361e-315 8.87412e-309 3.59186e-321 5.47787e-10 1.87163e-23 1.10646e-261 2.01085e-321 2.81191e-273 1.33892e-321 1.76876e-321 0.135649 1.24447e-172 7.56454e-107
1.50122e-202 5.27441e-38 4.06122e-321 1.90709e-321 1.30559e-15 8.59674e-322 1.49702e-321 3.62168e-221 1.3735e-321 2.15907e-321 5.98668e-70 2.0192e-160 0.227536
0.000218446 1.62054e-321 3.03356e-321 2.2794e-166 3.59286e-199 9.23903e-322 2.02567e-321 0.338078 1.74405e-321 2.23318e-321 2.15808e-320 3.24932e-151 6.7934e-321
4.40577e-301 7.53266e-209 2.98389e-145 2.78939e-48 1.50686e-113 6.48417e-82 1.47232e-321 4.76956e-217 1.87745e-321 1.83298e-321 0.144679 8.98705e-321 1.64439e-220
1.55106e-28 1.06836e-84 2.87546e-321 0.00140264 3.06544e-317 2.70318e-274 1.21046e-321 2.82111e-321 1.88239e-321 1.78358e-321 1.2504 9.64416e-321 7.09836e-258
1.95046e-310 4.96655e-201 4.75613e-79 9.60719e-228 5.06032e-215 7.95446e-322 1.70947e-321 1.44884e-275 1.5316e-321 2.39128e-321 0.334298 1.07607e-320 2.59786e-63
3.47822e-321 8.89157e-47 7.54259e-258 4.7253e-227 6.1054e-310 3.88989e-285 4.45153e-321 6.05308e-26 2.3332e-280 3.45352e-321 1.03423e-214 1.23615e-320 1.76719e-234
0.0101723 1.12944e-135 2.78653e-321 9.6609e-142 3.26153e-138 1.07513e-98 1.15611e-321 3.29437e-285 1.1907e-321 1.75887e-321 3.29438e-141 3.98664e-266 0.318619
2.67107e-264 1.82804e-321 8.1475e-38 1.65512e-321 3.7796e-321 7.01573e-322 1.8003 3.82905e-275 1.29016 2.77876 0.000186163 5.52803 0.239976
