0.185176 9.75276e-81 6.86751e-322 1.40572e-246 3.86716e-173 5.68999e-79 6.13135e-321 0.172048 4.43177e-321 1.33398e-321 1.20058e-321 9.53547e-322 3.27566e-321
1.14623e-321 1.10177e-320 1.27963e-321 6.7687e-322 7.46039e-322 2.47033e-322 2.95402e-320 1.28724e-72 1.61344 2.27023e-320 9.34772e-321 1.60035e-287 1.17933e-320
2.02073e-321 7.8507e-321 3.92776e-155 2.16424e-259 1.55631e-321 0.132551 0.522106 5.47436e-11 1.0494e-320 1.16254e-320 1.33595e-320 2.90017e-321 3.56024e-320
7.52329e-26 7.5098e-321 7.45176e-170 7.65802e-322 1.86375e-294 8.87211e-119 7.89517e-321 0.236717 4.47268e-247 3.11755e-321 2.07014e-321 1.89721e-321 4.90113e-321
1.75409e-81 1.10325e-320 1.01283e-321 4.15015e-322 8.10268e-322 3.7549e-322 1.82607e-320 1.13741 6.25835e-197 3.79936e-321 3.7549e-321 2.38634e-321 6.02266e-321
3.06611e-127 1.64435e-161 2.81014e-09 4.74303e-322 1.15117e-321 1.92686e-322 1.08596e-320 1.70975 3.36525e-275 3.04839e-321 2.13436e-321 2.20847e-321 5.83492e-321
1.63063e-234 1.34435e-320 2.04049e-321 5.58294e-322 1.5069e-321 2.52452e-226 5.75999e-251 4.1458e-254 1.11115e-320 9.21432e-321 4.2292e-321 0.754806 1.86905e-320
3.36277e-239 1.9272e-246 4.99149e-203 3.93998e-180 9.22628e-145 5.08485e-127 6.0276e-321 0.0669739 4.75291e-321 1.40809e-321 1.06224e-321 7.41098e-322 2.80629e-321
6.41331e-20 0.354057 2.54553e-56 2.39574e-85 6.74956e-25 8.16292e-37 1.26975e-321 8.57204e-321 8.34971e-322 3.45846e-322 2.91499e-322 1.97626e-322 7.80624e-322
8.84378e-322 2.92133e-303 9.48606e-322 9.28843e-322 1.09683e-321 1.46703e-63 2.38634e-320 0.895436 4.51922e-320 4.42683e-321 5.22227e-321 1.91697e-321 8.76967e-321
7.93039e-148 5.7203e-211 1.16105e-321 4.99006e-322 9.62169e-271 7.94904e-230 1.16303e-320 0.548855 6.5859e-321 2.8557e-321 2.37646e-321 1.96144e-321 4.49106e-321
1.33892e-321 8.6165e-321 4.90948e-319 8.34971e-322 7.36158e-322 3.16202e-322 1.89277e-320 8.02511e-320 1.31916e-320 1.44366e-320 1.47923e-320 0.081481 3.16054e-320
8.34971e-322 2.07552e-69 2.88595e-250 5.2865e-322 7.90505e-322 4.41558e-290 1.48417e-320 0.484002 5.31615e-321 4.44165e-321 3.24601e-321 1.77864e-321 5.21239e-321
3.11978e-284 9.15288e-144 1.13141e-321 1.0573e-321 1.84352e-241 4.05134e-322 2.92196e-314 0.505099 1.1576e-320 3.67585e-321 2.94957e-321 1.70947e-321 6.64518e-321
1.24696e-110 1.37902e-252 8.08843e-43 1.18524e-314 1.60563e-205 3.47477e-179 4.9703e-321 0.433393 3.90806e-321 1.57113e-321 1.02272e-321 7.5098e-322 3.02862e-321
1.32578e-291 1.7616e-278 6.91692e-322 1.04248e-321 4.14376e-98 6.48887e-172 0.043494 2.09621e-114 1.03738e-70 7.6679e-321 5.19757e-321 1.49094e-36 2.71143e-320
1.19606e-142 1.81668e-320 8.94259e-322 5.44531e-210 1.26481e-321 2.12448e-322 11.7743 10.2391 2.69344 4.91217 4.50721 0.823365 11.0111
7.06841e-61 1.03181e-88 7.26276e-322 8.33543e-303 2.73064e-50 1.9068e-29 1.48763e-320 0.442041 7.35664e-321 3.69067e-321 3.15708e-321 2.55926e-321 1.17933e-320
