3.18374 0.10457
1.47935e-61 5.62372e-48 4.19967e-91 3.0056e-53 6.66474e-64 8.02755e-84 8.86759e-96 2.16082e-45 5.38859e-57 0.252934 5.13866e-94 5.433e-81 1.59609e-43 2.67231e-128 3.69782e-28 6.14065e-34 7.80331e-24 3.21544e-13 6.08964e-86 1.36065e-37 4.47611e-124 1.68174e-20 0.0175811 2.60352e-26 4.73148e-101 4.09386e-13 0.0168644 0.138235 0.000122682 6.44484e-85
2.00706e-80 5.00672e-89 0.159565 4.07563e-85 2.91469e-75 9.6114e-53 1.85987e-18 3.01833e-76 1.77633e-65 3.10469e-32 2.33337e-146 8.97751e-73 6.44641e-53 1.17397e-35 2.98129e-44 2.59235e-95 0.156409 2.01287e-06 1.54736e-69 1.57121e-24 1.5719e-30 5.19585e-15 2.18932e-42 0.383493 4.64719e-44 0.0787287 4.04804e-74 4.95958e-109 7.37877e-65 0.124181
8.77185e-138 1.8959e-48 1.25489e-86 1.08772e-80 1.3844e-84 1.57604e-74 3.44701e-149 1.79001e-56 4.86554e-77 5.19223e-07 3.04715e-108 2.4367e-94 0.0287636 4.5952e-107 2.32251e-56 5.39469e-69 1.4702e-41 4.29054e-71 5.81562e-67 9.47551e-39 7.92563e-71 1.21763e-58 2.97251e-28 0.0324495 2.17258e-78 1.80992e-106 5.0442e-23 2.61975e-81 6.81358e-58 8.65923e-57
3.82017e-138 0.643246 3.63374e-103 1.16496e-28 9.20938e-41 3.9197e-36 3.93842e-106 8.76156e-85 2.1456e-35 4.31013e-27 1.44508e-46 6.0256e-114 7.45248e-47 2.64456e-149 9.43817e-72 3.4108e-47 5.24219e-63 2.26293 1.29954e-39 1.23798e-34 1.69732e-56 3.25178e-112 0.42314 6.8266e-50 2.22869e-34 1.84546e-52 9.30638e-38 3.5872e-97 7.01883e-96 3.06242e-16
3.44221e-126 2.20427e-103 5.96387e-53 1.84076e-110 1.82892e-76 1.30195e-68 1.15815e-112 6.1162e-68 2.72349e-104 7.20012e-18 3.5586e-89 2.29552e-132 0.0439588 2.10271e-146 5.05136e-84 1.29681e-98 1.71673e-58 6.36481e-94 9.46172e-88 0.0715388 1.08583e-107 5.70631e-93 1.57152e-56 8.10343e-74 2.38502e-99 9.7285e-70 1.84127e-97 1.32056e-53 1.51125e-55 8.05979e-57
0.0609428 0.651203 9.66982e-68 0.0999798 2.50756e-88 0.0607842 1.82149e-61 1.04119e-42 0.225145 0.00508792 8.56993e-139 0.0857722 2.38704e-17 0.0590048 0.0332223 0.192065 8.12325e-69 1.49254e-15 1.05462e-83 3.11198e-38 0.182717 4.28398e-57 2.6085e-75 9.48807e-38 1.7288e-73 2.66288e-93 5.05414e-59 3.41261e-105 1.50781e-07 1.03749e-54
1.51911e-84 1.64214e-117 2.38745e-49 5.08311e-71 3.20517e-29 8.03947e-60 5.82949e-142 5.53243e-68 1.29482e-81 0.0997191 4.50705e-77 2.0359e-109 7.25576e-51 9.57054e-168 2.27926e-83 3.38907e-90 1.16834e-86 1.25743e-22 2.49122e-65 1.38027e-64 1.07117e-71 7.23927e-47 1.59518e-41 6.98709e-81 2.46823e-52 4.59792e-91 6.51904e-77 9.54e-60 7.19021e-90 5.86057e-63
1.04765e-97 1.53189e-78 5.1505e-88 3.63575e-83 0.221691 1.3938e-48 0.488272 2.17738 0.00107248 2.31812e-31 0.120798 2.71995e-72 7.06477e-21 1.58774e-107 1.00103e-64 8.2042e-49 0.1364 5.08619e-93 0.515362 0.00570311 5.34736e-29 0.112285 1.48622e-50 8.67633e-56 0.038439 2.28253e-11 3.85382e-16 9.51273e-65 1.23571 3.55531e-26
8.48168e-131 1.46354e-18 2.88451e-06 1.40902e-97 1.08693e-37 0.206793 6.73906e-98 1.09805e-72 6.92386e-37 7.98587e-07 1.03211e-38 9.47337e-90 1.11596e-21 1.51632e-87 1.7269e-70 8.98657e-40 7.90631e-78 9.27669e-57 1.45175e-67 7.89696e-20 5.81392e-121 3.66419e-95 8.31599e-15 1.42532e-59 4.10897e-27 1.93068e-81 5.31452e-48 1.75572e-37 5.91749e-93 1.18076e-34
