1.14069e-70 2.3595e-50 1.22573e-16 0.167174 5.25544e-68 1.94639e-74 3.09219e-81 5.24945e-44 0.000275166 3.65853e-39 4.22634e-48 3.7601e-67 2.04288e-15 8.28636e-215 2.84148e-207 2.69277e-187 3.93818e-194 7.20082e-137 2.48736e-114 1.55376e-206 1.05442e-148 1.7188e-185 1.18379e-75 3.29936e-212 4.42993e-211 1.6098e-179
6.26108e-235 3.87119e-100 1.19579e-101 1.81979e-05 2.26134e-233 1.7622e-217 2.23421e-157 5.51978e-273 7.99912e-162 1.13689e-54 2.38578e-109 8.16958e-166 9.27997e-07 7.4325e-20 3.99355e-151 1.41191e-109 1.20712e-209 2.60937e-154 0.161824 9.76704e-179 2.19678e-159 8.11648e-12 1.41278e-86 1.63463e-247 1.02794e-142 7.7254e-181
5.49369e-227 7.93088e-202 3.99585e-204 3.69902e-88 9.33686e-160 1.06048e-205 1.92262e-251 6.81025e-71 3.04493e-19 6.61648e-164 1.62567e-90 1.07758e-14 1.32904e-321 2.42493e-126 6.89159e-69 1.21165e-120 0.554152 6.20271e-111 7.41356e-40 0.24147 2.68225e-24 2.26146e-178 4.2007e-103 4.70691e-122 2.51327e-62 4.63813e-137
5.32906e-43 3.99132e-28 2.40199e-80 2.19545e-81 2.54461e-159 2.7728e-149 2.16257e-160 1.1985e-234 3.31907e-158 1.45067e-215 1.93562e-135 4.49096e-113 6.22897e-145 4.51102e-91 1.42454e-142 1.01225e-202 2.71008e-199 1.55112e-67 3.15175e-192 2.08847e-189 1.61816e-125 4.44687e-215 0.726562 2.31797e-289 1.40679e-97 1.37956e-57
5.56099e-21 9.15549e-168 1.37667e-198 5.93646e-142 6.92186e-321 3.01213e-05 3.0656e-251 1.26219e-17 1.81904e-202 1.23516e-322 3.62267e-12 1.33194e-144 1.46243e-321 1.47342e-82 1.13414e-194 1.0123e-05 0.548042 1.52165e-50 5.47932e-112 1.3738e-56 2.62131e-231 0.452563 1.51742e-25 4.12215e-197 9.14676e-207 1.02553e-16
3.48231e-10 6.89797e-72 5.61504e-70 7.20875e-05 3.30774e-69 5.53887e-103 1.56387e-96 2.75244e-166 2.10423e-134 1.45603e-189 1.429e-07 9.91754e-141 3.74906e-104 2.24186e-222 1.63032e-192 1.34056e-172 3.37821e-128 1.12755e-175 8.01649e-104 1.39392e-216 1.38241e-238 1.0494e-226 0.210626 5.12533e-194 5.60209e-118 5.02481e-180
5.97457e-158 1.257e-103 4.84622e-113 3.12682e-160 7.98053e-261 5.00816e-249 2.10679e-184 1.28231e-296 1.61065e-321 2.63962e-29 7.88075e-81 1.76333e-131 6.17425e-245 1.42248e-111 1.84249e-49 0.551999 7.19627e-191 0.22699 4.87201e-165 9.55437e-260 0.944366 2.386e-222 6.88297e-99 1.42004 5.02491e-13 0.563344
3.1951e-56 8.08e-85 1.48436e-60 1.12061e-127 4.25295e-199 1.46166e-52 7.40276e-155 5.8869e-26 1.52849e-193 5.67158e-174 6.71822e-62 2.113e-183 7.65726e-196 9.28093e-52 5.7377e-182 1.43595e-60 2.8747e-71 2.37028e-126 2.68989e-60 4.99282e-130 4.93851e-186 2.76169e-176 0.383236 3.21326e-195 2.79192e-220 1.98335e-160
4.08345e-171 5.01017e-86 8.03878e-207 1.61942e-237 0.0367032 1.4132e-157 6.80494e-192 4.64694e-21 7.1214e-59 4.15262e-40 1.1851e-36 9.22259e-286 1.748e-47 1.55711e-65 0.694928 9.51752e-126 1.47629 9.58362e-179 2.77305e-64 1.88468e-83 3.23505e-142 2.18313e-37 2.29885e-93 2.64685e-44 1.34062 3.62047e-100
7.14611e-161 2.57727e-106 1.52864e-61 1.11786e-149 1.53714e-136 6.6325e-128 6.06466e-83 1.40909e-160 7.40278e-60 8.46493e-30 8.3584e-107 5.27785e-170 1.00208e-179 5.78732e-241 2.14431e-107 2.51149e-92 1.3333e-163 3.54463e-137 7.1475e-132 2.40882e-210 2.63474e-86 6.72098e-88 2.87829e-112 4.95265e-178 1.23877e-122 0.279938
0.00649404 0.00296537 0.00135191 0.00668906 0.017585 0.00392436 0.000627406 0.0026705 0.00401547 0.000336494 0.0043116 0.00211605 0.0035687 2.9485e-262 4.94616e-223 2.53748e-220 3.90839e-222 1.35403e-204 2.21318e-198 1.15847e-313 4.01763e-242 4.56252e-234 4.52786e-116 8.89318e-323 1.43791e-263 2.15488e-185
1.2735e-99 1.34561e-109 2.65451e-91 5.1139e-257 4.71816e-261 7.97653e-139 3.30687e-179 7.5681e-258 3.72548e-176 4.78738e-184 1.79455e-79 0.00403591 1.05664e-30 2.33139e-208 3.02158e-132 4.13537e-157 1.74878e-124 4.60184e-189 2.40906e-16 0.105305 6.65874e-109 1.07038e-211 0.267646 3.01272e-295 2.21629e-217 8.42544e-145
8.75408e-41 1.94526e-72 2.03495e-208 6.72693e-253 2.57547e-109 1.52257e-97 3.21129e-247 9.58766e-230 8.03605e-266 6.38249e-27 8.8971e-106 4.25726e-161 8.95865e-252 0.994035 4.24668e-112 2.70197e-194 5.27136e-175 1.17763e-26 7.52358e-175 5.53868e-207 0.0898284 3.1594e-93 1.47683e-47 6.10047e-74 2.3645e-107 7.42804e-68
