3.46711 0.0857462
0.112629 5.40235e-18 9.57452e-56 1.45082e-52 5.07151e-20 2.06549e-52 3.01542e-47 1.65602e-105 5.52231e-59 8.66176e-57 5.8389e-65 4.18525e-103 1.02533e-84 0.16172 2.98381e-77 9.59199e-37 3.62437e-57 6.12521e-24 4.01632e-49 6.36095e-73 5.20417e-85 5.13469e-77 1.07806e-60 2.06194e-61 2.05033e-66 2.62181e-53 4.60108e-69 3.72427e-74 2.46418e-74 2.48088e-59
0.00394826 2.00822e-84 4.01558e-29 4.02241e-71 4.94005e-73 3.23212e-50 1.15133e-46 0.118158 1.98486e-23 2.78106e-55 4.26277e-10 1.59657e-30 1.84443e-25 1.83585e-05 4.31611e-05 6.33849e-85 7.13627e-09 6.156e-56 2.09941e-61 5.73852e-21 1.5603e-14 1.18579e-54 1.99102e-34 1.32431e-59 6.93285e-16 0.128333 0.201805 6.22136e-76 1.51502e-76 5.97584e-14
8.71395e-85 5.99491e-11 5.0474e-11 1.48215e-41 2.07459e-55 0.120834 1.25888e-61 1.4345e-65 3.78783e-20 2.13986e-08 0.18191 5.922e-59 2.17838e-78 3.74385e-40 1.97374e-84 2.21689e-62 1.80636e-06 0.045392 5.58559e-19 2.64249e-53 3.08181e-19 4.30317e-51 5.29429e-45 1.148e-52 1.09541e-20 3.46913e-87 2.27999e-73 1.63862e-46 0.124945 2.76674e-15
1.58544e-28 1.88765e-107 0.0243884 1.87365e-06 3.36685e-72 3.54863e-64 9.56566e-19 1.27544e-94 4.23608e-34 9.04085e-28 8.21367e-45 2.11862e-77 9.89728e-81 2.23901e-07 1.23604e-44 0.01138 2.96611e-79 7.07868e-10 1.9479e-58 1.00017e-14 3.70267e-50 3.2663e-35 4.32431e-77 9.28511e-07 1.82496e-50 2.0153e-82 9.52179e-49 1.56938e-16 0.108039 1.92587e-60
2.89425e-70 2.05273e-90 1.42534e-46 4.25778e-93 1.25851e-63 1.27337e-48 2.8423e-47 2.81649e-24 1.60996e-36 2.22322e-14 0.00751045 7.91511e-54 1.55187e-72 1.01307e-42 1.15621e-64 1.48407e-35 5.69475e-51 1.74175e-45 2.62331e-07 1.4983e-59 0.106921 0.283716 0.0929254 0.13106 3.59082e-54 0.503513 7.48887e-61 2.84055e-54 3.02541e-67 1.06279e-40
3.05163e-26 8.99934e-52 1.06694e-22 0.00851894 0.0166399 2.63989e-41 3.41481e-60 3.7222e-110 2.83248e-44 1.49142e-60 1.10077e-56 1.90261e-73 9.31105e-89 1.60675e-13 1.40037e-62 3.1057e-64 3.26771e-74 2.9831e-37 9.55513e-60 1.45669e-52 3.1589e-88 7.39624e-58 1.0632e-63 5.1864e-69 4.14618e-77 1.88164e-84 3.10464e-60 5.20138e-64 1.70495e-85 3.62738e-71
1.67049e-50 1.11402e-86 8.92416e-43 2.718e-09 2.03595e-64 9.9011e-30 9.81743e-51 1.88594e-77 2.62663e-32 5.15263e-27 5.07993e-40 1.86143e-59 7.14285e-33 0.982025 5.35244e-18 1.9592e-32 5.37302e-81 1.05832e-49 5.04746e-14 1.42328e-24 3.08718e-81 2.49348e-50 1.61419e-95 7.65534e-95 1.79614e-75 3.82827e-78 1.31976e-19 2.32988e-76 2.96632e-87 8.8945e-56
1.61916e-26 6.69193e-18 1.16475e-30 3.34232e-27 2.32804e-05 1.86985e-47 4.38757e-71 1.01429e-69 2.68663e-46 2.44281e-46 9.99967e-51 8.26488e-92 2.22306e-80 0.191493 6.42361e-55 7.42192e-43 6.59238e-68 2.08299e-24 1.98883e-67 7.96973e-67 1.00549e-81 1.27162e-71 4.16594e-92 2.06283e-62 4.27739e-65 9.19182e-75 3.84462e-61 4.16026e-71 2.22128e-29 1.56468e-72
1.28722e-35 1.03509e-93 4.92007e-67 4.99045e-76 1.22872e-46 1.04249e-15 9.50353e-70 2.93169e-15 8.0378e-35 9.83606e-63 7.3414e-61 2.4215e-58 1.17909e-95 1.62124 3.76973e-54 0.000211524 0.539638 5.23551e-22 9.36932e-46 0.23233 1.35234e-107 1.12013e-60 8.36334e-15 0.00776055 3.51177e-46 9.68867e-31 2.08715e-67 3.19318e-22 2.18839e-63 3.07515e-14
5.47141e-73 1.37339e-137 4.52003e-87 1.19464e-13 1.86263e-51 1.07867e-18 0.0945436 3.92757e-79 1.212e-27 0.202121 1.8191e-36 1.31993e-80 0.193816 0.756056 1.15245e-62 3.4429e-08 8.49438e-20 6.95529e-51 9.8068e-33 1.29856e-26 2.48694e-67 1.99588e-53 4.42834e-47 2.15783e-104 7.1924e-97 5.16959e-84 8.18965e-21 1.13262e-43 1.03725e-11 4.00981e-55
4.43207e-49 2.9551e-37 2.10127e-16 9.97224e-15 1.05661e-16 4.89911e-57 8.44853e-46 1.38448e-93 4.49628e-66 1.07896e-59 2.84063e-60 3.50355e-112 7.59703e-63 0.31384 3.19533e-48 2.55625e-38 3.12872e-69 3.60564e-45 5.3881e-34 4.04136e-37 3.13736e-87 1.6105e-66 2.19163e-92 6.36382e-109 1.01648e-97 1.37463e-62 5.73044e-68 5.82048e-70 1.72317e-76 1.08924e-53
7.59793e-52 0.294436 3.40245e-07 1.63088e-33 4.89876e-05 1.08795e-55 4.8295e-46 2.09789e-65 3.41596e-58 0.0085007 2.10053e-70 1.00532e-27 1.52705e-71 4.3388e-28 1.79082e-44 0.00306685 7.36249e-83 2.13125e-12 0.0553357 5.50866e-07 3.19053e-26 4.68235e-10 1.20658e-32 8.68402e-39 0.0235513 6.3554e-89 3.56438e-35 2.19316e-15 0.167364 1.87935e-32
2.77291e-57 5.81873e-93 6.84849e-44 8.00591e-64 3.28216e-77 1.6215e-69 3.78038e-59 1.39799e-79 0.084685 1.14842e-07 1.46243e-52 0.152475 1.21848e-11 1.55183e-12 0.0374115 8.03548e-07 0.0240193 1.37032e-51 1.40628e-17 1.0592e-18 0.422874 8.29447e-38 1.85555e-80 2.9954e-11 1.09652e-34 1.00301e-48 2.24637e-23 7.59904e-46 7.54354e-10 0.136998
4.4154e-74 1.66429e-31 1.06283e-70 1.06669e-06 1.26982e-67 6.18842e-23 3.29298e-22 4.92301e-40 2.23181e-63 1.8038e-67 1.0368e-29 2.24532e-66 3.90096e-40 1.55643e-13 1.21866e-17 3.41054e-45 1.18247e-77 1.30006e-12 1.59578e-66 3.89238e-31 4.63301e-06 1.25854e-73 2.95295e-28 7.83101e-86 0.0254404 4.70083e-20 2.42523e-37 0.0376944 7.051e-86 9.13418e-15
1.41586e-25 5.9349e-30 1.18616e-22 5.52397e-37 1.84056e-21 4.03019e-32 4.52485e-58 1.00773e-57 5.0483e-36 5.72577e-61 2.45987e-41 8.3144e-74 5.87807e-68 0.23264 1.00255e-53 3.61808e-48 2.00362e-46 6.16944e-24 1.2179e-61 8.57491e-74 8.14688e-92 5.48404e-64 4.18293e-54 2.14452e-82 1.73073e-84 3.45833e-73 1.88169e-47 8.5482e-46 1.19233e-54 9.2305e-45
1.06468e-59 6.43921e-63 5.59031e-05 1.88611e-30 0.000330451 6.21262e-54 4.60078e-72 1.85158e-87 2.84813e-21 2.36148e-67 4.17341e-49 8.36855e-29 3.18766e-97 0.422947 4.0429e-80 5.40619e-31 1.48244e-72 1.39244e-31 2.04194e-45 2.65838e-50 1.83704e-66 4.9742e-71 2.42457e-22 2.33652e-47 7.25613e-13 4.32216e-35 1.0216e-72 1.53764e-83 1.67561e-21 3.52751e-38
1.8575e-73 1.75174e-56 0.0748062 1.07771e-10 0.000108684 1.8299e-05 2.8376e-46 2.64748e-65 2.47496e-47 1.67433e-11 9.75452e-32 4.4095e-74 6.5391e-46 1.77158e-07 1.93318e-16 1.18952e-83 1.02243e-52 4.6813e-38 4.64712e-68 9.11565e-25 6.52155e-50 2.38775e-07 3.48071e-14 8.13861e-80 9.69304e-69 5.35375e-60 1.65314e-59 0.0594037 1.06181e-73 6.32902e-14
