5.69116e-68 1.40316e-112 2.86428e-201 1.31145e-93 2.07727e-123 1.22846e-93 4.15034e-83 5.82062e-33 2.49986e-14 1.61784e-70 2.29303e-16 0.522646 0.0638841 3.86239e-06 7.44681e-28 2.93415e-106 7.48293e-52
8.4633e-24 9.54134e-68 1.54541e-238 4.63682e-117 3.22056e-115 2.99031e-38 9.74379e-98 0.0811413 1.09666e-14 6.56497e-107 4.90164e-94 2.7602e-101 3.83006e-52 6.61897e-79 1.13204e-60 1.10881e-117 5.84754e-52
3.74697e-11 0.11828 1.90339e-237 2.77651e-161 1.08161e-137 5.11343e-117 5.13393e-97 5.22721e-63 7.23982e-57 1.12542e-104 1.42619e-116 6.17666e-90 2.97446e-86 7.75857e-152 3.58275e-80 5.29354e-119 5.48814e-85
2.90712e-52 8.76364e-27 3.00109e-188 4.96275e-29 1.09343e-62 0.273222 2.24948e-29 2.34937e-51 0.818969 1.83814e-41 2.59082e-07 2.64631e-93 2.48176e-24 0.361067 1.65081e-55 3.62951e-75 1.28835
1.08861e-106 8.19653e-89 1.86336e-182 4.04154e-116 1.6014e-09 0.120167 1.18126e-89 3.81546e-21 5.86613e-20 2.83394e-56 1.3891e-96 1.19387e-46 6.56192e-55 2.8046e-14 1.37463e-79 8.95752e-124 1.30614e-73
4.12497e-12 3.87807e-45 0.301599 1.26345e-62 4.91094e-71 2.69704e-100 0.18736 8.10059e-53 1.10564e-06 0.100103 1.98676e-97 1.24263e-85 0.0110945 7.53648e-74 0.215005 0.209865 1.9109e-34
0.066649 2.0095e-25 5.27417e-242 6.91997e-159 2.12504e-124 8.15396e-102 1.67998e-107 4.05733e-63 5.64154e-45 1.10435e-98 1.12919e-110 1.63848e-94 1.32607e-69 1.57161e-135 1.16884e-75 7.13717e-113 1.47438e-64
2.83812e-55 3.48384e-40 7.9127e-186 3.14203e-62 6.19444e-41 1.51465e-28 6.92628e-96 1.57719e-22 1.05005e-09 4.06662e-75 1.00274e-90 6.06027e-66 0.311888 2.52102e-157 2.40798e-08 9.25713e-93 2.54221e-75
9.4986e-110 4.72931e-161 3.62157e-215 0.0951563 0.0373452 3.71444e-28 2.44166e-50 0.226386 0.583351 5.34762e-13 0.00265933 5.7723e-80 0.00260186 8.02326e-107 2.51889e-30 1.21809e-90 2.43964e-08
1.79131e-44 1.22698e-14 3.85248e-165 1.04957e-71 2.28507e-67 4.29643e-63 4.53463e-96 1.82641e-52 2.86536 9.42374e-74 0.303233 2.66733e-91 0.113587 5.0672e-94 3.9407e-25 7.26192e-22 1.72722e-37
