1.30349e-10 8.19675e-19 0.124712 0.356955 6.89794e-13 0.147683 0.00450503 0.811902 0.44705 3.92118e-39 2.16161e-07 0.0390739 0.467596 5.69158e-94 0.0546967 0.289858 0.308107
1.69871e-05 0.237695 2.28959e-132 5.09032e-121 5.77003e-40 9.42158e-69 7.43007e-71 1.1236e-89 4.99236e-82 2.18876e-29 1.30345e-60 1.54031e-55 2.66872e-128 3.50073e-83 2.79502e-161 4.28743e-117 8.34161e-72
6.36339e-05 1.21521e-59 5.11233e-121 3.08254e-102 1.88923e-26 1.03292e-53 3.78119e-55 1.27047e-76 1.06334e-89 3.08664e-13 2.01589e-73 0.13725 7.61786e-97 4.08875e-95 2.18827e-164 8.12141e-109 2.0159e-30
8.08934e-27 9.5844e-65 2.47039e-148 1.22543e-72 0.00870762 4.42103e-66 8.68945e-58 6.64858e-59 1.74578e-74 2.57017e-39 5.66591e-60 0.0286445 1.34104e-83 6.30881e-83 2.01765e-104 2.60375e-109 3.19398e-37
1.35615e-46 1.34245e-31 6.73668e-118 1.08756e-50 2.08229e-07 6.2186e-61 0.0650104 1.02344e-31 3.74068e-24 2.29198e-30 0.017046 2.7653e-15 5.53382e-54 1.38401e-59 7.35542e-173 1.06031e-122 3.54124e-35
8.64198e-05 1.4978e-43 7.56172e-123 4.45463e-110 9.09641e-38 1.10388e-26 0.0361952 2.93498e-102 1.69951e-81 0.000639677 3.72055e-55 0.046177 2.39995e-126 4.21255e-54 6.21156e-156 8.86951e-140 8.21841e-61
6.3021e-33 6.01899e-66 6.28571e-138 1.49327e-69 9.66602e-13 1.0625e-05 7.62665e-71 2.01301e-77 1.10584e-94 2.82285e-15 2.76047e-32 1.88573e-60 1.50912e-121 2.92059e-11 2.94347e-74 6.7484e-76 0.181207
7.64597e-46 4.51167e-14 6.06538e-128 1.65053e-50 0.155104 3.25478e-48 2.59321e-12 7.18532e-71 4.3994e-68 0.0137904 3.98348e-65 4.55324e-63 8.87265e-72 1.49254e-77 3.45997e-153 9.1441e-103 1.24911e-12
5.33434e-52 2.18046e-38 4.21122e-90 5.53078e-64 4.9186e-29 6.46956e-34 0.0182716 1.16347e-70 1.23989e-21 0.0438381 0.00271622 4.87934e-24 1.05281e-65 0.0475179 1.81766e-62 1.57235e-113 2.91591e-12
0.0399513 7.40273e-23 2.53086e-142 2.18895e-65 1.29308e-28 1.12515e-41 1.46127e-08 3.77225e-82 6.07674e-75 1.23458e-32 8.47888e-43 8.32807e-45 1.06679e-113 8.10356e-49 9.39128e-179 3.65093e-114 0.391772
