1.9908e-78 1.1687e-53 8.05327e-322 9.74061e-187 0.270456 1.09161e-208 5.73684e-172 3.60991e-36 5.23005e-11 4.45188e-185 5.34643e-164 1.26514e-185 3.14406e-108 6.96276e-181 6.00058e-76 6.12641e-322 4.31398e-256 7.81284e-88 3.41983e-59 4.89125e-322
7.94464e-63 1.29895e-43 9.83191e-322 5.04218e-208 6.51476e-62 1.67357e-235 1.61651e-203 0.156796 0.0390283 0.00158742 5.1062e-111 4.90569e-146 5.35727e-74 1.49657e-105 4.04405e-32 8.10268e-322 1.50635e-161 3.83941e-190 4.09622e-194 1.55947e-297
2.66617e-69 8.25168e-112 3.26083e-322 3.23951e-259 3.49701e-94 6.61292e-288 4.70972e-184 1.30441e-113 7.9628e-92 4.19149e-169 5.1625e-196 8.25808e-235 4.25324e-110 4.54539e-203 7.56929e-56 2.47033e-322 7.30581e-278 4.22655e-179 8.54269e-141 2.02567e-322
3.83174e-78 6.79522e-60 7.21336e-322 4.09171e-210 4.03848e-91 3.63496e-245 2.64407e-155 5.91665e-39 0.119381 1.11887e-63 3.7686e-171 6.83817e-219 1.88788e-78 4.95451e-191 1.24016e-82 5.43472e-322 8.90142e-180 7.25371e-101 1.07917e-184 4.5454e-322
2.00207e-83 5.30594e-125 8.89318e-322 3.47138e-221 0.142055 1.06645e-198 5.36776e-53 3.64365e-97 0.0716485 1.83187e-162 7.67326e-120 2.18236e-225 3.15476e-91 8.21849e-206 1.36882e-77 1.02286e-306 3.40624e-306 1.29406e-154 4.2971e-25 5.48413e-322
8.23185e-13 0.120886 1.02272e-321 4.295e-133 1.48575 1.09432e-217 1.63953e-105 1.61704e-111 3.36764e-22 3.33731e-132 3.15433e-137 8.39879e-226 0.286722 2.52702e-232 1.25961e-36 6.26347e-244 7.82831e-224 8.01676e-178 9.87248e-145 1.09069e-278
2.99216e-78 1.91121e-97 9.28843e-322 6.66565e-218 0.620523 1.07758e-299 1.70542e-208 4.07871e-98 5.4949e-93 7.88212e-163 1.28879e-207 1.3353e-215 2.79403e-67 2.6907e-214 3.51812e-87 6.62048e-322 6.55957e-227 8.22992e-140 2.76369e-99 7.57116e-275
2.87296e-12 1.40532e-160 1.05236e-321 2.94934e-162 0.742122 8.16182e-244 1.86318e-137 5.22956e-77 6.83565e-94 1.55186e-58 1.4414e-102 6.79835e-229 2.21006e-106 1.99587e-195 0.133351 5.17577e-255 1.78763e-221 1.53033e-157 1.01883e-79 5.56047e-298
6.23974e-41 2.66282e-65 0.58458 0.668457 2.74353e-26 0.565852 1.88971e-61 8.45641e-103 4.11677e-81 0.283746 1.14739 1.82855 2.34776e-10 0.141318 5.93032e-79 0.413617 0.113843 4.60877 5.76547e-24 0.286189
3.96922e-25 3.10638e-90 1.16105e-321 3.94722e-145 6.88392e-64 1.59712e-182 1.04232e-103 1.41537e-43 8.50649e-77 3.9218e-22 3.24797e-169 2.84808e-174 0.118538 6.52079e-151 1.32594e-36 5.38959e-231 5.62368e-236 8.77927e-39 0.170726 6.69971e-239
0.210703 1.17512e-141 8.89318e-322 1.45301e-201 0.0371089 1.31589e-198 1.19434e-106 6.15337e-15 3.65772e-61 8.36298e-129 1.2295e-116 2.35399e-244 8.81037e-71 1.87466e-121 1.74913e-50 2.2392e-246 1.06964e-264 9.85616e-196 1.10522e-75 2.65355e-200
1.20412e-28 2.77738e-68 1.04742e-321 8.01664e-228 0.304926 2.06854e-239 6.43283e-99 3.99972e-82 1.06479e-87 3.53076e-112 8.02627e-165 7.85762e-192 1.30386e-29 1.5444e-205 2.39836e-54 3.29491e-315 6.30172e-221 1.9072e-73 3.32643e-87 4.99006e-322
5.62177e-17 0.0443087 5.50471e-238 8.46095e-257 1.76299e-91 3.20142e-254 0.0815394 1.72496e-21 1.38318e-51 4.27308e-69 8.40912e-90 3.75562e-125 2.68148e-101 2.56539e-67 5.82212e-52 9.43665e-322 1.7185e-139 8.14011e-129 1.90218e-164 1.17096e-297
