0.119777 0.153473 0.111448 0.134497 9.01607e-43 3.92582e-65 0.0376078 0.157846 3.47832e-20 0.209105 0.0638051 1.83255e-91 0.087403 9.63525e-34 0.684801 0.164252 1.07502e-36 1.22922e-42 1.05981e-180 0.0899913
5.9003e-73 4.29053e-10 1.00951e-29 3.10551e-232 5.05483e-79 2.47953e-76 7.38153e-07 1.13236e-169 2.11671e-51 1.44397e-246 1.09874e-76 1.82417e-36 9.10648e-131 9.75578e-127 4.25706e-103 1.661e-24 0.00726372 5.66291e-44 1.01882 2.45981e-111
4.74992e-83 3.04497e-67 2.18769e-109 1.65127e-231 7.33137e-71 1.99456e-30 4.02817e-11 5.0587e-200 3.96312e-38 1.58278e-228 6.12834e-80 0.000100893 1.00353e-187 0.0569313 1.08306e-159 8.50997e-99 0.0933605 0.203416 1.08836e-146 1.11509e-115
0.0225741 2.70932e-94 1.92331e-41 8.79357e-162 2.52e-73 7.28771e-81 0.180292 8.3256e-207 0.000451688 4.21405e-222 8.78502e-12 2.865e-102 1.33347e-196 2.576e-138 5.78236e-37 1.04693e-119 2.15948e-128 1.89924e-07 1.20102e-175 1.98348e-84
2.46205e-41 7.65325e-77 6.65923e-131 5.46614e-187 7.55874e-68 1.57651e-111 5.99833e-109 1.43969e-180 0.35606 2.13231e-230 1.24105e-68 4.84973e-120 3.37644e-195 3.09655e-106 1.09253e-157 5.56059e-112 1.12168e-105 1.36612e-46 2.23867e-141 1.11427e-93
6.6072e-50 2.67535e-88 1.16786e-113 3.58708e-191 1.8713e-70 3.25211e-131 6.32658e-69 4.40789e-195 0.393025 1.61096e-234 2.33006e-68 9.4721e-124 3.00802e-179 3.85201e-94 2.28404e-128 3.37404e-86 1.26984e-139 6.34648e-59 4.49053e-157 8.79731e-122
2.87497e-54 4.65226e-79 4.34639e-97 6.29937e-136 2.99442e-98 0.15301 1.49141e-94 6.15548e-189 1.34082e-47 3.11521e-256 5.72326e-64 1.94603e-108 5.01011e-120 3.10246e-95 2.01402e-123 2.0953e-38 3.78925e-35 0.414988 1.3054e-92 1.03122e-26
1.53095e-31 5.00494e-103 5.51386e-101 3.42198e-128 4.90404e-25 1.59963e-77 2.2844e-91 7.17898e-170 5.72001e-16 8.62589e-254 1.74202e-70 1.03292e-103 1.5196e-195 2.41569e-36 3.02114e-61 1.77499e-112 1.52795e-64 0.083371 9.34043e-61 8.30294e-54
1.99038e-73 1.84323e-86 1.72607e-97 1.84901e-237 3.76515e-67 4.84978e-112 3.52656e-75 1.7199e-251 0.383988 8.11826e-259 2.4649e-83 2.0369e-85 1.23521e-173 5.68971e-132 2.74048e-152 6.89231e-79 1.95182e-143 1.01183e-43 5.63693e-169 5.97228e-129
2.27051e-21 3.92109e-96 4.55122e-91 8.5637e-100 0.0639772 2.42214e-137 0.12284 1.19198e-125 1.341e-29 4.58773e-185 7.8426e-44 0.0462812 6.96705e-136 1.04178e-104 4.80961e-152 8.20926e-96 5.93696e-78 5.91922e-58 5.09113e-62 3.90912e-102
1.00949e-10 5.22424e-55 6.03756e-112 2.7579e-145 1.55766e-59 2.4309e-35 1.36174e-43 6.29879e-235 0.0560907 7.62834e-123 9.49695e-79 0.0315438 1.49888e-169 2.44396e-133 1.61533e-94 9.77491e-47 1.79666e-48 7.87951e-07 2.37109e-51 4.66111e-84
1.56075e-49 5.72701e-79 4.04499e-117 1.91349e-218 1.11515e-85 6.33638e-127 9.79884e-120 5.24361e-236 0.100043 2.04658e-236 2.94852e-86 2.715e-72 1.10555e-189 3.61063e-140 3.16008e-146 4.42597e-81 1.06652e-102 3.2839e-54 5.46792e-136 2.40885e-90
4.1949e-44 7.98204e-70 3.42682e-109 1.91626e-211 7.85626e-73 8.34391e-81 1.73038e-97 1.72476e-238 1.4128 9.58957e-185 1.67895e-96 9.91941e-65 2.03594e-197 1.67412e-74 7.03316e-158 2.99112e-123 2.8005e-127 1.25515e-46 1.21621e-111 2.09291e-91
