0.040735 1.21319e-32 0.000111771 9.7362e-23 1.12419e-12 0.0497074 0.00034808 0.0679196 1.25968e-08 1.99798e-07 5.63254e-12 1.57209e-55 2.47896e-33 4.02554e-24 9.55812e-09 2.65374e-29 0.0517108 5.34099e-08 0.00053494 5.31738e-33
4.32955e-21 5.8719e-22 2.25787e-15 7.64789e-26 4.81318e-33 0.027422 8.04652e-18 1.46886e-14 2.33908e-19 1.67874e-28 0.0197445 6.11333e-17 9.66991e-22 2.28579e-21 7.18333e-11 2.47195e-15 1.22513e-20 5.00701e-24 4.1614e-17 2.64863e-39
8.83605e-17 1.84566e-31 1.81324e-28 2.84428e-26 1.48266e-08 3.12703e-10 6.95997e-05 2.18546e-19 5.19388e-14 0.0636812 2.72106e-21 3.2362e-51 0.0263935 0.0321204 1.92704e-05 0.111213 8.77252e-36 5.85484e-31 1.61671e-24 9.22368e-22
3.71943e-30 1.32415e-20 2.97216e-22 1.03605e-16 1.61927e-10 7.99592e-12 1.24231e-06 1.06577e-14 2.8135e-29 3.06255e-26 3.45683e-22 9.02321e-30 6.53435e-14 3.86756e-29 2.48803e-10 2.61483 7.70253e-26 6.34431e-22 5.6848e-23 1.1537e-16
6.97601e-48 8.5529e-32 8.35197e-39 1.64997e-10 1.83954e-08 0.657663 8.714e-05 2.92199e-26 1.01434e-30 1.05778e-28 7.43063e-23 2.66165e-32 6.8911e-07 2.14814e-31 1.5624e-24 1.37775e-19 4.86954e-30 2.08303e-20 3.96366e-10 0.0351411
1.77777e-35 3.68308e-18 1.83498e-51 1.25509e-22 0.080676 0.000892357 0.103408 1.50105e-11 0.144624 8.97358e-26 9.66986e-22 1.15045e-53 1.73228e-38 8.30392e-10 3.4311e-15 0.000244076 7.60462e-26 3.65803e-26 2.05344e-31 1.5092e-27
3.9742e-39 4.73943e-23 3.03016e-34 1.74868e-13 8.36088e-19 2.28455e-20 9.47643e-17 6.52162e-18 7.00991e-22 2.47948e-28 2.65662e-25 6.99745e-43 7.24091e-16 3.34141e-30 3.4513e-29 0.657059 3.77114e-28 3.67091e-31 7.34569e-29 4.20319e-27
7.58026e-49 0.0785084 3.8119e-09 1.18591e-17 5.24163e-37 5.43761e-17 9.83099e-07 1.04983e-20 0.411861 3.54888e-05 7.3274e-30 0.0757863 4.5697e-13 2.60029e-26 0.288883 0.127744 2.82899e-40 0.0617987 0.0298897 1.82769e-25
3.0165e-44 1.78683e-25 1.09565e-35 1.59572e-10 1.16873e-26 1.36881e-24 3.68447e-10 5.19099e-17 6.05508e-22 1.70599e-10 6.51283e-40 7.11578e-51 3.88266e-34 1.20945e-14 4.88656e-22 0.237405 7.78609e-27 1.91467e-23 1.36885e-26 1.39082e-46
1.14817e-44 2.52436e-16 0.0246633 0.0116762 1.01386e-24 4.47566e-21 0.265666 1.68824e-07 5.67457e-19 1.48172e-10 5.92404e-29 1.25189e-44 3.63705e-15 4.63691e-17 3.03368e-25 2.54639e-25 1.68806e-19 1.41602e-06 1.12705e-23 4.70789e-08
9.42236e-24 1.42306e-20 1.10748e-43 2.52971e-20 0.00467198 1.85964e-07 0.210892 1.61899e-23 3.3468e-23 9.48119e-10 1.21041e-20 2.48357e-49 6.38393e-22 2.90853e-09 8.66695e-20 1.10002e-09 2.81789e-40 9.22576e-31 1.52084e-37 1.73985e-27
5.60827e-26 2.95251e-23 7.76125e-33 8.36326e-21 2.95769e-12 5.21109e-20 0.627305 1.62607e-16 1.15749e-20 1.11211e-22 5.40481e-06 1.53347e-30 5.27047e-36 2.22457e-24 2.86288e-10 2.00647e-29 1.10026e-20 1.79845e-14 7.30905e-37 1.69478e-39
2.63202e-14 1.43019e-13 2.81399e-16 1.22745e-25 1.09634e-09 0.13338 2.16254e-19 5.58459e-21 7.80922e-22 1.91e-06 3.12184e-35 3.37859e-25 1.0541e-17 2.86013e-25 0.0195635 1.41398e-33 5.61588e-22 3.59308e-05 1.50889e-17 0.00309416
