2.34038e-242 3.43931e-250 1.4822e-322 6.91692e-321 9.38677e-40 3.97384e-310 0.934139 4.63751e-06 1.49383e-224 1.61899e-154 1.23569e-250 0.826259 7.132e-276 4.60233 4.59458e-08 1.18775 0.547199 8.09436e-224
3.14465e-40 3.41709e-266 1.28409e-106 8.67996e-272 5.04106e-121 0.306914 2.13845e-242 2.21134e-111 1.67508e-251 9.56885e-170 2.82261e-223 3.36407e-58 4.2353e-96 1.21787e-320 0.457909 1.86201e-189 1.76082e-172 2.84762e-98
1.11837e-64 1.43279e-322 5.10677e-93 0.336893 1.64178e-145 1.85908e-105 2.94293e-287 1.41303e-321 1.40223e-115 3.22163e-186 1.68741e-250 3.25931e-31 1.77843e-261 1.374e-320 5.81075e-165 3.97723e-321 5.94515e-213 5.04142e-278
5.89413e-298 8.13106e-218 1.36352e-217 2.17624e-147 8.05327e-322 7.07334e-263 1.51637e-204 3.78232e-241 1.17997e-259 4.13945e-172 3.40155e-196 2.41159e-76 4.36914e-230 6.38827e-321 0.0806164 1.59875e-260 8.3537e-316 1.92192e-321
2.28017e-300 0.0274671 1.55401e-170 1.58776e-240 1.04118e-153 3.12089e-306 4.91641e-115 2.6477e-250 4.03826e-181 1.9797e-76 7.7558e-132 0.3862 2.53289e-66 1.38141e-320 1.8282e-112 3.01607e-295 1.18576e-321 2.05709e-230
3.83581e-110 6.99688e-233 1.53617e-172 0.272965 0.294494 1.02849e-145 1.911e-288 1.2154e-321 3.08029e-141 1.99347e-158 7.39122e-321 6.69647e-197 1.01957e-317 1.73812e-320 1.59101e-255 1.42356e-186 2.80605e-172 3.96588e-164
1.24505e-321 4.84356e-237 1.59144e-79 0.576786 4.5143e-194 9.36877e-309 2.78159e-321 3.36766e-78 3.05766e-94 4.02246e-164 2.94124e-135 6.70377e-177 3.88771e-122 9.39713e-321 1.83955e-188 7.96855e-185 1.25987e-321 6.44429e-127
1.10671e-321 5.33419e-107 8.67996e-202 7.00504e-198 1.05086e-26 0.0738838 2.00469e-184 1.3735e-321 0.555573 0.451493 1.67671 4.63864e-88 2.83228 7.73259e-258 3.11418e-153 5.07605e-297 1.80442e-47 1.28141e-154
6.95826e-223 6.22987e-35 1.51029e-262 5.49401e-321 2.28355e-150 1.58964e-71 1.5737e-250 0.277569 0.363944 2.68095e-237 7.86426e-70 2.00777e-135 3.06303e-210 2.12794e-320 5.38852e-149 4.6838e-57 1.65018e-321 5.07082e-278
1.26481e-321 6.64185e-255 2.59497e-315 4.53426e-192 4.41391e-162 2.84582e-321 9.68163e-204 3.68497e-84 1.8138e-234 0.398724 7.07038e-183 2.19227e-05 2.35351e-259 1.49307e-320 2.16439e-23 1.14203e-58 2.85113e-91 0.597258
1.11659e-321 1.5316e-322 3.88583e-171 3.58439e-263 3.07982e-19 0.170402 1.46376e-65 1.87693e-06 1.56625e-160 1.48371e-120 6.97906e-21 2.7124e-255 9.37832e-115 1.67834e-320 6.16306e-258 6.65037e-233 1.57113e-321 1.2401e-144
