3.2173 0.392614
4.4491e-258 1.30405e-105 6.02313e-30 2.14014e-43 4.03962e-249 1.16007e-320 8.03948e-264 6.96336e-196 1.12647e-321 0.907571 1.47232e-321 2.40687e-108 1.87251e-321 2.43098e-269 0.557463 9.19015e-110 5.26825e-57 2.52962e-321 3.09285e-321 7.32428e-260 9.97024e-321 7.36158e-322 5.35601e-60 7.15437e-246
1.03995e-277 2.24948e-320 1.06547e-97 0.000226689 0.99501 12.8282 0.926246 2.09568e-163 0.576002 0.272082 1.09579 0.689351 1.09598 2.58316e-177 6.3368e-165 0.461385 2.02263e-148 2.03266 1.56085 2.52484e-157 8.01661 0.95577 2.89872e-175 14.9829
0.00291928 8.38498e-56 2.57356e-194 2.11569e-86 2.23288e-32 1.6403e-320 4.64085e-133 3.20155e-321 1.42216e-195 5.74034e-214 1.52373e-304 1.37844e-321 1.16599e-321 2.30566e-272 4.95098e-319 1.78545e-120 9.868e-76 3.90806e-321 3.86053e-283 1.30448e-287 7.01573e-321 7.16395e-322 0.149922 7.35606e-155
4.37466e-315 5.63869e-118 9.67473e-56 1.03064e-298 2.21169e-112 1.52913e-320 1.98421e-71 1.38747e-223 8.83151e-267 2.29865e-32 1.27469e-321 3.42095e-303 9.98013e-322 0.17025 3.35734e-103 1.51639e-66 8.94204e-90 2.18871e-321 3.32414e-174 1.10671e-321 7.29241e-321 8.49793e-322 1.22111e-286 1.65718e-105
1.74615e-243 6.67627e-27 4.16893e-98 4.98135e-284 3.17605e-157 1.15266e-320 1.0109e-241 1.60719e-16 9.0414e-322 9.38257e-118 1.27469e-321 9.61951e-167 8.69556e-322 0.254779 1.21271e-134 0.161357 3.6604e-37 1.87251e-321 5.69632e-263 9.93243e-298 6.9268e-321 7.21336e-322 5.54795e-28 6.25214e-289
0.00285667 0.144953 7.84397e-08 0.0209424 8.35997e-289 5.18769e-322 2.99293e-258 1.23516e-322 4.44659e-323 2.07508e-322 5.43472e-323 5.92879e-323 4.44659e-323 6.13662e-297 1.13635e-322 2.459e-218 5.19426e-259 8.39912e-323 1.23516e-322 5.43472e-323 2.76677e-322 2.96439e-323 3.86028e-280 1.37844e-321
6.03582e-139 1.27988e-43 1.08679 1.71034e-224 2.44127e-265 1.65512e-320 4.12548e-128 0.566852 8.217e-167 5.16793e-321 1.44761e-321 4.42965e-311 1.61559e-321 2.10461e-145 6.24205e-161 3.28578e-50 1.25101e-17 2.49503e-321 1.49213e-257 7.39818e-64 9.88131e-321 7.5098e-322 2.51649e-43 3.29879e-106
1.32753e-197 4.53135e-165 1.08665e-103 9.6605e-155 2.68869e-192 1.32261e-320 3.85883e-77 3.00612e-219 1.07706e-321 4.72321e-157 2.04049e-321 5.01967e-128 1.84286e-321 8.15169e-236 4.69631e-208 2.41756e-56 0.530185 1.84781e-321 3.29405e-184 9.62445e-118 8.908e-321 7.60861e-322 1.1239e-264 2.43546e-190
1.74384e-255 2.12794e-320 6.72917e-321 7.44098e-248 2.11072e-267 2.04642e-320 8.11137e-60 0.0237256 3.28438e-297 5.19537e-253 1.9812e-321 1.10317e-21 6.23705e-208 1.19995e-242 3.65374e-56 1.56943e-170 4.56572e-50 4.21438e-321 1.45127e-116 0.382103 1.91154e-320 1.09683e-321 7.7351e-92 1.09888e-311
0.0292179 1.9058e-188 3.74563e-69 3.82109e-74 1.91311e-21 1.7065e-320 3.23202e-105 0.0917157 1.93035e-298 1.06718e-142 1.74899e-321 1.73878e-298 9.48606e-322 3.25383e-143 3.03085e-296 4.68812e-214 1.85484e-137 1.65018e-321 1.48925e-289 1.12617e-60 7.8013e-321 9.09081e-322 0.0474498 1.23417e-91
