10.5336 0.0715299
3.85089e-49 3.11917e-70 1.7011e-40 2.24832e-46 5.17536e-56 3.37385e-53 4.03406e-62 9.99613e-67 1.01317e-32 1.8231e-78 6.04484e-81 1.94646e-37 2.57516e-58 1.26251e-93 3.83641e-41 1.20151e-46 2.96308e-89 7.64132e-98 4.06303e-81 5.17436e-37 0.0180085 4.41392e-62 3.42806e-56 1.22446e-26 2.43415e-84 1.62264e-40 3.54681e-39
8.2458e-46 1.20087e-31 1.8214e-16 2.40327e-19 1.90638e-79 1.23135e-67 1.43011e-59 5.35948e-12 6.92663e-59 3.43942e-50 2.60163e-78 1.40064e-34 4.97627e-48 1.33171e-59 1.1484e-15 5.51739e-16 4.40845e-80 0.0182208 3.59778e-77 0.0416386 1.28679e-10 1.47899e-36 6.67159e-36 0.0387601 7.42209e-89 5.25372e-57 2.93194e-33
3.50562e-42 1.62645e-85 3.49456e-08 2.72104e-31 1.62796e-20 2.44667e-78 7.87815e-08 6.84457e-92 4.28032e-61 6.19978e-34 3.86159e-25 1.30395e-73 2.18897e-74 2.15196e-76 9.6204e-27 1.49405e-19 1.25667e-23 0.0629376 3.66841e-54 3.29372e-40 0.386148 2.7315e-11 3.60858e-57 4.95692e-23 2.4031e-27 9.76087e-26 7.09452e-64
6.03504e-35 1.75907e-83 9.45087e-33 0.29031 0.117842 2.03355e-50 7.07282e-50 8.82721e-36 1.42654e-08 1.23856e-72 1.71581e-36 4.91903e-72 1.48656e-87 1.67345e-13 1.53953e-37 2.08808e-50 1.7345e-59 3.39689e-05 3.13053e-47 1.52492e-09 1.08015e-34 2.27497e-77 1.22784e-20 0.00250786 1.65149e-33 1.42927e-41 1.58537e-45
0.000123357 2.3598e-88 3.06303e-59 4.39485e-06 3.41519e-80 1.11804e-66 6.73157e-41 0.00178465 5.13796e-35 0.0666078 2.46811e-87 1.70962e-30 5.55328e-88 0.0936278 5.05164e-39 1.89345e-53 3.44885e-85 3.52781e-74 2.79739e-28 2.12531e-56 12.4749 0.098441 0.0638379 2.77035e-45 9.70277e-49 7.78512e-45 4.33972e-33
4.91337e-29 1.9206e-55 3.79396e-69 4.28471e-31 3.18592e-61 3.18784e-87 5.31321e-62 3.37572e-86 9.53289e-65 1.12631e-68 1.6328e-62 1.24286e-42 1.28471e-91 1.27172e-63 7.46993e-42 2.68572e-33 2.28181e-84 6.69803e-103 2.11835e-58 1.85403e-42 0.644407 3.61528e-52 1.26119e-47 1.51655e-34 1.97848e-75 3.45191e-47 1.01941e-55
6.23757e-31 2.39917e-46 2.6106e-07 4.34024e-47 3.86277e-64 0.246441 4.97935e-26 1.00729e-91 0.00931896 1.74193e-24 9.53832e-42 3.96792e-47 6.5759e-40 5.73238e-18 4.29614e-61 2.70671e-29 8.53102e-42 0.00412322 1.57917e-38 0.000197973 2.93003e-19 5.03313e-53 9.89857e-31 3.25348e-39 5.26212e-17 0.128804 6.30965e-24
3.0188e-57 0.0300756 1.71782e-30 0.00471118 4.7508e-26 2.41561e-38 0.187872 4.04531e-68 3.72932e-38 5.85132e-14 7.14279e-61 1.38872e-22 1.94539e-91 1.38051e-83 9.58879e-15 0.272315 5.08978e-35 1.07644e-92 3.33048e-48 0.0563743 0.0612634 3.9166e-14 7.25715e-63 2.14663e-19 4.8878e-31 9.87846e-10 0.0384869
5.99151e-57 5.93419e-43 3.60852e-74 2.38323e-18 3.9365e-29 9.84615e-19 1.70838e-24 7.76676e-19 6.52668e-31 1.08532e-19 9.63176e-75 1.70741e-17 1.20394e-24 3.01525e-34 3.76837e-55 1.88135e-06 1.57759e-24 2.8577e-19 7.4111e-73 1.20748e-63 0.138962 2.96215e-33 7.09303e-20 2.06384e-30 3.64424e-18 1.39851e-78 1.27849e-42
1.05957e-37 4.65886e-71 2.27781e-64 1.43848e-48 9.31388e-50 5.02199e-66 3.43634e-28 2.68438e-87 1.85807e-26 2.05969e-44 4.71621e-45 1.7696e-33 1.13175e-35 9.6284e-69 5.70378e-63 4.26869e-20 1.32185e-79 4.0715e-85 4.85752e-55 3.24201e-20 2.25989 1.49864e-48 3.88546e-46 2.57534e-23 5.47958e-59 6.54786e-79 1.44836e-41
6.52805e-10 1.36002e-14 7.04152e-29 1.08945e-17 2.11684e-18 4.51929e-50 1.11505e-48 6.11696e-67 3.17445e-15 1.81428e-13 9.20118e-26 1.27844e-33 1.04385e-19 2.17623e-74 3.01411e-22 9.19153e-36 1.29264e-51 4.0093e-71 1.23042e-44 4.70083e-50 0.150591 2.19985e-67 5.13946e-50 5.76051e-28 2.7112e-100 1.2956e-20 5.22586e-25
0.363157 3.60889e-25 1.06016e-65 5.50734e-21 4.98215e-11 3.45002e-51 7.0414e-50 5.26048e-29 2.84685e-12 5.98303e-24 2.76666e-13 5.79686e-13 5.17899e-74 1.13903e-57 3.98106e-20 5.89587e-44 2.04762e-26 1.4356e-60 2.7635e-72 4.15496e-52 0.208063 6.68386e-46 3.05968e-69 0.084541 1.23302e-30 2.6854e-15 2.5391e-30
0.18403 1.99626e-81 6.35573e-18 1.94171e-21 2.18224e-80 3.27978e-43 1.27373e-16 3.68654e-93 2.94289e-53 9.97566e-59 1.88752e-36 1.52639e-56 1.66391e-35 6.36742e-103 5.60515e-36 4.67514e-18 3.56922e-41 5.10222e-11 2.53014e-82 9.28804e-23 2.31281e-08 3.16072e-20 4.17862e-46 4.82484e-05 4.78454e-34 3.84235e-12 2.48802e-25
0.0034337 6.1499e-84 0.00868812 1.63835e-13 5.31161e-84 2.39414e-74 2.12274e-14 0.131777 1.70258e-59 1.47622e-12 0.0773719 0.0472231 0.50897 5.54721e-16 0.0138201 9.76262e-12 0.151712 6.75858e-36 0.0824159 3.57568e-41 8.00645e-20 3.03648e-64 8.5055e-19 2.65307e-38 0.0133193 0.103558 1.99358e-60
0.0648003 3.29841e-10 6.87489e-55 5.60659e-34 1.86244e-34 1.60109e-44 6.33881e-40 7.73321e-27 6.00004e-45 1.21529e-59 1.39482e-11 3.23723e-18 1.75019e-88 5.56907e-89 8.75861e-64 4.239e-19 4.07983e-20 2.19516e-21 2.73727e-42 3.09031e-11 8.09305e-06 3.41936e-06 1.72728e-66 1.62511e-13 8.80204e-72 7.19562e-05 1.12912e-13
2.3802e-60 1.40573e-87 8.08473e-57 4.86364e-45 4.34067e-56 7.55809e-72 8.84468e-41 4.19458e-67 2.89857e-56 2.22113e-81 4.41489e-83 3.33912e-65 5.54341e-92 3.6368e-59 1.45448e-46 3.4664e-28 7.95498e-86 1.88144e-75 6.17178e-65 2.6608e-37 0.71107 9.18458e-47 1.04178e-53 1.11181e-35 6.71709e-65 2.55123e-84 3.20289e-30
9.65558e-42 9.22848e-15 4.35766e-79 1.29223e-08 0.0303112 6.45758e-38 5.18346e-09 8.4797e-18 3.55173e-19 3.14478e-08 3.40796e-53 1.25877e-23 3.36316e-69 1.25923e-26 1.90668e-63 2.33336e-29 7.18117e-58 8.90978e-58 5.39947e-55 1.81048e-07 7.68605e-12 4.07414e-28 1.06817e-45 3.91853e-05 7.32041e-32 1.75985e-63 3.15747e-42
