2.02786 0.126733
2.40897e-35 2.81482e-91 1.60506e-82 2.13147e-24 1.75961e-23 0.000341363 8.10081e-101 3.45756e-58 1.69512e-10 1.24139e-36 2.98545e-30 3.81366e-33 1.73966e-24 2.96397e-91 4.34727e-57 1.01644e-29 0.0111808 1.40871e-41 1.47382e-35 3.94943e-96 2.3476e-146 6.52511e-162 5.91245e-59 4.47961e-94 1.70732e-91 1.96132e-43 6.84666e-83
1.17554e-58 1.07658e-108 1.00814e-23 6.23081e-83 7.15471e-31 2.83064e-58 5.85528e-36 2.55181e-36 9.75063e-58 2.17644e-52 1.43322e-09 5.08565e-93 8.98463e-108 7.61085e-58 1.65386e-22 1.42017e-71 2.61349e-09 4.01969e-69 4.17723e-43 1.67923e-46 2.62422e-131 8.51032e-150 8.81857e-98 3.14865e-99 1.9904e-130 0.0116555 1.7353e-51
5.70445e-34 4.83631e-33 0.0427533 5.73252e-12 4.90344e-66 2.13167e-67 4.70615e-20 0.0309789 3.78005e-84 1.41815e-12 3.41553e-55 1.54341e-62 3.44804e-102 2.67834e-77 7.30853e-89 1.05209e-79 3.94326e-72 3.38534e-92 8.42679e-40 6.87018e-64 3.74308e-99 7.03807e-77 0.117877 1.71083e-65 7.16331e-89 4.2121e-96 2.9776e-74
0.13287 9.47199e-12 2.95632e-42 1.28429e-95 0.0118612 3.07888e-82 4.40532e-32 0.0458525 6.89759e-88 8.51887e-110 4.20501e-14 8.86894e-120 5.08924e-106 1.12371e-131 5.08776e-48 4.46748e-45 3.20905e-10 6.29766e-103 1.5701e-108 1.5834e-67 1.5524e-84 1.8937e-123 1.06702e-18 3.047e-57 2.31232e-28 2.08299e-14 1.86495e-06
1.91533e-43 1.98363e-104 6.61661e-94 3.98414e-83 0.185701 4.65591e-40 1.3547e-38 1.05639e-83 1.00038e-97 5.12793e-63 0.000150651 3.45052e-16 2.92963e-110 2.01916e-10 4.81483e-42 4.17455e-61 2.50566e-90 3.7721e-87 3.12934e-08 2.3191e-54 0.388537 3.95763e-97 3.18197e-79 3.37873e-105 2.19569e-50 0.115443 6.16703e-73
0.422095 4.22141e-09 1.9397e-97 1.91254e-06 7.36469e-86 1.32005e-81 3.26214e-83 9.66516e-37 2.54942e-24 9.65076e-97 2.15437e-96 0.853268 7.16242e-61 1.9119e-59 2.56513e-53 2.36692e-08 2.35418e-37 3.66796e-44 3.79562e-65 1.50841e-33 1.45674e-167 2.45693e-115 2.61839e-35 1.81964e-133 5.84989e-07 2.0827e-34 1.74731e-14
0.287038 1.71856e-132 2.44479e-118 1.00043e-14 9.67983e-29 1.54388e-102 5.84047e-44 1.54757e-72 0.324389 1.36468e-50 0.0852081 9.16636e-48 6.18719e-105 4.75112e-100 1.52012e-21 0.0611933 4.00819e-91 6.01009e-68 2.1608e-50 0.0708541 4.29016e-135 6.39652e-64 0.00428762 3.43354e-31 3.60215e-136 4.90453e-90 1.81066e-91
1.74059e-71 1.39011e-25 2.28177e-49 1.27516e-18 5.73274e-37 1.65191e-116 1.61524e-18 2.03016e-75 1.08749e-52 0.407154 3.04304e-13 0.000534168 1.02689e-32 3.30229e-60 6.26395e-71 1.83809e-50 4.35214e-103 6.63672e-54 2.47021e-82 6.55233e-102 1.54606e-91 1.93902e-15 3.7213e-57 1.06677e-75 2.27493e-64 0.253636 0.00183622
3.34818e-73 2.0955e-99 0.0998857 3.27903e-100 7.85867e-76 9.58687e-71 2.38385e-29 3.08961e-07 8.40422e-60 2.45062e-89 3.97807e-73 5.39803e-40 1.67758e-119 0.011499 0.0564174 1.67514e-63 8.1264e-107 1.58517e-96 7.02378e-57 5.52253e-95 7.72771e-144 9.55637e-107 2.95302e-32 0.0315434 2.59737e-18 4.31697e-24 4.60612e-09
5.99081e-49 0.028251 4.69135e-29 4.93514e-88 4.81755e-11 4.88449e-100 6.81121e-39 2.47936e-48 8.85955e-79 1.50299e-73 1.20804e-61 4.07714e-106 1.55496e-122 4.29655e-118 2.12491e-81 5.17224e-63 0.237423 5.42951e-66 3.21052e-50 1.11604e-114 1.11875e-85 9.64764e-47 3.82306e-31 3.87811e-72 1.30849e-80 1.86813e-08 4.39034e-28
1.89428e-60 2.26408e-58 1.69115e-72 1.97175e-101 1.10512e-78 7.77543e-71 5.70392e-76 7.71614e-90 9.88246e-77 6.57631e-90 4.87171e-60 4.41884e-56 6.15878e-97 7.41079e-123 5.50439e-86 6.50197e-84 3.0668e-43 1.02596e-72 2.78214e-87 1.25687e-88 1.53635e-149 8.20037e-153 2.07058e-79 1.04893e-143 6.83146e-81 1.47733e-43 5.28733e-89
2.35008e-58 3.0435e-61 1.14497e-108 6.21188e-47 2.53291e-48 1.74482e-33 7.38619e-40 5.43328e-107 1.0054e-21 1.39887e-95 2.6011e-75 1.48872e-14 4.03488e-110 7.77196e-106 9.41399e-91 3.00728e-24 1.5325e-100 3.12626e-79 1.09338e-58 3.3191e-55 1.54351e-101 4.15682e-131 2.03438e-59 1.078e-22 4.22853e-26 0.0518191 1.45666e-65
8.64257e-25 1.47235e-126 3.02445e-50 2.81854e-21 6.5797e-78 1.23722e-87 1.26019e-57 2.17082e-80 4.76995e-97 1.70024e-86 8.09756e-77 7.42141e-99 2.68466e-122 5.81419e-66 1.0057e-58 2.31863e-38 0.824655 9.58522e-68 1.21245e-71 1.61467e-118 1.53181e-119 1.98849e-123 9.70016e-77 1.69325e-149 2.75848e-87 1.00837e-30 7.13256e-48
4.35417e-73 1.18448e-115 7.30875e-57 0.298288 2.44699e-71 3.35977e-65 0.138267 2.55051e-90 4.81478e-87 4.95111e-48 5.24364e-65 2.9661e-124 0.0761724 5.8765e-66 1.65163e-82 1.42976e-76 3.30181e-57 0.245145 0.17247 1.1248e-25 3.34338e-25 0.638152 1.72302e-80 8.67646e-143 0.0591606 2.12087e-86 0.231003
1.2314e-15 0.0758713 0.0879747 9.38367e-63 7.62842e-59 0.036407 3.88968e-20 1.70665e-88 1.21149e-94 6.61491e-26 3.3337e-37 2.17084e-44 3.12186e-47 3.91073e-103 2.01363e-61 4.72423e-38 1.79743e-55 1.14705e-23 1.49151e-110 2.11913e-42 3.65056e-51 8.47992e-100 2.5294e-13 3.83867e-12 3.63055e-117 2.94544e-38 3.02006e-63
6.38614e-73 2.3488e-24 4.28835e-58 1.72174e-80 5.69291e-08 5.42146e-94 2.34703e-61 0.164023 5.87577e-68 3.75344e-33 6.14121e-23 3.81567e-11 1.79354e-80 5.06497e-10 3.32465e-48 4.21969e-72 9.29843e-56 2.76745e-29 4.41434e-33 5.61832e-92 8.96214e-92 1.15544e-165 9.18597e-83 1.44592e-149 1.73289e-74 1.51744e-43 2.82373e-95
2.50513e-54 1.34774e-100 1.72585e-31 1.77737e-57 1.30479e-37 2.75001e-75 1.8699e-57 9.84803e-46 9.97697e-48 0.0316265 1.25237e-47 1.25684e-105 1.05942e-89 0.0118552 2.8247e-09 4.87534e-69 3.36545e-46 1.1403e-59 2.10744e-68 5.14421e-18 2.89603e-135 2.69137e-61 2.49417e-11 7.54907e-122 1.12452e-124 1.92145e-60 2.9102e-13
