0.0774129 4.1634e-14 1.13924e-67 2.23647e-23 4.62899e-82 3.924e-82 1.35901e-51 2.72336e-100 1.8366e-53 5.95669e-47 4.62198e-163 7.8702e-110 1.73359e-61 2.43928e-166 2.42073e-53 1.22299e-52 1.45161e-27 8.01395e-25 5.90805e-162 6.8667e-63 1.7093e-157 7.87523e-175 5.1925e-149 1.59423e-54 1.54088e-65 1.86625e-82 3.60845e-113 3.45954e-61 5.52576e-96
5.26937 4.34543e-09 3.7982e-24 1.21552e-10 5.50248e-60 0.183646 5.53602e-31 4.4655e-42 1.07867e-06 5.42382e-32 3.66886e-201 1.10819e-124 3.94243e-67 4.57702e-116 1.64841e-18 3.73539e-42 1.62809e-32 8.29905e-10 2.83989e-119 6.30856e-29 5.08554e-135 8.74542e-141 5.72107e-97 8.23296e-30 0.00665322 5.79764e-79 1.05173e-29 0.367666 5.55262e-62
1.03364 0.0763715 1.21603e-55 3.21926e-16 4.1616e-77 1.0004e-105 9.83716e-69 1.14775e-85 1.88063e-26 2.26865e-38 1.34989e-154 4.15913e-99 7.54599e-50 4.20474e-134 2.39815e-44 7.33232e-76 2.42448e-29 3.61755e-24 1.1095e-121 5.52366e-52 1.18303e-157 6.16896e-181 2.4553e-138 4.24448e-32 3.83213e-57 3.72754e-50 3.01066e-59 8.1715e-54 1.91639e-94
2.60207e-09 4.07074e-57 9.3479e-47 4.52571e-26 2.49518e-75 3.81351e-105 0.0791979 2.25983e-73 2.79655e-87 7.39845e-54 3.96562e-197 2.32809e-112 8.70475e-19 1.80513e-104 1.00235e-29 9.7241e-20 4.7251e-33 0.00894985 1.84137e-152 5.68214e-19 1.48703e-110 1.65372e-165 5.35599e-70 1.69732e-47 0.0527718 4.91624e-38 8.18225e-62 3.74157e-52 3.91896e-71
4.0628e-25 5.24378e-21 2.2345e-67 3.73129e-11 6.99233e-59 8.09963e-107 4.80632e-32 4.63078e-86 9.71827e-33 1.04377e-31 2.1707e-128 1.89152e-101 1.25184e-42 2.14535e-145 9.31582e-27 2.9393e-71 3.60808e-20 0.607051 1.4185e-147 2.26399e-64 2.81874e-167 2.93066e-106 7.93658e-107 2.24022e-34 1.30199e-93 1.45322e-56 1.62824e-96 1.26419e-58 5.61383e-119
0.380365 1.57865e-46 2.38661e-74 1.96228e-26 7.0084e-81 3.32741e-70 3.59997e-43 9.74721e-81 3.61399e-83 2.61668e-60 3.70381e-161 3.99591e-113 5.07711e-47 9.95102e-186 3.80863e-67 1.10803e-62 9.0308e-47 2.04169e-24 1.33159e-166 1.78991e-53 1.89457e-172 3.6439e-151 1.4917e-124 1.88093e-83 2.15933e-80 2.9905e-81 4.42373e-112 2.15018e-77 9.99675e-120
1.50899 4.78476e-31 1.24054e-38 5.20299e-35 2.91829e-78 2.11687e-63 2.72837e-63 4.98407e-88 9.57745e-93 2.34342e-57 6.79686e-169 1.13397e-87 6.30043e-53 6.95344e-161 3.99601e-65 6.56052e-76 8.5701e-37 0.00151267 1.01251e-168 2.93758e-38 1.31688e-171 1.19823e-147 3.01452e-138 5.29516e-51 2.03414e-61 1.82034e-75 1.78894e-78 1.00166e-44 2.68277e-109
1.35218e-12 6.36868e-52 0.0381042 6.51578e-11 3.24952e-50 4.17144e-67 1.07529e-64 1.99089e-46 1.38962e-23 8.67611e-45 3.46171e-116 2.09775e-75 2.00854e-38 2.68695e-145 1.55505e-75 3.42243e-49 1.53856e-09 3.86053e-17 8.13185e-142 0.0245262 4.26188e-156 5.61863e-184 9.64799e-76 1.09492e-32 1.87392e-07 1.83813e-84 4.52422e-84 4.63616e-09 1.79409e-109
2.16114e-43 6.30968e-52 9.37784e-26 0.0100971 3.23087e-39 5.12767e-107 7.22585e-05 6.39892e-87 3.85998e-87 1.31975e-41 6.27504e-143 1.66375e-99 1.76911e-61 2.58897e-127 7.3725e-30 9.38852e-33 1.96473e-34 0.0408857 5.71628e-142 1.30719e-73 8.13835e-169 1.01681e-135 1.3485e-81 9.81874e-87 2.44398e-79 5.6448e-65 3.65438e-72 2.44497e-55 7.32754e-40
1.47987e-25 1.56574e-49 1.11503e-87 2.86078e-48 6.50076e-50 1.01829e-95 2.38679e-57 3.48182e-63 4.44791e-70 1.21842e-26 1.1344e-151 2.52621e-98 5.20268e-47 1.18429e-178 2.49878e-42 1.18458e-36 5.44492e-20 0.736216 1.55993e-149 4.57668e-93 1.913e-141 3.24962e-183 1.04157e-143 2.92796e-29 6.53954e-69 1.27741e-68 5.85828e-84 1.37123e-80 8.49786e-88
2.31649e-10 6.01605e-24 0.107337 6.17018e-44 1.23426e-57 7.1224e-77 1.26987e-31 1.65873e-90 5.04889e-51 5.47028e-07 1.48358e-128 5.69726e-128 1.57036e-59 6.35684e-156 0.00413087 1.3928e-61 7.71452e-45 1.18689 6.04877e-120 5.04232e-28 1.56182e-102 1.30541e-107 2.2301e-60 0.0531996 3.53946e-83 2.02561e-94 1.94661e-64 2.79108e-96 2.63788e-48
0.0485907 1.17988e-56 1.00617e-05 7.62624e-42 0.335375 3.70248e-06 3.02948e-16 0.110781 2.82314e-37 1.20271e-50 0.337923 0.361938 4.0783e-10 0.150676 0.0966112 0.0975061 2.78311e-21 0.468436 0.163602 0.127449 0.0963329 0.256417 0.0378743 2.64566e-30 1.16968e-58 0.519654 0.796184 3.22516e-28 2.64858
0.653803 1.90945e-24 3.87438e-43 4.02098e-33 2.26234e-49 4.09801e-30 2.74268e-17 1.02528e-47 0.211604 0.113497 2.63001e-130 5.80226e-68 0.160913 2.21352e-179 1.27062e-45 2.15186e-66 0.103143 3.04764e-27 7.1087e-166 8.52571e-18 1.15289e-164 3.88368e-74 2.7628e-144 1.96607e-83 2.0111e-82 7.43526e-88 4.78238e-31 2.59345e-84 1.79547e-35
2.17674 2.61773e-25 2.1796e-61 5.28339e-31 1.15503e-67 1.85655e-92 1.14256e-41 6.27377e-82 1.84358e-66 1.26923e-33 1.27375e-157 3.96744e-106 4.46455e-37 7.67882e-161 3.39828e-65 8.36441e-51 4.0803e-39 5.01535e-11 3.19218e-151 2.75297e-46 7.15741e-153 4.70151e-170 1.84243e-149 3.43755e-83 9.39778e-89 1.65852e-95 9.60711e-87 9.61081e-54 4.75233e-81
0.0205886 1.06606e-41 1.05693e-57 8.52079e-21 1.10637e-64 2.00722e-99 7.59944e-56 1.46987e-69 4.66039e-42 8.89829e-58 9.77278e-196 1.75283e-101 1.8534e-39 4.95881e-155 1.11188e-78 7.41396e-58 8.48776e-19 3.35066e-18 1.76096e-181 3.052e-77 9.55466e-180 1.26472e-123 2.71129e-122 8.43994e-72 9.12898e-55 2.56219e-72 9.6938e-111 8.27338e-84 6.53691e-93
0.475826 0.00154649 5.94038e-45 1.59306e-42 1.19081e-78 3.78251e-108 1.81808e-44 1.78449e-104 2.13957e-48 4.77202e-54 1.57684e-175 4.98147e-111 4.37222e-38 1.31473e-153 1.25473e-76 2.28933e-48 1.52119e-40 1.6717e-14 4.68083e-160 4.29414e-47 6.19647e-145 7.68023e-163 7.29239e-121 3.02219e-57 3.45773e-86 2.10682e-95 2.34063e-78 1.21366e-89 5.65872e-113
15.9994 2.67147e-08 1.04972e-86 5.39727e-46 3.69409e-44 6.9382e-63 1.43812e-41 4.54171e-88 1.03666e-44 1.34713e-61 1.29148e-201 3.57986e-134 2.50282e-44 1.16034e-120 7.97806e-27 4.69978e-27 7.98315e-18 3.27014e-12 2.70235e-126 1.70948e-72 3.55959e-127 1.38693e-128 2.02259e-79 1.18581e-15 1.20233e-51 2.30054e-53 1.35438e-89 1.025e-72 1.01107e-105
0.324432 5.62165e-46 1.42347e-69 4.08132e-17 6.90071e-39 3.53929e-82 3.25055e-61 3.11836e-76 5.0891e-81 6.06545e-49 5.3872e-137 2.31279e-135 5.10076e-16 2.79442e-119 5.46124e-76 1.00677e-51 9.10491e-30 1.78995e-10 5.44761e-165 1.68822e-19 3.57191e-150 2.80601e-136 4.98625e-95 2.93613e-39 8.94686e-79 9.71771e-81 2.54201e-99 3.69853e-27 8.31135e-65
