1.34038e-83 7.88897e-12 3.24521e-06 5.07624e-75 2.48057e-60 1.23189e-28 3.56719e-45 3.94279e-72 5.41299e-62 1.12166e-153 6.90634e-95 0.108891 1.81259e-85 5.83676e-43 1.13244e-98 0.172411 6.44164e-185 1.40667e-118 6.42054e-178 1.93463e-80 3.55024e-55 4.14778e-108 3.28023e-81 8.30902e-22
1.31227e-107 1.90288e-07 2.92018e-13 1.8811e-103 4.12285e-120 8.29789e-177 1.64555e-80 3.19361e-112 3.10897e-48 1.5666e-10 3.35058e-116 1.27899e-149 2.22059e-50 3.39895e-152 1.30281e-87 0.459787 2.34497e-88 1.32763e-09 0.0703746 1.04423e-28 1.71906e-69 5.77765e-48 7.41871e-106 7.67823e-13
4.20419e-117 1.68186e-65 2.71384e-58 8.8405e-166 2.3255e-25 6.66467e-29 2.26388e-12 1.21438e-81 3.62151e-194 1.07248e-25 9.90687e-110 5.88557e-55 4.23774e-18 5.75875e-29 1.20694e-85 0.386774 1.18913e-199 1.41844e-147 1.94048e-186 2.57315e-164 1.77497e-10 6.72974e-85 1.24502e-32 4.92296e-149
3.48045e-79 7.97657e-122 1.22125e-115 1.99117e-126 1.01277e-65 1.31102e-149 4.92434e-108 3.98718e-41 1.04331e-165 0.0191417 5.6004e-83 1.30575e-158 5.97412e-15 0.456307 1.262e-122 1.01431e-90 2.50835e-262 0.139243 2.63961e-184 1.72004e-82 4.4822e-34 9.64101e-171 2.7662e-155 0.07942
3.15916e-09 0.0311521 1.29289e-15 3.86527e-08 0.000869057 3.52835e-14 0.0195063 3.13462e-11 1.14705e-191 8.89857e-171 1.47367e-117 4.28679e-193 5.14585e-116 6.1744e-142 6.49406e-224 5.56216e-95 1.81798e-244 4.34593e-160 7.9196e-206 5.60118e-194 6.20061e-106 8.73914e-179 2.46368e-159 6.15974e-158
0.00141132 1.59169e-06 0.00110535 0.000478714 0.00447564 0.00401537 1.70155e-07 0.0375382 1.40716e-197 5.58539e-181 8.03482e-124 2.40125e-200 1.8573e-125 1.20148e-166 8.21577e-242 1.46587e-109 3.6976e-265 2.35299e-164 3.22013e-220 2.47144e-200 9.68867e-113 8.60157e-180 3.0606e-167 9.93409e-158
8.59154e-145 4.57768e-11 1.20072e-76 2.94483e-35 2.10119e-64 4.65573e-26 3.69425e-28 4.61727e-60 6.34109e-161 0.380427 1.10866e-106 2.30103e-184 8.5546e-105 4.35385e-32 4.95603e-121 0.101135 1.65764e-88 2.05465e-31 1.74288e-184 1.96567e-177 5.79219e-09 8.823e-151 1.76503e-90 6.34301e-43
2.15178e-46 6.66994e-56 4.69464e-19 2.40419e-157 8.11334e-08 1.55195e-216 2.33938e-38 1.54051e-77 2.24182e-19 2.75018e-60 0.308479 2.51416e-149 0.411107 4.66838e-101 9.26885e-188 1.24718e-38 6.4046e-232 7.1858e-151 7.83513e-53 0.0487676 7.71025e-92 1.03059e-30 2.73764e-111 1.12296e-80
4.26102e-54 7.79982e-137 4.22126e-82 2.24626e-211 1.19303e-34 3.41171e-217 5.98302e-146 3.90834e-78 0.00142248 1.13892e-167 2.84551e-27 5.07924e-08 1.22434e-66 2.94164e-50 0.255463 2.86564e-09 3.08925e-186 6.51658e-126 1.85871e-86 3.55115e-41 1.23212e-49 2.063e-68 3.06169e-85 1.41281e-87
1.17649e-225 7.70243e-141 1.01132e-58 5.7313e-23 3.10336e-39 2.03997e-256 2.16304e-99 1.06298e-120 1.36827e-189 4.70261e-163 2.60874e-53 2.0516e-64 4.81791e-53 4.16581e-91 9.8113e-18 4.6075e-60 0.386409 1.46982e-69 4.19215e-50 0.345208 1.06938e-21 0.0747341 1.09416e-77 0.280484
3.56744e-23 1.9641e-42 6.6188e-70 2.33309e-114 4.14085e-107 3.63329e-19 4.72401e-27 2.02855e-54 1.65204e-49 3.96445e-183 1.79751e-95 8.96254e-131 1.39882e-121 1.49794e-101 4.75004e-136 0.442038 3.98926e-83 5.52299e-67 2.38245e-181 2.50733e-174 8.44483e-70 1.75247e-179 1.2554e-63 5.98818e-148
4.77879e-154 7.87138e-58 1.78758e-21 7.67596e-46 2.28463e-67 5.22932e-168 4.49811e-181 3.60444e-94 0.0533801 3.87035e-156 4.92664e-14 3.51008e-141 8.11909e-115 7.25278e-18 3.94019e-108 1.54875e-08 5.71612e-66 1.45601e-81 6.39403e-120 1.18022e-183 1.52004e-62 1.13038e-115 1.60071e-125 0.000788161
1.22364e-37 7.72533e-07 0.0393256 1.4924e-35 3.7499e-27 3.58001e-23 8.52302e-59 7.79016e-13 2.2787e-145 3.4235e-178 1.23639e-109 2.02201e-195 1.92505e-102 3.74536e-143 1.02826e-185 2.81817e-89 1.61393e-223 1.6676e-151 5.67173e-168 3.82797e-165 3.95298e-112 5.49722e-163 1.1349e-129 1.2221e-152
2.95845e-142 1.67277e-106 1.09307e-94 5.78992e-25 8.9334e-37 3.35359e-159 4.68023e-20 5.29107e-21 5.45146e-87 2.12103e-82 3.011e-69 0.303991 6.5843e-75 6.43905e-89 1.74577e-196 6.26523e-90 1.76416e-263 4.61877e-131 1.9288e-107 1.26366e-186 5.32024e-47 6.28248e-93 4.06637e-143 1.05833e-101
1.61803e-29 2.14494e-119 2.73873e-92 2.73641e-169 5.90982e-115 1.03552e-12 9.06494e-47 4.31884e-58 0.064337 0.418916 1.41114e-119 4.65048e-142 2.30925e-49 4.6136e-162 2.52158e-171 3.25968e-12 1.31106e-173 1.19725e-132 2.72711e-214 2.48483e-199 1.92941e-38 9.4801e-77 0.0884454 3.91665e-48
1.03058e-145 4.04312e-86 4.55249e-97 4.22921e-140 1.11244e-85 2.21282e-145 1.51335e-42 9.43966e-13 4.83319e-156 0.253508 2.71829e-83 8.90704e-194 2.23788e-31 1.31328e-83 1.55682e-101 3.73405e-20 1.56082e-87 1.33476e-157 1.17469e-160 7.86684e-161 0.0456172 3.5814e-156 9.89845e-78 2.50281e-111
