2.00653e-08 1.40686e-14 2.10104e-07 0.116104 0.0361176 1.73827e-37 3.72538e-37 2.00092e-19 0.115505 0.199017 1.36165e-29 1.76406e-41 4.77902e-42 5.88276e-08 6.86693e-50 0.0407922 2.01596e-29 1.15298e-47 0.00957739 2.65099e-25 0.0169127 9.01339e-36 4.45751e-08 3.03542e-36 4.67949e-64 0.0430993 1.07272e-28 0.207111
5.13952e-28 8.30844e-12 2.72957e-28 4.43571e-63 1.07147e-30 1.00216e-05 1.43412e-12 0.0277668 3.2789e-72 1.01737e-08 1.52877e-35 8.30938e-42 3.277e-31 0.0810459 8.78343e-34 2.52801e-37 2.1584e-44 8.17681e-11 1.07052e-53 3.24505e-05 3.71476e-47 2.68364e-06 7.87049e-06 4.93965e-43 0.00216158 1.47456e-68 3.78249e-20 9.58267e-46
3.8632e-11 0.0402646 1.8904e-17 1.4071e-46 4.93921e-27 0.210364 9.10141e-53 5.40798e-23 5.22072e-74 2.60247e-30 2.40526e-38 1.39666e-08 2.03926e-34 1.08031e-20 9.2848e-61 1.2845e-12 1.08325e-42 0.0408465 4.9403e-21 0.0891278 2.91086e-40 4.13485e-50 3.34402e-07 0.0487746 2.08171e-28 3.01539e-43 2.34986e-34 9.37076e-32
8.09004e-17 2.53658e-24 1.50548e-26 1.25168e-42 1.26576e-60 5.19018e-41 0.15782 3.6564e-05 9.82501e-49 1.68155e-12 6.20504e-11 3.55595e-16 3.69152e-44 2.08455e-51 0.00798907 7.47219e-31 9.7722e-42 3.42129e-16 1.6397e-39 0.034688 1.15968e-43 0.215658 4.56017e-15 1.07113e-23 1.80846e-48 4.30436e-61 5.78551e-62 5.56078e-53
0.0641717 3.00817e-06 6.30838e-12 2.15657e-71 1.79727e-68 1.58903e-38 2.29808e-13 2.73442e-29 6.95e-58 1.64569e-48 2.6275e-26 2.49202e-31 1.5566e-41 4.1552e-17 5.49858e-60 5.51263e-34 1.72805e-17 1.60497e-21 3.21438e-22 8.79881e-27 1.0957e-41 1.15018e-40 0.0269358 1.45034e-28 3.68358e-59 5.01533e-52 4.21826e-59 2.14407e-56
6.92354e-14 2.34684e-25 3.90156e-13 6.74537e-66 2.75812e-65 1.05076e-19 0.166509 7.74584e-11 1.85075e-57 1.43763e-46 1.69436e-71 8.30289e-51 3.37287e-09 6.05345e-39 5.84426e-09 6.52261e-51 9.41938e-16 6.64278e-39 3.81635e-25 2.67798e-14 8.395e-58 1.95122e-51 1.87717e-11 4.0492e-29 3.03942e-12 1.43163e-44 0.0118224 2.68992e-49
1.79263e-31 0.00459021 0.00625994 4.00371e-43 1.78551e-62 2.9174e-14 8.51594e-37 4.65465e-32 3.24739e-60 4.27716e-36 2.20832e-30 2.68363e-45 5.78825e-22 7.70527e-33 1.54554e-48 1.68635e-51 7.02412e-31 2.47413e-25 7.14606e-47 4.78238e-06 5.46198e-32 1.85663e-34 1.04674e-15 5.89599e-49 7.90143e-37 1.48223e-51 1.52452e-63 9.29341e-47
0.0179919 6.24069e-19 0.124486 1.43686e-65 3.44639e-32 9.89175e-32 5.22345e-43 1.783e-37 1.23804e-54 2.49421e-34 2.57089e-19 1.99132e-49 1.26323e-28 2.8907e-47 1.63502e-58 1.00456e-42 3.9049e-38 2.44728e-40 2.59029e-32 3.84855e-22 1.23131e-47 1.15167e-38 1.5494e-35 1.23546e-24 1.34588e-27 4.0081e-50 2.88232e-51 8.17102e-34
1.26315e-07 0.055337 2.12177e-14 1.19757e-58 1.31331e-45 1.2954e-49 1.15036e-08 1.13031e-12 4.83277e-80 1.74004e-47 1.38327e-70 8.85193e-35 3.83975e-36 3.05332e-32 2.55836e-28 1.48699e-21 3.5557e-18 5.04144e-28 1.00142e-41 0.00117765 1.37506e-41 1.14223e-55 6.04527e-15 3.92309e-30 2.11425e-16 3.59108e-43 1.2217e-58 2.64264e-45
2.79198e-07 3.76012e-27 1.35214e-19 1.94702e-61 1.21906e-41 1.64054e-47 3.33846e-43 1.67218e-31 4.6871e-41 2.61795e-46 0.16883 0.0620681 0.129159 0.0124341 2.36842e-48 6.79502e-21 0.455232 1.99195e-22 4.33892e-19 6.22773e-15 1.03537e-36 1.46496e-09 1.05536e-39 8.8887e-67 0.167557 2.60372e-29 0.0173494 7.11917e-33
