1.20725e-123 3.93967e-130 3.82647e-165 2.7267e-143 9.35318e-106 1.69571e-305 2.86118e-99 2.20503e-118 4.94843e-75 1.53449e-47 2.5781e-64 1.43921e-177 1.07212e-321 9.09129e-172 2.54226e-191 0.08914 4.12084e-74 7.37153e-112 9.72127e-101 1.23703e-200 8.96394e-193 0.285287 2.0482e-50 3.20745e-317
2.26077e-64 2.71616e-140 1.66668e-58 3.06357e-36 1.09568e-184 5.23737e-129 1.13662e-253 4.95642e-226 9.31687e-54 3.01077e-93 7.7278e-109 0.134873 9.41952e-184 1.58601e-158 3.72206e-135 1.68773e-109 6.51949e-215 4.02921e-143 2.76479e-62 8.95535e-200 1.68476e-321 0.0705845 3.01713e-117 3.07803e-321
6.86507e-25 7.37777e-160 4.11075e-222 3.59397e-195 4.17534e-172 0.421792 5.3989e-95 2.81963e-260 0.447117 0.268802 2.06789e-157 1.87767e-128 1.02766e-321 2.00942e-248 9.8211e-193 4.21973e-127 1.09623e-220 0.140366 0.186091 7.73772e-133 9.2697e-279 2.87037e-26 2.18327e-240 2.95229e-156
9.67839e-124 7.97147e-25 7.17538e-65 3.42562e-23 9.68017e-141 6.93521e-290 1.72851e-171 4.64635e-211 5.69526e-72 1.26294e-154 1.60598e-143 5.009e-249 3.32131e-317 2.89854e-208 1.10398e-170 0.0836371 8.70329e-213 6.35994e-144 1.31705e-178 3.67128e-205 1.01778e-321 2.26244e-186 6.15785e-207 1.7984e-321
5.2865e-321 1.05882e-120 2.48116e-299 1.44761e-321 0.386674 2.69106e-265 0.525283 0.480436 2.02195e-110 2.52206e-124 0.484196 2.15315e-205 0.403136 1.02373e-11 1.29351e-188 9.05638e-147 1.92159e-75 6.29135e-122 3.24305e-121 9.366e-107 0.732172 0.0952761 9.44253 1.17367
0.00355613 0.00252226 0.000653131 3.2476e-05 2.40101e-194 9.88131e-324 7.6512e-260 3.26992e-262 5.00718e-161 1.38853e-245 3.82538e-185 1.77503e-274 4.94066e-324 7.864e-310 1.96506e-202 9.35911e-164 5.16989e-305 1.40137e-181 4.27918e-204 5.23539e-291 9.88131e-324 4.77664e-201 4.94327e-249 1.4822e-323
1.2997e-35 1.0995e-115 6.60236e-97 3.6994e-226 1.75252e-84 7.71076e-174 9.40365e-44 2.12457e-249 2.78801e-115 8.59662e-159 4.09074e-87 1.12675e-247 8.70954e-286 1.91411e-234 4.48352e-166 0.531904 9.50886e-104 1.73624e-177 2.17112e-197 2.59488e-282 1.71441e-321 1.40733e-47 3.21119e-183 2.46539e-321
2.90401e-07 5.89958e-06 0.0103997 1.67705e-09 5.52323e-193 1.31273e-320 8.59424e-248 8.14233e-260 2.61862e-151 3.12056e-242 1.66253e-176 2.86233e-259 7.90505e-323 1.12388e-297 2.10838e-198 1.53913e-148 1.24336e-298 4.50337e-174 5.22228e-200 4.85328e-281 1.43279e-322 1.31509e-192 1.81274e-236 2.37152e-322
3.41823e-192 3.81418e-96 2.1293e-189 6.79546e-19 1.95469e-70 1.82077e-67 4.40411e-114 3.18137e-123 3.20543e-55 5.82955e-21 1.54277e-145 2.8951e-233 9.48606e-322 1.455e-49 4.10507e-45 0.154669 0.000420046 2.93405e-88 3.61626e-45 6.91305e-46 1.86757e-321 2.60851e-190 9.79901e-96 3.65687e-294
1.97466e-53 4.34548e-71 2.24267e-163 8.0378e-148 4.62041e-125 9.86816e-205 7.5644e-137 7.55802e-209 4.5943e-19 2.46111e-204 9.09204e-85 2.57767e-162 3.21652e-207 5.95329e-83 1.94649e-143 0.483731 5.39463e-248 4.19626e-148 9.46669e-44 4.14698e-130 1.77864e-321 6.95225e-141 6.85986e-151 1.34636e-250
1.89753e-173 2.24139e-18 3.08787e-09 1.35685e-73 4.41027e-50 4.10462e-63 1.98453e-224 3.49935e-180 2.64857e-34 1.27798e-26 1.33951e-76 2.47484e-170 7.5098e-322 1.68438e-119 7.61191e-63 0.0775485 7.18016e-148 2.18595e-64 1.16996e-160 1.84182e-104 1.67982e-321 6.87577e-18 2.1664e-246 5.39849e-277
3.22705e-82 8.86159e-111 4.4132e-05 3.04612e-145 2.48425e-17 1.48272e-120 5.00574e-234 8.214e-92 2.10053e-154 5.18867e-136 1.12899e-110 1.0789e-164 1.02272e-321 3.51385e-226 1.24168e-67 8.80045e-28 1.39542e-243 0.0543195 1.45358e-40 3.77654e-45 2.07308e-149 2.24991e-09 7.36649e-99 3.33e-321
8.17385e-54 2.15998e-176 4.39113e-60 9.27232e-133 1.0851e-73 1.06968e-284 5.36891e-87 1.76755e-117 1.09628e-118 9.94522e-226 2.40698e-128 1.20005e-145 9.17012e-210 6.71283e-154 0.534698 1.04073e-72 1.15014e-94 5.4358e-104 3.6036e-66 1.57517e-116 2.67276e-198 0.398716 4.3968e-214 3.18178e-321
4.14097e-20 8.07104e-130 6.12902e-88 1.49707e-59 9.28475e-64 0.0313354 8.71107e-71 7.13111e-246 2.58877e-30 9.28946e-97 1.17508e-177 4.1462e-52 1.35846e-223 5.17101e-08 3.20431e-93 9.38877e-39 6.16683e-279 1.27213e-105 8.15297e-05 1.48851e-265 2.07508e-321 6.81645e-102 1.58757e-17 1.1322e-226
1.45166e-26 1.01796e-94 6.63035e-141 6.71567e-110 3.55421e-139 1.94825e-221 6.37206e-147 1.01541e-213 9.60451e-82 5.11938e-93 1.56344e-110 7.13125e-196 1.13329e-285 3.94614e-138 2.10872e-167 0.182792 6.7344e-297 2.28819e-78 2.08507e-102 1.43067e-238 6.28812e-292 1.04253e-159 4.52244e-148 3.54793e-276
5.32525e-128 2.76244e-07 4.50439e-178 7.40365e-176 1.28666e-34 2.04086e-311 8.97466e-151 6.49835e-205 5.79357e-130 5.07643e-217 1.88938e-133 1.5567e-69 4.5795e-307 0.636802 4.24805e-73 1.05471e-155 0.302219 4.93639e-118 8.49856e-53 0.561843 4.33096e-263 3.56704e-185 1.89192e-100 2.59879e-133
0.00426923 0.00804261 2.57071e-13 0.0213383 4.52933e-185 1.44072e-313 1.34877e-254 4.88699e-252 7.93999e-149 9.75304e-232 3.92786e-175 4.56937e-264 9.88131e-323 1.02481e-301 1.71693e-192 1.31543e-151 1.93921e-291 4.47087e-180 1.8854e-196 1.18782e-286 1.87745e-322 1.46961e-198 8.1274e-248 3.40905e-322
