2.31804e-104 2.60116e-51 2.52921e-59 8.10472e-30 6.89778e-19 1.94112e-126 0.00818077 1.16134e-44 1.25028e-116 1.90174e-146 1.96019e-97 8.24376e-31 4.08255e-112 1.46238e-71 1.59262e-100 6.58344e-67 5.03615e-66 3.55739e-20 3.26766e-104 0.166452
1.47466e-68 2.16312e-130 1.41431e-11 5.97131e-92 3.88082e-53 1.08544e-118 1.1537e-45 9.74555e-141 2.27719e-76 4.96416e-121 2.55268e-104 6.89882e-64 5.83366e-95 2.24553e-61 0.0218283 4.66858e-66 7.36095e-55 1.2373e-37 6.22778e-111 1.18559e-122
1.89943e-50 2.33973e-125 9.02376e-42 4.38679e-64 1.10079e-65 0.0783985 2.31126e-83 2.40361e-154 4.19145e-45 1.8283e-188 6.84996e-131 1.00667e-26 1.68372e-11 2.43067e-40 0.280169 2.39996e-89 0.0895717 2.16838e-30 2.40264e-102 6.08129e-121
8.77152e-17 1.92566e-100 0.0411657 2.41944e-108 7.75661e-27 5.92264e-52 6.32691e-31 2.65629e-84 5.74909e-63 1.63206e-173 5.70596e-126 9.21701e-64 3.30771e-35 3.43323e-39 0.162774 4.19267e-20 4.43374e-31 3.51184e-43 4.20983e-101 2.18994e-110
9.57534e-10 1.00867e-78 1.24692e-53 2.51117e-25 1.12265e-79 8.89133e-73 0.00012534 5.06398e-158 1.2012e-18 6.77347e-176 2.38241e-104 8.51096e-78 1.34256e-40 0.0275403 8.72647e-21 1.12039e-85 3.82308e-26 3.44014e-15 3.36723e-82 3.05135e-99
0.226972 3.36632e-121 3.5222e-36 0.108897 1.69901e-32 9.16485e-69 1.27341e-93 4.71853e-94 3.61274e-15 1.30485e-14 3.72368e-172 0.0903201 6.42031e-59 1.85544e-12 4.82025e-112 6.43205e-73 0.142158 2.59659e-36 6.58021e-73 4.14515e-76
6.70319e-15 2.16809e-115 5.94274e-54 7.65794e-73 1.56346e-39 5.18469e-35 8.02003e-90 1.30821e-58 0.349247 2.07865e-130 3.46486e-138 1.34856e-50 2.62393e-44 2.00572e-71 3.52855e-07 3.16685e-61 1.07e-42 5.27455e-09 6.33161e-139 0.114522
0.000249519 1.79547e-71 8.52379e-29 2.12128e-39 0.0802256 1.98771e-59 1.28945e-05 3.76917e-151 0.0274394 2.6415e-148 1.09047e-38 2.98331e-40 0.0446569 0.0779254 8.16823e-123 5.66289e-42 9.80283e-85 0.0717228 0.0795629 3.22426e-99
1.51921e-110 4.19678e-121 1.0868e-55 5.14383e-63 2.76275e-63 1.94997e-112 4.04072e-126 8.33179e-118 1.38931e-101 1.04333e-179 3.73469e-114 3.17908e-109 7.45596e-83 5.6009e-67 2.39251e-59 0.0496681 3.17347e-65 6.70028e-29 3.78674e-71 1.18125e-65
1.34715e-27 0.122254 5.74866e-41 2.90603e-72 9.31578e-103 1.66904e-07 0.223515 0.751707 7.24336e-81 0.280121 0.205573 6.50331e-126 5.29294e-15 1.89087e-39 0.0927413 4.41286e-91 5.59889e-27 9.52352e-19 4.27561e-157 1.48812e-81
3.62408e-103 7.97185e-67 0.191614 1.594e-120 2.57614e-79 2.38931e-120 1.04149e-121 6.47385e-153 8.6992e-92 4.46522e-198 4.8165e-143 3.96534e-37 1.29621e-32 2.94102e-66 7.84668e-91 4.90254e-38 3.20205e-98 3.63098e-25 2.05421e-151 1.81574e-75
3.11727e-22 1.06728e-79 8.36122e-26 7.02728e-35 4.15315e-72 1.14659e-125 1.17307e-125 6.82171e-165 6.63257e-87 2.73412e-86 1.07544e-92 1.72822e-66 0.0201667 5.84724e-72 6.17351e-15 0.0495366 3.25212e-40 5.39413e-23 1.0246e-35 1.84991e-112
