2.12327 0.189424
5.74504e-80 4.94964e-185 0.0979237 1.25665e-99 0.00122154 6.41978e-100 9.41907e-64 2.41769e-96 3.89105e-09 4.55604e-133 9.97233e-158 0.178593 6.41757e-182 1.07994e-79 0.617299 2.38448e-74
9.57715e-229 1.13568e-189 4.21362e-67 1.36304e-85 2.34259e-15 2.56993e-93 3.20607e-114 1.24228e-111 9.03099e-46 0.0869693 4.80905e-170 3.13352e-129 1.22991e-164 3.08407e-82 7.59627e-62 4.91165e-41
3.94352e-243 4.65137e-214 3.48809e-191 3.3626e-223 2.26442e-76 2.08641e-96 1.5131e-116 2.00221e-148 2.19982e-47 6.10892e-138 6.50207e-253 4.46551e-186 8.06627e-187 8.12269e-124 9.22715e-117 1.27194e-70
7.68823e-153 3.87505e-74 6.82478e-140 8.17539e-72 0.837168 1.34311e-86 4.20177e-53 5.11549e-42 6.66487e-08 1.2464e-138 3.08076e-114 6.86573e-49 2.35782e-155 0.0372034 8.25362e-61 8.38491e-43
0.189626 0.152485 3.92478e-69 1.24287 1.53205 1.67371e-60 0.272384 1.07867e-95 1.24838e-42 0.126595 3.39529e-287 1.56222e-63 5.21474e-74 4.40948e-103 0.0279123 0.241892
4.77909e-61 8.24615e-103 7.12919e-88 4.25799e-193 1.67694e-72 5.66109e-91 1.07745e-39 0.0203531 0.259514 0.0456318 8.73425e-145 7.29217e-167 5.1999e-148 4.11614e-93 7.04354e-74 1.66395e-53
2.76403e-117 1.34948e-152 4.06839e-196 8.70051e-132 1.68279e-19 8.0837e-48 8.24507e-95 1.93998e-150 1.13215e-19 5.36718e-116 0.186827 0.0409531 0.404157 5.4333e-61 6.44495e-122 1.56006e-47
7.79782e-51 1.24537e-212 9.78165e-186 3.22214e-46 3.46865e-49 3.79288e-131 2.19719e-47 0.174704 1.81651e-58 1.50819e-29 1.66791e-119 1.36954e-161 2.0363e-64 2.08599e-87 1.62413e-92 7.11569e-84
0.194022 1.23859e-148 2.76343e-175 4.67432e-155 1.59456e-84 0.192168 6.10838e-106 8.07132e-47 5.97567e-20 6.22381e-143 4.74939e-161 4.87868e-226 2.40362e-120 1.28497e-73 1.54245e-114 8.16025e-80
