6.88036 0.0386303
0.34699 8.19054e-35 0.0860361 0.152161 0.0458931 3.56856e-30 3.50521e-38 1.57339 1.0711e-25 0.346487 3.6478e-10 0.0700039 2.70762e-20 1.24438e-21 0.0201609 5.6736e-19
1.02357e-33 9.88649e-11 1.37406e-09 4.80955e-11 4.93329e-45 2.16925e-28 0.153695 7.5899e-09 6.51409e-40 3.64638e-31 9.67696e-18 5.70362e-30 5.3504e-17 3.72076e-05 6.94179e-31 1.30741e-11
7.73644e-08 2.55946e-07 2.01354e-17 1.51063e-33 0.00147706 9.52944e-20 2.82868e-29 0.0126743 0.00232745 4.41171e-15 1.0178e-26 8.46678e-14 0.0243842 2.3432e-35 9.00547e-12 9.76058e-11
2.79679e-19 1.66555e-19 1.7085e-23 2.73383e-26 9.37418e-47 5.14801e-40 1.84007e-32 0.00219037 0.165072 4.06094e-24 0.10406 1.90121e-52 2.47938e-30 0.00676357 6.21908e-15 0.0143576
1.52193e-39 4.06202e-28 1.96651e-20 5.94289e-24 1.40676e-52 3.61668e-30 5.37293e-16 8.55237e-15 1.24501e-14 1.08638e-15 1.42887e-26 5.46176e-58 2.00424e-12 1.12531e-33 9.99536e-22 0.369852
8.28837e-39 3.29745e-09 2.13677e-23 1.05711e-25 1.74836e-63 5.01097e-27 4.21597e-24 4.9934e-11 3.72296e-31 7.40434e-31 4.90488e-34 2.1744e-29 9.80459e-31 3.41238e-37 1.04899e-32 0.126282
3.83466e-34 2.47787e-05 2.47861e-05 4.4898e-12 2.92238e-51 9.80656e-33 1.87905e-37 3.72715e-19 1.40757e-07 1.70096e-24 1.92994e-45 9.53203e-48 1.75858e-21 3.8949e-27 3.78621e-21 0.113392
4.58891e-39 2.73547e-10 2.50591e-24 2.11741e-31 1.29837e-54 0.0252868 3.34295e-10 0.204208 2.47776e-12 8.22941e-25 2.31116e-11 1.27827e-45 4.95634e-07 4.15598e-14 9.77578e-21 1.43652e-18
1.27068e-25 0.0364873 2.84438e-10 1.84985e-24 2.00388e-48 3.62597e-29 0.304316 0.318128 9.00032e-24 2.46006e-34 1.18636e-43 7.55377e-45 3.2603e-28 1.43283e-18 4.09821e-43 3.35115e-19
