5.27033 0.23794
1.03798e-199 1.22045e-60 6.84863e-253 1.29445e-321 1.0137e-169 6.2615e-140 2.42092e-322 8.90356e-57 5.30024e-58 2.97428e-321 3.9237e-54 0.256645 1.24004e-212 3.10301e-211 2.1553 0.473977 0.271476 1.08879e-204 1.09388e-119 7.43042e-119 1.90648e-275 9.62983e-320 6.91588e-212 1.90019e-108 4.4095e-19 4.0018e-133 1.38185e-86 1.22324e-14
7.49623e-130 4.88826e-106 4.42021e-179 2.68091e-14 4.36501e-98 5.02953e-31 3.76098e-35 1.3267e-10 3.63898e-05 1.23516e-321 9.15933e-220 6.68207e-155 8.99199e-322 3.51385e-182 7.21315e-167 3.9807e-28 2.46215e-178 1.42241e-235 9.81287e-206 2.47146e-94 2.08484e-187 1.04651e-244 1.18849e-200 7.68876e-60 4.21699e-59 3.4521e-164 1.8088e-106 0.0849156
1.98091e-94 9.94591e-59 1.92347e-82 1.55101e-174 2.65935e-180 7.55997e-184 3.03857e-49 8.60261e-42 2.62924e-42 7.9181e-294 2.0141e-150 1.33994e-238 1.1966e-309 6.64183e-236 4.88102e-229 1.21692e-165 5.3599e-56 2.12942e-321 6.10857e-162 1.14552e-16 2.03212e-139 4.89026e-320 1.20556e-194 0.389453 1.9729e-143 0.879931 2.08973e-67 3.01376e-41
0.0039265 6.02808e-05 0.104782 0.00165715 0.00063292 0.000184258 0.000319338 0.00171819 0.00102779 1.4822e-323 2.62113e-234 3.91537e-280 9.88131e-324 5.96891e-313 2.32553e-254 1.32342e-189 3.98407e-218 2.47033e-323 4.58232e-292 8.13283e-138 2.17719e-294 5.03947e-322 8.95403e-263 6.21355e-136 2.8221e-195 2.4499e-218 5.75252e-155 1.97399e-120
9.67609e-225 4.06995e-33 5.05126e-124 5.81297e-112 2.612e-102 5.55123e-49 5.79751e-43 1.23303e-29 9.17151e-157 8.42908e-241 5.96446e-126 8.37767e-159 1.53654e-321 1.54229e-229 8.04301e-160 0.437044 2.38988e-68 8.08859e-219 1.69269e-187 1.05585e-07 2.01349e-166 4.51378e-320 7.71891e-160 2.48581e-87 1.42245e-88 1.92345e-177 6.49148e-69 0.0123783
6.21607e-137 4.38951e-69 1.33608e-222 2.13561e-138 5.34389e-126 2.81678e-73 1.34166e-51 8.47267e-11 1.94715e-127 1.16591e-180 2.79357e-176 7.23512e-208 1.1907e-321 1.98811e-275 1.29834e-149 9.03808e-177 3.51783e-128 6.41971e-313 1.49277e-233 0.629583 1.93346e-212 5.36654e-320 5.46319e-248 2.78631e-33 2.33089e-40 3.41263e-166 8.38286e-124 9.84954e-69
2.48268e-135 1.10568e-41 6.86554e-320 4.71395e-233 2.68545e-167 3.31717e-79 2.18584e-299 1.2413e-52 1.3181e-22 0.509124 0.23198 7.22449e-54 1.99108e-321 2.28929e-291 1.11891e-92 1.16458 1.14914e-42 5.25902e-154 1.3996e-187 1.92142e-19 2.86901e-188 8.93216e-124 2.74386e-261 7.56221e-44 0.567005 4.3031e-36 4.6437e-131 2.3807e-43
3.16358e-215 6.68697e-267 9.94109e-320 1.099e-181 9.36319e-315 1.63042e-322 1.35034e-262 1.57362e-19 7.69616e-173 1.07917e-06 5.02354e-231 3.79439e-10 0.757203 1.88872 1.2766e-75 2.88877e-85 5.38239e-19 1.04281 0.286233 1.55741e-134 0.756654 22.3376 0.199217 1.27856 4.16465e-183 3.82403e-185 0.0863906 0.115474
1.44064e-106 5.39565e-51 1.67342e-57 1.32119e-155 6.04533e-144 4.05113e-148 5.34671e-161 2.95474e-21 4.81632e-20 1.24505e-321 2.02512e-221 1.31937e-131 9.09081e-322 3.24977e-235 9.84154e-171 1.1148e-116 1.39777e-196 2.10966e-321 8.73552e-244 0.100155 1.60735e-182 1.66835e-288 1.70023e-154 1.40171e-80 2.57118e-130 2.01864e-194 5.19478e-82 4.13399e-49
