2.69443 0.305021
2.10472e-321 7.5098e-322 2.28752e-321 1.50196e-321 1.59838e-36 5.97819e-322 2.55403e-134 6.60184e-203 2.40116e-321 1.49702e-321 3.48706e-266 7.26001e-273 3.06881e-45 0.398699 3.19028e-60 7.20053e-183 9.42197e-219 3.85121e-67 1.665e-321 4.64032e-195 1.93953e-124
3.66116e-177 1.20552e-321 3.87842e-321 2.25197e-149 3.56968e-125 4.64081e-219 8.85636e-245 1.48467e-93 1.80494e-295 2.42586e-321 2.63155e-150 2.09681e-320 2.02179e-24 4.17129e-139 5.68156e-94 1.10933e-268 8.33841e-242 0.435423 2.41023e-260 0.145342 6.49062e-195
2.35669e-321 2.46268e-155 2.95451e-321 2.22494e-264 2.86963e-11 3.69289e-109 1.9979e-180 2.25974e-304 3.46171e-213 1.74899e-321 9.23827e-33 4.36984e-146 0.68133 3.6344e-79 1.87383e-55 8.56121e-40 7.78655e-311 1.76315e-33 1.71935e-321 5.53354e-322 2.75023e-198
5.54345e-285 5.55744e-304 2.37646e-321 8.7467e-257 6.0762e-66 4.16626e-203 1.88021e-205 7.93095e-191 2.62349e-321 1.45749e-321 2.3005e-147 1.1255e-279 5.63253e-50 0.0560491 1.18547e-136 2.42906e-221 1.30433e-321 3.62586e-197 1.38229e-309 2.11935e-234 3.96403e-252
1.17001 7.51103e-210 1.66127 0.822538 2.03757e-102 8.67332e-23 1.83407 1.65555 1.89179 1.17906 1.66553e-146 7.02313 0.000189899 5.0775e-147 4.16582e-78 5.51828e-218 1.29588e-83 2.88808e-142 0.97093 1.50181e-302 8.28162e-261
3.68839e-209 0.354373 4.23414e-321 2.5889e-321 0.103042 1.00295e-321 1.6567e-141 2.07849e-215 6.00784e-321 3.57704e-321 0.16302 2.37077e-149 1.05524e-53 3.77304e-176 0.071178 3e-134 6.03455e-234 1.68291e-137 8.28905e-302 4.30933e-122 2.872e-264
6.0372e-297 7.07235e-123 1.69179e-223 1.05171e-131 1.38587e-170 8.54734e-322 3.26118e-177 4.04146e-321 7.36942e-269 1.80334e-321 0.0879093 2.86324e-117 4.55131e-108 6.44961e-114 1.97927e-48 0.297678 1.87745e-321 1.68618e-208 2.10966e-321 3.45573e-167 4.07511e-107
2.41598e-321 9.26305e-231 2.64325e-321 3.15694e-247 0.114007 2.34521e-188 5.34263e-224 3.44858e-321 3.42795e-274 2.16401e-321 1.85559e-11 7.05724e-128 1.77785e-51 5.62257e-91 4.86965e-178 9.15004e-129 1.51076e-195 1.77125e-117 1.75393e-321 4.74203e-273 1.30086e-23
2.46708e-301 4.11422e-222 2.18237e-161 1.973e-297 4.42296e-186 0.233855 1.24337e-142 5.9906e-140 1.87161e-163 3.58692e-321 4.79051e-29 0.240439 4.98694e-165 1.97369e-42 1.69224e-61 1.57986e-261 0.541655 9.9117e-230 7.43983e-115 1.38138e-44 4.35467e-143
2.19859e-321 6.06252e-269 3.41311e-239 5.58199e-303 1.56556e-130 7.06514e-322 3.922e-242 3.69717e-109 3.11261e-321 2.75195e-321 5.82085e-236 1.39129e-320 2.44843e-178 3.83015e-165 8.17651e-156 0.025445 1.64372e-228 2.59099e-118 2.21341e-321 5.45942e-279 3.72396e-70
5.22189e-265 1.61197e-113 3.74502e-321 6.42891e-93 0.218243 4.05825e-75 1.35931e-227 4.24896e-321 8.5197e-260 2.50985e-321 5.89861e-140 1.18269e-227 1.66851e-177 3.80913e-161 0.177228 1.04935e-161 2.78799e-154 0.119897 6.34799e-284 1.92149e-111 1.27224
2.49009e-321 4.61853e-101 8.61981e-228 4.81684e-297 3.66794e-27 7.60861e-322 2.79989e-234 2.08746e-59 7.00699e-278 2.39128e-321 0.259232 8.34126e-319 1.03205e-22 6.73256e-34 1.26994e-06 0.152038 1.78358e-321 4.58786e-167 6.13659e-308 7.63912e-294 1.81855e-246
1.54931e-286 1.21046e-321 3.77466e-321 4.44139e-124 8.99518e-16 1.45821e-231 2.30841e-139 7.71435e-298 1.22122e-285 1.99108e-321 2.46156e-41 1.78061e-320 0.25928 5.0561e-136 2.83332e-155 0.605447 1.17352e-239 7.62342e-188 1.67488e-321 2.78479e-172 1.0016e-241
