7.53919e-97 3.3893e-101 0.23536 0.16659 1.4024e-22 8.78034e-13 1.07186e-65 1.35586e-50 3.94873e-08 2.69868e-48 1.33396e-15 2.13582e-53 2.41872e-75 2.23704e-79 0.227952 2.06704e-26 1.47208e-24 5.16532e-47 3.01675e-32 2.21641e-32 1.04601e-26
1.84627e-88 7.46578e-07 3.2019e-84 1.00791e-25 3.41063e-73 1.77176e-70 2.93535e-99 5.60453e-25 2.2371e-109 5.69563e-46 1.44483e-49 9.15122e-41 8.3437e-73 2.4867e-119 4.12413e-103 5.297e-59 5.56131e-72 1.43112e-65 0.0119808 2.50789e-97 1.38205e-125
1.03701e-73 5.5137e-100 6.61328e-129 8.01316e-52 8.40009e-149 6.39553e-65 0.227823 1.71677e-85 2.52148e-37 2.83337e-08 2.7933e-131 7.72492e-58 1.12017e-34 3.07627e-123 1.46214e-120 6.7611e-46 5.36951e-52 2.60008e-46 4.70023e-44 4.05935e-88 2.43955e-97
3.81017e-57 2.32208e-63 3.29233e-125 1.08465e-98 1.70717e-81 0.149477 1.20693e-109 1.06371e-105 1.2267e-141 1.7954e-81 1.87551e-116 1.83917e-52 1.03541e-55 1.93413e-51 6.47548e-83 0.445935 2.5083e-117 6.76987e-10 1.9174e-25 0.271376 2.12663e-51
7.32435e-83 7.04093e-20 2.10828e-39 1.50569e-99 9.20816e-85 9.00872e-44 8.74526e-73 8.05743e-108 0.0521767 6.63119e-96 2.40485e-70 3.04558e-74 1.00069e-16 0.0993953 4.24916e-146 1.09411e-36 2.28458e-51 1.56747e-29 2.82696e-08 2.15483e-27 1.43486e-17
2.71663e-66 2.88069e-47 1.32722e-122 2.10135e-31 5.4474e-44 4.61776e-62 3.24837e-90 1.94742e-58 1.10529e-13 4.31208e-31 4.01322e-60 6.79069e-43 1.13e-40 1.62204e-82 2.11317e-176 1.78928e-74 4.77993e-75 2.60591e-51 3.22352e-42 2.77447e-35 9.80504e-98
0.442633 0.0858805 5.20985e-94 3.20095e-30 3.09103e-126 7.00697e-20 5.37175e-100 7.66015e-64 5.73686e-125 1.62429e-13 3.8375e-86 1.73586e-38 3.12741e-77 3.23704e-96 5.03711e-135 6.49229e-26 4.03044e-108 7.43562e-99 0.067032 1.62044e-89 4.56958e-72
2.33321e-30 5.42565e-107 1.54393e-20 3.33746e-66 8.26869e-114 1.23958e-66 6.89323e-45 1.64475e-50 1.48868e-110 2.2008e-50 8.02834e-105 2.49238e-05 8.25769e-54 0.0585675 8.69551e-46 3.07401e-56 1.02251e-91 6.53835e-18 3.70331e-55 1.02652e-57 1.41785e-115
1.2442e-65 7.47991e-23 1.01853e-21 0.339244 1.17374e-127 3.2762e-51 2.58774e-80 2.24895e-28 7.5046e-123 1.72737e-101 1.63563e-140 6.0985e-34 3.48907e-66 5.56379e-117 1.80954e-146 5.29902e-25 3.76817e-32 1.80367e-62 3.778e-31 1.40446e-77 1.53356e-129
1.00132e-34 2.04307e-08 4.90813e-95 1.79092e-07 1.0669e-82 1.00798e-08 0.22757 1.78657e-91 2.20395e-12 0.0743531 1.32259e-81 1.25842e-75 8.36613e-73 1.37402e-54 2.5846e-55 7.34644e-60 0.0931296 3.77058e-58 1.37866e-78 4.49662e-10 0.806891
4.72547e-78 1.1499e-111 4.17183e-41 1.45954e-25 0.103504 4.51413e-77 0.217604 9.11475e-47 2.6218e-35 5.29204e-33 0.184833 0.0541277 5.49089e-35 2.57361e-78 2.97711e-124 5.24227e-15 1.07872e-73 0.107653 4.41623e-22 1.14486e-109 7.0262e-48
3.56139e-92 5.54362e-115 4.39687e-68 6.64148e-29 3.81208e-140 2.10669e-63 6.14282e-104 2.72288e-81 8.36473e-84 9.16008e-124 1.16269e-110 9.15215e-77 4.5821e-59 5.88092e-125 2.98597e-133 2.70796e-81 2.66908e-70 2.28365e-41 5.05231e-81 4.98656e-84 1.48107e-58
0.140839 1.12591e-73 8.361e-72 0.480392 1.07549e-23 5.00917e-08 1.42216e-53 0.0293886 1.71529e-52 0.452021 5.62816e-73 8.67717e-40 0.225898 2.44678e-11 7.55602e-56 4.52923e-36 2.58156e-11 2.33454e-74 1.02891e-18 6.15144e-67 1.32478e-32
