0.0013079 5.61452e-85 9.49125e-138 3.57985e-198 4.48373e-295 6.17087e-92 9.45256e-244 1.7949e-190 1.85881e-285 6.15839e-255 5.07808e-55 9.62697e-172 5.50496e-232 3.63278e-09 3.44199e-152 5.00246e-174 1.83284e-222 1.08964e-60 0.113277 2.75936e-93 0.122606 2.04937e-63 8.3457e-260 1.03518e-111 2.03376e-50 2.16703e-297 1.46291e-103 2.5747e-87 1.69652e-62 2.39134e-207
4.05615e-112 2.42745e-198 1.2354e-139 1.93902e-152 1.71441e-321 3.75802e-90 3.1499e-258 4.34778e-322 6.35183e-277 1.10025e-270 0.69233 1.04313e-286 3.54734e-231 1.68751e-68 1.68974e-95 2.59981e-170 3.6701e-194 8.73883e-58 1.54825e-94 2.20137e-76 1.00141e-106 9.96265e-172 1.73507e-250 5.18888e-152 3.09915e-102 5.02959e-321 8.35525e-152 4.40419e-56 5.59945e-70 7.21336e-322
5.23624e-171 1.16098e-259 1.02582e-88 2.9666e-118 1.56783e-301 2.20589e-60 3.95687e-295 3.77093e-296 3.41641e-317 1.40247e-263 2.17723e-07 2.14515e-257 4.91598e-228 6.04737e-98 9.30545e-106 1.18273e-218 2.13455e-95 0.136493 1.56555e-134 1.03064e-43 3.46027e-102 2.83875e-184 4.28267e-192 3.78163e-139 9.42411e-105 7.20348e-321 2.70482e-151 6.74711e-115 1.47856e-08 1.25944e-301
1.92482e-163 2.64543e-170 6.4803e-52 9.56892e-158 8.52878e-251 9.4169e-69 4.73126e-205 7.85564e-322 5.33762e-211 9.94823e-311 0.0476523 2.74704e-221 1.21243e-128 6.13057e-74 1.04985e-63 7.47763e-184 4.90369e-56 7.98083e-36 3.99895e-96 2.43731e-45 6.19529e-69 1.27269e-165 9.31909e-267 3.42345e-77 2.57378e-113 9.24397e-321 4.6145e-114 3.99697e-30 1.21418e-46 2.64134e-293
1.31629e-129 1.91142e-193 4.25211e-99 2.17459e-199 1.80828e-321 1.47885e-86 3.29243e-235 4.05134e-322 4.03301e-316 8.59451e-240 1.06575 4.29837e-322 4.00032e-234 2.55816e-68 6.75966e-83 2.8319e-210 9.86084e-153 1.56577e-89 1.42835e-137 3.17404e-52 3.00259e-106 1.41021e-152 9.5781e-306 1.10109e-121 3.87105e-133 4.62445e-321 4.92634e-153 1.68651e-72 1.05537e-46 8.00386e-322
1.09245e-71 2.16816e-231 1.34838e-90 1.30369e-227 3.54739e-321 0.172064 4.19711e-171 2.68622e-225 1.12651e-264 4.71496e-279 2.44514e-40 1.28832e-304 3.64898e-217 9.63655e-99 0.151195 2.40617e-194 6.66759e-209 8.35651e-21 5.19704e-26 3.58221e-100 1.19023e-107 1.82962e-173 1.22478e-300 3.23944e-189 1.10866e-50 9.11057e-321 2.15849e-58 2.58616 0.00111651 1.36856e-321
0.395093 6.25222e-183 9.29708e-118 7.52308e-94 2.60702e-229 0.00561441 1.34852e-233 2.01151e-257 6.24776e-299 1.27717e-292 6.46631e-47 7.06743e-254 9.73708e-110 2.08712e-72 2.83011e-61 3.57251e-226 3.75499e-51 0.00178109 1.32662e-30 0.140196 4.16243e-153 5.61772e-131 4.52473e-276 3.96102e-184 4.66682e-163 3.01632e-284 1.10658e-178 3.90558e-49 2.495e-66 6.20991e-249
1.15217e-06 0.333215 0.386439 0.759594 1.95231 2.54863e-23 0.951405 0.483744 0.371274 0.360041 72.0248 0.464179 0.419306 0.0841147 6.03805e-59 0.595753 0.763347 1.09947e-25 0.0320167 1.18589e-108 2.26494e-113 0.931906 2.17344 0.358903 0.509745 5.57472 0.629759 0.179637 3.10567e-14 0.832435
1.6211e-146 6.94136e-186 1.70733e-116 4.58417e-202 5.94471e-313 3.37929e-91 6.43822e-290 4.496e-322 3.85371e-322 1.06399e-287 0.446902 2.12968e-275 5.45538e-230 6.02646e-48 1.04651e-106 3.9631e-179 1.68861e-183 1.44784e-38 1.99529e-104 7.28685e-93 9.98356e-117 3.94159e-150 1.22047e-269 6.1925e-167 5.19068e-115 5.16793e-321 2.03886e-141 1.26348e-59 5.03646e-61 8.00386e-322
3.7851e-81 9.16081e-144 1.51968e-95 3.13152e-219 3.09285e-321 4.0593e-48 4.36338e-270 1.546e-251 3.83919e-244 3.25169e-227 1.73285e-49 6.28552e-254 1.8085e-131 3.14922e-57 0.19601 1.03949e-108 3.4779e-206 1.02541e-46 1.20776e-76 7.49996e-105 2.15469e-98 7.2488e-185 1.15531e-226 1.04611e-87 1.23708e-156 9.31314e-321 8.28894e-181 1.42167e-35 0.551822 1.51933e-301
1.04265e-88 1.48559e-170 4.93612e-59 2.27167e-189 3.16696e-321 1.13525e-69 2.73742e-264 6.13828e-309 2.06776e-192 9.86831e-229 3.1647e-06 3.04386e-316 6.87897e-227 1.80832e-76 2.83689e-137 3.47296e-124 3.03705e-215 5.56894e-54 3.62676e-71 0.241481 1.06634e-91 7.20909e-134 3.07497e-218 8.01189e-173 8.08983e-149 8.5671e-321 7.01637e-124 7.10782e-65 7.48641e-25 1.34046e-274
