2.1066e-05 3.59158e-138 2.33168e-107 8.17496e-34 1.41334e-129 3.53549e-166 4.2311e-141 1.15089e-159 1.71959e-182 5.72674e-57 1.44858e-30 1.21392e-190 7.45712e-165 1.29754e-87 6.61529e-197 4.50507e-221 1.83418e-95 5.01983e-196 1.64601e-313 2.53553e-08 1.67323e-64 7.44924e-212 2.09006e-178 4.12011e-292 9.27832e-285 3.0373e-265 3.24601e-321 5.51305e-186 5.73116e-322 0.334372
1.44431e-94 1.04991e-291 1.24088e-67 1.72122e-234 2.52038e-173 5.76103e-220 5.73428e-64 8.4273e-96 1.11331e-208 1.44955e-99 7.67585e-182 1.91774e-145 9.6536e-298 2.24265e-202 7.72713e-106 0.316434 3.03682e-17 1.9311e-68 1.35137e-319 1.19372e-88 0.000418056 6.9157e-49 1.25229e-305 1.15252e-17 6.48524e-58 3.29273e-93 2.43907e-218 4.62309e-187 1.12228e-163 7.10597e-13
4.20514e-70 0.434841 6.09871e-161 8.41456e-109 1.37744e-82 1.14927e-161 2.23217e-25 1.6279e-14 8.63093e-230 1.34566e-249 8.92898e-101 1.05622e-244 8.24569e-277 1.48019e-129 1.15247e-110 0.0342148 9.00341e-165 4.56851e-162 4.52201e-135 1.53009e-49 9.75054e-165 2.57604e-17 5.70285e-201 3.48453e-156 4.83469e-116 6.44018e-240 1.23777e-251 0.00080637 3.99401e-103 1.12238e-149
3.14227e-165 4.78869e-13 1.78962e-158 4.35458e-164 9.58178e-125 5.69991e-179 7.64965e-98 4.42049e-181 6.26482e-304 9.61147e-101 2.69134e-71 1.16405e-22 1.61905e-233 0.0115716 3.95371e-27 4.91758e-232 3.58613e-07 1.32951e-24 7.22639e-179 8.05974e-159 0.0666694 5.73751e-199 3.77096e-219 1.02486e-190 4.00276e-260 1.12422e-120 4.62242e-95 3.68409e-29 1.25614e-230 3.54249e-61
7.97914e-191 3.20539e-239 4.70465e-113 1.22023e-90 8.32148e-35 1.92497e-141 7.76775e-282 1.95521e-13 2.57436e-261 1.73486e-94 1.20644e-06 5.04909e-235 3.46704e-153 1.8965e-81 4.56105e-126 7.43188e-293 2.61779e-86 1.57457e-138 6.61245e-297 0.141545 1.37326e-207 1.64247e-118 6.61103e-75 6.35838e-126 3.61029e-108 1.19251e-204 1.69353e-137 3.64725e-135 9.79311e-226 4.02513e-153
8.93956e-161 1.15085e-63 9.9543e-61 2.98608e-133 1.7612e-129 1.51991e-179 5.7154e-99 4.19963e-36 2.1758e-20 1.67465e-176 4.57184e-246 5.5059e-176 1.11013e-99 4.32082e-151 1.23764e-211 4.11068e-225 0.0129602 3.65333e-56 1.58934e-248 7.99238e-151 0.314142 3.25128e-176 5.71267e-196 3.51936e-115 1.76978e-150 2.36833e-220 6.87781e-263 8.14225e-237 1.78861e-215 1.83403e-61
1.48846e-142 4.9819e-288 3.80879e-67 2.30737e-274 1.47052e-228 3.08639e-272 3.84212e-98 7.01817e-176 1.11668e-317 3.86778e-86 4.65468e-305 1.40377e-304 1.09076e-221 1.40433e-296 1.34545e-154 6.62491e-280 5.2021e-125 1.79259e-18 1.18668e-89 2.10505e-120 2.12108e-05 3.36451e-24 0.522243 4.25132e-41 0.54156 4.48769e-241 1.12064 4.4414e-141 0.226507 0.427147
1.7431e-220 5.08294e-157 5.33026e-212 1.34499e-253 2.14095e-156 5.65211e-164 3.26374e-06 1.61002e-124 9.96229e-27 2.53324e-123 1.02704e-70 1.50672e-250 1.26424e-06 2.10908e-214 1.53555e-09 7.03156e-102 4.48626e-20 6.56775e-189 1.01285e-156 0.171291 1.1212e-49 6.30806e-177 5.69633e-119 4.90929e-84 1.31422e-311 8.45685e-181 4.26379e-321 8.03297e-201 8.49793e-322 1.33713e-113
2.02322e-167 6.60946e-09 1.36323e-42 1.92938e-126 1.33325e-213 5.05526e-128 4.65309e-131 9.96942e-11 5.46515e-255 1.56669e-143 3.50459e-108 1.06295e-11 7.46458e-79 1.32889e-41 3.51983e-68 1.04742e-321 1.86993e-95 3.62145e-183 2.06519e-321 1.14728e-12 5.48114e-151 7.51316e-164 1.14963e-283 2.44573e-196 9.11486e-126 1.37544e-205 3.71597e-162 8.21311e-57 2.58909e-218 0.0982438
0.00244588 0.000710058 0.00242008 0.00273659 0.000685658 0.000631721 0.000451732 0.000518722 0.000721754 0.000156705 0.000299125 0.00120785 0.00497707 0.000747444 1.25287e-05 4.94066e-324 1.23814e-184 1.12975e-282 9.88131e-324 1.74817e-169 1.13987e-212 1.28821e-231 4.94066e-324 2.13723e-309 4.48255e-318 6.56243e-287 1.4822e-323 1.31134e-246 4.94066e-324 2.42157e-158
4.81776e-45 2.90625e-26 2.28948e-148 1.00583e-315 9.63428e-322 7.15368e-124 5.43472e-322 1.59742e-134 1.98614e-321 4.06018e-200 1.34567e-61 1.62548e-321 7.01079e-321 2.06503e-208 3.97229e-321 1.65512e-321 4.428e-97 2.82823e-96 2.15531e-279 1.1174e-53 2.23045e-48 2.13594e-84 2.50571e-59 3.1605e-206 0.00567419 3.56141e-169 0.100358 5.40436e-35 2.10381e-107 1.59589e-09
3.89541e-97 6.05313e-34 1.42511e-118 1.42894e-119 1.70396e-97 1.20383e-231 1.12304e-75 1.78949e-139 7.54914e-192 0.000101791 3.19312e-201 3.16032e-277 1.79788e-145 1.9554e-222 2.24497e-235 7.40021e-258 0.185025 2.07795e-171 1.81849e-312 0.144354 9.08312e-93 4.86298e-43 9.74419e-118 1.04133e-199 3.97325e-286 1.43324e-09 1.08177e-157 1.37973 5.10386e-298 1.08541e-30
0.00036893 6.25162e-12 1.5053e-08 0.035621 1.38265e-13 5.67399e-08 2.23112e-13 5.83084e-08 0.00577994 0.00559027 0.000965171 5.47821e-12 5.71439e-16 6.47953e-09 0.0306489 5.92879e-323 2.16385e-182 1.1753e-272 1.08694e-322 1.40905e-162 8.24421e-205 1.75113e-223 9.38725e-323 2.44201e-308 5.17798e-318 2.31993e-274 1.72923e-322 2.84271e-234 2.96439e-323 6.92119e-147
2.36287e-32 6.02681e-94 6.4098e-11 6.07027e-30 1.43845e-25 1.58028e-62 3.64359e-50 2.96959e-12 2.17161e-09 2.1242e-10 1.29445e-33 1.33348e-61 3.27657e-44 3.11097e-32 1.07285e-88 2.00097e-321 3.47239e-125 6.18777e-262 1.53111e-320 1.71338e-161 4.34695e-188 1.31773e-223 1.27986e-278 2.48065e-291 8.17848e-303 1.08984e-190 5.50389e-321 1.00154e-206 1.1907e-321 1.10197e-139
5.20504e-199 8.46359e-107 3.87173e-99 1.39109e-29 1.33084e-240 5.79106e-184 8.58014e-262 6.83376e-21 1.06364e-68 3.15089e-87 2.20355e-93 1.5628e-264 7.26924e-80 2.36935e-66 4.69236e-299 1.11434e-140 1.32651e-145 8.39574e-57 2.58396e-321 4.41335e-99 2.83023e-195 7.05272e-153 1.89975e-226 4.99613e-300 9.61227e-230 1.06284e-267 3.5968e-321 0.699367 6.52167e-322 9.62597e-145
3.16494e-19 4.87409e-266 7.58001e-180 2.33668e-161 6.58786e-103 2.21083e-44 2.83839e-295 4.76845e-08 0.0288348 1.19606e-73 6.56503e-83 5.62128e-77 2.34025e-10 8.59735e-266 4.30299e-281 1.51896e-250 1.7243e-97 0.648488 1.01578e-265 2.13914e-38 3.60605e-68 0.642143 1.31493e-55 0.248344 3.02542e-204 0.441119 1.81427e-141 0.233869 3.18708e-290 1.55322e-101
1.63162e-79 1.4853e-245 2.65188e-27 7.67755e-124 1.25689e-209 1.79669e-60 6.85323e-10 1.45922e-51 2.07362e-06 9.11476e-170 5.05937e-27 1.49207e-54 1.01249e-144 3.38314e-149 3.33e-321 1.32818e-83 0.106761 2.73058e-269 0.610334 1.45785e-58 3.08234e-192 5.48932e-62 2.56448e-75 2.34648e-274 6.71207e-60 5.57661e-78 1.20126e-124 2.00328e-65 9.63428e-322 2.22743e-147
