4.8153e-109 3.38933e-156 2.73777e-143 3.54157e-156 0.00105303 9.79732e-107 8.38894e-145 9.02552e-92 1.47115e-168 4.8551e-59 1.81508e-18 5.38037e-321 6.79541e-197 1.87096e-73 4.39935e-189 2.74572e-107 1.21405e-127 1.64357e-35 2.55862e-157 1.12809e-59 1.95199e-55 1.47247e-133 2.96628e-19 2.92176e-137 4.33183e-63 0.630256 2.39103e-70 2.18847e-251 7.43628e-165 1.0596e-09
1.22336e-82 6.31282e-68 1.28722e-123 6.00906e-59 1.03108e-29 2.54275e-10 1.28854e-74 1.57637e-18 4.68024e-109 2.05267e-115 9.8954e-59 4.37253e-171 6.24616e-35 3.13756e-83 4.80674e-44 5.21284e-93 2.29704e-98 0.0729568 1.20239e-92 8.77624e-134 1.84755e-256 3.02088e-86 1.73041e-146 6.34009e-74 2.74339e-81 1.27075e-298 1.07743e-40 1.76399e-203 2.62492e-213 2.62181e-102
4.88695e-23 7.08362e-82 6.26455e-120 7.33143e-35 1.14118e-65 4.33049e-15 1.2076e-74 1.84627e-54 4.68938e-47 2.90389e-69 1.13626e-51 1.12493e-52 2.83985e-11 1.95347e-61 3.29249e-35 5.73652e-173 6.1135e-111 1.82927e-90 7.8826e-134 2.98915e-178 2.64497e-236 1.02949e-179 8.64677e-133 2.23412e-116 3.25099e-190 6.34309e-298 7.53673e-74 4.31739e-184 1.77034e-127 3.96387e-136
2.68259e-15 1.44641e-185 4.1945e-231 3.51593e-179 1.24755e-152 3.77318e-230 5.75123e-151 4.46796e-179 2.32909e-120 7.98591e-06 7.14957e-156 4.87972e-240 5.69444e-78 1.74084e-66 0.0015981 1.15255e-146 1.50867e-63 1.66902e-20 4.90427e-69 8.95875e-26 0.286346 0.295995 5.51905e-143 0.552578 4.13266e-116 9.17162e-279 5.96751e-96 1.80964e-148 8.91127e-192 7.54805e-49
1.36623e-49 2.34738e-114 3.52092e-134 2.12906e-39 4.68223e-54 6.98086e-101 6.98673e-134 7.80877e-37 3.60597e-71 3.91601e-56 2.32079e-137 3.27733e-28 1.56098e-77 5.70672e-23 1.60876e-63 0.135967 0.0586718 0.259469 4.3436e-30 9.42897e-65 1.28845e-26 1.80851e-88 5.36206e-73 3.61233e-129 8.09661e-149 3.0167e-316 1.83888e-89 9.51118e-103 6.70413e-106 5.58654e-161
0.000300237 9.50469e-05 0.000104453 0.000136699 1.35415e-06 0.00016286 4.29191e-05 0.000157934 6.20351e-05 0.00137203 0.000109134 0.000495516 0.00200245 1.90338e-05 0.000205488 5.92906e-204 7.57213e-195 1.27857e-129 3.3668e-222 2.04291e-188 5.39099e-259 1.65384e-205 1.53708e-217 2.29587e-182 2.68058e-229 4.49022e-319 3.82447e-143 2.74956e-255 3.92525e-236 1.02519e-210
5.20033e-30 1.97661e-153 1.5472e-143 3.37924e-67 1.73885e-117 1.61905e-147 9.12473e-49 1.03751e-77 1.80221e-41 7.2649e-168 3.66321e-105 1.71576e-47 3.80989e-95 7.69623e-29 1.30228e-76 0.108701 6.79749e-186 4.09158e-33 1.4471e-73 1.0455e-116 4.28693e-110 7.50257e-102 1.9685e-23 0.274945 6.46168e-158 1.43146e-220 0.189502 9.02076e-223 1.6873e-84 8.04567e-40
9.6602e-36 7.33084e-61 1.3446e-251 1.45067e-50 5.46283e-139 1.13104e-55 5.50438e-141 1.05048e-175 2.72848e-10 9.62091e-37 1.43063e-31 7.39547e-175 6.36221e-97 2.83216e-10 1.15152e-187 4.10457e-191 2.37298e-187 3.67516e-74 1.353e-208 0.063543 2.31029e-220 1.38094e-130 2.34211e-37 1.6191e-155 2.81357e-162 2.23881e-290 0.00449899 2.9324e-198 2.47946e-215 1.36164e-53
7.09639e-41 1.47974e-117 1.567e-229 5.26901e-106 3.75823e-81 1.15108e-197 1.57034e-182 6.66365e-101 1.21703e-15 7.07667e-45 1.39272e-56 5.18474e-08 2.09268e-133 1.49694e-100 4.73058e-142 4.6082e-25 9.98429e-192 1.91695e-32 1.55737e-215 7.55282e-116 9.59395e-66 4.39371e-09 2.18783e-146 8.43436e-119 8.95332e-113 8.18546e-141 1.61926e-76 3.68356e-18 0.429591 1.23802e-40
1.79042e-61 1.43794e-18 2.39042e-286 1.36605e-120 2.81749e-50 5.04357e-150 2.32827e-16 5.60007e-05 8.66529e-195 1.3324e-83 2.23024e-72 1.86056e-103 4.79736e-111 2.40406e-177 3.33748e-83 3.51986e-119 1.80518e-16 4.34076e-89 8.88434e-196 0.148329 2.15312e-64 6.02214e-199 1.4574e-27 1.25835e-16 3.98942e-117 3.65575e-254 0.0898751 5.72886e-58 1.10212e-71 0.422775
3.1492e-120 2.37472e-33 4.32285e-168 4.30251e-142 6.0604e-66 3.44261e-46 6.089e-117 2.20057e-153 2.67809e-15 4.53587e-56 9.46239e-92 3.67814e-172 3.4948e-05 1.59863e-37 8.04349e-112 5.4732e-132 1.47059e-96 0.358181 9.30828e-36 8.34545e-53 2.30703e-169 4.42364e-180 1.4983e-142 1.004e-75 0.131876 2.20388e-231 3.5002e-127 2.02694e-194 2.64724e-151 2.3445e-117
1.75331e-92 8.27353e-33 4.76972e-177 8.02748e-147 6.77701e-68 1.07548e-74 8.44232e-224 3.25503e-164 6.62255e-91 2.55079e-204 8.78892e-173 1.87127e-234 1.32472e-41 1.30471e-74 8.76492e-16 1.38137e-45 4.21718e-58 4.88431e-81 8.90705e-183 1.17566e-43 1.26185e-64 2.9318e-88 3.21629e-96 0.567237 8.04795e-160 3.81059e-237 2.53458e-46 1.28495e-120 2.41047e-81 5.78312e-72
3.7125e-53 7.91399e-42 8.80401e-188 2.1145e-58 9.94367e-148 1.26638e-235 1.8823e-222 6.45884e-119 4.82519e-183 1.41679e-256 6.75182e-131 5.54605e-272 1.28227e-131 1.09586e-131 1.02138e-204 1.1561e-89 1.10754e-165 3.0908e-112 1.48596e-114 0.0735714 5.86587e-123 4.55899e-132 7.35918e-113 2.75721e-158 9.67312e-88 6.73452e-92 9.99394e-08 2.12788e-36 0.00963289 3.5494e-197
1.28104e-34 1.38779e-59 9.89699e-68 8.70897e-40 4.50224e-80 3.87102e-91 7.69117e-145 6.05036e-29 1.31766e-100 6.73927e-214 2.69924e-128 5.19441e-76 2.42359e-29 1.31038e-05 2.59584e-40 1.04157e-70 6.85751e-106 2.60701e-93 1.6257e-69 1.94998e-153 3.44671e-196 1.08045e-72 8.16482e-171 4.31536e-83 5.97986e-102 2.27956e-268 0.174839 9.03142e-150 2.30808e-132 2.06006e-149
2.12294e-134 4.29416e-66 5.39881e-253 9.71321e-117 1.53202e-53 1.26968e-62 9.62815e-71 1.02699e-67 5.01852e-05 4.13009e-30 4.44013e-163 3.59445e-203 1.0891e-130 3.07245e-70 1.00294e-132 6.29147e-40 5.91496e-126 5.22597e-21 5.30659e-34 3.79057e-80 2.61042e-21 5.22611e-06 0.200856 2.43768e-63 4.23177e-156 1.5469e-280 1.6526e-109 2.68768e-106 2.5138e-106 7.36204e-93
6.51201e-147 1.76053e-23 7.29458e-26 2.60571e-109 3.39266e-162 1.13987e-77 1.33262e-49 4.58857e-139 4.32848e-58 4.28021e-232 1.88544e-81 8.25598e-237 1.12761e-139 0.000115343 1.67427e-143 1.01713e-176 3.38659e-110 1.1302e-125 0.257409 3.44193e-110 8.47165e-256 3.91317e-146 0.866323 0.523577 1.39363e-129 2.86859e-226 9.81601e-79 0.565254 1.0289e-53 1.83861e-198
3.06972e-134 1.09683e-168 1.04669e-126 1.07132e-139 6.07688e-14 1.05667e-172 9.83774e-77 1.32784e-07 0.0980708 1.62546e-247 1.18297e-36 1.52799e-45 2.40293e-104 3.67279e-08 1.32287e-164 1.97923e-15 2.93737e-87 5.87681e-38 1.67315e-182 2.51605e-96 1.00743e-155 1.38356e-187 1.77833e-149 2.4911e-169 2.23365e-45 2.05411e-252 1.09362e-91 4.07912e-41 0.118736 3.76193e-191
