7.12855e-32 3.14742e-50 1.16026e-116 1.94695e-77 4.03177e-153 1.949e-78 4.47612e-208 0.000286053 2.64727e-57 1.22796e-70 9.74731e-102 6.94987e-82 4.84841e-16 1.15588e-26 3.05865e-119 3.10498e-263 1.17202e-39 0.017662 0.7354 1.02398e-96 3.56021e-106 1.00515e-102 2.65308e-58 1.45502e-91 3.56063e-138 4.11113e-145 7.72658e-142 1.60362e-76 2.31231e-102 7.492e-86
7.24822e-28 2.21011e-117 2.77021e-57 6.51727e-69 1.29052e-59 4.88407e-113 9.16783e-187 1.67368e-81 7.87122e-174 2.33959e-126 1.80414e-70 7.02344e-123 4.4805e-120 1.15385e-53 3.28842e-123 1.21287e-93 7.4621e-168 4.18975e-43 3.93571e-201 0.0474287 8.60923e-78 1.71703e-125 1.64039e-124 1.33392e-80 1.80076e-195 3.50268e-100 5.08485e-185 3.68877e-25 3.26969e-144 1.37171e-150
0.000933717 0.000209009 0.000981275 0.0001082 0.00014924 0.000381122 0.000755019 0.000202893 0.000112225 0.000114736 0.000572466 0.00927122 0.000163335 0.000121777 0.000720948 3.43652e-274 4.20115e-175 9.59392e-135 1.70046e-204 1.71724e-202 1.73314e-187 7.22701e-164 5.82491e-233 4.19484e-182 3.21032e-270 1.25603e-180 4.46906e-190 2.37308e-157 1.04466e-158 2.07061e-264
5.44677e-98 3.53261e-68 7.88029e-56 2.11862e-183 2.67621e-235 1.17408e-156 2.50832e-202 1.44334e-69 1.13671e-112 1.07746e-21 2.45885e-22 2.56438e-98 6.52733e-30 1.72392e-41 1.26376e-97 4.7239e-101 3.73312e-83 0.0428242 2.36168e-67 8.94659e-185 5.55666e-58 0.0560636 4.04782e-66 1.39915e-82 3.74348e-266 3.11733e-47 1.33512e-07 1.12953e-11 1.07841e-100 1.35879e-73
1.19142e-124 1.92854e-94 2.56335e-125 2.90531e-94 6.24828e-183 6.99311e-12 2.1522e-198 6.19e-136 7.73276e-242 1.95178e-146 1.01807e-72 7.20348e-190 5.40771e-103 4.03273e-19 6.22398e-34 1.78063e-222 2.1248e-151 5.7626e-39 0.604621 5.94175e-188 5.99601e-104 3.11478e-56 1.88761e-25 2.24067e-81 8.16785e-132 6.34438e-151 4.18394e-32 6.34346e-146 6.2152e-40 7.34192e-133
5.47428e-146 6.94087e-131 9.46502e-12 2.42741e-12 7.37757e-161 5.46133e-140 4.72336e-258 1.94174e-93 4.16139e-17 3.47514e-206 1.57907e-23 3.6619e-88 1.46234e-85 2.58238e-148 2.29139e-134 5.83956e-47 8.83374e-154 8.37344e-59 2.93752e-40 0.205038 1.33417e-116 1.57454e-39 2.51134e-78 2.22234e-07 2.03104e-153 1.20751e-89 0.195305 1.38306e-13 1.10956e-132 1.45806e-99
6.86143e-28 5.69751e-97 2.24749e-92 9.26214e-75 2.27519e-162 1.30788e-33 2.61953e-34 8.46952e-37 5.46967e-126 6.19657e-119 1.01107e-109 2.82784e-146 4.26109e-24 1.2356e-10 5.2363e-19 1.82026e-127 1.06717e-85 1.35991e-49 0.578114 1.49819e-36 1.58214e-105 1.28228e-117 4.26483e-123 4.36586e-103 2.5793e-89 3.92294e-103 8.32823e-180 2.47355e-150 2.14777e-49 8.40362e-226
1.56467e-67 2.36669e-128 1.85192e-125 2.14747e-114 5.82048e-136 3.64939e-23 1.16777e-65 1.11325e-175 1.56698e-271 7.88636e-154 5.43516e-104 4.58753e-139 2.53751e-55 5.33553e-79 1.21546e-200 2.351e-56 1.12903e-154 1.16089e-111 3.89539e-91 2.68319e-149 1.65697e-142 9.04009e-140 2.62971e-218 0.291565 0.156733 0.256802 2.88476e-27 0.542294 1.613e-76 8.27299e-119
1.03897e-183 4.82869e-72 2.84628e-49 1.01884e-74 4.2269e-120 1.32751e-120 3.63029e-124 1.17632e-90 1.32378e-213 4.69915e-119 2.79519e-41 6.36503e-66 1.47501e-225 1.43879e-13 1.59399e-137 2.57314e-209 1.95308e-59 3.60446e-93 3.33836e-35 6.33389e-44 0.126745 2.68484e-71 1.39564e-12 9.67656e-78 3.81844e-159 0.553326 1.12201e-47 7.53006e-146 5.12968e-34 3.66931e-09
1.66929e-54 1.92008e-79 2.94535e-42 7.05925e-129 1.79115e-68 1.41298e-127 1.47879e-278 1.8692e-82 2.13188e-189 1.06949e-120 4.07054e-139 1.10059e-56 4.10708e-225 2.93229e-35 4.99643e-152 1.04838e-242 1.87531e-70 2.83232e-79 1.78828e-185 0.27207 3.30805e-72 2.68787e-29 0.00268519 4.27592e-142 3.49387e-120 3.27594e-143 5.83061e-177 0.204669 1.35882e-115 5.00865e-121
1.02065e-60 3.36208e-68 2.16323e-05 2.2133e-217 1.37904e-118 1.5515e-25 3.78209e-71 3.98687e-70 1.72272e-230 6.56202e-63 4.96484e-40 1.17479e-28 8.82745e-23 4.87282e-69 1.75244e-204 2.65475e-262 1.5842e-154 1.20672e-115 0.253349 8.09266e-34 5.51102e-149 1.75855e-155 2.27074e-63 9.44864e-172 1.0091e-256 1.6603e-158 1.14222e-21 6.58027e-44 6.25188e-10 5.28764e-248
6.57731e-132 1.26303e-58 1.77939e-136 2.62644e-15 3.73862e-61 9.34862e-13 1.07566e-171 1.30091e-82 1.23877e-106 2.28308e-131 4.21311e-17 3.71859e-172 2.62718e-204 5.74644e-110 1.06084e-105 6.21132e-167 1.25163e-94 9.9979e-128 0.144321 3.96199e-58 1.54338e-66 6.39824e-103 5.91139e-222 4.67959e-145 3.85353e-261 3.16611e-71 2.76009e-103 2.54241e-26 2.15973e-48 4.25991e-138
2.70974e-134 9.84892e-10 5.96352e-128 2.02501e-169 3.26106e-184 9.63797e-56 0.0201047 1.20471e-26 3.87684e-137 2.75567e-08 1.50595e-24 1.97771e-16 5.12181e-103 9.83242e-10 9.87805e-47 4.1523e-80 0.0945278 0.0740325 8.786e-34 1.48808e-89 3.72572e-88 5.00695e-59 0.322092 1.97517e-14 2.61018e-122 7.25105e-28 1.08796e-73 1.50253e-152 1.1603e-84 1.02464e-259
1.19284e-107 3.81767e-103 2.02772e-114 5.91546e-165 5.25198e-113 7.46044e-109 3.75409e-61 3.83168e-08 5.83269e-125 2.3586e-61 5.02976e-68 5.87628e-89 9.597e-226 1.94432e-134 1.32468e-73 0.242493 3.22192e-148 4.36511e-109 2.67759e-188 1.25293e-142 1.3013e-170 5.40134e-82 2.18773e-50 3.22722e-96 1.53658e-29 3.02397e-147 6.5145e-16 4.41831e-132 8.36152e-24 0.651268
8.71452e-25 4.1553e-132 0.00639568 2.70744e-204 3.40316e-217 2.8498e-54 2.17481e-27 2.58376e-75 7.97269e-132 3.72645e-104 8.84401e-142 1.92896e-42 3.97917e-272 2.02855e-07 2.83046e-187 1.451e-29 4.83192e-143 1.71867e-84 6.29529e-164 2.69915e-167 1.03678e-166 0.0008193 1.95298e-151 2.32853e-33 2.99903e-202 2.5837e-177 0.159775 1.29482e-128 0.138836 8.51952e-207
1.42693e-81 6.29577e-73 2.10718e-148 4.55555e-189 9.86699e-182 4.97457e-68 1.86111e-124 1.27121e-139 1.29682e-19 5.19149e-104 4.25244e-69 9.00146e-166 2.12777e-97 1.55726e-100 1.90077e-169 1.33926e-129 9.70094e-65 5.56436e-59 0.000248552 1.01103e-82 7.46339e-19 0.12462 3.25708e-202 0.0825662 1.08927e-198 3.28969e-124 1.35378e-166 1.92793e-95 5.18227e-133 1.84027e-168
2.10216e-23 9.54542e-70 1.96084e-151 2.53695e-246 2.23642e-172 7.66989e-141 9.99068e-121 9.32538e-180 3.11405e-301 1.29071e-201 4.55903e-124 6.02998e-150 2.52599e-290 2.56204e-143 3.6732e-91 0.214417 6.48601e-39 2.59235e-05 1.07266e-149 5.14558e-33 4.40568e-100 5.17765e-111 5.57145e-198 1.93474e-77 1.61456e-234 5.46885e-86 3.9964e-21 2.46001e-108 3.38844e-37 1.6049e-85
