8.75227e-22 3.29643e-33 0.0853193 2.43959e-37 1.60256e-06 3.23603e-17 3.59872e-26 7.12148e-27 1.45223e-13 1.90289e-08 2.9081e-19 2.45018e-09 2.55695e-09 5.2817e-11 0.0098648 9.02709e-49 3.41151e-16 4.619e-20 7.49787e-39 1.15515e-88 3.77121e-74 3.71926e-39 2.3576e-40 8.53289e-23 6.94213 9.79052e-26 4.3805e-23 6.31234e-20 2.14746e-38 2.01732e-60
4.18101e-31 1.47873e-16 8.66469e-19 3.1636e-39 1.53691e-30 3.82737e-34 1.40997e-38 1.74737e-05 2.31013e-09 1.03475e-23 6.1464e-16 4.60986e-35 1.25842e-11 2.04121e-40 2.1419e-06 3.96746e-27 4.85598e-44 0.000177685 3.7702e-09 1.61898e-97 3.13422e-55 1.01896e-16 3.80352e-36 0.000494424 0.161544 3.08023e-19 8.85272e-10 1.30748e-13 9.42922e-38 2.35573e-60
7.29671e-37 7.38137e-10 4.23779e-60 1.73238e-42 7.63127e-49 5.39646e-40 7.78937e-26 3.21977e-19 2.23297e-36 2.22717e-08 2.07867e-53 0.00016025 2.58224e-13 9.45359e-75 3.31085e-80 0.146356 1.16619e-19 1.04282e-34 1.30687e-06 1.55175e-93 1.9389e-60 1.91159e-29 3.75417e-40 1.44377e-32 0.372507 3.10296e-34 6.43221e-14 1.21031e-44 4.49641e-62 2.12435e-17
2.07804e-11 2.40648e-11 4.87019e-35 0.00854541 5.72187e-30 1.08616e-10 0.000587054 2.30583e-30 3.69715e-13 3.07955e-12 2.12121e-09 5.76582e-06 3.52025e-12 6.45465e-31 9.96281e-06 5.06878e-31 4.22287e-37 1.90313e-36 1.2298e-40 2.84892e-69 8.86006e-72 2.56315e-30 3.80208e-29 2.63943e-22 0.678176 2.44392e-31 3.0855e-52 1.32052e-31 1.13258e-54 1.55519e-43
4.18443e-24 4.21087e-40 1.33166e-40 2.41885e-33 1.54716e-22 3.61511e-25 3.6573e-28 2.46672e-13 1.01744e-23 2.54047e-19 2.03384e-08 9.11403e-11 1.73417e-15 3.20339e-09 2.14628e-35 7.45598e-34 1.86318e-26 2.39062e-47 9.2177e-24 1.55823e-86 3.23466e-64 3.40933e-28 1.92696e-31 1.5033e-24 0.201266 2.27908e-16 7.40831e-33 1.70796e-15 1.9225e-46 4.62425e-45
7.71709e-22 5.61032e-41 3.977e-61 5.00876e-35 5.03804e-08 8.24251e-10 2.8785e-28 0.00259941 3.99536e-20 1.90742e-31 1.2336e-36 2.04013e-36 1.31009e-26 2.21345e-40 1.65538e-38 1.0201e-41 2.63705e-32 1.99357 4.41965e-09 1.34207e-67 2.06036e-50 3.66507e-46 2.28556e-35 9.38344e-35 1.75269 9.6133e-33 4.76623e-58 5.36207e-52 4.46774e-37 1.73299e-69
5.09618e-24 1.26251e-11 2.27266e-43 2.17069e-31 7.97175e-23 3.96588e-20 9.99179e-11 0.00167514 9.33245e-13 9.35998e-16 4.81716e-22 3.58415e-11 1.66512e-22 1.24145e-16 3.99193e-16 7.13882e-31 1.03113e-28 1.25921e-16 1.25752e-19 1.66756e-88 5.0988e-86 9.96223e-44 1.00236e-43 1.06665e-36 0.119611 5.89249e-14 1.90846e-39 1.24393e-39 5.20227e-45 1.05891e-66
2.481e-12 6.987e-47 2.20055e-10 6.25805e-13 3.16287e-14 2.13357e-17 9.4582e-28 4.27519e-30 2.92288e-08 0.0337247 2.35804e-15 1.00595e-17 1.88863e-25 9.39883e-17 1.68091e-36 1.19957e-55 3.53825e-24 2.50316e-40 1.9097e-13 1.07851e-89 5.78539e-65 2.13036e-41 5.89243e-47 1.88224e-18 1.29893 2.13982e-24 1.61536e-45 2.50734e-20 2.2788e-50 1.44678e-52
0.000689924 0.00492392 1.0551e-07 0.000192308 0.000328716 1.26561e-05 0.00330846 0.00168 0.00105789 0.142832 0.000417628 3.69591e-06 0.000389662 0.0208315 0.0010348 3.39031e-57 2.77317e-45 2.86857e-56 1.24483e-56 1.35123e-101 6.43835e-87 2.02122e-53 1.84807e-53 2.49646e-51 2.40474e-35 5.68192e-37 4.36751e-57 7.11324e-53 6.66107e-67 3.82609e-81
1.51468e-24 1.27011e-26 1.64616e-15 2.44294e-08 2.15399e-24 0.000162566 1.81556e-19 3.27521e-16 7.34149e-21 1.87741e-11 5.54739e-09 0.000131074 2.90031e-14 7.81174e-24 4.49037e-11 1.21623e-19 1.30905e-30 0.491984 0.0334235 2.18678e-62 3.50711e-83 4.24518e-37 2.09499e-26 3.35287e-31 1.92014e-24 6.08936e-08 0.000874751 2.98112e-15 3.17694e-30 4.57665e-68
6.84376e-07 4.76444e-64 4.28009e-63 1.96458e-49 6.2112e-14 9.17554e-05 5.85106e-32 3.89169e-28 4.28362e-09 2.17565e-22 2.60228e-26 7.63558e-11 2.35561e-19 1.79594e-25 1.19912e-34 7.51158e-23 3.52696e-36 8.51969e-22 4.5807e-09 1.25354e-50 5.42959e-86 2.29234e-14 7.57497e-08 2.86292e-06 0.405499 8.47093e-10 2.59183e-17 0.300574 5.17188e-14 8.73785e-76
2.56831e-09 6.15904e-13 1.98087e-22 7.47315e-15 5.02526e-11 1.06778e-13 6.21145e-13 5.44838e-11 0.00136785 0.488719 8.20189e-14 1.29683e-11 4.04622e-06 0.00163053 3.23075e-24 3.73395e-47 1.20989e-29 1.10268e-47 4.21479e-45 1.1834e-84 8.31532e-81 1.20939e-51 6.03224e-38 1.41075e-36 1.39317e-16 4.26566e-35 2.26596e-51 1.16991e-43 4.54005e-58 3.87305e-74
3.17147e-33 1.35866e-26 2.44324e-17 4.10688e-09 1.7344e-29 0.000875268 1.27156e-32 1.17366e-27 9.71808e-24 4.26536e-18 1.14746e-32 9.04608e-33 1.1423e-25 1.34313e-28 2.64327e-14 1.00491e-56 4.42243e-16 2.20855e-16 2.22494e-37 1.63151e-62 6.56735e-78 3.11645e-24 1.06372e-35 1.9516e-34 0.118598 4.2603e-15 2.83224e-53 2.11091e-36 1.96168e-24 3.87102e-55
1.97128e-46 3.54774e-15 3.4478e-13 1.58114e-35 4.56849e-38 2.29668e-17 4.35101e-05 7.08588e-30 9.36264e-57 2.33197e-41 3.56472e-12 4.80253e-09 1.82207e-50 3.40938e-41 5.41841e-69 2.1571e-22 9.7677e-23 1.0943e-14 2.89183e-53 1.71043e-80 1.93559e-76 7.9022e-13 1.70026e-43 2.35616e-50 2.12732e-15 2.01997e-33 1.47836e-51 2.5494e-40 2.7087e-16 0.707277
5.73492e-46 3.48207e-77 3.38111e-10 2.21919e-14 8.45189e-44 3.85685e-09 3.86839e-42 1.78096e-61 2.23766e-10 1.4661e-16 6.47458e-51 2.58324e-40 6.40263e-27 8.65877e-54 5.01719e-12 1.15287e-28 1.23493e-15 0.000334684 3.3942e-34 0.0565331 0.0275668 0.23124 0.316832 7.77699e-11 7.16848e-11 0.0419736 0.0386449 3.90203e-13 0.0608614 8.84538e-68
0.000101383 1.93816e-41 1.52904e-38 1.18309e-33 3.45028e-28 0.00800098 5.80323e-12 4.11466e-14 4.84601e-25 1.27266e-10 1.81527e-08 2.18484e-27 0.00178191 1.43635e-24 5.08845e-06 8.72783e-48 3.80202e-14 1.17496e-41 2.96054e-16 2.55379e-79 3.00419e-71 5.68428e-38 1.97443e-26 1.41399e-34 2.24739 2.27896e-30 4.8527e-43 4.27328e-54 9.24342e-34 7.32534e-66
1.35348e-07 5.0153e-18 1.41189e-13 1.8622e-32 1.25294e-27 4.75994e-18 2.33118e-37 2.83315e-12 1.82839e-37 7.08025e-14 1.84335e-29 0.0316995 2.30979e-26 9.07184e-20 2.95053e-13 6.88887e-40 0.00575645 4.04218e-53 1.26582e-28 4.28175e-100 6.75242e-61 5.82426e-14 5.41034e-32 0.0460033 0.31647 1.72672e-06 1.91374e-36 8.94082e-40 1.96701e-67 5.68998e-61
