2.2727e-322 1.09189e-321 1.10589e-214 7.12394e-102 3.85595e-211 2.78833e-68 6.72876e-270 2.46045e-321 2.92487e-321 2.82111e-321 1.15611e-321 8.67118e-109 5.50149e-32 6.75388e-321 8.99199e-322 1.01324e-76 5.58724e-40 2.09183e-201 6.34874e-321 5.48428e-105 3.33494e-321 7.13431e-321 5.23216e-321 1.47726e-321 3.76005e-100 2.78067e-12 1.29482 7.69757e-47 0.128908 2.90348e-237
1.39525e-40 1.62477e-249 4.48118e-321 2.23932e-159 7.57199e-09 6.4686e-216 3.11261e-322 2.3814e-321 2.16895e-321 3.62638e-85 1.44726e-259 2.93969e-321 5.08888e-321 6.7687e-321 1.17094e-321 5.10114e-86 0.212849 7.34182e-321 6.05724e-321 5.90903e-321 1.88733e-321 2.37808e-287 5.08394e-321 2.248e-321 7.0605e-307 2.2201e-217 6.40803e-321 4.19462e-321 4.98018e-321 7.18866e-321
2.32211e-322 3.02199e-190 0.000200459 1.22281e-320 7.65802e-322 6.11291e-265 2.32211e-322 4.4026e-162 2.35175e-321 4.35154e-269 9.98013e-322 1.6897e-321 9.68369e-321 5.38676e-18 1.17094e-321 5.28394e-212 3.04344e-321 8.40406e-321 1.33989 1.16562e-168 4.86655e-321 1.06549e-160 1.48898 1.51252e-221 1.50999e-211 5.26088e-247 1.0489e-320 3.03202e-259 5.14322e-321 6.55625e-321
3.7549e-322 1.64524e-321 5.44954e-321 5.61259e-321 1.16599e-321 1.00526e-139 2.51973e-322 2.92487e-321 1.50429e-181 6.9197e-97 2.84627e-187 1.41872e-63 6.51673e-321 5.70152e-321 1.3735e-321 4.46369 2.747e-321 1.83152e-103 1.61542e-08 7.9594e-321 1.31937 0.324403 1.15154e-301 1.10763 1.06781 1.84982 2.7382e-279 1.67343 2.58627e-15 2.74096
3.70544e-05 0.00331639 0.0111971 1.22506e-06 7.34449e-06 1.6528e-07 0.000223351 0.000155071 0.00724499 0.00274471 0.000456029 0.00437557 3.32155e-06 4.09699e-07 0.00137223 9.38725e-323 1.97626e-323 3.45846e-323 5.43472e-323 4.94066e-323 1.4822e-323 5.92879e-323 3.45846e-323 9.88131e-324 9.88131e-324 7.12265e-291 5.43472e-323 3.45846e-323 2.96439e-323 4.44659e-323
1.23017e-256 2.72148e-240 1.33994e-204 1.35999e-202 1.01778e-321 2.69104e-287 8.96786e-266 2.06932e-29 4.57999e-321 1.48429e-113 3.28685e-107 1.54643e-321 1.18641e-53 6.1857e-321 8.2509e-322 1.05335e-320 6.90755e-20 8.52757e-321 4.24846e-15 2.69246e-195 3.00392e-321 0.78448 2.94899e-194 2.15907e-321 1.94168e-321 9.97247e-85 2.89481e-214 3.69561e-321 3.71043e-321 2.88921e-269
0.000197451 3.56093e-05 0.00126782 0.00670249 0.000790625 0.000429286 0.000172585 0.00268503 0.000856567 0.000990123 0.000878966 0.0010524 0.00624385 0.00667486 0.000374408 2.47033e-323 4.94066e-324 1.4822e-323 9.88131e-324 1.97626e-323 4.94066e-324 1.97626e-323 9.88131e-324 4.94066e-324 4.94066e-324 1.28326e-292 1.4822e-323 9.88131e-324 9.88131e-324 1.4822e-323
6.8645e-143 1.2154e-321 4.63755e-256 8.31018e-321 3.36272e-278 1.01939e-96 1.33923e-237 3.05827e-321 3.88336e-321 1.119e-266 1.06718e-321 2.4834e-95 1.56033e-170 3.86469e-223 9.0414e-322 3.97349e-233 2.36657e-321 3.56715e-321 3.47265e-282 9.41532e-300 2.12942e-321 5.67681e-321 4.02169e-321 1.47726e-321 1.26272e-268 0.347663 4.55034e-321 1.05185e-160 4.07162e-295 5.96173e-304
3.06321e-322 9.83191e-322 4.65904e-321 1.97637e-270 6.57107e-322 4.59481e-322 1.42699e-161 2.44068e-321 6.44977e-221 2.73218e-321 1.54643e-321 3.64126e-321 4.01675e-321 6.04242e-321 2.10187e-107 1.23665e-320 2.19365e-321 4.10074e-321 5.11852e-321 4.77761e-321 3.72525e-321 1.28754e-320 4.50679e-116 2.15907e-321 1.44761e-321 0.237944 8.31018e-321 5.55824e-321 8.06104e-286 5.79045e-321
1.77864e-322 1.05236e-321 4.59975e-321 8.70745e-172 8.91259e-314 3.95253e-322 2.29423e-199 3.75263e-30 3.44364e-321 2.01136e-75 5.97785e-71 2.25468e-83 2.40084e-292 4.03623e-304 2.257e-161 1.52018e-239 9.16288e-51 5.35213e-306 1.80494e-158 0.417835 1.37844e-321 6.137e-09 5.18275e-321 1.95156e-321 2.67784e-321 6.43942e-152 0.36633 4.23278e-113 4.38236e-321 7.11949e-321
2.2727e-322 9.83191e-322 1.46877e-156 5.91891e-321 8.50537e-164 5.92879e-322 5.77786e-228 1.81322e-321 3.98711e-321 4.46132e-304 1.56619e-321 3.1719e-321 5.22721e-321 4.81752e-107 8.44852e-322 1.457e-320 0.464861 1.73973e-240 4.81714e-321 0.791091 3.66103e-321 3.09307e-261 4.74303e-321 1.23516e-321 1.25181e-141 8.38779e-256 6.55131e-321 2.19447e-307 4.77267e-321 7.11949e-321
2.76677e-322 6.99999e-182 4.92089e-321 2.70823e-304 9.0414e-322 1.37402e-22 1.63082e-109 1.47937e-114 2.14964e-05 2.18377e-321 1.11659e-321 3.2806e-321 7.93282e-193 7.16631e-288 2.67033e-13 1.65118e-180 1.99603e-321 1.18724e-320 3.44346e-240 1.94062e-216 8.19584e-246 0.385766 9.4903e-43 1.96144e-321 3.13732e-321 5.26755e-64 3.92759e-310 3.67585e-321 0.047419 4.79396e-222
2.62802e-50 1.15611e-321 4.87149e-321 7.88529e-321 5.92879e-322 3.85371e-322 2.81617e-322 2.06519e-321 4.11806e-243 2.67669e-285 1.15117e-321 2.69266e-321 7.89517e-321 1.03013e-320 6.57116e-212 1.56965e-320 2.99404e-321 6.53649e-321 4.6003e-48 5.69658e-321 2.28752e-321 1.22479e-320 5.11358e-321 1.44761e-321 1.90709e-321 3.82541e-223 0.139095 3.345e-235 4.6541e-321 6.60072e-321
7.55679e-55 5.91826e-77 4.51576e-321 9.44654e-321 6.07701e-322 6.22523e-322 5.25101e-221 3.90312e-321 4.67386e-321 1.43204e-51 4.90351e-282 2.09484e-321 9.00188e-321 9.05128e-321 3.62988e-283 2.70404e-71 2.3814e-321 2.49006 2.75677e-143 6.75826e-290 1.81816e-321 1.29346e-320 4.59481e-321 1.04166e-314 5.80923e-97 2.56486e-196 3.5395e-314 1.33619e-161 0.958429 7.20348e-321
1.82804e-322 1.34386e-321 6.42285e-321 8.84872e-321 1.00789e-321 2.3527e-90 1.95199e-144 2.22157e-135 7.5928e-190 2.14424e-321 9.66616e-285 1.49668e-51 6.67977e-321 9.31314e-321 5.55514e-211 1.01866e-178 1.22224e-96 6.82799e-321 5.2865e-321 5.62647e-98 1.7984e-321 0.9846 1.1965e-228 2.2233e-321 3.31024e-321 3.86405e-143 7.42087e-321 4.96042e-321 4.74303e-321 3.56235e-162
2.81617e-322 1.81322e-321 3.63138e-321 2.31727e-189 2.53423e-84 3.95253e-322 3.70549e-322 4.06122e-321 2.58396e-321 3.06321e-321 2.96063e-228 2.00052e-186 5.27168e-321 6.1857e-321 0.148463 1.51332e-320 6.1797e-215 4.88631e-321 0.0695591 4.85667e-321 1.46243e-321 0.291968 6.09605e-94 1.51184e-321 3.40411e-321 8.88418e-267 6.73525e-05 6.82532e-297 4.67459e-279 7.13431e-321
1.97626e-322 2.56765e-122 2.56125e-36 5.03368e-77 5.59129e-222 4.69495e-153 4.15544e-18 1.65679e-115 2.18377e-321 2.1393e-321 9.18962e-322 2.00097e-321 1.78674e-198 6.31416e-321 2.15202e-91 1.93035e-70 1.74899e-321 3.41399e-321 0.214607 4.79738e-321 1.31916e-321 1.94376e-134 2.04868e-302 1.55631e-321 2.02073e-321 4.39033e-24 4.32723e-291 3.913e-321 3.24584e-203 2.41156e-236
