1.6098e-196 2.73675e-155 2.02983e-112 1.85324e-166 2.19323e-100 4.00967e-41 3.18261e-136 2.06876e-143 9.23386e-163 9.22541e-31 2.40767e-72 3.18649e-181 1.8292e-259 8.35482e-188 5.3953e-137 5.0896e-146 9.30778e-318 0.751066 2.11898e-277 3.99054e-105 7.0709e-84 1.3228e-48 1.31908e-284 9.33784e-322 1.79568e-265 2.71825e-130 1.2584e-248 9.57434e-167
1.16768e-172 4.1454e-117 6.12641e-322 2.38995e-147 5.17347e-117 1.1739e-320 1.05785e-283 1.38832e-321 1.01288e-278 9.45451e-76 4.05006e-170 3.45846e-321 4.74861e-228 1.12574e-132 1.29826e-30 8.07885e-67 9.33784e-322 1.05211e-157 1.66001e-80 2.48446e-10 1.13685e-56 1.55507e-90 1.31793e-213 2.89177e-260 4.09508e-96 3.16683e-290 3.27939e-229 0.591086
1.18581e-155 1.10614e-40 6.91692e-322 3.11261e-322 2.73041e-141 4.70913e-147 7.58894e-32 1.36816e-226 3.44634e-127 2.33337e-46 3.44069e-121 1.14253e-304 7.44035e-252 1.01397e-08 1.43755e-223 9.33784e-322 1.03754e-321 1.12758e-161 1.31444e-258 2.27819e-82 0.0207449 0.0661129 2.15758e-287 8.54734e-322 7.98002e-56 4.83693e-280 2.02124e-198 3.73903e-41
1.36043e-153 1.34336e-142 1.48984e-226 6.00082e-205 1.89008e-151 2.20984e-255 2.10104e-39 1.37739e-70 1.5109e-75 8.10392e-98 2.60189e-88 2.40982e-128 6.15606e-321 4.22855e-267 0.18298 2.47702e-98 1.09318e-148 2.53901e-31 1.48547e-263 1.3312e-284 5.29475e-233 1.31832e-109 2.69354e-104 6.07463e-305 0.858379 2.50609e-172 7.80195e-110 5.66358e-135
0.0208283 9.6358e-150 2.31646e-295 9.09138e-178 4.86805e-153 4.53933e-26 1.9356e-81 6.46442e-74 9.05716e-131 7.79004e-159 2.2233e-322 1.17912e-294 2.00773e-267 7.39228e-54 9.64115e-132 1.85224e-286 8.89318e-322 3.74757e-279 9.41135e-80 0.179462 1.59753e-108 3.99261e-155 6.91317e-101 9.0414e-322 2.90834e-229 6.43519e-238 1.53139e-254 2.36823e-32
2.89187e-73 2.32793e-109 6.96633e-322 9.57732e-282 2.32965e-184 4.96533e-107 9.28704e-192 2.6209e-160 4.86737e-239 3.99816e-89 2.17218e-121 2.6204e-63 5.48907e-321 2.86203e-92 7.99452e-159 9.98013e-322 3.11881e-292 7.49067e-182 2.4061e-321 5.8186e-140 0.684104 6.29645e-72 3.01242e-173 2.49779e-140 6.85394e-92 1.90082e-189 1.11861e-80 6.4768e-189
2.64103e-98 3.12448e-17 1.08694e-322 1.06403e-188 2.96278e-202 1.24356e-65 8.03268e-281 2.13244e-255 9.99666e-237 3.32486e-37 1.73202e-157 6.87269e-83 1.01778e-321 2.74761e-18 2.40163e-96 3.26234e-07 2.55463e-110 0.043447 1.60498e-221 2.98889e-295 1.50275e-59 6.21594e-203 1.91687e-35 1.98298e-13 3.09025e-18 1.11472e-274 5.61162e-313 1.17164e-239
1.46555e-236 1.75464e-36 3.03039e-317 8.18561e-05 4.4843e-66 1.05977e-320 1.146e-228 8.23212e-55 0.0048763 1.63386e-80 3.77024e-116 3.28554e-321 1.44612e-16 2.64629e-101 9.46106e-124 1.87502e-106 1.28457e-321 1.701e-53 1.74382e-285 0.36688 2.07649e-235 1.29158e-212 5.87423e-169 1.54693e-176 5.65573e-192 2.80956e-238 5.71409e-239 3.8021e-134
4.10005e-60 1.4908e-88 1.83441e-211 3.26083e-322 1.89848e-209 6.90952e-153 1.59719e-78 1.07405e-116 6.64552e-88 1.03848e-202 2.83363e-314 1.66315e-200 5.44954e-321 3.01501e-137 3.78506e-162 2.56807e-310 4.13058e-223 2.25709e-60 0.698168 7.26472e-123 7.4526e-51 2.03843e-76 7.06887e-160 0.276183 5.13389e-174 2.34681e-321 1.58142e-260 6.35085e-22
2.82745e-271 6.17563e-222 2.2066e-99 4.91044e-231 2.3924e-92 4.09149e-137 6.76371e-92 1.13899e-24 2.56623e-31 0.00460484 1.05172e-319 5.5948e-248 1.64749e-198 5.85588e-86 7.34666e-17 0.0520765 8.00386e-322 1.35357e-155 1.97076e-267 1.08698e-297 3.05113e-188 6.8176e-138 7.02036e-81 1.17094e-321 1.94001e-62 0.46182 4.35257e-37 1.66755e-157
2.26457e-33 4.15587e-104 8.42024e-31 1.81281e-133 1.61442e-104 5.60907e-275 4.06263e-44 1.14104e-49 3.34834e-159 3.72148e-20 4.84091e-301 8.82177e-133 1.06914e-272 5.36893e-307 4.39166e-101 6.33472e-98 5.53354e-322 1.01926e-320 1.25323e-115 9.43609e-273 1.01864e-60 2.7261e-164 5.92688e-175 9.0414e-322 4.27755e-97 4.20756e-166 2.41206e-126 0.156255
1.84471e-119 4.94255e-202 5.18309e-257 1.70006e-200 9.82702e-111 5.22897e-28 3.12948e-128 1.21602e-247 7.74728e-150 3.38137e-91 1.11788e-315 2.90234e-265 2.90327e-83 1.28409e-227 1.02234e-39 1.26512e-239 6.7687e-322 8.64863e-113 0.0130386 1.83446e-301 3.09002e-122 6.73093e-104 8.41362e-72 9.95583e-265 4.52398e-150 3.35608e-202 3.16202e-321 2.24094e-230
8.66424e-206 4.39988e-183 5.78057e-322 6.51545e-175 5.98467e-180 1.08253e-17 1.11709e-111 1.665e-321 2.93839e-216 2.29174e-298 3.7549e-322 3.13238e-321 1.69189e-297 4.44659e-321 6.34735e-44 8.49509e-11 0.355349 2.31141e-200 3.42387e-321 1.2782e-296 4.07213e-114 0.336758 5.93973e-227 1.1907e-321 4.60138e-54 0.0991713 5.30775e-101 1.34098e-53
7.26717e-05 0.00013882 0.000244996 0.000135944 5.95543e-05 0.00351996 0.00185096 0.000517113 0.000452671 7.72342e-05 9.63482e-05 0.00136116 0.00229068 0.00110448 2.41289e-245 0 0 1.4822e-323 0 1.44901e-305 8.20118e-256 3.66886e-240 1.22393e-303 0 4.34771e-299 0 0 2.25954e-245
7.12594e-111 1.39709e-177 9.24333e-223 3.64139e-97 5.06735e-65 3.79448e-233 4.06378e-54 1.89177e-65 3.62169e-223 5.01359e-85 8.38797e-314 2.32698e-200 1.39871e-141 1.95472e-05 9.64688e-84 9.83191e-322 7.11455e-322 4.6491e-86 1.59277e-84 2.14513e-252 9.67882e-07 0.0443913 9.48889e-275 7.6822e-169 1.13112e-174 2.36007e-121 4.71952e-283 0.0121525
3.62447e-233 5.42327e-180 1.90636e-240 4.10074e-322 1.30957e-132 2.78841e-174 5.40996e-48 5.33356e-101 1.47992e-73 2.2359e-173 8.4188e-34 3.57704e-321 1.33106e-142 2.78653e-321 1.79748e-101 2.90196e-109 1.02272e-321 0.444871 6.25771e-110 2.68199e-36 2.01395e-236 5.56551e-105 9.50288e-225 4.05482e-249 6.72855e-32 3.46842e-124 1.70179e-128 8.49882e-198
3.02772e-61 4.67562e-304 6.22523e-322 3.45846e-322 9.1223e-281 2.23189e-87 2.18383e-98 4.01247e-149 1.61109e-265 6.55433e-218 2.37152e-322 3.71537e-321 3.66217e-94 2.4126e-40 0.353628 0.22856 1.35868e-321 2.09036e-229 3.29626e-91 3.7919e-285 7.11447e-233 2.869e-143 6.4947 2.12343e-205 8.11596e-286 7.20308e-319 0.863085 7.08001e-158
