2.33413 0.141855
4.64147e-88 1.15621e-111 2.89487e-39 4.63771e-23 2.41837e-73 9.55096e-16 1.50237e-100 7.26678e-86 3.09524e-146 1.26327e-98 1.92962e-174 2.50215e-38 7.03529e-38 1.46059e-64 4.56083e-37 3.5044e-111 2.04613e-23 0.327121 1.34698e-44 1.87798e-39 1.21203e-237 1.67305e-105 5.03134e-103 1.89797e-105 1.87018e-38 4.60765e-93 4.69872e-54 0.107209
2.12744e-37 2.2262e-64 2.00899e-58 0.0005879 3.2332e-66 6.02496e-46 1.62976e-53 7.08568e-77 0.0307299 2.94345e-56 4.13473e-42 4.33186e-35 5.56093e-106 1.18613e-55 6.44054e-60 9.31298e-89 2.38408e-156 0.541963 9.61705e-87 2.78315e-207 6.17664e-148 8.7774e-112 2.69547e-100 2.71432e-104 9.38961e-49 1.91249e-129 1.70584e-74 3.42179e-80
6.60459e-69 3.40103e-52 5.98541e-15 9.63367e-101 3.58221e-10 1.75846e-53 1.67694e-115 3.44603e-138 7.94524e-08 1.16337e-52 2.66815e-106 1.81065e-113 8.72634e-65 2.54746e-138 9.65597e-46 7.67174e-34 2.23454e-64 2.15401e-66 2.16334e-156 2.2761e-93 1.34104e-172 0.31525 3.45102e-85 1.93922e-147 7.80134e-30 2.45552e-124 5.01481e-126 2.96349e-156
1.70914e-32 2.2412e-99 3.11375e-78 4.91459e-33 9.44581e-93 2.13781e-165 7.03083e-92 1.90642e-94 2.43984e-155 3.83347e-90 4.88729e-10 4.588e-17 1.70285e-60 3.09267e-80 4.27773e-73 6.01977e-53 1.66259e-74 2.13489e-31 0.0888626 5.72812e-213 5.47149e-166 2.20358 5.98868e-97 2.60961e-13 3.09767e-07 4.1499e-73 1.81418e-128 0.0228582
1.01435e-13 1.58725e-13 0.0192544 1.01475e-09 0.00679895 2.6357e-19 1.10023e-11 0.000133428 7.75269e-16 0.00653016 0.0171404 0.0146551 0.0015152 5.84541e-10 2.02523e-110 4.17056e-118 1.08341e-201 1.7972e-109 2.26765e-154 1.42915e-215 2.46186e-238 4.42287e-136 7.01266e-109 2.86609e-149 5.63416e-119 1.56351e-144 2.88851e-135 2.39102e-166
2.5489e-82 9.72169e-114 1.60831e-12 1.13789e-78 1.4907e-42 8.61681e-16 5.17035e-35 0.00528419 2.08742e-82 5.75949e-05 4.16297e-134 2.29655e-55 8.05691e-56 6.7609e-110 0.146074 8.67423e-60 3.7303e-189 3.34293e-56 2.74931e-15 1.0307e-180 2.43159e-147 5.50818e-136 1.22555e-77 1.37138e-12 2.90959e-94 1.40108e-53 1.27459e-38 6.46048e-114
1.01615e-22 4.13176e-80 4.17623e-98 5.21827e-39 4.52685e-64 6.05426e-125 6.55254e-18 8.73891e-37 6.7642e-158 7.3734e-22 7.83317e-188 1.32509e-143 2.42561e-115 3.1172e-25 2.5397e-25 1.77086e-83 5.82146e-196 5.99041e-29 9.93962e-84 0.346314 2.69259e-152 2.14906e-18 6.38392e-69 1.36399e-49 7.16464e-92 0.352959 5.8895e-58 8.46035e-33
6.14536e-25 8.14461e-133 4.79783e-09 2.60833e-32 6.96921e-101 4.14174e-199 4.76262e-29 1.75903e-79 6.44448e-63 2.47708e-101 4.15516e-120 3.98356e-135 9.79902e-15 0.037591 0.181427 2.27713e-114 1.63662e-76 1.64644e-81 4.93274e-127 5.16341e-65 1.86754e-112 3.38117e-73 1.17374e-68 2.26073e-44 2.9095e-104 2.23568e-38 7.17634e-97 4.58738e-140
7.72989e-47 6.71748e-86 3.08748e-79 1.51471e-21 5.13369e-21 2.65525e-54 3.33061e-15 1.10158e-11 2.47076e-70 1.62852e-16 4.20074e-83 1.48548e-110 3.54604e-129 1.01915e-36 4.926e-105 0.147422 2.30294e-166 3.65186e-11 6.1912e-138 6.41827e-119 1.59957e-199 0.278277 6.13603e-50 5.15032e-107 5.15773e-30 1.89108e-116 5.69709e-114 8.69151e-48
0.0721172 0.0259824 0.000332387 0.0139803 7.78219e-05 5.06918e-17 0.000121074 7.19825e-06 0.0129286 0.00245179 6.70207e-08 1.31734e-17 0.00415701 2.1357e-10 9.52217e-112 3.00618e-116 1.93055e-203 2.44981e-113 4.49814e-159 8.70158e-201 2.21004e-250 6.04069e-152 7.78131e-112 1.86665e-142 1.83286e-122 5.95077e-145 1.09766e-132 1.08067e-174
3.08502e-149 3.37892e-67 5.97409e-35 9.40669e-47 0.00023756 2.72499e-48 0.0313563 5.12798e-63 2.26339e-153 1.62986e-93 2.39285e-116 5.74446e-126 3.46553e-43 0.0135483 4.61005e-106 1.5247e-42 3.80239e-54 1.43415e-95 1.83357e-62 5.25489e-194 6.8102e-177 8.87516e-40 0.334804 0.00010358 3.93428e-16 3.35564e-82 4.94332e-64 4.05162e-131
3.61644e-106 3.89702e-167 2.69723e-38 1.64846e-31 1.73646e-17 1.13321e-216 3.4243e-93 1.63374e-31 4.98813e-151 6.47031e-48 2.46595e-198 1.61116e-88 6.28671e-25 0.00269095 1.17276e-63 1.11019e-76 1.43441e-100 7.60076e-102 7.48497e-77 0.00838654 6.45326e-55 3.1901e-97 8.27825e-91 0.0923879 2.14795e-52 4.31216e-32 2.38777e-42 4.91538e-82
1.90939e-98 1.86718e-08 1.91694e-66 4.11362e-133 4.22377e-36 1.75503e-59 2.84979e-132 2.15163e-58 9.46327e-41 1.67496e-31 3.07883e-35 1.37173e-56 7.96866e-198 2.00821e-113 0.0987149 1.45732e-116 2.9773e-48 0.20246 1.98577e-25 7.27577e-205 0.11288 1.73738e-132 4.16848e-46 4.10439e-92 7.27502e-09 1.6499e-105 2.71578e-81 9.32869e-78
6.40037e-14 3.59257e-28 4.32499e-41 2.54786e-54 8.53557e-20 0.137356 9.02731e-60 1.61208e-52 4.93813e-78 9.2259e-63 2.29475e-65 1.02294e-15 8.09377e-90 9.88811e-40 1.67259e-67 2.63963e-75 9.41099e-205 0.0728408 2.24369e-75 9.02889e-111 6.18062e-244 1.69623e-66 3.84641e-61 9.82925e-136 6.69751e-96 5.30027e-117 5.63157e-66 3.49711e-94
4.47478e-99 2.47224e-137 1.4919e-63 3.42441e-48 4.42032e-112 6.70793e-52 4.09241e-42 1.70099e-157 8.46501e-58 1.35996e-10 5.44607e-33 3.91081e-29 1.48514e-64 3.01599e-90 4.76976e-111 2.33563e-17 0.105611 0.778964 2.28785e-12 3.81607e-105 5.61972e-54 6.18106e-54 1.37279e-27 7.19603e-146 1.88217e-65 3.19023e-64 0.441509 3.96182e-177
3.41295e-18 4.95938e-129 2.7025e-11 4.43105e-16 1.30725e-22 1.0746e-94 2.55859e-40 0.00364591 6.14297e-84 8.46326e-107 5.24034e-52 2.03653e-176 2.11353e-137 5.37765e-93 1.22792e-104 3.85146e-43 1.47863e-81 1.65266e-108 4.63455e-90 8.74734e-67 3.32233e-186 1.83402e-109 2.83832e-65 0.114701 0.143004 3.14622e-141 3.86884e-59 2.86947e-117
1.00241e-123 7.42646e-17 9.38602e-96 1.37095e-95 1.17474e-90 6.038e-167 1.59201e-35 6.59315e-06 1.05101e-27 4.70967e-85 1.85604e-57 9.7391e-107 2.491e-06 1.59667e-91 0.00036884 0.00385209 5.79028e-69 0.323111 2.72745e-90 2.53014e-210 4.02364e-211 2.9907e-70 8.09379e-82 8.56514e-06 1.4377e-100 4.47793e-137 1.96515e-58 7.26875e-105
