0.0935796 2.03127e-06 1.24316e-27 7.56028e-12 2.50473e-19 8.94304e-05 0.00128325 1.22488e-20 0.0236785 2.94651e-33 7.89607e-17 5.25503e-16 2.98939e-11 2.11415e-307 1.23516e-322 4.79859e-281 2.37342e-306 6.93353e-176 1.81782e-176 5.33858e-299 3.17341e-262 5.78444e-262 2.49827e-149 1.3183e-174 3.30824e-137 8.88241e-225 1.18576e-322
9.34168e-220 4.9975e-09 6.79055e-110 1.98173e-146 7.45396e-111 6.51873e-55 3.672e-52 5.80989e-54 6.72291e-85 9.56279e-194 4.43403e-97 4.00026e-136 5.43315e-184 3.5798e-223 1.04248e-321 2.47393e-306 1.11064e-26 2.6547e-136 0.108678 7.67851e-35 4.55464e-212 1.0278e-204 4.59587e-148 5.92803e-16 1.9334e-48 1.67035e-170 1.80977e-298
7.24053e-260 3.12903e-05 2.64718e-60 4.46394e-125 7.5497e-66 1.03044e-43 1.4944e-29 8.06552e-92 1.04005e-183 1.08318e-59 2.77293e-253 5.60325e-75 1.29941e-22 2.07613e-122 1.8745e-171 4.85202e-115 7.61196e-167 6.50493e-42 3.12837e-159 1.16626e-142 1.94149e-70 1.06082e-54 0.332781 6.8167e-189 2.54551e-17 1.97964e-184 7.28077e-25
3.28096e-101 2.30694e-118 4.13517e-201 3.59302e-112 1.05896e-160 1.29966e-198 5.60605e-218 9.12131e-153 6.51746e-157 3.87328e-178 1.77625e-184 7.89129e-46 3.35907e-62 3.07832e-129 1.57799e-170 8.21423e-56 5.28105e-108 2.37518e-31 2.45138e-151 9.95335e-229 1.56586e-189 3.4506e-13 2.8061e-18 2.15392e-41 3.59712e-55 0.0646163 9.17773e-256
0.00193652 0.00185223 0.00138409 0.000672946 0.0019482 0.000647867 0.000234478 0.000683119 0.000320259 1.22139e-06 0.00336575 0.000723365 0.00060565 1.92996e-308 4.94066e-324 7.04472e-312 4.94066e-324 1.03348e-191 6.2548e-203 1.4822e-323 1.05399e-275 4.57856e-291 3.14515e-166 2.57334e-200 4.74034e-163 2.19625e-226 4.94066e-324
1.35656e-44 1.11457e-169 2.59971e-260 7.34281e-07 3.6227e-95 1.79834e-29 2.90642e-198 1.35044e-29 5.05915e-80 4.87399e-160 1.90163e-163 1.16449e-190 4.43753e-58 1.35458e-70 9.57291e-307 2.41914e-291 3.31309e-137 4.4598e-85 2.99487e-46 8.69645e-150 1.71885e-222 4.64579e-169 0.113631 1.90541e-156 2.15654e-19 2.58311e-186 3.69652e-200
1.46642e-253 9.31062e-08 1.3939e-318 6.16271e-55 5.41902e-179 1.14648e-230 4.79244e-322 5.82696e-29 1.11548e-85 1.59116e-59 5.24564e-62 3.79519e-212 8.48954e-180 4.09358e-229 3.19522e-183 1.42082e-179 0.183528 3.50237e-153 6.38619e-09 2.47666e-314 1.11479e-182 6.50859e-265 1.05235e-150 1.35641e-62 2.59097e-28 3.23928e-90 6.48756e-22
1.01932e-56 7.12947e-129 2.33934e-218 1.26077e-172 3.79508e-67 6.66005e-161 1.93057e-252 1.36652e-66 1.16785e-138 1.25541e-83 2.17223e-16 1.85423e-124 3.17517e-156 1.80858e-280 3.67044e-238 3.70109e-275 9.58429e-82 4.84112e-86 4.4002e-149 7.20635e-154 5.91994e-166 1.42693e-145 0.209948 3.71098e-116 4.10944e-90 6.56466e-159 1.84221e-216
2.55298e-243 1.92966e-108 8.76885e-227 4.76624e-116 6.47949e-17 5.76462e-131 8.30646e-253 6.9242e-102 6.87663e-18 5.25135e-153 0.0173057 1.89346e-145 4.71881e-73 1.97955e-198 1.25493e-321 2.96075e-274 2.49845e-83 1.54754e-66 5.01209e-126 3.28112e-273 1.69558e-84 7.45344e-94 0.0747561 1.9005e-161 0.0904774 0.2434 3.1766e-168
2.61046e-54 3.1195e-167 3.11119e-120 4.85545e-177 1.20871e-283 2.70903e-158 5.8318e-274 1.85881e-181 4.84898e-44 5.04088e-85 7.51736e-12 2.83686e-131 1.87793e-23 1.41938e-267 1.4955e-211 7.71903e-127 5.1463e-246 2.59274e-115 6.65175e-133 3.31854e-170 0.0838703 0.128218 1.7742e-145 1.25713e-140 0.758497 3.043e-16 0.223395
2.64532e-48 2.49279e-217 1.07444e-141 6.0821e-58 1.80731e-224 5.90712e-75 4.74303e-322 3.47928e-99 1.43052e-20 1.10443e-128 5.61335e-263 1.54157e-97 1.56527e-75 1.71324e-43 2.41315e-199 1.33795e-282 1.2075e-173 7.69316e-39 0.0176415 6.81919e-134 6.12412e-214 8.51986e-176 0.227309 7.83184e-51 7.82375e-38 1.7674e-118 4.25563e-259
8.14118e-223 4.99372e-68 1.70684e-195 3.48581e-22 1.47976e-32 3.38715e-156 2.37046e-76 3.13859e-172 1.90765e-05 5.97709e-156 4.90657e-320 4.8114e-70 4.04316e-125 6.4031e-92 1.30433e-321 3.87863e-245 4.86957e-161 0.0897891 2.8285e-143 4.53375e-45 3.12172e-240 9.2333e-165 2.04904e-23 1.33464e-82 8.92724e-21 1.60085e-92 1.51039e-78
1.31591e-186 2.59474e-19 1.47122e-213 1.35931e-58 3.02089e-119 2.09208e-261 2.11803e-302 1.25565e-115 5.87537e-170 1.44404e-79 6.25689e-49 9.48872e-54 4.60425e-100 0.0285582 6.09526e-205 0.819201 4.45284e-49 0.239628 1.252e-199 6.41154e-313 3.60545e-206 2.49596e-92 3.01171e-09 4.26507e-152 5.07397e-142 5.0723e-135 9.18842e-57
1.54773e-157 3.15587e-102 3.10268e-277 1.62462e-229 6.05323e-169 9.50235e-159 1.91555e-144 1.64718e-37 1.2945e-128 4.58979e-100 1.68892e-188 1.31975e-74 2.04939e-76 1.45069e-93 1.26481e-321 6.35202e-40 0.239633 1.67966e-98 1.52496e-70 0.812323 1.73563e-70 1.13606e-159 1.29795e-94 2.02274e-145 4.90934e-34 3.02398e-166 1.00295e-321
7.55793e-241 9.9422e-21 2.63337e-321 1.80144e-80 9.06847e-09 9.95565e-238 1.69024e-192 8.55586e-166 1.37708e-179 1.29862e-168 6.27649e-145 1.3765e-160 7.12196e-122 0.0011284 1.93082e-210 1.73054e-44 6.43527e-298 4.76578e-116 1.26024e-73 3.76228e-142 0.878776 1.83169e-162 6.70008e-120 1.92289e-66 2.58712e-98 0.177595 2.34828e-80
6.07666e-24 2.67778e-222 1.35525e-279 5.18577e-235 5.55557e-103 8.84578e-240 4.84184e-322 0.287225 3.04238e-155 5.06248e-122 5.07334e-238 2.85677e-109 1.29273e-110 0.747792 0.43845 1.71758e-307 8.8617e-52 1.49989e-30 4.65408e-84 1.46584e-319 3.33892e-22 0.283274 1.39987e-26 0.883049 5.49081e-157 4.96518e-143 3.88349e-183
