1.51409e-187 0.0834591 1.11165e-321 1.22034e-321 8.37851e-307 3.05135e-256 0.0191779 1.15957e-320 4.89125e-322 3.66103e-321 4.55862e-270 3.21861e-254 1.08694e-321 2.05531e-321
1.03664e-159 6.96633e-322 2.04006 1.67218 3.02416e-250 2.12942e-321 0.718186 5.77697 2.03301e-318 2.62903 1.25732 6.61802e-113 9.09081e-321 2.58569
9.38725e-323 8.79437e-322 4.12545e-321 6.48214e-321 6.87252e-160 4.09355e-146 1.98651e-39 12.9161 4.2864e-23 2.83827e-188 5.06417e-321 1.93761e-195 1.78764 6.89222e-321
6.42285e-323 6.67156e-87 2.6729e-321 2.65313e-321 1.97379e-268 1.19832e-23 7.24849e-68 2.37596e-320 2.37152e-321 8.15208e-321 2.143e-47 0.428636 5.41605e-300 7.55397e-294
1.02343e-29 8.38638e-08 1.92686e-321 2.65313e-321 6.96291e-316 2.37608e-312 0.2894 1.78457e-320 8.15208e-322 4.52998e-203 5.47586e-57 5.54274e-262 1.78852e-321 3.36953e-321
1.21399e-175 1.10875e-247 1.43279e-321 1.99603e-321 6.96138e-321 9.16381e-160 0.0252049 1.65957e-320 7.36158e-322 1.04298e-298 1.43527e-219 1.88675e-124 1.72923e-321 3.75984e-321
8.16009e-54 4.81904e-88 7.80624e-322 8.2509e-322 4.5207e-321 4.15015e-322 0.1499 7.61849e-321 3.95253e-322 2.10472e-321 8.13968e-251 1.25685e-288 9.53547e-322 1.72429e-321
9.4089e-143 7.87923e-11 1.74899e-321 1.28951e-321 6.39815e-321 6.27463e-322 0.301002 1.15957e-320 5.78057e-322 4.62445e-321 6.66952e-298 5.59471e-221 1.90709e-321 2.81617e-321
1.97028e-20 6.86835e-161 1.76381e-321 1.90709e-321 8.28054e-321 7.16395e-322 0.270717 1.28457e-320 1.02272e-321 4.14519e-265 3.01655e-111 6.68995e-297 1.96638e-321 3.80431e-321
8.74496e-322 1.41879e-27 5.70152e-321 3.91794e-321 3.21432 1.52616e-33 2.66853e-42 4.35371e-320 1.46737e-321 6.67679e-182 1.50779e-112 2.38461e-269 1.01226e-160 6.06713e-321
1.24409e-276 1.52559e-11 8.29488e-145 4.28355e-321 0.812044 3.02279e-173 2.84348e-219 7.94606e-320 2.93969e-321 5.6638e-54 2.59102e-160 0.480122 2.36142e-188 8.76472e-321
1.71707e-212 9.38725e-322 3.61656e-321 2.79147e-321 5.51441e-216 0.229023 7.82824e-56 2.91005e-320 2.37152e-321 6.54637e-321 3.19193e-126 9.71862e-122 3.81913e-321 1.48488e-222
2.84388e-230 8.82793e-33 1.7737e-321 2.01579e-321 8.56216e-321 7.75683e-322 0.574059 1.67093e-320 6.62048e-322 3.52763e-321 3.28408e-245 6.86659e-232 1.59583e-321 3.53751e-321
8.89318e-323 6.96633e-322 3.81913e-321 4.18474e-321 2.05185e-320 0.103771 0.843538 7.83242e-320 0.856192 5.66563e-237 1.63849e-302 5.58303e-139 3.89523e-309 6.24993e-321
1.7282e-48 6.02066e-52 9.33784e-322 9.7825e-322 5.39026e-321 9.29854e-312 0.786747 9.77756e-321 4.74303e-322 2.65313e-321 3.02018e-271 6.56116e-272 1.05236e-321 2.12942e-321
5.13199e-238 2.4399e-298 3.32012e-321 2.94463e-321 3.94608e-292 3.1169e-237 0.210452 1.92093e-320 1.24505e-321 4.82208e-321 2.09042e-215 6.28241e-101 2.92981e-321 4.23908e-321
0.220229 9.5857e-146 0 0 8.57333e-311 4.94066e-324 1.30039e-49 0 0 1.4822e-323 7.2245e-311 1.11009e-208 0 0
6.91692e-323 7.15202e-171 3.0385e-321 2.49009e-321 1.38388e-320 7.59315e-34 3.52764e-64 6.52512e-320 9.15108e-257 0.155973 4.93449e-103 4.30681e-77 4.56023e-321 5.94855e-321
