2.26994e-62 7.55201e-193 1.75214e-113 0.118563 3.59416e-161 7.68321e-175 1.52578e-96 3.28495e-230 1.20672e-09 1.63143e-268 1.21638e-90 1.53395e-83 0.15855 2.41353e-105
3.26488e-138 1.05843e-206 1.03263e-08 2.93247e-33 6.00841e-100 3.48145e-140 3.24482e-56 8.52696e-248 1.8462e-59 8.2703e-83 0.6311 0.0582415 4.32283e-191 1.5752e-112
4.08921e-13 1.10651e-46 2.92799e-188 0.031838 1.10784e-106 2.56609e-213 2.08635e-67 4.8983e-174 1.48855e-135 2.51265e-192 3.52198e-122 2.99502e-73 5.16856e-193 2.76339e-115
1.79311e-07 0.0202715 1.37233e-180 1.22125e-68 0.941954 0.102725 1.98968e-87 1.68e-172 2.33983e-128 4.74134e-169 2.11667e-143 0.00143336 9.87171e-173 2.30748e-151
5.27112e-97 5.52117e-135 1.63449e-62 1.52039e-55 9.60716e-32 3.29118e-76 0.00651881 1.43145e-226 3.02546e-139 1.00799e-183 2.85308e-54 5.95185e-115 2.95363e-197 5.74956e-197
0.0786074 8.00902e-22 0.00185735 8.30443e-34 8.11265e-06 3.10589e-181 1.11406e-116 2.4125e-251 8.10433e-56 1.80049e-169 1.10875e-84 0.101422 2.45343e-177 3.34172e-138
2.89653e-60 1.34868e-117 1.93286e-38 6.59024e-154 1.31586e-52 1.69753e-07 1.56203e-57 1.6885e-110 9.16187e-154 3.90335e-287 0.18426 3.424e-28 7.6776e-214 1.06401e-203
1.4417e-134 9.7691e-87 1.10258e-205 0.150194 3.4781e-109 2.5494e-143 3.41777e-98 8.05304e-126 8.54934e-108 1.51069e-235 3.44887e-22 1.91661e-24 1.34106e-13 5.93618e-131
5.02056e-146 5.95453e-173 1.01445e-45 1.02751e-127 8.12885e-156 1.09259e-160 0.415041 1.25154e-259 9.09959e-55 6.39435e-52 2.80011e-111 9.19051e-82 4.07792e-125 2.84804e-60
9.41886e-13 4.04632e-108 7.45635e-202 6.47294e-138 1.24246e-92 7.42923e-218 3.4471e-123 9.8379e-173 1.27519e-105 1.87871e-250 9.4437e-149 2.48433e-122 1.37025e-78 1.46438e-110
3.7038e-123 8.01166e-164 4.38046e-220 4.94404e-10 2.97205e-47 2.76976e-133 1.59852e-14 1.03368e-186 3.82312e-89 2.34874e-208 2.96339e-71 1.05831e-96 0.276691 4.60552e-65
2.80054e-35 3.06889e-69 0.263406 6.26846e-92 2.87554e-94 2.656e-61 1.18012e-128 8.895e-211 4.3345e-53 1.68849e-220 2.96091e-115 3.69037e-114 3.40518e-135 3.73488e-75
3.94989e-184 1.28305e-39 3.79204e-12 8.07203e-122 0.0492241 4.31451e-167 2.52658e-05 6.53765 0.240957 0.172519 3.60325e-10 6.76704e-42 4.45519e-136 0.86748
2.78657e-37 7.9877e-60 9.94688e-215 2.53356e-27 0.000128064 0.289499 1.50242e-96 4.61605e-85 1.20848e-117 5.94588e-221 4.3585e-61 4.05953e-46 6.59835e-46 1.15278e-28
3.16536e-98 2.94265e-12 0.0846477 6.46355e-70 8.92885e-69 1.03899e-187 1.13254e-93 1.98543e-142 6.3493e-13 5.65388e-266 1.09901e-90 7.4211e-112 1.81477e-170 9.67107e-147
0.000139078 5.70279e-28 4.73001e-176 0.177587 4.04156e-21 1.98828e-96 4.00128e-06 3.40073e-221 4.87478e-109 9.59149e-209 2.50747e-38 7.52591e-69 9.23192e-81 8.3854e-192
5.9706e-98 1.50902e-147 1.94108e-41 0.224713 5.70712e-126 1.28501e-92 9.27711e-94 3.75683e-144 3.68002e-53 2.33169e-109 4.23732e-66 4.89946e-16 1.76649e-207 4.88504e-180
8.33046e-180 1.4822e-322 2.11456e-206 9.23827e-62 0.407879 2.86451e-53 3.89065e-101 1.79321e-24 3.23732e-102 1.75365e-57 3.51188e-154 2.20998e-47 1.66963e-79 1.60067e-113
