7.93448e-129 4.28834e-288 3.26508e-218 7.06514e-322 0.236572 3.35239e-44 1.25046e-121 3.89202e-227 0.108425 0.68702 0.563851 2.10572e-182 7.73088e-29 1.24727e-10
8.86788e-227 9.22695e-173 7.03597e-213 1.26155e-59 1.54074e-198 1.43782e-201 0.299789 0.800025 1.67956e-34 6.12848e-54 9.53928e-20 6.89126e-99 0.219328 9.12808e-103
2.02867e-172 1.41996e-61 1.78852e-321 9.57022e-202 2.21184e-158 0.212776 7.49733e-66 1.80326e-140 2.23718e-199 2.92981e-321 3.28289e-09 3.44774e-91 7.92918e-40 3.6246e-234
2.38629e-102 5.7695e-113 1.47726e-321 4.5454e-322 7.13581e-287 5.90404e-34 3.16842e-211 4.54816e-19 0.248963 3.5465e-232 4.1338e-97 1.87505e-138 3.25313e-205 1.55049e-201
6.72935e-157 2.17276e-119 1.40809e-321 1.25756e-230 2.48846e-210 1.0586 1.94357e-242 1.79718e-269 1.09753e-160 4.36611e-132 3.98681e-76 1.28594e-244 5.7101e-211 3.25351e-175
5.38505e-133 9.91173e-187 6.40125e-175 5.43472e-322 2.1594e-122 4.25097e-90 3.91381e-114 1.12076e-238 1.16272e-189 1.17552e-181 0.217044 2.89178e-157 2.74671e-47 3.56374e-78
8.05337e-63 2.5641e-124 4.75785e-321 4.89125e-322 3.14741e-230 3.07972e-44 1.80753e-61 5.42852e-196 0.232464 7.18211e-100 1.79709e-95 5.68175e-322 5.70455e-85 1.35017e-154
1.21019e-73 9.30981e-119 2.19768e-224 4.68568e-180 1.43116e-127 0.0318756 6.97132e-178 1.51404e-239 1.99432e-132 2.96665e-281 5.68001e-30 5.23179e-175 1.32162e-75 4.36911e-134
7.21177e-20 5.14938e-48 1.37844e-321 3.43384e-201 7.50812e-162 0.0112892 1.09981e-90 1.02794e-59 8.2012e-72 1.33558e-168 1.96597e-79 1.9812e-321 3.33383e-141 1.38375e-118
7.65802e-322 1.81508e-97 4.51265e-161 9.56389e-304 2.41733e-210 1.04266e-161 4.47494e-171 9.89025e-168 8.36172e-222 4.3873e-321 1.94233e-127 0.218347 4.75198e-150 2.01497e-42
9.45779e-48 5.72519e-136 1.23887e-287 4.60156e-154 6.23686e-160 0.206105 4.26066e-161 0.000707015 1.28869e-164 6.83049e-189 2.12613e-103 5.63235e-322 7.3772e-191 6.81434e-58
2.94953e-157 1.02187e-47 1.70531e-16 9.63428e-322 2.57688e-249 1.8596e-144 4.12205e-179 0.00256087 4.60201e-193 3.3987e-291 1.32278e-132 2.33162e-44 1.07794e-150 0.118241
0.146337 2.28129e-137 1.63229e-174 5.18116e-186 1.81008e-52 3.15859e-23 1.156e-66 1.7742e-246 5.8718e-175 3.48993e-225 7.50943e-59 4.76636e-308 5.81364e-27 0.994096
1.57508e-145 1.76438e-183 1.71935e-321 2.98375e-296 1.77231e-148 0.363124 4.6228e-64 2.82124e-20 5.37767e-55 4.63745e-68 7.55084e-149 2.17185e-162 9.8642e-114 4.13848e-226
2.45387e-162 6.83101e-289 0.767783 0.23601 4.02462e-191 2.20157e-176 4.70109e-179 1.11521e-46 4.36597e-148 6.70668e-29 4.98119e-09 1.90007e-297 2.76313e-15 1.23479e-272
3.04715e-82 6.12799e-115 1.45749e-321 3.7622e-205 1.10596e-131 0.856058 6.38249e-148 5.87925e-86 8.97887e-169 7.13402e-141 4.33635e-126 4.69362e-322 2.37148e-131 9.0611e-165
1.81549e-124 0.0756255 3.55808e-204 1.86885e-308 1.765e-142 7.42302e-207 7.21202e-162 5.33157e-179 0.00732462 7.48979e-246 5.62781e-41 7.1096e-302 3.92196e-223 3.70849e-175
4.133e-14 5.17053e-194 6.46893e-273 8.94116e-97 9.71673e-168 0.104395 3.53514e-48 2.59041e-238 2.02408e-147 1.5278e-24 6.18147e-70 1.8674e-298 7.18436e-14 1.38754e-229
