1.02006e-123 2.58956e-131 1.75887e-321 1.4408e-143 3.30393e-115 5.99302e-321 1.23022e-321 5.29395e-287 2.26282e-321 1.21046e-321 1.46501e-202 2.45329e-146 7.11949e-321 2.8686e-73 0.435105 9.28265e-289 8.99199e-322
4.65607e-175 3.15825e-309 1.61559e-321 1.93875e-166 1.25701e-11 4.03158e-321 1.45749e-321 3.79442e-321 2.93743e-120 1.51678e-321 2.53542e-289 1.08633e-187 6.83329e-193 1.71935e-321 0.279813 2.41598e-321 3.42272e-274
2.03338e-75 2.67784e-321 2.85076e-321 1.73026e-272 0.228068 5.48907e-321 1.11776e-251 5.67681e-321 7.56986e-186 8.71632e-260 2.22678e-99 6.22254e-126 1.11543e-25 2.07014e-321 7.70401e-182 6.52651e-242 1.561e-78
1.3356 3.66768e-81 2.90511e-321 0.873782 2.11412e-95 1.26925e-320 2.16895e-321 7.27759e-321 1.09037 2.0899e-321 4.13632e-267 4.55798e-87 3.78609e-220 3.95747e-321 0.0409492 5.87331e-141 0.424156
7.18608e-249 1.6086e-158 2.49503e-321 3.00781e-96 3.02908e-67 5.04441e-321 2.15413e-321 9.86389e-162 5.72312e-63 4.38428e-141 8.66097e-321 1.14187e-41 9.77756e-321 6.8602e-286 8.51525e-37 0.462839 1.28951e-321
1.5628e-272 2.21153e-67 1.70698e-229 3.23843e-247 9.12964e-160 9.7825e-321 2.22639e-241 7.79201e-251 2.82204e-122 4.17514e-266 8.30524e-321 1.32854e-197 1.00987e-320 0.622562 0.0942548 4.33783e-170 1.13277e-224
3.78221e-286 0.143556 2.75195e-321 1.89113e-261 6.0757e-21 7.5345e-321 1.74405e-321 3.47252e-169 1.46372e-57 1.3473e-282 1.0591e-152 4.74201e-185 1.05631e-320 3.21604e-277 1.09589e-79 1.25215e-92 1.32904e-321
1.699e-284 5.0046e-37 3.8883e-321 3.69947e-292 1.21909e-114 2.49765e-99 1.81322e-321 0.148808 9.15069e-156 3.11287e-59 7.10562e-50 2.79773e-256 1.02173e-320 2.4308e-321 1.9628e-89 0.263091 2.82504e-185
9.72782e-65 3.71782e-73 7.37249e-286 1.17253e-175 0.752211 5.64616e-308 1.58101e-321 4.34043e-133 7.37376e-109 3.54889e-315 1.91478e-197 9.06697e-252 9.56675e-227 1.88239e-321 2.2244e-98 6.50378e-13 4.54469e-314
6.91198e-321 2.59982e-96 2.7223e-321 2.6747e-221 6.95943e-74 9.38725e-321 2.03555e-321 2.99947e-270 1.81986e-115 9.69896e-272 9.45642e-321 2.17808 0.0130233 3.0138e-321 8.30757e-93 4.63555e-162 1.36856e-321
6.84311e-166 9.02279e-44 3.10767e-321 9.52366e-112 3.75395e-24 5.57306e-321 9.66456e-291 1.13708 3.78948e-321 1.59089e-321 7.3018e-303 1.36562e-29 2.43282e-242 2.77405e-265 4.17683e-66 3.10655e-90 2.10265e-314
0.825382 0.551462 1.08126 1.87885e-79 2.99428e-181 2.95184 0.790862 4.78411e-214 2.50056e-57 0.619283 3.14364 2.66104 1.58496e-320 8.32315e-284 1.55044e-144 3.53655e-109 6.91737e-125
5.21733e-321 4.04811e-316 1.45255e-321 2.59082e-151 0.10783 3.94264e-321 1.25987e-321 3.13732e-321 2.45057e-321 2.07418e-232 1.24841e-222 1.3128e-188 4.87357e-267 5.83354e-294 7.5115e-160 8.47592e-293 1.67477e-316
2.44376e-261 2.99326e-87 2.66301e-321 1.20216e-78 8.97264e-154 6.38827e-321 1.69187e-309 4.0958e-321 2.17983e-80 1.68053e-156 4.30724e-133 4.60819e-259 2.60424 1.83792e-321 6.81736e-106 1.63671e-313 2.04673e-263
1.97849e-319 2.84971e-253 1.43773e-321 1.77784e-208 1.64878 4.03158e-321 1.32904e-321 2.43574e-321 1.73417e-321 1.39327e-321 6.59578e-321 6.45853e-305 3.23201e-247 5.1236e-172 1.04291e-201 4.99152e-250 8.64615e-322
