5.86642e-86 4.44449e-31 2.18147e-137 1.1714e-72 2.48342e-113 1.62193e-119 7.44429e-19 3.35081e-31 1.23258e-146 3.44867e-102 2.97717e-42 3.4146e-34 0.0128773 2.59973e-31 1.14257e-10 4.4907e-18 6.16687e-129 0.0305895 1.47463e-113 2.35924e-115 2.62767e-87
5.82772e-53 4.5605e-137 2.05393e-97 3.34855e-08 4.18802e-172 5.94663e-133 8.46122e-61 5.99374e-93 1.46935e-132 1.69063e-55 0.0350389 3.04981e-51 4.45954e-59 8.55189e-99 1.85839e-70 2.46041e-58 7.42743e-99 2.54516e-52 1.07732e-91 0.0644238 1.94443e-101
1.91509e-86 1.74004e-199 1.0702e-89 2.38641e-57 6.31139e-223 7.41789e-91 9.95994e-88 1.04174e-24 0.348078 5.79102e-31 0.000190119 0.00223235 0.187391 0.254338 2.62967e-92 3.14232e-17 2.18208e-16 0.106033 2.5635e-57 1.29638e-18 1.27632e-40
0.100377 1.41593e-258 6.11883e-42 2.85347e-86 1.8063e-196 5.14315e-37 0.141475 6.8763e-78 1.22503e-136 1.86512e-128 1.18385e-41 5.91199e-36 1.13248e-143 1.00053e-87 0.222188 5.51917e-69 0.358963 4.06609e-08 1.60507e-125 9.21951e-144 1.06624
4.25938e-74 5.37708e-27 3.87468e-14 4.74641e-37 4.2523e-177 1.51057e-170 5.1071e-43 3.66407e-97 3.45234e-110 9.99542e-118 6.71542e-46 0.194515 1.21051e-132 5.45857e-109 5.49956e-47 4.74636e-29 1.14427e-72 5.48549e-88 2.82437e-47 6.96321e-74 1.55175e-114
6.65012e-70 1.29452e-56 0.0508973 6.37797e-76 4.45645e-193 1.12345e-163 2.05752e-63 2.27894e-77 3.15776e-130 1.01103e-115 2.60179e-34 4.84012e-82 1.10469e-92 3.39569e-76 6.20932e-70 9.56502e-41 2.66545e-99 5.33839e-86 9.685e-114 2.52069e-137 3.50225e-146
1.57332e-39 4.99505e-151 1.43217e-158 4.62897e-24 2.80273e-83 1.27396 4.40441e-99 2.0306e-06 2.08508e-132 2.76438e-43 1.67571e-21 8.4086e-05 3.15948e-132 1.37985e-93 9.40922e-05 0.0015498 1.09729e-56 6.08425e-88 1.98161e-87 5.16521e-39 1.44299e-150
3.89904e-31 1.88638e-157 2.00333e-63 1.96671e-73 8.09104e-174 1.19631e-117 2.36902e-33 3.01209e-32 1.4987e-134 2.6441e-36 0.297905 1.78221e-25 3.05934e-94 3.40349e-32 1.64921e-25 0.120369 2.73582e-85 6.97194e-86 6.66203e-101 2.76491e-102 1.14486e-145
1.07566e-20 0.0787806 3.04544e-28 2.00892e-79 2.06467e-205 1.00341e-158 3.2119e-104 2.71394e-123 9.34365e-145 3.73279e-118 6.20915e-49 9.83997e-92 5.10009e-146 7.64035e-117 9.35343e-78 5.36317e-61 1.40198e-115 1.24835e-84 6.89922e-160 1.59046e-112 4.07267e-133
2.19148e-172 5.25698e-135 5.11478e-140 1.05251e-68 0.0953317 9.68515e-68 2.97287e-53 0.365589 8.23982e-130 2.36396e-81 2.82753e-71 0.141308 3.79447e-36 2.33455e-67 4.50165e-15 8.36613e-65 1.11646e-69 5.07009e-89 6.48015e-121 1.02049e-68 1.39441e-25
4.61103e-135 2.27203e-138 9.43856e-13 0.156706 3.35731e-210 2.62285e-44 2.02923e-86 4.24891e-73 2.0792e-168 1.58206e-68 0.124785 3.52963e-13 2.13655e-98 5.27206e-48 9.24242e-25 1.79885e-20 2.86124e-67 1.34958e-35 9.20174e-59 5.05107e-112 4.31682e-58
7.40785e-147 1.95364e-82 1.088e-121 4.62521e-89 7.28649e-205 0.606013 1.00974e-34 0.123992 4.23302e-99 0.117838 3.12011e-49 2.77192e-27 8.93124e-16 2.14571e-123 1.31282e-20 1.07129e-51 1.78999e-65 2.20179e-33 0.221024 2.08208e-115 4.2322e-62
