1.03068e-41 7.28023e-261 2.46184e-112 1.43935e-190 5.11936e-229 2.15274e-141 6.73227e-225 4.52312e-174 3.7574e-134 3.33556e-254 1.9812e-321 1.66006e-321 8.00921e-184 1.41303e-321 0.140505 2.47543e-239 1.29939e-321 2.65313e-321 6.77858e-321 1.01382e-320 1.32457e-127
2.12448e-321 3.22402e-180 1.71566e-198 2.00097e-321 3.36459e-321 1.63448e-262 0.00306005 1.67101 5.038e-130 2.44562e-321 2.63337e-321 2.47033e-321 0.962802 1.41422e-222 2.80307e-18 6.2309e-208 8.51507e-253 2.31717e-321 7.39122e-321 4.84184e-321 9.04362e-269
1.77864e-321 5.61215e-288 7.41098e-323 3.29585e-248 1.59623e-173 1.73911e-321 2.50491e-321 9.70025e-127 0.751542 1.71133e-226 3.12744e-321 2.02073e-321 9.26103e-214 1.71935e-321 3.10739e-150 2.3986e-107 5.13026e-239 2.26776e-321 3.53716e-192 7.03055e-321 9.90593e-106
4.11125e-17 0.11605 8.44618e-57 1.9743e-310 4.00193e-322 2.12448e-322 2.96439e-322 5.13606e-271 3.31024e-322 2.37152e-322 2.2727e-322 1.72923e-322 2.94392e-263 1.63042e-322 1.60819e-195 1.95262e-249 1.4822e-322 1.92686e-322 6.52167e-322 5.78057e-322 1.77864e-322
4.12221e-61 6.51673e-321 1.32854e-86 0.409026 2.43285e-41 3.05919e-318 1.1432e-06 3.08682e-211 5.03204e-38 3.42882e-321 4.24402e-321 1.87745e-321 7.80765e-14 2.34681e-321 1.32258e-140 5.11938e-230 1.92192e-321 2.5642e-321 7.66296e-321 6.85763e-321 0.451359
1.06662e-244 1.23967e-73 1.55446e-140 1.26165e-252 2.41394e-250 4.70276e-246 1.91796e-320 0.00688704 1.989e-301 2.04543e-321 2.6729e-321 9.95162e-246 2.09816e-149 2.74917e-271 0.155718 1.30968e-263 1.37844e-321 2.14424e-321 5.14322e-321 7.75189e-321 5.71471e-210
1.88239e-321 2.17664e-188 1.28133e-95 2.32705e-321 4.22207e-315 0.262653 1.65729e-186 1.98074e-96 7.10041e-72 1.27038e-292 2.23318e-321 2.61855e-321 2.46636e-274 5.2023e-209 4.06505e-132 7.46103e-246 2.12942e-321 3.46834e-321 3.45953e-261 6.62749e-290 2.94994e-280
0.491358 2.22891e-06 2.19065e-112 0.153048 9.75694e-299 2.51479e-321 0.492018 2.17365e-84 8.89813e-220 1.45621e-235 3.99205e-321 2.19365e-321 3.87206e-242 2.3814e-321 2.77094e-23 2.57017e-157 1.71935e-321 3.60174e-321 8.41394e-321 1.18675e-320 1.85358e-224
1.59583e-321 7.81612e-321 1.5316e-322 7.50352e-210 1.61282 3.6215e-321 6.13135e-321 1.50396e-30 8.13232e-321 1.34785 2.40362 1.25501 1.271e-06 0.994555 9.42838e-67 9.2151e-114 1.0631 1.73074 3.56091 5.2063 4.46904e-76
1.93536e-10 4.32637e-07 0.0537721 0 0 0 0 6.59543e-309 0 0 0 0 2.17564e-316 0 7.78698e-230 5.05978e-272 0 0 0 0 0
1.66994e-321 0.28555 9.38725e-323 2.63831e-321 4.46141e-321 0.311922 0.2465 6.47942e-115 4.67386e-321 7.0067e-163 2.44562e-321 7.05482e-181 4.6565e-177 2.57902e-321 7.25466e-111 0.733753 1.68476e-321 3.74502e-321 8.47323e-321 3.74102e-267 4.46416e-142
2.70753e-156 1.34178e-116 2.02841e-103 2.2512e-137 3.40905e-321 1.89721e-321 5.14507e-191 5.45191e-218 0.0938411 4.56448e-247 2.55432e-321 1.74899e-321 5.97023e-217 1.59583e-321 0.111882 2.27936e-86 1.30433e-321 2.18377e-321 2.08448e-253 9.10563e-321 1.40315e-321
