3.13838 0.0470875
1.2608e-25 3.68887e-31 1.38764e-33 1.78799e-22 4.62299e-16 1.5689e-41 0.0556182 1.60065e-35 3.54239e-31 3.02539e-36 5.84838e-19 2.69928e-20 4.95623e-05 3.20128e-36 4.39964e-27 6.38104e-08 3.85325e-25 3.7571e-39 5.23819e-15 7.80256e-24 5.22514e-17 0.00194325 5.14766e-73 2.53066e-16
4.38662e-39 1.27739e-41 1.0644e-32 3.0018e-07 7.79677e-12 0.0380234 0.0905569 7.33459e-36 9.46264e-27 4.04159e-54 0.00493518 0.0958141 0.0350959 2.28025e-20 0.871233 0.108437 9.05335e-12 2.08946e-49 4.35781e-31 7.17564e-10 6.65373e-12 1.89984e-25 1.49608e-10 4.21291e-21
1.04633e-29 1.25148e-39 8.11042e-40 4.42548e-25 7.11686e-34 7.70579e-51 9.88559e-29 3.03494e-28 5.35148e-20 1.33197e-40 3.97715e-25 7.52048e-35 2.39133e-24 5.39634e-53 8.43116e-26 9.94573e-31 8.93355e-26 1.19622e-41 9.52463e-34 2.29289e-40 7.31628e-39 3.10087e-15 6.72306e-59 1.0752e-24
2.07023e-23 6.66548e-53 4.65514e-09 2.58233e-12 3.98958e-26 6.22201e-36 0.126353 1.68793e-15 2.09343e-21 1.87433e-22 3.08865e-21 1.0722e-16 7.81263e-15 8.94871e-19 9.54997e-05 3.52126e-34 0.0016207 3.29645e-27 1.73876e-21 7.09913e-37 3.9114e-22 2.51128e-14 1.21402e-39 9.02975e-29
2.97432e-13 3.51887e-18 1.14173e-30 0.000368152 8.64292e-42 5.38545e-29 0.135924 8.96748e-31 1.97306e-30 1.66345e-48 3.19475e-23 7.23721e-09 1.80855e-05 1.63725e-55 1.21372e-29 1.30485e-22 0.0441215 1.17504e-11 3.93359e-07 1.85175e-36 4.91659e-47 0.152484 9.91705e-72 2.53725e-11
1.52803e-42 5.1649e-44 2.01105e-15 2.28338e-10 7.27315e-23 2.09344e-28 8.11877e-06 6.32058e-37 2.5921e-34 1.30293e-50 3.21012e-36 1.64874e-27 1.38298e-28 3.09605e-37 0.0799551 5.90301e-31 1.05043e-44 9.5244e-49 0.00334451 6.40361e-29 1.1348e-19 9.16467e-13 6.41826e-69 1.47484e-24
0.036456 7.92564e-30 4.12728e-33 0.00164485 0.704005 8.91937e-38 0.0116076 7.32153e-39 6.70806e-08 4.76577e-48 5.11451e-29 0.000227714 0.000266364 0.0405716 1.78133e-28 3.01942e-17 1.00612e-12 1.05236e-06 8.25533e-20 8.23724e-29 0.0156849 1.93548e-09 0.0759839 0.0048979
2.84807e-31 0.130146 8.96317e-32 1.17213e-18 9.50713e-33 4.30718e-05 0.0440139 0.0505885 7.91895e-36 0.152763 0.34818 1.1001e-13 0.00130241 1.49335e-39 2.908e-12 1.74779e-33 5.24783e-31 0.074614 0.00964389 0.0294387 2.1075e-19 2.82898e-14 1.06809e-06 0.000104565
0.092854 4.94818e-12 0.0414641 3.29239e-18 4.37624e-39 5.82465e-32 3.14537e-21 9.7864e-22 2.29989e-15 1.47541e-14 1.19969e-16 2.34092e-13 2.09041e-32 5.97788e-18 5.55591e-18 9.23925e-31 8.61089e-20 7.08607e-50 0.000291016 2.09919e-46 6.8376e-36 1.38086e-05 7.65734e-64 3.95848e-33
4.92641e-41 3.29268e-18 1.64025e-34 1.10228e-16 8.5176e-23 1.4484e-30 0.00186224 1.69162e-32 0.0421693 1.0786e-39 0.0416717 3.30391e-24 1.45926e-21 1.86651e-50 3.2473e-28 8.02484e-31 7.83826e-14 5.36945e-22 4.0607e-30 1.20269e-44 7.59726e-34 0.410477 4.92325e-46 7.18225e-07
2.37603e-14 1.03037e-35 2.3307e-10 0.0311776 1.4371e-39 4.17841e-55 0.000318556 1.12028e-19 8.72072e-12 9.61924e-34 3.96676e-25 1.55006e-30 3.66825e-30 1.5822e-30 7.02577e-27 3.20077e-34 3.33323e-29 2.24311e-45 1.41166e-24 3.48256e-42 1.42945e-26 4.1194e-16 5.4851e-69 2.512e-23
