1.14466e-101 2.78037e-119 2.24715e-44 3.81913e-69 4.27964e-14 5.51676e-42 1.07087e-123 2.32605e-27 9.38117e-48 2.59812e-36 4.86086e-21 4.84341e-46 8.21839e-117 0.229358 9.71908e-33 0.0437494 1.59184e-81 1.2493e-62 0.034131 8.81781e-49 0.165296 0.162967 3.96704e-63 1.06074e-21
0.0753997 0.255917 4.11405e-32 7.45678e-35 0.15482 0.0685463 0.211791 1.23686e-44 0.327626 5.72303e-36 8.22419e-08 0.44193 0.14626 1.84438e-47 2.30672e-40 5.91281e-54 0.074953 1.26807e-53 0.275576 0.000240527 8.53316e-25 3.98182e-38 0.0308731 9.36903e-33
5.02431e-39 1.02634e-38 2.77954e-49 0.0746357 5.48426e-62 1.38489e-36 2.8527e-103 5.5755e-15 4.11998e-72 1.09622e-14 1.31896e-29 2.18973e-50 5.23281e-76 0.00393873 2.32725e-05 0.000681101 3.1804e-37 2.37563e-17 0.0316557 1.3712e-10 6.04961e-25 1.25613e-46 2.74644e-86 0.10612
6.78346e-92 2.40796e-65 1.1779e-18 4.30633e-62 7.85851e-81 1.77265e-31 5.38823e-91 5.44796e-37 5.41813e-43 4.04929e-63 1.1928e-28 2.08865e-42 2.49929e-82 2.25226e-43 3.13637e-27 1.80178e-21 3.96576e-69 1.42857e-58 6.41258e-38 1.18192e-58 0.172893 9.98128e-06 3.12836e-73 8.96793e-41
1.8107e-113 2.42655e-68 1.9831e-22 1.57267e-46 6.15602e-74 8.6697e-59 4.71522e-108 9.33704e-40 2.31181e-36 4.05743e-36 1.81016e-40 1.95e-09 5.43806e-75 2.11026e-52 1.40975e-20 1.37488e-14 1.25236e-77 1.60717e-49 2.2e-52 1.2982e-15 0.238714 4.3273e-27 1.11515e-70 1.34592e-41
1.78058e-116 1.82155e-51 2.26929e-50 1.22694e-88 5.11035e-36 3.69176e-48 7.86873e-126 5.86487e-38 1.30735e-38 2.98857e-66 5.76989e-45 0.337138 2.46049e-58 8.53163e-32 2.31494e-57 0.000501563 2.52766e-57 3.09098e-27 2.85351e-32 1.32055e-55 2.3227e-23 4.76614e-11 1.03095e-60 3.67773e-14
1.62105e-69 2.20923e-33 1.44794e-44 1.3923e-53 1.46916e-45 1.87133e-55 1.68504e-61 0.247102 9.55145e-52 0.0206487 0.202092 6.61551e-37 3.74366e-103 2.31655e-11 3.2014e-40 6.72601e-22 7.50185e-27 0.194173 1.49484e-30 1.88272e-34 5.18762e-16 1.92107e-51 1.61986e-19 0.0987471
1.87374e-105 1.01933e-101 1.01891e-42 3.81349e-81 2.33464e-57 4.8507e-59 2.95624e-97 8.57349e-22 9.72402e-50 4.51673e-72 0.180481 3.95915e-09 2.15873e-110 5.41483e-45 3.6963e-41 3.58728e-45 7.38263e-78 8.23985e-47 6.58396e-48 2.83233e-42 4.90171e-26 2.41316e-43 9.57997e-64 4.43571e-54
4.15194e-102 2.53317e-68 4.40198e-45 5.32047e-59 3.30086e-71 4.80817e-50 1.53033e-103 2.1187e-39 2.46644e-66 1.59692e-47 9.59451e-20 2.10723e-37 3.34265e-98 2.03227e-51 4.81422e-57 9.40751e-19 2.1615e-92 3.82108e-61 5.77591e-43 4.43168e-23 0.243793 3.28291e-43 7.50111e-66 3.8073e-60
8.16753e-23 3.78062e-71 0.121973 8.77181e-56 3.7146e-57 4.91535e-28 4.7922e-68 2.68406e-11 1.37805e-68 3.04829e-73 3.01241e-25 4.82586e-53 9.59747e-56 1.51019e-21 0.018348 1.24333e-42 6.733e-91 1.78935e-53 2.5553e-41 0.00160174 2.98491e-17 7.92497e-45 1.13072e-32 1.58482e-59
6.43272e-109 2.63063e-41 8.3356e-13 2.3348e-14 1.18473e-88 1.68832e-18 1.14016e-123 1.35103e-44 9.81418e-39 0.00902573 6.32475e-39 8.47955e-20 1.17924e-98 1.31071e-28 1.05742e-23 1.98089e-52 5.05389e-92 1.83259e-33 1.23722e-08 0.0392225 1.07139e-41 1.363e-36 1.07965e-45 4.59027e-45
