0.0102855 0.00751877 0.00121976 0.0041098 0.0443515 0.000825512 5.34743e-05 0.00370854 0.00396718 0.00242115 2.26335e-151 3.09526e-168 6.26197e-194 2.08173e-167 1.64154e-313 2.16263e-220 5.50294e-232 3.05996e-131 1.70535e-120 1.19044e-160 1.70968e-157 6.91008e-119 9.69535e-172 1.38149e-148 2.09711e-113 1.68154e-201 6.2017e-142 2.09827e-172 1.20069e-139 3.19691e-111
5.85794e-37 1.09685e-18 2.19532e-10 5.21524e-107 1.71659e-163 1.63587e-101 8.63364e-52 8.06707e-42 1.56297e-62 1.70728e-150 0.0620943 3.59256e-107 1.18329e-112 3.56257e-152 5.32621e-265 0.236131 4.55724e-161 0.208757 7.78244e-73 0.590139 2.3685e-98 0.531932 0.124767 1.74321e-65 7.41628e-44 7.69947e-196 0.1539 0.000411122 0.0793217 1.57936e-29
5.31146e-62 1.15442e-36 2.15204e-91 7.03509e-69 1.82805e-103 5.38376e-31 5.98082e-111 1.44301e-86 1.37809e-91 7.16597e-156 1.27454e-57 1.47332e-73 0.0978787 7.75401e-126 1.0034e-279 2.12023e-33 4.87189e-165 2.71363e-59 1.13707e-112 7.15612e-29 5.43793e-128 3.59519e-87 4.94646e-67 6.31789e-114 4.15809e-113 1.65147e-117 1.07862e-66 6.57644e-28 6.45726e-115 4.13087e-92
3.63508e-70 5.58467e-55 1.07055e-09 2.49053e-12 6.74044e-23 6.76298e-43 3.99039e-90 1.69447e-90 0.000237198 2.54171e-83 8.72619e-145 9.49072e-140 7.80659e-102 2.62522e-131 1.46504e-155 1.34606e-195 5.71773e-191 1.36159e-120 2.07488e-49 5.77492e-77 1.08143e-65 0.162322 3.91222e-171 1.12249e-128 2.65827e-69 3.73092e-109 3.19304e-140 8.70158e-86 1.22519e-125 0.844946
2.48802e-90 1.08744e-115 1.16952e-72 1.98383e-48 8.50421e-156 9.5399e-18 9.69944e-86 3.28876e-124 1.02124e-35 1.42163e-107 2.70067e-13 9.84671e-167 2.05719e-139 1.8968e-165 5.01688e-242 4.5029e-15 7.87692e-122 5.82313e-110 1.90646e-101 1.95287e-91 3.68944e-07 4.21846e-06 2.29365e-53 4.39092e-20 0.295779 5.74062e-29 2.17109e-135 1.61514e-109 7.27119e-47 9.6832e-87
7.1115e-92 4.30762e-33 4.18677e-24 1.77418e-52 5.94913e-201 1.55255e-55 5.32109e-05 8.72778e-148 4.1897e-43 9.9251e-163 8.30319e-124 0.139982 1.98413e-125 3.67387e-57 3.01211e-279 1.27971e-128 3.19225e-32 2.75092e-103 7.86874e-85 0.00056099 0.0643164 5.15432e-67 1.74772e-35 4.68331e-24 1.05146e-74 4.42226e-05 6.69683e-69 6.12389e-12 1.13063e-119 9.67183e-61
3.34258e-40 7.66985e-43 1.61113e-49 7.56564e-232 1.01248e-108 3.58489e-123 4.46435e-158 2.92129e-18 3.77663e-116 9.69656e-31 1.69065e-62 2.18083e-141 7.42336e-82 0.206491 0.503523 1.25733e-52 2.04203e-169 9.45296e-97 3.98511e-88 2.41125e-97 6.38677e-98 1.8383e-12 2.33979e-55 1.24144e-104 3.15386e-06 3.01792e-41 2.81996e-132 0.544764 4.57324e-53 2.70309e-72
1.90443e-98 1.13518e-23 0.000513154 8.89742e-50 3.21913e-100 3.10157e-73 2.28936e-39 3.45166e-64 2.00949e-132 3.80945e-18 2.04879e-108 4.0211e-165 7.82639e-41 2.2514e-130 1.11691e-196 3.15661e-45 2.86102e-151 6.56474e-89 2.57714e-96 6.90379e-124 1.71699e-24 9.10064e-27 3.07824e-128 3.4043e-25 5.7235e-115 1.17803e-66 1.69338e-89 2.69796e-26 1.03731 9.0376e-42
4.88908e-124 2.5491e-75 6.14276e-57 4.42728e-69 1.00236e-162 2.71966e-85 1.26671e-70 5.01793e-53 4.29208e-130 3.43527e-124 3.07681e-150 9.93499e-51 8.24378e-175 3.58557e-128 1.51956e-305 5.18898e-93 6.0418e-145 7.94363e-51 3.23031e-25 8.76558e-110 6.51356e-145 1.09167e-97 9.38238e-83 9.48247e-116 4.75768e-74 9.24706e-81 3.21908e-53 6.20128e-42 4.43023e-113 0.407929
3.166e-34 1.38762e-22 2.39497e-116 3.37803e-104 7.3062e-185 1.07961e-92 5.39254e-37 1.47612e-15 3.5541e-79 7.39016e-123 7.20589e-123 2.83043e-144 7.38147e-143 4.56838e-104 1.06225e-176 2.96213e-14 9.52699e-118 3.43216e-110 0.332822 1.12056e-98 2.88473e-84 1.7863e-65 1.66277e-142 7.52767e-14 9.35275e-91 8.69046e-24 1.87779e-19 1.19125e-09 3.60923e-91 4.59487e-36
7.47087e-55 5.09393e-45 0.1481 4.47115e-38 2.58661e-66 2.5209e-05 3.07256e-45 1.81723e-21 2.23445e-157 1.40224e-143 1.20032e-41 1.27647e-07 2.13291e-23 4.74319e-105 1.09762e-109 1.48081e-140 3.43741e-36 2.71182e-96 6.45865e-82 2.07366e-29 3.1566e-59 1.43903e-15 4.02217e-166 3.20529e-31 8.50355e-81 8.24196e-77 0.0467119 1.7467e-62 9.65351e-122 9.0759
1.32862e-79 1.2922e-80 2.80756e-39 1.30637e-103 3.58749e-69 2.34904e-75 0.104309 6.68852e-102 2.64833e-85 1.24698e-91 3.03461e-75 1.43104e-96 3.25302e-133 1.80982e-143 1.37942e-126 2.72577e-82 1.05514e-155 3.91497e-134 3.07477e-75 1.01891e-136 6.08702e-95 0.0552492 5.60235e-125 3.78334e-63 0.00796235 6.3791e-144 2.3116e-78 4.01183e-22 2.32509e-63 1.9904e-53
6.72244e-14 7.69852e-69 1.87322e-137 2.27038e-150 6.37045e-75 2.26482e-07 1.97333e-73 1.1027e-141 1.83625e-148 7.85418e-81 4.50292e-75 4.52811e-150 3.08169e-27 1.92819e-59 1.65706e-238 1.27081e-183 0.37677 4.33732e-60 1.35226e-76 1.7786e-125 2.35294e-120 1.80789e-91 5.29682e-66 2.4671e-40 0.362641 0.25094 5.10146e-41 4.65193e-141 8.51595e-120 3.73857e-33
1.94216e-82 7.74949e-25 2.86046e-108 1.34425e-49 2.78804e-64 3.84249e-46 5.61036e-85 5.21775e-107 4.23625e-122 1.50702e-167 5.62504e-33 3.89152e-137 8.88018e-184 8.6892e-116 9.3297e-302 1.45722e-161 6.96679e-59 5.07688e-95 0.555545 4.31861e-57 0.141218 3.71008e-104 4.16433e-137 1.13325e-106 9.49158e-59 3.00683e-171 2.53177e-55 5.60611e-25 4.80013e-09 6.64363e-58
3.37081e-44 9.92151e-52 7.807e-68 2.23075e-24 6.63998e-43 5.97846e-66 7.44793e-82 6.47064e-52 1.42449e-128 2.64683e-51 3.30075e-10 1.92789e-97 5.93655e-136 1.20275e-156 6.98293e-199 1.04655e-163 7.3243e-102 1.07146e-125 1.57372e-35 1.08242e-88 9.62903e-128 1.43361e-117 3.15706e-66 0.0406762 1.68598e-15 1.0965e-30 1.22247e-17 3.17607e-162 2.27212e-16 0.071809
