6.81735e-102 1.11183e-87 4.13997e-138 4.16252e-37 9.21324e-105 5.01592e-07 4.15958e-94 2.8593e-60 1.36511e-84 1.31287e-109 3.03372e-115 5.08952e-68 8.91873e-56 9.22734e-166 0.00431065 2.38884e-72 1.34615e-46 1.2001e-165 1.48051e-35 2.38903e-98 2.54534e-18 4.33194e-93 2.88768e-191 8.26276e-187 3.56169e-92 3.63439e-09 8.43639e-31 1.76299e-55 0.0751202 0.0783138
1.63479e-09 1.12392e-105 2.93463e-120 1.72212e-112 3.25989e-105 4.37713e-200 5.60587e-92 6.59783e-92 1.16374e-153 1.28954e-25 3.31177e-65 5.94627e-63 8.99377e-57 1.19759e-27 7.06658e-114 1.95858e-28 0.0988007 6.59685e-104 4.42197e-45 0.213378 6.7239e-15 2.50418e-99 1.93494e-86 1.81222e-48 3.08385e-34 2.10015e-123 4.33726e-174 1.91657e-69 7.06322e-114 2.59747e-42
1.79405e-49 6.63829e-192 7.47352e-10 2.61656e-85 2.69118e-87 5.2685e-10 6.57722e-55 0.00270483 6.34626e-158 1.8396e-10 9.97269e-144 3.48733e-09 8.45349e-73 2.50264e-14 8.44904e-53 5.26779e-141 2.35516e-102 7.65491e-78 2.00022e-116 0.507566 5.16222e-99 1.0905e-20 2.1684e-214 1.90641e-134 5.22842e-59 1.0767e-28 7.20761e-198 0.000872098 1.62616e-48 1.35868e-51
0.000682185 0.00082636 0.000236724 0.000153664 0.0040712 2.24956e-05 0.000119394 0.00288756 0.015881 0.00135496 9.6113e-195 1.31741e-71 5.43123e-141 3.29927e-176 1.77793e-151 1.06107e-199 1.50943e-119 7.16937e-193 1.30833e-131 3.60213e-123 2.98864e-195 9.09762e-142 1.07219e-227 5.72707e-198 3.46422e-210 3.17542e-191 1.39239e-210 8.82128e-118 6.56033e-133 4.44421e-216
2.58242e-46 6.49504e-208 8.17638e-123 8.53413e-141 1.42786e-93 6.7571e-141 6.92343e-218 3.63308e-105 2.82878e-30 1.99667e-25 1.22898 6.93585e-31 1.84976e-66 0.00604808 0.267227 0.425225 1.51985e-113 3.72386e-55 7.42173e-61 1.61431e-100 2.39319e-73 0.244375 1.33415e-159 1.06198e-101 2.29739e-102 2.24671e-113 0.273523 2.76673e-99 8.69006e-89 3.2678e-119
7.2163e-15 5.80627e-26 1.26272e-133 1.10902e-32 1.12517e-114 1.10233e-13 1.94757e-115 7.88361e-55 2.80635e-146 2.29606e-92 3.71688e-146 5.84523e-37 2.74244e-122 2.37944e-34 3.6612e-126 1.0014e-178 3.46768e-104 1.17378e-132 1.86253e-105 2.70625e-21 0.127427 8.57561e-101 1.22454e-125 3.47957e-118 1.58672e-126 1.78614e-122 6.55198e-178 0.0697533 1.39998e-33 0.24354
1.00882e-09 3.8549e-81 1.27985e-27 1.94556e-38 1.52289e-32 5.54935e-70 7.34768e-39 5.31809e-77 4.29014e-111 4.54559e-134 2.61698e-119 0.13233 9.17684e-100 4.10937e-165 6.06076e-142 2.47222e-111 1.69014e-51 1.3006e-79 9.38594e-73 2.577e-107 3.89006e-188 1.14479e-59 2.72215e-79 2.66843e-138 8.18904e-112 3.01709e-128 2.57134e-206 9.34323e-48 4.53877e-39 3.32519e-95
6.92891e-41 4.99391e-151 3.59255e-96 2.94597e-106 1.06395e-22 4.27948e-09 0.00642829 1.79416e-25 4.79393e-22 2.55639e-59 2.38198e-189 0.561565 7.7023e-25 0.0540005 3.91822e-90 8.79046e-116 1.8107e-117 4.79088e-29 0.366704 3.23734e-61 1.20783e-57 5.55387e-26 2.00947e-137 4.31706e-79 2.26389e-68 2.5501e-131 5.58101e-200 1.93387e-59 2.93785e-39 0.0716964
0.00463027 1.65983e-05 0.00130413 0.000604834 0.000931455 0.00205873 0.00122471 0.000194103 0.0205699 0.011924 8.48963e-196 3.36179e-72 1.83268e-141 2.20066e-176 1.1518e-151 8.81792e-200 7.77577e-120 9.91017e-194 4.25006e-132 2.06009e-122 1.9644e-196 1.18037e-142 4.41406e-228 6.00727e-199 3.96516e-211 4.1461e-192 1.74539e-210 9.95245e-119 2.27875e-132 1.65724e-217
1.06335e-98 2.92003e-58 1.02791e-18 5.32579e-99 6.92094e-17 1.09155e-49 5.27476e-127 2.33138e-59 1.10372e-210 5.70867e-202 0.747341 3.44188e-40 8.81969e-37 1.07373 3.2119e-92 1.71672e-66 0.449731 0.235819 8.08091e-09 8.02284e-36 9.69385e-115 1.80379e-122 5.35677e-186 0.197933 0.17193 6.19882e-157 1.53921e-118 2.57476e-09 1.12343e-100 3.28183e-108
8.82057e-144 1.89187e-151 3.74072e-79 1.98058e-11 1.24384e-20 4.65293e-23 3.99434e-27 6.24539e-41 2.16453e-200 1.01614e-162 1.16673e-100 0.927133 3.14151e-121 8.93121e-107 4.57481e-06 1.68092e-127 1.45982e-69 1.78564e-66 1.25823e-102 0.014451 1.09658e-176 3.03546e-83 1.81762e-178 1.35783e-135 9.74632e-81 3.80762e-88 2.88611e-63 3.35579e-88 4.8227e-117 9.21891e-191
6.89822e-83 1.77353e-154 0.00270382 4.57039e-136 3.94641e-40 0.00046639 2.62801e-143 1.29028e-43 8.76285e-79 2.15377e-33 5.97375e-131 0.532128 6.94916e-34 1.53275e-11 8.85933e-21 3.13744e-30 4.8133e-82 1.45861e-118 1.26202e-16 1.36374e-53 1.87555e-76 0.0134248 0.171254 6.00147e-162 4.3297e-80 0.0245433 3.82443e-19 1.17326e-47 1.07963e-93 4.15289e-47
4.23875e-132 9.06941e-41 5.73558e-30 1.2472e-78 1.03119e-41 8.09935e-171 1.97072e-80 1.4447e-10 4.71782e-131 2.40339e-130 1.31725e-74 2.52287e-39 4.50281e-18 2.34697e-55 2.29678e-116 1.889e-158 0.318421 1.21982e-52 2.62836e-58 3.74238e-102 4.09763e-50 3.19981e-107 4.91536e-86 2.69888e-154 1.4139e-164 1.43291e-150 2.38468e-149 1.16684e-63 2.22828e-31 9.50568e-43
1.37363e-48 5.85712e-29 7.15633e-31 1.12627e-78 2.2994e-88 2.6769e-114 4.61255e-110 8.46299e-66 1.31981e-137 2.8726e-131 7.89073e-44 1.31738e-22 0.17198 8.84259e-65 1.6806e-12 4.50986e-179 0.102354 2.61681e-148 1.66774e-123 7.16768e-46 2.37996e-145 2.37686e-48 1.9833e-82 1.81743e-122 1.14178e-105 1.02493e-52 6.45515e-83 3.91291e-102 2.40686e-57 3.64952e-114
3.08333e-117 2.81037e-17 1.11069e-60 5.49944e-46 7.33898e-09 1.10653e-201 8.3661e-100 8.2454e-35 2.58668e-110 1.52507e-146 7.17019e-119 9.47546e-64 2.8767e-80 2.08406e-64 8.1246e-68 2.67506e-109 5.51753e-74 1.75526e-151 1.03305e-44 3.34885e-117 3.04565e-127 7.44887e-31 7.46079e-219 8.39683e-130 1.31833e-96 0.399902 2.04778e-131 1.08672e-66 9.26755e-13 2.27052e-115
