2.21192e-120 1.66296e-49 4.87892e-117 5.73268e-34 6.74116e-156 0.517266 1.02257e-67 1.39322e-166 7.53759e-107 3.74904e-171 1.28537e-22 3.97638e-109 1.11776e-197 1.02299 2.3912e-128 8.42723e-58 1.34719e-133 1.60758e-191
4.83123e-12 6.89552e-51 1.90781e-88 4.71834e-116 6.76471e-179 0.0534379 1.94525e-132 1.24274e-82 4.08809e-101 2.43334e-210 1.52846e-58 7.19053e-82 6.5468e-197 5.38366e-60 2.73931e-38 1.60825e-90 1.90616e-160 4.61181e-154
2.38534e-15 2.87321e-79 1.8266e-81 5.70128e-58 2.13421e-182 3.84769e-35 4.05602e-154 2.14036e-61 2.06025e-97 8.73324e-117 0.246588 1.36846e-150 4.96001e-305 3.33042e-29 4.79804e-114 2.55206e-10 1.76859e-168 3.53103e-203
1.02363e-43 2.06629e-123 1.51328e-66 6.58362e-117 1.26006e-213 1.98893e-45 3.28308e-160 1.61995e-30 4.70785e-80 7.16845e-116 0.213357 1.2472e-114 1.48367e-230 3.60775e-114 0.0116221 6.81792e-126 2.31525e-181 2.75128e-189
4.64515e-150 3.08797e-184 4.35599e-78 9.25244e-111 8.08906e-166 0.309806 2.1135e-143 2.88847e-72 7.27298e-156 4.83622e-103 1.66388e-38 2.83613e-35 1.57674e-310 8.5117e-69 1.1277e-27 3.38002e-77 3.09891e-222 1.20247e-169
0.0225959 2.10874e-12 0.0224693 1.56874e-146 2.6602e-231 5.64709e-69 1.00007e-205 5.79461e-167 1.29961e-180 1.69078e-220 2.27793e-78 4.59868e-140 1.67488e-321 3.38565e-112 3.08377e-174 5.8955e-133 1.43425e-244 1.04494e-235
8.24973e-204 1.48357e-247 1.79316e-70 3.19567e-07 5.19405e-61 7.68568e-24 5.39656e-119 0.323196 0.248094 1.52987e-205 3.13491e-67 8.6623e-28 7.33995e-128 5.20721e-89 0.334412 0.352722 0.175451 9.5366e-188
8.78613e-17 0.038778 4.48408e-10 5.47983e-155 1.31303e-221 1.04029e-66 3.62271e-205 1.42864e-155 6.22894e-172 1.87167e-213 5.61531e-73 5.87302e-145 9.03878e-308 2.27352e-103 8.11041e-168 1.55577e-118 8.02446e-247 9.50977e-234
1.31816e-49 3.95669e-09 4.35375e-23 3.84138e-60 2.96569e-122 1.2136e-54 2.80319e-115 1.16864e-74 9.22736e-122 1.55186e-117 0.412779 5.0039e-65 1.44492e-293 4.82996e-33 8.097e-124 4.48455e-63 6.60012e-204 5.40347e-226
4.6499e-83 6.96476e-167 6.27467e-113 0.260047 0.473595 3.9083e-50 0.284209 1.69438e-114 1.93991e-184 0.3156 7.2249e-69 0.173714 0.126971 0.558197 8.73387e-27 4.52359e-12 3.2596e-171 0.378678
