1.96218e-114 5.86812e-67 3.11483e-32 1.27192e-68 0.0438192 4.95856e-49 1.12243e-121 1.91992e-116 5.52046e-39 2.51529e-109 5.56799e-77 1.48482e-51 5.44576e-156 1.02831e-121 1.14018e-37 8.34543e-174 1.93317e-62 4.02173e-65
2.67277e-116 7.20582e-39 2.67092e-41 1.08357e-104 0.0714561 1.44962e-33 1.91173e-142 1.91621e-121 1.95647e-08 1.58332e-31 3.23754e-44 0.206804 2.92344e-160 0.189125 6.53754e-61 4.49765e-131 9.10788e-84 9.5799e-71
3.19964e-64 1.95152e-22 8.56902e-67 9.23157e-51 1.69228e-07 1.52378e-108 5.04236e-138 3.31062e-151 1.57828e-76 2.0801e-87 5.27036e-33 1.14152e-43 8.08539e-165 4.56969e-110 0.149081 8.48126e-115 4.47869e-60 3.5021e-70
3.87068e-35 2.23385e-12 8.80765e-54 1.43317e-109 8.23139e-125 5.53978e-63 4.81145e-29 1.02856e-85 1.54058e-23 5.98832e-71 7.1799e-51 0.0257306 2.65174e-19 2.1867e-99 7.31056e-59 1.9312e-205 1.81057e-09 4.60169e-25
3.7347e-217 3.65203e-136 1.46413e-57 0.251584 0.0454455 1.49383e-07 0.0813736 0.164524 3.07492e-76 3.32041e-97 1.17687e-62 1.12938e-32 0.204071 4.23063e-41 4.83801e-59 0.443039 9.01332e-83 0.253128
8.2071e-07 7.75115e-39 2.48323e-87 4.93046e-58 7.82597e-109 6.15512e-24 2.9301e-62 5.44708e-165 3.5586e-34 6.29604e-18 1.64667e-70 1.66075e-84 7.77904e-172 0.0425669 3.23353e-28 6.89859e-61 8.00178e-78 3.66152e-119
0.000989394 0.00161051 0.000572087 6.77675e-117 6.3376e-127 3.08808e-113 9.31716e-153 2.1347e-177 1.37538e-104 8.19586e-124 1.50566e-101 2.63538e-136 1.21873e-174 6.85923e-131 1.34714e-76 1.01569e-222 2.41467e-98 6.51136e-152
5.61834e-119 3.00945e-80 3.86399e-16 1.41292e-60 4.48447e-25 8.96682e-63 1.61542e-147 5.93784e-70 0.235873 1.10905e-39 8.51351e-82 2.73819e-120 4.37139e-104 3.3084e-92 0.017527 1.45315e-114 1.79504e-29 4.17516e-137
9.17267e-90 4.25388e-32 2.88616e-29 3.22522e-86 8.64165e-82 0.26567 9.82872e-136 3.58383e-58 4.1987e-31 0.0926128 0.0704937 1.46346e-30 7.24012e-46 1.18977 1.16258e-71 9.90855e-178 0.0991783 2.88963e-141
2.8228e-148 2.43028e-37 9.34853e-13 8.8964e-105 3.45253e-20 1.61223e-65 7.62713e-138 5.84476e-85 0.24917 8.89449e-90 3.45388e-18 0.0532349 1.01217e-168 3.55288e-16 1.44136e-50 1.88153e-181 3.35597e-96 3.41887e-70
