2.21656 0.192778
2.0703e-21 7.45303e-79 3.63084e-148 3.1218e-160 1.26895e-07 3.80269e-05 1.10882 6.94007e-45 3.02586e-48 9.38074e-08 4.12329e-56 1.30094e-94 1.18608e-157 0.0471552 1.25494e-108 3.21463e-178 4.26338e-185 1.04255e-95
1.32333e-78 1.6448e-232 1.78561e-63 8.19805e-166 1.85491e-06 2.04761e-96 3.9062e-50 1.17151e-55 6.10942e-111 0.0631625 5.00063e-159 2.89668e-81 1.05951e-222 1.77045e-38 2.07218e-182 0.088522 1.19836e-120 1.55967e-192
2.52771e-23 2.92218e-09 4.47376e-156 1.27071e-106 4.49757e-77 5.32894e-15 9.53373e-194 0.0914038 2.70987e-48 2.34851e-25 3.2442e-10 3.03564e-16 6.70372e-113 5.74942e-170 5.84829e-182 4.38127e-209 5.4004e-154 2.3419e-260
3.26435e-08 1.88671e-214 5.13795e-196 2.9434e-97 1.30303e-59 1.99021e-109 1.38142e-152 7.26372e-20 2.49039e-75 0.0804987 2.41822e-69 6.31161e-123 2.39741e-169 3.84472e-36 2.26515e-50 6.9546e-29 8.34013e-123 2.5788e-214
0.0032898 0.000162195 0.00774227 0.000607381 2.01096e-05 7.11283e-05 2.17438e-197 9.63212e-173 5.84918e-207 1.19179e-120 4.6979e-226 1.74205e-189 1.4775e-227 3.57162e-201 6.99441e-193 5.90397e-223 3.62788e-244 5.52851e-271
1.31505e-07 2.97739e-13 1.12e-204 6.59861e-160 2.84845e-128 3.79239e-49 3.59494e-187 7.49653e-102 8.85928e-67 3.87815e-06 6.35077e-212 0.095993 1.53843e-163 0.152935 6.13832e-34 2.30271e-109 1.08189e-196 1.89504e-87
1.30623e-151 3.10206e-210 5.96792e-123 1.45871e-150 3.53011e-140 0.000196765 0.000504949 4.52771e-138 2.67422e-16 0.000995186 0.000275982 1.18168e-122 9.62529e-13 0.272652 1.30027e-62 3.3687e-170 5.4784e-119 1.4939e-219
6.59488e-06 5.63682e-16 3.43278e-11 7.58668e-15 0.00380205 7.43125e-14 8.60254e-177 5.93234e-156 5.62009e-180 6.31752e-107 2.4594e-214 5.90976e-187 5.49261e-202 2.62799e-202 1.42867e-175 1.71414e-215 1.13303e-239 1.10985e-254
1.39446e-121 2.56794e-198 6.32757e-10 1.66134e-146 1.74959e-181 0.00102838 2.97928e-157 3.41182e-76 0.0526407 1.46821e-15 2.07247e-106 2.93259e-17 8.25724e-38 1.51613e-158 5.70364e-103 2.76622e-171 3.74022e-31 2.55754e-161
9.18505e-59 1.54498e-10 8.6815e-60 1.70156e-06 1.03725e-94 1.27985e-63 3.65455e-40 6.57527e-127 0.0258417 0.000908641 3.12006e-40 3.08819e-90 0.488365 2.1848e-77 3.77335e-117 9.9285e-10 1.03928e-101 5.18642e-154
2.66284e-133 6.11801e-22 1.68551e-34 4.30763e-46 1.37161e-33 1.06613e-136 3.77034e-51 7.18052e-63 0.0268363 2.11731e-08 2.50526e-128 3.27523e-171 8.40918e-104 0.0651117 8.36437e-165 5.79729e-31 6.58115e-213 3.06569e-17
1.21655e-116 7.21909e-40 2.23683e-139 0.0136446 3.53824e-98 0.00990481 3.09907e-122 0.65416 3.68115e-154 8.91739e-90 1.22261 2.56044e-36 3.89722e-37 1.87087e-156 8.40682e-98 8.46051e-124 0.141893 1.70207e-156
1.00295e-144 3.35629e-254 2.19342e-215 7.04118e-56 7.55373e-110 2.4573e-171 0.144816 1.9715e-108 3.73358e-167 2.07806e-39 2.82243e-94 3.21187e-59 1.04853e-79 4.6053e-153 0.422462 9.72515e-52 2.40692e-242 0.123973
2.92398e-98 2.92944e-54 1.63136e-189 3.45847e-146 4.86524e-178 0.071049 3.26805e-179 1.03965e-155 2.42429e-124 8.92328e-45 5.27222e-30 0.00556507 1.45251e-173 3.95128e-75 1.14313e-168 1.07786e-94 5.36403e-182 3.38005e-182
7.29485e-118 1.6318e-69 4.91252e-72 2.21112e-124 3.0604e-08 2.30476e-71 3.80166e-156 2.29986e-128 2.941e-183 4.88017e-09 2.82269e-128 1.93204e-77 1.17676e-175 6.41098e-168 1.38679e-155 0.232445 4.29842e-178 1.07153e-192
5.64378e-37 1.43041e-128 3.23865e-80 8.71698e-71 5.94311e-08 3.49236e-113 1.67128e-80 4.23886e-128 3.37828e-194 1.4945e-41 1.35833e-52 5.82282e-160 6.75371e-53 0.764573 8.33753e-21 3.19097e-116 9.90477e-62 1.21963e-153
