9.59824e-07 7.56494e-50 3.30188e-35 2.6637e-49 2.2915e-69 9.68799e-14 4.13395e-51 1.51313e-129 5.00084e-48 5.31882e-40 8.41518e-157 0.975092 7.824e-144 4.60358e-35 2.04638e-34 3.47476e-63 1.08982e-84 3.27345e-170
7.33033e-06 0.0286721 0.00920594 1.77494e-16 2.82203e-08 1.09337e-11 5.28994e-153 2.71362e-156 4.42709e-103 1.26108e-84 3.09908e-170 1.50987e-69 3.03239e-163 1.46113e-120 3.83475e-85 7.00071e-87 1.32165e-84 6.46e-175
1.99414e-32 2.16568e-21 7.01653e-12 0.073759 3.80149e-21 0.016436 1.43643e-126 2.48683e-168 2.56669e-109 1.47544e-65 2.03136e-152 5.96667e-47 6.27155e-171 9.02178e-94 1.73752e-89 2.23076e-67 6.31162e-65 1.44247e-178
2.22779e-116 1.16662e-124 9.6148e-77 1.00217e-47 1.1321e-170 2.89109e-110 1.03727 0.393482 3.61795e-24 5.61782e-51 1.11136 0.276314 0.107697 9.77783e-42 5.31261e-49 2.76757e-40 9.70652e-64 0.278643
7.4742e-35 1.47372e-33 2.48421e-96 6.34771e-64 1.59385e-91 9.67243e-28 4.19863e-142 3.47332e-73 2.83656e-27 0.00118771 9.07036e-134 9.51517e-20 1.13038e-149 1.93276e-95 0.0334759 4.1702e-18 1.98858e-43 2.34923e-183
1.79461e-46 1.77149e-74 1.541e-20 6.67626e-90 3.4124e-37 7.57029e-82 4.35851e-79 3.40396e-159 4.96934e-106 1.94544e-48 1.90467e-183 1.04134e-40 3.81635e-116 4.31327e-100 0.230063 1.29355e-56 5.03096e-34 4.77462e-180
3.31327e-61 3.53208e-84 2.94384e-13 1.1924e-60 2.67005e-70 7.50923e-94 0.224125 1.22721e-59 0.184479 1.38327e-21 1.22521e-161 1.68787e-28 6.91408e-175 2.27823e-85 7.40554e-71 1.49405e-55 5.86681e-80 1.51915e-177
1.37702e-106 2.95329e-14 1.23574e-104 7.50199e-75 2.10881e-14 1.60757e-51 2.94704e-115 2.19463e-128 2.90296e-25 2.771e-31 1.35445e-84 2.34043e-70 1.81906e-94 3.24465e-65 3.29609e-33 9.29267e-67 0.135705 1.87401e-144
1.55311e-24 3.23295e-69 7.32472e-148 3.01332e-98 3.3496e-103 2.37082e-52 0.00123549 3.81597e-42 8.98396e-63 0.167177 3.54758e-111 1.00284e-59 3.31606e-75 2.17874e-46 1.26391e-13 1.00125e-41 1.42843e-70 2.01585e-150
1.67741e-38 7.28714e-13 1.15292e-114 1.00071e-89 1.83892e-54 1.32145e-76 3.51292e-60 3.45277e-127 3.18436e-93 2.54474e-44 2.46476e-165 2.35168 2.90655e-128 0.0731775 0.00318116 4.91705e-47 6.76587e-86 7.68945e-122
2.03032e-12 1.78903e-24 5.99911e-49 3.90788e-25 4.5953e-63 3.09522e-79 1.60793e-102 3.17973e-159 1.36225e-55 7.19531e-77 1.93555e-162 2.45997 6.73571e-157 7.07884e-80 6.52185e-25 1.16669e-49 2.8294e-40 4.05309e-174
0.000811335 3.46073e-17 3.95919e-57 3.72436e-34 2.38991e-49 2.15531e-77 2.3419e-86 1.3758e-112 8.61789e-62 1.96138e-15 8.30415e-168 0.756071 2.74217e-121 3.14511e-118 5.94153e-20 6.07819e-61 6.1838e-89 3.55036e-143
0.0676603 5.10843e-31 2.09144e-83 5.76897e-35 3.80431e-48 2.15333e-68 3.48959e-106 7.85336e-158 3.66684e-94 1.43357e-36 4.19466e-174 5.01963e-37 1.32139e-171 4.98167e-49 7.12689e-21 3.9627e-55 1.56637e-37 2.14454e-119
7.78346e-86 1.06651e-38 7.65233e-46 8.73302e-51 3.40099e-76 3.995e-25 1.36782e-84 1.64342e-101 1.03502e-90 4.87469e-49 6.18615e-95 1.97781e-25 2.49903e-143 2.9513e-21 9.13911e-28 0.0274958 0.0868382 1.95188e-111
7.17727e-60 1.95485e-36 2.36162e-37 5.89445e-58 2.9958e-54 3.51527e-20 2.47034e-126 4.59719e-106 8.82585e-46 2.42588e-44 5.67958e-186 1.02144 1.0659e-129 3.47829e-26 1.15697e-46 5.11135e-60 2.84698e-11 1.5524e-136
1.53602e-31 4.14717e-87 3.02722e-112 4.32598e-48 6.01649e-24 1.0973e-06 5.7702e-47 3.77886e-114 2.80418e-53 3.58496e-10 5.19815e-148 3.93698e-38 7.81101e-150 3.3049e-111 3.58593e-60 4.81156e-76 0.0976935 2.60595e-172
