7.02512e-251 1.06411e-107 7.66008e-160 1.56762e-43 7.60698e-244 4.27621e-114 6.32706e-78 1.51184e-321 1.38512e-168 1.59752e-44 4.74225e-134 2.31671e-142 1.68739e-155 1.72753e-250 7.29452e-132 2.00118e-16 0.319184 1.79318e-155
1.16443e-154 9.59576e-158 1.28315e-157 5.18893e-60 1.80501e-95 4.09091e-119 0.0970908 1.07212e-321 4.70069e-149 1.3759e-280 2.22307e-50 1.25424e-142 3.15874e-25 5.79345e-130 9.52904e-141 1.2682 5.42161e-213 4.72615e-184
1.27473e-223 1.24974e-77 0.0245313 4.27164e-73 4.3582e-82 2.35218e-203 3.77565e-36 3.424e-303 9.99501e-129 8.09055e-205 5.59705e-266 3.20488e-222 5.06743e-106 1.19389e-114 2.50557e-148 0.0208508 3.50762e-82 5.45504e-134
5.24508e-68 9.67243e-103 5.14035e-130 5.65451e-117 7.11957e-140 8.25843e-180 2.32049e-157 1.10177e-321 5.8525e-73 4.75795e-137 2.62537e-149 3.19474e-162 7.47746e-118 9.76805e-180 8.52131e-81 0.470705 5.06291e-215 4.77435e-303
1.14472e-240 1.25968e-67 3.52824e-124 7.88164e-15 3.72986e-17 8.02528e-236 1.0333e-114 9.88131e-322 1.74168e-25 4.50489e-303 8.26986e-128 1.35079e-26 0.340663 3.41212e-210 4.48694e-117 4.32689e-149 2.86285e-110 4.69828e-145
2.76039e-198 8.38239e-162 2.20914e-13 4.32833e-126 1.22684e-47 9.67257e-208 3.1035e-78 1.14129e-321 2.57484e-165 1.49343e-270 1.04045e-208 1.80935e-109 1.55079e-17 7.63099e-139 4.58543e-110 0.254178 1.59e-251 1.30009e-185
4.6823e-281 1.76349e-245 1.25988e-82 2.49209e-225 9.35085e-93 4.89386e-51 4.37139e-38 1.54148e-321 0.445781 6.50678e-49 1.14533e-170 7.24594e-191 2.64114e-27 0.156032 2.12554e-182 0.102254 3.26098e-142 1.18148
3.64442e-131 9.19545e-138 1.05707e-08 2.16997e-166 4.16757e-06 9.65741e-94 0.8698 1.48714e-321 4.10537e-153 1.49352e-103 9.43827e-224 4.84955e-117 1.14188e-162 5.70493e-193 7.67396e-100 1.68232e-92 2.99028e-128 1.27073e-124
1.28114e-211 1.8084e-104 1.96837e-30 1.9528e-110 5.73202e-122 1.20896e-42 1.1289e-36 1.11165e-321 2.97e-149 1.18597e-136 9.26047e-81 3.03967e-36 2.72559e-117 1.22072e-107 0.21489 9.72987e-70 1.89937e-40 8.11886e-227
4.19956e-322 1.33892e-321 5.82997e-322 5.47286e-294 8.12329e-277 3.48842e-79 7.14274e-167 0.679409 9.01707e-35 0.763243 6.75555e-151 0.101414 2.4808e-112 2.67356e-209 7.24571e-194 7.77451e-166 2.43332e-132 4.65329e-24
7.09544e-263 2.0931e-198 3.11434e-135 2.85751e-166 7.97338e-42 4.99476e-111 1.42791e-55 1.48714e-321 3.45866e-113 1.24637e-161 5.06213e-273 9.77555e-77 9.11625e-58 3.5646e-242 6.72944e-52 2.96572e-47 0.191515 7.34601e-33
1.20769e-123 8.40548e-155 4.61229e-78 1.17037e-139 6.408e-193 7.06548e-244 7.24924e-214 1.66006e-321 1.73771e-98 1.94231e-204 0.232591 0.121261 1.12945e-90 7.85537e-152 0.287995 2.45148e-178 3.50971e-191 2.73127e-35
0.00228004 0.00672466 2.13896e-09 2.57204e-07 0.00231045 0.0265696 1.93444e-233 5.92879e-323 2.23534e-181 1.90477e-297 5.05191e-269 8.03578e-221 2.19699e-166 1.26894e-251 1.49476e-194 8.54519e-183 1.19482e-257 4.57131e-307
9.5085e-236 1.20091e-219 0.0453695 4.01377e-205 6.76547e-77 6.38829e-276 2.89842e-181 1.57113e-321 0.376143 1.03871e-77 2.80388e-78 1.1522e-141 8.33648e-98 7.2541e-135 5.17405e-182 6.07825e-55 7.7228e-193 3.62337e-231
0.000514773 0.00141067 1.32648e-06 0.00504147 0.0304227 1.22514e-08 1.33392e-239 1.97626e-323 3.65278e-191 3.78566e-301 2.92955e-275 9.60991e-224 7.10207e-166 3.12528e-251 8.03656e-199 2.05697e-182 5.43968e-265 5.27534e-309
2.89825e-105 2.18608e-38 3.00557e-112 1.00266e-14 2.74773e-25 5.0988e-90 5.01132e-105 1.20559e-318 1.40927e-55 5.13934e-141 3.71893e-137 1.10992e-77 1.54633 7.41007e-252 2.38668e-104 2.53549e-15 2.99686e-142 9.08927e-214
