1.81947e-135 1.35801e-46 0.00474665 9.38946e-118 6.52123e-178 6.0035e-219 0.964677 7.55539e-39 3.97147e-66 8.31973e-70 2.37223e-126 1.16195e-139 2.14247e-83 8.25103e-207 9.67271e-136 8.96369e-14 2.26046e-30 0.418299
5.57695e-236 3.44649e-10 1.69525e-142 9.28727e-237 7.51892e-42 9.34526e-55 8.15746e-69 9.67824e-129 1.37255e-18 8.39939e-84 0.0920351 0.189054 2.17628e-129 1.87021e-157 1.71166e-68 0.195429 3.94113e-116 3.56056e-144
3.85937e-68 5.71867e-245 7.33444e-83 3.00577e-210 1.0064e-06 6.51564e-100 8.00655e-88 2.54647e-20 1.82907e-112 1.71921e-10 4.98317e-15 4.29901e-124 2.15413e-147 5.16517e-226 9.75871e-34 5.26291e-121 0.0610785 4.07052e-52
5.00119e-163 1.58155e-128 3.56668e-162 2.58572e-211 2.60534e-45 4.76112e-66 2.29592e-101 0.537071 5.61855e-16 0.201138 1.11141e-137 1.24617e-20 1.80584e-149 0.0312156 0.47387 2.33802e-163 2.66232e-126 0.00913554
2.90888e-200 1.6848e-126 3.06285e-10 3.49283e-132 1.07358e-106 8.20896e-48 1.71118e-94 2.901e-74 7.03207e-88 7.78689e-10 2.49164e-129 0.0296144 1.85872e-84 3.65061e-103 5.12599e-95 4.77339e-46 2.85549e-238 3.51671e-153
0.00710694 0.000974078 0.00215942 0.00310987 0.00020912 0.00426048 1.55352e-129 5.06755e-170 1.73447e-133 1.00767e-214 8.57471e-151 1.25203e-250 1.56235e-157 1.89855e-262 2.95118e-157 5.97008e-212 2.92129e-259 1.04699e-184
2.11633e-248 7.81917e-135 5.44412e-49 2.00237e-209 2.42195e-67 8.06226e-177 4.1537e-34 1.08117e-114 7.72914e-43 3.32935e-130 1.15212e-116 6.4788e-82 2.23904e-101 6.87724e-36 2.33558e-102 1.80982e-55 0.0767007 2.3805e-152
1.18726e-42 3.82164e-37 2.99522e-42 3.4325e-207 1.02578e-87 2.05931e-130 6.99235e-111 6.27504e-45 6.63979e-69 0.0867464 7.08697e-107 1.47044e-182 5.41273e-123 2.87082e-157 1.43152e-107 6.69788e-182 1.93277e-65 1.72955e-117
2.9346e-42 1.32973e-74 1.48927e-19 7.11505e-228 4.92503e-179 4.89839e-318 1.62583e-07 3.8644e-107 5.24996e-100 2.47833e-17 4.61566e-57 6.42871e-22 0.401638 2.20438e-18 5.00586e-16 1.40353e-103 8.10082e-137 2.50302e-164
2.02821e-231 1.61918e-66 2.6578e-106 1.06574e-274 2.83644e-44 6.42014e-256 9.57618e-65 2.03429e-38 6.945e-27 3.12845e-174 3.10585e-91 3.86467e-83 3e-51 2.97115e-105 1.15687e-47 0.189497 1.12605e-58 4.8556e-39
5.21262e-195 2.70211e-143 1.09291e-70 5.65809e-211 2.20163e-68 1.6989e-225 0.698337 2.14921e-74 7.71594e-119 8.18161e-101 5.76679e-117 1.37033e-161 3.73884e-155 1.96518e-185 2.429e-18 2.04318e-204 5.28419e-14 6.49637e-154
1.07543e-108 1.07128e-176 1.32897e-69 2.34717e-219 1.99658e-198 1.21443e-15 1.06034e-77 1.09787e-34 8.79652e-105 2.97387e-123 6.92954e-109 2.48954e-98 5.95275e-108 1.59709e-33 1.4006e-112 8.20634e-78 0.27633 8.6008e-161
3.21295e-51 3.7622e-52 1.31023e-156 8.09609e-138 1.00114e-82 2.91608e-102 1.94439e-77 7.91849e-95 4.17718e-11 1.00097e-79 1.3006e-54 4.26204e-06 3.08717e-144 0.194742 2.29926e-140 9.78148e-32 1.39101e-96 3.78356e-141
6.62724e-243 0.0581754 2.86781e-117 6.7716e-231 3.36526e-33 4.56229e-137 0.0809129 1.30351e-100 2.0137e-12 4.85163e-212 1.71755e-70 1.30905e-162 4.28408e-38 1.51897e-100 1.9457e-19 2.36615e-163 3.78577e-146 3.99546e-141
1.46852e-96 1.16119e-230 5.59021e-30 1.15818e-150 6.43009e-14 0.000676993 0.485352 4.00249e-53 0.254307 2.98534e-26 1.98548e-64 0.238148 1.64362e-86 5.9858e-81 6.36207e-13 1.23567e-195 2.27146e-185 2.00268e-132
5.08637e-12 6.95082e-172 5.43426e-157 4.69963e-268 1.16989e-96 4.3974e-168 1.06235e-95 1.79848e-160 1.39467e-50 2.04595e-161 2.23127e-64 3.62164e-13 6.77522e-154 5.59146e-89 0.133367 1.70319e-158 0.0300346 4.38011e-177
