1.07883e-08 1.97005e-16 2.2676e-28 5.09611e-34 6.04623e-75 6.61813e-72 3.24327e-30 1.08574e-13 6.21113e-88 0.265553 9.41952e-85 2.23996e-52 7.98559e-08 2.61829e-77 1.01787e-59 6.5232e-36 5.24845e-21 4.74466e-117 0.253368 9.06051e-74 8.40911e-89 1.06672e-83 7.85295e-24 2.69088e-55 2.02883e-10 8.40981e-122
4.49423e-27 1.36358e-44 0.156839 1.84556e-101 1.0904e-05 1.9634e-13 9.63743e-20 0.00587874 6.30122e-115 8.3982e-58 4.27952e-16 3.00873e-105 4.77216e-128 0.550682 0.689169 0.390641 4.05031e-77 2.23642e-110 8.10329e-35 1.00679e-33 1.96667e-41 0.125124 2.19046e-06 2.56598e-33 0.0764169 4.36833e-114
4.94016e-63 1.1622e-32 2.74414e-93 2.7969e-38 9.05461e-68 3.06387e-47 8.4177e-85 9.9791e-83 7.53637e-123 4.0035e-86 3.26698e-67 7.60375e-106 3.73948e-59 9.86632e-68 1.84727e-87 1.45176e-131 6.90213e-152 3.38722e-24 3.12394e-42 7.09119e-47 1.73794e-37 4.75978e-57 2.41189e-99 0.205559 2.02728e-18 1.85446e-53
3.34568e-06 5.501e-74 7.71598e-74 1.06006e-21 9.36917e-34 1.15712e-85 7.56773e-60 3.12798e-104 1.16261e-53 2.37675e-38 8.19237e-67 9.4207e-89 1.0366e-125 3.44945e-50 2.31753e-83 8.96873e-145 1.30433e-72 2.40657e-93 5.58949e-41 8.32868e-86 1.90644e-56 2.96206e-55 8.14127e-34 0.125623 1.11872e-33 2.37552e-54
6.58992e-63 2.35968e-77 1.54938e-76 0.0939308 5.85695e-69 0.222292 7.15471e-47 3.0269e-31 0.106025 5.87535e-97 1.16282e-53 0.187887 1.89139e-109 1.29568e-50 6.11992e-114 2.90734e-149 7.68569e-92 4.42827e-104 4.40289e-60 0.251029 1.36925e-62 8.99157e-81 1.70599e-49 1.62765e-92 2.65845e-20 3.93577e-75
1.9619e-56 8.38621e-113 2.2425e-75 1.32292e-54 3.92842e-69 5.21863e-68 9.01521e-61 4.71607e-27 1.0752e-48 6.23097e-35 1.44967e-40 1.73139e-88 2.76266e-62 1.6807e-52 6.18315e-83 3.15887e-70 1.67232e-38 0.172934 4.92896e-28 1.66427e-60 3.29208e-75 1.19923e-38 1.58698e-54 0.0520566 1.2407e-73 5.18812e-124
3.73725e-88 8.695e-117 1.39541e-61 2.66169e-83 8.80207e-20 3.41628e-73 0.112573 0.234988 8.92083e-51 1.41557e-64 0.119543 4.59965e-69 1.61991e-46 7.33295e-12 2.04174e-104 2.02202e-80 0.167698 0.104667 0.000760268 8.90243e-62 0.523577 1.77835e-58 1.14722e-29 4.86383e-26 3.88766e-18 1.13652e-110
3.87636e-62 4.6054e-86 1.31762e-81 3.91911e-72 1.53684e-104 2.53834e-104 1.93144e-50 1.23638e-77 9.47813e-103 7.77564e-97 0.0011239 0.0104087 4.091e-101 3.75837e-69 3.59396e-123 2.0097e-34 3.29102e-54 0.0606322 6.04486e-76 1.98745e-62 2.62749e-30 2.181e-64 2.36152e-70 8.43841e-32 1.15044e-91 0.00522651
0.062201 1.16555e-31 8.91287e-60 2.4342e-78 3.13086e-67 5.57708e-54 3.37843e-73 1.72192e-69 2.89597e-17 1.41235e-28 3.03149e-66 8.72703e-06 2.24254e-71 0.274911 3.39226e-33 8.26509e-53 1.92633e-112 2.33122e-114 1.30214e-68 1.28189e-59 6.42106e-12 6.97339e-35 1.39686e-83 9.40948e-13 8.17751e-24 0.147513
3.29817e-84 1.9211e-67 9.64758e-80 2.3488e-52 2.72109e-45 8.83767e-114 6.11725e-44 3.68037e-80 4.40258e-07 5.56541e-07 2.36685e-67 6.09779e-44 0.181257 2.88248e-111 3.05388e-107 1.53612e-108 1.3284e-64 2.65902e-110 0.193784 5.049e-46 4.21786e-89 9.20737e-30 0.126883 0.803805 3.01632e-88 4.78445e-09
1.57659e-85 5.26125e-101 0.115028 1.32375e-53 0.0737586 3.33567e-109 8.53413e-64 1.21592e-10 3.09015e-54 8.63376e-91 0.0491349 7.44409e-74 4.06481e-145 5.30974e-119 5.34665e-55 2.60524e-97 1.52823e-110 4.89732e-88 1.0147e-72 5.41808e-78 1.82455e-26 5.30457e-118 8.65954e-94 1.05322e-90 1.32902e-42 1.12802e-85
