0.0011331 7.73552e-35 9.73808e-41 4.76605e-61 7.24928e-69 3.00973e-84 8.83196e-34 6.57578e-62 4.4625e-69 1.6908e-40 3.42389e-105 5.88994e-67 1.74653e-51 4.09294e-27 6.90448e-33 1.07631e-52 1.92834e-46 4.27858e-70 5.68227e-41 2.19496e-58 0.147417 1.37321e-89 3.1165e-33 3.3963e-30 8.07346e-70 1.33645e-47
6.95645e-67 2.32511e-13 1.03497e-19 1.24164e-51 4.45042e-63 7.78087e-75 3.28851e-22 1.9916e-110 6.75586e-71 1.82747e-15 9.22004e-74 1.72794e-29 1.23e-106 1.66211e-13 1.71862e-12 8.95347e-41 6.78612e-54 5.3178e-29 1.19183e-15 0.707678 1.58522e-83 3.62492e-62 1.22377e-15 2.27848e-65 2.54698e-32 0.229479
5.6781e-13 3.68556e-41 4.89637e-92 9.07752e-43 2.18301e-29 2.82637e-54 0.2059 0.0707222 2.27921e-14 2.33894e-07 5.15807e-100 3.85873e-52 3.69889e-28 0.0853278 8.57376e-29 3.13402e-73 2.05193e-09 2.18956e-35 3.26688e-71 0.236071 0.000849306 5.39745e-93 1.32497e-50 1.48638e-42 2.96381e-23 2.12164e-72
1.4044e-45 9.47112e-44 5.41048e-47 1.48193e-45 1.14204e-100 3.0276e-68 3.11453e-42 3.71271e-75 3.05625e-65 2.10909e-38 1.39732e-47 1.79811e-74 7.70495e-77 4.69464e-20 3.40185e-15 2.63668e-63 9.64864e-23 2.0706e-27 4.7075e-43 2.33212e-45 2.41494e-64 0.0849526 3.63782e-34 0.145145 1.46115e-66 9.53793e-49
9.66722e-92 1.48831e-84 2.60145e-37 1.43485e-19 3.99628e-58 4.14519e-58 0.00847721 3.09452e-70 3.25389e-58 4.22451e-21 0.0765848 2.97743e-09 0.121025 2.50194e-81 2.97968e-24 1.00762e-65 2.71466e-43 1.5484e-24 0.0833944 2.03344e-12 3.3323e-13 6.79147e-36 9.96874e-16 8.63454e-08 5.38654e-29 1.97341e-95
2.54206e-62 0.000152158 6.33836e-19 1.19493e-12 4.95913e-41 2.05585e-111 1.87801e-16 6.8841e-19 0.16613 2.1562e-49 7.0332e-86 1.41103e-96 3.0588e-100 1.79492e-88 0.31212 1.47384e-80 1.50069e-69 2.1808e-62 2.8954e-21 7.94168e-42 1.94714e-83 2.59761e-69 5.57204e-38 7.72352e-55 2.79822e-30 1.35701e-71
0.000233641 2.11342e-07 0.0124896 0.00642669 3.69711e-102 4.09951e-117 7.79302e-40 3.27891e-102 9.17916e-73 4.44697e-57 1.99364e-105 8.72561e-91 5.05224e-105 5.22761e-89 1.06793e-45 1.48096e-78 9.84035e-68 2.65278e-83 3.66367e-78 3.53111e-74 8.47455e-79 1.86253e-103 8.59092e-56 1.03952e-72 1.15515e-71 2.86341e-93
1.30499e-69 1.22258e-25 3.88887e-55 6.33086e-63 9.9499e-48 7.18553e-100 0.000309951 1.37322e-55 1.69506e-40 9.74292e-06 2.27562e-46 8.34739e-37 3.63715e-91 3.03367e-37 4.18944e-47 0.0052353 1.80696e-57 0.00712338 0.0457509 4.63315e-18 1.31627e-64 1.21947e-51 2.74194e-55 1.19764e-22 1.56839e-27 3.86497e-73
6.31263e-08 0.0613789 4.32589e-07 2.41788e-08 1.75022e-94 1.36458e-113 3.32972e-43 7.45846e-99 1.68484e-74 1.88297e-58 7.88775e-104 1.39997e-86 1.20713e-97 5.47757e-88 1.47482e-41 2.53471e-79 3.11569e-66 2.50819e-78 2.9216e-70 1.30466e-66 5.3568e-81 1.52624e-111 2.52169e-56 3.64934e-69 1.07679e-66 3.35759e-97
6.24573e-22 3.24616e-82 2.66108e-10 5.91726e-49 9.18528e-42 5.97549e-21 2.59998e-36 8.90105e-31 6.01293e-09 1.56247e-41 2.40642e-52 3.19372e-19 1.54729e-68 1.11215e-21 0.0765045 0.008297 0.0700571 0.013 3.10982e-78 2.41185 3.80583e-15 2.16083e-48 0.350754 0.0720987 5.65101e-58 6.50027e-44
2.82832e-61 5.26125e-75 7.17787e-69 1.51663e-08 0.0939317 0.188995 4.03381e-15 8.29362e-96 7.51107e-09 1.59416 1.41788e-05 0.224543 2.7557e-42 0.168644 5.53117e-13 8.55265e-30 8.35319e-15 3.17396e-71 5.14643e-60 5.87435e-13 0.225334 3.27598e-36 1.10281e-53 4.6744e-08 0.118086 2.424e-63
