0.000345156 1.2485e-24 6.00797e-42 8.02393e-36 4.47106e-06 2.95039e-52 4.46524e-24 3.6585e-50 0.0186317 8.30037e-26 0.100894 8.38578e-14 2.32174e-44 0.0428552 3.92986e-27 0.00638621 0.000124768 3.3511e-56 0.0697713
7.73106e-32 4.20255e-39 1.64278e-34 1.13268e-39 1.68454e-11 1.76602e-57 3.35007e-46 3.02008e-44 2.50071e-08 2.04159e-33 2.4481e-17 3.099e-16 2.22391e-53 3.4301e-27 4.90177e-27 9.489e-34 2.00811 9.56922e-35 2.7275e-43
1.13678e-27 2.9355e-11 3.83922e-19 6.65396e-19 8.54322e-20 1.06195e-56 1.4047e-86 1.27853e-53 3.55753e-31 2.49231e-35 1.54922e-44 3.63118e-13 4.50251e-37 7.19635e-28 1.69932e-48 7.48785e-24 1.27548 1.41574e-58 2.78554e-41
0.012589 1.08702e-07 3.3299e-05 7.9877e-37 1.23736e-21 2.80044e-53 1.03605e-82 5.02233e-54 7.4946e-33 3.04039e-45 2.29082e-40 8.8489e-21 1.4397e-56 1.88171e-38 1.89574e-56 1.12094e-27 0.168736 1.33067e-77 9.50578e-49
8.01217e-46 4.61618e-63 4.02133e-28 0.0453305 0.00771446 1.0729e-18 4.73079e-55 8.60615e-25 1.82418e-18 1.10096e-37 3.3688e-08 4.55742e-10 2.74873e-53 7.26432e-13 2.03643e-15 2.99031e-15 0.000331924 2.3261e-37 8.68843e-60
4.21453e-16 1.31617e-26 5.27823e-10 9.75418e-39 2.89521e-19 7.16691e-47 1.16928e-60 8.72362e-55 3.69933e-31 5.32937e-38 6.65981e-46 4.48207e-15 4.2166e-43 6.02175e-38 3.04919e-55 2.07809e-34 1.09473 2.40351e-68 2.51937e-53
2.9564e-05 2.73376e-10 0.0163154 5.1682e-36 1.71517e-18 8.79323e-50 8.98265e-65 6.51132e-44 6.66474e-34 2.59055e-51 3.21127e-62 8.27716e-14 1.37191e-35 5.04941e-44 1.31977e-67 1.7065e-40 0.996788 2.4896e-62 7.18729e-56
6.08382e-05 1.61662e-26 6.60644e-12 3.76657e-31 1.05905e-33 7.64286e-46 1.48154e-85 1.88687e-49 1.1033e-11 2.25763e-51 1.5535e-20 0.077039 6.38341e-50 1.79671e-22 2.63413e-67 2.00962e-21 4.60156 1.42916e-69 5.25945e-39
3.07987e-21 5.58072e-10 0.000365295 5.0436e-40 9.4036e-18 2.29271e-67 1.4019e-69 9.93767e-45 5.10764e-23 2.56094e-51 5.01204e-46 6.35955e-16 1.32762e-51 9.04477e-44 2.47536e-46 1.97931e-31 3.2258 1.62157e-77 5.193e-52
7.16324e-44 1.01189e-85 4.08739e-26 1.12417e-36 0.0303123 0.0799195 2.02845e-19 7.33893e-58 3.45624e-18 9.02962e-42 1.00712e-13 1.33524e-05 0.00146463 0.0282849 0.020293 5.00016e-32 1.55282e-17 8.76016e-73 2.49146e-34
1.49378e-14 9.0514e-06 4.34884e-25 1.48801e-07 3.07689e-19 1.48924e-65 2.28145e-54 8.35728e-55 1.8878e-13 1.53529e-48 3.22662e-24 0.097148 6.11721e-29 3.51236e-21 5.21238e-68 1.14059e-21 2.55391e-16 1.29812e-47 1.80277e-48
1.9274e-10 3.59301e-29 2.21511e-14 2.29973e-49 3.93124e-27 7.28141e-47 3.01135e-71 2.38276e-58 2.04202e-30 4.92729e-53 1.54424e-47 2.7339e-06 5.21746e-36 9.33648e-41 2.79094e-58 2.7941e-30 0.753624 9.4694e-57 1.99007e-49
5.51363e-54 0.00413486 1.74961e-35 8.96419e-35 5.94311e-22 3.56441e-56 0.0183082 0.142279 3.74512e-11 0.16948 0.0840486 1.35526e-06 0.135571 1.44135e-34 8.27707e-39 2.04013e-14 1.11906e-14 0.139583 1.53226e-29
3.04191e-45 2.73652e-57 4.84295e-06 6.34229e-38 1.52096e-09 2.13842e-38 1.0045e-59 2.2573e-42 3.3114e-10 4.87873e-28 1.47082e-30 0.163778 4.80148e-24 6.76646e-26 1.36727e-24 4.06233e-25 4.74069e-19 6.88499e-71 3.46524e-32
1.00775e-41 2.0398e-35 1.48605e-13 2.34446e-05 4.15786e-15 1.34224e-27 4.95803e-49 4.44879e-41 5.80848e-06 6.67039e-50 1.82643e-51 0.0197063 1.5961e-19 6.53124e-33 4.78154e-51 1.63077e-24 0.222955 3.18759e-34 2.445e-39
3.75177e-31 1.74023e-26 3.35476e-13 2.08838e-30 3.44272e-28 1.05195e-43 1.22288e-68 2.2637e-55 1.16457e-29 3.24827e-54 1.10181e-56 1.35262e-20 5.97218e-28 8.81629e-19 5.69035e-49 7.69632e-42 0.214616 2.77548e-73 8.88898e-40
