6.47402 0.11472
1.0337e-05 3.42466e-12 5.4972e-07 1.05781e-80 8.04583e-10 2.57606e-102 1.41501e-20 1.4683e-142 1.48862e-48 1.88736e-75 1.79867e-91 1.26077e-67 1.04473e-86 2.60319e-92 1.28695e-36 2.46762e-51 1.62159e-62 2.10194e-19 0.0313877 1.52581e-79 0.0817134 1.8571e-63 1.22683e-84 6.50392e-49 4.14146e-18 0.0318095 2.5787e-22 1.77916e-58
2.78294e-112 7.0677e-96 1.01531e-122 4.03977e-91 2.80514e-38 2.65707e-149 1.3381e-29 2.16094e-20 1.11997e-129 0.00174791 3.44624e-36 1.57536e-31 2.0681e-44 6.62748e-55 1.18418e-54 3.66118e-47 7.18817e-14 0.725896 3.76593e-102 8.01728e-74 6.53611e-84 6.83187e-59 4.89339e-30 4.14384e-91 4.49108e-17 4.70294e-136 2.59147e-72 7.4351e-42
3.2018e-20 1.80285e-38 9.29911e-22 8.16224e-113 1.41764e-98 7.22375e-49 1.73307e-62 2.35631e-49 3.45026e-82 1.68847e-166 2.18666e-25 5.10125e-52 8.46546e-38 1.27992e-52 0.117407 9.3589e-21 3.99687e-55 6.21613e-62 5.35306e-96 0.084496 2.09737e-101 7.09341e-85 3.06558e-43 0.0641016 4.9825e-95 1.16644e-95 6.30471e-11 0.011381
4.93466e-11 7.37907e-90 1.37766e-53 6.15664e-44 1.42259e-11 9.7159e-102 1.25679e-67 6.84872e-123 9.50185e-59 2.96004e-40 1.49804e-43 6.00951e-15 1.28526e-106 3.56267e-07 1.4962e-23 9.35188e-58 3.85866e-15 1.85272e-83 2.18317e-05 5.40163e-86 1.18706e-38 0.0645959 1.39417e-83 4.19563e-07 5.01322e-75 1.12819e-47 1.89715e-49 3.9263e-36
3.41858e-80 2.62589e-17 5.94324e-42 9.62544e-67 0.065431 1.34395e-72 9.02106e-33 4.79539e-24 2.86448e-05 5.03686e-70 4.24677e-51 1.59576e-20 1.43087e-51 1.01541e-33 5.41703e-39 1.60945e-43 3.26334e-35 0.397374 1.63733e-54 3.34855e-90 1.32533e-106 7.41861e-106 4.94581e-89 8.67126e-24 1.37974e-106 3.48663e-105 1.13644e-83 7.06302e-108
6.26597e-35 1.95322e-08 1.73789e-103 3.45612e-35 8.17747e-25 2.09399e-113 3.23844e-12 7.24363e-74 4.40883e-120 2.03371e-14 6.30487e-52 9.91941e-55 3.36707e-138 1.28642e-89 2.277e-12 3.92361e-12 1.53021e-52 0.45928 6.07156e-76 3.58482e-51 2.28874e-51 4.94231e-58 2.99492e-83 1.13042e-58 7.65148e-39 5.35115e-26 9.21627e-90 8.25625e-15
1.9396e-80 2.94655e-80 9.26794e-90 7.18657e-95 4.45736e-12 4.547e-98 2.86741e-109 2.95224e-37 8.56933e-89 1.96986e-156 3.14888e-21 3.90573e-130 1.2134e-129 0.0335648 4.29363e-76 1.53167e-44 0.112878 2.05857e-63 4.90802e-57 4.11221e-24 1.06073e-32 3.6376e-53 4.41899e-21 0.0396117 0.0589538 9.88466e-108 0.0960039 1.28278e-28
3.79402e-89 2.68713e-08 4.88934e-66 0.0023478 0.000150885 1.71723e-74 2.29171e-44 1.23752e-20 2.9817e-27 5.34086e-118 1.69781e-06 0.000321901 0.00653148 9.35714e-57 1.53429e-35 4.09196e-39 5.02307e-83 9.24522 6.32976e-76 2.11544e-63 8.57972e-22 6.17406e-83 6.71147e-70 1.5769e-21 1.7679e-86 1.87715e-104 1.14187e-95 3.08423e-50
4.00223e-18 2.97116e-73 1.08529e-09 5.95671e-92 1.45179e-14 1.50647e-104 1.0256e-30 1.59582e-61 3.23674e-53 4.78669e-59 5.935e-23 1.7749e-12 5.5082e-102 1.66217e-26 9.88026e-39 3.67482e-43 5.13838e-60 0.928067 1.17736e-121 3.73488e-88 8.76416e-67 1.25226e-49 2.80946e-73 6.84933e-63 1.45292e-117 3.89322e-85 2.01995e-25 7.93044e-75
3.74894e-86 3.19618e-21 4.61652e-53 2.44024e-97 9.54725e-102 3.69146e-116 1.86337e-21 0.00858626 9.32205e-125 3.16563e-113 1.64665e-75 2.22855e-80 3.5645e-19 8.43688e-40 1.13808e-97 4.61926e-55 9.59188e-74 7.47266e-16 2.53439e-18 3.2047e-45 1.25369 0.240757 4.84556e-82 1.36945e-21 2.42949e-16 7.52009e-19 5.97511e-73 4.50247e-53
3.60142e-92 9.30037e-55 2.04239e-18 2.15086e-49 1.0666e-69 9.08757e-114 6.99468e-58 2.36773e-87 1.06304e-49 3.8428e-45 2.66763e-42 4.21242e-86 1.26345e-12 2.70636e-70 6.50029e-38 1.23437e-29 6.2338e-53 0.679021 5.95619e-60 2.05486e-25 1.51476e-90 1.27133e-94 0.110693 7.3323e-83 7.66705e-49 1.56595e-65 3.2345e-56 1.30547e-20
2.10526e-82 4.65998e-23 6.83027e-96 1.17883e-05 2.5872e-60 6.53986e-109 5.15278e-95 9.31201e-44 4.25787e-42 3.39228e-16 0.0175156 1.50756e-73 1.78458e-19 3.60504e-54 9.16197e-38 0.113162 3.7239e-67 6.17933e-75 1.3372e-47 2.41052e-89 9.42153e-48 0.0513417 2.35762e-37 7.59514e-31 1.63906e-58 3.77466e-61 8.14572e-98 1.16075e-117
0.000256161 0.000494471 0.000754413 0.000141708 0.00367394 0.00060602 0.000365762 0.00137341 0.000324714 0.00105395 0.000526668 0.000479891 0.00378158 0.000501879 5.53492e-106 6.29538e-85 3.09586e-92 6.76353e-93 5.67259e-125 8.88464e-93 1.18107e-125 1.40898e-110 3.55343e-96 6.41599e-123 2.71243e-134 8.60237e-157 1.64045e-106 2.06022e-137
4.18572e-93 1.36459e-16 1.51037e-83 4.8771e-67 4.18243e-65 4.00919e-70 1.08718e-29 8.90585e-61 1.98766e-34 3.089e-160 7.95227e-15 3.63868e-55 9.21483e-21 1.89221e-54 3.54829e-67 1.2466e-69 2.49935e-26 1.08431 9.23037e-66 1.73481e-41 2.4329e-57 3.63102e-72 3.74973e-16 2.26204e-112 2.36418e-28 3.37976e-153 2.57017e-45 0.321433
