1.78829 0.201279
1.47749e-94 1.47212e-19 3.05792e-101 5.62734e-132 1.16084e-06 5.39123e-169 3.57469e-178 3.4649e-153 1.80031e-25 2.17946e-134 1.57104e-118 1.62206e-152 4.21664e-100 1.12247e-147 6.69403e-129 1.8468e-207 1.01159e-47 5.35154e-194 0.112928 2.53825e-116 5.56077e-315 1.00781e-198 3.45911e-154 5.14474e-184 2.4532e-154 7.81497e-99 2.74318e-253 1.68508e-159
1.09043e-126 9.50685e-208 2.9554e-73 2.11925e-207 2.83449e-40 6.00817e-39 2.9372e-278 4.00533e-274 1.35775e-85 2.37974e-171 2.63306e-220 3.81293e-211 5.6597e-112 2.30726e-76 1.53376e-168 7.2164e-173 2.74956e-147 0.0150228 1.86538e-34 1.5997e-48 4.76027e-106 1.60495e-71 5.4689e-66 2.16405e-58 0.143146 4.52937e-117 3.42752e-291 0.334078
4.28241e-26 1.38863e-37 2.08944e-45 7.49589e-82 9.79665e-68 2.18121e-90 2.3685e-07 1.19241e-33 9.72947e-31 2.11009e-18 8.60541e-102 3.26951e-82 3.80027e-121 8.53783e-13 3.4426e-245 5.49646e-217 3.43693e-97 9.96031e-142 0.461158 1.39629e-153 4.99006e-322 3.87963e-199 4.84352e-151 6.57739e-146 7.26329e-123 1.28918e-83 3.28621e-233 1.18874e-152
2.32681e-52 3.62976e-266 0.00317604 1.73891e-64 3.49921e-184 1.89808e-101 3.69312e-133 1.15687e-62 3.31986e-28 8.0493e-209 2.74883e-36 1.34498e-107 1.96653e-05 3.47002e-153 4.29222e-131 0.12186 7.17005e-44 4.6134e-50 0.146696 0.144144 1.89461e-252 1.88686e-166 7.25451e-199 2.26351e-134 1.26747e-101 6.67306e-96 1.92354e-234 1.73755e-164
0.0018295 2.145e-09 6.38753e-07 8.31139e-08 6.18491e-07 1.19771e-09 0.00192665 4.41751e-05 7.23377e-07 3.75723e-07 1.8036e-08 0.0270847 1.19069e-07 0.00108219 1.12212e-267 3.21422e-220 9.79628e-214 2.29026e-225 1.37222e-95 2.9183e-186 4.44659e-323 1.96787e-199 1.55693e-273 2.49141e-201 1.2523e-231 9.78834e-180 1.61492e-311 3.9893e-174
3.66093e-94 6.93391e-138 1.36975e-203 3.2552e-29 4.51955e-82 4.2572e-279 7.66641e-263 1.46844e-22 6.6056e-17 1.22364e-157 4.11498e-34 7.31622e-40 2.15188e-107 1.27987e-225 4.53585e-64 1.53628e-100 1.57218e-113 2.5254e-186 1.59107e-12 4.12048e-119 1.0753e-267 0.237585 3.25462e-15 3.4268e-56 1.80958e-150 2.83327e-168 1.77836e-268 8.02185e-105
0.000112447 0.00042244 0.00209936 0.000176499 0.000435233 0.000623985 0.000335993 0.000305265 0.000532532 0.00131915 0.000227973 0.00264771 0.000476201 0.00429191 1.61609e-271 5.52572e-222 1.31785e-218 8.40404e-231 1.16142e-98 8.66328e-193 0 2.5916e-201 9.94259e-281 1.13768e-204 1.32651e-232 3.0982e-181 5.27162e-318 2.54068e-175
5.61346e-204 9.83191e-322 3.52077e-243 2.07042e-256 4.59017e-26 1.65512e-321 4.47722e-320 2.45883e-16 6.74152e-202 3.77466e-321 2.35766e-237 3.30072e-116 8.03855e-177 2.36439e-182 0.407464 2.52431e-196 5.18672e-34 0.517727 6.96907e-27 1.05513 0.369285 0.00119071 1.62175e-239 0.31436 9.41459e-225 2.10974e-53 1.29667e-112 5.72005e-69
1.67444e-75 1.53623e-218 5.88255e-81 9.12226e-124 1.4631e-72 2.34827e-304 3.90016e-297 4.91415e-24 2.3852e-63 4.43923e-270 3.53463e-217 7.02721e-216 7.90816e-34 7.95008e-180 5.06212e-141 3.98317e-139 0.242765 9.46155e-101 1.55646e-05 1.7018e-144 7.3012e-134 1.13311e-125 1.75127e-103 1.40457e-25 4.95975e-79 1.81076e-45 7.47422e-301 3.38246e-162
6.20818e-113 8.57617e-79 9.64981e-118 1.83488e-51 6.12805e-151 2.78387e-268 5.2479e-124 1.50028e-33 1.53297e-163 3.52269e-321 4.39124e-268 1.29904e-37 5.79441e-82 5.65543e-103 2.09364e-227 1.99529e-57 7.99645e-172 5.30932e-114 3.5555e-18 0.00553104 1.36362e-321 1.21124e-05 6.90823e-65 1.71023e-139 2.38267e-08 0.0184951 3.45511e-274 5.42362e-151
7.34513e-204 2.60443e-28 8.46905e-98 2.38492e-112 9.24881e-164 3.7157e-295 1.64921e-175 5.86422e-206 1.02054e-139 1.98037e-138 4.0874e-223 8.59969e-72 6.31049e-248 1.09441e-268 1.4421e-222 6.79057e-192 1.40947e-87 4.27749e-73 7.2107e-07 3.44045e-14 1.92936e-136 0.0934096 0.766456 1.16554e-61 4.87914e-188 0.166494 0.000501704 4.44266e-40
5.69516e-88 1.36773e-44 1.05113e-134 1.12478e-81 3.29675e-226 7.63801e-84 4.39771e-89 1.11606e-149 3.38761e-94 7.32412e-148 1.08452e-42 4.18361e-17 2.733e-215 3.94716e-128 8.27e-139 3.50794e-136 7.17888e-176 4.6936e-100 0.00678882 2.10224e-164 3.68093e-196 1.66357e-184 1.62202e-193 2.90606e-84 1.4108e-57 0.0969864 5.53981e-104 7.60317e-97
1.03681e-258 1.28314e-122 9.73388e-41 1.85122e-48 1.99385e-45 1.08812e-160 7.37538e-82 0.000614323 3.46904e-213 3.96921e-299 2.2053e-225 5.57327e-116 1.02098e-148 6.44515e-245 8.43409e-120 4.2028e-38 3.21889e-170 4.36394e-47 7.43173e-61 5.13712e-141 4.40704e-124 2.61985e-42 2.63056e-234 9.05609e-23 1.12912e-139 4.82642e-14 0.272883 1.39476e-40
7.97335e-06 4.72074e-08 0.00893814 7.758e-06 0.00137278 3.23386e-07 0.00102836 0.000946058 2.08592e-05 0.00415134 0.000984153 7.09322e-05 1.2744e-06 6.00049e-05 3.09331e-271 6.32976e-219 6.12073e-216 1.28992e-229 2.49207e-96 4.56192e-191 2.96439e-323 2.87969e-197 3.4901e-279 1.37206e-201 6.59067e-229 4.98144e-179 1.10085e-313 6.89483e-172
