1.87829e-28 1.16234e-38 1.19562e-49 3.04695e-43 4.14763e-09 4.96873e-79 7.96299e-45 2.49928e-10 3.2924e-66 0.048478 9.08974e-41 1.47548e-69 2.00205e-44
0.0168227 9.0154e-05 0.0013033 0.00735596 1.23509e-68 2.37084e-87 4.91112e-73 2.37821e-73 2.55715e-75 1.86843e-58 1.3148e-51 2.58523e-98 1.57062e-77
0.000507903 1.49473e-28 4.48226e-69 1.51103e-22 3.09449e-58 1.25487e-11 5.00375e-50 1.04027e-37 1.05257e-16 3.86092e-37 0.112879 9.8393e-68 2.40091e-65
5.10031e-36 5.92661e-22 0.0365109 1.79176e-50 1.55391e-66 3.23153e-55 2.13508e-39 4.15753e-18 0.300756 5.28009e-10 4.22466e-17 3.12107e-79 8.44179e-53
1.46276e-14 0.000713263 1.15296e-56 8.16268e-43 5.97363e-69 3.18255e-12 1.07002e-08 4.62412e-56 1.00307e-39 8.90088e-34 0.019739 1.2747e-29 1.13785e-73
6.43061e-05 4.62365e-18 3.45975e-41 6.23432e-16 2.01817e-25 2.37764e-72 9.88164e-17 0.0483148 7.05218e-19 7.08398e-09 1.83737e-14 2.1939e-21 1.59285e-21
5.62177e-14 5.16635e-59 6.335e-59 2.64764e-85 1.00385e-41 4.08311e-36 0.0811841 7.41189e-21 3.61597e-56 1.75027e-46 4.95177e-16 3.36079e-59 3.94033e-73
2.19836e-29 3.07472e-19 1.71081e-52 1.17901e-31 1.00308e-12 0.826389 0.702508 2.60474e-73 0.0150154 6.9506e-13 3.96372e-17 8.83359e-44 2.2941e-55
5.293e-49 1.89822e-66 3.08695e-86 1.62948e-37 1.35644e-10 1.92896e-06 0.145325 9.52596e-38 4.94791e-41 0.345654 0.168632 3.07136e-16 2.25829e-37
8.69827e-63 4.6019e-71 3.06042e-97 2.95993e-20 3.80507e-61 2.66777e-33 3.63149e-57 0.0203402 0.174344 5.0012e-10 1.34318e-44 0.118926 0.0313931
1.57073e-49 3.63431e-52 1.35631e-41 1.10625e-09 0.094728 2.56556e-07 5.19133e-50 1.96989e-24 4.08926e-70 1.08545e-38 0.442559 8.93589e-16 2.2381e-27
