3.17701e-100 2.32494e-66 2.84845e-79 5.12486e-80 0.039792 6.82456e-200 3.20649e-321 2.62099e-163 8.89318e-322 4.26055e-162 3.55727e-321 1.74813e-162 3.65086e-49
1.85594e-122 2.33472e-83 5.92879e-322 1.37639e-245 3.17164 1.37497e-291 4.17485e-321 0.0122442 1.35868e-321 0.156795 3.1472e-321 1.04082e-236 2.82999e-169
1.24099e-19 2.52404e-88 3.04702e-08 2.16395e-92 7.28036e-31 6.20076e-190 4.21438e-321 1.80026e-105 9.01212e-187 7.46533e-321 3.61656e-321 3.58148e-320 5.54273e-66
7.40901e-155 3.86979e-16 2.56583e-215 7.18758e-114 0.0592549 4.34606e-182 5.80186e-267 1.12096e-42 2.8843e-194 2.61158e-178 3.17684e-321 1.93807e-187 1.00739e-93
7.78446e-105 2.74231e-287 1.2555e-41 0.446994 2.87184e-135 1.01136e-287 3.4881e-321 2.44752e-09 4.75231e-54 1.56097e-146 3.11755e-321 2.78993e-298 0.0477457
5.00144e-183 5.36583e-65 5.92879e-322 1.52687e-197 8.74407e-183 0.445112 5.72835e-194 1.91286e-132 1.73229e-184 4.49395e-185 2.95451e-321 1.45885e-84 0.399481
2.71736e-322 6.86257e-321 1.55666e-86 8.09794e-269 3.65086e-18 3.36356e-122 1.4858 8.29348e-73 0.48509 2.03183 1.75884 10.6652 5.29357e-74
0.000343299 0.00710006 0.00122077 0.000705374 1.55953e-187 4.07086e-294 2.47033e-323 1.206e-189 9.88131e-324 3.95253e-323 2.96439e-323 1.82804e-322 7.10244e-179
4.22697e-43 5.46264e-127 7.98846e-172 7.60941e-48 0.166593 6.35064e-63 6.28946e-321 8.18506e-65 9.14021e-322 8.4861e-264 3.0138e-321 2.47605e-181 1.59054e-89
1.31548e-243 2.10765e-205 3.1189e-133 1.34966e-71 0.281064 2.91351e-269 3.04268e-312 3.92472e-69 1.07212e-321 1.29121e-138 5.57579e-303 1.74504e-320 4.85679e-31
4.27335e-212 6.08764e-215 1.32686e-275 1.67506e-131 7.33158e-57 9.60736e-65 3.13238e-321 0.0683205 1.08694e-321 2.81821e-192 3.31518e-321 7.83152e-222 4.42746e-142
