1.802e-105 4.49193e-120 9.63549e-39 2.70362e-139 1.9033e-85 1.8994e-35 3.82415e-157 5.77534e-133 0.327372 1.12003e-112 9.6018e-28 2.1232e-154 9.63254e-06
0.0431633 1.4084e-10 0.000943668 0.263478 1.64641e-83 9.5705e-68 2.58659e-189 4.49584e-199 2.44294e-94 3.14095e-124 9.27031e-71 1.34182e-178 1.02172e-116
1.12541e-142 2.56162e-147 2.67343e-15 0.00297144 4.35626e-13 8.29002e-29 1.35398e-177 0.230015 1.78533 3.76954e-49 2.87515e-64 1.52987 7.283e-19
7.58163e-98 9.23939e-99 2.93407e-78 3.82713e-128 1.63394e-23 6.02758e-54 0.36818 3.46364e-63 2.0341e-39 7.49223e-06 3.87694e-21 2.03648e-132 5.8217e-63
2.00295e-62 6.19484e-144 1.01529e-25 1.80264e-107 5.3746e-31 1.9124e-23 2.88633e-115 1.76668e-193 1.36129e-64 3.34146e-100 8.67513e-07 3.66665e-75 0.123348
1.38719e-104 1.3565e-97 6.69461e-06 1.54576e-113 4.76605e-82 0.121997 1.19934e-148 1.43639e-101 5.18479e-20 3.1492e-112 1.62926e-13 1.35622e-72 2.15158e-29
2.12113e-44 8.47527e-196 5.42193e-35 4.73087e-71 3.58571e-21 2.78768e-31 1.17262e-110 4.78578e-143 2.69871e-46 4.9114e-89 5.93931e-69 0.144114 0.0421095
1.28733e-62 5.90144e-90 1.9087e-47 8.66131e-85 0.0495708 0.0236623 1.08826e-162 1.55196e-158 8.10954e-75 0.062899 2.23301e-10 2.01334e-164 5.02904e-58
0.00448143 0.000321352 0.00168996 0.116341 2.35454e-87 2.16846e-70 3.34625e-192 4.23278e-201 4.23236e-95 1.49141e-132 2.76725e-72 7.45842e-178 6.63338e-123
8.90885e-92 1.27318e-108 6.46182e-68 2.25367e-123 2.49269e-77 8.44566e-05 4.19746e-77 2.71368e-160 2.12509e-84 1.89204e-107 0.232005 1.63889e-134 1.19373e-65
1.34946e-91 2.54111e-85 4.07581e-39 1.89312e-18 7.51397e-13 1.76494e-40 2.62043e-68 4.16547e-135 3.36713e-55 8.10048e-56 0.265991 6.91399e-168 4.18773e-82
