1.87659 0.142339
3.25722e-84 1.93296e-113 3.92687e-118 7.39775e-12 1.98779e-61 5.09865e-36 4.56613e-10 3.64156e-30 2.45374e-111 1.13687e-25 2.97159e-14 4.77779e-14 1.21111e-216 0.109785 8.04596e-155 0.25138 1.11919e-79 9.09227e-81 4.10368e-63 0.0955675 1.34854e-07 8.05567e-28
0.0122162 0.0115513 0.0709138 0.335119 0.00062154 1.14525e-06 0.00354883 0.0090968 6.31299e-11 0.00499621 0.00959087 1.92237e-137 3.39874e-224 1.31437e-80 4.37866e-172 4.19491e-193 8.30822e-92 1.721e-86 3.05046e-150 5.37783e-203 2.54281e-111 1.12267e-41
1.50738e-24 3.85561e-89 1.77312e-48 8.03129e-39 5.23402e-63 0.000415665 2.23205e-20 8.59626e-48 1.29893e-29 3.98702e-26 1.75558e-55 3.06155e-121 8.71833e-199 1.32692e-65 5.54991e-106 1.34809e-99 4.19923e-41 5.71089e-59 1.62627e-134 4.92161e-195 1.69955e-92 0.176653
1.66635e-50 9.32206e-22 3.50697e-19 2.4812e-53 0.0762175 1.74733e-19 3.05293e-35 1.63454e-27 0.0322836 1.98119e-20 9.28718e-44 4.85509e-85 6.11027e-195 1.3138e-54 9.34487e-111 3.16895e-172 3.87703e-63 1.16995e-38 1.31018e-99 7.57639e-188 3.25199e-117 0.0196505
1.939e-55 3.33641e-148 4.76907e-86 1.3755e-27 4.72566e-87 2.17142e-85 1.01319e-54 2.98296e-125 3.33274e-45 7.73845e-124 7.53391e-40 1.03953e-113 6.68297e-160 1.16133e-69 0.186609 9.76523e-78 0.246744 2.863e-79 3.93985e-133 1.97723e-136 0.153499 1.72162e-15
4.07791e-43 1.64888e-31 5.28292e-30 8.37641e-34 1.21239e-67 1.02016e-05 9.40135e-49 2.34378e-67 4.98698e-86 4.28283e-40 2.24419e-59 6.54259e-104 4.69832e-229 0.151622 2.40209e-103 2.58724e-19 7.11088e-99 2.99478e-35 0.0597354 6.10162e-192 1.01475e-87 0.0220012
3.97806e-74 1.42577e-09 3.83025e-15 1.07916e-18 2.91431e-32 3.73332e-35 7.84231e-59 3.45177e-69 3.45309e-07 1.36848e-44 1.42597e-06 3.29986e-66 6.584e-224 5.94331e-12 3.10598e-145 2.16185e-138 7.33066e-34 2.38238e-90 6.77122e-128 4.88356e-185 1.7056e-64 0.233991
6.27031e-69 3.18451e-19 3.36974e-96 3.64251e-80 2.1346e-104 0.141742 1.27019e-35 4.07395e-109 9.47075e-53 6.96832e-97 3.51985e-52 1.35235e-24 3.13186e-93 0.128809 8.89888e-106 1.61589e-193 5.82768e-88 0.157561 8.99197e-90 9.41769e-182 5.50581e-118 3.36879e-06
8.3718e-139 1.34643e-180 3.02621e-33 4.18174e-67 3.43242e-26 9.84292e-81 4.55737e-64 8.95491e-103 7.61235e-82 4.70455e-113 3.4574e-72 0.192023 0.194665 5.54059e-81 2.8671e-44 8.72942e-114 2.35924e-37 2.8827e-82 8.15224e-159 2.6262e-70 2.88859e-79 1.27139e-51
