4.46537e-320 2.7094e-266 1.13618e-306 2.64807e-241 1.28402e-250 8.59017e-311 7.13524e-152 2.76677e-321 1.89541e-301 2.59879e-321 9.1142e-276 4.66398e-321 0.116724 0.311794 0.0206817 9.01797e-66
4.60519e-320 2.36057e-311 1.89227e-321 9.51812e-14 1.45368e-191 5.65866e-49 9.66527e-165 2.34681e-321 2.29741e-321 1.67982e-321 3.42032e-231 3.46601e-242 4.13703e-182 1.83792e-321 6.98573e-10 1.2422
3.5385e-320 2.05037e-321 0.0223197 5.72692e-299 5.87327e-28 1.55791e-95 4.06805e-75 0.667295 1.88238e-142 1.44077e-148 5.87918e-43 1.00443 4.38725e-284 2.3248e-298 2.33438e-82 1.39416e-167
7.1149e-315 9.86998e-311 1.28469e-174 1.17601e-172 3.00643e-127 1.13444e-153 4.5454e-321 1.19002e-40 0.45052 1.00478e-148 1.05426e-55 1.201e-120 1.5761e-149 1.545e-152 7.49458e-196 7.14913e-321
0.00857073 0.000485064 0 0 0 0 0 0 0 0 0 0 2.53694e-291 0 1.06852e-311 0
3.78558e-78 3.0431e-292 1.65018e-321 0.036939 8.66839e-286 3.88203e-242 7.12454e-67 5.75113e-74 8.12275e-176 2.1885e-169 2.93255e-219 5.53143e-193 1.63983e-97 2.18377e-321 1.34807e-60 5.1037e-321
4.69058e-114 1.91203e-321 1.88202e-142 8.73356e-45 2.96983e-311 4.32978e-61 3.98217e-321 3.69561e-321 2.00155e-153 2.06025e-321 2.65844e-146 2.64622e-261 4.93591e-172 0.139062 1.93655e-30 4.63434e-321
1.53446e-161 1.10595e-25 2.82606e-321 2.8051e-152 4.45603e-87 0.499474 0.0369376 2.59384e-321 0.584394 0.850255 1.61274 3.89753e-163 1.4948e-168 3.35965e-321 0.000177197 2.9472e-210
3.30925e-320 7.91915e-197 6.34928e-158 1.06597e-147 9.59394e-252 1.59948e-200 2.60867e-321 9.14531e-183 2.8557e-321 1.63042e-321 4.80232e-321 6.11753e-268 1.13622e-30 0.0389604 2.00913e-22 1.74573e-19
4.62049e-120 3.12215e-133 2.74059e-240 0.30593 9.52392e-50 0.0095008 1.02952e-244 1.17522e-227 2.17389e-321 2.68278e-321 0.159859 1.69616e-190 5.66182e-147 2.91993e-321 1.75595e-167 6.64002e-72
4.10667e-320 7.99394e-266 0.57288 2.09374e-135 9.19187e-204 1.15832e-10 1.02295 7.1622e-148 2.59271e-167 2.13436e-321 5.95843e-321 3.62301e-310 0.74846 2.41104e-321 0.364506 1.05427e-288
0.0137967 0.000180463 1.4822e-323 1.4822e-323 4.44659e-323 1.97626e-323 2.47033e-323 1.97626e-323 1.4822e-323 1.4822e-323 4.44659e-323 3.95253e-323 7.7495e-290 1.97626e-323 1.52978e-309 3.45846e-323
6.72361e-132 2.49311e-104 7.5592e-322 1.75035e-259 6.45856e-278 1.85368e-286 1.27469e-321 1.082e-321 1.45255e-321 1.11165e-321 3.75984e-321 5.27917e-207 3.64428e-217 1.34386e-321 9.68776e-249 3.09285e-321
4.9396e-236 9.51491e-198 3.01836e-101 2.38856e-123 3.98997e-135 7.87922e-133 4.08098e-321 1.88061e-46 3.43376e-321 2.07093e-295 5.52365e-321 2.95796e-131 1.58128e-27 0.106851 7.55879e-81 1.98921e-253
3.73761e-320 1.64014e-305 2.40326e-211 1.21331e-299 0.612299 2.00813e-71 7.68485e-129 2.41104e-321 1.89721e-321 1.61559e-321 4.58493e-321 2.4487e-86 1.05472e-129 2.85517e-175 3.19464e-165 3.44858e-321
3.56469e-265 2.05861e-172 1.98614e-321 9.23777e-213 0.0982603 1.99408e-220 8.62845e-279 7.20422e-256 3.62644e-321 2.02073e-321 6.161e-321 3.22235e-271 1.70361e-184 6.09837e-133 2.08458e-199 4.14521e-321
9.88206e-187 2.24642e-287 2.89662e-247 2.70559e-283 4.22115e-270 3.27551e-149 2.83594e-321 1.70453e-321 1.7984e-321 1.58101e-321 4.39718e-321 8.24359e-157 4.96595e-113 2.35669e-321 0.430423 4.47784e-146
