4.27049e-47 2.9517e-22 0.160809 0.000264247 1.40607e-77 6.52891e-32 2.51719e-79 3.05794e-83 0.00355089 2.17818e-13 6.97272e-48 1.20504e-94 5.73781e-34 4.44039e-29 8.13649e-94 4.17873e-67 5.36939e-35 3.09943e-14 1.58287e-63 2.51241e-48
1.4271e-45 9.31394e-40 5.87836e-31 6.75121e-34 5.19241e-107 0.413428 1.73496e-68 1.08853e-22 1.72292e-30 2.1004e-93 1.45157e-07 3.65662e-24 4.75594e-57 4.1411e-54 4.86829e-136 0.000671208 1.97095e-56 1.9107e-35 5.80571e-27 0.0980097
3.38777e-48 1.89636e-68 4.45621e-65 1.21404e-61 4.1926e-25 0.101781 4.7911e-07 2.02767e-05 3.97194e-45 5.82319e-35 2.1246e-64 1.90919e-85 6.61087e-16 0.082632 2.5559e-53 4.76821e-68 8.18646e-48 4.39066e-26 2.34622e-67 1.7292e-33
2.60358e-53 2.93196e-62 3.86546e-62 2.7517e-37 2.5266e-95 8.12255e-94 1.26349e-43 5.57389e-78 6.58389e-55 2.34956e-77 2.49886e-11 1.4085e-29 3.68659e-70 0.389537 8.3043e-32 1.87794e-17 3.777e-64 7.70384e-15 7.55004e-98 8.15011e-104
1.05902e-21 1.20688e-06 0.123497 3.46997e-54 1.03619e-88 4.59779e-96 7.59292e-21 0.000331348 4.61509e-42 0.0285342 0.140654 3.2015e-06 0.10984 1.31894e-47 0.222066 0.372988 1.61188e-34 1.27392e-54 1.95925e-111 2.10388e-95
1.30495e-34 8.37792e-48 4.79837e-63 0.0623124 2.10043e-48 1.88028e-100 9.61264e-60 5.07158e-27 2.21471e-26 1.28176e-60 1.60598e-45 9.53669e-97 3.69323e-60 1.66387e-73 2.39388e-133 4.63454e-95 8.77636e-47 8.40937e-83 1.12503e-89 6.50177e-80
2.63555e-34 4.51066e-70 1.636e-31 2.1091e-58 4.04201e-33 5.28597e-81 1.1036e-17 9.08106e-19 3.35335e-17 1.07942e-31 1.46791e-48 0.153695 8.46321e-35 1.60937e-10 1.35564e-140 4.87156e-43 1.0188e-48 3.79552e-43 6.02516e-66 1.11091e-13
0.00346102 1.18818e-17 6.02171e-56 3.26271e-33 1.90892e-56 1.73085e-104 1.95348e-11 2.43827e-45 0.465632 6.58679e-82 6.2277e-23 3.53106e-94 1.38461e-50 1.32935e-25 7.51017e-116 7.18616e-81 2.32037e-51 0.120741 0.741975 5.78933e-23
5.28038e-30 5.92079e-54 3.18895e-27 6.7073e-26 0.0432394 0.075001 0.0503731 6.99661e-49 1.10028e-57 3.56022e-72 0.000543141 4.24735e-61 1.26799e-11 4.10762e-19 8.99264e-15 2.14904e-40 0.128748 1.97167e-19 0.0791993 3.69366e-82
7.95083e-17 0.0515055 1.13684e-79 0.0310682 8.06246e-93 0.10775 3.82032e-73 1.5668e-16 1.39848e-15 1.50126e-62 3.38494e-38 1.02791e-70 7.27792e-14 0.0535981 3.95447e-120 2.66579e-64 3.67068e-50 3.736e-82 9.46479e-54 4.79237e-44
1.26042e-26 3.0949e-09 1.00144e-61 1.29925e-58 5.94302e-25 1.73726 4.01807e-59 2.67707e-21 3.33023e-44 1.4121e-96 7.69375e-64 5.91606e-40 2.20396e-28 2.59636e-10 9.56868e-68 4.86798e-33 5.21619e-25 4.14326e-54 1.53934e-60 2.7069e-101
0.0377366 8.70238e-75 2.42275e-43 4.80435e-40 1.97925e-44 1.11847 1.79549e-65 0.171149 3.33644e-48 2.2422e-25 1.79764e-37 4.60209e-51 1.86323e-56 2.60361e-10 4.81565e-141 2.57968e-17 2.45049e-43 2.80676e-82 9.71572e-96 1.23876e-78
1.98682e-15 1.60802e-47 7.09392e-43 2.09512e-27 1.57858e-49 7.99398e-38 8.53611e-58 1.76612e-20 5.3477e-49 1.72135e-34 0.219116 3.65314e-91 1.78585e-30 9.57108e-72 1.47512e-77 9.75521e-59 3.15719e-33 6.95492e-28 3.09411e-92 3.04973e-103
