2.20294 0.278293
2.69296e-167 0.493421 1.84402e-201 5.13808e-203 2.23045e-27 1.17395e-198 1.96093e-193 4.22295e-227 7.66049e-300 2.16705e-227 4.40227e-215 0.121797 0.484142 1.55137e-321 6.91163e-54 2.93232e-27 7.93748e-221 2.4584e-123 0.718677 2.62711e-183 2.96205e-268 1.60652e-128 1.18938e-209 1.19024e-117 1.47117e-142
6.0123e-258 0.323099 3.64561e-34 2.93371e-113 7.40067e-218 1.72923e-321 3.33e-321 1.67031e-130 8.38578e-93 1.65917e-287 7.33578e-154 3.41535e-78 1.63059e-61 2.37499e-293 2.03778e-179 1.04739e-192 4.6549e-284 7.16789e-183 1.10057e-21 9.07218e-149 1.63437e-320 1.84659e-289 7.79003e-258 0.319878 7.84043e-230
8.36419e-88 8.60807e-98 2.20075e-182 3.26289e-106 4.29577e-163 1.12191e-197 3.37447e-321 0.192959 1.17246e-174 8.38143e-131 6.57581e-233 2.7932e-74 9.55671e-148 3.41614e-197 5.65172e-17 5.67412e-53 4.87373e-264 7.97837e-228 1.51934e-106 1.11294e-118 6.0021e-239 8.24895e-311 9.37203e-97 0.0543065 1.25781e-305
2.23627e-245 1.27641e-145 2.05124e-159 4.28046e-188 7.8168e-247 9.43665e-322 2.47033e-321 7.57132e-218 1.23449e-294 9.30508e-187 2.58196e-226 1.27716e-113 0.132101 1.02272e-321 5.31422e-175 1.63436e-132 3.04713e-241 5.55829e-208 3.93495e-120 3.49796e-115 5.44948e-267 1.31916e-321 7.49059e-316 6.38475e-102 3.47442e-293
8.81225e-210 8.73276e-20 4.93627e-137 2.40593e-41 8.61496e-74 1.3735e-321 3.65527e-296 2.57007e-136 6.7894e-114 6.14421e-264 7.14133e-116 3.2326e-15 3.85357e-94 1.18082e-321 9.20144e-180 5.31118e-217 9.58248e-184 1.69034e-178 4.03209e-51 1.7178e-162 3.58686e-180 4.03371e-230 4.45876e-210 5.14623e-84 3.09891e-309
3.71579e-220 0.0959601 0.793301 5.0641e-60 0.615003 2.54701e-249 3.41051e-131 1.66118e-73 1.43119e-205 0.233118 4.51204e-124 9.00782e-137 1.44728e-39 9.76138e-154 5.36532e-135 4.39555e-166 9.31185e-215 2.01567e-130 1.24973e-28 1.86996e-130 1.2773e-176 9.29096e-183 1.00958e-161 5.87415e-161 4.40323e-208
1.84602e-146 2.2262e-75 2.14995e-05 1.0202e-66 3.41227e-179 2.54702e-284 3.9016e-272 3.8746e-216 1.09353e-287 5.47233e-215 8.5046e-125 0.149504 1.60869e-164 4.51245e-305 6.89588e-172 3.74175e-71 3.96778e-238 2.31769e-248 1.59114e-41 1.20073e-11 2.5821e-227 1.3126e-267 5.91312e-199 1.35579e-27 7.42711e-136
2.23583 4.03913e-13 3.95387e-187 0.417597 3.14164e-50 0.755728 1.45329 1.09644e-163 0.476905 2.26622e-121 0.477515 0.243833 4.59025e-91 0.630177 0.54263 0.44331 0.583172 0.623832 3.6531e-73 3.21866e-89 0.639873 0.807028 0.705137 5.27149e-138 5.70427
8.59452e-156 1.03866e-106 6.88327e-152 5.29283e-68 1.06729e-81 1.27874e-314 3.56715e-321 6.47226e-322 1.1907e-321 0.130587 2.11784e-223 2.15193e-60 1.88808e-54 1.28457e-268 6.98651e-131 2.54526e-169 2.3067e-220 3.63443e-96 7.76178e-38 0.150134 1.46012e-239 7.70342e-228 4.30303e-303 3.37259e-89 2.16337e-244
