3.11411 0.0890281
3.62334e-84 4.4533e-160 2.761e-77 7.00627e-90 3.26707e-46 5.90724e-67 1.77908e-39 5.14243e-154 1.97386e-70 2.57202e-49 4.95641e-38 1.452e-119 3.66285e-245 2.90145e-215 5.36825e-73 1.60472e-42 1.27153e-55 8.49259e-33 0.614607 2.26268e-140 7.9517e-139 8.57533e-161 7.06517e-214 5.1073e-120 1.06579e-63
4.77088e-53 3.7297e-133 3.99201e-90 7.0927e-27 7.81114e-09 2.02624e-89 4.36457e-48 2.13376e-138 8.15713e-07 6.97311e-54 1.65921e-12 2.16861e-131 1.04852e-184 5.0234e-156 3.71112e-33 4.21513e-16 2.37994e-73 0.00584298 1.53172e-05 1.39061e-159 1.01654e-71 1.60108e-136 4.33105e-161 1.8994e-59 9.56561e-41
7.95473e-45 3.91398e-102 1.11303e-74 1.87651e-81 7.27008e-24 6.84131e-33 0.211804 3.51497e-68 2.68491e-94 0.0021481 2.33113e-38 3.71163e-130 2.81314e-226 2.53438e-219 1.61377e-21 7.14974e-30 7.00728e-26 7.08207e-37 0.000662682 8.23557e-175 1.25777e-98 7.18906e-166 6.93378e-211 7.26892e-143 3.91959e-38
2.17231e-28 3.95165e-137 1.23011e-26 1.49895e-54 1.0214e-41 3.03944e-58 9.04501e-16 1.77436e-91 4.63446e-73 3.50531e-29 3.45187e-14 1.45567e-109 2.12072e-228 1.44662e-200 8.51716e-58 0.034534 0.211078 4.21425e-51 0.223282 3.06237e-125 3.50298e-125 6.08393e-157 1.88954e-156 2.62854e-137 4.2443e-52
0.396125 0.134126 4.51483e-80 0.440628 3.30266e-44 2.30833e-11 1.17611e-13 0.38452 0.718613 0.211438 7.84121e-15 2.66905 0.46465 0.295606 0.201697 1.56377e-15 5.90649e-45 4.16571e-38 3.8474e-08 0.136759 0.175504 0.397425 0.295436 0.337925 5.72444e-30
3.1847e-86 8.65011e-159 9.2226e-71 6.05776e-96 2.10324e-54 5.38253e-65 1.6498e-21 7.33787e-151 4.86815e-94 3.99417e-33 1.80708e-29 7.25007e-130 3.84834e-235 3.41455e-205 1.26327e-69 1.17664e-62 6.57468e-69 6.92987e-56 0.132908 9.78852e-155 1.33485e-114 8.945e-177 9.69336e-202 6.61913e-119 9.01492e-36
9.56856e-70 1.85832e-154 3.64257e-92 1.76897e-83 1.09038e-41 3.66478e-63 7.11792e-32 3.89715e-140 4.84819e-63 4.64248e-55 5.93503e-41 3.94476e-139 4.02989e-232 5.8105e-189 6.17891e-69 2.89783e-38 4.7554e-69 1.47404e-36 0.0535699 8.89107e-138 5.89705e-116 5.37038e-190 5.74763e-189 7.66356e-120 1.08657e-55
1.00987e-34 2.14627e-127 0.0432562 3.03103e-14 0.215297 0.163728 2.04037e-25 4.29106e-11 2.95094e-23 4.13499e-41 0.0241784 1.96422e-139 7.55928e-234 2.29572e-157 2.23847e-16 3.42943e-43 1.29587e-14 3.25205e-42 0.75706 4.13301e-146 1.20825e-141 1.75232e-177 7.01729e-209 1.34344e-101 0.467857
2.80581e-55 2.75374e-131 9.28421e-46 2.14216e-43 5.20008e-21 2.00243e-31 9.18859e-13 2.17451e-104 1.57274e-19 5.65983e-39 1.28184e-31 7.60317e-113 7.28603e-260 5.91694e-193 1.17145e-75 7.09261e-49 2.91349e-27 0.101975 0.0011506 6.84225e-119 4.07386e-129 5.31327e-195 3.74959e-160 9.79083e-67 1.00105e-52
