3.73353e-103 5.90529e-81 7.5007e-11 0.0145755 2.73803e-94 1.64502e-68 1.75165e-156 3.94826e-109 2.75058e-201 1.53116e-157 2.54318e-106 4.22926e-111 9.5856e-55 1.02792e-127 9.73044e-74 5.48413e-322 7.3278e-60 1.33057e-74 3.72924e-136 2.64081e-112 1.47864e-60 2.69931e-171 9.04935e-134 8.18689e-143 0.0385753 1.58171e-36 1.04184e-62 1.7789e-89
1.05822e-61 2.31929e-56 1.49109e-101 6.6386e-72 2.70412e-125 1.30803e-81 2.35548e-127 5.41015e-133 1.48022e-224 1.26992e-168 9.55101e-101 3.76431e-58 1.17422e-76 8.4554e-109 1.56756e-116 4.39718e-322 1.10768e-57 1.44679e-56 1.8969e-130 3.24518e-157 1.7745e-171 1.82991e-151 8.89136e-76 1.35827e-88 5.86176e-70 1.49163e-53 4.01095 1.05632e-137
1.02832e-80 2.44611e-85 1.91916e-10 1.40829e-10 9.54653e-108 2.18927e-86 4.59355e-165 1.66496e-174 1.02685e-232 1.50599e-218 4.59551e-84 1.11122e-134 7.532e-78 5.50134e-113 2.14814e-50 2.69541e-238 9.3689e-100 2.27524e-52 1.07804e-194 2.0423e-199 1.25643e-154 2.67859e-135 1.87996e-97 2.66649e-101 4.76429e-42 4.12757e-74 0.0769357 8.84892e-176
5.95527e-105 3.92526e-32 3.30306e-38 6.96578e-156 2.02639e-120 3.97279e-159 2.47321e-168 2.86874e-72 1.4027e-134 1.38507e-163 2.70414e-136 1.04185e-107 2.80854e-55 2.27003e-70 1.48283e-28 4.50814e-318 2.15281e-120 1.3405e-23 1.26033e-217 2.02653e-163 1.00559e-86 1.84846e-150 8.4645e-65 9.15367e-147 1.95534e-73 2.01371e-85 0.108717 3.57563e-101
5.8473e-28 5.31276e-26 0.0832791 2.18246e-154 1.27903e-147 5.35318e-07 0.13823 2.0512e-82 4.79162e-152 5.42375e-163 0.215833 1.07653 0.153764 7.59768e-56 0.074029 1.19896e-254 4.5485e-24 0.0848499 0.0023254 2.30349e-120 2.76178e-131 1.14882e-138 2.04516e-72 1.66818e-77 2.0244e-53 3.9198e-91 0.0709456 1.49676e-122
1.29765e-49 1.60666e-116 3.70976e-100 1.10006e-122 2.62859e-85 1.44446e-81 1.20219e-116 2.00933e-160 1.22117e-210 2.08953e-117 4.03277e-61 4.91525e-113 1.04261e-34 1.75281e-136 3.42629e-122 1.0653e-247 5.38614e-91 1.88284e-79 3.41221e-98 8.57794e-124 9.53825e-172 1.094e-96 2.92386e-106 4.46575e-136 0.204437 2.93403e-92 9.6539e-11 2.61397e-90
1.7002e-95 4.0778e-162 2.74202e-90 1.41526e-152 3.24222e-100 0.039688 9.85704e-42 1.29351e-88 7.80103e-139 3.19025e-107 4.10071e-139 3.15527e-48 1.12969e-77 6.86371e-190 3.64963e-105 8.37394e-141 2.12092e-103 3.05315e-43 8.78343e-59 2.13562e-167 6.05594e-95 1.28592e-92 9.4263e-73 2.04913e-143 0.243838 4.41853e-34 1.22856 1.30044e-157
1.17589e-172 9.64688e-47 4.62823e-55 2.0424e-177 2.13173e-156 8.56922e-28 3.40093e-16 1.20942e-68 5.52336e-139 1.04199e-85 2.05028e-45 6.2971e-140 1.37542e-37 1.01233e-168 1.66224e-95 8.39912e-322 1.12889e-50 9.76373e-81 2.74257e-46 1.85266e-19 0.0362842 2.51079e-163 1.09284e-106 7.63456e-56 1.00996e-50 0.101121 1.90842e-41 6.26723e-158
1.64825e-182 5.92701e-124 6.38188e-156 3.93876e-20 7.02954e-103 7.9164e-57 1.42801e-166 0.320083 0.275184 2.64195e-61 1.60978e-127 2.73384e-32 1.19177e-35 0.171759 1.8753e-13 2.53858e-106 7.87027e-139 4.53656e-93 0.269093 0.485438 9.46752e-94 3.01004e-47 0.434696 1.71795e-78 2.67032e-111 1.40992e-24 5.18349e-36 1.48879e-99
6.95571e-75 5.08928e-20 3.19178e-55 3.4328e-167 2.14268e-125 3.57263e-153 9.94933e-20 1.07179e-155 6.9475e-17 3.13484e-184 5.81488e-28 1.07429e-66 3.19742e-50 3.56669e-173 0.0553752 1.49749e-64 9.63964e-90 8.58445e-93 2.80827e-42 2.34094e-173 1.88088e-114 2.20535e-103 1.04193e-19 1.16654e-119 7.17791e-05 1.25646e-26 3.90812e-25 0.242623
4.06158e-55 7.42094e-192 2.74522e-294 5.67832e-49 1.95152e-44 5.82493e-83 3.64731e-132 0.44269 1.46277e-80 0.680813 0.024745 6.16106e-140 5.92579e-57 4.16779e-188 2.3685e-55 0.27814 0.0878342 1.69058e-45 7.89107e-119 5.22633e-33 0.241726 0.200876 1.89193e-87 0.394735 7.68079e-91 5.67328e-07 8.20762e-31 3.34483e-162
0.351 0.00345932 2.20172e-78 2.87423e-170 1.48988 8.88382e-169 3.41877e-108 1.36675e-135 0.234652 2.76237e-100 5.92891e-34 6.34698e-79 1.2698e-30 1.57832e-199 4.83451e-24 9.53042e-238 1.39319e-123 4.3805e-26 1.36307e-113 5.70259e-09 8.25402e-85 2.64916e-130 3.33368e-91 7.68826e-60 5.49513e-44 9.26618e-05 7.47847e-39 2.11765e-28
3.00916e-132 7.05794e-40 3.01896e-29 3.14842e-123 8.69457e-104 5.2591e-58 2.01255e-147 1.5967e-134 1.29358e-181 2.04467e-239 9.36656e-47 1.58376e-15 2.93311e-68 1.23148e-68 1.94451e-82 3.98312e-268 9.17813e-81 3.86623e-78 3.32304e-199 1.25076e-216 1.69441e-90 3.94134e-125 1.87941e-62 2.37479e-107 2.53865e-23 5.72205e-65 0.189738 7.07234e-148
0.0876174 1.32929e-25 1.62314e-43 4.47261e-55 1.58539e-95 9.54399e-152 2.13787e-131 2.68612e-167 7.72436e-169 3.90367e-180 6.91044e-108 2.92844e-140 1.18765e-66 1.60978e-109 1.21752e-84 4.74303e-322 1.27544e-103 2.00579e-91 3.09977e-178 2.08726e-222 5.54915e-146 1.84632e-126 3.89245e-92 2.56285e-102 2.53987e-66 2.08296e-66 0.133702 5.2409e-133
1.01662e-95 2.53299e-14 2.56592e-82 2.29043e-106 4.36907e-141 9.04871e-161 1.66915e-93 2.4406e-170 1.37811e-154 3.46455e-231 2.28669e-121 8.4691e-113 1.2057e-65 1.36589e-180 5.60495e-62 1.35152e-239 4.95115e-110 2.20255e-57 2.79787e-123 1.73562e-92 1.33029e-112 1.40361e-174 4.07312e-95 1.62016e-95 3.11162e-72 2.13573e-22 0.385061 4.75163e-154
3.56537e-112 4.52332e-48 1.94621e-16 7.19511e-112 1.25169e-54 5.82275e-124 4.39797e-73 1.35181e-144 1.65536e-54 1.06241e-214 7.98098e-77 0.14447 1.59588e-35 2.75091e-137 1.5579e-57 1.43451e-233 0.0971535 4.15846e-120 6.16369e-100 2.95821e-176 2.19024e-99 1.15465e-68 4.59993e-46 2.95861e-51 1.56364e-17 2.07413e-51 5.70758e-64 1.12116e-58
