1.7432e-49 5.34955e-145 4.40155e-91 1.02392e-209 2.26776e-321 0.564638 1.25459e-179 3.31596e-110 1.49897e-210 1.5862e-201 1.49208e-321 6.19558e-321 2.60594e-137 0.0909809 9.31927e-222
1.13977e-44 1.41508e-44 1.30701e-130 1.0861e-233 8.74763e-145 0.309301 1.63782e-93 1.52436e-43 1.36716e-183 2.67491e-154 1.70453e-321 8.21816e-283 4.25827e-26 1.56781e-158 5.75636e-55
0.00368897 0.00981649 0.0133209 0.00757103 0.00376874 3.0552e-303 5.87398e-229 4.8345e-266 2.96439e-323 3.97258e-295 9.88131e-324 3.45846e-323 2.47033e-323 3.92138e-311 2.58515e-293
1.89073e-08 9.41309e-118 8.58284e-97 3.75384e-70 1.20665e-120 1.33684e-250 2.39236e-132 3.20357e-244 3.68658e-302 7.6102e-263 7.02067e-321 3.81419e-321 1.05393e-300 2.39816e-213 2.80167e-236
4.68113e-79 9.63324e-114 1.68415e-280 5.30194e-91 1.22142e-317 2.67315e-07 6.31939e-07 2.86583e-120 3.09285e-321 6.03707e-24 6.84005e-218 3.60544e-283 3.0474e-228 0.17684 7.20609e-35
1.43587e-89 1.7427e-312 9.78803e-238 1.12773e-131 1.24445e-204 5.00821e-188 0.0426708 9.18365e-101 2.65919e-220 5.6787e-127 1.5316e-321 3.42387e-321 0.319012 2.77607e-270 4.87401e-95
1.52567e-75 2.01556e-235 3.14743e-268 6.70459e-193 7.46726e-289 6.18207e-77 0.224029 4.19647e-154 2.35175e-321 8.799e-155 6.42057e-306 2.96933e-321 3.32976e-211 1.12389e-70 6.26945e-126
6.03469e-264 5.82563e-207 8.34696e-176 1.39451e-156 3.1772e-313 1.12572e-204 8.87879e-187 8.25562e-243 3.76367e-133 0.049628 1.55437e-147 4.09086e-321 1.07804e-163 4.37043e-310 0.109689
2.02033e-106 2.59233e-26 1.35129e-45 3.44242e-169 7.72206e-105 1.59424e-244 0.188003 6.38984e-110 2.43574e-321 6.41988e-110 1.24999e-321 2.65807e-321 1.09098e-199 9.15191e-62 1.47334e-191
4.91806e-125 2.97927e-67 6.43548e-143 4.61668e-167 7.73916e-05 0.261559 3.69176e-127 1.58236e-189 2.71736e-321 3.95166e-259 2.08788e-247 3.01874e-321 3.03802e-43 8.96996e-305 1.49094e-178
5.95158e-293 4.6585e-216 2.02932e-44 5.3469e-220 2.42092e-321 6.10231e-09 5.90299e-102 0.331646 4.83499e-186 2.14854e-100 1.85769e-321 6.12333e-201 3.35203e-05 3.7565e-12 0.14509
7.61986e-90 9.11433e-175 7.15408e-247 7.20297e-75 2.28258e-321 0.00904872 1.39427 1.3184e-182 3.42387e-321 3.23105e-223 7.64715e-311 2.31076e-213 6.63088e-53 3.24055e-134 3.42601e-86
3.83269e-138 1.40275e-42 2.84171e-135 3.47142e-234 1.97132e-321 3.86425e-09 1.11668e-30 4.08251e-85 2.77171e-321 5.30197e-118 5.13859e-310 4.48612e-321 1.62102e-268 0.32033 2.78332e-285
6.32744e-87 9.83737e-207 8.52165e-309 6.01419e-84 1.72429e-321 2.58442e-196 1.54319e-224 2.9729e-73 3.45846e-321 3.39746e-203 3.21629e-284 6.40803e-321 0.22916 0.00124801 4.94158e-36
2.90888e-139 8.02281e-82 4.70197e-39 4.50213e-296 3.10452e-29 3.82699e-232 0.136679 2.09523e-101 3.74996e-321 1.49195e-258 2.33693e-321 4.74131e-180 3.12652e-93 1.80818e-99 4.6028e-126
1.02969e-146 2.20755e-278 8.06171e-111 2.61399e-220 2.71736e-321 0.00255662 4.92342e-119 1.51521e-08 1.17575 0.701291 0.610816 2.09498 8.2205e-280 19.4441 1.08216e-148
