0.00722676 1.26452e-104 3.48316e-321 3.86189e-185 5.2478e-298 4.40565e-217 6.22328e-125 2.11657e-134 0.342928 3.74596e-134 9.21072e-89 2.45551e-321 2.22384 1.45888e-157 2.12689e-159 3.69463e-189
1.21075e-86 4.92603e-69 1.91333e-184 8.17314e-207 6.61473e-13 1.72035e-153 6.83408e-193 1.08126e-288 9.20774e-112 1.28801e-114 2.88424e-247 8.89318e-322 0.272068 3.07942 9.39958e-153 1.15619e-34
8.69556e-322 5.39689e-87 5.04131e-135 1.30245e-189 3.78235e-70 9.12919e-108 8.12477e-246 4.45017e-141 6.79787e-31 0.000230296 0.198737 1.31916e-321 6.32798e-95 6.6524e-127 0.106779 3.1059e-182
4.41688e-123 1.38338e-321 2.56703e-254 2.35175e-321 1.02435e-140 1.24772e-123 2.60373e-321 3.35103e-224 0.0750597 2.89064e-181 8.92295e-18 1.45255e-321 1.70653e-80 3.46123e-73 9.43665e-322 6.34151e-99
0.00172165 0.00189493 0.00576012 3.26882e-07 0.00414011 0.00711507 0.00419582 0.00121177 1.4822e-323 1.89975e-209 1.97626e-323 4.94066e-324 6.73413e-236 9.46257e-291 4.94066e-324 2.28421e-253
8.89318e-322 3.1989e-119 4.06616e-321 2.2233e-321 3.23613e-321 2.81536e-29 3.93276e-321 0.000621734 2.53496e-302 6.35947 4.25391e-321 1.02708 7.68833e-174 3.10682e-109 1.18082e-321 3.97624e-231
8.44852e-322 1.45591e-183 1.9728e-74 8.17983e-158 4.61266e-210 2.01348e-110 1.56569e-105 7.20349e-158 6.80598e-128 1.01848e-151 1.14941e-203 1.25493e-321 1.72852e-107 9.32045e-163 8.78101e-231 0.0210771
7.05616e-112 3.16057e-105 2.5988e-41 2.36175e-103 4.16528e-166 6.17463e-61 4.99561e-75 2.07243e-215 1.05934e-226 1.5718e-118 7.01209e-194 1.57607e-321 7.68671e-110 1.47828e-14 0.0806566 1.3101e-171
1.1926e-157 1.51212e-85 2.43812e-176 3.14496e-51 3.81342e-244 5.13397e-43 2.42203e-296 7.30835e-268 3.04081e-244 5.07443e-129 0.324475 1.55137e-321 5.76399e-75 6.84275e-117 2.45303e-175 4.9759e-13
4.96312e-59 1.32711e-26 2.80197e-36 0.0955962 9.38066e-18 4.34141e-22 1.2035e-09 7.5121e-25 9.24778e-301 5.5638e-187 4.82422e-309 2.42092e-322 6.46844e-205 4.45636e-210 1.67982e-322 1.05018e-233
8.17319e-93 5.88636e-115 3.29542e-321 4.73593e-179 2.84186e-16 1.30161e-296 2.60373e-321 4.44048e-207 3.78951e-145 6.22293e-12 8.38978e-162 1.6897e-321 6.79392e-193 1.83791e-114 9.73309e-322 0.129922
7.92548e-31 1.89414e-59 7.36921e-05 1.15117e-95 0.00364936 1.86917e-71 3.37678e-265 1.44203e-87 8.61972e-204 6.19382e-87 2.41969e-237 1.31916e-321 1.19454e-32 0.167966 5.58294e-322 1.13384e-80
3.33762e-49 2.7379e-56 2.5147e-34 3.51737e-51 4.15282e-99 2.8268e-48 2.48054e-64 2.53006e-165 5.45865e-109 1.59113 3.95653e-205 9.38725e-322 1.62624e-114 9.75623e-13 6.19259e-88 0.393874
1.34917e-245 2.05898e-156 9.13292e-119 5.63153e-29 1.49919e-155 2.56234e-192 1.12245e-281 1.91561e-89 1.46466e-208 0.246784 1.99603e-321 9.43665e-322 1.04439e-144 0.831184 4.52729e-283 1.9918e-243
