1.10483e-88 2.81323e-63 8.62353e-29 2.84656e-108 2.25539e-41 3.98688e-234 7.87181e-118 1.32422e-84 5.05919e-105 2.48536e-102 2.4055e-107 5.48443e-108 8.76744e-29 2.57719e-98 3.38004e-141 2.34898e-62 6.01147e-30 2.48668e-08 0.422174 6.70815e-71 1.7769e-59 1.77285e-171 0.178811 6.92e-20 3.33649e-26
2.68563e-130 9.18176e-48 5.37423e-154 9.11477e-37 8.20812e-33 1.99923e-72 3.39101e-146 1.49198e-161 0.129055 2.90233e-35 5.42214e-106 9.41897e-98 4.82278e-57 8.95741e-115 2.72677e-123 2.08098e-141 4.01417e-168 2.74533e-112 6.4966e-21 4.12657e-23 1.80127e-18 0.0700883 3.90426e-05 1.049e-64 1.31838e-82
3.76043e-38 2.04908e-20 2.30794e-13 1.15893e-15 3.00032e-29 5.39905e-08 1.78478e-36 1.37854e-36 1.26907e-136 1.33708e-104 2.10291e-78 7.38352e-158 6.217e-101 6.51776e-140 2.8366e-141 2.41018e-162 2.10573e-187 3.94226e-142 1.55995e-168 2.83156e-88 8.14881e-127 6.61301e-167 1.74644e-114 3.33402e-200 1.30326e-97
1.59993e-22 1.70879e-14 7.8408e-268 9.14595e-150 9.62625e-83 4.127e-12 2.77116e-78 1.57348e-128 2.04611e-17 0.107755 5.62803e-54 0.353048 8.93148e-95 0.0851037 6.18016e-121 0.160675 0.188796 7.42907e-24 0.141452 2.83908e-28 0.643434 1.54354e-104 0.204313 0.19986 0.240195
4.33339e-139 1.00662e-05 2.25308e-142 1.22677e-52 6.65667e-46 2.59994e-135 7.15524e-124 1.59046e-103 4.17703e-31 4.9362e-110 0.0885982 9.12783e-117 0.155986 4.50458e-78 0.0969191 2.61258e-132 1.10483e-197 5.51361e-12 0.03073 1.03559e-30 4.95756e-137 2.17831e-73 7.71295e-46 4.1706e-58 8.59261e-101
1.02691e-15 1.03286e-54 2.35406e-45 7.24442e-79 1.01103e-112 4.61153e-121 1.95167e-160 2.79719e-98 4.19426e-117 4.88987e-104 7.85834e-32 1.0314e-52 1.44679e-114 2.00847e-125 9.65156e-99 6.81073e-166 8.23832e-196 5.11883e-110 8.16408e-33 3.6583e-77 5.28803e-39 1.4978e-146 1.59451e-37 0.160414 1.87255e-82
0.000220856 0.000555274 0.000348512 0.00026714 0.000795757 0.0003412 0.0128828 0.00190522 1.60635e-167 1.44795e-114 7.21196e-113 1.76036e-167 1.05917e-120 8.88833e-186 7.41598e-147 1.92512e-195 3.01033e-204 7.3171e-148 6.96369e-177 2.2334e-99 1.85989e-139 1.0223e-190 5.35044e-124 1.41161e-227 1.98502e-131
1.0708e-05 3.33958e-44 3.49905e-08 4.43543e-50 4.15754e-35 7.23779e-138 4.79126e-145 8.86938e-15 5.4676e-92 6.36964e-08 3.25467e-21 9.06603e-72 6.58328e-73 2.0614e-86 4.0726e-124 7.01548e-50 3.04164e-79 2.69087e-99 8.70603e-146 2.86681e-30 5.41593e-110 1.83265e-156 0.175493 1.13877e-58 1.17313e-35
7.76841e-59 5.34196e-10 2.95489e-131 8.59128e-50 2.78126e-23 7.15569e-176 3.29099e-98 1.66364e-142 2.55509e-16 0.202863 5.10213e-18 1.169e-117 1.87581e-100 3.41963e-17 3.45773e-44 3.09265e-166 2.39241e-157 5.05635e-72 1.67425e-105 2.49777e-83 1.27319e-57 4.66993e-175 0.128249 4.55314e-130 3.39641e-74
2.24162e-47 4.59832e-92 5.72001e-93 2.17672e-91 6.36005e-33 9.10813e-142 1.45247e-131 8.88065e-100 2.10233e-91 1.89904e-56 6.22769e-57 1.67988e-104 1.64884e-76 1.3931e-34 4.86248e-25 7.77603e-103 2.78285e-162 7.75062e-105 5.36468e-20 1.04684e-94 1.18694e-69 7.24774e-127 0.439982 9.5827e-129 6.39414e-49
5.1402e-146 3.70683e-34 1.07708e-101 2.20063e-37 2.11037e-16 2.81727e-155 6.87183e-67 7.01827e-18 1.48211e-111 3.8741e-12 0.194021 1.29254e-49 8.96084e-97 2.11051e-52 3.26032e-06 4.06095e-181 3.96463e-197 2.74781e-93 1.62512e-122 3.12427e-47 2.29785e-120 1.81715e-177 1.32902e-101 1.41276e-164 3.998e-70
3.99412e-55 1.62154e-94 5.76901e-156 1.29137e-81 1.60176e-56 2.41035e-42 1.75907e-110 5.65965e-49 5.2123e-132 0.0284891 1.53171e-76 3.35103e-60 2.16885e-49 1.97333e-61 1.35336e-130 6.05081e-124 4.92321e-83 6.24301e-46 1.68636e-163 5.91079e-76 9.03021e-131 1.70098e-181 4.48234e-81 3.85245e-168 1.30794e-80
1.65134e-53 1.83185e-14 1.07174e-128 1.10873e-80 1.60793e-12 4.48356e-20 1.05861e-40 2.08832e-118 6.07303e-146 2.39605e-38 6.44001e-75 7.39514e-59 3.78968e-63 5.0149e-31 2.48641e-37 4.51943e-97 1.60205e-193 1.99933e-124 1.13622e-57 0.10448 5.55881e-67 6.71703e-152 1.13045e-116 8.96138e-97 3.44762e-112
9.9221e-136 1.40779e-55 3.32829e-79 6.0401e-31 1.60841e-55 1.92692e-154 3.48014e-114 1.45337e-83 2.59387e-145 3.11014e-39 1.30437e-97 2.89947e-154 7.73773e-87 1.28773e-35 0.403222 5.27016e-93 2.62572e-96 5.34818e-32 1.20766e-31 4.06732e-46 3.90532e-51 5.42033e-131 2.02051e-88 3.80017e-112 5.38726e-59
7.99201e-103 8.63416e-32 3.86203e-52 3.41101e-102 1.1302e-81 1.24149e-57 3.45058e-118 3.11851e-110 1.92432e-39 1.0942e-42 1.42886e-43 1.53428e-126 5.91221e-51 7.88281e-156 7.79618e-103 6.84623e-126 3.26558e-175 2.27701e-142 3.5701e-34 0.0691049 3.25429e-60 5.54787e-95 1.68304e-79 8.42583e-82 5.78567e-93
1.81299e-37 6.14944e-78 4.04114e-125 5.17375e-46 2.34514e-114 7.91443e-100 9.27154e-129 1.08839e-35 0.179163 8.68273e-40 5.62258e-59 4.52967e-120 1.59762e-48 4.562e-87 0.00819852 1.35052e-143 6.84165e-29 0.158592 1.11128e-142 7.3571e-45 8.55164e-49 5.46849e-34 1.23234e-57 5.96861e-74 2.60867e-67
