1.33438e-122 2.1888e-57 1.18726e-82 2.00162e-14 1.40796e-12 6.31207e-112 1.18385e-84 2.05249e-53 0.577467 6.88057e-36 1.61243e-86 3.97547e-40 4.08008e-21 1.30006e-09 3.32107e-09 0.120716 3.68804e-67 0.000757513 1.59453e-86 1.45862e-11 5.97822e-81 0.118143 6.05787e-33 7.15505e-127 1.67485e-130
9.32888e-24 8.88124e-21 2.22654e-10 4.34955e-05 1.78996e-08 3.19635e-54 7.8159e-102 1.46891e-73 4.78966e-42 1.98181e-23 2.75469e-06 2.52422e-21 2.17368e-32 2.34027e-49 2.18727e-62 4.45966e-69 3.33549e-34 0.0217014 1.91964e-46 4.14275e-12 1.61693e-124 0.0601651 7.44858e-64 3.40729e-62 3.81347e-57
5.82453e-71 3.10047e-55 5.24814e-84 1.17031e-113 2.8534e-81 9.96923e-146 3.6633e-90 9.0734e-41 4.48335e-25 6.08018e-53 0.17643 1.96501e-67 1.39739e-30 0.315102 3.03908e-33 6.39793e-107 9.06219e-103 1.52214e-21 9.84573e-83 4.52284e-09 0.0690782 4.17572e-16 7.78696e-51 6.50563e-102 5.95613e-56
9.55577e-98 2.2608e-27 7.58891e-30 5.59505e-111 2.54937e-20 9.7927e-151 5.86628e-130 0.0983836 3.93477e-28 5.36698e-37 1.31776e-75 0.0529763 6.06448e-43 2.86641e-34 0.253292 2.41311e-65 0.266152 7.37221e-60 0.0878098 9.53072e-06 9.12405e-101 0.0577261 4.51557e-95 0.0989184 1.82924e-139
4.37769e-169 7.16985e-65 4.56399e-109 1.42744e-109 2.18322e-103 8.96668e-57 2.36303e-83 9.52124e-40 3.21022e-37 5.56766e-21 6.04205e-123 4.94049e-90 9.36149e-69 2.69371e-74 1.64144e-139 2.7653e-113 2.74182e-103 6.49923e-20 7.72783e-131 2.50165e-31 0.00288991 1.51401e-10 8.86253e-108 1.11165e-17 0.104891
3.14489e-50 3.19836e-61 1.78105e-20 0.0344273 2.91808e-38 4.4192e-19 1.30994e-52 6.34193e-88 3.79156e-102 1.47293e-54 1.12557e-94 3.66731e-95 6.82147e-39 4.33283e-15 1.01442e-62 2.0935e-92 3.03118e-117 2.28285e-34 8.34392e-79 0.333509 8.02167e-127 1.83698e-119 5.34193e-17 2.11506e-68 1.43941e-113
0.101352 5.42376e-12 6.32579e-20 4.09639e-11 1.08488e-11 4.03278e-07 0.032968 1.03013e-12 9.14109e-99 8.82658e-53 3.05633e-122 7.23315e-90 7.46398e-72 3.80025e-91 2.05076e-135 4.11328e-117 3.96162e-130 4.3679e-78 3.96717e-137 1.52965e-46 1.56756e-119 4.22522e-122 2.45719e-111 8.20263e-126 3.59514e-119
1.04666e-101 1.62097e-38 1.89743e-32 2.93739e-06 1.12421e-08 0.151496 1.90901e-11 7.20574e-93 3.16925e-104 1.26228e-27 2.12394e-118 1.25079e-27 1.07524e-74 4.75711e-05 4.48537e-58 2.95115e-92 3.09664e-20 2.48246e-28 1.80944e-100 7.77343e-36 0.060428 1.93403e-94 4.22871e-20 1.34181e-82 3.43367e-12
4.5984e-45 5.11202e-38 2.4956e-94 3.12754e-88 3.98518e-32 8.91034e-106 4.6427e-44 1.75997e-103 1.13463e-80 1.49245e-43 9.318e-20 3.87457e-13 0.00565565 2.01655e-43 8.64941e-39 4.85966e-105 9.04567e-77 6.36886e-49 4.17776e-93 1.61768e-50 0.0424931 1.89537e-86 1.59376e-90 7.30269e-12 8.3313e-13
4.41566e-36 1.42738e-32 4.11023e-29 6.49645e-94 2.12667e-57 9.87066e-82 3.72848e-37 4.70601e-16 3.24789e-73 1.19163e-13 6.29997e-47 3.3869e-76 2.45453e-17 3.1962e-74 1.13592e-75 1.99106e-109 1.86187e-89 8.98161e-08 5.07173e-125 0.175591 6.9237e-86 4.26722e-25 1.51351e-87 1.96646e-48 3.43648e-85
4.77896e-17 5.30386e-34 4.66382e-50 1.21164e-80 9.21721e-13 7.63215e-59 2.93671e-35 1.68732e-76 2.42373e-76 3.36717e-18 1.73072e-20 3.62422e-59 3.29403e-24 3.18219e-53 1.09469e-71 8.03636e-87 1.76965e-106 0.00772547 4.56901e-115 0.1917 1.63045e-67 1.82042e-96 3.88821e-71 6.44574e-123 1.78824e-82
8.9861e-57 0.0755941 4.57595e-88 5.19261e-78 0.0229201 7.15813e-75 4.49915e-46 6.49854e-30 3.07519e-60 0.0266566 9.00423e-55 1.28163e-61 3.21594e-11 9.66942e-82 7.69961e-78 1.63693e-95 7.49044e-94 2.35412e-36 6.31248e-87 2.13445e-13 3.81632e-33 2.24971e-122 2.78394e-111 5.75492e-37 1.14367e-94
4.38003e-121 1.05426e-07 9.95845e-29 9.85945e-99 1.35951e-86 3.4523e-10 2.38791e-13 1.85073e-111 1.62343e-29 2.0396e-24 4.41078e-59 5.27827e-74 9.13742e-40 1.28797e-14 6.16394e-13 4.74006e-41 1.31969e-35 0.130581 1.64317e-121 0.187852 2.52898e-97 4.88687e-14 0.447381 2.49118e-18 1.15405e-65
1.90819e-58 2.46581e-58 0.0822815 1.08547e-27 5.20972e-18 5.0059e-104 4.1861e-87 2.33215e-31 5.80994e-101 0.424379 3.27275e-84 2.49342e-16 0.0169483 6.62992e-70 7.98256e-54 1.10923e-50 1.80454e-43 3.36258e-76 4.72176e-80 4.34257e-48 6.59142e-31 1.62159e-81 9.09957e-24 7.36264e-92 1.74345e-74
2.15276e-43 3.13533e-19 0.00685788 3.26701e-45 3.37713e-54 2.09091e-104 1.05365e-49 1.65542e-45 3.54659e-69 0.155009 1.09376e-59 3.26088e-94 1.44939e-31 1.00705e-23 4.33142e-107 3.7341e-54 4.94491e-80 0.00687661 8.85277e-86 4.27408e-09 1.94707e-104 1.79842e-117 1.28415e-12 1.45896e-17 7.03517e-74
5.59148e-68 7.41073e-27 2.21093e-44 3.51321e-84 7.07568e-06 1.19856e-94 2.69858e-10 4.1088e-50 3.51357e-97 2.15961e-13 1.244e-30 3.94664e-24 1.6732e-50 3.74414e-28 4.10833e-74 1.34562e-94 3.96138e-52 1.39503e-32 3.00597e-103 0.144432 2.48097e-60 8.00553e-55 1.86681e-29 1.50218e-50 5.41086e-94
