3.32622e-117 1.21157e-72 5.93864e-20 1.38789e-76 2.32326e-25 5.35567e-65 6.10225e-40 1.22181e-26 9.73139e-52 8.55698e-17 1.41253e-56 1.29687e-31 0.031396 6.77496e-36 1.20265e-107 4.21881e-21 3.45319e-66 4.64434e-81 1.56888e-92 1.22172e-92 1.67353e-84 1.25678e-28 0.0210457 0.0516746 1.25037e-22
5.95955e-121 1.99944e-14 2.45223e-34 6.44484e-10 9.24901e-94 1.30492e-22 4.10071e-59 2.13527e-127 1.54837e-37 0.00584689 1.31266e-63 0.418697 0.0721412 9.06696e-68 1.16195e-134 9.87437e-67 4.10926e-26 1.72181e-68 0.604211 2.82417e-70 8.40517e-98 7.31347e-12 1.17739e-29 2.97128e-22 1.25561e-40
5.95458e-100 4.89908e-25 3.74845e-06 1.21242e-43 7.30392e-12 7.94187e-19 7.32095e-58 4.23187e-88 0.107404 1.20918e-46 1.46648e-68 9.56664e-10 2.72192e-29 1.37223e-59 5.64177e-36 9.92227e-65 1.30104e-23 6.60358e-95 1.625e-75 1.90349e-68 1.16643e-75 8.80488e-77 1.7237e-84 1.32583e-22 0.0233275
1.2404e-97 2.17439e-32 2.18739e-43 1.1763e-15 2.89487e-33 9.23727e-31 6.88107e-102 7.83464e-82 2.86055e-18 1.20111e-84 1.22349e-26 4.55796e-65 1.29323e-59 2.65584e-28 3.71002e-107 4.38224e-56 0.127249 2.12151e-71 2.6947e-107 3.16867e-50 3.88433e-31 1.88061e-22 1.63488e-31 0.00015591 1.14438e-12
2.87071e-60 9.35462e-76 2.53664e-64 2.03298e-69 6.18487e-16 1.47525e-81 1.18037e-105 1.92828e-12 6.68195e-75 1.79413e-78 0.0382799 3.99049e-41 1.16077e-42 3.48941e-33 0.120172 3.27051e-05 8.19758e-39 1.42462e-125 2.28512e-51 4.44789e-43 3.48118e-98 7.15899e-12 7.98147e-79 3.54861e-111 2.1349e-23
1.48046e-56 3.6272e-22 6.11811e-45 4.92696e-30 4.57485e-47 1.45925e-36 1.73736e-81 1.85747e-18 3.63936e-22 6.61975e-44 0.200874 3.99661e-45 0.000917948 0.0669682 5.43236e-70 1.5121e-37 0.173969 3.38738e-73 4.36284e-79 7.77295e-60 3.46503e-74 1.33357e-18 1.66571e-25 1.08089e-55 4.62957e-53
0.00024275 0.000707826 0.00829209 2.50112e-05 2.08779e-05 4.98358e-05 0.0027462 0.000378885 2.748e-86 7.37394e-89 3.38858e-123 3.48426e-67 1.26675e-78 9.27259e-77 3.55591e-154 1.23333e-94 3.99126e-94 4.58428e-149 2.67792e-110 4.63784e-98 4.04299e-101 8.48069e-92 1.91952e-93 1.53203e-113 8.43587e-75
9.18274e-138 1.94378e-22 7.33843e-27 1.40637e-42 4.99157e-98 4.58635e-70 2.57802e-98 2.31678e-93 5.4458e-58 1.05583e-81 4.13308e-38 9.54676e-30 3.29291e-16 0.0557161 4.38692e-102 2.66126e-45 1.65793e-87 1.13874e-80 9.93382e-48 1.77027e-15 1.43691e-14 2.26897e-70 1.9326e-26 5.78136e-101 1.74858e-67
4.17777e-56 1.42968e-40 1.58139e-53 5.88456e-118 2.82761e-88 1.79581e-60 1.81686e-12 9.06359e-67 2.2465e-45 5.61148e-73 7.66788e-94 3.84058e-31 1.63242e-45 0.307499 6.94678e-52 0.257069 1.53548e-06 1.35164e-66 5.3901e-42 4.32502e-13 1.42865e-50 5.93198e-45 4.29512e-07 7.70521e-37 1.41282e-27
2.69653e-05 0.000413567 0.00177826 0.000152521 3.35375e-05 4.36572e-05 0.0066942 6.12618e-05 5.91301e-88 1.45221e-89 9.3028e-124 7.36838e-69 3.11972e-79 3.09638e-77 1.58702e-154 2.89826e-95 1.35543e-95 3.8008e-150 1.17976e-110 1.51183e-99 5.16859e-102 1.2929e-92 2.15226e-94 2.59719e-114 6.33712e-76
8.39601e-05 0.00734995 0.00943617 0.00050609 0.000132055 3.32097e-05 0.00264658 0.000130707 2.16518e-86 3.99974e-88 1.37096e-122 5.83635e-68 6.401e-78 1.12146e-75 4.86076e-153 7.09464e-94 3.17616e-93 2.49918e-147 3.19409e-109 1.62908e-97 6.4118e-101 3.08432e-91 3.99873e-92 6.81893e-114 8.37268e-74
2.92982e-114 1.53185e-55 4.18212e-60 1.58612e-22 4.83683e-53 1.11081e-71 3.0426e-55 1.43834e-14 7.50797e-16 0.0450378 8.4593e-104 1.09535e-50 1.89757e-25 2.352e-74 1.88511e-148 5.07256e-44 8.15476e-46 9.32771e-75 2.49187e-96 2.42937e-32 1.07621e-46 0.0970874 4.08764e-48 3.03311e-85 2.24004e-12
1.00079e-85 1.54319e-37 4.11407e-45 4.73205e-21 8.2488e-19 2.82616e-54 7.85317e-16 1.37201e-62 3.20564e-15 4.69956e-72 4.61336e-63 2.0212e-12 8.26873e-23 0.244036 2.32247e-106 1.9332e-12 7.49607e-61 6.49121e-114 1.38589e-101 5.93895e-32 1.09471e-58 7.40521e-09 0.0712331 2.04277e-30 1.15741e-17
1.15375e-97 9.78889e-47 6.66613e-61 2.02857e-102 5.94229e-65 0.00148037 6.56755e-85 3.80207e-67 2.01096e-83 9.55997e-50 1.15943e-73 0.0909146 7.56545e-57 1.03918e-56 4.18185e-132 7.90327e-64 0.0501709 5.58086e-114 7.97933e-52 2.07945e-32 0.195529 3.78852e-41 1.41758e-50 1.72601e-88 1.51134e-32
2.36199e-60 2.44558e-73 3.27175e-86 1.00309e-74 1.28038e-08 9.78837e-27 3.45207e-109 0.000453532 2.46582e-76 0.157821 6.38184e-15 5.38005e-59 2.38007e-27 4.00028e-32 1.69751e-121 0.149304 6.29555e-52 1.47134e-138 1.91037e-54 0.153888 1.30945e-14 1.15151e-50 2.08056e-76 3.25307e-43 6.84245e-65
6.62297e-128 1.27924e-32 1.12915e-42 1.18079e-18 2.39929e-11 4.31224e-58 4.94586e-124 3.81401e-43 6.46278e-62 1.35134e-15 4.57145e-32 2.51918e-18 5.76022e-19 4.52574e-62 8.50006e-106 1.21256e-52 1.65317e-71 0.061352 2.72123e-17 2.36355e-27 7.57255e-20 2.70085e-14 0.0349409 9.16118e-111 5.37337e-48
