3.46441 0.179513
2.86956e-100 2.32972e-93 5.48272e-39 5.72333e-155 0.100995 9.57163e-08 1.3725e-28 5.84524e-74 8.07244e-214 0.202345 0.000212345 9.56304e-68 1.52895e-61 1.52119e-14 2.23617e-168 8.19014e-182 1.07364e-125 8.86542e-18 1.32424e-119 8.70592e-152 1.3144e-142 1.04909e-143 2.75493e-105 5.01083e-72 1.18965e-221 1.43902e-116 1.11914e-51
5.52035e-76 5.60746e-127 1.90291e-49 6.83781e-209 3.25063e-75 8.08731e-85 2.11674e-51 0.15815 4.42456e-133 9.76787e-101 5.30255e-129 2.54325e-32 2.87303e-142 1.80755e-60 2.06117e-124 5.22811e-171 2.19761e-12 2.01855e-43 8.53478e-21 2.41635e-161 0.0372533 4.88338e-115 4.80077e-140 5.20986e-187 5.22345e-89 3.27467e-43 3.45228e-32
4.09516e-65 9.23739e-53 1.1198e-11 2.12615e-52 5.94431e-93 2.05416e-117 1.6209e-176 1.88979e-93 1.60106e-252 3.46147e-118 1.01914e-22 0.115129 9.18072e-74 3.12821e-48 1.47789e-100 3.78821e-148 1.14642e-55 7.77966e-90 4.54343e-108 2.80934e-182 0.121054 2.04183e-148 1.78443e-110 2.18547e-89 1.80116e-103 1.12411e-103 5.31393e-74
6.50622e-128 1.53169e-140 1.29929e-08 1.50643e-113 7.35818e-130 7.0176e-153 2.58573e-75 1.04785e-121 2.07346e-171 1.5394e-40 6.34854e-67 1.53527e-91 8.90568e-40 2.32634e-113 8.85441e-103 4.66155e-83 5.55622e-86 3.97472e-111 2.13749e-29 0.0163388 1.4413 4.9397e-88 2.58547e-73 7.95003e-187 2.54901e-31 4.57769e-48 1.80226e-51
3.72072e-94 2.00667e-121 1.0061e-65 3.25171e-262 1.34497e-104 0.171676 9.4159e-174 1.53135e-135 0.162584 7.34173e-90 3.07756e-50 3.93563e-142 7.59436e-68 1.27365e-114 7.02508e-79 5.71828e-08 3.4827e-139 1.30877 0.27958 1.45553e-73 3.80511e-44 2.58389e-85 0.287199 9.41637e-127 0.0708209 1.773e-142 6.37437e-98
4.12582e-205 2.19953e-111 6.7332e-39 0.152394 1.93826e-69 1.1265e-11 9.19699e-135 6.52989e-30 6.16107e-86 2.9794e-50 0.328412 1.19911 7.77082e-76 1.70579e-20 1.8241e-34 4.44338e-152 0.982918 7.93102e-170 3.62198e-47 2.9028e-37 2.94124e-136 6.71347e-13 7.23003e-22 1.44197e-128 5.5881e-183 3.42881 8.98134e-104
9.35856e-91 7.94072e-56 4.63961e-74 2.59929e-179 2.40737e-42 0.041799 2.34415e-128 1.20229e-170 2.62817e-140 8.93768e-17 1.7137e-112 3.69732e-36 9.79629e-74 1.251e-107 1.70435e-44 5.09831e-169 1.11543e-64 2.60688e-64 1.15109e-73 9.49147e-173 5.86764e-69 0.00334996 1.43524e-120 7.06166e-140 7.42642e-86 4.87396e-137 3.80354e-63
2.72483e-132 2.22129e-61 3.18959e-61 1.33315e-162 4.24607e-114 5.45275e-47 4.38116e-180 9.00152e-156 1.22602e-115 8.8958e-116 5.25694e-46 5.22884e-76 4.40813e-118 4.2367e-120 0.096196 0.245899 4.64938e-137 1.61161e-110 3.62016e-31 0.1541 7.06928e-119 5.89619e-54 3.32846e-77 2.70127e-141 3.62806e-51 8.3803e-127 0.299753
1.60755e-190 8.55087e-50 7.48659e-27 4.28442e-212 1.18283e-150 3.39772e-78 1.74799e-81 4.42902e-192 1.25718e-65 0.237968 3.10178e-13 3.37759e-59 8.19001e-74 8.02194e-68 5.38921e-174 5.34268e-114 2.96862e-28 9.19394e-93 1.80027e-40 7.83019e-149 9.88996e-42 9.42482e-96 6.54424e-71 3.09386e-87 3.61192e-227 4.82903e-71 7.80026e-14
2.50634e-220 3.14076e-15 8.01688e-38 1.19706e-48 7.95021e-14 0.14469 7.69203e-71 2.02307e-15 6.20972e-167 1.16364e-64 6.13388e-94 0.00286668 1.55897e-176 1.42254e-102 9.0019e-107 1.03476e-154 4.40486e-101 1.55544e-163 2.36272e-53 2.34602e-192 1.10127e-12 0.292814 5.85109e-83 2.11614e-69 8.6234e-105 1.21732e-94 6.11842e-158
6.2893e-38 2.04465e-71 0.0572919 9.84121e-159 1.62155e-148 1.1841e-53 2.29684e-152 6.42186e-176 1.61092e-204 7.19307e-66 1.08931e-144 5.10293e-83 3.49552e-163 5.45431e-46 4.96838e-121 2.47633e-18 1.26771e-100 1.87211e-114 7.84811e-93 4.39171e-193 0.146521 3.54903e-119 1.34456e-87 6.55488e-117 7.67606e-115 1.59851e-165 6.33228e-08
1.93426e-35 0.0551834 8.31375e-83 3.07387e-155 8.32067e-123 8.30373e-80 1.65959e-107 1.12702e-123 1.63214e-134 7.78319e-44 1.23254e-107 0.77398 2.72217e-93 2.55656e-39 4.62126e-42 2.14114e-64 2.49e-92 2.86157e-82 7.17326e-62 1.93991e-165 1.1191e-126 1.2984e-128 2.88985e-72 1.43357e-170 6.63389e-219 7.22159e-38 2.63575e-21
4.0321e-75 1.0685e-73 1.10106e-71 9.42182e-77 7.00906e-70 2.1602e-30 2.59378e-93 2.45919e-160 8.62906e-102 1.13652e-71 8.06543e-51 0.199002 8.60252e-77 1.32712e-41 1.46523e-173 3.8848e-165 6.32175e-138 8.32018e-170 3.47035e-80 2.04418e-28 3.02903e-24 4.13612e-19 9.66377e-110 2.57657e-189 1.23438e-119 2.91714e-74 9.5774e-107
1.12354e-183 1.47218e-14 3.852e-13 2.0766e-32 2.77881e-56 1.83488e-74 3.97769e-89 1.12054e-169 7.19925e-96 1.58756e-27 6.39476e-78 1.05866e-116 3.19372e-85 2.16091e-58 0.175435 1.68154e-07 2.99706e-88 3.34421e-131 9.83529e-56 6.80445e-162 2.21792e-157 1.34325e-16 3.8752e-69 1.07112e-70 3.30399e-99 8.69047e-11 2.48372e-144
0.168736 5.15513e-26 9.46574e-14 6.59102e-24 1.7485e-153 6.84485e-17 1.16307e-125 5.85831e-144 1.81064e-64 5.22415e-97 1.04048e-105 8.47102e-87 2.12057e-83 4.51002e-74 3.38517e-23 0.00168135 3.87344e-108 5.96454e-146 3.75379e-32 1.44387e-80 0.844795 7.57713e-121 1.6998e-141 3.77955e-112 5.73965e-127 2.62289e-119 1.49078e-63
3.4471e-73 1.05961e-69 1.05549e-62 1.19232e-147 0.0342747 6.23821e-115 0.47894 1.58574e-51 5.02435e-244 9.37903e-109 2.39167e-117 0.602933 0.436118 0.950042 2.43447e-172 5.59033e-46 3.25195e-50 1.39833e-196 1.11909e-18 2.08389e-30 2.34129e-46 1.34723e-78 2.19081e-16 0.447081 9.94034e-97 2.9578e-148 3.60425e-156
