2.37128 0.171973
2.60056e-131 3.43875e-262 1.06389e-83 6.36383e-79 3.46972e-161 5.53568e-84 6.04662e-142 0.83582 7.58834e-208 6.99697e-19 3.37779e-48 2.74378e-61 0.0673975 0.0433545 1.05598 1.52872e-146 1.07474e-55 0.0824032 9.81467e-93 3.75052e-46 7.46637e-61
1.07389e-111 2.1168e-216 5.63184e-164 4.53189e-160 5.09798e-110 3.21875e-145 8.52828e-56 2.25125e-48 5.10977e-35 6.54391e-92 0.0252218 2.81907e-55 9.90044e-69 3.01391e-81 1.43139e-116 1.59955e-214 2.15547e-98 2.01423e-11 1.54513e-106 7.32874e-130 1.67256e-71
0.00935284 0.0032018 0.000782425 0.0128347 0.00582265 0.0144873 0.0339208 7.32557e-180 3.45647e-240 2.48462e-183 3.33733e-93 1.86259e-216 2.50984e-135 7.37668e-133 1.05939e-143 2.47033e-323 1.31797e-138 8.08654e-182 1.03129e-118 2.57602e-300 2.44354e-155
1.82847e-123 5.03186e-143 3.66635e-69 5.13683e-142 1.28529e-38 5.97646e-34 7.63964e-89 1.35356e-169 1.54128e-66 3.00781e-173 2.3886e-18 6.24188e-178 2.2216e-125 0.114551 6.44091e-132 4.05134e-322 5.23618e-64 1.3754e-134 4.35903e-62 2.67718e-187 2.16487e-87
3.90739e-50 7.26406e-98 2.58412e-112 8.65e-154 2.5868e-49 1.69535e-16 1.74604e-11 3.36718e-169 2.6614e-126 2.06334e-67 0.206631 8.13343e-150 5.05466e-13 6.22284e-95 0.246317 4.94945e-307 2.5594e-32 3.88155e-83 3.63288e-25 2.91386e-230 1.72892e-146
8.18409e-54 8.23404e-85 3.05657e-155 2.68085e-117 3.79077e-129 3.32316e-16 3.34009e-62 9.50842e-105 1.73658e-164 1.6712e-60 0.0898462 1.60707e-178 1.5059e-117 2.58693e-124 1.05835e-77 4.68814e-224 1.09498e-57 1.11638e-68 1.6243e-44 1.68039e-113 6.40905e-144
3.51344e-231 5.82997e-322 1.05345e-40 4.44061e-108 2.94122e-147 1.98929e-205 5.60163e-149 1.12939e-149 0.368793 6.66489e-161 4.86086e-66 0.0955785 7.31576e-121 3.05553e-117 2.96752 0.21368 1.65708 6.06463e-154 1.48717e-27 0.12989 0.00720183
1.89591e-84 5.59441e-35 2.04997e-159 1.80813e-69 1.26508e-82 3.10627e-111 1.01174e-46 2.23104e-122 3.32289e-223 0.0769329 8.45236e-40 1.42933e-179 7.71599e-123 0.000935358 1.03534e-35 1.47413e-240 3.97835e-54 4.90298e-133 3.68066e-46 3.01707e-311 5.45834e-155
6.36796e-51 3.87144e-52 1.74241e-90 9.14428e-63 3.45078e-71 2.81421e-78 5.83254e-103 1.49238e-104 1.34085e-121 6.61583e-143 2.01849e-37 2.81251e-130 7.09192e-78 9.45912e-116 5.55443e-69 2.25958e-301 6.84834e-38 1.19477e-155 3.41482e-35 1.28391e-132 0.243641
1.2197e-46 4.50309e-161 4.84525e-86 2.72596e-129 6.43632e-05 4.50264e-38 4.12623e-47 2.50175e-119 7.33858e-69 6.03015e-82 6.23722e-53 1.30475e-152 2.99256e-120 1.35787e-39 0.565971 4.39718e-322 8.43039e-49 1.36669e-112 1.99565e-76 6.72054e-265 1.54442e-69
3.29901e-11 6.06653e-109 2.63042e-172 6.6485e-124 4.20165e-127 7.82587e-92 2.07988e-40 7.27773e-77 2.83187e-79 5.38229e-117 5.71061e-33 5.0626e-199 3.22811e-79 0.00166495 0.380104 1.66964e-205 1.71091e-28 6.83239e-71 1.03682e-74 1.43173e-247 1.85195e-17
9.1101e-75 9.67251e-144 1.00898e-171 2.88421e-54 1.2572e-55 5.68152e-56 3.17366e-86 3.15791e-69 3.38198e-184 1.04699e-104 1.64578e-47 8.20061e-196 9.59657e-61 4.8849e-50 9.30693e-46 3.96134e-314 0.0297532 1.62258e-76 0.136373 3.3747e-293 1.58973e-158
1.15959e-34 8.91885e-35 2.19326e-137 1.51634e-52 1.9269e-36 6.38542e-83 1.12647e-25 5.89363e-181 1.91489e-90 0.176764 2.85788e-89 2.78313e-83 1.2822e-37 0.272368 1.31787e-24 5.39268e-316 9.93182e-114 2.49157e-07 4.26861e-49 9.29305e-294 1.87795e-29
