3.21085 0.230965
1.9326e-106 8.07068e-271 3.26585e-236 4.84151e-224 2.50392e-182 0.37078 5.30021e-173 9.28586e-261 3.61158e-91 1.48387e-21 6.46704e-174 1.17176e-132 4.48965e-41 4.32122e-74 8.23984e-20 1.04108e-129 2.22854e-121 0.199041 1.05861e-127 1.39734e-75 2.44054e-94 7.73559e-166 2.73884e-46 4.41623e-21 1.72615e-61 5.12566e-169
5.70661e-101 2.86006e-264 3.40895e-157 3.05151e-159 1.48824e-208 2.78554e-96 1.3259e-97 9.07282e-273 3.14435e-187 9.43209e-76 1.72672e-159 3.17281e-134 6.48423e-180 2.84113e-109 4.43544e-33 5.9807e-165 0.0557195 6.47663e-123 7.09159e-145 2.72965e-153 2.88869e-144 7.2389e-150 1.38126e-30 1.113e-158 1.4074e-73 2.85467e-184
5.28139e-158 1.9415e-81 7.3025e-116 2.46073e-91 4.35031e-148 2.17277e-30 4.50102e-216 1.12731e-220 0.165582 1.53413e-169 6.28172e-45 9.7483e-148 8.82259e-254 1.23448e-197 0.123357 1.4014e-199 2.02668e-142 8.61817e-110 1.98906e-172 4.91582e-29 1.1269e-70 0.1003 3.71341e-40 1.20972e-141 1.51257e-152 1.49558e-189
1.27131e-31 1.98526e-280 9.06422e-143 1.97094e-295 1.637e-262 1.23117e-39 2.02772e-211 1.6767e-182 3.75994e-40 3.30988e-77 2.91897e-104 6.8712e-137 2.07783e-54 1.22471e-54 1.92481e-93 3.97186e-68 7.93969e-185 0.0773071 4.38927e-197 0.19437 4.82163e-170 6.65832e-39 4.652e-37 1.46867e-146 0.145809 1.50117e-300
1.40247e-13 1.68342e-65 2.85194e-28 1.2367e-163 1.73488e-235 4.54721e-185 1.42409e-121 0.0520971 2.0778e-196 1.02389e-75 1.14331e-182 7.557e-129 0.276627 1.48764e-133 1.49973e-20 2.39434e-141 2.91159e-133 9.20167e-21 6.28077e-24 7.57456e-101 1.11473 0.0728554 6.18636e-123 6.56888e-42 1.97502e-88 1.07022e-157
4.6781e-167 7.87997e-185 9.01527e-209 9.2686e-300 4.54189e-235 1.20045e-148 1.0875e-78 3.97873e-32 5.88439e-216 2.09663e-144 2.34215e-49 5.60165e-122 2.96806e-40 8.26583e-204 7.74098e-102 1.30854e-123 3.9187e-183 1.60823e-84 1.06833e-170 1.46926e-61 2.12901e-159 1.12799e-220 0.232641 3.37435e-178 5.00825e-119 3.71833e-208
8.55833e-39 8.25984e-257 0.121233 2.68598e-290 4.15023e-239 2.69777e-17 2.12773e-69 3.16649e-230 5.43377e-144 4.09796e-38 0.115335 6.44996e-41 2.24851e-121 6.68807e-57 6.39613e-209 2.22343e-109 3.11843e-35 1.81172e-192 2.73937e-146 1.93543e-56 8.93453e-172 3.58028e-249 0.120291 5.91051e-39 4.73184e-138 1.22945e-145
1.95792e-147 3.92902e-241 7.50053e-131 1.43456e-173 2.82052e-148 1.40554e-43 1.956e-60 4.22465e-141 1.96796e-34 0.0113397 7.33801e-157 2.20492e-116 4.22955e-240 3.26729e-233 0.0897472 2.46069e-226 1.56154e-84 3.12506e-64 1.10137e-69 2.42453e-12 1.47131e-169 9.65666e-185 7.49453e-15 2.62266e-94 3.97037e-175 2.63127e-265
5.09285e-128 4.6282e-164 5.70072e-69 2.54328e-258 1.59045e-88 5.33984e-53 3.12017e-66 1.76881e-214 1.16569e-127 0.0538542 8.45423e-27 2.38476e-93 6.83988e-178 5.5331e-243 3.78279e-102 5.61735e-152 0.228905 7.419e-190 1.50056e-135 1.50888e-141 2.22468e-122 1.6624e-197 2.19107e-148 2.21124e-07 4.61173e-152 1.22603e-283
3.09694e-132 0.241142 0.133727 0.582266 0.453109 0.247195 0.395544 4.98618e-299 1.28764e-75 1.38537e-172 2.55567e-08 3.83159e-146 1.40933e-33 0.619787 4.67704e-182 0.349096 9.94555e-132 4.58679e-143 2.25502e-209 2.75897e-112 3.02674e-210 1.14168e-27 6.50588e-26 1.37887e-113 3.23465e-129 4.38253
2.63344e-120 1.11356e-68 2.71148e-137 3.68296e-106 1.42105e-108 1.69992e-152 6.93798e-105 2.06342e-131 3.51861e-170 2.93212e-17 2.41931e-88 6.64498e-96 1.21407e-72 5.87008e-216 2.80246e-184 2.30564e-146 4.68971e-116 6.78807e-192 1.31357e-100 0.112914 6.61695e-146 6.88692e-85 8.49024e-185 1.96975e-124 2.02263e-79 2.42755e-299
0.0890892 3.97826e-30 2.32694e-87 7.19012e-140 4.72638e-97 1.0389e-28 8.40783e-123 0.716497 3.33492e-237 1.15217e-137 3.01998e-108 2.5735 9.0627e-179 7.10794 1.65768e-102 5.43089e-101 4.7623e-201 8.36352e-18 0.243168 3.8807e-104 9.82913e-70 6.48693e-136 2.94519e-22 0.516874 4.57037e-30 1.25409e-58
