1.61459e-114 2.15748e-33 1.99144e-53 3.59262e-13 1.00556 1.30314e-28 7.51651e-77 4.93882e-38 1.2514e-47 8.11035e-34 2.02119e-66 1.0816e-137 6.97727e-22 1.23188e-45 1.44921e-147 3.77293e-17 1.79975e-126 1.12444e-35 3.31023e-78 6.01927e-116 6.25627e-66 0.00235394 3.0558e-77 1.16707e-60 5.29096e-29 1.03822e-54
1.3732e-70 2.61056e-29 2.60894e-76 8.11986e-22 1.17714e-21 1.8949e-31 2.59285e-60 2.0092e-17 0.0448964 0.256227 2.75623e-40 8.07336e-146 2.46106e-66 4.23115e-88 8.854e-80 1.37618e-53 8.9393e-75 1.43134e-11 7.96321e-120 1.4349e-20 3.85843e-54 1.12717e-47 2.0259e-51 2.49063e-29 1.12496e-52 3.40538e-78
1.13771e-134 1.20816e-55 0.0160409 2.66929e-32 1.8406e-28 3.68042e-93 2.2611e-47 1.99759e-33 1.63862e-93 2.05854e-27 8.43167e-20 3.41142e-136 2.96679e-58 0.0784862 1.89088e-93 0.0234572 0.0502072 5.25986e-25 2.61444e-43 1.8636e-28 4.41787e-117 4.96559e-08 6.0145e-78 8.43229e-25 1.19039e-18 3.71435e-45
9.05675e-102 9.53523e-53 4.21137e-92 1.47242e-37 0.0383701 5.7853e-80 1.3136e-68 1.42801e-24 3.76518e-69 6.20799e-67 2.68329e-16 1.39015e-138 9.35916e-68 7.37505e-105 1.90852e-88 1.07512e-42 1.64096e-116 3.2559e-51 2.75931e-93 6.65227e-110 1.90925e-119 2.49058e-47 1.70682e-33 5.25325e-25 1.52197e-52 4.45047e-80
3.97075e-124 1.21708e-55 2.2685e-73 0.112582 0.20232 2.89758e-18 3.09641e-85 7.19945e-21 5.44014e-118 6.32607e-66 0.01324 7.58065e-175 1.09467e-47 1.20615e-36 1.47065e-102 1.36936e-32 5.69579e-126 1.03385e-57 1.04064e-112 1.61337e-86 1.05871e-64 5.67665e-13 1.76973e-18 0.018976 1.77965e-49 2.41584e-25
3.64475e-78 7.4671e-10 5.37775e-28 5.43088e-69 0.154799 4.36982e-66 1.4901e-11 2.0831e-80 3.62849e-30 2.17919e-68 3.62191e-47 3.82954e-91 8.43358e-68 9.79296e-71 1.97829e-132 1.53047e-73 1.77726e-51 1.59703e-75 3.49513e-78 1.26878e-75 5.8594e-67 2.2387e-47 0.0775711 9.95841e-12 0.0449167 7.44146e-14
1.04463e-75 0.0409578 1.06926e-97 4.55218e-28 0.409218 1.70752e-61 1.36504e-22 4.54522e-15 4.52713e-86 1.67516e-09 1.17309e-31 1.59877e-108 2.16947e-60 4.85437e-75 1.78687e-142 3.06548e-72 6.51437e-73 3.17798e-67 2.1348e-84 2.75157e-107 5.46806e-45 2.77741e-28 8.0759e-39 1.4574e-39 1.45873e-62 3.49941e-61
1.62863e-123 1.41518e-70 9.45345e-73 5.61819e-21 2.8041e-67 2.52945e-83 4.85522e-104 3.81057e-72 2.64765e-53 2.58082e-42 4.17999e-22 1.8607e-159 5.80361e-48 4.65132e-129 1.34424e-74 2.57325e-36 6.12727e-92 1.19697e-46 1.45453e-110 1.39518e-82 2.20949e-80 1.01944e-10 3.99165e-31 1.17586 2.16973e-71 1.13731e-82
0.0726398 4.366e-43 0.243533 1.54427e-73 5.45922e-10 8.46402e-50 1.84803e-99 3.65817e-16 3.39664e-77 8.35552e-70 6.82109e-19 0.037571 5.35466e-48 2.62662e-22 0.0739503 0.103443 2.41516e-139 0.128979 0.122546 0.0548461 4.07422 6.36369e-13 2.96143e-45 5.28484e-63 1.045e-50 0.114977
1.49609e-73 2.1585e-41 5.27379e-106 1.19502e-41 4.53954e-12 2.82394e-91 0.0569575 4.97516e-87 3.2837e-39 7.95932e-37 1.80202e-27 2.01561e-175 0.0383107 2.45368e-135 9.5349e-65 5.58876e-52 1.61561e-123 8.53236e-27 1.54656e-119 6.00868e-92 7.44848e-81 0.114261 2.59558e-31 6.94877e-11 1.55832e-64 1.30147e-41
2.00506e-101 2.66345e-42 1.54837e-24 1.07532e-48 1.3576e-18 0.184788 1.89576e-35 0.131132 1.23131e-06 3.18433e-11 3.86383e-42 1.26186e-120 7.9623e-21 2.80356e-91 1.45008e-125 1.16861e-60 5.05643e-19 1.14193e-81 1.77337e-71 5.33071e-118 2.22012e-17 2.98875e-19 8.22157e-51 0.344914 1.72061e-74 8.91773e-12
1.33132e-129 1.52242e-55 3.55648e-113 9.50987e-18 0.423169 3.76505e-82 2.9765e-65 1.90094e-78 7.15224e-74 1.52762e-47 6.78784e-24 3.35169e-111 1.26244e-17 2.40515e-136 2.01131e-105 4.58557e-60 2.01787e-56 8.76299e-90 3.54109e-108 4.82927e-115 1.43367e-60 1.44739e-29 1.09822e-61 3.27008e-60 6.63483e-60 2.10301e-30
