5.05111e-27 0.373916 2.65044e-08 4.75295e-33 0.0296185 5.23374e-21 1.79926e-68 2.00577e-11 2.6503e-46 3.62244e-56 1.34243e-44 8.37004e-23 8.14218e-11 9.60898e-15 0.0502511 5.47048e-30 9.58039e-12 0.052238 1.20203e-40 9.19301e-13 5.05833e-12 0.105628 1.92602e-07 0.198191 3.446e-15 1.06344e-06
5.3215e-09 4.88266e-23 1.49268e-38 1.66935e-16 0.00149011 1.51848e-26 1.03961e-40 8.68899e-22 2.42499e-37 3.85968e-07 1.57479e-28 7.98012e-35 6.7029e-15 3.92369e-35 5.27592e-12 1.99998e-55 2.46591e-23 1.22344e-45 9.15161e-22 9.94127e-42 2.19861e-17 0.0100259 8.0174e-26 7.74403e-36 2.66426e-06 6.78968e-23
1.9729e-15 6.95843e-36 0.00201434 9.8209e-12 0.00860357 3.7876e-32 1.41616e-13 1.92709e-36 0.146666 4.80392e-38 2.98857e-31 7.24724e-12 1.47828e-36 6.47591e-66 3.52029e-13 0.112704 4.79642e-29 8.05353e-24 4.90096e-27 0.0780913 7.20653e-11 3.65559e-36 0.135335 1.18612e-36 1.27032e-43 1.65756e-30
4.07002e-40 0.0279755 4.75751e-21 1.67834e-18 2.59863e-22 2.42982e-59 2.97373e-78 1.01018e-26 1.45929e-18 1.19106e-57 1.99242e-18 1.38349e-71 3.03185e-21 8.04165e-38 5.97671e-25 3.87532e-30 1.90397e-14 1.76407e-35 7.71919e-25 4.38062e-29 8.90895e-38 9.91529e-17 3.08079e-16 8.37455e-39 1.07618e-45 4.23243e-31
1.73598e-12 0.0268919 3.99707e-21 1.24131e-15 1.62999e-37 1.45649e-08 6.12392e-40 3.9478e-41 4.01237e-08 5.13855e-21 0.13663 4.25301e-39 0.0527412 5.55299e-69 8.33797e-33 6.48293e-41 1.55359e-07 3.18425e-28 0.0512008 1.22645e-44 3.43327e-65 2.9581e-44 2.77701e-32 2.03341e-40 2.46508e-53 0.0404577
9.94086e-30 4.55665e-38 5.74705e-55 2.08684e-49 5.60394e-22 1.15218e-58 0.0276998 0.0757228 4.00091e-20 3.03259e-46 4.66539e-24 0.0373596 6.29465e-23 0.0236469 0.0732279 6.29733e-46 1.22412e-13 3.03717e-35 0.00297198 6.67921e-31 2.09032e-60 2.3228e-42 0.000760313 1.56088e-40 1.73265e-42 4.284e-05
5.93537e-23 0.0868634 2.26024e-59 0.00037377 1.62068e-45 5.87215e-07 2.13746e-68 2.40528e-37 7.79602e-43 0.0717983 1.06348e-27 1.29235e-34 1.33283e-30 3.98897e-50 0.116215 1.03376e-23 0.0336123 6.18906e-32 4.761e-20 5.71764e-20 0.0584329 1.82412e-17 5.13963e-29 9.5298e-30 2.87288e-31 0.0221762
1.39759e-44 5.35909e-37 2.18909e-48 1.21329e-47 4.24009e-48 3.90875e-50 5.44058e-69 4.61349e-51 8.92717e-52 2.14614e-52 5.29846e-37 1.57165e-74 1.46285e-52 2.07549e-64 6.83301e-37 3.61447e-68 3.57381e-40 7.181e-37 9.58173e-36 1.93336e-42 3.43645e-73 1.45465e-46 1.32848e-62 2.65939e-44 5.77677e-41 7.9111e-33
1.92212e-39 2.51708e-05 7.72825e-61 6.49741e-48 6.49697e-27 6.14227e-07 7.72505e-39 6.14133e-42 9.6431e-22 1.29261e-22 4.82734e-16 1.18285e-35 7.78294e-48 1.28249e-22 0.00766285 1.01411e-65 1.79203e-06 3.42122e-38 5.97823e-44 4.88343e-33 1.94611e-65 1.61404e-09 1.30888e-62 1.97631e-13 1.68652e-40 0.00767873
0.0453 5.55234e-36 0.0484495 0.0419031 1.44005e-50 0.122312 3.56158e-43 4.07531e-37 1.0847e-23 2.53547e-29 1.10476e-16 6.26485e-80 2.14709e-36 2.40994e-39 8.51615e-08 2.53095e-26 2.16424e-32 5.41922e-33 8.81878e-38 6.4989e-11 1.7709e-51 8.33993e-48 1.02025e-40 1.09077e-29 7.63762e-37 9.20297e-24
4.57644e-32 1.50136e-45 6.93278e-42 1.60782e-37 1.0199e-15 1.654e-21 4.43854e-14 2.81557e-11 1.29494e-24 1.03063e-33 1.6877e-13 4.50216e-79 2.04797e-46 1.11959e-69 1.7048e-16 2.34387e-60 0.0290748 2.46749e-46 2.23726e-11 5.10225e-22 1.15723e-25 0.0391105 4.14139e-67 4.33203e-17 1.84981e-25 8.23695e-25
1.76097e-08 4.885e-45 1.1804e-39 1.9478e-07 3.07144e-51 2.18398e-15 0.0425306 5.8225e-16 1.33861e-32 2.45958e-50 1.90426e-23 6.13239e-64 4.55683e-41 1.433e-12 1.64201e-37 2.92854e-40 2.69995e-13 0.000298165 0.0261739 9.29999e-25 2.64698e-70 1.84825e-38 1.42423e-50 0.0733902 0.0220858 1.28321e-27
