1.05845e-24 2.05736e-06 7.65635e-17 6.97417e-15 2.33827e-16 1.62226e-15 4.23469e-28 1.71671e-25 1.57675e-44 1.78767e-09 7.58555e-53 1.62357e-23 1.8269e-34 0.316498 8.35978e-35 5.38314e-32 1.45043e-29 2.97781e-23 1.44153e-31
9.85626e-13 2.31975e-08 1.00193e-06 4.04815e-12 4.68156e-14 1.97408e-20 4.50348e-29 9.24152e-24 2.07361e-32 2.68463e-30 3.19862e-48 7.89906e-32 3.21772e-34 0.384766 6.35992e-49 1.60092e-41 4.85198e-35 2.66366e-28 4.16477e-32
3.56831e-10 4.72562e-07 5.55184e-16 2.31639e-10 0.00639794 4.42149e-25 2.73285e-30 1.02511e-30 4.54702e-26 2.08799e-25 3.36444e-42 6.00603e-38 3.27449e-38 1.14718 1.92545e-49 8.52288e-35 4.24893e-34 2.58554e-24 8.38571e-46
5.16753e-27 2.50097e-10 1.01364e-21 1.80955e-11 1.99957e-24 1.898e-40 6.11824e-19 0.0358572 0.0230915 5.66466e-31 1.50404e-51 0.0310913 9.01138e-24 7.53339e-08 2.04317e-14 4.95291e-24 1.194e-20 1.75699e-17 1.0254e-06
3.2238e-12 3.81187e-15 2.46659e-15 8.42438e-05 2.17372e-23 1.2212e-05 1.93403e-35 1.65451e-23 5.66256e-27 1.0816e-18 7.18132e-40 2.38534e-35 1.19148e-31 0.187431 2.87109e-46 9.62852e-45 1.94878e-40 8.42323e-18 7.42574e-31
3.73439e-12 0.0184402 2.02945e-06 2.61619e-15 2.91849e-19 5.33478e-22 8.80211e-41 4.4023e-33 1.07609e-31 1.40146e-30 1.2885e-32 1.34166e-30 1.55936e-36 0.220044 5.99217e-34 8.96139e-43 2.78071e-41 2.68042e-21 8.20415e-46
2.78659e-10 4.71868e-05 2.37719e-49 4.98286e-06 1.98258e-07 0.00217603 0.104885 0.0333948 2.96938e-15 8.95992e-14 3.02364e-35 3.23999e-09 1.23202e-41 2.4563e-06 4.08797e-15 2.4709e-06 5.73361e-16 2.71757e-18 4.74415e-06
3.16148e-13 3.96425e-24 7.41068e-08 4.40842e-11 2.27605e-09 1.19039e-17 4.83141e-41 3.78033e-24 5.9255e-48 0.0939462 2.9039e-31 6.59274e-47 2.28517e-15 0.902312 2.54567e-23 1.85877e-38 2.94377e-37 2.58069e-06 4.10685e-24
7.45123e-48 8.24282e-28 1.377e-53 7.22293e-50 2.36941e-16 3.41516e-50 4.19071e-16 2.77025e-25 3.7198e-06 2.68553e-15 3.74876e-05 1.16089e-42 0.074602 3.76887 0.0543102 1.77053e-48 0.023705 1.82077e-27 3.30845e-35
9.84862e-08 1.30511e-15 0.012048 1.85787e-05 0.000590731 2.04302e-20 5.39325e-34 6.3051e-33 8.54388e-40 8.3527e-29 1.06776e-34 2.45404e-44 5.46538e-31 0.0192488 8.01345e-43 2.55379e-35 4.58492e-35 3.67345e-23 4.44705e-37
6.05224e-06 2.41134e-11 3.26747e-16 0.00564575 4.20739e-08 2.04813e-19 7.07587e-37 2.38887e-31 2.97132e-49 9.93624e-35 2.76474e-33 4.16415e-52 2.42364e-36 0.256726 4.9707e-37 8.84005e-39 1.03683e-35 3.90568e-18 2.69202e-35
0.000223155 7.92415e-33 1.10183e-19 1.46294e-32 1.02125e-48 4.48497e-56 1.08512e-07 1.37127e-24 2.38497e-39 1.05092e-29 0.0419847 5.74587e-41 6.30271e-13 0.0105633 3.34823e-15 0.0341422 3.66197e-36 3.09414e-23 0.0791153
1.20372e-14 1.58032e-14 3.02752e-31 2.03759e-25 2.56514e-35 1.20653e-29 3.92386e-13 3.89614e-29 1.68636e-47 1.1952e-32 2.10976e-13 2.22523e-32 4.08662e-36 0.038295 1.85499e-40 2.72481e-28 3.11819e-21 0.171439 7.70405e-29
