3.73351e-44 1.96458e-95 1.32991e-130 4.32969e-125 3.02731e-110 5.86569e-26 4.22653e-40 2.49158e-98 1.20373e-24 0.12977 1.54031e-46 6.77364e-135 0.0832718 1.28309e-17 1.7901e-88 6.19079e-220 7.41827e-128 3.40345e-100 1.01684e-130
0.00188544 0.00411456 0.0010248 0.000292278 0.000150827 0.000412021 1.25185e-84 1.99567e-177 5.08889e-69 3.77474e-128 2.23856e-153 1.05577e-176 1.77001e-109 1.64439e-97 5.99982e-178 5.47517e-222 2.56823e-150 6.99966e-123 1.40293e-146
5.93096e-75 9.85485e-62 2.66534e-45 7.0707e-86 1.18894e-85 4.67067e-64 2.31483e-51 4.15229e-114 1.4472 1.35612e-62 2.28223e-91 5.70244e-139 4.51882e-46 4.49536e-51 2.34175e-119 5.34765e-192 1.5474e-86 5.97757e-61 5.10302e-64
0.00455525 0.0108849 0.00229478 0.0003914 3.3147e-07 4.59446e-06 6.05289e-83 1.67702e-177 1.21567e-66 1.07124e-124 1.59372e-151 6.45101e-173 3.41397e-108 6.02832e-97 3.03188e-176 2.74004e-219 1.88754e-147 7.83264e-122 2.0675e-145
9.12141e-57 8.29952e-48 1.00532e-61 1.09296e-40 7.68152e-57 2.27567e-46 1.96365e-57 7.39918e-121 9.2436e-17 4.63454e-92 1.7813e-104 2.4995e-154 2.80276e-69 5.93453e-71 6.76221e-176 2.16139e-162 1.76805e-135 1.01604e-78 5.39962e-129
5.40711e-31 1.10364e-09 1.72624e-62 1.01695e-45 1.06407e-24 7.14177e-72 8.50375e-43 8.66501e-176 0.256536 5.37712e-121 2.10717e-108 2.43524e-151 5.10893e-55 6.20915e-54 5.27792e-106 3.13425e-135 5.76331e-86 9.41041e-83 2.60766e-141
4.03778e-138 2.5084e-06 1.66796e-71 4.3494e-16 2.38624e-51 1.59474e-100 2.8487e-53 2.71129e-87 9.33596e-14 1.92579e-106 1.79126e-47 6.16512e-128 1.80649e-57 2.24917e-43 4.80695e-110 2.74828e-152 2.29644e-140 2.29043e-48 0.121378
2.28885e-65 4.87161e-23 2.57367e-29 6.58453e-97 6.36062e-86 6.80676e-63 5.00884e-35 6.39648e-150 0.326106 8.72897e-77 1.43525e-116 1.7279e-122 7.33134e-85 1.57123e-68 7.99413e-109 9.10736e-203 6.10565e-48 3.4085e-114 9.66322e-108
7.75299e-39 9.38986e-22 4.90741e-74 9.21264e-166 6.51417e-48 1.12727e-74 0.0547531 9.621e-134 4.80175e-56 0.717873 1.251e-47 1.33577e-172 3.21462e-06 0.536867 3.12465e-35 2.28851e-71 0.0426078 0.223809 0.319165
1.96558e-10 8.95924e-51 1.47098e-50 0.114103 1.40978e-25 8.75624e-38 3.45885e-53 1.45154e-171 3.5285e-38 5.52806e-120 3.65607e-143 4.30338e-142 5.80254e-77 3.01267e-87 1.24607e-132 2.96884e-152 4.12667e-95 7.7674e-114 1.80516e-133
1.88432e-54 9.37534e-15 1.08353e-13 1.54718e-76 9.65952e-79 3.3906e-61 3.06645e-79 5.73495e-156 0.261572 7.93262e-109 2.58636e-91 8.37209e-152 1.43433e-58 1.90042e-81 5.50332e-109 3.19845e-186 5.07444e-76 1.59475e-105 5.30724e-128
8.80829e-154 1.31747e-118 2.72775e-60 4.66857e-216 1.51505e-180 9.15717e-76 1.35e-49 0.225075 6.91467e-40 1.40354 0.132496 0.137076 5.52011e-90 5.42096e-29 0.101741 0.408979 6.41214e-11 1.99931e-110 8.98234e-118
1.78733e-69 3.96479e-42 1.15028e-12 3.37729e-57 2.48677e-74 1.50592e-23 6.65916e-29 5.35844e-101 0.130576 1.97903e-118 4.67754e-63 8.14165e-152 3.54997e-38 7.48047e-91 9.01507e-87 8.03345e-208 8.63299e-58 2.72365e-69 1.86252e-61
