3.83285e-05 0.00233835 4.50549e-05 5.60142e-08 0.00389478 0.000204692 0.00341117 1.61708e-07 0.0056014 0.00103206 2.42084e-05 7.23034e-227 4.4159e-222 2.47033e-323 1.99493e-167 1.04742e-256 7.95766e-206 3.95253e-323 1.75842e-304 3.48289e-159 1.31335e-135 2.7571e-284 9.83585e-267
1.55266e-10 3.20539e-12 3.81215e-18 8.00953e-32 7.74855e-84 1.75059e-77 7.95887e-80 7.72598e-54 8.82487e-179 1.7049e-19 1.21296e-216 1.6525e-213 1.99498e-122 1.19552e-223 9.29511e-12 3.59911e-121 2.07986e-170 7.23999e-260 4.7251e-198 1.97187e-153 0.0866296 1.27119e-125 7.53226e-246
8.02887e-177 3.01334e-159 2.17392e-19 2.94118e-213 1.30845e-100 9.03611e-188 6.91095e-05 2.3209e-20 4.4565e-158 6.46464e-231 3.77146e-175 0.054877 7.91221e-158 1.84474e-173 3.91977e-152 7.0029e-223 1.84916e-97 1.39375e-126 2.77922e-94 9.20114e-43 1.31381e-90 5.43699e-244 9.58708e-154
0.000351475 0.000117086 0.0037666 5.46381e-06 0.000266863 0.00210481 0.00102745 6.93976e-05 2.52243e-05 0.000384856 2.50837e-05 4.01979e-232 6.032e-225 4.94066e-324 8.19808e-168 1.93622e-262 3.31522e-206 4.94066e-324 9.49931e-305 1.60649e-162 1.74888e-137 2.17323e-287 2.92398e-267
1.70262e-114 2.02216e-28 2.74168e-90 7.51799e-197 9.42752e-144 3.48426e-178 1.56936e-38 7.04791e-142 2.5662e-187 4.35857e-154 3.33837e-194 6.29024e-89 5.91259e-136 4.96084e-210 0.178265 1.53485e-226 6.77354e-178 1.39597e-62 3.89107e-175 1.20775e-12 0.0704275 1.57332e-190 3.12815e-121
7.48387e-156 1.3183e-168 1.21047e-12 5.74709e-51 9.2714e-138 3.04344e-241 6.25106e-167 2.56905e-159 9.55737e-73 2.89826e-85 2.73566e-198 0.0127407 3.26275e-205 2.09343e-151 0.0676281 4.86642e-51 1.23674e-141 4.00109e-243 8.19523e-201 9.46485e-53 3.85023e-38 5.53293e-34 1.44689e-208
5.3091e-105 1.89767e-35 7.80441e-61 3.21033e-47 3.85617e-145 1.12404e-202 7.32439e-114 4.31522e-103 3.79998e-166 4.59484e-69 1.70601e-126 1.25432e-131 2.38433e-209 3.8196e-135 0.494514 8.40882e-132 1.98414e-78 4.10802e-177 8.65774e-178 6.01239e-46 3.60358e-11 2.60857e-103 1.46474e-175
7.14653e-23 1.16519e-34 2.8843e-134 1.01678e-199 4.27693e-05 1.21208e-120 7.97095e-60 5.27922e-21 1.54012e-47 1.22147e-194 1.82557e-217 0.188387 4.02689e-48 5.57543e-126 1.3318e-119 0.0725889 2.09387e-160 3.65678e-213 9.97553e-192 2.20505e-09 8.23866e-132 1.83586e-165 9.81753e-148
6.79625e-05 0.000184833 0.00268425 0.000329835 3.05368e-05 0.000118354 0.018191 0.000195395 0.0023601 2.56576e-06 0.00173298 1.05945e-230 5.25104e-223 9.88131e-324 1.54044e-167 4.79664e-259 5.96672e-205 1.4822e-323 9.38071e-303 3.27285e-162 1.45221e-135 4.82365e-286 8.03691e-267
8.16799e-221 7.3603e-122 4.49742e-50 2.32229e-137 6.08931e-196 7.60048e-45 3.54428e-213 1.99154e-99 6.16566e-102 2.106e-136 3.75302e-286 7.21279e-138 2.6818e-172 1.03634e-83 4.36036e-154 1.2546e-213 1.22672e-196 1.67756e-100 2.02537e-203 3.6307e-68 1.40449e-06 0.25597 5.05495e-132
4.37451e-11 4.69884e-92 4.68295e-122 9.60467e-275 3.33181e-97 6.00922e-204 8.67135e-88 6.61452e-05 6.96031e-175 3.45789e-29 1.00464e-172 2.00892e-154 0.293497 0.195799 0.118613 6.90504e-101 0.609899 5.72321e-234 7.58933e-197 1.80319e-14 2.51147e-34 9.60407e-247 9.50256e-146
8.4459e-65 1.95929e-143 3.75855e-98 2.54225e-248 2.46147e-08 2.15308e-166 7.1468e-158 7.91951e-151 6.22319e-102 5.70249e-26 1.05285e-280 9.72034e-95 2.55016e-53 5.54435e-298 4.28318e-52 0.289788 1.82039e-09 8.86266e-41 0.320061 8.25097e-120 1.67052e-27 5.90799e-216 0.158186
8.73077e-83 0.00282715 2.16862e-128 3.64942e-55 1.09139e-162 1.89062e-209 1.37625e-154 6.61248e-205 9.38556e-172 2.23766e-200 8.0976e-38 1.76869e-189 3.40192e-168 6.42285e-322 7.87331e-29 6.22667e-63 7.5782e-191 5.56487e-55 3.29768e-174 0.119743 0.0190784 8.66485e-112 1.86829e-170
4.51603e-209 0.00171329 1.09001e-119 8.19796e-123 8.92788e-54 6.07622e-295 3.01481e-182 1.57703e-88 2.19859e-321 3.4022e-59 4.97254e-108 3.74844e-41 0.00742637 2.03516e-27 2.07658e-96 3.94537e-57 1.58825e-190 1.63536e-321 5.07822e-233 2.05509e-127 1.82653e-78 0.100173 3.23069e-203
7.74545e-173 8.10334e-78 3.41108e-199 2.93527e-69 3.77805e-82 2.10673e-36 1.03089e-194 1.24537e-22 1.17601e-307 2.81036e-131 4.35063e-81 4.61189e-119 1.19925e-65 1.11823e-50 2.51804e-99 8.04463e-22 5.63746e-67 1.48465e-77 4.07554e-119 1.5985e-47 0.228332 6.0417e-187 1.34422e-201
1.39274e-42 1.06167e-28 4.95697e-92 5.19706e-174 1.01002e-128 6.82936e-274 7.02461e-133 2.48239e-153 1.25277e-96 6.08375e-244 6.78759e-201 3.34654e-28 3.17531e-77 1.43927e-210 9.26952e-89 0.0309116 1.82083e-186 0.270849 2.3035e-272 0.25911 9.00943e-92 2.30817e-164 4.66594e-264
2.18596e-62 7.14386e-05 3.8942e-64 2.74149e-39 1.3149e-12 9.96752e-214 4.27108e-148 1.10283e-194 1.18256e-275 4.45625e-55 6.65075e-257 5.13028e-222 3.75981e-48 3.03868e-210 6.74534e-12 0.240748 8.24713e-127 4.91897e-97 5.49185e-263 1.69865e-12 6.30236e-107 0.000384457 8.77823e-184
