1.9532 0.106397
5.8973e-37 1.28868e-53 3.41297e-65 1.64513e-77 2.17081e-102 5.13156e-65 1.28519e-43 1.27756e-69 2.39641e-64 2.57353e-62 1.08129e-41 5.09692e-87 9.80972e-92 8.4952e-89 1.36193e-47 2.5499e-48 5.0775e-86 2.32989e-104 1.04468e-67 1.80884e-62 7.32362e-75 1.24059e-70 1.39228e-116 1.08991e-58 1.04068e-88 2.65906e-95 1.83882e-68
5.90407e-65 6.72077e-60 1.73525e-74 9.12096e-83 9.55667e-145 2.1017e-19 2.75624e-72 3.08183e-102 3.40772e-40 2.69321e-75 8.99612e-33 2.95082e-42 1.10086e-38 3.76028e-49 1.40298e-09 1.82555e-83 2.00782e-34 1.19276e-28 1.37019e-80 1.31165e-36 7.27592e-75 1.0774e-37 7.8839e-128 0.0703564 6.05647e-71 4.95646e-35 3.50327e-81
4.42188e-28 9.43706e-84 8.56909e-27 4.851e-84 3.06154e-137 0.0983687 5.34229e-76 1.73835e-93 0.0628444 1.21713e-92 1.64026e-103 2.63275e-54 2.0151e-76 2.85431e-97 2.19156e-62 7.68484e-30 4.64422e-77 1.3277e-43 9.19108e-51 1.3649e-66 4.69931e-45 1.08164e-83 3.48465e-115 4.17568e-06 0.216625 2.36272e-101 0.00236524
1.82606e-38 6.8896e-33 1.09849e-67 4.19483e-60 7.05851e-103 3.98083e-60 1.26726e-43 3.26059e-21 0.197815 0.142563 2.15124e-07 7.54985e-15 9.58767e-44 1.77119e-47 3.81387e-64 1.05677e-40 6.97243e-33 7.03282e-52 0.0101656 6.9716e-10 1.90386e-15 1.24092e-54 7.19091e-70 5.33201e-53 2.46968e-73 7.01209e-90 0.0233997
8.60078e-48 2.89692e-06 4.03564e-72 0.266168 4.97606e-77 1.36967e-06 3.17738e-08 2.78799e-42 1.081e-106 5.35222e-42 3.31675e-52 0.10075 0.0255933 7.70356e-10 3.46995e-17 1.96667e-31 1.58461e-55 3.0196e-82 7.5341e-58 2.72027e-68 6.62384e-59 2.06965e-76 6.93913e-128 2.67044e-76 3.83212e-37 2.52865e-14 1.69299e-101
1.42174e-28 4.51477e-67 0.182332 7.69576e-45 0.508388 1.11468e-59 0.0371843 0.0795689 1.29344e-117 1.03856e-06 2.49752e-103 2.46621e-50 2.30446e-65 1.06666e-16 5.82598e-37 1.59922e-11 1.61243e-48 0.116309 1.41576e-25 0.492344 1.30674e-71 1.76494e-74 0.144278 0.0880499 4.45737e-99 0.095652 5.99642e-85
0.0435075 1.01267e-34 3.27511e-99 0.334298 2.35254e-118 7.67052e-27 2.169e-26 0.0342522 1.2687e-49 4.84107e-88 2.20205e-83 1.51156e-44 0.000152107 2.8703e-54 1.51071e-68 1.44748e-06 6.7916e-48 1.20502e-23 1.97867e-68 1.77207e-73 6.95223e-90 6.70014e-07 7.97903e-06 1.79003e-58 2.23505e-10 5.80976e-43 2.86774e-44
4.36157e-72 0.203759 1.28796e-100 2.62913e-48 5.82597e-126 1.73039e-41 3.62109e-16 6.30925e-13 1.0409e-100 1.34049e-105 0.0297383 2.06674e-36 3.33774e-17 0.0978904 1.90388e-08 9.18536e-26 0.164366 2.24309e-88 0.303166 8.91643e-59 2.09501e-57 6.99373e-38 1.75073e-115 6.27777e-80 1.44747e-85 5.90021e-95 4.73005e-93
3.78154e-27 6.47146e-87 1.31256e-48 1.58325e-49 1.44248e-138 4.44856e-64 2.00778e-25 1.53827e-18 8.29401e-21 3.13369e-37 5.62976e-27 9.61364e-30 2.58705e-19 1.85935e-37 2.56836e-55 1.03733e-76 1.80744e-51 9.8352e-106 2.58749e-81 0.0744457 2.06003e-44 1.97907e-23 1.54075e-115 3.79629e-11 3.8169e-102 2.61192e-37 1.58641e-16
9.95127e-71 1.01272e-61 8.78331e-68 1.36881e-98 9.02501e-141 3.32792e-75 1.25002e-58 7.9957e-62 5.10278e-46 2.12147e-55 7.21294e-13 2.58751e-66 2.11713e-38 1.47624e-77 0.101047 9.81824e-29 3.24771e-43 1.55229e-75 1.71766e-72 3.17034e-77 1.13409e-48 5.68105e-99 3.74088e-97 3.09545e-18 5.31097e-78 7.66293e-75 7.14252e-91
0.0946669 1.75807e-61 2.87089e-87 2.86692e-46 1.39187e-123 3.01361e-24 1.86647e-16 3.25855e-80 2.88635e-28 5.37102e-82 1.03885e-86 2.02074e-89 3.10464e-49 5.28274e-108 2.86371e-51 0.170906 4.01796e-08 7.37295e-118 1.24606e-46 4.27419e-52 1.53208e-92 2.41885e-72 1.32511e-60 2.27496e-50 3.5324e-89 1.08258e-42 0.170553
3.04504e-24 1.92407e-20 0.0563893 6.22544e-64 3.79943e-106 1.55989e-81 1.22088e-55 9.89536e-08 3.82862e-119 3.32152e-35 2.04015e-32 1.8643e-55 1.82375e-90 5.7451e-28 3.7827e-13 2.74664e-24 2.83668e-47 9.06599e-49 3.38741e-30 1.60236e-73 1.11894e-55 9.93591e-41 3.28009e-43 2.47639e-68 2.46968e-85 7.6831e-69 1.02797e-61
1.66602e-58 8.35339e-20 3.0772e-34 4.42354e-24 4.60139e-91 1.56772e-55 2.69191e-73 6.73547e-56 0.0877326 2.22494e-12 2.91043e-68 5.9583e-72 8.77266e-86 3.01205e-59 4.5406e-05 7.02074e-06 2.47388e-12 7.45086e-88 2.23659e-74 9.86506e-13 6.71938e-22 0.0968459 2.52594e-79 2.38998e-74 0.011295 2.34765e-53 3.98587e-36
4.00739e-12 3.20689e-46 1.05426e-71 5.7788e-35 3.49012e-144 1.3361e-65 3.54569e-76 3.73741e-85 2.83784e-111 2.8311e-72 1.771e-43 2.36827e-116 2.23068e-51 7.35707e-65 9.01733e-49 5.67582e-70 1.17821e-94 1.69874e-31 3.63779e-84 0.0418767 7.68804e-68 5.18334e-91 3.12485e-113 2.72262e-21 2.35301e-111 3.67801e-82 6.20802e-68
2.45548e-68 1.87799e-58 3.69954e-106 1.20008e-39 9.86371e-102 4.3615e-69 7.32617e-12 1.85418e-78 7.04181e-34 4.00483e-49 0.0487927 1.51945e-33 1.4593e-73 1.97487e-51 4.42386e-65 7.4594e-46 2.84031e-80 6.64879e-50 1.02801e-68 0.92935 0.0894789 1.09052e-63 4.31425e-97 1.40821e-28 1.79905e-75 1.38001e-66 0.0516373
4.33792e-05 1.50509e-67 0.03822 2.97935e-31 2.60224e-105 2.2986e-48 2.58166e-64 5.48535e-39 6.54803e-16 8.65844e-86 0.0760114 6.61117e-113 2.46872e-17 4.40553e-112 1.65847e-64 4.15963e-43 5.30244e-40 2.78989e-55 6.13091e-50 2.55906e-27 2.36261e-53 1.31587e-69 5.26221e-122 3.21174e-78 9.36836e-60 5.05365e-54 6.21726e-43
