2.6868e-45 2.01618e-48 3.4861e-26 1.07276e-40 3.18452e-58 9.14062e-42 4.54769e-50 5.80987e-76 2.07298e-07 8.70035e-36 1.39698e-20 8.18156e-73 3.19444e-70 4.0751e-41 1.87013e-05 7.7082e-10 6.59627e-27 7.12446e-05 4.25919e-10 1.09648e-69 0.0927718 1.19013e-12 3.39361e-13 5.0805e-81 4.27602e-10 1.10492e-25 0.00662394
2.06631e-47 4.61647e-47 1.59424e-24 9.62006e-48 1.54183e-44 8.0874e-96 1.28923e-31 3.21518e-75 4.46398e-38 2.47346e-33 9.9838e-32 2.61174e-68 9.20522e-75 2.64683e-49 4.16604e-40 8.30499e-33 1.14209e-49 8.74306e-35 4.25088e-35 6.5537e-59 1.90399e-23 3.26063e-42 4.73329e-57 1.39392e-86 2.18874e-37 1.90153e-40 0.474569
8.383e-49 2.46321e-47 9.05697e-29 6.8381e-50 4.3082e-60 1.6092e-90 3.64151e-55 8.88792e-66 2.39146e-41 1.28639e-24 8.89332e-38 1.10146e-75 1.02868e-79 4.13818e-34 2.21449e-38 3.58119e-36 1.12291e-43 6.92111e-26 1.54747e-45 3.43623e-58 1.29893e-28 7.25565e-36 1.05361e-58 1.16707e-60 1.71214e-42 2.08059e-27 0.135457
1.67333e-48 7.48595e-30 1.944e-26 3.41015e-45 1.69468e-41 5.47759e-83 9.07524e-25 1.16495e-51 6.29246e-32 3.19885e-25 0.0199287 1.07251e-55 2.41024e-64 6.59137e-32 4.73243e-39 9.86884e-13 2.699e-43 1.91994e-28 4.13555e-26 1.35079e-54 3.01481e-51 8.30566e-31 1.89533e-54 1.01272e-55 6.8236e-19 6.2064e-28 0.349396
0.345188 0.0932594 2.13335e-22 0.0625334 0.174173 0.0504299 1.57002e-36 0.118338 1.62455e-35 2.18839e-30 4.93733e-22 0.0345175 0.0128586 0.0648613 0.634771 9.59976e-20 0.277442 4.70394e-13 6.11829e-37 1.03025e-39 3.39245e-44 0.0162258 7.64673e-52 0.131508 0.115139 3.75137e-14 7.55736
4.60857e-42 8.88827e-16 4.9159e-29 1.49614e-47 2.89926e-29 5.50503e-96 5.07564e-21 2.22174e-59 9.33455e-22 4.4037e-24 1.8308e-17 1.49297e-70 1.82568e-44 2.10765e-15 3.15373e-05 1.34419e-23 2.20631e-33 3.13607e-15 5.1074e-55 6.80339e-71 1.08277e-22 1.41752e-23 0.00972268 3.52975e-80 7.40856e-11 0.319168 6.11583e-17
3.01251e-42 5.65232e-34 6.12703e-19 3.26183e-44 1.01635e-53 7.51735e-81 7.16362e-45 1.41854e-54 3.96275e-40 3.29604e-28 4.74641e-35 1.91951e-58 6.54499e-85 1.47615e-49 2.81652e-43 1.63286e-51 2.19504e-45 1.20962e-20 2.1468e-44 1.24832e-72 1.44928e-31 3.29638e-24 3.29617e-37 9.40803e-60 7.71344e-28 6.24711e-31 0.108578
9.05534e-31 0.0421467 0.0744064 3.82531e-27 6.13099e-57 6.57685e-93 2.64768e-26 3.6153e-42 1.27229e-36 3.77062e-29 3.16176e-39 5.82496e-36 9.53831e-54 2.66957e-12 2.15405e-23 1.80901e-31 2.94305e-48 1.3301e-06 4.42079e-52 1.99036e-49 3.5377e-36 1.46438e-24 3.29362e-22 9.71716e-84 2.57863e-24 9.41019e-09 0.110202
1.76188e-36 3.13301e-58 4.15658e-12 3.72687e-28 3.18062e-42 1.85707e-102 4.29374e-41 5.51407e-61 1.74549e-26 1.19245e-21 0.00200903 4.07439e-69 1.71615e-59 1.93499e-31 1.34126e-39 3.12534e-13 6.09543e-37 2.06138e-19 5.0733e-33 1.5328e-44 5.2712e-38 8.6444e-22 3.22664e-56 1.52546e-65 7.90078e-34 5.15754e-17 0.575955
3.67248e-31 3.09658e-15 1.0632e-11 3.47012e-27 1.48986e-19 1.44898e-41 9.64803e-39 3.93573e-55 1.01545e-24 0.0641734 6.93327e-37 1.84332e-65 1.46181e-48 7.11978e-43 7.88395e-39 1.54136e-05 2.36862e-47 1.40941e-24 3.98715e-25 3.21531e-74 1.3211e-25 0.00335135 0.73231 9.71351e-86 5.21581e-15 3.26622e-39 0.022384
5.53459e-51 2.06625e-37 2.00722e-25 2.51511e-33 1.58716e-43 7.21641e-73 6.7886e-47 3.05007e-73 3.14784e-41 1.0518e-39 1.85183e-40 2.83762e-61 1.63372e-75 8.35661e-24 1.21079e-30 3.69791e-47 5.07077e-47 8.44958e-35 3.23014e-51 2.17247e-57 1.18092e-45 9.07075e-41 2.48355e-37 3.71067e-68 1.88371e-29 4.56028e-26 0.261945
1.32805e-38 1.08003e-22 1.07557e-18 2.99083e-49 4.46635e-26 1.32226e-76 4.61787e-38 4.29042e-79 4.31262e-19 2.58531e-25 0.0734917 7.53081e-53 1.97285e-90 4.25022e-18 4.39967e-41 1.96711e-13 5.47191e-53 6.33339e-37 6.36052e-22 3.43255e-72 3.71875e-31 1.3191e-32 4.68046e-48 1.19275e-59 5.61941e-23 4.48179e-37 0.0283148
2.88233e-18 0.00221425 7.66277e-17 1.14967e-09 2.65061e-30 1.51992e-69 0.0511686 3.95543e-49 0.0823529 5.16099e-38 1.94599e-08 1.18137e-15 1.86176e-52 1.54903e-48 4.94946e-12 0.505759 8.06813e-50 0.0754961 0.0759412 0.0687192 4.86726e-24 1.78121e-18 7.4174e-10 2.24355e-21 1.83707e-28 9.12575e-15 1.16051
3.78947e-43 1.50614e-39 3.72061e-18 8.68356e-30 3.66313e-35 2.9744e-76 3.4696e-47 1.05987e-50 1.47582e-24 2.26603e-21 3.77898e-11 1.03184e-50 3.97858e-88 4.0727e-22 7.64283e-17 1.73897e-35 9.65102e-54 8.48041e-25 4.63795e-40 1.47626e-42 1.95666e-18 1.13301e-25 2.74219e-24 1.29649e-49 7.63704e-19 8.45429e-36 0.115021
2.23457e-28 1.84125e-20 5.13397e-10 9.84539e-27 9.38037e-33 6.73956e-55 1.19719e-34 3.63728e-68 1.51377e-30 1.2578e-39 1.39761e-20 1.50131e-58 2.14411e-51 3.97893e-32 5.80471e-38 9.7183e-51 5.23197e-42 1.13877e-18 1.22721e-35 1.00965e-33 0.000104469 2.20247e-14 7.45686e-12 5.37573e-84 2.5018e-20 1.28644e-33 0.804911
2.27781e-41 1.11903e-44 1.54508e-28 9.38719e-41 1.26369e-46 1.14228e-83 1.02324e-43 3.46842e-79 1.46327e-36 8.95635e-37 5.47151e-24 4.13794e-62 1.23178e-82 1.09644e-34 6.08339e-43 2.81307e-33 1.70132e-43 4.50053e-32 4.31104e-50 2.37948e-58 1.58926e-29 3.37799e-36 2.09465e-39 1.83664e-76 1.00649e-40 3.12362e-28 0.00121264
