5.53354e-322 9.83191e-322 1.68476e-321 4.00193e-322 7.26276e-322 9.80068e-85 1.40809e-321 3.24107e-321 9.63428e-322 1.44761e-321 1.59089e-321 1.39327e-321 1.63042e-321 8.74496e-322 5.66946 8.59674e-322
1.9812e-321 7.77165e-321 9.38231e-321 2.42092e-321 2.88688e-295 0.56256 1.24899e-269 7.94458e-321 3.36884e-123 1.18279e-320 1.22874e-320 5.51377e-321 1.49528e-201 3.16202e-321 1.91462 5.65211e-321
6.27463e-322 1.62054e-321 2.00591e-321 5.13828e-322 8.05327e-322 1.00706e-233 1.94662e-321 3.65609e-321 9.43665e-322 1.62054e-321 1.85275e-321 1.72429e-321 1.82804e-321 9.28843e-322 0.10404 1.06718e-321
4.39718e-322 9.83191e-322 1.36856e-321 3.35965e-322 5.68175e-322 4.87827e-150 1.29445e-321 2.19365e-321 6.86751e-322 1.01778e-321 1.37844e-321 1.09683e-321 1.24999e-321 6.57107e-322 4.57187e-105 7.26276e-322
1.665e-321 3.19166e-321 6.67977e-321 1.59583e-321 3.19166e-321 2.29608e-128 6.24647e-320 0.408747 2.21341e-321 3.89324e-321 4.45153e-321 4.8122e-321 7.22324e-321 4.05628e-321 1.57501e-100 3.95253e-321
5.08888e-322 1.47232e-321 1.77864e-321 4.44659e-322 8.84378e-322 1.04238e-210 1.60571e-321 2.23812e-321 1.17094e-321 1.42785e-321 2.08002e-321 1.56125e-321 1.39821e-321 8.44852e-322 0.342501 9.23903e-322
1.27963e-321 2.93475e-321 3.65609e-321 1.07212e-321 1.45749e-321 7.94834e-115 3.86359e-321 1.91121e-190 3.99934e-313 3.26577e-321 5.99796e-321 3.28554e-321 4.98512e-321 2.06519e-321 3.38517 1.92686e-321
4.84184e-322 1.14129e-321 1.62054e-321 4.24896e-322 7.11455e-322 1.15912e-135 1.54643e-321 2.2233e-321 9.23903e-322 1.33892e-321 1.72923e-321 1.36362e-321 1.26481e-321 8.64615e-322 0.739305 7.75683e-322
1.00789e-321 2.39128e-321 3.11755e-321 7.16395e-322 1.18576e-321 0.113565 2.28752e-321 5.97819e-321 1.56619e-321 2.76677e-321 3.18178e-321 2.78653e-321 3.47328e-321 1.60571e-321 1.50288e-65 1.45749e-321
1.46737e-321 3.45352e-321 3.62644e-321 8.15208e-322 1.40315e-321 0.0192902 7.34467e-184 4.26873e-321 1.56125e-321 2.78653e-321 4.02169e-321 2.42586e-321 3.58692e-321 1.65018e-321 2.44839e-73 1.84781e-321
1.665e-321 1.52195 9.60464e-321 1.51678e-321 4.08592e-321 2.30396e-84 4.57999e-321 1.05847 1.66346e-129 4.27861e-321 5.31298e-237 6.40803e-321 4.7875e-321 3.77466e-321 1.33257e-35 4.27367e-321
4.34778e-322 1.11165e-321 1.52666e-321 3.70549e-322 6.96633e-322 6.04609e-202 1.16599e-321 1.9318e-321 7.31217e-322 1.16599e-321 1.32904e-321 1.19564e-321 1.29939e-321 7.90505e-322 0.757326 7.46039e-322
7.46039e-322 1.69959e-321 2.63831e-321 7.26276e-322 1.14129e-321 5.81731e-23 8.51868e-320 3.86853e-321 1.12153e-321 1.88239e-321 2.63337e-321 2.02567e-321 2.17389e-321 1.21046e-321 0.0888792 1.26481e-321
5.63235e-322 1.02272e-321 1.71935e-321 4.24896e-322 7.41098e-322 6.05458e-143 9.84452e-315 2.54444e-321 6.96633e-322 1.36362e-321 1.45255e-321 1.42785e-321 1.56125e-321 7.41098e-322 0.47164 7.75683e-322
2.2935 1.23467e-320 12.091 4.24153 2.60233 7.5957e-168 2.88161 2.44612e-320 1.95233 8.21891 5.8168 12.6224 6.25465 3.56915 17.6863 6.15485
1.96144e-321 3.59186e-321 5.84974e-321 1.39327e-321 3.29048e-321 2.15895e-32 1.30701e-155 0.823136 1.67662e-146 3.69561e-321 5.8448e-321 4.64916e-321 4.80651e-317 2.50491e-321 5.67168e-07 2.80135e-321
6.62048e-322 1.23022e-321 2.25788e-321 5.33591e-322 9.93072e-322 4.3916e-104 1.67488e-321 2.49997e-321 9.48606e-322 1.85769e-321 1.80334e-321 1.66006e-321 2.2233e-321 1.082e-321 0.64865 1.11659e-321
1.03754e-322 2.02567e-322 3.50787e-322 8.89318e-323 1.38338e-322 5.5542e-214 2.71736e-322 4.34778e-322 1.5316e-322 2.61855e-322 3.21143e-322 2.96439e-322 2.61855e-322 1.58101e-322 4.94285e-127 1.77864e-322
