2.76676e-244 7.05467e-96 6.82735e-139 5.74808e-160 1.3034e-175 6.38541e-197 5.20315e-132 1.59149e-271 6.08629e-182 3.43047e-118 3.75658e-125 0.33429 1.71301e-128 7.86643e-193 4.01828e-160 3.07362e-164
7.10024e-172 1.03209e-100 1.85085e-118 3.69884e-237 2.19008e-246 1.56818e-188 6.16547e-162 2.93475e-321 1.03842e-125 2.84126e-141 4.62352e-144 0.928412 5.69995e-85 1.34936e-181 1.43529e-201 1.29753e-220
7.57721e-79 0.195701 1.02649e-91 3.14819e-90 1.38409e-75 1.70064e-55 1.39864e-117 8.15208e-322 1.78814e-29 3.78348e-16 0.115336 2.19186e-27 0.875866 0.117753 2.11536e-96 0.147222
4.39639e-190 4.53059e-183 3.37121e-121 4.90417e-195 5.08874e-126 7.1189e-113 4.47825e-88 1.76962e-275 8.25638e-131 7.60398e-139 4.01028e-177 0.854006 7.14832e-140 5.41475e-209 1.05388e-98 9.735e-120
3.40166e-55 0.33336 1.25923e-143 7.09993e-73 4.0983e-240 3.33598e-26 1.91703e-86 2.27721e-306 0.246598 9.95785e-118 1.7273e-97 9.34364e-14 3.64842e-111 2.47767e-129 0.0904927 5.90588e-163
2.97638e-193 5.23788e-53 2.1158e-101 4.84527e-270 1.86707e-227 0.190489 9.26863e-151 7.41098e-322 8.35801e-32 0.141436 1.2492e-185 9.85697e-21 0.0173509 3.44519e-200 6.00432e-170 3.69045e-231
1.31974e-102 0.0849205 2.20724e-100 1.89433e-268 2.01013e-44 7.65329e-141 3.78667e-139 6.282e-247 1.46476e-109 1.27081e-109 3.64512e-171 0.180227 1.96262e-69 2.99738e-64 4.14407e-116 1.52082e-244
2.65534e-181 4.67824e-104 1.01857e-141 7.89938e-149 4.62919e-210 5.28712e-180 2.68873e-159 6.18298e-237 3.88018e-171 3.01343e-63 5.21138e-122 0.241874 4.25219e-149 9.81714e-195 8.86124e-148 1.28521e-252
0.095406 1.34356e-112 1.8944 1.54514e-10 1.52072 7.53457e-82 1.00849e-14 0.177023 3.111e-11 1.40573e-147 3.12748e-75 5.7065e-85 6.18174e-51 2.99771e-66 4.26218e-159 6.96104e-230
3.19047e-74 0.368873 2.40882e-92 0.321955 3.96506e-51 4.95523e-71 1.56331e-08 1.50675e-300 2.02349e-61 1.27602e-59 7.0612e-112 2.0115e-52 1.14383e-122 1.26543e-214 1.15451e-184 4.40618e-173
1.10599e-146 1.34603e-136 2.6779e-157 3.13594e-168 3.53577e-235 9.37306e-123 7.95219e-126 1.36839e-203 7.41765e-80 6.05467e-149 1.56581e-120 0.12053 1.06942e-104 1.32199e-92 3.04938e-155 1.40795e-90
7.94627e-202 0.118522 3.49611e-59 1.45995e-70 1.87009e-219 4.13316e-93 2.64888e-45 1.39613e-105 8.98344e-178 1.26264e-51 3.95873e-94 1.58781e-10 2.44375e-84 3.16563e-66 4.67118e-95 1.11715e-222
6.8054e-175 3.81254e-136 2.52032e-160 6.9643e-208 6.80524e-141 2.55195e-142 9.44987e-153 4.83745e-314 4.30058e-168 3.61231e-70 1.54529e-104 0.036912 1.15314e-97 6.09731e-145 1.91027e-162 1.82774e-171
5.39089e-72 1.03172e-136 3.54795e-46 1.48167e-227 5.6389e-82 1.22638e-134 0.925251 1.61011e-168 0.000270406 4.44809e-12 3.10541e-48 1.94595e-72 5.26954e-81 4.51275e-182 3.02349e-75 9.14626e-110
8.84323e-152 2.31938e-113 1.44158e-145 5.64037e-216 3.63222e-182 5.75641e-156 3.93963e-97 1.24961e-274 8.76674e-161 9.65589e-91 4.76551e-190 4.03113 3.98992e-93 1.96844e-192 9.39751e-183 8.64795e-157
4.82594e-106 0.0718186 4.49473e-152 0.00124973 6.13865e-191 1.11917e-137 1.66176e-159 1.2392e-75 1.26629e-89 5.63229e-05 7.357e-137 5.08392e-45 2.29985e-67 1.3448e-61 1.30599e-131 1.17977e-165
1.88913e-122 2.79882e-83 1.85344e-99 3.28734e-235 4.38694e-132 7.41999e-224 5.06289e-159 9.56987e-221 3.59208e-138 1.13461e-66 3.30375e-70 6.36851e-84 3.41529e-46 8.89342e-176 5.89809e-208 0.1231
1.27625e-95 5.89152e-56 2.97733e-180 1.02205e-252 1.48926e-64 9.35919e-27 0.15396 4.76559e-296 3.97781e-97 0.0675611 1.75828e-184 9.04415e-73 2.43548e-111 1.91283e-17 2.79524e-127 1.72679e-168
