1.08262e-63 7.35491e-13 1.01514e-72 1.72991e-45 2.64064e-73 1.75123e-42 5.72477e-52 0.126886 7.79934e-31 1.81417e-20 2.33498e-17 4.49839e-51 1.54846e-31 2.49544e-23 1.00116e-39
4.46312e-61 9.82996e-18 9.46033e-36 1.5853e-20 2.25919e-81 2.27108e-30 4.76032e-09 2.87093e-08 6.2539e-22 9.76565e-33 0.140166 2.91578e-51 2.30879e-24 7.11229e-17 1.86995e-48
2.33005e-63 5.15812e-05 1.06287e-68 3.04896e-36 4.06563e-62 3.94811e-38 4.65144e-44 0.0300075 1.33247e-20 6.67155e-10 1.31331e-09 7.32979e-33 3.0902e-40 5.34577e-19 4.16633e-33
2.53719e-49 2.44079e-18 6.89582e-51 6.49854e-49 4.0593e-72 1.96694e-41 2.75405e-56 0.293263 3.59905e-28 4.87308e-29 3.55678e-33 1.42356e-46 3.34762e-38 8.50924e-20 3.9517e-30
2.31192e-56 0.000116176 4.31412e-71 2.33337e-44 1.14538e-48 2.55308e-54 1.42495e-36 0.094755 5.98948e-42 1.85829e-12 5.51256e-08 1.02242e-50 1.94901e-22 5.23902e-09 9.15884e-47
9.97802e-33 1.24604e-11 7.74215e-48 5.19496e-52 9.24257e-68 3.18012e-54 2.12613e-27 7.87568e-09 9.9549e-41 0.0727608 2.1745e-30 2.4181e-35 1.53617e-30 2.42193e-30 1.21939e-20
8.49384e-36 0.0234495 3.51384e-59 4.45906e-43 5.69368e-69 5.48254e-52 0.0691726 5.90717e-12 0.0578721 4.35303e-15 1.34492e-32 1.72925e-16 9.68232e-38 2.42647e-18 1.9798e-42
4.26233e-58 8.09836e-23 0.058773 3.70009e-52 0.0753189 0.123424 5.67571e-56 0.00273525 1.27103e-24 0.924852 0.0574866 2.98363e-27 6.31043e-08 5.0911e-07 0.000943587
2.0219e-63 8.21253e-16 6.75378e-68 1.20768e-46 3.28213e-64 1.88914e-57 1.15979e-64 0.112132 1.95597e-34 3.77934e-18 1.43747e-31 5.19772e-44 6.51479e-34 4.14318e-22 2.3673e-50
4.79358e-47 3.435e-15 7.82946e-74 1.12883e-55 4.63611e-46 2.68574e-42 1.35777e-62 0.181445 5.74441e-41 0.00332999 0.000224119 1.22624e-32 2.76849e-44 5.22376e-31 1.58393e-25
1.06905e-65 5.85576e-05 2.91079e-50 9.18584e-34 1.56368e-38 3.8698e-47 7.38464e-65 1.46423e-12 1.46277e-32 4.55423e-08 0.208285 2.38455e-19 1.09207e-28 3.26795e-17 9.75871e-23
8.53526e-70 1.18179e-22 2.60984e-34 8.92864e-11 2.56301e-50 3.83098e-29 5.19636e-65 8.42161e-07 0.0375239 2.22961e-26 1.15282e-27 0.0359374 5.74527e-36 0.0274638 0.0429794
0.0538186 2.20535e-05 3.59652e-69 0.0914692 0.071134 1.07042e-43 9.69672e-05 4.96221e-10 4.80096e-17 0.00052732 2.0361e-32 5.30831e-05 0.139635 0.0554863 7.14698e-32
