4.08106e-139 5.0546e-28 4.88482e-235 7.60329e-131 7.46039e-322 1.27853e-23 2.01585e-136 2.13496e-47 8.9112e-91 2.0305e-136 0.110857 1.79148e-99 8.49399e-303 1.97382e-49
0.000273492 0.00991304 2.68611e-272 2.96439e-323 9.88131e-324 9.82857e-258 1.4822e-323 1.66396e-196 7.21293e-260 1.95723e-221 3.45846e-323 1.91283e-279 4.44659e-323 4.63665e-304
2.63583e-126 5.84793e-237 3.67544e-166 3.42047e-190 3.52934e-266 4.19007e-46 1.84375e-66 1.00788e-54 2.77256e-34 0.386535 1.95213e-177 2.54262e-271 4.34284e-321 5.27753e-104
9.58323e-297 1.69443e-234 2.16682e-227 6.97092e-209 6.96118e-96 0.812624 1.31289e-43 3.5954e-108 0.114321 5.89817e-09 4.31055e-221 0.257084 3.49304e-321 1.29291e-151
4.53679e-233 1.71536e-89 0.236196 1.5979e-122 5.87938e-322 1.25423e-103 9.09081e-322 1.76323e-118 8.38159e-210 3.77995e-16 2.13248e-22 4.36226e-242 1.72642e-201 1.09388e-225
2.42092e-321 3.64126e-321 1.29259e-39 9.53422e-80 1.04454e-144 8.75276e-150 2.10406e-147 1.0068e-147 1.90948e-11 0.0200445 1.85644e-182 4.49895e-123 3.30837e-271 3.4859e-49
2.4337e-79 1.47322e-131 1.00925e-170 0.0601747 6.71929e-322 3.05025e-167 1.38142e-112 3.40373e-196 3.00685e-117 2.93489e-178 1.91882e-227 5.07179e-72 0.394661 0.0358027
0.0853663 1.41669e-105 9.73648e-239 5.08888e-322 1.63042e-322 3.25987e-186 7.06793e-281 7.35271e-183 1.02115e-220 1.00884e-194 1.10094e-228 2.98263e-269 8.10268e-322 5.80607e-250
3.91315e-109 8.21217e-14 1.73085e-116 1.68307e-311 3.90747e-215 1.669e-46 0.222218 2.85891e-19 4.11793e-157 2.67403 3.70484e-205 6.41878e-256 0.23134 3.86091e-07
5.21945e-98 2.58225e-41 1.84185e-174 2.11318e-308 2.61855e-322 4.38884e-124 7.24641e-251 7.7395e-125 2.79503e-144 4.27852e-174 7.68618e-271 2.37758e-175 3.02725e-227 2.36901e-249
1.3874e-225 2.05654e-145 2.4142e-148 1.98449e-118 1.23981e-82 1.56804e-185 1.25209e-90 4.99327e-30 2.29233e-93 1.14318e-216 0.149234 9.25209e-73 0.152785 3.17888e-30
3.55935e-196 5.0092e-189 9.75635e-137 0.420245 9.25838e-311 3.05808e-81 6.34119e-31 6.75443e-09 0.163512 1.36377e-92 2.20487e-223 5.24055e-176 4.80917e-85 9.25202e-202
9.85927e-275 3.15708e-321 3.20494e-106 6.84224e-30 6.14745e-221 5.38791e-152 1.00168e-315 1.13967e-22 3.12124e-09 1.22874e-179 0.296098 4.88039e-19 2.35031e-103 2.51623e-14
2.20847e-321 4.23498e-101 1.43744e-210 4.46756e-31 0.239175 0.0239906 5.21497e-12 9.9509e-157 8.97371e-67 6.48017e-05 2.1206e-212 2.56661e-177 6.1006e-267 9.79463e-262
4.10759e-291 1.19074e-78 0.367446 2.11105e-312 8.69556e-322 8.41507e-251 2.68846e-295 0.45457 2.66776e-219 7.75214e-211 1.26583e-143 2.94073e-67 4.85758e-79 0.269831
