3.99238e-223 9.46934e-127 1.1154e-131 7.99757e-309 2.35175e-321 1.91749e-278 1.76381e-321 8.78852e-101 9.33784e-322 0.474986 1.20098e-79 3.12249e-321 2.59879e-321 1.89721e-321
2.89522e-321 1.49208e-321 0.518744 0.698594 2.13436e-321 6.98267e-116 3.1472e-321 1.68313e-109 1.33398e-321 4.83561e-281 0.24572 3.12054e-261 3.78948e-321 1.91203e-321
1.65096e-278 5.74262e-99 9.0414e-322 3.22228e-235 9.48606e-322 1.03754e-321 1.43773e-321 0.357928 6.71929e-322 1.25288e-23 5.55272e-190 2.18377e-321 1.47232e-321 1.10177e-321
7.81009e-308 6.98467e-66 1.82389e-241 7.41713e-148 1.95156e-321 2.09484e-321 1.72429e-321 1.32733e-153 1.26481e-321 0.520361 1.50196e-321 4.70368e-213 2.70748e-321 4.4232e-292
4.83714e-160 3.88377e-182 1.93664e-108 1.4033e-178 2.2727e-321 1.78174e-113 4.26379e-321 7.47783e-124 2.48021e-321 1.17134e-190 7.69668e-63 0.336142 1.19946e-306 2.48021e-321
8.66924e-242 6.76266e-294 1.18823e-319 1.44695e-306 1.22528e-321 1.31916e-321 1.43773e-321 8.22118e-140 6.7687e-322 3.5237e-274 2.06822e-182 1.24416e-319 1.71935e-321 1.23516e-321
7.33858e-265 1.88733e-321 1.87251e-321 1.75902e-291 3.48406e-188 7.71003e-147 3.61656e-321 1.63941e-12 1.70453e-321 5.77743e-201 0.243833 3.45352e-321 7.74032e-270 1.69465e-321
0.0120942 0.00769456 2.47033e-323 4.94066e-323 3.45846e-323 3.45846e-323 2.96439e-323 2.02956e-258 1.4822e-323 1.32848e-283 3.45846e-323 4.94066e-323 4.44659e-323 2.47033e-323
4.01073e-43 1.33673e-207 8.89318e-322 1.18036e-228 1.2401e-321 1.12647e-321 1.46737e-321 0.0515337 6.0276e-322 5.41208e-256 1.83965e-203 1.70453e-321 1.81816e-321 9.38725e-322
7.33348e-313 3.42207e-310 9.98699e-247 1.13194e-118 1.57045 1.5694 1.85892 1.3784e-186 1.06242 3.45151e-181 3.84877e-321 0.654329 1.72936 0.908496
1.83092e-271 1.89721e-321 1.72733e-70 2.95305e-54 3.3053e-321 1.97132e-321 2.09978e-321 8.79022e-81 1.42291e-321 5.79398e-244 3.82679e-09 0.169355 3.49304e-321 1.55631e-321
4.1939e-146 4.85354e-20 1.14623e-321 8.94576e-172 1.10177e-321 1.54643e-321 1.54643e-321 0.262142 5.97819e-322 1.13751e-150 1.8497e-109 5.15898e-142 1.66994e-321 1.09683e-321
2.19365e-321 1.67488e-321 7.07547e-19 4.17537e-90 2.94957e-321 1.14279e-234 3.97723e-321 0.0226757 2.6729e-321 2.69484e-167 2.46045e-321 3.74502e-321 3.62644e-321 7.98401e-111
1.34003e-154 8.02167e-208 1.29939e-321 1.96144e-321 2.05531e-321 2.64819e-321 1.93674e-321 0.42758 7.60861e-322 4.50394e-227 6.36766e-218 2.71736e-321 1.83792e-321 1.06224e-321
2.40116e-321 5.97073e-88 2.23318e-162 1.10659e-148 1.67488e-321 1.9565e-321 1.93674e-321 0.0323646 1.19564e-321 4.61202e-85 1.32671e-72 2.49049e-29 3.05333e-321 1.14812e-314
