1.59583e-321 1.83298e-321 2.43746e-201 2.31964e-56 1.39932e-61 6.98911e-173 5.41002e-321 1.40068e-250 1.01013e-204 1.13635e-321 6.32947e-320 7.98367e-16 4.61102e-273 0.504078 1.29091 6.14941e-176 3.05683e-198 0.409664 4.92796e-90 1.15597e-31 9.07249e-13 0.389165 1.70622e-57 1.10575 0.652211 5.17765e-58 8.26073
7.8473e-33 4.3293e-28 1.60613e-29 2.91033e-08 1.43002e-31 1.1785e-27 9.26541e-32 2.46313e-23 2.40338e-10 1.03331e-10 1.09453 1.38465e-18 6.90457e-35 3.64427e-278 7.73322e-301 1.00468e-258 1.32152e-213 1.33398e-322 1.36323e-184 6.12067e-106 2.87354e-130 1.23825e-192 5.88486e-212 3.0138e-322 2.2233e-322 6.24323e-199 2.07014e-321
0.0147507 0.0121545 0.00200358 0.0128388 2.79248e-08 0.0113288 0.0337748 0.0236955 0.013719 0.00764081 0.000300918 0.0250338 0.00433959 2.32835e-306 2.86486e-318 5.22502e-279 4.41908e-234 4.44659e-323 2.69736e-205 3.00127e-114 1.80989e-147 1.42625e-226 1.36604e-226 9.88131e-323 7.90505e-323 7.88748e-241 7.46039e-322
3.99154e-134 1.60571e-321 1.10954e-86 7.12642e-231 3.53504e-108 1.57607e-321 6.16972e-192 2.99898e-321 9.56904e-175 1.31065e-62 2.73116e-251 7.20601e-92 4.34778e-322 3.26306e-43 9.2556e-123 0.412065 1.72598e-102 5.40927e-129 3.66881e-23 2.38281e-99 8.40447e-73 3.06578e-114 0.198092 1.67596e-290 4.55448e-201 2.25094e-66 6.76686e-87
2.10912e-265 9.98379e-154 1.81204e-194 1.53677e-47 1.2189e-130 1.69873e-78 2.19356e-46 7.54731e-125 1.42353e-88 1.77413e-16 1.25202e-204 9.42567e-48 2.41376e-175 5.14418e-206 5.72866e-309 1.38044e-125 8.67991e-109 9.43665e-322 1.26441e-159 3.01522e-49 4.01326e-129 4.33552e-195 6.51117e-62 2.09131e-311 4.23656e-198 0.224839 1.5815e-320
1.87099e-162 1.35374e-321 3.79971e-244 2.12948e-32 1.84771e-133 6.70691e-119 3.08248e-292 3.27566e-321 1.06757e-189 1.80935e-263 3.94378e-314 1.19481e-101 2.22759e-225 2.89637e-149 3.69861e-196 1.75253e-218 1.61258e-178 1.03445e-283 1.39225e-67 0.230898 2.13117e-39 2.83214e-197 0.363475 1.13003e-144 4.34135e-320 0.01062 2.85077e-272
4.26847e-208 6.23348e-123 2.48502e-287 5.2888e-163 4.1881e-32 2.13647e-246 8.35288e-90 1.48821e-218 1.78251e-120 2.41926e-45 1.12014e-39 2.20098e-199 8.36715e-295 4.1673e-132 7.98135e-91 1.5501e-118 4.16797e-138 1.21011e-271 2.03739e-183 1.8938e-56 0.323901 1.15323 5.29499e-122 8.79749e-178 1.97553e-301 1.06926e-35 1.47218e-263
1.69053e-10 5.40427e-34 9.00197e-151 1.22698e-33 0.0715007 3.66309e-60 4.35525e-42 3.34907e-111 1.31588e-30 3.94661e-31 1.27196e-108 7.96183e-152 1.01383e-186 2.04841e-212 3.18836e-169 2.14678e-272 1.144e-140 4.08098e-321 3.08606e-146 1.63673e-06 5.02445e-99 2.75571e-172 2.69194e-190 6.20546e-321 5.19263e-321 1.21348e-126 3.64324e-320
1.60425e-258 1.41845e-68 6.31768e-166 1.6169e-31 1.63042e-322 3.77131e-257 5.82542e-175 1.12164e-152 8.74647e-231 2.90376e-192 6.93366e-241 6.02511e-173 7.5888e-36 2.5205e-36 6.23856e-287 1.362e-212 2.9699e-05 2.67022e-294 0.320263 1.81861e-95 0.0888055 2.90268e-87 9.59198e-96 1.3982e-269 1.94168e-321 1.45479e-41 2.58915e-288
6.95595e-201 1.6347e-167 4.65473e-22 2.39761e-42 4.22593e-160 2.31938e-238 0.0412429 1.61015e-266 8.32772e-184 1.12684e-121 6.01427e-163 4.48231e-48 3.28206e-279 1.93826e-215 5.7436e-265 1.92235e-199 0.220436 8.87867e-289 3.22289e-202 0.282337 5.11515e-52 2.55585e-205 1.00116e-207 2.09484e-321 3.75382e-192 3.03629e-183 1.5153e-320
