4.98156e-28 1.95237e-09 1.17439e-25 2.68809e-33 9.98142e-80 8.9282e-25 9.48236e-82 1.20173e-60 0.00048474 1.022e-71 0.0624472 3.94466e-33 1.0736e-20 1.42424e-110 1.53912e-159 1.27514e-58 3.4188e-115 9.99236e-63 7.93678e-74 0.0929893 4.8899e-42 7.07106e-45 2.76217e-34 1.09184e-96 9.34398e-94 9.46547e-101 2.66492e-51
6.31823e-23 1.91178e-55 6.39593e-25 2.1546e-25 8.68129e-123 3.62996e-62 3.50878e-112 3.53266e-98 5.70798e-67 1.98076e-86 9.04336e-52 3.1894e-96 3.70939e-34 7.71902e-53 4.32287e-106 9.61246e-53 2.94267e-92 8.52989e-85 1.64798e-55 1.86218e-33 9.16309e-42 5.02154e-42 1.11845e-24 4.47118e-121 4.01293e-91 1.99983e-75 0.905536
1.605e-35 4.9186e-25 3.00517e-38 1.14748e-21 2.11366e-18 6.16323e-96 1.11982e-78 2.75714e-12 1.42861e-22 8.9303e-45 1.65935e-66 2.17037e-27 7.46894e-30 1.17904e-100 8.06505e-92 5.5703e-65 1.99461e-160 3.43942e-48 8.03175e-39 5.8478e-17 0.10728 8.67544e-19 1.33102e-26 1.67473e-31 2.96169e-34 3.07375e-71 2.23763e-55
2.11903e-13 3.96332e-36 3.3336e-19 0.151881 0.00142023 1.32276e-14 8.59491e-13 1.91867e-08 7.20825e-15 8.63784e-36 1.28489e-49 3.40095e-39 1.6338e-12 7.89205e-112 1.82251e-126 4.34758e-81 3.30218e-144 5.06002e-128 3.11341e-73 1.40092e-32 9.57849e-57 2.25741e-40 4.62963e-67 1.54643e-124 1.81729e-104 5.07019e-126 1.01265e-80
6.8889e-54 2.5441e-46 1.38761e-09 3.32755e-13 0.000502994 5.16985e-22 3.37342e-08 1.54001e-49 3.81469e-44 1.68219e-11 0.000894701 1.27396e-52 9.88987e-08 8.70384e-97 3.87696e-84 3.24628e-74 1.14857e-124 1.00632e-93 6.75074e-74 2.86133e-06 3.72184e-44 4.52983e-63 1.23807e-48 1.32573e-110 1.42301e-90 1.96783e-69 0.197374
7.66279e-11 1.57406e-37 2.79235e-13 3.19224e-35 2.44898e-16 4.05588e-33 5.23921e-47 3.16007e-35 2.89468e-78 9.76624e-62 1.44719e-43 4.89957e-59 4.12788e-27 2.17305e-61 4.03021e-86 2.93263e-61 4.39046e-170 8.9411e-114 5.47809e-54 4.68125e-05 4.01895e-68 1.40202e-35 1.30811e-29 1.66809e-166 6.55313e-80 1.98613e-117 0.531367
2.71157e-34 2.08447e-11 2.35507e-85 5.51543e-32 1.7813e-61 2.04424e-40 4.95672e-18 1.92471e-144 6.11976e-123 3.89455e-75 3.0479e-178 1.0419e-103 8.09894e-53 1.23586e-114 6.40412e-103 6.2389e-40 0.0859883 0.343164 2.33229e-70 1.1648e-19 0.00025428 1.96578e-10 0.565593 0.236347 7.854e-19 0.176206 1.71828e-79
9.74039e-95 1.89992e-27 7.0811e-80 3.44109e-53 1.9299e-184 8.2762e-96 1.20361e-136 4.76192e-56 2.34156e-78 1.07472e-105 1.14327e-33 1.10813e-142 4.67173e-39 0.0401513 0.14976 0.122682 6.14489e-120 2.59545e-45 0.172709 0.199396 0.59793 0.288142 1.13856e-47 7.78486e-43 2.48309e-64 4.35586e-64 0.664344
0.00553213 0.00202638 0.00493102 0.00470664 3.48794e-05 0.00476615 0.00497136 0.00919008 0.000111564 0.000374931 0.000304978 0.000940581 0.00156579 1.33577e-122 9.12864e-170 3.97394e-113 4.72254e-182 2.42846e-130 5.34717e-83 2.4644e-47 2.01675e-75 2.13069e-79 1.59081e-80 3.85228e-168 4.8434e-113 1.21866e-127 6.30236e-83
4.16543e-91 1.43009e-18 5.0089e-78 2.73726e-89 0.0148375 2.90632e-72 1.01223e-140 3.76332e-131 5.60886e-47 2.54975e-11 2.54194e-14 2.02634e-58 7.58138e-18 2.27447e-120 7.4153e-27 1.17269e-81 9.82058e-132 9.45279e-84 1.87008e-23 1.11114e-28 0.276022 1.14627e-48 4.44948e-43 4.65668e-05 0.0977169 2.94427e-47 6.47093e-49
