1.10552e-13 1.1393e-11 4.46621e-42 3.14136e-39 1.51561e-08 7.02987e-29 7.37853e-26 6.34649e-35 1.11974e-35 3.04682e-13 8.40704e-65 2.12716e-50 0.0206996 1.05647e-19 8.26467e-18 1.95527e-46 4.8803e-14 3.65707e-28 6.85957e-38 2.18036e-24 3.96204e-10 4.91694e-45
1.65972e-63 3.59991e-74 7.55633e-41 6.73139e-58 1.1916e-26 9.40467e-64 3.25903e-57 2.07415e-63 0.101549 2.91013e-36 1.16326e-17 2.90538e-45 6.23163e-12 5.96547e-20 7.65121e-13 0.0714392 1.55356e-34 0.101556 0.133423 0.394065 3.72298e-07 0.0546863
3.92206e-24 2.0687e-21 1.46069e-42 1.53275e-14 2.23077e-32 7.26923e-10 1.49709e-27 9.00039e-72 1.45323e-48 7.8052e-35 1.08025e-56 3.87162e-40 4.03769e-56 9.02339e-25 4.43069e-35 4.0182e-61 0.173581 2.16152e-63 4.61113e-70 5.72363e-54 2.10974e-15 6.70681e-24
1.54622e-25 8.05468e-12 2.19498e-39 3.14845e-62 2.29266e-11 1.07841e-16 3.72955e-25 6.31132e-67 2.69437e-35 2.46656e-56 1.68736e-47 0.0772381 7.20209e-40 3.97768e-44 9.90606e-54 3.99713e-87 7.95847e-28 1.95501e-39 2.58308e-86 5.81377e-68 2.30715e-28 3.87757e-11
1.37951e-34 0.00235841 1.36104e-15 7.13352e-63 3.43953e-41 5.546e-52 0.096844 5.3114e-44 2.09347e-51 1.9989e-40 6.81136e-32 1.09267e-38 1.0845e-57 1.26923e-08 4.44799e-51 3.55785e-63 2.52736e-09 4.47638e-34 3.59193e-54 7.94046e-33 0.0672897 2.14697e-15
3.98381e-31 6.0242e-15 5.89889e-23 1.53196e-60 3.9135e-16 2.71849e-48 1.93175e-48 4.6357e-60 2.96259e-54 3.06416e-47 0.181688 5.97192e-41 1.67122e-30 2.88899e-46 1.77028e-33 1.05465e-22 4.77062e-06 7.85589e-65 2.67976e-21 6.18985e-66 0.226195 2.98435e-25
1.23514e-05 8.02718e-05 4.21524e-23 4.621e-12 5.85506e-47 3.89918e-07 8.32653e-13 6.76397e-30 3.61844e-23 1.29376e-40 6.48679e-63 8.38393e-52 3.94959e-60 1.7258e-39 2.46993e-29 1.12677e-44 0.444228 3.22465e-48 2.29703e-47 6.64975e-28 6.99592e-15 3.06076e-35
3.76227e-11 3.77735e-13 1.55346e-19 2.17652e-19 4.93414e-05 5.29749e-07 2.32895e-25 3.48756e-56 2.05433e-39 1.05613e-58 7.82138e-54 4.18396e-48 6.78359e-58 2.91373e-42 1.96606e-65 4.43776e-87 8.85586e-26 5.26668e-71 3.0912e-71 2.98358e-75 9.12059e-28 8.67929e-27
1.64003e-26 4.17656e-07 3.10173e-58 0.0135842 9.43866e-22 3.02096e-58 2.52647e-48 2.42603e-73 2.84303e-17 8.59665e-28 4.01012e-34 0.0671489 1.07535e-59 4.40132e-15 3.24783e-60 2.70065e-56 2.96276e-11 6.35289e-40 4.43318e-62 1.62417e-29 6.86968e-43 7.71217e-25
0.000159699 0.000217705 0.000638707 0.000297465 1.49624e-05 9.18964e-05 0.00034575 8.26359e-82 2.32551e-62 6.04629e-64 5.64353e-78 6.4698e-60 1.0163e-62 3.00343e-51 3.20708e-68 3.14325e-100 1.37568e-41 8.27223e-75 8.23244e-93 3.49086e-84 1.86953e-50 2.69776e-48
1.0231e-27 4.0575e-60 4.56614e-23 3.00878e-27 1.57797e-41 4.08246e-24 3.05035e-16 7.39858e-30 1.93953e-50 0.0321565 1.11731e-41 3.85231e-07 0.000858507 0.0585525 1.50389e-27 1.81371e-28 1.42803 0.000269145 2.56e-68 1.9709e-77 2.56892 2.75016e-39
5.06611e-17 1.36876e-32 1.04529e-59 4.66813e-65 6.46351e-92 9.6805e-59 2.67046e-21 0.0553207 3.25275e-09 6.7348e-49 7.1819e-76 9.36391e-06 9.00341e-37 2.61824e-40 7.65157e-40 1.51298e-64 0.733763 2.45877e-42 3.47464e-81 4.06992e-74 1.79211e-09 3.56652e-28
5.21084e-27 2.0846e-39 3.38373e-13 2.99466e-31 5.80067e-10 8.67519e-12 0.0765513 8.11519e-80 1.67874e-20 1.63626e-48 1.31804e-49 3.57665e-21 1.95795e-30 1.80909e-22 2.23896e-19 2.22649e-90 0.45218 2.55742e-60 3.32969e-81 5.0718e-59 5.14456e-21 1.75091e-30
2.74725e-16 3.69422e-31 1.06215e-51 1.95159e-39 1.27862e-61 1.2455e-08 2.16447e-11 1.01803e-63 4.12264e-06 1.76163e-51 7.76272e-69 9.26255e-46 0.00919924 2.12883e-23 0.0256939 6.2062e-40 4.53134e-26 1.43391e-49 1.93932e-66 2.05534e-24 0.504255 2.44645e-45
