1.60862e-122 5.27783e-144 7.56069e-32 8.96312e-121 4.88605e-114 4.50311e-78 7.57597e-36 5.57901e-234 4.26498e-96 0.196201 1.06823e-21 1.74375e-16 5.70996e-42 1.93308e-41 1.13242e-184 2.91222e-253 1.62153e-133 0.0203424 1.38826e-40 3.30416e-149 6.61174e-210 1.0002e-66 0.145275 4.28536e-37 2.21542e-195
3.70163e-229 4.37026e-218 1.36394e-157 3.26182e-246 2.59621e-157 7.16609e-248 1.26078e-132 8.83762e-216 4.41101e-110 7.16226e-217 1.58274e-150 5.72666e-106 2.12876e-111 1.59807e-145 6.12104e-204 2.20258e-199 1.46333e-132 2.40715e-189 4.15795e-135 9.20693e-227 2.90286e-225 8.47687e-133 3.27167e-144 2.104e-221 2.16902e-200
9.97983e-158 3.80347e-260 4.37016e-40 8.21697e-142 1.10411e-29 1.87074e-95 1.19602 1.64705e-142 6.60805e-37 1.24563e-34 2.59674e-25 5.67049e-138 1.35715e-23 1.7181e-124 0.135223 8.10427e-197 1.32861e-90 1.31109e-222 4.70453e-60 1.22553e-229 1.51727e-262 1.26905e-115 3.44994e-139 2.36495e-94 1.50485e-34
1.53997e-266 1.1035e-154 6.32972e-07 2.54294e-256 7.37865e-58 2.65927e-184 1.59292e-23 2.67199e-202 0.0814431 1.43058e-61 7.58131e-27 1.08773e-50 1.43523e-80 1.77462e-56 7.11577e-157 1.55648e-58 7.35793e-123 2.38288e-82 2.23187e-196 2.37454e-215 0.00999091 4.81401e-65 0.320622 9.72273e-103 5.99188e-16
5.47234e-127 2.71482e-250 9.78604e-146 2.14441e-10 1.70513e-52 1.35406e-245 2.61088e-96 0.228073 1.02454e-36 1.01259e-151 9.81654e-104 1.87138e-05 1.76738e-11 1.67095e-07 5.85123e-106 9.21549e-172 1.20605e-97 3.31874e-220 9.28213e-183 2.72115e-283 1.21411e-92 1.86512e-75 2.61065e-91 5.78168e-199 4.65463e-158
1.35203e-251 1.49535 1.9606e-72 0.408734 3.10096e-40 0.200586 2.46399e-110 0.289015 1.99955e-112 1.7616e-162 0.244138 2.81741e-78 2.42351e-64 1.20863e-64 1.38018e-130 1.54815e-157 0.581037 3.40674e-138 4.27662e-148 0.12265 0.349336 5.33394e-164 3.83186e-152 1.46035e-178 1.1662e-39
1.04684e-197 1.12355e-177 1.50599e-123 1.56195e-47 2.05985e-99 2.30982e-110 2.52153e-109 1.44134e-141 5.6348e-86 3.70031e-162 1.48199e-118 2.43876e-101 4.69669e-47 3.33459e-09 3.8441e-127 9.21778e-153 2.11859e-50 3.87027e-122 2.82292e-181 3.03352e-277 4.69197e-180 5.11514e-164 2.32407e-128 5.20887e-222 0.129545
1.80249e-217 1.16761e-256 0.0337082 2.33676e-92 9.58973e-146 1.57694e-257 2.11791e-109 2.5029e-191 4.17442e-104 8.54552e-87 1.39626e-67 5.6433e-13 0.346188 2.70055e-104 8.6296e-83 3.38702e-155 4.6798e-33 0.10571 1.00671e-179 9.566e-86 0.181886 6.88976e-73 4.6607e-43 3.92231e-175 1.72589e-37
0.155469 1.87196e-139 6.28306e-145 4.17578e-199 3.96351e-158 9.79038e-42 4.21588e-47 5.01105e-07 2.49676e-19 3.44822e-42 2.24222e-26 5.18176e-27 8.9592e-57 7.91626e-45 1.51779e-49 9.10949e-164 2.21966e-27 6.74508e-126 0.206629 1.94774e-201 5.76817e-263 0.290635 1.57951e-101 1.44878e-125 3.48552e-132
9.64424e-67 1.15986e-233 0.154078 2.90756e-114 4.26666e-101 4.16447e-88 1.05035e-26 6.92904e-131 4.25281e-88 2.80636e-139 8.88377e-68 1.68598e-94 6.65504e-09 2.02199e-34 7.66358e-90 3.71658e-66 1.10072e-115 4.98151e-99 1.02924e-99 4.25081e-160 1.21441e-53 5.47525e-55 1.44581e-100 1.60419e-216 2.33989e-179
1.60257e-161 4.92826e-143 2.21714e-49 1.02774e-94 9.35712e-89 6.07466e-178 0.0658351 1.88958e-115 0.096529 3.96102e-122 9.0956e-160 7.16862e-147 4.10699e-142 4.73968e-139 1.02655e-25 4.54131e-207 7.89614e-127 9.65179e-60 3.49671e-19 3.22071e-273 0.00976407 1.72216e-70 6.79966e-127 2.98224e-171 3.93861e-46
3.50989e-267 1.41587e-57 1.01596e-83 0.0514898 0.231267 6.2102e-81 1.94456e-119 4.00366e-179 3.11113e-101 2.32656e-177 1.14052e-83 0.206545 5.15057e-103 1.93959e-93 3.10695e-131 4.81153e-33 3.7201e-78 8.43489e-201 0.298988 7.944e-136 8.98344e-99 1.61409e-113 0.000253083 0.511575 2.79636e-45
3.97685e-75 4.581e-254 4.3483e-52 0.128292 9.0762e-64 7.87504e-145 7.62822e-109 2.66923e-225 4.14599e-94 2.62718e-45 2.24871e-83 2.80065e-84 3.76708e-61 2.43605e-155 1.00148e-169 7.27924e-251 1.54917e-07 1.80452e-163 1.34757e-193 7.21144e-60 1.78233e-191 2.58383e-53 6.16265e-33 6.51933e-116 8.37309e-101
3.50039e-137 3.39023e-230 2.09218e-146 4.61074e-65 4.29721e-86 4.45093e-149 8.09082e-60 7.31188e-31 2.09505e-37 3.21783e-212 1.47574e-101 2.30079e-136 7.57721e-08 0.117807 4.98595e-125 4.00942e-91 3.29059e-42 6.34853e-200 7.49265e-192 8.32446e-159 1.93646e-218 7.65157e-73 2.43336e-87 1.65407e-53 5.53763e-10
1.25765e-75 2.7412e-228 3.76728e-141 2.42407e-259 1.10272e-128 1.86278e-116 7.03451e-73 6.7344e-87 1.30884e-73 4.87971e-88 8.64737e-131 4.18189e-34 5.27241e-125 7.33778e-39 4.03963e-92 0.114581 1.71462e-10 2.46091e-97 6.15667e-126 7.33279e-115 5.86278e-98 1.43806e-151 8.55928e-132 1.96615e-267 0.271748
6.60611e-61 6.33607e-211 5.17759e-72 5.92955e-188 1.44429e-69 4.02588e-211 1.45302e-78 2.3834e-31 1.92918e-44 3.5723e-16 1.03343e-155 1.57486e-138 1.13943e-110 0.199131 1.93768e-56 3.17098e-69 5.68166e-25 2.2704e-176 0.273956 2.75567e-301 3.71288e-22 1.21731e-25 1.48945e-54 6.8839e-40 0.0177002
9.28542e-253 1.05515e-158 1.07543e-151 3.64653e-206 8.07583e-17 4.25721e-157 9.80496e-84 4.9402e-108 0.00332704 3.03774e-49 1.38913e-117 6.52319e-134 1.55992e-82 1.02413e-81 5.57992e-181 2.67219e-216 0.198573 2.74371e-32 1.82126e-195 2.56518e-303 8.84159e-82 2.07886e-137 1.11329e-40 7.1839e-83 3.76931e-08
4.69788e-152 4.04295e-51 0.565038 7.34382e-10 1.07965e-68 1.73248e-213 1.07246e-117 1.69093e-205 5.22361e-61 5.2586e-128 1.15181e-155 2.41444e-08 7.99528e-82 8.7115e-27 3.68558e-194 7.66e-220 2.87568e-15 3.54518e-99 5.18909e-84 1.88717e-143 7.12285e-218 7.3464e-163 0.256849 1.13779e-27 3.02894e-69
