3.0133 0.15081
5.52005e-154 1.16768 5.70721e-52 1.78913e-24 0.109581 0.256438 3.07553e-100 8.38811e-174 0.406065 5.27484e-70 3.48647e-95 4.19704e-12 0.434537 0.3074 4.45618e-52 0.201351 0.00202414 2.51058e-89
2.01182e-172 0.0428877 1.10662e-49 2.23227e-73 9.50916e-39 3.2775e-43 5.15874e-67 1.02702e-40 1.57438e-111 1.04058e-100 5.50972e-07 3.02534e-80 5.58742e-103 4.3456e-125 2.21214e-103 1.4788e-76 3.63263e-75 4.30037e-105
3.06192e-42 4.82998e-14 1.75559e-15 6.56962e-24 7.0984e-36 5.0861e-153 8.80991e-54 1.52171e-176 5.65381e-112 9.74006e-92 4.19672e-49 1.82656e-74 5.08897e-188 4.42406e-175 0.132844 1.16892e-146 4.08404e-67 8.58498e-125
6.42432e-141 0.282316 9.77923e-95 4.04329e-63 3.26242e-06 9.07806e-54 3.11759e-126 2.71733e-163 9.67431e-87 2.49268e-67 3.14325e-11 3.37574e-95 6.41676e-193 8.11242e-98 1.08997e-60 6.38586e-175 1.22116e-57 3.00866e-76
1.60572e-99 8.98983e-97 5.5116e-92 4.98019e-20 3.19107e-69 6.87613e-31 5.55986e-119 0.275917 5.64989e-109 6.06541e-95 3.77008e-22 3.35926e-15 3.30666e-182 3.16562e-164 0.221032 1.11387e-192 1.97408e-128 6.25292e-60
1.8719e-133 4.56044e-37 3.27207e-13 6.13438e-88 0.180496 1.12675e-132 8.53175e-31 8.20118e-122 4.29038e-45 9.88345e-51 4.05833e-14 0.103403 1.50083e-123 1.80761e-100 8.98298e-86 2.43438e-98 1.01231e-15 6.74787e-48
2.4638e-97 2.93683e-82 4.56206e-12 1.29253e-22 0.0109245 4.31206e-97 1.55039e-37 8.74668e-135 8.70513e-11 2.19542e-73 3.42955e-09 1.81712e-104 3.01108e-190 2.64138e-136 0.0632723 4.10963e-17 0.25158 6.42842e-31
1.14873e-146 1.77503e-56 0.0392286 9.51776e-77 4.94183e-65 4.89396e-99 1.63673e-27 1.47027e-142 1.25917e-137 5.90645e-15 1.05499e-15 4.96111e-105 5.98869e-108 9.64333e-135 0.173929 9.77083e-113 1.24673e-42 1.6569e-119
2.00336e-55 2.5404e-22 1.66764e-64 0.251489 1.18411e-60 1.60484e-128 3.37315e-107 7.57277e-132 9.57813e-149 3.02991e-60 1.2253e-52 0.431959 1.8148e-160 1.45441e-138 2.94878e-47 4.03821e-135 5.6894e-45 0.00101078
1.96984e-148 0.370458 1.54677e-13 1.3348e-28 1.11136e-20 9.28444e-143 1.38254e-84 1.40774e-15 1.70845e-107 1.83508e-99 2.14739e-90 9.93225e-68 2.37178e-146 3.28528e-170 3.23277e-99 6.85534e-180 1.30787e-72 4.00311e-48
1.95257e-130 2.1051e-56 0.286265 2.83386e-88 3.94272e-50 4.08868e-85 9.68299e-114 2.21822e-175 1.43092e-36 2.19894e-77 1.4425e-62 5.20731e-15 7.19833e-116 1.9536e-180 2.93579e-105 8.63072e-103 4.81524e-148 8.20505e-39
1.74669e-107 0.522793 1.15476e-17 2.7008e-73 1.3618e-87 5.3738e-147 6.30679e-47 5.50965e-61 6.39554e-54 2.13335e-59 3.35109e-13 1.93391e-114 2.16749e-148 4.99538e-180 2.36465e-33 2.40713e-127 2.01644e-148 3.32206e-23
0.265096 0.36832 2.47631e-69 1.17893e-39 2.39716e-83 2.08024e-89 5.46737e-88 4.31175e-149 7.22611e-154 4.20523e-24 8.10236e-103 1.21416e-80 1.04513e-195 3.96828e-130 5.92534e-73 4.34177e-116 2.31369e-142 0.320235
3.06948e-11 2.76257e-48 2.03165e-98 6.74245e-79 1.66132e-57 7.80178e-95 0.504617 1.42426e-53 2.57406e-110 0.00301214 0.652102 8.74289e-10 4.80181e-91 1.66345e-144 1.25536e-52 1.84486e-131 1.96547e-134 3.12736e-85
1.18909e-141 0.282386 1.46325e-110 6.68361e-62 4.83732e-82 1.73594e-54 1.14621e-71 2.61273e-79 1.68362e-71 4.33699e-74 2.12788e-99 9.00643e-29 7.23621e-130 6.63108e-182 0.00720858 2.01162e-165 3.01145e-116 9.36198e-68
1.78439e-59 5.46083e-88 2.24921e-18 4.03389e-33 2.08912e-55 8.76846e-117 2.12452e-90 4.70623e-103 1.53651e-75 3.3362e-37 0.0392028 6.39923e-102 4.08653e-175 8.40206e-173 0.0257883 9.7891e-153 3.65876e-86 1.46783e-65
9.8385e-144 7.86473e-11 6.73284e-55 7.16214e-69 0.0236265 4.13656e-76 1.27953e-27 1.75376e-32 5.02541e-147 0.379319 9.88061e-28 6.97179e-101 1.39721e-112 1.00199e-118 5.05112e-100 1.21492e-183 1.52503e-99 1.79873e-111
