3.75807 0.0933506
9.36446e-43 2.5379e-36 3.69584e-103 7.17609e-64 2.02958e-42 4.96191e-70 1.35429e-98 8.62342e-67 1.75309e-42 4.55603e-10 2.36139e-84 1.63824e-46 1.60698e-29 3.45335e-48 6.44482e-47 1.8123e-44 2.76631e-09 3.29557e-45
5.69602e-29 2.08992e-59 5.9159e-22 1.08552e-51 0.13867 1.13876e-40 9.54494e-83 2.34264e-40 2.44621e-46 1.05872e-07 0.187404 8.66068e-61 1.04562e-102 3.06179e-33 1.55252e-49 3.68364e-51 8.86693e-17 1.44059e-18
6.18712e-63 2.66695e-78 8.51733e-59 1.1668e-32 0.0499179 2.31674e-23 1.50321e-36 2.04619e-10 1.02339e-47 4.00524e-16 7.97131e-101 1.59322e-60 3.79276e-116 1.12876e-59 8.80678e-82 6.25392e-44 2.21764e-29 1.08487e-70
0.155481 2.17729e-57 3.78194e-24 1.82613e-74 4.74283e-27 1.27569e-36 1.22348e-59 4.36279e-25 5.19306e-59 0.572368 4.26889e-106 2.17062e-34 4.59111e-95 2.21072e-99 1.41282e-56 1.16483e-15 3.99268e-26 2.76543e-35
1.42753e-27 8.15254e-69 2.07927e-28 1.48471e-09 1.34585e-73 4.31196e-36 1.82814e-76 3.10747e-06 9.66381e-12 1.67291e-09 1.41e-33 4.32786e-18 7.0404e-116 3.11921e-66 0.0036769 7.59327e-12 2.17119e-30 0.0771712
1.83886e-54 2.07359e-65 5.44708e-77 5.06161e-33 0.213573 2.20121e-27 1.92909e-81 1.04551e-31 3.21311e-34 1.83379e-16 2.82275e-64 8.473e-87 2.28672e-77 1.70381e-54 1.65474e-32 1.67062e-54 0.000901546 7.24377e-27
3.33339e-31 1.11953e-84 1.75315e-106 3.05375e-09 3.43842e-73 1.4539e-77 3.55865e-61 4.44002e-08 6.84591e-48 1.05433e-31 2.56285e-21 6.00542e-77 0.0192208 0.0311482 3.59374e-24 4.85572e-12 8.272e-18 3.40109e-74
4.52049e-55 0.095223 7.06813e-94 1.32877e-72 0.0663262 9.12799e-76 1.05775e-87 1.06401e-13 0.145356 1.37713e-60 2.44395e-49 3.4982e-80 2.80723e-96 6.88623e-36 1.01062e-63 0.0962767 2.03003e-48 3.02182e-13
0.136759 3.80358e-67 2.35078e-39 3.46816e-16 1.69302e-66 1.26321e-45 2.26102e-59 0.22195 1.64819e-68 0.155141 2.34544e-106 6.51592e-46 1.3382e-59 2.55973e-33 1.90965e-14 1.90907e-07 1.23448e-22 1.84103e-73
0.0300014 2.76009e-69 3.96252e-37 2.53201e-43 8.80005e-44 1.58758e-23 0.135374 2.91367e-48 3.02294e-18 2.21162e-17 7.27349e-22 4.4433e-79 3.80894e-05 0.0510094 1.28235e-47 0.0247503 6.18353e-18 7.61446e-65
5.69504e-41 8.75968e-64 1.49864e-33 7.05976e-91 5.88806e-09 7.70192e-57 9.4025e-98 0.0806006 1.04427e-21 1.09318e-26 5.94646e-102 1.09962e-78 5.94009e-36 1.26579e-96 3.66496e-24 7.12717e-52 6.96345e-44 1.26217e-83
4.34237e-43 5.97463e-17 0.119199 9.66304e-78 0.005605 1.09238e-78 3.14359e-16 1.11385e-14 7.35326e-34 4.18366e-42 3.10808e-81 4.3651e-61 2.87431e-58 1.83236e-21 0.144062 7.20288e-29 1.91507e-33 4.69952e-85
1.06505e-13 9.26498e-75 8.6163e-47 4.41644e-23 1.54293e-27 5.62362e-80 2.77423e-29 3.0455e-56 1.25215e-42 0.563083 9.80419e-41 2.02308e-50 1.80002e-38 7.05921e-97 0.770502 7.87738e-39 2.43847e-41 3.47712e-17
5.93901e-12 1.0748e-81 3.75316e-80 0.109756 3.57571e-43 0.225155 3.51279e-57 1.44858e-62 2.75897e-39 0.18178 1.16127e-88 0.0814345 3.73087e-122 3.52207e-91 6.47087e-17 9.28319e-33 0.182602 8.02394e-39
0.0773395 2.10482e-23 3.76214e-88 1.48057e-31 1.16757e-69 1.34305e-42 4.77145e-68 7.17234e-05 9.58246e-08 1.83154e-59 2.9173e-41 6.13864e-29 1.18515e-56 8.50702e-49 7.51275e-67 6.20503e-23 3.77663e-06 3.81722e-54
5.58408e-60 1.23269e-71 5.28987e-88 4.52305e-34 1.54514e-40 1.09415e-41 6.32468e-58 8.32633e-48 6.78753e-65 1.16923e-44 1.39368e-74 1.348e-77 0.176416 4.8052e-18 0.627728 3.9355e-40 9.5088e-43 4.18357e-29
1.3568e-13 2.75038e-47 4.94344e-85 5.73362e-41 1.87264e-58 2.06907e-100 4.53103e-105 2.92569e-09 5.15325e-14 2.19291e-46 5.73845e-92 1.06419e-79 7.16003e-65 2.17864e-41 0.110845 3.86247e-26 0.039426 4.99662e-84
