8.17181e-09 1.42454e-95 0.534909 1.13584e-97 9.27049e-157 0.526067 1.0567e-74 6.5896e-123 3.86302e-136 1.45507 6.33773e-102 2.65646e-80 1.50986 4.56134e-32 5.78131e-85 0.816235 1.22805e-181 1.04942e-90
4.47666e-164 3.50516e-31 9.77743e-137 6.30917e-87 5.41017e-74 2.13388e-11 2.20543e-210 1.44275e-232 8.35084e-70 2.69175e-307 1.05012e-24 0.108741 3.00604e-277 2.72211e-196 3.7723e-151 7.25057e-177 2.65112e-277 5.03981e-46
3.86275e-144 1.11721e-217 1.00789e-321 1.21238e-243 1.06237e-63 4.92271e-114 2.27844e-207 1.67036e-217 1.88804e-212 2.15413e-321 5.96008e-107 5.68538e-55 2.66301e-321 4.59894e-206 3.09998e-185 5.2571e-255 2.21778e-267 0.59132
1.95392e-92 2.96943e-222 1.67982e-321 2.49223e-132 8.54788e-44 7.19686e-97 3.36476e-223 3.23664e-206 4.0234e-124 3.25589e-321 1.63186e-38 1.98357e-124 1.2132e-228 0.685865 1.23067e-131 4.20492e-225 2.69664e-44 3.89217e-39
2.02899e-135 4.83799e-192 7.39697e-203 1.5306e-248 3.40028e-17 2.4202e-117 3.0532e-128 1.66999e-235 5.2809e-275 3.18672e-321 1.23178e-94 3.5314e-54 2.25283e-299 0.241696 9.88357e-58 1.78641e-189 3.62205e-95 3.65778e-74
2.31511e-109 9.79569e-88 1.72923e-321 2.48801e-198 0.136274 2.48784e-132 0.105934 0.05402 1.02869e-164 3.37447e-321 2.54649e-27 1.04502e-41 9.16159e-227 3.1982e-177 8.31356e-131 1.72743e-117 4.534e-72 7.66889e-154
0.292053 1.04586e-63 4.31598e-297 7.72033e-160 1.5374e-146 3.57209e-58 5.32107e-39 1.03472e-07 1.95652e-265 4.73809e-321 0.0472747 2.42668e-75 2.70457e-161 5.81774e-213 0.235965 6.95698e-239 4.44855e-260 3.17252e-110
4.17736e-84 0.0607543 6.37181e-207 0.282109 3.21538e-102 8.8621e-192 9.12046e-156 4.34622e-195 6.05553e-204 2.65562e-215 1.63644e-28 1.63499e-24 8.41959e-251 2.18304e-106 3.23848e-91 6.89901e-151 2.63139e-236 1.44115e-15
1.30692e-109 1.0979e-81 1.3159e-261 2.77987e-197 2.71018e-06 3.42035e-228 3.60708e-93 1.18534e-183 2.59944e-27 3.83889e-321 0.17279 1.75703e-19 1.64125e-288 2.54028e-78 2.77641e-120 1.51256e-116 1.19038e-43 5.42242e-122
7.05787e-209 9.78578e-67 8.40388e-208 2.49078e-124 4.20233e-148 1.16906e-172 3.5904e-60 2.28981e-103 2.8184e-187 2.54938e-321 1.9082e-38 1.3371e-87 3.29048e-321 2.68364e-89 5.27843e-136 1.14166e-302 2.18516e-99 0.156581
1.15491e-63 4.76871e-139 2.87458e-247 1.92692e-241 1.07388e-75 1.01047e-143 1.41715e-190 2.95544e-244 9.39257e-275 2.77171e-321 9.80362e-117 1.69433e-84 2.55432e-321 3.2366e-130 6.31049e-102 2.71766e-291 6.98355e-278 0.171555
6.59093e-196 4.67022e-191 7.12902e-109 1.21201e-266 5.74604e-113 1.79079e-57 1.04086e-172 1.9512e-67 4.12749e-153 4.27367e-321 2.8027e-112 2.27779e-63 5.68355e-188 0.519371 6.81855e-152 1.61527e-300 1.78721e-83 5.67886e-154
3.17163e-41 2.35343e-05 3.22462e-208 3.38552e-211 1.11161e-36 1.04254e-239 7.19508e-91 0.0679863 9.36185e-148 2.83412e-223 1.13617e-109 0.0414199 3.43376e-321 0.24096 3.24025e-168 1.92976e-247 4.75083e-276 6.47859e-100
2.21985e-155 6.68521e-87 2.50247e-189 3.58751e-53 3.15837e-139 0.0748975 1.00582e-96 1.523e-250 7.01573e-322 2.19356e-272 0.010809 3.59015e-94 2.22988e-285 0.192526 1.65999e-122 2.51107e-224 3.56787e-261 3.75525e-88
7.8965e-82 0.0728812 9.31501e-297 1.65376e-201 9.21317e-176 1.47487e-122 2.40081e-208 0.261249 2.68484e-239 5.65211e-321 0.00048344 6.67262e-39 8.61852e-95 6.17193e-172 1.58118e-59 9.86524e-309 0.852544 8.83133e-98
0.249652 2.94433e-80 1.72886e-146 1.09123e-98 2.74039e-190 1.28652e-104 1.35208e-30 2.40822e-274 0.176917 2.60145e-249 2.04017e-51 7.92103e-75 4.54046e-321 1.36209e-125 2.81627e-14 1.31301e-97 8.33756e-238 6.92352e-119
7.78338e-183 1.74646e-106 3.01969e-226 3.62204e-158 3.50601e-150 1.3014e-253 1.80985e-207 1.34389e-137 1.52017e-199 2.2727e-321 3.03753e-159 6.9504e-91 2.39622e-321 3.00277e-114 2.27577e-175 8.3647e-290 5.91351e-153 0.0532276
