3.51591e-160 1.86838e-49 0.677545 5.48102e-185 3.34291e-179 4.12501e-128 0.218364 0.754042 6.49862e-80 9.45341e-118 1.01871e-255 0.415905 6.51891e-84 1.1557e-188 0.387473 1.88381e-84 2.69325e-38 3.09738e-44
2.96364e-177 1.00109e-76 3.22463e-210 1.38152e-153 7.6263e-158 0.0182427 7.14634e-140 1.59089e-321 3.1697e-31 1.81137e-185 2.3945e-107 2.76903e-305 2.80042e-96 4.98695e-60 3.85992e-237 4.18641e-93 1.0231e-228 5.44197e-200
8.70621e-186 3.60541e-141 2.28538e-151 2.92773e-175 3.19348e-243 6.29775e-159 3.78082e-173 9.63428e-322 3.33515e-241 5.23984e-115 1.68694e-208 4.1154e-313 7.3197e-205 4.10445e-172 6.27463e-322 3.15361e-290 9.8503e-247 8.44859e-217
5.91501e-07 4.21078e-205 1.83194e-30 1.99201e-76 6.37741e-249 4.60126e-202 2.71327e-212 2.42092e-321 7.38654e-223 1.90801e-42 6.40561e-115 5.18564e-126 6.49119e-295 0.202201 1.44761e-321 3.86077e-47 0.44121 3.98005e-100
1.08926e-240 1.77554e-53 1.16675e-161 3.19234e-155 1.39538e-269 2.71211e-234 1.91815e-268 2.03555e-321 1.29066e-32 1.9794e-93 0.662946 6.48219e-74 1.25784e-200 3.79256e-97 1.04538e-188 5.49449e-41 2.48147e-255 4.55622e-147
4.50241e-39 4.6366e-163 0.0755688 4.24039e-98 2.31124e-225 2.20144e-166 6.8824e-101 2.76644e-125 1.20146e-226 9.91317e-86 2.61428e-243 1.79004e-276 1.42405e-145 2.66886e-100 6.49402e-149 2.15961e-27 2.31717e-321 3.21787e-198
1.27487e-203 1.89177e-29 1.92375e-186 9.21873e-201 0.290614 3.34369e-16 2.34655e-18 2.60386e-149 0.0250564 3.48374e-21 6.71281e-267 7.4645e-181 0.0731055 6.51274e-170 4.31687e-49 5.24942e-210 6.93688e-222 1.7365e-176
3.20262e-75 1.15172e-191 0.113207 2.52604e-101 1.76122e-119 7.35006e-225 9.66633e-19 2.47314e-232 9.61869e-94 0.423031 1.57341e-140 3.90438e-161 6.30488e-310 3.13913e-103 1.37844e-321 1.13871e-94 2.24306e-321 5.37532e-130
0.201027 1.19278e-91 9.0135e-164 2.53173e-199 4.50229e-244 3.28275e-246 2.94632e-113 2.12448e-321 2.5091e-42 2.76267e-77 2.30285e-37 7.48891e-261 2.66699e-142 4.75139e-234 8.0504e-254 8.00325e-31 3.37214e-236 1.00808e-127
2.62209e-29 6.59207e-144 0.787355 0.339022 1.43675e-252 2.19241e-222 3.75059e-247 2.39128e-321 3.10167e-28 3.53862e-141 5.8192e-63 1.53343e-163 9.00779e-79 1.56776e-116 2.51332e-208 0.433969 5.84378e-283 3.13742e-64
1.54766e-250 0.421446 1.93631e-106 1.15989 6.16192e-36 4.88468e-128 8.45132e-148 2.07508e-321 3.11967e-23 4.23332e-155 0.217913 1.88209e-294 0.203363 1.25216e-44 1.31799e-232 8.4207e-177 9.33427e-150 0.531398
0.00665106 6.29328e-165 4.73046e-232 3.25584e-176 7.32593e-297 0.0910477 8.55631e-165 1.53862e-319 3.05694e-116 1.37657e-126 3.81821e-259 7.03162e-172 1.37836e-279 3.44631e-36 3.66242e-144 6.34784e-72 1.16951e-251 4.25981e-161
0.0456748 2.88071e-75 1.12054e-132 8.17343e-157 1.1907e-321 0.305403 6.70256e-144 1.45875e-228 1.2164e-201 3.08076e-05 1.07712e-68 4.64068e-193 3.57225e-65 4.65372e-268 2.30028e-268 4.74207e-224 4.86975e-105 2.66846e-10
1.09729e-36 2.18568e-85 1.33227e-62 1.93789e-202 1.12432e-172 3.93179e-35 7.21022e-264 1.6403e-321 0.161644 4.41885e-32 6.85498e-98 1.92703e-163 9.14021e-322 1.96611e-223 9.88131e-322 1.16548e-198 7.51639e-255 1.49652e-63
2.29554e-236 8.27374e-76 1.40357e-175 2.8599e-77 2.75867e-69 3.34006e-54 6.57129e-124 1.51877e-208 1.04955e-157 0.104936 2.3597e-85 1.02525e-109 3.66248e-162 8.33498e-272 1.16105e-321 4.01585e-268 2.5629e-74 4.51433e-90
1.45377e-115 0.585708 1.4449e-44 1.58636e-202 1.38832e-321 4.49218e-143 1.12705e-107 1.93249e-241 4.02879e-136 1.42725e-199 3.00949e-15 1.00031e-91 2.14984e-54 0.234311 1.83424e-46 1.28514e-238 3.02105e-141 1.05296e-140
0.0402728 2.75252e-179 1.1668e-95 6.83993e-162 2.19184e-145 6.76791e-238 9.63958e-254 1.90215e-321 9.00342e-108 1.37839e-126 1.06983e-25 5.14444e-135 1.12153e-321 3.33615e-251 1.38268e-177 4.55805e-60 1.85275e-321 7.31745e-184
