3.66597e-321 6.79834e-321 1.36807e-320 1.5489e-320 2.04148e-320 5.90408e-321 7.00585e-321 2.1373 1.75523 2.48205e-229 2.36114e-320 4.50448 4.26797 1.69933e-74 0.124197 1.61408e-223 4.64553 4.11397e-265
2.78653e-321 3.24107e-321 9.45148e-321 6.22523e-321 0.990517 4.10074e-321 1.03777e-129 2.67784e-321 1.9565e-321 5.45315e-311 8.94753e-321 1.22084e-320 6.85269e-321 5.14322e-321 3.12744e-321 1.42051e-127 6.51179e-321 3.05827e-321
2.99898e-321 3.86853e-321 7.94804e-150 1.65907e-320 6.52532e-163 5.03853e-263 0.736685 7.74003e-102 1.63716e-219 8.13319e-80 8.99732e-306 1.41649e-320 4.12513e-78 1.6297e-136 1.64875e-112 8.72026e-321 1.46293e-320 2.74679e-183
1.02437 5.12346e-321 6.10665e-321 1.40993e-312 4.38087e-84 4.85667e-321 5.91397e-321 3.73783e-259 2.06519e-321 2.17457e-269 1.33091e-282 1.67488e-320 8.57204e-321 5.51871e-321 3.1472e-321 2.14724 6.34874e-321 1.67442e-195
2.92981e-321 3.47822e-321 6.16594e-321 7.87541e-321 2.35964e-30 3.59186e-321 3.63138e-321 2.07014e-321 2.81617e-321 7.02533e-260 2.04429e-213 3.7719e-158 7.00585e-321 1.06965e-320 3.70055e-321 0.00410082 6.02266e-321 3.59704e-314
4.14521e-321 3.74502e-321 7.35053e-151 1.05187e-320 2.87142e-310 4.05134e-321 3.18021e-152 8.66788e-228 2.92487e-321 0.0057589 2.25328e-265 2.01233e-320 4.71833e-321 1.04149e-320 8.58682e-108 0.0351404 1.124e-320 3.2278e-116
1.2614e-21 3.81913e-321 8.89506e-55 1.10177e-320 2.55086e-320 6.95644e-321 7.43881e-245 5.06911e-321 5.68175e-321 3.83675e-10 0.246471 1.73763e-320 8.79931e-321 3.30808e-173 2.94957e-321 8.11786e-23 2.7341e-61 3.18672e-321
2.91993e-321 5.31615e-321 1.03359e-320 9.31314e-321 6.88961e-40 8.8586e-321 4.77761e-321 2.95945e-321 2.37646e-321 6.26475e-321 8.92283e-321 0.116294 4.73809e-321 5.83219e-126 3.66103e-321 7.09972e-321 7.95446e-321 2.57408e-321
1.96144e-321 2.28752e-321 7.1936e-321 9.10563e-321 1.23993 3.85371e-321 7.61163e-255 1.83298e-321 1.90215e-321 5.57306e-321 1.18279e-320 3.36754e-140 8.70544e-321 6.11653e-321 1.88239e-321 2.02127e-175 8.3003e-321 2.26025e-241
2.27004e-252 2.51479e-321 3.55165e-178 6.93174e-321 0.545958 2.7223e-321 2.93969e-321 2.66795e-321 1.89227e-321 5.90776e-123 1.10028e-320 1.18329e-320 1.082e-320 3.19233e-254 3.33e-321 6.33886e-321 9.32796e-321 3.50293e-321
3.66597e-321 1.09426e-270 1.36412e-320 7.32699e-321 0.152547 5.21733e-321 9.82716e-74 2.40005e-204 2.44562e-321 6.19558e-321 1.18724e-320 6.08525e-146 8.90839e-184 6.19558e-321 2.76677e-321 3.18815e-284 7.48015e-321 2.56914e-321
4.60963e-321 7.1096e-321 1.08843e-320 1.01778e-320 1.83496e-320 5.01971e-321 0.98619 4.86161e-321 4.99006e-321 2.42249 1.39277e-320 0.0131068 8.60662e-321 2.7729 1.00767 8.70544e-321 7.05032e-321 1.03938
4.27861e-321 5.06911e-321 3.34253 1.14623e-320 0.566051 5.75229e-304 8.56216e-321 1.18335e-131 5.04441e-321 9.95048e-321 1.52518e-320 0.0895798 8.18719e-312 6.09677e-321 3.78454e-321 1.28259e-320 4.08405e-305 2.86064e-321
1.86263e-321 2.63831e-321 1.11461e-320 8.13726e-321 0.00933134 3.26577e-321 2.06673e-263 2.40116e-321 2.36657e-321 4.49106e-321 1.15266e-320 7.63796e-156 1.08744e-320 4.38236e-321 1.94168e-321 6.30686e-47 4.41695e-321 3.0607e-172
2.747e-321 6.68471e-321 1.37647e-320 1.06768e-320 1.00563e-65 5.36555e-321 2.94468e-146 2.44068e-321 4.9456e-321 4.13285e-262 1.86056e-137 2.13043e-41 9.45642e-321 6.90704e-321 2.52472e-239 0.225998 1.27222e-320 2.53456e-321
7.35664e-321 2.31274 8.94753e-321 5.84864 1.3238e-287 3.66591 5.26674e-321 6.7687e-321 1.40717e-71 8.23113e-321 4.54166 3.76661 2.77446e-146 1.07459e-320 6.03156e-89 1.35522e-320 1.84185e-34 1.10753e-311
2.831e-321 3.31024e-321 7.21336e-321 1.71638e-320 1.08543e-108 7.54438e-321 7.79142e-321 2.18781e-110 2.29741e-321 2.16644e-254 1.1084e-298 0.532723 6.32404e-321 5.6165e-103 2.52468e-321 2.26532e-221 1.00098e-320 5.62501e-190
