6.96383e-261 1.39021e-149 3.00771e-71 4.55201e-40 1.03704e-320 5.1702e-303 6.54504e-148 0.631537 4.82061e-109 9.68646e-163 2.60312e-293 2.51154e-138 8.88521e-102 2.16888e-116 4.5536e-30 1.21046e-321 1.16337e-182 1.0405e-199 7.54188e-115 5.69903e-157 9.79727e-56 2.70191e-107 1.66006e-321 4.65118e-14 1.60571e-321
2.13345e-230 1.02411e-113 1.78639e-121 2.94666e-109 1.46194e-320 2.50985e-321 2.15127e-210 1.52555e-39 4.75073e-135 0.0976863 7.08991e-244 3.88531e-96 5.3902e-151 1.38477e-201 0.68292 6.65617e-196 4.49169e-231 8.07797e-321 1.13156e-144 7.75437e-174 1.3171e-70 4.62523e-43 1.67982e-321 8.73729e-203 1.55631e-321
7.14278e-311 9.04347e-136 6.91175e-230 1.92326e-261 1.46688e-320 4.63434e-321 9.7601e-225 3.17273e-42 1.57961e-241 3.5207e-185 3.02324e-42 3.28966e-174 2.62966e-215 4.22907e-64 6.99898e-105 8.79437e-322 8.77668e-58 1.65329e-217 7.35337e-81 3.0444e-54 0.410003 2.20901e-133 7.24653e-218 9.22681e-254 6.22965e-287
6.65784e-73 7.33032e-233 7.45999e-259 3.42632e-228 4.7607 4.995e-321 3.12631e-143 4.20255e-96 2.94693e-190 2.76405e-211 6.60302e-286 1.82392e-215 0.86421 3.95253e-321 4.25776e-33 1.06511e-97 1.12283e-92 1.43481e-282 2.56534e-172 1.08721e-121 6.37865e-103 3.77102e-113 0.701541 1.04615e-198 0.616996
1.96347e-147 1.90083e-96 7.38507e-108 1.97545e-142 5.82503e-321 1.61065e-321 7.6594e-214 1.16492e-221 3.59813e-186 5.93023e-156 1.00333e-271 2.99511e-254 1.33398e-321 5.09749e-187 5.53707e-260 6.7687e-322 3.13254e-313 5.18371e-222 3.22383e-211 3.06712e-225 2.03239e-174 3.24345e-76 1.18082e-321 3.66308e-207 1.44264e-285
7.88281e-62 8.67254e-188 3.16434e-106 1.93674e-321 1.43724e-320 4.73315e-321 1.32471e-18 1.47743e-109 1.74516e-228 1.17233e-234 6.67385e-194 3.58192e-233 3.91379e-90 8.57873e-26 7.51206e-116 1.22034e-321 7.40808e-315 3.6329e-191 0.0515906 2.95679e-308 0.0443235 0.0104199 1.84345e-141 7.97067e-271 2.21341e-321
2.45551e-321 1.98667e-177 4.99855e-23 2.5294e-277 1.04198e-320 1.45871e-314 2.14573e-134 0.259021 3.5412e-159 2.24948e-228 5.40789e-142 7.82452e-156 2.39128e-321 3.44563e-262 6.03232e-72 2.1104e-292 3.53763e-292 1.12131e-183 2.56914e-321 5.10657e-163 1.0463e-24 1.32338e-65 2.01085e-321 2.98432e-154 2.61932e-130
9.55128e-319 4.27681e-192 6.83912e-231 1.96144e-321 1.76777e-320 1.24967 2.00385e-36 1.04766e-50 0.385424 1.41665e-318 1.07577e-17 1.15878e-67 1.23177e-137 0.751187 0.448045 0.349405 0.288271 0.860304 6.56092e-231 0.318509 1.44997e-235 6.36281e-184 2.35669e-321 7.52929e-148 2.64325e-321
1.1181e-165 3.0217e-144 8.21976e-129 8.27132e-225 1.00246e-320 3.03356e-321 5.37587e-42 6.62352e-63 1.78987e-58 0.0964059 1.78809e-247 3.45428e-45 2.831e-321 3.10133e-250 9.79992e-208 4.06088e-157 9.58913e-268 1.12735e-227 1.08883e-79 2.46498e-133 6.57927e-66 2.38066e-48 2.09484e-321 0.276137 1.56619e-321
0.67551 3.28744e-68 4.27628e-252 1.41797e-321 1.21491e-320 1.59568e-244 0.952359 1.82875e-08 2.70154e-144 8.42991e-310 0.522686 0.456318 4.98767e-221 3.87024e-94 3.17808e-39 1.97502e-118 3.75415e-168 3.61786e-202 0.000293199 0.445044 2.82414e-30 6.30795e-62 7.01331e-154 1.33626e-209 2.49009e-321
6.14849e-267 6.18984e-66 1.89608e-36 1.35374e-321 7.80131e-141 4.65535e-173 1.82418e-116 2.43746e-172 1.04909e-177 0.100083 7.51195e-63 3.93073e-48 5.58113e-261 1.09287e-291 1.09151e-238 3.67224e-141 1.02646e-271 1.88424e-213 8.79675e-34 5.72714e-209 1.41024e-175 1.92308e-23 1.26249e-179 4.42255e-58 3.68184e-87
4.93133e-209 5.43572e-214 4.82898e-196 0.309214 2.43967e-296 4.16991e-321 1.23683e-223 4.90989e-104 1.49448e-131 1.68645e-282 3.98961e-241 4.66024e-190 1.5359e-284 8.86106e-209 4.30193e-224 9.33784e-322 5.17016e-313 7.25589e-311 0.176426 2.80219e-258 2.3869e-202 1.11626e-46 2.12312e-187 5.22608e-177 1.83298e-321
8.55076e-222 3.47174e-99 3.61343e-52 1.9574e-57 2.34785e-315 3.23613e-321 6.47143e-178 1.52258e-153 3.00887e-66 2.74021e-107 3.03795e-245 9.18068e-82 4.82555e-308 8.70107e-302 0.0995296 1.87368e-262 5.41004e-296 8.78896e-153 4.53289e-301 6.61221e-84 3.08526e-241 5.99263e-160 1.61065e-321 1.80856e-148 4.4633e-209
1.00823e-100 4.08139e-119 0.0775749 9.7778e-266 9.48112e-321 1.85912e-229 7.76439e-243 4.82426e-133 1.87243e-158 1.14941e-144 1.86263e-321 2.54612e-155 2.61855e-321 2.51479e-321 1.38887e-144 7.85564e-322 1.6717e-163 1.66326e-227 4.24637e-201 5.06561e-21 2.05371e-78 0.127035 2.16689e-265 1.06687e-189 9.43768e-304
2.2527e-237 0.290454 3.29552e-79 3.7183e-71 9.66027e-189 2.81115e-155 1.17058e-119 4.02857 1.69314e-76 2.76898e-96 3.25451e-224 9.30441e-257 2.30235e-321 6.56576e-187 3.02498e-114 3.84759e-319 5.09968e-127 7.17696e-249 0.101 5.63504e-18 4.44015e-242 2.2843e-83 1.98614e-321 2.64508e-255 1.63042e-321
2.48021e-321 1.66526e-236 7.20052e-74 1.68623e-29 1.20997e-320 5.01955e-308 2.11779e-30 2.67178 3.63934e-186 5.20784e-301 9.31485e-156 4.91727e-208 1.31194e-145 1.52848e-06 1.18855e-83 9.53547e-322 5.73151e-73 9.03518e-176 4.65028e-148 4.35148e-59 1.92462e-203 6.26751e-128 1.25025e-287 3.0606e-87 7.20287e-177
3.11646e-120 1.62418e-197 1.89984e-69 1.42291e-321 1.43724e-320 2.66582e-173 1.67548e-164 8.1558e-132 1.91808e-171 1.34038e-230 4.68686e-131 1.37704e-224 5.02568e-129 2.00257e-60 8.37952e-32 3.48386e-179 3.3797e-109 3.31339e-291 0.220737 8.47525e-213 2.5516e-224 1.60834e-162 8.74752e-178 3.06102e-33 2.53934e-243
3.22768e-297 7.65721e-126 4.40403e-14 4.0955e-10 1.02222e-320 2.86064e-321 4.45971e-210 1.89256e-164 6.4646e-86 1.07581e-35 3.28099e-116 3.15915e-106 2.6976e-321 7.3665e-182 2.29456e-262 1.24505e-321 6.61043e-296 1.29612e-158 4.12627e-155 0.206538 6.65923e-89 3.871e-72 5.23134e-273 2.05328e-39 8.28083e-264
