8.94701e-60 1.0837e-105 1.53074e-81 2.20474e-36 1.82901e-236 4.29837e-322 2.23154e-105 2.67817e-174 2.33424e-112 5.83093e-110 1.38515e-158 2.16993e-258 1.39279e-241 7.60861e-322 9.15531e-144 2.09013e-109 6.05629e-59 7.05282e-84 5.81329e-207 8.42318e-147 4.56708e-120 0.687572 2.96073e-185 6.18201e-106 1.23079e-249
2.03752e-199 1.96517e-105 7.82709e-123 3.53809e-112 4.8747e-306 1.86135e-298 8.99704e-94 6.22091e-202 4.26902e-94 4.09602 1.3693e-153 2.13147e-163 2.01258e-171 5.06414e-293 2.48125e-171 5.33332e-61 1.62429e-162 6.86268e-112 3.46911e-223 3.3745e-167 5.55894e-94 2.23857e-16 5.54993e-76 1.44492e-29 4.21658e-91
1.00542e-204 1.89236e-79 0.0535891 1.89949e-89 2.31745e-275 5.6439e-227 1.57388e-57 3.41053e-124 2.55045e-137 1.00999e-117 2.73606e-169 6.4936e-50 1.35772e-77 4.46691e-210 7.98189e-100 0.00122109 0.111254 1.95578e-64 2.049e-203 2.60932e-134 2.28311e-137 0.479967 5.66319e-91 2.61433e-89 2.68768e-86
2.40868e-74 2.54105e-89 3.70813e-31 1.33977e-55 3.63379e-307 3.31024e-322 4.63212e-101 1.73865e-181 4.87469e-88 5.06626e-111 8.78617e-149 2.9518e-175 7.34452e-236 6.7687e-322 2.91141e-100 4.00903e-176 1.33982e-86 2.62803e-66 4.37979e-183 1.3273e-127 5.54462e-183 0.0490448 7.82131e-137 5.21933e-97 2.51976e-246
2.61563e-210 2.06852e-155 4.05398e-33 4.70404e-146 3.2721e-218 1.64826e-250 2.44298e-87 5.23672e-246 1.179e-80 0.669614 3.98265e-47 2.72896e-192 2.62358e-209 1.24999e-321 4.89033e-38 8.04157e-14 2.51993e-57 8.58272e-118 3.71811e-188 3.92718e-110 5.20502e-163 7.58989e-42 2.92678e-130 3.41251e-128 2.78294e-155
2.54464e-58 1.82773e-65 5.79601e-43 5.54093e-08 1.06206e-284 3.0138e-322 2.10137e-113 9.21887e-254 5.1687e-77 5.67694e-110 2.22359e-133 2.94986e-159 2.09546e-288 4.94066e-322 2.06889e-111 1.31797e-181 6.34757e-83 3.25953e-55 3.75233e-231 1.97108e-175 3.57795e-184 0.687108 5.07826e-203 3.64393e-140 4.64276e-212
3.47887e-119 1.3391e-85 9.22582e-112 3.81323e-104 1.05582e-320 1.58443e-259 7.43409e-64 2.20339e-103 2.34574e-116 2.02553e-109 3.19833e-84 1.10222e-149 6.77972e-200 2.65201e-306 0.0770569 3.43223e-157 7.23336e-57 4.79366e-65 6.80669e-225 2.95545e-87 2.46087e-171 0.810426 6.11611e-88 8.2688e-16 1.37922e-249
3.25138e-96 1.3108e-174 3.66779e-70 9.93431e-60 1.89667e-279 6.52884e-256 1.16824e-57 6.72329e-165 3.17977e-48 3.19027e-135 3.52673e-84 6.90765e-123 7.93322e-136 1.24999e-321 3.25566e-41 2.21727e-192 7.93254e-175 3.58344e-06 4.97079e-231 5.92781e-157 6.57783e-47 0.617507 9.57568e-95 7.27644e-53 5.46351e-129
1.06177e-37 5.1056e-182 3.65297e-142 9.08894e-23 4.17072e-162 6.7687e-322 1.25552e-120 3.25277e-260 7.48513e-44 5.80363e-62 4.99848e-179 1.44727e-254 7.17311e-261 1.60571e-321 1.69088e-24 1.12086e-11 2.39519e-151 8.96945e-13 2.23247e-82 1.17591e-192 0.137853 1.06492e-19 3.17204e-93 5.76734e-101 9.31825e-117
2.58574e-152 1.55605e-140 6.29056e-132 0.115159 2.55078e-240 5.82997e-322 2.03308e-85 2.88316e-178 7.44869e-67 1.20782e-118 1.58029e-146 8.51592e-137 1.30603e-135 4.2222e-306 2.50895e-69 1.13438e-224 1.63413e-72 6.26116e-71 1.276e-136 4.05797e-65 1.8867e-90 0.0190902 1.31963e-167 2.99588e-127 5.51243e-117
8.23079e-128 3.73812e-22 3.79915e-83 9.50208e-79 2.70415e-160 5.82997e-322 3.90102e-42 1.36982e-246 0.132543 1.01935e-62 1.14938e-35 9.15465e-236 8.00651e-276 3.5795e-254 7.84861e-10 0.121248 0.000154038 1.07381e-72 1.00238e-97 3.23907e-101 0.0321582 6.60851e-23 7.16087e-166 6.40182e-124 6.06013e-115
6.26149e-12 1.36539e-64 1.41485e-41 1.5252e-60 5.89991e-255 2.61855e-322 4.69452e-106 5.10842e-236 1.7754e-85 9.22226e-147 1.10182e-107 2.17872e-209 2.46905e-256 5.08888e-322 2.99833e-106 6.13696e-222 1.19932e-88 7.28438e-57 1.98222e-180 1.20277e-149 9.03267e-121 0.451955 1.51157e-205 3.30936e-161 2.2776e-209
1.25135e-173 6.53587e-21 1.40931e-12 2.14507e-101 3.36832e-258 5.2865e-322 9.57904e-62 9.17596e-240 4.13579e-75 1.0739e-157 8.065e-116 1.37823e-135 8.98552e-236 4.84044e-250 7.72591e-175 3.6167e-224 7.25316e-175 0.126727 2.13277e-216 5.22728e-78 6.54994e-45 6.07485e-74 7.43733e-153 4.07271e-48 8.0809e-230
2.78332e-156 8.54108e-20 6.32049e-14 1.90789e-44 1.06274e-320 2.86297e-207 5.80412e-87 2.03541e-174 2.97257e-90 2.88903e-104 1.85019e-150 7.83434e-116 1.11583e-138 2.33233e-309 7.62539e-137 3.2431e-102 0.000138242 0.0365667 4.69285e-134 1.26534e-182 5.61541e-159 3.37892e-12 8.63844e-90 3.6853e-122 3.09832e-156
6.64167e-68 6.94237e-26 3.57723e-101 6.60581e-70 2.5019e-252 5.2865e-322 2.49381e-121 5.60026e-239 1.08278e-52 1.58029e-80 6.92676e-41 8.38589e-129 1.57821e-167 1.74417e-259 2.28059e-11 6.59455e-146 8.60514e-147 0.0750343 2.41094e-187 4.58599e-160 4.15075e-86 1.04869e-21 9.17083e-139 6.4951e-17 5.7165e-244
7.16147e-132 1.02272e-321 3.10896e-83 6.84802e-279 5.09183 0.27507 0.275393 0.502585 0.19725 2.63077 0.202189 0.500223 0.141174 0.548188 1.48568e-106 2.78701e-222 9.21649e-173 4.69887e-85 0.336657 0.382865 7.7211e-61 9.46946e-60 0.410437 0.11862 10.7184
0.0472086 3.28807e-44 1.1853e-64 6.63319e-39 5.83158e-314 2.61855e-322 1.21026e-153 2.51257e-254 1.53247e-84 2.01601e-151 2.99962e-141 1.2303e-208 2.29204e-262 5.78057e-322 2.16576e-138 3.25208e-149 1.90348e-94 8.80037e-122 1.11196e-185 2.90455e-171 2.37306e-125 1.46365 1.39529e-159 4.24664e-106 8.08748e-214
7.78155e-06 0.054904 2.20688e-63 2.59777e-68 9.15493e-294 4.48438e-298 6.11459e-119 1.50501e-180 6.95248e-82 5.01599e-125 7.83746e-111 2.84703e-220 9.42868e-245 6.32404e-322 9.57882e-157 1.543e-215 1.76592e-134 6.26019e-56 5.86072e-202 4.79411e-153 5.55722e-143 0.250109 2.13696e-215 5.29617e-115 8.15283e-223
