1.57329 0.0473524
2.40316e-26 2.065e-34 1.28639e-31 4.2721e-23 2.93981e-17 2.94518e-38 4.62899e-36 7.51301e-42 2.57087e-54 1.84173e-25 2.72885e-29 5.72631e-14 1.4903e-21 3.18804e-38 1.38865e-23 5.02419e-08 9.29704e-33 6.68093e-50 1.03135e-34 0.0659372 3.76799e-55 1.34706e-36 8.08558e-23 2.80476e-26 3.37207e-14 9.21642e-13 1.86067e-21 1.17582e-10
1.93151e-18 1.38174e-34 7.86945e-20 1.44211e-37 4.66266e-13 1.3738e-24 2.49092e-13 5.3279e-14 6.95541e-20 1.50213e-13 2.51935e-10 2.28274e-19 2.23225e-35 5.46303e-17 3.86039e-23 1.25108e-25 1.24793e-26 7.53229e-44 2.89415e-20 2.67398e-19 2.58124e-53 1.32474e-59 2.57271e-35 3.61248e-30 2.69142e-24 0.00510889 3.40361e-23 4.28677e-29
4.93307e-20 0.00024604 4.30511e-05 0.000673297 1.45867e-19 2.27173e-33 0.190549 5.80127e-05 0.0358848 3.731e-31 9.98534e-08 6.23113e-20 4.91675e-35 3.4886e-45 1.233e-29 5.77688e-18 1.32007e-46 0.0291687 2.0963e-11 8.44473e-07 8.37718e-50 1.42519e-23 3.20764e-51 4.71003e-34 0.00056242 4.22651e-06 0.0244281 1.00008e-17
1.80996e-42 0.00192049 0.0319484 2.12692e-31 2.2196e-30 1.63097e-60 0.104034 5.12672e-34 1.03295e-47 7.36594e-32 0.0156506 2.55388e-28 1.35538e-26 3.97875e-48 2.58722e-06 5.57903e-32 4.87007e-50 3.31562e-50 9.22949e-34 0.195846 1.05196e-35 5.02771e-29 1.15257e-38 7.69187e-31 1.42743e-10 1.32921e-26 1.74079e-33 0.00156375
1.05131e-25 8.59553e-27 1.41978e-17 1.11686e-34 0.27975 3.72233e-35 3.3977e-49 0.0363115 2.40949e-51 6.99432e-23 1.8112e-29 3.55832e-25 6.78498e-20 1.312e-20 4.17701e-07 2.73943e-19 1.52891e-47 5.91819e-59 5.89675e-12 2.57486e-26 6.41331e-30 4.28247e-26 1.06452e-28 1.83184e-20 1.90436e-39 0.0296833 1.02475e-22 1.88988e-16
0.0103555 4.78332e-26 0.00142775 0.0115411 2.69547e-28 1.82739e-30 6.67062e-36 2.65265e-24 9.08602e-59 2.16606e-21 9.61672e-10 1.08713e-17 2.66721e-19 0.0243637 0.028611 7.70573e-33 7.02484e-40 5.49703e-54 1.52837e-26 1.83247e-22 2.37354e-15 7.3614e-07 6.76888e-48 4.74849e-20 2.30378e-12 4.68221e-35 2.38479e-16 3.77499e-19
2.54289e-33 4.41325e-30 0.00906714 1.89007e-13 4.69363e-32 6.21912e-45 1.76841e-48 4.66125e-17 4.69759e-31 1.48866e-28 1.88876e-28 1.51694e-20 2.54838e-19 2.68806e-27 2.50328e-22 0.0274427 5.93158e-53 1.22353e-53 2.50059e-17 0.0203756 2.08228e-22 1.48331e-55 2.40915e-29 2.8758e-32 5.10088e-14 0.000571307 1.40156e-36 0.0851447
2.80436e-09 2.47279e-30 1.24939e-32 0.000546044 4.60235e-20 9.64226e-15 3.92588e-28 4.26874e-10 6.04177e-48 2.52412e-07 1.21606e-25 1.59438e-28 2.14658e-30 3.34515e-06 9.91385e-28 0.00491399 3.62775e-61 3.74465e-35 0.0136888 2.47421e-05 8.35205e-11 1.4034e-08 0.0140569 0.0034417 0.198549 2.37989e-39 1.75821e-26 3.41307e-20
0.0110918 0.00569493 4.3325e-27 2.34157e-19 2.87975e-13 0.00523893 1.51031e-40 7.70242e-28 1.086e-58 1.08184e-19 2.24121e-31 1.32576e-37 0.101998 9.95117e-39 1.72353e-22 4.52493e-07 0.00578043 1.26997e-34 1.16128e-24 3.11634e-14 1.09502e-35 0.083733 1.19522e-50 9.39981e-31 8.58846e-36 6.48335e-20 0.100105 1.17952e-15
9.75028e-40 1.64085e-35 4.15263e-28 1.06572e-27 4.9736e-12 0.0954231 4.85556e-19 2.11623e-38 2.82115e-52 0.0463349 3.21394e-07 0.0574063 5.91857e-12 7.91217e-24 8.05187e-19 3.78597e-16 4.54486e-49 6.26833e-24 5.30715e-13 8.05931e-19 0.0703905 4.1345e-31 2.1373e-10 0.013785 6.87892e-12 0.00104195 3.59122e-21 1.33805e-28
