2.52326 0.0574625
4.83032e-20 4.50615e-18 4.62487e-41 6.61761e-31 8.72797e-31 8.08611e-45 3.88546e-13 5.6275e-38 8.75539e-63 1.9627e-14 1.83752e-18 1.24209e-10 5.13598e-32 0.000170811 5.34933e-88 5.83106e-42 3.41497e-19 7.16075e-14 2.36049e-60 5.13982e-07 4.62054e-24 7.28069e-43 3.70376e-36 2.86949e-31 5.24336e-31 3.3395e-10 3.6378e-36 0.0449753
3.24341e-31 2.23064e-22 6.72167e-75 7.11716e-19 0.0400279 1.1504e-20 1.70309e-40 0.0583404 2.18758e-23 3.98999e-07 1.20708e-41 0.0658512 0.0294232 1.85637e-31 0.199827 6.07361e-21 0.00110837 4.06271e-34 0.00780462 5.16291e-12 7.19008e-43 0.119146 0.0844089 1.90417e-07 2.21939e-27 9.13632e-20 1.67465e-23 1.81365e-13
1.02826e-21 1.48095e-22 9.11841e-70 2.18691e-22 3.77352e-27 2.27248e-28 5.03541e-25 7.64054e-36 1.41072e-69 7.48973e-11 5.05748e-24 5.13916e-43 6.3753e-76 6.5492e-22 9.44736e-64 5.61258e-46 4.11574e-14 2.37762e-17 2.70812e-42 4.50245e-40 1.16189e-20 1.15265e-25 2.35049e-25 0.204288 9.37352e-14 3.22426e-34 5.57484e-33 1.96544e-46
4.30524e-36 1.63683e-12 1.74593e-21 4.74631e-21 4.91211e-27 2.08059e-16 8.04974e-72 2.3123e-32 5.25793e-43 6.10223e-08 9.34067e-63 4.227e-13 1.18428e-47 0.027507 4.03527e-44 3.19747e-56 5.15119e-24 1.92589e-53 1.99424e-64 3.39113e-25 1.47554e-26 1.22605e-47 3.72269e-20 0.220868 0.000293908 4.33782e-17 2.62394e-23 2.89674e-24
3.4159e-48 9.50844e-08 6.37484e-79 3.83067e-14 1.22872e-35 3.29926e-50 0.0419516 1.92011e-30 5.74969e-29 4.09233e-31 5.33177e-13 0.0261818 2.8828e-62 0.0227119 5.46285e-40 4.08875e-41 5.06966e-21 7.37677e-16 0.0443322 2.06965e-25 0.0888018 1.77347e-45 0.000566152 1.76369e-23 1.33647e-05 0.0228776 0.0707419 1.26577e-26
5.47538e-37 1.31039e-16 4.57694e-61 1.21183e-09 1.9151e-53 2.90635e-43 1.83124e-43 5.83808e-09 1.10799e-59 0.0179554 0.000718339 2.28274e-19 3.41494e-44 8.83663e-12 2.94261e-47 9.52464e-31 0.0230838 2.04379e-24 6.65294e-77 6.16374e-07 2.42568e-40 4.80011e-28 5.28384e-32 1.3103 1.58905e-16 7.96978e-60 1.56964e-27 1.1676e-15
2.01651e-42 1.17137e-08 8.88083e-75 1.13255e-27 5.43274e-27 0.115124 0.056413 5.37532e-22 0.0510046 1.17577e-18 2.07905e-09 4.61908e-48 1.89352e-22 3.40669e-20 3.76505e-47 0.061514 5.14187e-23 0.0490728 1.61985e-63 7.72754e-08 2.70008e-07 2.35713e-45 4.16179e-06 2.22773e-32 7.19897e-17 8.1693e-17 1.68989e-12 7.79428e-48
2.55392e-41 0.0615421 2.25493e-62 2.8869e-09 1.41131e-21 0.0684277 8.79226e-44 1.96274e-33 7.80105e-75 0.021154 1.4039e-35 0.011727 1.0463e-07 2.37658e-38 1.9115e-83 1.61811e-18 1.34126e-44 2.46531e-19 1.27296e-40 3.19704e-07 3.11224e-08 4.28811e-47 4.269e-19 2.27665e-31 1.06362e-26 6.79586e-26 4.09813e-07 9.69019e-39
6.97564e-49 3.62425e-38 0.107375 0.0932469 3.0051e-44 0.02275 2.03556e-69 6.25077e-12 3.4082e-66 7.56e-24 0.0668872 5.82499e-05 7.30137e-64 7.30718e-06 3.15219e-58 7.48405e-39 5.79693e-05 5.10196e-51 1.49861e-74 8.85302e-29 1.89367e-59 1.84785e-33 6.31709e-15 1.45065e-24 0.220532 1.00405e-20 5.69777e-13 7.53314e-34
0.144465 8.28264e-35 2.79547e-34 1.8861e-21 1.72852e-43 5.52019e-29 1.35576e-59 1.46217e-16 1.91255e-67 1.45533e-10 3.36301e-30 5.42104e-18 3.39641e-12 6.53724e-31 1.21178e-76 5.33083e-52 7.40612e-14 0.016944 3.22316e-45 0.0188006 1.01761e-39 1.07106e-43 2.38843e-39 2.56156e-14 7.19434e-05 7.028e-31 4.4809e-09 1.3102e-51
