2.44962e-87 1.43368e-32 0.117263 5.24888e-86 0.00598996 5.75939e-77 2.96736e-88 7.03306e-18 1.11777e-60 7.64967e-38 9.64055e-131 4.30284e-46 6.82286e-09 5.89649e-28 4.93578e-75 9.01694e-37 3.14335e-160 2.87929e-71 1.27215e-18 7.59989e-21 2.10941e-07 1.46439e-67 1.80963e-23 7.56874e-63 1.11225e-81 2.31291e-80 9.31041e-31 6.48426e-58
3.61312e-58 1.29189e-07 2.45763e-49 1.97378e-113 7.20191e-07 0.0412677 1.84962e-11 2.84964e-32 9.03909e-21 2.49279e-69 2.68653e-56 0.156752 5.06715e-33 6.62049e-16 2.80729e-46 4.25801e-07 2.56426e-74 1.64547e-12 2.69604e-23 2.70857e-37 5.35592e-10 3.76277e-30 1.5981e-09 5.30584e-06 2.54815e-33 1.58259e-82 3.76518e-39 1.5529e-80
2.26787e-119 7.89637e-34 2.197e-47 2.31102e-160 0.220818 6.11943e-50 0.046092 3.29257e-60 2.91996e-56 3.43672e-70 6.47892e-105 3.19711e-72 1.45615e-84 4.96344e-67 7.45965e-85 0.00496121 5.03895e-141 3.98813e-22 0.0797876 8.54803e-57 3.79187e-17 2.06636e-17 8.94315e-70 7.87789e-15 3.59035e-78 3.28041e-95 0.119243 6.91941e-82
9.67517e-89 0.00271101 8.89309e-60 1.25376e-154 0.046859 1.24641e-63 2.47456e-26 0.107134 1.82221e-26 1.06355e-47 1.04946e-146 5.64888e-40 3.83427e-34 1.66296e-50 0.137627 3.03609e-08 1.98345e-154 1.70889e-28 8.92636e-74 1.00975e-65 1.19567e-70 8.53394e-79 2.60599e-26 6.19561e-30 1.15595e-70 2.50157e-83 5.05541e-42 8.09954e-62
1.97952e-73 0.0968401 9.86145e-70 6.16494e-91 7.28904e-05 0.000690657 7.41581e-06 4.6513e-07 2.61671e-67 4.35324e-100 4.71293e-75 6.06436e-71 4.15422e-106 0.219941 1.72175e-112 1.86079e-63 5.3442e-152 2.78048e-76 1.59703e-97 8.51281e-40 1.49379e-21 0.190589 5.76326e-75 0.110945 3.50076e-64 8.87361e-100 5.03399e-05 8.41515e-91
4.72962e-73 1.80705e-70 7.67956e-25 9.07322e-108 3.47061e-51 0.0443604 3.99786e-38 4.90521e-45 8.80157e-41 6.08848e-128 6.2173e-142 5.30743e-84 6.36967e-53 1.62469e-33 5.41122e-109 0.0921014 4.29106e-120 8.24507e-77 2.08126e-68 1.32922e-82 0.141095 2.97448e-42 3.06536e-24 2.81002e-60 4.75055e-83 1.45592e-80 1.46638e-52 2.36147e-53
6.10612e-19 1.07839e-43 2.82066e-23 1.90925e-154 2.02366e-33 2.56577e-68 1.60947e-08 2.17147e-41 1.12775e-19 2.21251e-61 2.46289e-67 3.70041e-32 0.0250462 4.91599e-98 3.85069e-115 2.04142e-41 1.93411e-148 4.6186e-43 3.10416e-71 0.0474147 2.26854e-19 0.0804632 2.0935e-65 7.35067e-82 3.39797e-100 9.35754e-61 5.71823e-51 2.70792e-97
1.48778e-76 2.94293e-53 8.63078e-14 1.42181e-116 6.17311e-43 3.03115e-48 5.74298e-11 5.19034e-60 4.7038e-34 1.75879e-67 8.99681e-93 7.66424e-82 2.99759e-112 1.04812e-53 3.49022e-98 1.73314e-20 2.70687e-167 4.64834e-79 5.37586e-39 2.11752e-87 0.105961 1.31455e-54 3.70243e-33 5.27587e-37 4.88659e-60 1.11644e-64 5.2956e-14 3.39781e-66
5.06986e-67 3.6308e-38 8.65628e-08 1.23039e-165 9.08905e-28 2.34776e-20 1.79595e-75 2.62123e-78 0.0566741 5.96044e-100 5.46401e-150 0.0153923 1.1956e-21 4.03283e-38 1.58142e-41 5.55681e-29 8.47668e-171 1.92793e-48 2.52852e-30 3.28725e-44 8.46272e-52 1.20805e-07 9.22435e-54 4.44408e-49 4.35534e-52 7.41735e-83 5.96143e-58 3.65989e-93
0.221522 1.01133e-62 9.08883e-75 0.134896 2.61151e-39 2.43417e-81 2.17598e-22 1.53109e-52 0.360131 0.38008 0.257443 3.27316e-68 1.08133e-65 5.28908e-91 5.04364e-32 0.0273417 0.542621 0.237046 0.0207665 2.84196e-74 5.35736e-08 1.60495e-54 0.053547 8.0951e-62 0.159638 0.278317 2.11093e-50 0.0844315
