5.96011e-12 7.24279e-14 4.57923e-31 1.57368e-13 4.71432e-22 1.0355e-11 1.77962e-16 1.02837e-23 1.57275e-23 9.76489e-23 1.41442e-22 1.49049e-09 7.52349e-22 0.00114162 5.27165e-08 1.22601e-21 0.141821 8.44887e-07 3.41676e-27 0.080363 5.88548e-10 1.00352e-26 3.98423e-19 4.08038e-09 3.02349e-21 2.60554e-11 2.30708e-10 1.05738e-11
2.34878e-26 2.44984e-21 0.00112236 1.78941e-30 6.15993e-11 4.10065e-09 5.40979e-32 9.65555e-24 7.99986e-06 1.28404e-32 5.50236e-26 0.01651 4.64903e-19 1.16364e-11 0.0951585 1.71213e-23 3.64385e-29 0.000565119 5.6968e-22 5.60121e-10 2.70776e-15 2.26565e-17 7.75155e-38 1.47212e-26 1.73918e-09 8.88894e-23 1.08813e-08 1.63112e-06
0.0149366 0.00140434 2.1269e-33 1.58616e-23 5.60904e-17 2.36486e-30 0.0367244 3.66222e-21 0.040998 0.00718052 6.80881e-22 1.86289e-17 1.13695e-15 4.72338e-07 3.89378e-27 7.11909e-10 8.27507e-13 7.05324e-24 2.84769e-17 2.25915e-06 0.0926652 1.66403e-05 0.0261645 5.26461e-25 2.89665e-17 0.160096 1.14528e-19 1.16419e-20
3.2318e-28 1.15086e-26 3.77105e-08 1.81351e-09 1.39821e-06 9.02149e-33 3.20307e-05 0.0451371 3.79313e-15 0.0636539 1.01647e-25 3.41677e-20 1.87375e-08 3.02786e-14 6.10115e-13 1.16547e-19 3.2454e-22 0.0221347 1.15823e-20 4.2394e-19 1.37071e-18 0.126641 5.16585e-25 1.41681e-33 4.69445e-08 3.97395e-15 2.81826e-24 5.12257e-07
1.14869e-06 9.17129e-11 2.73668e-34 1.07441e-25 6.19796e-34 1.317e-37 0.00320781 9.97607e-21 2.6797e-28 1.96795e-14 1.39234e-10 6.10881e-21 0.0172816 1.28249e-20 1.47198e-29 8.65498e-14 0.118104 5.02125e-26 2.35951e-17 4.33987e-19 2.18795e-34 5.32506e-10 2.11598e-22 1.51191e-30 0.000112849 4.65828e-13 3.31463e-12 1.00701e-08
2.39979e-08 1.7457e-13 3.89994e-17 0.00171787 0.0119757 5.31313e-44 3.40779e-12 1.17673e-23 7.11427e-22 1.08528e-14 3.4042e-33 0.170063 1.95687e-19 4.28974e-20 1.71613e-12 8.63103e-06 3.61337e-24 3.48619e-28 7.61224e-27 9.89194e-15 1.02862e-21 4.90801e-17 2.67463e-05 0.0584304 1.57925e-21 1.62202e-22 3.43079e-22 2.93281e-09
1.72758e-08 0.0196064 2.16643e-26 2.34582e-28 2.53888e-22 1.3616e-15 0.000761251 1.30409e-15 1.272e-24 7.81601e-12 2.01585e-15 1.95852e-24 1.24225e-16 0.00829654 2.94117e-05 4.52099e-29 0.0848119 2.12118e-32 4.56556e-11 3.57396e-11 1.41606e-24 0.0102928 2.80916e-10 1.46063e-06 3.06606e-19 1.38022e-08 0.000188812 4.45982e-17
6.97279e-19 1.72123e-08 2.49267e-18 1.3194e-24 1.98364e-08 4.14909e-21 1.42211e-05 7.82794e-09 8.99719e-30 1.41424e-26 3.00628e-32 6.81091e-21 1.23816e-08 5.16849e-11 1.93297e-06 2.5684e-12 4.96775e-15 4.30691e-21 0.00616067 2.26573e-22 1.41025e-09 3.04627e-05 1.64665e-27 3.02583e-22 4.32657e-22 0.00803595 1.62483e-12 0.000380529
4.284e-11 6.81784e-24 5.39593e-33 3.27592e-33 8.80213e-14 1.25896e-12 1.33974e-22 0.00418641 5.70929e-15 3.93665e-16 4.89481e-45 7.33918e-21 1.42748e-07 8.97e-18 0.0766415 0.0487133 0.115336 2.52939e-35 1.37853e-20 1.27317e-15 0.21554 9.52415e-10 3.41826e-32 6.28172e-19 1.58146e-14 1.95125e-19 3.78589e-12 6.25852e-14
4.26971e-14 1.36162e-11 0.238608 0.0133214 0.00651769 0.00950196 6.82306e-18 5.69182e-25 1.52009e-09 5.22062e-08 0.0723908 1.24035e-25 1.78553e-05 7.04719e-23 0.380103 4.38175e-09 1.24737e-07 1.40239e-22 0.0318041 4.98282e-17 0.0809534 0.000720412 7.35243e-29 4.69865e-29 0.0699583 2.31121e-15 0.00888443 0.0233423
