3.3937 0.133326
2.1394e-95 9.65327e-47 3.6955e-101 1.15903e-103 2.03149e-59 1.66623e-122 2.0387e-135 3.57637e-11 5.05317e-120 3.00834e-63 3.53704e-97 1.94056e-47 1.65985e-148 3.22383e-164 0.0695314 8.39523e-54 4.79515e-105 1.13242e-143 3.25797e-133 2.92072e-95
1.24624e-134 4.02547e-75 1.24087e-23 3.20906e-105 0.151836 3.74336e-43 1.47979e-109 6.86675e-53 2.1337e-47 1.72249e-51 0.238991 5.67215e-118 7.98059e-176 1.83254e-141 0.0273172 8.78675e-17 2.52031e-147 9.58012e-204 2.69448e-130 0.115885
3.82153e-81 4.31615e-55 1.31677e-49 1.20124e-70 4.55025e-52 3.68009e-108 1.23378e-81 1.46231e-57 3.38511e-106 1.75774e-53 2.64182e-79 2.02652e-18 4.21732e-102 5.6901e-138 5.04979e-90 2.25865e-20 5.06984e-42 7.02933e-93 5.3383e-55 0.236997
9.36241e-66 1.03845e-105 6.13199e-136 1.84611e-112 1.05881e-25 2.04327e-79 2.3539e-123 1.07402e-06 6.83035e-08 0.562117 4.94541e-70 3.37983e-23 6.55451e-174 1.96103e-60 3.59684e-30 3.04607e-60 8.25778e-117 2.58792e-175 3.11441e-114 5.78795e-18
1.98418e-173 0.215381 1.26096e-06 7.02461e-80 1.50925e-82 0.0851568 4.54178e-150 7.77743e-33 1.92848e-133 7.92962e-50 5.09847e-87 6.36221e-109 2.1158e-103 0.099146 9.13401e-32 0.0394551 1.43525e-86 0.00214198 1.55765e-91 1.19272e-103
3.57694e-61 6.27666e-42 6.86272e-102 3.36748e-109 7.06248e-135 1.47191e-177 1.82403e-60 1.6003e-81 0.302263 2.41384e-72 2.42454e-75 0.767827 5.81043e-107 3.56848e-128 2.26932e-23 3.25426e-13 3.56112e-18 7.12793e-131 7.45364e-108 2.3901e-76
1.09007e-118 6.18011e-103 1.08226e-95 7.69478e-117 2.35137e-81 3.16351e-118 5.06183e-104 1.2657e-18 5.90047e-67 0.425271 1.54952e-77 3.68725e-66 4.97079e-150 5.59399e-136 7.40822e-39 7.32972e-88 2.89071e-86 1.16341e-162 4.48128e-142 4.39112e-84
8.78907e-186 6.93035e-116 1.7982e-144 1.31886e-102 9.17297e-119 8.33117e-129 2.19012e-132 3.86881e-57 2.84708e-104 0.21431 1.3034e-82 2.54973e-84 1.98946e-132 4.59492e-194 1.63113e-95 5.49275e-101 3.4489e-125 4.58819e-187 2.69849e-100 1.56006e-98
1.04221e-168 2.86438e-70 1.63364e-114 6.46504e-66 3.20049e-115 1.11897e-163 2.27114e-113 4.74005e-31 4.31846e-62 0.612531 5.14321e-76 1.1584e-42 2.07594e-149 1.82155e-149 1.29316e-57 2.88272e-97 8.84848e-108 2.7034e-204 1.24355e-143 1.61379e-116
2.11977e-168 5.88878e-125 8.23837e-113 8.91131e-21 3.5663e-70 5.26516e-134 1.02857e-95 0.357438 2.69711e-128 2.20468e-20 3.09767e-05 7.33595e-100 4.62799e-91 7.55771e-195 6.87534e-60 3.52503e-11 7.27033e-108 5.14791e-179 7.17885e-151 9.67866e-117
2.74491e-198 4.59536e-131 7.51588e-189 2.45794e-124 6.46224e-138 1.72445e-189 5.35976e-192 5.21168e-92 2.59083e-128 6.5457e-79 2.23493e-115 2.8485e-134 1.6867e-175 1.29665e-198 1.17099e-112 7.5787e-114 1.24174e-147 1.89958e-204 1.22853e-152 2.29505e-134
1.15936e-167 4.65234e-11 1.88438e-29 0.0418257 9.12386e-97 4.34566e-82 8.16044e-59 0.167229 3.37231e-43 8.60911e-51 5.74019e-09 7.88879e-95 8.30716e-122 2.40945e-185 2.4799e-109 2.6106e-50 0.155203 7.61876e-93 1.75601e-13 8.95347e-111
3.08004e-175 5.66345e-107 1.73654e-129 2.45492e-82 2.01865e-102 1.48081e-121 1.20595e-82 8.56732e-63 4.10587e-35 0.269292 8.56287e-31 2.0963e-116 2.4797e-113 2.1248e-150 3.27248e-77 8.79263e-70 3.8338e-77 8.8655e-105 2.58928e-84 8.42937e-91
2.54256 1.82607e-53 0.834274 5.54473e-59 1.76356e-64 7.70503e-09 0.568554 0.0928328 1.05321e-82 8.32466e-39 4.24547e-06 7.1483e-64 0.121403 0.000219446 1.77228e-104 8.27202e-36 1.15525e-41 0.524347 0.120755 1.49468e-47
2.1765e-125 9.68231e-60 2.0318e-142 3.61659e-72 3.34074e-33 2.8148e-124 4.22207e-193 7.02115e-91 7.98441e-104 7.16047e-79 1.31424e-57 0.470334 4.43129e-76 6.58144e-47 0.18518 0.122608 1.4758e-89 5.1638e-204 4.03749e-80 1.53479e-43
5.40153e-131 2.80165e-109 6.35375e-124 3.70114e-73 1.43103e-94 4.39023e-155 1.15633e-195 1.12172e-48 7.992e-111 0.208182 2.18713e-56 7.78145e-130 4.33571e-130 9.9231e-201 7.77238e-27 3.05178e-78 8.75177e-94 6.05203e-153 1.08595e-110 5.24383e-91
