8.06315e-321 7.2977e-213 3.49798e-321 5.43539e-289 4.78542e-275 4.89125e-321 5.48289e-221 1.04495e-320 6.59874e-320 1.14129e-320 5.95633e-155 2.12942e-321 1.32657e-320 3.94758e-321 0.241882 1.35473e-320 5.74791e-111 1.46737e-321 2.51973e-321 7.48015e-321
8.14841e-255 7.92663e-200 3.97723e-321 1.97724e-257 1.05434e-320 5.00983e-321 9.68313e-53 1.60655e-215 9.39861e-320 2.85747 3.98407e-291 5.38201e-252 1.61411e-320 4.57505e-321 3.40207e-174 6.67977e-321 2.15907e-321 3.56715e-321 1.88239e-321 7.49992e-321
1.44564e-320 1.42489e-320 5.78551e-321 0.779409 1.0405e-320 8.4337e-321 6.06199e-317 2.32884e-68 6.0775e-320 4.99707e-84 7.40604e-321 2.04049e-321 1.88387e-320 6.85269e-321 6.04757e-314 1.25048e-320 3.05827e-321 4.74303e-321 9.8178e-257 1.0321e-320
2.50905e-238 1.23813e-320 3.3053e-321 3.79936e-321 8.24596e-321 5.77069e-321 0.0976305 1.03507e-320 3.69018e-320 3.11653e-100 3.91608e-216 2.831e-321 1.16204e-320 2.90613e-314 6.91692e-321 8.0088e-321 2.44014e-298 2.95945e-321 3.65609e-321 8.92283e-321
1.67044e-320 1.49729e-23 2.78635e-264 0.426408 1.11708e-320 5.31121e-321 1.79022e-35 0.0893061 4.79636e-309 4.38124e-279 3.81721e-197 1.95527e-309 5.28776e-108 4.47623e-321 5.68285e-313 1.88829e-106 0.704904 2.28752e-321 3.67502e-223 1.17983e-320
6.77858e-321 9.16986e-321 2.64819e-321 6.52543e-295 5.96482e-262 5.42978e-321 1.39621e-136 1.23368e-320 3.7549e-320 6.64134e-302 3.91794e-321 2.04049e-321 1.16204e-320 3.17684e-321 5.87444e-321 8.41888e-321 1.6897e-321 1.79346e-321 1.55631e-321 1.25129e-240
1.15351e-157 1.68562e-141 3.98711e-321 1.26831e-254 2.87426e-243 5.21733e-321 2.33326e-276 1.73269e-320 9.85463e-320 1.41896e-320 3.00246e-57 2.49503e-321 1.40265e-320 3.74996e-321 7.29735e-321 9.36748e-321 1.76738e-142 3.7549e-321 1.92192e-321 0.983311
1.15018e-320 1.10078e-320 5.18275e-321 3.55727e-321 3.7462e-195 1.98675e-102 1.20956e-09 1.67538e-320 3.99403e-320 0.419647 5.66693e-321 1.85275e-321 1.64326e-320 1.97723e-200 8.34477e-321 6.26475e-321 2.27496e-73 2.01085e-321 2.37152e-321 8.12738e-321
5.56911e-64 8.88274e-183 4.99006e-321 4.47623e-321 2.0163e-178 1.24271e-130 1.64124 0.895808 2.9398e-164 0.337573 4.51131e-279 6.55624e-215 4.89661e-301 2.29333e-57 1.61737e-263 5.07446 1.18147e-125 6.42779e-321 3.60174e-321 1.92374e-130
3.51244e-235 8.70544e-321 4.14521e-321 2.88534e-321 8.82401e-321 3.42387e-321 5.41909e-57 1.01812e-190 7.11949e-320 2.62797e-168 4.74797e-321 2.32626e-283 2.25393e-320 3.44364e-321 0.781986 5.68876e-297 2.50491e-321 1.71935e-321 1.63536e-321 2.94396e-229
5.57633 4.49676 1.97226 4.19202e-246 4.0311 2.37196 3.1749e-76 4.77627 37.6776 3.09096e-259 2.18623 1.02306 10.1881 2.12803 1.40562e-320 1.11412e-320 6.07666e-214 1.4544 1.41998 1.90459
2.35666e-247 5.72014e-298 3.6462e-321 1.1127e-253 3.2132e-212 1.86197e-290 3.45476e-245 1.2238e-320 7.31514e-320 1.07759e-287 1.86865e-206 2.66301e-321 9.68369e-321 2.96439e-321 0.423984 1.37054e-320 2.1146e-321 2.831e-321 1.42291e-321 6.42745e-305
1.16599e-320 3.54408e-126 4.53552e-321 2.64203e-66 1.48269e-222 3.94758e-321 6.65073e-257 1.01135e-320 8.33489e-320 5.51102e-299 1.23934e-180 1.41797e-321 1.02716e-320 3.0385e-321 0.243632 7.62837e-321 2.20353e-321 1.54148e-321 1.41303e-321 6.81811e-321
2.03604e-182 3.71355e-307 1.45466e-272 3.87842e-321 3.31156e-124 4.58987e-321 0.242357 1.85373e-320 9.85463e-320 2.76932e-142 1.09755e-106 1.70947e-321 1.75492e-320 4.82926e-292 9.06116e-321 8.61156e-321 3.12249e-321 2.07471e-222 3.42882e-321 7.95446e-321
1.36856e-320 1.57205e-279 1.91303e-219 1.60669e-284 1.32854e-320 4.51576e-321 1.08927e-66 1.18675e-320 8.27016e-320 6.6784e-42 6.27463e-321 2.38634e-321 1.47923e-320 2.38157e-223 7.87541e-321 8.18753e-263 0.175442 2.18871e-321 5.93626e-295 2.97288e-138
1.29791e-320 4.49835e-281 2.03027e-181 2.77098e-14 2.6504e-289 0.162606 8.36083e-95 1.48664e-320 5.01427e-320 2.05828e-320 1.52297e-10 2.32211e-321 2.12448e-320 1.30119e-230 1.52053e-206 9.97024e-321 1.73772e-119 3.26577e-321 2.15907e-321 9.90602e-321
