5.21709e-19 1.90892e-251 5.2317e-80 7.49476e-51 1.67994e-177 2.82552e-35 4.21827e-46 1.2593e-95 3.91884e-155 4.59965e-206 1.81868e-97 3.05843e-237 4.75415e-180 3.89329e-49 1.13997e-83 2.17987e-42 2.85068e-53 0.122406 2.32405e-133 5.19734e-288
3.65681e-85 0.279443 5.73547e-93 9.11097e-95 4.65595e-169 0.835635 7.34704e-11 1.33256e-86 4.75013e-54 0.526881 0.439012 1.35899 1.85785e-206 5.21931e-77 0.191938 8.68636e-150 1.33183e-66 8.01396e-23 0.198893 0.308314
1.05456e-93 6.27463e-322 0.162526 4.90235e-77 5.51816e-101 5.48477e-71 1.049e-55 7.35493e-131 5.70614e-92 3.25877e-220 2.54214e-156 8.39137e-274 9.1468e-188 3.32149e-128 9.48072e-114 7.763e-80 1.28667e-70 1.12091e-66 7.996e-123 6.45622e-268
4.57363e-69 1.02257e-298 3.22426e-113 2.83644e-31 1.27912e-180 5.90509e-172 1.61432e-75 6.43066e-176 1.54275e-149 2.04349e-173 3.53127e-110 5.12925e-287 1.22605e-81 2.27818e-94 8.79049e-37 0.166122 0.133947 5.69594e-16 2.46006e-109 1.33479e-149
2.79244e-54 3.90547e-175 2.45935e-79 1.37231e-32 1.63059e-117 6.51723e-67 0.0428418 0.33151 0.214983 2.10138e-113 2.04581e-24 1.13601e-132 2.5782e-109 8.09385e-71 1.4593e-45 1.49131e-09 3.134e-64 1.9269e-54 6.3827e-155 3.27498e-126
5.63584e-61 7.5592e-322 0.21411 0.00140118 8.74935e-78 6.06198e-174 0.502888 1.50356e-121 3.55984e-44 2.39553e-225 5.19746e-172 3.72735e-209 3.97436e-42 1.25663e-167 4.89573e-46 5.14215e-90 1.84012e-39 9.35626e-111 4.21215e-21 5.7319e-287
1.91673e-39 5.55379e-320 7.43592e-53 7.53964e-09 5.497e-152 3.53045e-164 9.42742e-62 3.34077e-188 4.70624e-70 2.97216e-291 1.10855e-182 5.01e-303 3.20153e-124 2.05473e-150 1.44632e-51 2.73539e-97 0.0614437 6.43256e-83 7.90231e-159 1.35109e-230
2.58631e-23 9.07592e-279 0.279192 1.16806e-122 1.07902e-127 0.236771 1.01683e-193 1.9553e-52 4.41761e-61 2.5829e-299 2.23278e-161 3.64726e-302 0.241614 1.57601e-130 5.85817e-117 4.50689e-81 9.23824e-80 2.57577e-16 1.43922e-28 1.14292e-206
0.308091 2.24395e-272 0.00399242 1.9158e-06 7.94998e-145 1.16368e-97 5.89519e-196 1.32827e-98 2.38935e-163 2.63863e-270 2.56132e-178 1.65759e-299 7.5012e-96 8.82078e-90 3.88481e-36 4.60045e-47 9.83573e-53 1.71861e-31 2.82181e-129 4.76174e-259
1.35511e-05 8.16802e-219 5.12302e-50 6.69522e-111 0.657706 4.03044e-169 2.33875e-189 9.15862e-127 2.27992e-79 3.87962e-108 1.04809e-126 1.16609e-96 2.87259e-206 4.5586e-148 1.61834e-113 0.220198 3.75164e-97 3.72908e-69 2.55423e-19 4.43577e-184
1.86117e-109 7.90505e-322 1.04784e-21 4.07977e-20 2.6866e-242 0.130584 6.1495e-65 1.29819e-103 3.26272e-166 4.80506e-114 9.66792e-86 5.82176e-212 4.442e-89 1.47816e-12 9.07978e-70 1.47157e-105 0.000667919 0.253468 8.83645e-33 9.14964e-152
2.67916e-66 6.17763e-309 9.10191e-129 7.97839e-97 1.40977e-194 2.56727e-132 1.29381e-73 1.96846e-119 7.17909e-52 1.25182e-197 5.75354e-88 3.89133e-297 9.76201e-81 0.0618351 3.39982e-114 3.38186e-21 3.34403e-91 4.15875e-19 1.73148e-114 2.84273e-224
5.295e-43 7.878e-289 4.08667e-131 1.91333e-74 2.44139e-90 1.14996 6.19812e-192 3.82028e-153 5.50074e-73 2.57781e-171 1.25437e-112 2.70149e-291 6.22541e-68 4.19821e-97 4.43355e-107 0.223231 4.57658e-78 6.84676e-93 2.60416e-43 2.4695e-258
4.97393e-73 5.53354e-322 4.24587e-116 5.09521 4.67512e-97 3.61045e-152 3.43587e-163 4.20895e-181 5.13062e-138 3.54557e-305 1.53766e-149 3.98616e-170 7.41346e-91 3.32638e-92 1.13807e-124 1.74553e-147 3.97026e-65 2.32841e-105 2.27932e-125 4.27047e-263
1.26023e-51 6.10564e-279 7.08452e-71 0.159738 1.30212e-173 2.27899e-54 9.60743e-154 6.90223e-165 3.2556e-91 5.35125e-270 8.07444e-196 1.01598e-167 1.09025e-87 1.52867e-108 3.41344e-50 5.2742e-125 9.28452e-20 5.19794e-95 1.06972e-113 8.40212e-308
4.84633e-19 5.34378e-267 5.27318e-133 0.839139 1.70002e-213 2.67639e-97 4.00114e-185 1.28554e-102 4.35321e-137 1.22714e-260 3.97172e-172 9.82031e-242 5.12052e-133 2.36394e-139 8.14787e-112 1.19234e-62 3.8572e-101 2.03829e-37 6.02487e-130 5.5686e-233
