2.66424 0.288502
7.02503e-271 2.93838e-44 1.54673e-09 2.92399e-40 4.15055e-223 1.04265e-233 1.39836e-146 4.57936e-47 6.24908e-123 3.68946e-118 0.587969 1.84108e-219 2.49057e-70 1.25869e-123 8.09992e-75 1.16605e-130 1.08466e-33
3.81862e-135 2.15934e-174 6.53345e-303 7.66471e-216 3.21143e-322 0.355593 4.04677e-170 2.47079e-212 0.376094 4.1955e-65 3.42727e-166 8.33918e-199 5.31219e-121 0.613944 1.1353e-209 5.09984e-26 4.28026e-95
4.40415e-07 1.56762e-22 1.98726e-128 3.78939e-185 0.010944 1.70255e-204 9.59897e-245 2.28887e-52 3.17441e-300 0.248825 4.09865e-128 2.62917e-13 4.04697e-201 4.09499e-75 3.89518e-188 1.8775e-243 6.41228e-70
4.95191e-132 4.75067e-59 2.01944e-195 8.07825e-99 2.61087e-109 4.31155e-196 7.2336e-226 1.11998e-318 1.43279e-321 8.24184e-240 1.48557e-139 5.80195e-87 7.3742e-185 6.40717e-116 1.60098e-206 1.03403e-177 3.6629e-204
5.49044e-75 4.48601e-182 5.29861e-132 1.78288e-157 1.09713e-237 1.20521e-136 3.16663e-90 1.20007e-125 1.2154e-321 2.6095e-13 1.17724e-185 0.294737 1.70111e-164 4.73356e-163 1.27713e-269 1.07154e-141 1.35929e-76
8.7033e-196 7.67271e-59 7.98605e-44 2.02817e-309 2.96439e-322 4.57862e-158 3.32114e-276 1.06632e-128 5.17041e-199 1.84874e-76 0.43654 1.53265e-142 4.07809e-136 3.52122e-205 8.57099e-192 1.0587e-123 3.00174e-166
0.00167146 0.00781264 0.00111112 0.00160305 0.000317537 1.33807e-237 9.29491e-300 9.88131e-324 9.88131e-324 3.9205e-246 2.72367e-205 1.61545e-238 2.43332e-211 1.02171e-210 3.16206e-303 1.4822e-323 4.90454e-288
1.58997e-254 7.11045e-37 5.01309e-303 1.48532e-62 7.24329e-65 4.36448e-201 2.67811e-189 2.87277e-16 1.12344e-270 1.32308e-88 5.39943e-69 0.44034 1.7186e-05 4.15972e-14 1.23289e-173 1.25489e-80 1.20237e-57
1.10038e-179 6.93878e-193 2.05625e-283 3.67334e-91 2.0587e-272 6.89731e-188 1.54303e-264 0.241553 1.37171e-171 4.31711e-143 3.78102e-136 1.92398 1.80663e-166 5.40364e-193 2.56038e-187 5.22323e-191 1.16997e-53
3.12136e-213 8.36586e-126 1.59339e-107 2.12315e-17 2.46312e-305 1.35542e-61 3.08752e-61 3.69426e-204 1.2401e-321 2.95457e-226 4.1221e-140 0.0172579 5.95823e-178 1.21606e-46 8.2549e-157 8.16006e-104 1.06946e-188
2.34492e-131 1.64473e-83 7.52115e-33 1.30039e-06 1.97963e-236 1.35352e-68 5.63785e-230 0.0477007 4.14138e-231 4.4806e-233 4.52043e-175 5.11196e-183 5.09897e-12 4.25676e-67 5.82785e-253 6.5019e-319 8.81561e-220
3.75123e-75 3.58701e-248 2.43325e-287 1.58566e-40 1.62689e-175 4.14501e-102 3.92247e-63 2.35879e-66 2.27515e-57 6.67756e-39 0.0543743 1.4012e-179 0.62198 6.40818e-127 1.43862e-145 8.32616e-192 1.54873e-125
8.27996e-75 7.29575e-173 1.90331e-223 1.51184e-321 2.34148e-312 1.19133e-193 2.47254e-34 4.83858e-241 1.87745e-321 2.50079e-202 3.8951e-192 2.07515 4.40058e-100 1.39969e-158 1.18173 1.86846e-80 1.64835
1.76409e-162 3.04738e-158 1.67391e-226 4.32292e-307 1.49911e-182 0.198253 1.68746e-59 4.35376e-69 1.67488e-321 3.35386e-155 3.01186e-107 5.19119e-144 0.762852 2.51975e-31 3.80788e-293 0.466044 2.85961e-177
5.84277e-239 1.41427e-68 1.14404e-71 9.63793e-28 2.38245e-164 6.3929e-70 0.363759 2.68796e-246 1.09561e-192 0.158954 1.19422e-117 2.20461e-179 2.57949e-162 5.78826e-70 4.22385e-134 5.87554e-63 2.34053e-23
