1.77587 0.251734
1.46093e-12 5.21751e-260 5.12521e-111 2.24772e-180 2.16778e-186 1.83392e-211 1.21525e-121 0.00396026 1.17273e-102 1.88476e-74 5.27344e-284 5.53866e-251 1.39473e-161 1.50735e-90 1.15124e-140 4.81016e-304 0.171662
3.68599e-26 3.13383e-259 3.94372e-65 2.70289e-220 2.6829e-200 9.79072e-114 1.17826e-176 6.54433e-64 2.60213e-171 1.16478e-216 3.3082e-213 2.77986e-219 0.725061 2.23792e-138 7.69227e-44 4.11557e-81 6.95206e-221
3.25421e-86 2.07164e-262 5.8018e-121 6.12422e-292 8.72718e-104 2.12384e-87 7.38792e-139 1.30873e-25 1.22273e-156 2.37341e-44 8.5949e-173 8.69556e-322 3.24793e-49 2.96321e-194 0.324783 2.93785e-91 4.41093e-276
9.83124e-80 0.13506 0.00133313 2.21672e-46 5.50765e-67 9.09081e-322 9.19735e-286 1.04736e-96 4.24281e-182 1.85018e-164 2.38098e-277 2.51973e-322 2.24615e-138 5.92427e-197 6.65832e-225 1.08953e-302 1.21911e-237
4.54193e-222 1.05045e-203 7.26819e-139 1.64858e-262 2.79237e-122 3.57584e-252 0.100275 0.111462 1.36302e-122 2.1185e-22 6.18298e-217 9.28843e-322 4.63327e-06 7.79453e-83 5.59632e-250 1.03447e-87 6.0598e-214
1.76922e-132 3.52819e-147 9.47627e-141 0.0179316 5.64014e-121 7.3175e-79 4.26389e-75 1.51681e-160 6.05217e-134 1.50186 5.13569e-193 1.14623e-321 1.93354e-80 0.221596 2.02192e-197 7.6612e-100 2.0603e-85
3.41014e-168 1.52997e-271 7.26952e-73 0.151325 0.0807022 7.61292e-85 1.99851e-63 0.435829 4.22046e-16 3.79326e-215 1.65482e-95 9.45606e-306 2.18987e-150 1.62393e-197 1.46214e-319 0.444772 8.93625e-134
1.20158e-98 7.71012e-154 3.12917e-71 1.19612e-119 1.21805e-160 4.47428e-306 3.9703e-204 9.82272e-118 7.56308e-153 8.14131e-193 8.62494e-241 1.99592e-271 0.0443311 6.52214e-212 6.98011e-299 3.39786e-258 1.0909e-292
1.74134e-24 1.89972e-213 2.4045e-83 4.32781e-102 1.47805e-199 1.64854e-202 1.32577e-165 0.256935 6.40893e-170 5.8415e-207 6.6857e-234 2.35026e-289 1.63641e-89 1.14332e-125 8.95609e-199 3.00416e-167 6.6182e-272
3.01524e-114 1.51667e-85 3.32072e-187 1.57666e-51 1.27823e-249 2.4816e-275 0.105237 4.27947e-126 0.0116157 5.44526e-205 5.82463e-202 8.69556e-322 1.34603 4.83618e-120 5.23545e-144 7.57333e-302 1.70664e-73
5.87412e-14 2.39266e-16 2.09769e-93 4.65135e-232 5.13266e-254 2.09725e-230 3.08174e-92 2.9926e-49 6.31494e-203 3.09314e-154 6.38288e-251 8.64615e-322 0.153918 3.43344e-197 9.94503e-108 6.27317e-38 4.16206e-287
2.2622e-89 2.12276e-191 2.72292e-170 2.61012e-117 3.80431e-322 1.64266e-207 4.27706e-105 1.03956e-173 1.58611e-109 0.355533 1.89634e-16 9.0414e-322 6.67496e-19 1.60758e-220 1.29808e-155 1.57332e-166 5.19838e-228
0.092797 2.34624e-187 2.81428e-106 0.000116523 2.41801e-117 1.16781e-236 3.5859e-184 5.72318e-178 5.42729e-161 5.34604e-197 1.20382e-185 2.75199e-281 0.143416 2.7592e-154 1.16105e-321 6.54621e-131 4.19587e-112
4.80689e-58 8.04423e-29 9.14123e-22 7.79254e-33 2.19814e-94 8.93982e-304 1.68323e-191 2.69125e-109 8.03064e-102 3.19569e-146 1.38068e-243 4.69362e-322 8.10832e-90 1.15936e-234 4.98354e-171 5.04825e-225 2.16611e-242
5.57461e-173 9.62102e-286 0.270051 5.89369e-24 7.36564e-89 0.764687 7.97866e-15 7.0715e-120 0.277875 7.20206e-189 0.232498 0.272561 3.09733e-107 5.33527e-81 1.1376e-18 1.39854e-212 8.122e-263
