3.79442e-321 5.52365e-321 1.06669e-320 9.28843e-322 4.6857e-264 3.92669e-167 5.6295e-195 9.67269e-195 8.45346e-321 3.05333e-321 4.496e-321 6.02278e-231 0.0078066 5.18769e-321 1.1398e-55 5.80812e-283 6.06219e-321
2.38215e-246 3.11918e-91 3.4833e-188 9.53547e-322 2.01995e-60 3.25095e-321 0.989891 1.70727e-14 9.87637e-321 2.59879e-321 3.1472e-321 4.12545e-321 8.66097e-321 5.11811e-281 2.35274e-237 1.17094e-321 3.05724e-228
3.28554e-321 7.20367e-13 2.4154e-50 1.08694e-321 1.85769e-321 7.04341e-234 1.57108e-52 6.74206e-71 1.53111e-320 1.86591e-197 5.37543e-321 4.13264e-93 1.66154e-320 1.0816e-162 4.52161e-168 0.343462 7.9841e-321
5.64266e-224 4.30813e-227 4.07083e-101 1.00295e-321 1.41583e-126 5.77882e-213 3.33494e-321 0.0158873 4.97524e-321 1.48714e-321 2.25186e-284 6.42347e-97 1.48323e-278 2.01085e-321 2.62349e-321 9.33784e-322 5.1342e-151
6.46559e-267 4.41695e-321 4.75093e-78 2.45881e-310 8.48453e-77 2.07399e-33 4.38124e-264 4.59252e-25 2.0838e-255 0.0564127 3.06776e-281 2.77876e-267 1.04002e-225 2.5395e-321 3.06707e-224 1.58101e-321 5.22721e-321
5.62466e-58 4.79244e-321 6.53649e-321 1.03754e-321 0.134358 3.20649e-321 5.4199e-321 6.38665e-164 7.18631e-233 2.21204e-153 2.66301e-321 0.880678 3.2795e-138 3.00886e-321 1.80166e-285 5.38828e-240 9.89328e-21
8.44541e-308 8.63133e-321 1.38981e-102 1.24999e-321 1.57607e-321 0.435652 6.68471e-321 1.38099 2.92342e-134 0.672949 9.50346e-138 2.79573e-188 3.30482 3.03676e-28 1.69561 2.42092e-321 2.01818e-283
6.54554e-51 5.22721e-321 4.93839e-57 2.40094e-10 1.16828e-56 2.76032e-20 3.02924e-158 7.74346e-65 6.14e-197 4.74071e-181 2.18447e-264 2.72115e-119 8.50287e-321 2.80135e-321 4.38236e-321 1.65018e-321 0.928878
3.28554e-321 8.25584e-321 7.70618e-167 3.82916e-39 9.18962e-322 3.81913e-321 0.140177 1.41607e-06 5.91512e-183 3.88257e-253 5.7316e-57 6.28452e-321 2.4763e-300 5.42282e-238 4.15015e-321 1.66994e-321 2.66371e-11
1.75235e-102 3.46681e-181 1.07639e-100 9.12993e-105 6.34856e-216 2.39022e-287 2.16984e-101 5.38847e-272 5.10967e-202 2.91995e-301 2.41104e-321 0.158577 5.90408e-321 1.40052e-281 3.11755e-321 9.43665e-322 1.60947e-239
1.38473e-15 4.67588e-207 1.23281e-40 6.07746e-289 1.57441e-167 4.32307e-321 2.12573e-38 7.03055e-321 2.80913 3.26695e-241 0.96357 6.97127e-321 0.449568 1.11035 1.90829e-129 0.52286 3.04943e-167
0.0028502 0.00490034 0.00556712 0.0010957 0.000421564 9.88131e-324 1.97626e-323 1.97626e-323 1.97626e-323 4.94066e-324 4.94066e-324 9.88131e-324 2.47033e-323 9.88131e-324 9.88131e-324 4.94066e-324 9.88131e-324
2.38769e-230 1.02602e-181 1.08685e-71 1.83458e-227 1.8266e-180 1.53956e-86 7.20116e-313 4.1798e-321 1.29367e-203 5.43333e-266 2.47527e-321 3.38929e-321 7.43569e-321 1.24335e-288 3.74008e-321 2.09484e-321 0.0380269
5.93969e-66 4.93078e-321 4.42898e-194 9.48606e-322 9.68369e-322 0.18516 1.0355e-224 5.11563e-93 5.96337e-321 3.03415e-58 2.80733e-235 3.15724e-261 6.58095e-321 2.55926e-321 3.33988e-321 2.23812e-321 3.29508e-08
1.34653e-76 6.40803e-321 9.94997e-118 1.42933e-284 8.69371e-187 0.398813 2.76269e-82 3.73123e-222 7.63825e-321 3.15708e-321 1.86879e-195 2.31749e-271 3.59128e-240 7.77165e-321 6.31416e-321 1.04858e-269 6.22012e-47
