2.32929 0.128608
0.0104605 0.00374895 0.00545803 0.000803836 0.00927493 0.00020635 0.0015019 0.0297814 0.0134823 1.6848e-06 5.68965e-104 2.08026e-140 4.60564e-111 7.31022e-175 1.53586e-70 2.73686e-167 1.04648e-98 9.12287e-152 5.86387e-140 1.93913e-184 5.32277e-112 1.73727e-147 9.89339e-102 3.99256e-128 7.82468e-99 6.96231e-124 3.91475e-153 1.20356e-128 2.6638e-116 6.22405e-133
4.24979e-86 0.000473216 1.73862e-74 6.0515e-90 1.4989e-40 6.55978e-99 5.34908e-56 2.52063e-65 1.33392e-17 4.92786e-70 3.43903e-77 1.62294e-96 6.63812e-06 6.48652e-104 0.137811 3.95976e-101 2.2505e-11 8.66174e-84 2.04697e-67 2.31417e-75 3.18335e-92 7.33765e-32 1.83334e-92 1.54965e-64 8.55945e-13 1.76869e-88 4.51192e-47 1.71542e-77 9.34835e-13 2.73919e-51
3.0809e-22 0.000231442 8.05809e-63 4.3588e-26 9.80274e-45 6.34909e-16 4.11312e-117 2.64546e-122 5.61859e-12 9.41363e-58 4.94183e-63 1.35487e-106 8.13074e-98 1.30009e-71 8.88569e-06 3.66474e-99 0.364682 0.558392 1.97241e-33 1.32002e-44 0.0928037 1.0381e-74 7.98638e-83 7.3657e-19 1.4779e-13 1.30785e-120 5.36309e-110 4.38358e-13 2.15874e-103 9.78016e-98
1.63868e-114 2.36136e-30 4.67384e-84 1.30317e-51 1.38143e-124 1.00397e-12 5.47267e-85 2.19143e-80 3.53342e-68 5.21137e-101 7.49469e-35 6.36861e-60 0.35121 6.46039e-37 5.77302e-44 1.39977e-91 2.50648e-56 7.07121e-56 3.58211e-95 1.93686e-140 3.32248e-78 5.50553e-95 2.26768e-20 1.70836e-58 0.0521331 4.71111e-74 8.51373e-136 4.07636e-73 9.71553e-51 1.46238e-31
2.47736e-133 3.59965e-93 2.95374e-101 1.58979e-21 7.71797e-107 6.72334e-55 3.9789e-42 3.10217e-87 4.86274e-45 4.44635e-71 2.08442e-103 4.1515e-68 1.49344e-63 5.6032e-71 2.19794e-49 1.90259e-66 3.62782e-30 2.33056e-07 0.12733 3.37728e-64 1.05526e-105 0.186784 1.95632e-28 1.38675e-82 1.63031e-42 2.57243e-103 6.74845e-147 3.36826e-93 1.32603e-23 2.15941e-86
2.04269e-206 2.17768e-65 3.45807e-51 3.59955e-149 2.17632e-07 1.13579e-150 1.01022e-104 1.54624e-59 1.04293e-87 1.68597e-115 2.44025e-43 0.0788006 4.32158e-93 6.55473e-134 7.64516e-23 7.32696e-48 2.80693e-68 1.43613e-75 5.69324e-100 1.13526e-44 1.02046e-86 1.02349e-81 1.46759e-49 0.053431 0.233861 0.0765978 0.135778 0.069922 4.30831e-92 5.21852e-104
1.09722e-130 7.17079e-68 2.60316e-40 3.54977e-49 8.18304e-85 4.28351e-90 0.000691964 1.22783e-17 1.35873e-23 6.65192e-117 3.70754e-81 1.482e-97 1.13978e-24 2.20696e-133 0.163416 1.45053e-64 1.76182e-79 1.46445e-108 9.97397e-104 9.56721e-76 1.67347e-38 4.29262e-72 5.54842e-25 2.41661e-108 9.68172e-33 2.84371e-94 6.63676e-111 4.16995e-75 2.33128e-86 8.76852e-114
8.21293e-120 1.17631e-08 5.40883e-118 1.41127e-97 3.26141e-17 1.54448e-107 0.0106534 9.32264e-59 1.37854e-13 7.13338e-108 0.196862 6.33554e-81 1.96649e-32 3.44717e-120 2.74844e-55 5.35642e-57 1.03235e-34 3.63949e-124 0.00687032 0.18776 1.03024e-37 1.13798e-05 1.23091e-75 1.97532e-108 2.20794e-36 3.06164e-24 2.0365e-29 2.43137e-32 0.168736 0.179327
1.43691e-43 3.12809e-75 6.98443e-45 3.91564e-29 8.32799e-96 2.92684e-06 2.01046e-116 5.57667e-37 4.01086e-63 8.87371e-38 7.62962e-35 1.51153e-105 5.41952e-57 2.53675e-83 3.57365e-31 0.248126 2.11602e-90 7.62703e-102 1.30186e-37 4.69452e-172 1.62058e-66 2.51272e-17 1.05793e-97 2.64063e-21 7.3877e-63 1.15203e-58 1.89387e-95 8.27172e-47 3.15912e-50 6.78423e-62
9.99729e-150 5.47569e-07 5.59794e-104 3.10669e-100 1.57706e-86 5.00446e-73 9.46744e-05 2.13546e-100 3.32239e-70 1.99796e-95 2.18442e-10 3.41177e-104 4.4003e-99 7.63789e-175 0.454118 1.46969e-159 0.00112108 1.61951e-70 0.0503612 9.24407e-112 8.93812e-86 1.04563e-138 3.63463e-18 7.50729e-32 5.26463e-37 3.13733e-47 5.34485e-82 1.95363e-98 2.20958e-71 1.85809e-69
1.25154e-59 2.77321e-25 6.34922e-94 1.40823e-84 2.47501e-34 1.54091e-10 3.07563e-70 5.3934e-117 1.19588e-11 3.03898e-72 3.35972e-46 3.46839e-128 1.35974e-89 0.799099 1.29623e-39 2.02712e-43 4.7567e-22 1.39694e-118 2.64165e-19 2.50345e-158 2.0408e-48 2.77093e-54 2.66535e-15 1.79439e-07 3.20984e-59 2.9875e-91 3.18359e-63 0.0794525 2.57735e-108 8.44307e-67
1.10631e-07 1.58986e-61 4.05949e-57 1.53723e-19 3.29329e-68 1.20615e-88 5.96315e-43 2.25607e-07 1.40169e-60 2.04713e-110 1.15969e-66 1.14123e-73 3.80982e-62 3.35388e-92 0.0808808 1.80107e-104 7.17164e-50 1.91688e-67 8.81062e-32 1.71251e-115 4.83907e-40 1.81328e-95 3.31507e-49 1.88327e-109 1.17435e-49 1.38973e-58 1.70107e-61 5.29534e-110 0.139848 5.79514e-62
0.000303065 5.78807e-12 3.58851e-18 8.65457e-40 1.19144e-05 0.0296461 1.80861e-23 6.44035e-32 1.30655e-29 0.0533602 1.82262e-100 5.16596e-108 6.1462e-86 6.93624e-157 8.31813e-49 5.70369e-145 6.48957e-75 1.07249e-135 3.24048e-92 9.59651e-148 3.79956e-86 3.20757e-113 2.20916e-90 2.50675e-126 1.09091e-97 2.17578e-120 4.63855e-155 7.33959e-116 1.5716e-91 2.25453e-119
6.61133e-159 4.11804e-48 5.17019e-23 1.43047e-72 1.80802e-113 7.99376e-10 6.32151e-77 1.08336e-92 5.69911e-10 1.25604e-43 3.23431e-31 1.95302e-40 1.49999e-30 3.89422e-34 8.91357e-65 1.92968e-157 3.80558e-82 0.128004 1.29112e-12 2.15663e-146 2.78727e-15 1.33109e-52 5.94637e-53 5.97605e-50 6.1941e-72 3.06305e-97 3.69747e-55 4.86085e-93 7.08238e-106 9.59598e-35
1.7202e-153 1.44786e-21 7.2689e-41 7.81077e-06 4.31852e-46 1.14773e-33 8.32067e-40 2.17081e-81 3.67196e-11 1.59116e-122 2.15277e-33 4.95657e-95 2.69915e-06 7.14442e-160 1.62767e-45 2.7181e-116 4.30258e-63 0.977154 2.44527e-95 3.04112e-43 5.61171e-40 1.69049e-115 0.172227 9.81937e-114 4.40103e-86 3.341e-10 2.03479e-70 1.11768e-59 5.87978e-32 9.40703e-109
1.2213e-57 1.54135e-68 4.5015e-33 2.13073e-17 1.38265e-103 8.02056e-75 1.24596e-58 1.19666e-57 9.34074e-24 1.07192e-98 7.62742e-77 1.56405e-51 8.02012e-64 3.81953e-170 7.03927e-32 1.19826e-33 1.13437e-37 1.94769e-41 5.09505e-31 2.14505e-133 7.25476e-61 1.43868e-110 6.54511e-75 8.08402e-45 1.07618e-12 3.45106e-30 8.04453e-68 2.12511e-110 0.0941728 3.92663e-51
6.98741e-141 5.68851e-10 2.19267e-27 3.18945e-75 1.05665e-65 1.74565e-82 2.03729e-89 1.70443e-67 1.44466e-77 8.17661e-25 0.000384223 1.32192e-58 5.46281e-82 4.35548e-19 0.321787 1.28529e-24 9.74939e-15 8.43093e-137 1.33707e-80 5.26578e-63 1.51812e-88 4.27176e-70 2.41445e-97 1.59206e-109 1.10861e-71 7.47952e-37 9.37542e-96 1.24425e-30 8.44454e-29 5.07997e-11
