3.30369e-182 7.21336e-322 1.146e-218 5.65777e-196 2.81617e-322 4.6533e-149 1.03749e-204 1.42559e-133 9.04976e-45 5.14243e-100 1.88239e-321 4.04192e-28 1.72923e-321 1.64855e-307 2.46626e-218 7.11704e-52 5.20248e-222 2.00597e-243 0.922892 1.29144e-79 6.50432e-252 4.60745e-40 1.4909e-81 2.03465e-80 9.05625e-156 0.465382 1.13364e-20 4.06394e-159 7.16889e-321 1.25545e-24
3.834e-127 3.01214e-269 1.43654e-101 4.94066e-323 4.40244e-180 3.12025e-285 2.51415e-172 1.52509e-125 5.481e-268 4.21539e-261 0.657631 6.07797e-91 2.72505e-315 0.652776 3.06293e-140 5.45845e-125 1.86263e-321 1.79187e-89 0.202497 5.94075e-47 5.16658e-260 3.05067e-71 3.7581e-132 0.225243 0.237305 4.90045e-75 1.0498e-66 3.49369e-28 2.24724e-280 2.91195e-47
1.03106e-64 2.25689e-214 1.96409e-16 5.79454e-122 1.65966e-104 2.00788e-22 1.60157e-64 6.33325e-81 5.2147e-117 3.12627e-117 6.58391e-242 2.09618e-180 3.04974e-268 1.66552e-281 1.50347e-212 2.13137e-221 1.74161e-126 1.25715e-285 4.65334 2.66688e-310 3.42404e-179 2.12532e-301 9.88131e-322 4.25286e-169 9.28196e-208 2.81811e-61 5.88436e-235 1.86896e-231 1.45808e-245 4.16604e-262
4.68456e-215 7.66637e-260 1.49023e-114 7.59519e-119 2.76677e-322 1.14011e-60 0.0134324 1.78258e-113 3.97229e-321 1.93855e-170 1.03228e-120 1.31054e-144 1.93326e-99 1.06575e-260 1.36302e-186 5.27763e-155 1.37844e-321 1.65168e-136 1.32665e-71 0.0327103 6.46893e-196 1.60027e-302 1.81322e-321 2.04042e-145 0.152279 9.08077e-24 0.226334 2.86775e-111 3.31445e-217 6.30765e-180
3.66364e-147 3.59898e-74 3.6126e-33 4.80713e-160 4.04262e-178 5.86551e-154 6.38887e-101 1.1126e-162 5.30473e-184 1.94673e-88 1.6897e-321 4.16069e-86 7.1076e-251 2.83201e-146 2.48632e-211 3.11569e-157 6.98853e-130 5.02188e-243 0.45284 2.4308e-321 3.68674e-67 2.84114e-169 2.32774e-235 1.80882e-115 7.91965e-206 4.29507e-143 1.79524e-216 2.40257e-238 5.30132e-321 2.55373e-117
4.72327e-321 9.58487e-322 8.49326e-07 5.43472e-323 2.56363e-152 2.28752e-321 9.00475e-88 8.79175e-291 4.86161e-321 5.20744e-317 4.13039e-321 4.44921e-210 0.714354 4.16446e-120 2.31396 1.60974 7.90452e-241 0.199259 1.1597e-140 0.0106152 0.194384 1.59011e-141 2.13105e-180 6.36542e-85 1.77939e-243 1.52993e-40 1.62597e-220 3.7746e-21 3.27631 2.4202
0.00207117 0.000496447 0.00167671 3.66648e-05 0.000230074 0.0010116 0.000472312 0.00108532 0.0034516 0.000162447 4.94066e-324 2.23356e-216 4.94066e-324 5.16195e-319 5.5374e-249 7.87318e-272 4.94066e-324 9.88131e-324 1.02312e-210 9.88131e-324 1.28596e-299 4.94066e-324 4.94066e-324 5.80729e-295 4.94066e-324 3.07556e-170 8.84312e-264 3.69068e-271 2.47033e-323 1.97626e-323
1.4123e-194 3.85495e-151 5.98862e-86 1.28576e-78 1.97224e-49 2.84564e-51 5.58994e-110 2.5812e-167 1.25571e-205 1.13705e-165 7.34647e-169 3.963e-124 8.41578e-270 1.0463e-162 9.77295e-78 8.79681e-86 5.05106e-57 1.20647e-110 0.0562209 4.87248e-150 0.232206 3.02136e-251 8.83857e-194 9.08588e-24 1.16793e-217 1.09419e-113 6.02166e-120 4.30579e-133 1.97843e-300 3.40308e-118
1.68016e-158 3.51882e-128 5.60116e-22 8.2095e-58 1.8436e-206 9.48098e-42 1.10142e-165 1.08457e-79 3.51964e-242 3.8462e-55 1.32792e-254 1.48734e-143 2.44714e-253 3.11766e-178 7.70689e-151 3.09737e-129 9.30388e-198 1.13565e-173 0.087933 2.25294e-321 1.11014e-220 5.5582e-300 1.07642e-297 1.88848e-128 1.0437e-181 8.93257e-104 4.01883e-129 2.72207e-216 4.58987e-321 7.36735e-232
3.33808e-179 3.64047e-311 2.63874e-103 7.2573e-148 2.81512e-234 1.69139e-107 1.08868e-194 5.97884e-114 4.76773e-321 1.71021e-93 2.05037e-321 2.93526e-115 1.57272e-189 1.85514e-164 1.6765e-51 1.34649e-26 0.296895 7.12368e-314 4.47561e-89 6.41646e-216 1.877e-124 8.41383e-77 2.28415e-285 4.99056e-229 2.22949e-263 4.58029e-05 9.05468e-19 3.41916e-56 3.34494e-209 5.40508e-321
1.38089e-129 5.99052e-228 9.33059e-103 2.84961e-93 9.24992e-34 1.92747e-219 4.06437e-158 2.19647e-36 1.8955e-67 0.000444727 7.44921e-172 4.13597e-87 2.87467e-308 6.54942e-191 1.48622e-40 1.63735e-226 1.83461e-240 3.33988e-321 5.37317e-175 8.96494e-254 2.93968e-206 7.13557e-88 4.38372e-130 9.48524e-54 2.27773e-209 0.10099 7.69847e-114 4.67829e-261 6.55625e-321 2.82715e-50
4.60731e-89 0.0002005 1.78437e-188 8.04985e-81 2.86309e-265 1.444e-209 3.9403e-207 1.36594e-224 3.38979e-101 3.38759e-13 1.11433e-280 1.7082e-32 1.37909e-141 1.08972e-277 4.13317e-199 2.54737e-88 2.60151e-289 2.12331e-280 3.16911e-200 0.499324 1.61714e-28 7.84808e-50 1.25987e-321 1.28219e-51 8.89473e-59 1.00141e-29 1.34416e-67 1.36157e-104 4.96162e-236 5.04441e-321
3.63786e-76 1.40323e-179 3.05376e-142 1.3502e-242 3.46553e-258 1.14831e-155 2.78464e-19 4.14413e-126 2.67708e-43 5.14309e-165 2.14078e-198 3.33311e-183 2.11212e-219 6.96076e-141 4.35242e-169 1.0125e-116 2.77051e-93 4.10997e-178 1.93018e-66 1.04966e-211 9.80669e-182 0.0878226 1.47232e-321 1.44332e-136 2.46237e-80 6.68091e-80 1.2946e-31 7.27373e-262 5.65862e-226 6.87903e-258
1.7718e-49 2.27822e-113 1.02437e-246 1.2325e-57 5.00519e-187 2.16499e-26 3.07452e-139 3.14079e-121 8.50339e-317 5.71363e-124 2.01085e-321 5.08068e-69 1.05801e-287 5.83503e-230 3.83275e-172 4.08101e-82 8.92792e-178 3.13268e-230 1.53552e-10 3.40766e-207 3.4627e-54 3.95622e-285 2.21109e-221 4.24313e-98 0.046424 1.8918e-113 1.08467e-113 1.07067e-177 7.04538e-321 1.06018e-311
4.56325e-207 9.09081e-322 3.01186e-05 1.00822e-55 8.45374e-95 1.25505e-219 5.79183e-298 3.66038e-118 4.23035e-207 1.09184e-169 6.69878e-167 0.244688 2.57643e-256 9.13309e-231 5.71019e-151 4.63725e-54 0.0316726 0.893412 3.6376e-68 1.40961e-126 1.33977e-150 1.02258e-273 0.494605 1.42781e-278 1.7371e-277 1.77059e-120 1.54141e-181 1.24024e-52 1.47934e-306 4.40028e-213
6.10735e-155 2.55952e-26 1.62327e-07 2.57249e-140 5.32418e-157 7.50809e-41 8.22953e-169 1.83473e-39 3.05023e-114 9.76466e-57 1.6225e-109 3.48062e-108 8.60153e-309 2.89497e-118 8.63528e-213 3.70479e-171 1.46132e-110 3.75285e-238 9.5325e-13 0.091751 9.7322e-117 1.40728e-25 1.73911e-321 6.34709e-191 5.94863e-122 0.850821 2.80205e-207 1.88964e-65 3.09381e-290 8.2631e-234
1.93475e-186 1.81118e-252 1.45485e-29 1.9639e-95 3.0138e-322 3.98988e-111 1.04034e-71 2.58359e-137 1.17443e-108 1.55578e-210 2.36854e-207 0.53982 1.12513e-179 3.00223e-236 4.53275e-142 6.14539e-116 7.89432e-47 2.71463e-162 1.06442e-13 2.45732e-258 2.96654e-102 0.261727 4.755e-248 1.46931e-197 7.05392e-22 4.89036e-46 1.80058e-242 0.270534 2.52641e-234 1.03623e-124
