2.70853 0.183097
3.12174e-32 4.37639e-119 1.44317e-52 3.76801e-05 2.68194e-82 2.11529e-197 2.83222e-135 4.07449e-273 1.30064e-34 0.365604 3.62676e-112 1.60216e-216 8.23508e-154 2.35751e-213 4.75669e-203 1.17494e-243 1.79709e-136 4.54452e-90 9.91517e-153 2.65532e-40 2.52431e-39 2.29977e-20 1.38004 3.43404e-162 3.02485e-187 2.57174e-165 4.22431e-153 1.36111e-119
7.11041e-275 6.69455e-54 8.31598e-213 3.47994e-211 2.10599e-90 0.922316 0.772688 0.701552 0.634555 7.09462e-52 0.0119161 0.345369 3.27424e-168 1.82528e-132 3.65139e-104 2.90051e-297 2.81134e-44 0.421318 1.19553e-169 2.75706e-89 4.60285e-161 5.9774e-39 3.53769e-203 0.344104 0.427806 0.836027 5.00006e-49 1.43656
5.92536e-35 2.76172e-84 2.37336e-93 2.66497e-86 4.81673e-76 8.9479e-79 1.24755e-264 1.27755e-281 8.51651e-230 1.59812e-146 0.36498 2.00327e-234 3.61124e-119 2.70675e-183 7.30631e-203 6.3883e-295 3.07667e-72 7.00311e-248 5.88005e-231 7.13378e-162 3.91594e-74 7.00104e-47 1.98119e-75 2.27394e-113 2.06763e-249 1.93958e-224 5.20712e-119 5.29102e-21
1.33114e-151 1.28524e-23 1.35615e-20 3.19104e-35 6.83119e-51 1.58526e-165 4.2424e-216 2.7098e-188 3.59403e-85 0.0466785 1.88547e-64 1.4969e-201 4.05149e-156 1.17898e-106 4.36033e-271 2.80138e-301 1.11392e-89 3.38565e-171 5.20229e-258 2.03148e-51 7.58566e-44 3.66861e-34 4.82545e-56 4.44207e-153 1.05603e-171 3.44621e-164 3.01971e-45 0.120915
1.90777e-83 8.50253e-91 1.70832e-95 2.82334e-76 3.51235e-166 1.80829e-156 1.40625e-188 8.24712e-230 5.49161e-185 5.64424e-150 0.152267 5.10437e-207 5.03938e-122 3.78443e-158 2.8619e-162 3.10273e-321 4.00345e-83 3.33739e-229 5.79797e-292 1.61668e-99 4.44138e-123 1.67384e-36 5.60597e-168 1.97707e-143 3.08837e-245 7.88482e-190 2.10088e-16 1.02259e-42
3.64664e-17 1.48689e-07 7.69293e-14 3.07797e-41 1.09785e-155 3.70235e-145 2.75939e-220 1.48071e-282 4.50842e-178 2.37095e-115 1.61094e-120 5.61304e-278 2.41699e-141 8.98991e-166 7.14619e-241 1.34539e-319 1.5877e-70 1.87714e-256 8.22652e-266 2.64962e-159 1.99752e-158 0.293698 2.75594e-136 7.85131e-237 2.88561e-263 4.22327e-176 4.10361e-111 7.00549e-69
1.08741e-06 6.18709e-85 5.99848e-07 2.26487e-46 5.61665e-107 4.00469e-148 3.58947e-270 2.87304e-284 3.72906e-136 1.53241e-81 1.03595e-126 3.27602e-235 3.51965e-130 6.03121e-166 3.39423e-193 2.27764e-321 3.2728e-120 3.45167e-227 6.12383e-231 2.17528e-103 2.87585e-77 0.0836881 7.75313e-230 2.46113e-171 2.71111e-258 2.55297e-206 2.8554e-150 2.15629e-31
3.06398e-52 3.27813e-32 2.01394e-42 9.22661e-105 1.80717e-53 9.34138e-70 3.58453e-219 1.84288e-301 5.35791e-123 4.39693e-38 4.3983e-42 3.18297e-192 1.30446e-60 1.02321e-153 1.97765e-281 3.75984e-321 2.17817e-23 2.7294e-109 5.62971e-125 9.52029e-124 3.40018e-160 0.228682 1.8579e-246 1.22621e-175 1.49955e-216 1.32644e-156 8.55255e-87 4.6992e-38
7.61384e-89 1.72936e-39 5.62437e-93 5.41157e-88 3.19587e-120 2.8736e-216 2.57062e-261 2.45444e-253 1.94869e-99 0.0478513 1.14262e-31 2.76336e-218 4.02201e-68 9.97624e-126 1.33122e-228 3.25095e-321 3.16754e-68 6.68065e-171 3.74648e-184 3.83551e-178 9.53465e-51 9.64185e-06 1.2306e-91 1.25068e-190 6.09319e-142 3.58415e-210 1.74483e-132 4.85845e-24
8.50362e-73 2.6539e-42 1.03993e-90 4.65069e-131 5.09187e-164 5.14815e-190 1.36088e-122 4.4286e-235 4.92028e-229 4.29972e-06 3.89939e-98 1.14532e-277 1.70878e-148 3.6096e-200 7.79445e-152 1.20173e-210 0.332451 3.70061e-197 1.3335e-148 7.31089e-144 3.39799e-156 3.00489e-26 2.05314e-169 2.12684e-41 5.48895e-78 4.78692e-165 0.134377 2.2718e-60
1.91777e-123 8.80345e-90 4.3103e-67 3.69004e-23 2.02262e-147 9.77554e-87 1.8709e-256 5.53609e-208 5.22284e-111 3.64604e-172 0.60031 1.97373e-161 6.70083e-111 1.78023e-186 3.59757e-280 2.86064e-321 1.18715e-97 6.37982e-226 1.47686e-263 1.58318e-186 1.25026e-124 0.452012 2.06022e-173 4.02886e-224 2.60809e-148 3.30469e-177 2.25498e-80 2.44915e-105
1.88665e-18 2.60848e-11 3.35701e-69 3.06521e-65 2.09778e-186 2.72012e-180 1.4839e-210 2.65076e-239 9.43307e-232 2.16809e-138 2.61008e-45 4.77569e-243 7.74529e-110 1.39163e-157 3.33098e-196 8.64121e-320 5.33054e-116 5.67309e-203 1.19855e-283 3.75943e-145 6.40783e-143 0.865238 3.3854e-213 1.629e-252 1.17276e-198 1.94559e-173 3.04469e-95 3.58118e-97
0.00569521 0.000688727 0.00174998 0.0128479 1.3871e-206 4.53296e-218 1.97394e-269 2.09533e-320 5.22632e-230 8.30904e-194 5.74423e-150 6.47761e-282 9.70945e-173 1.36944e-221 1.94641e-281 4.94066e-323 4.91026e-137 1.37332e-262 5.68955e-306 3.29641e-186 5.6503e-170 3.13292e-63 1.10969e-253 2.62577e-279 8.76366e-274 2.50015e-233 1.18149e-158 5.54533e-143
6.33864e-214 1.60639e-80 4.86516e-68 1.26458e-33 0.422612 2.2922e-161 5.60497e-17 1.06325e-289 2.35955e-113 1.62361e-47 2.5307e-53 3.98405e-19 0.275346 0.272292 0.719879 1.75342 3.41888e-121 7.98677e-132 0.162492 0.598623 0.338451 8.92953e-40 2.78117e-88 3.71343e-29 1.56863e-222 0.114689 0.0469269 1.59782e-135
3.40065e-202 1.02369e-59 4.56027e-132 2.44689e-11 3.62864e-74 6.59706e-65 1.53185e-237 4.82636e-86 1.63085e-214 1.86335e-160 2.56355e-76 2.404e-132 4.45917e-22 3.40816e-199 1.36082e-176 4.87149e-321 3.13083e-43 9.32134e-58 1.84004e-141 5.03172e-14 5.49512e-30 0.455392 6.87437e-17 5.00907e-257 2.54102e-66 8.93044e-77 5.35362e-46 5.79776e-54
