1.60442 0.136869
0.0159587 0.00756481 3.45934e-07 0.0897545 1.68604e-14 0.000128644 0.000467724 8.24512e-168 1.42588e-141 2.40181e-104 1.98119e-220 1.79459e-70 1.61983e-81 5.62593e-120 7.86559e-204 5.11491e-131 6.76603e-194 1.1637e-192 3.15897e-118 5.26166e-100 8.24737e-140 3.98373e-104 1.20409e-128
1.04339e-69 4.0267e-43 1.12106e-08 2.87371e-49 3.03052e-15 0.19172 1.49833e-47 9.67431e-89 1.15729e-127 9.69241e-45 1.3286e-220 0.10515 3.36139e-05 4.47801e-105 4.93297e-185 3.4148e-93 4.65432e-109 2.28552e-159 0.0223688 5.09742e-46 1.36772e-123 3.4575e-85 1.80015e-119
1.45428e-151 7.35672e-74 1.51785e-109 5.80589e-19 3.2576e-54 1.53153e-34 4.61132e-138 2.93602e-135 1.66474e-12 0.0215976 9.23011e-198 9.47341e-48 1.79245e-70 0.104854 0.137976 2.78312e-27 1.22405e-58 0.23316 4.40125e-111 1.50268e-79 0.0484488 6.83317e-111 5.49612e-21
2.79669e-40 3.32404e-75 1.33068e-31 2.57234e-77 2.71433e-72 2.19185e-41 4.64682e-96 1.01704e-59 3.68449e-45 1.38634e-78 1.60505e-107 6.98587e-73 3.10234e-54 1.41887e-88 2.49682e-200 7.98878e-82 8.38291e-195 3.95865e-146 0.085934 6.81698e-72 4.18344e-81 3.96928e-71 6.10772e-71
1.9143e-157 1.47028e-76 8.36332e-94 5.42304e-129 6.57455e-62 1.56936e-118 5.68604e-47 1.48542e-55 1.67746e-89 4.9148e-72 0.188049 3.50599e-54 1.69257e-58 5.37792e-22 2.67948e-196 3.75116e-38 1.67515 4.30611e-88 1.86619e-106 2.44104e-26 2.97284e-103 3.91758e-29 0.128623
2.76912e-69 1.38739e-30 6.28692e-22 9.84039e-26 1.60434e-43 1.40907e-74 4.7237e-127 3.40272e-70 2.19513e-136 6.94075e-65 1.69826e-46 2.22969e-20 0.0279949 8.02452e-82 2.41639e-174 1.28522e-06 1.58037e-138 2.5255e-103 1.13893e-31 7.21911e-48 0.000292297 0.0956009 5.70496e-136
2.61841e-43 1.12066e-32 5.0182e-33 3.05871e-100 0.184026 1.36188e-60 4.2237e-31 4.45302e-61 1.24116e-64 0.307791 4.53972e-229 6.09416e-65 1.72697e-62 1.08255e-73 3.67204e-203 0.0832591 2.31394e-64 2.70869e-77 7.33607e-19 1.66567e-58 1.0957e-69 1.11245e-37 7.5992e-87
8.10041e-31 2.80188e-106 1.14092e-53 1.17455e-132 3.53025e-55 5.95814e-114 7.28829e-140 2.23458e-75 0.231851 8.12845e-51 4.42217e-54 1.37781e-39 7.74546e-67 1.51489e-69 6.71956e-74 2.56885e-35 6.43095e-127 5.78962e-163 0.212212 0.174804 2.71485e-131 0.248577 1.26283e-16
3.55923e-131 7.40775e-64 0.122004 8.87247e-53 3.76543e-64 3.1127e-76 4.53878e-124 0.0624033 1.6653e-155 1.25378e-45 1.56884e-184 1.44174e-48 0.404798 1.14654e-70 2.45004e-191 6.62053e-78 9.80302e-149 1.53115e-180 2.7545e-10 7.66915e-107 0.145785 7.23859e-26 4.42554e-139
