7.00384e-115 9.83191e-322 5.00178e-103 5.19246e-19 2.16452e-53 0.457935 2.43746e-251 1.61508e-302 3.63e-262 3.40688e-227 0.424176 7.16622e-163 1.59717e-131 4.51715e-132
2.37324e-222 7.65802e-322 4.7489e-59 2.1936e-157 1.90763e-79 0.23061 1.54825e-206 6.15796e-46 3.38579e-281 3.9986e-160 6.01647e-140 1.1086e-170 1.99222e-227 1.77877e-165
5.48043e-65 6.67842e-237 7.18225e-70 1.12593e-155 1.11345e-156 1.15817e-315 0.306488 8.44761e-306 8.26318e-36 9.39229e-148 3.24825e-13 2.73643e-134 4.13747e-284 4.96827e-05
2.94787e-164 2.56479e-123 1.44072e-93 9.77353e-152 0.452631 2.70905e-261 1.33609e-87 2.31774e-44 4.62868e-68 7.68584e-103 4.8991e-210 5.10948e-78 1.13868e-91 8.65993e-14
4.52533e-241 5.41793e-175 2.45116e-146 0.00585953 1.31398e-95 6.90861e-308 5.66817e-05 2.08379e-216 2.15431e-300 1.24913e-193 1.322e-43 6.83161e-48 2.49755e-208 4.72885e-41
1.28332e-76 7.21336e-322 2.01181e-180 0.0976589 5.41188e-261 5.34244e-283 6.0929e-119 8.2935e-301 0.132514 3.23825e-138 0.820623 1.25952e-79 2.50867e-233 8.79998e-155
9.55201e-165 6.17582e-322 1.51777 2.92773e-68 2.16597e-86 2.86558e-321 2.4727e-48 1.52586e-09 2.25604e-173 6.56157e-128 4.21999e-214 0.410476 8.52815e-15 7.51496e-08
1.18016e-29 3.34008e-78 0.530649 4.28248e-69 1.89664e-219 9.16398e-169 1.74788e-66 5.70662e-141 4.88919e-159 2.84823e-223 1.49716e-171 7.79117e-21 4.33722e-60 1.70529e-10
3.17298e-249 8.68193e-309 7.49832e-145 4.8759e-172 3.31818e-275 7.1759e-265 4.48738e-198 7.46492e-272 1.47373e-290 2.16465e-279 7.8938e-154 2.51503e-204 1.32249e-264 2.20933e-108
6.3301e-179 1.74754e-250 6.41275e-79 8.57856e-135 0.0601867 2.15218e-52 3.10039e-147 3.62071e-23 1.1614e-37 1.99229e-138 5.47337e-156 1.80049e-71 0.34531 1.95991e-90
6.41239e-213 6.86751e-322 3.46243e-87 1.57928e-81 0.0854184 1.76249e-224 1.82213e-253 1.93641e-84 9.78535e-101 8.21852e-147 0.206935 1.02125e-150 6.55392e-88 4.74689e-91
9.15728e-184 5.78057e-322 3.11658e-160 1.97634e-157 1.17082e-21 4.98203e-119 2.29199e-174 1.1857e-98 3.09662e-317 1.67834e-184 4.8827e-125 3.89465e-213 5.41939e-111 0.0182705
1.20032e-114 7.21336e-322 0.218332 5.21264e-149 1.86585e-156 1.15732e-101 2.45292e-59 9.80042e-25 3.64998e-203 2.30723e-61 0.294829 7.64563e-15 5.32953e-258 5.53202e-12
0.396371 1.00855e-167 5.72997e-81 6.7127e-142 4.32077e-163 2.65807e-321 2.92053e-125 0.890305 0.858267 1.41132e-219 3.62342e-108 8.71309e-152 0.0175501 8.21914e-17
1.47308e-130 0.219622 8.63174e-141 0.0779829 6.75444e-239 3.23495e-254 1.24323e-262 4.78436e-21 7.32185e-42 0.413195 2.4781e-41 5.05568e-166 3.44892e-76 1.71191e-26
2.53824e-104 1.24058e-298 3.14839e-150 1.24128e-169 6.40469e-174 2.2727e-321 2.6139e-39 1.5907e-55 8.9431e-270 2.04212e-224 9.14137e-20 0.00462413 3.99261e-209 0.359711
7.69855e-111 4.21172e-244 0.00629033 0.060605 1.43735e-246 7.47521e-266 3.13203e-190 1.74705e-49 2.5864e-248 1.59732e-166 6.04378e-191 1.00673e-190 1.11253e-198 5.62464e-56
7.83597e-85 6.7687e-322 1.43383e-57 1.67018e-106 7.45664e-104 1.99752e-169 4.73525e-197 2.28149e-191 2.01624e-230 9.88773e-253 0.000246117 1.6386e-105 2.66939e-282 0.0550673
0.0287541 1.6106e-60 9.48286e-96 1.21596e-152 7.97361e-42 5.09243e-10 1.16115e-181 3.43971e-190 2.65945e-280 3.87021e-234 1.3819e-201 4.04946e-41 0.129984 1.45396e-83
4.96104e-41 9.14021e-322 6.30118e-122 2.10131e-135 4.10989e-200 1.30747e-65 0.0795327 3.30053e-94 4.75318e-95 3.80293e-23 8.69331e-153 4.38074e-88 9.12453e-40 6.63624e-126
