2.42092e-322 2.5206e-156 4.15651e-90 1.0326e-321 2.45928e-265 1.8991e-194 1.81998e-05 5.22227e-321 4.04576e-230 0.337298 7.94542e-130 1.0164e-86 2.53103e-40 1.50053e-183 2.33428e-74 1.16934e-89 7.28556e-118
2.83202e-82 6.12485e-160 3.8783e-260 3.53375e-290 1.76945e-113 3.14226e-321 5.04441e-321 7.03517e-296 1.0508e-213 8.0167e-128 8.49208e-48 1.48155e-164 0.000547769 4.50336e-179 3.23125e-278 3.91302e-235 0.186836
2.96439e-322 6.53155e-321 0.116503 7.90505e-322 1.37346e-197 4.44659e-321 1.06983e-158 1.21742e-278 1.90276e-108 2.71852e-262 7.84561e-10 7.2769e-192 7.68203e-303 0.311418 0.00387922 1.52207e-162 8.30801e-123
1.03338e-310 7.61849e-321 5.04905e-115 2.38012e-145 5.78747e-251 2.51723e-97 7.94533e-18 1.65512e-321 9.22028e-74 0.327653 5.3197e-148 0.491196 3.53267e-104 1.13141e-321 2.62765e-166 1.08669e-267 1.15074e-39
2.42092e-322 6.53155e-321 0.0281804 9.7142e-154 2.45299e-315 0.777722 0.487809 1.0109e-172 6.97364e-260 7.75998e-146 0.0660989 1.59229e-194 8.15206e-84 9.62909e-183 5.11512e-273 4.57944e-250 2.48504e-201
2.32731e-50 6.80822e-321 3.3053e-321 8.20149e-322 2.4222e-97 1.24099e-128 1.01026 2.3397e-241 3.34241e-77 2.19011e-237 7.31459e-35 2.05137e-273 2.78144e-199 1.58308e-174 7.5675e-296 1.24338e-240 5.80132e-49
5.37752e-207 1.52849e-80 1.2962e-161 6.93091e-205 2.74714e-36 3.33988e-321 2.95754e-315 5.96555e-290 8.95503e-294 5.39796e-304 1.0382e-15 6.70858e-305 8.59456e-118 9.66234e-214 1.7975e-246 0.213673 9.07251e-22
2.47033e-322 3.95949e-162 4.33916e-63 7.75683e-322 1.00468e-319 2.90017e-321 3.73924e-140 1.44182e-281 5.8626e-308 5.53559e-32 0.072573 1.4558e-308 1.63988e-173 2.01851e-165 6.30073e-292 4.19399e-66 9.63862e-83
0.0547208 1.97269e-285 1.39369e-96 5.73116e-322 2.86558e-321 2.60488e-107 3.49353e-296 1.16105e-321 3.15214e-321 6.50792e-314 0.241601 5.29526e-113 5.77653e-65 9.33784e-322 4.26373e-201 1.3685e-137 9.11956e-107
1.92254e-102 5.93867e-321 3.52861e-37 8.49793e-322 3.82085e-39 3.29048e-321 1.38851e-29 3.56603e-152 4.31319e-321 0.0135324 1.23779e-90 4.31555e-316 0.00156525 1.082e-321 2.77324e-82 8.51641e-179 1.88293e-108
4.83689e-83 1.65138e-138 3.64743e-255 7.70742e-322 1.58442e-195 2.94957e-321 4.05134e-321 7.80615e-299 1.64687e-260 8.25235e-161 0.217501 2.56136e-154 1.29522e-223 2.37508e-312 2.96105e-101 1.39076e-172 6.64822e-210
2.13669e-208 1.64256e-223 9.53105e-237 8.81881e-184 6.33329e-126 1.88462e-88 5.44518e-10 1.5069e-321 1.37029e-289 6.20398e-183 1.45654e-185 1.86876e-305 2.25042e-24 6.92562e-165 1.01336 2.85809e-12 8.90101e-100
2.47033e-322 3.0321e-181 0.74024 0.373792 1.15289 6.36357e-321 5.845e-173 0.585644 1.27632 1.5995e-190 1.3391e-172 8.87613e-44 1.08506 1.84781e-321 1.32855e-249 3.20296e-56 1.33583
0.000628801 0.144833 2.554e-317 5.92879e-323 3.06321e-322 2.61855e-322 5.13828e-322 1.23516e-322 2.91499e-322 2.86558e-322 1.09158e-190 1.82804e-322 1.32904e-321 8.89318e-323 1.53224e-289 1.38063e-252 9.43716e-210
2.76677e-322 1.3903e-58 3.45352e-321 4.12563e-257 3.22533e-297 3.2806e-321 2.04597e-28 2.70025e-221 1.28307e-92 0.0510185 9.36474e-133 7.99048e-29 9.60155e-285 1.05623e-130 3.86118 1.96167e-70 7.05621e-173
3.35965e-322 6.17582e-321 3.15977e-194 8.62506e-220 2.07572e-102 0.0646418 1.02467e-82 1.72377e-204 1.14739e-173 4.77188e-229 2.17643e-53 4.17015e-276 4.23977e-279 9.63428e-322 3.6759e-227 5.36118e-71 7.41784e-151
2.66795e-322 6.01772e-321 0.0827144 6.32404e-322 2.72562e-156 3.35471e-321 3.71472e-190 1.34724e-282 3.56715e-321 6.44138e-51 7.11642e-136 3.39232e-81 8.83292e-151 9.04395e-144 9.89171e-240 0.155996 6.15328e-170
