3.01874e-58 3.11824e-142 0.047283 2.9747e-147 8.91191e-200 1.98341e-23 7.70899e-179 2.2684e-67 9.73146e-175 3.02186e-23 9.21549e-37 2.77346e-108 2.94969e-198 3.52336e-116 8.87281e-104 1.64357e-262 2.86787e-251
9.21836e-166 8.69306e-119 5.16772e-144 2.14273e-217 1.861e-135 7.03919e-23 1.90081e-59 1.2602e-90 0.11808 3.61118e-74 1.1613e-189 4.32435e-110 1.3698e-75 1.92455e-217 1.17013e-106 4.86843e-89 7.16395e-322
1.90835e-30 2.68657e-93 7.28625e-107 1.5945e-212 0.54354 1.98934e-39 1.0078e-253 4.37563e-13 5.25199e-160 0.244899 3.88156e-261 4.84248e-129 1.54931e-37 5.09238e-172 0.0634547 2.60123e-231 1.49461e-162
6.18524e-11 2.00158e-75 3.5704e-132 8.41206e-179 7.32393e-134 1.65662e-120 3.35505e-123 1.44015e-142 3.33099e-111 0.0763038 1.4142e-201 3.99342e-224 4.74445e-216 4.96468e-140 7.99617e-70 3.21341e-208 4.52582e-220
3.90539e-16 2.29033e-162 3.86039e-31 2.31708e-73 7.65493e-237 0.107811 5.8602e-82 1.20023e-199 5.36928e-190 2.4428e-143 2.8991e-08 1.1381e-72 4.58939e-164 3.20119e-70 1.79887e-76 1.08574e-95 1.41988e-175
2.20443e-49 1.31582e-84 0.267179 0.0511134 1.17884e-251 1.43372e-73 1.72098e-94 4.44279e-143 1.23912e-208 1.10174e-42 3.95839e-33 2.3359e-39 6.66995e-53 1.55144e-102 1.06617e-06 2.68576e-236 6.27463e-322
1.52296e-123 6.2643e-43 7.25023e-104 5.33989e-63 2.58067e-235 8.10671e-115 8.3872e-212 6.32465e-57 3.98979e-38 2.42357e-32 3.64133e-87 1.02207e-124 2.44968e-160 1.62233e-185 0.860043 1.89639e-212 5.2371e-322
3.01873e-98 1.3894e-83 1.23205e-162 1.25308e-146 1.29877e-122 2.1967e-19 4.31068 1.45314e-215 0.0967193 2.68274e-121 1.83559e-71 6.47752e-76 1.17736e-54 3.86836e-238 2.25352e-19 2.50446e-59 4.80973e-213
5.47747e-133 4.67373e-167 1.13877e-82 6.70724e-127 1.91988e-32 2.55981e-86 2.24077e-174 2.41364e-117 4.02635e-60 9.77976e-27 6.56015e-166 1.35653e-150 4.27589e-107 1.01241e-192 3.76387e-57 0.295644 8.10268e-322
1.38969e-178 4.68902e-40 1.38462e-83 3.82316e-126 1.02331e-195 1.35299e-37 3.11311e-111 1.07892e-228 3.62109e-50 3.95092e-16 0.158083 2.26394e-10 0.000387022 2.76392e-238 0.00298154 4.8312e-126 7.31658e-133
4.22675e-61 2.50401e-63 0.407092 1.7362e-59 3.05697e-193 0.288863 2.82093e-192 1.76043e-111 5.45618e-228 5.87909e-94 9.22562e-131 1.8722e-132 4.20723e-131 2.22312e-69 1.47292 7.23316e-41 7.60861e-322
3.59951e-18 3.3632e-110 8.25391e-167 4.72955e-203 8.89769e-160 2.29911e-87 3.29995e-183 5.53296e-31 2.98101e-179 0.0397833 2.05082e-220 1.10061e-93 0.602584 1.58514e-130 1.13837e-72 5.8938e-162 0.286881
1.65373e-169 4.33911e-124 1.32951e-129 1.32653e-145 3.67553e-104 2.95943e-07 7.0005e-247 0.107934 2.33029e-194 5.04542e-60 6.44202e-63 3.50186e-91 1.0764e-87 2.3649e-146 0.0138543 3.93706e-135 1.41739e-178
5.11951e-57 3.60783e-134 2.76316e-28 3.08981e-178 6.0192e-64 3.79455e-121 2.13896e-216 1.51626e-100 0.077486 1.08033e-100 2.09091e-138 3.8718e-234 2.4856e-55 7.90919e-243 9.05092e-16 9.08608e-47 6.48715e-268
0.00227514 0.00104896 4.40023e-182 3.59342e-221 8.80522e-261 4.84169e-144 2.79273e-264 6.22983e-261 5.46036e-229 5.87304e-148 4.41017e-290 1.60228e-236 2.22575e-225 1.55362e-248 5.08966e-134 1.91505e-266 4.94066e-324
1.3538e-142 1.73968e-92 3.26685e-129 0.188857 2.11161e-247 1.96238e-124 8.98624e-126 3.58077e-157 6.15085e-128 2.67939e-63 4.14212e-272 7.7841e-99 4.63624e-71 7.3976e-218 1.48732e-61 1.04437e-197 8.83016e-227
1.67184e-136 4.33672e-131 3.53162e-166 1.79586e-202 2.33994e-133 1.4922e-96 1.877e-168 1.91532e-12 0.275829 6.4922e-92 0.462116 0.509483 0.000415425 0.234992 9.30009e-124 9.62799e-18 3.53765e-311
