8.20567 0.116923
1.31558e-89 4.71508e-68 9.34841e-17 1.3431e-23 8.70531e-92 4.20181e-61 1.40924e-05 1.43842e-87 5.6896e-26 7.30208e-44 0.116075 2.19154e-124 0.0945209 0.0792079
3.87369e-120 4.3659e-118 9.53656e-58 1.07065e-82 7.06618e-36 1.55374e-59 0.352351 1.02992e-98 3.65966e-78 2.73621e-21 1.30335e-168 5.71389e-115 1.38962e-162 1.81423e-105
3.08763e-128 7.13867e-122 1.74978e-73 0.00256949 1.01716e-108 0.158234 4.06991e-68 0.209203 1.00342e-80 0.0652999 9.54549e-169 2.78074e-114 8.13297e-78 1.63074
5.72484e-117 9.04358e-28 7.57381e-75 2.64987 1.36597e-102 1.11606e-21 4.10779 1.86048e-45 4.33676e-52 9.29508e-103 8.1221e-146 5.87541e-70 6.24049e-94 2.46648e-126
9.36518e-132 9.03126e-64 0.00167926 0.019252 0.0310722 4.14804e-18 1.84193e-46 3.48315e-94 3.68082e-69 8.95613e-89 9.76702e-136 4.4334e-71 1.15052e-83 8.90647e-153
1.10947e-29 2.54064e-07 1.0276e-53 1.82515e-83 9.55231e-23 3.2777e-79 2.65226e-38 1.91303e-122 0.294844 8.22987e-107 3.59824e-40 0.0919593 1.73332e-89 3.49178e-16
2.483e-110 1.72683e-44 6.33679e-75 0.0323862 1.057e-101 1.47677e-52 3.55445e-63 4.41605e-41 1.68636e-58 7.76828e-92 7.96809e-156 8.18438e-78 2.01363e-71 1.16674e-57
7.61471e-99 1.14169e-125 7.96217e-83 9.54817e-49 3.78072e-98 1.75155e-75 0.0178851 6.87749e-115 3.74997e-62 5.21411e-57 1.47094e-162 1.08115e-151 5.33475e-135 1.10608e-103
2.34939e-45 4.93367e-66 3.73072e-39 1.372e-54 1.35976e-100 1.07144e-86 0.0392176 3.3315e-24 6.35889e-100 1.41015e-38 6.21561e-99 4.27405e-49 4.63184e-100 4.54548e-149
1.28026e-76 1.76348e-57 9.78299e-64 2.09766e-91 3.76971e-63 6.9431e-13 3.15448e-22 1.61406e-27 3.18046e-47 0.151289 1.88232e-62 2.51834e-79 8.66542e-50 1.82946e-98
0.0853407 0.0548164 0.0838223 9.10988e-25 4.81933e-28 1.06489e-44 1.11536e-29 1.25114e-109 4.86723e-59 7.55371e-106 3.28386e-95 0.0131569 2.4084e-57 6.90607e-119
3.00863e-114 1.16556e-117 5.32114e-66 5.23127e-88 1.80017e-66 1.46632e-38 2.19938 2.84645e-115 6.64819e-56 1.95298e-75 4.44897e-85 4.04916e-135 1.3199e-162 6.80925e-79
1.62312e-111 3.91209e-40 1.48962e-51 6.37001e-22 0.00248681 7.20252e-82 9.06167e-50 2.06512e-12 1.83479e-65 6.01997e-69 2.54446e-174 2.14052e-142 1.25463e-66 3.69451e-74
4.398e-101 4.64675e-95 1.05745e-62 4.40477e-96 1.66501e-56 1.59783e-68 0.330046 6.86317e-52 2.06182e-66 6.34514e-88 1.34938e-141 1.56632e-65 2.28316e-140 1.88168e-99
