3.37935 0.138386
1.11469e-90 3.17879e-28 5.48091e-108 3.89562e-48 1.97929e-112 0.114999 3.26429e-76 0.0189295 3.76525e-146 1.02943e-75 4.07741e-59 1.00311e-135 2.21485e-99 3.18901e-148
0.159225 6.6272e-77 3.00051e-128 5.15851e-52 9.612e-28 1.66306e-60 1.43361e-86 1.53025e-59 3.22423e-128 1.59434e-165 3.91399e-68 9.24807e-38 2.35412e-131 5.66937e-16
1.24344 1.30034e-91 4.63596e-128 1.25669e-138 5.02426e-117 3.78314e-74 1.43871e-127 0.723806 1.47545e-152 3.72548e-24 1.72025e-88 0.712544 1.08375e-124 3.75009e-69
2.86752e-59 1.67747e-103 7.6713e-70 2.14834e-133 0.261258 1.56702e-105 4.29014e-72 1.59937e-75 1.57929e-156 0.0550582 1.69414e-83 2.67125e-50 6.02375e-127 5.97939e-16
0.492763 1.17943e-103 2.65408e-69 8.19712e-63 4.20789e-109 1.08816e-51 5.12665e-166 3.27776e-30 5.26991e-56 1.26519e-59 3.82361e-24 4.62421e-100 6.40861e-115 1.40587e-104
7.88295e-56 1.74923e-09 3.72198e-128 1.92706e-56 5.37913e-28 3.86345e-94 3.54248e-49 3.66667e-61 0.149252 2.51182e-09 6.59227e-95 5.87028e-108 0.0471616 0.188161
1.75291e-06 9.37374e-98 1.04998e-63 3.23302e-10 1.11355e-48 1.20629e-84 4.72408e-127 0.0517968 1.20611e-82 9.53677e-146 0.203175 3.06606e-30 1.96613e-20 6.05238e-24
1.35564e-12 9.8435e-130 6.95249e-117 0.101473 4.03159e-87 0.0347101 0.314316 9.09406e-47 1.21555e-113 5.87734e-87 1.71636e-103 1.40239e-118 0.000214362 2.94045e-36
8.59547e-59 0.0793645 4.28899e-60 2.27033e-116 9.91369e-82 5.17853e-85 1.66288e-47 4.16666e-24 0.355828 1.16925e-65 0.00651028 6.40077e-23 1.67272e-110 6.06352e-89
0.0789907 5.56055e-128 1.73611e-149 2.09229e-90 1.2851e-32 5.19901e-56 1.09054e-89 1.17696e-62 4.36717e-111 2.10882e-101 4.07638e-57 0.0251531 9.58605e-68 1.96574e-78
0.723498 1.1683e-136 1.56603e-45 4.23895e-68 2.53978e-46 1.4859e-84 2.06927e-96 9.92992e-63 1.23288e-167 9.49765e-145 1.4575e-10 2.22752e-16 1.01334e-147 1.79847e-53
1.5414e-55 4.52297e-57 6.14488e-82 6.2297e-45 3.43665e-56 1.96788e-47 8.34442e-65 4.2765e-57 2.418e-110 4.62953e-118 1.60968e-68 0.0134477 1.15591e-87 9.75587e-63
2.61127e-60 8.63351e-112 2.37564e-70 1.46257e-45 8.94457e-37 1.36682e-45 3.75197e-126 0.181107 2.92959e-75 8.54068e-137 9.16207e-120 6.31109e-81 6.21293e-112 6.38628e-76
1.22106e-57 9.49214e-113 0.0975297 3.89358e-133 6.01829e-100 4.96918e-97 2.41055e-66 2.52949e-41 3.44964e-147 1.50003e-118 0.015364 1.48922e-16 1.70741e-59 5.469e-19
