8.38144 0.0922232
6.34783e-23 3.53216 0.192227 0.0295013 3.10052e-122 4.6013e-55 4.60372e-66 9.16987e-51 3.85896e-59 2.35986e-18 2.60778e-52 5.87505e-72 0.345114 1.46204
3.42734e-05 7.82083e-34 1.35675e-55 2.24334e-46 5.96969e-150 8.25327e-63 3.26587e-10 0.0225676 2.58079e-34 4.13398e-52 1.31352e-27 1.42738e-87 9.22653e-114 1.54909e-21
1.76001e-76 0.318635 6.1136e-112 1.5955e-101 3.08527e-140 1.49447e-35 3.65161e-78 3.45838e-71 3.23616e-55 1.34216e-46 1.94676e-58 4.38014e-152 2.65972e-114 5.7921e-26
8.32929e-69 2.8884 4.47598e-25 7.91556e-54 0.171311 2.5848e-17 9.44093e-44 1.56902e-55 2.05861e-48 7.79192e-46 2.58401e-18 0.495821 1.57236e-12 2.65849e-52
1.55663e-26 0.877319 3.82239e-103 5.1069e-99 1.37067e-118 2.34926e-51 7.44779e-19 1.62727e-13 0.0539713 3.86859e-65 6.31831e-09 7.57168e-119 1.24595e-51 1.71104e-38
1.11495e-28 0.0665991 8.80734e-85 1.15393e-105 6.19483e-158 2.34366e-45 2.3333e-15 4.67482e-67 1.2958e-15 1.31484e-13 5.77478e-43 1.26788e-106 5.99655e-100 1.92371e-74
0.0711393 0.0291946 5.63806e-94 2.03615e-83 1.19746e-143 8.73279e-29 1.08677e-39 1.64571e-20 1.78286e-52 1.88424e-54 1.54224e-37 2.79201e-110 6.48795e-56 4.91562e-25
8.38434e-79 0.250185 1.14219e-86 2.25541e-89 3.00679e-139 5.6548e-15 6.66945e-32 2.50027e-69 4.14456e-26 0.0756726 1.27424e-27 1.36936e-74 3.95174e-123 0.144555
4.83696e-26 4.4309e-13 4.18672e-110 3.70903e-100 2.94148e-72 8.58957e-06 0.0447571 0.0245512 4.75904e-67 1.31774e-52 5.44508e-07 4.30372e-156 1.5321e-53 5.92533e-55
3.45833e-76 6.64365e-28 2.45951e-61 9.11305e-102 1.48018e-68 6.67131e-47 1.48573e-11 9.14013e-63 0.0153973 7.83919e-39 1.50235e-83 1.00347e-86 2.81194e-50 2.83523e-30
2.30242e-15 0.0665112 4.08887e-67 7.17815e-108 4.46351e-112 2.45633e-32 1.49056e-55 2.25503e-63 1.51429e-11 2.32134e-28 1.12987e-89 5.49901e-116 4.60554e-70 1.09934e-15
0.351274 3.43329e-10 1.38719e-97 1.32418e-48 4.86583e-75 2.24775e-59 1.62485e-48 3.9767e-61 1.33233e-66 5.8428e-50 2.09588e-65 1.19328e-106 5.43137e-99 3.2906e-15
0.132202 1.92566e-46 3.60691e-58 1.46149e-65 2.13306e-152 2.63383e-22 4.8237e-49 3.15048e-49 0.000321717 0.00964921 0.10923 5.72849e-58 1.41515e-101 3.6887e-32
1.87995e-37 6.43009e-19 1.28463e-92 1.75302e-81 8.50126e-160 0.0139632 0.135078 1.58553e-32 2.06798e-64 0.000150479 6.09603e-19 6.14505e-149 6.46729e-99 2.18106
