1.97057 0.25634
2.12183e-59 2.03002e-111 3.67025e-88 9.63568e-127 1.86573e-143 5.32084e-293 9.92361e-100 2.63097e-97 1.58431e-164 3.08225e-164 6.89472e-35 4.62116e-143 1.04166e-278 3.02459e-123 5.88439e-71 1.90706e-192 3.68465e-55 2.14024e-43 1.3522e-101 0.00520075 1.14357e-142 0.153362 1.99347e-164 6.06766e-102
0.0146016 2.71424e-16 1.26208e-07 2.17314e-09 3.37811e-21 2.08592e-41 5.82678e-07 0.0954283 4.02039e-138 3.98967e-268 2.98816e-180 8.72331e-243 4.69362e-322 1.98826e-278 2.13219e-247 6.93848e-266 5.49912e-210 4.16236e-220 1.06165e-288 3.21879e-294 9.01925e-214 2.95928e-215 8.47977e-176 3.07342e-189
1.52187e-131 1.75204e-91 2.06512e-134 2.15725e-83 1.47021e-222 1.15743e-48 1.52256e-49 1.18354e-215 5.60137e-159 2.00967e-102 1.28771e-17 0.24249 4.3019e-118 3.32876e-26 6.43996e-241 3.64525 3.01291e-66 0.854181 1.51678e-321 2.46192e-182 7.14385e-71 2.10843e-38 1.22752e-167 9.81341e-195
2.82449e-166 3.62527e-36 5.24892e-51 0.0106479 4.47427e-284 1.07727e-100 8.56562e-155 4.83529e-191 1.1539e-129 6.4859e-219 4.29816e-98 2.11862e-117 3.51961e-62 1.53676e-237 9.66508e-232 1.71025e-249 7.70026e-173 1.01461e-118 2.39872e-245 9.18478e-248 2.11378e-122 2.87825e-89 0.0967056 6.49481e-77
1.52156e-53 8.93052e-209 3.24234e-136 7.84436e-251 8.2509e-322 5.8903e-173 2.52638e-56 4.06171e-287 8.15665e-29 1.76359e-39 2.79653e-192 5.17015e-205 7.71388e-27 0.329267 2.79346e-120 7.35123e-223 1.44589e-38 3.3301e-96 6.39509e-102 9.31848e-39 1.80521e-98 2.14705e-127 1.07176e-49 2.00665e-123
1.31703e-174 4.21656e-161 1.21851e-161 4.36296e-84 7.77638e-132 5.63235e-322 8.1592e-06 3.78691e-206 7.42725e-26 4.00264e-268 0.5325 1.67883e-159 3.79668e-178 1.73357e-157 2.9644e-249 1.19494e-34 1.03763e-107 1.51422e-40 6.85529e-232 1.09018e-243 2.71333e-224 6.23365e-109 5.24405e-68 1.67818e-17
6.46132e-129 4.99602e-17 2.11442e-11 1.20893e-191 1.75462e-72 1.07909e-166 5.00058e-110 4.36595e-37 9.47205e-77 3.08848e-191 7.81591e-28 2.93539e-148 5.97585e-313 1.13431e-36 3.62604e-125 5.0958e-156 1.84895e-137 8.84547e-135 1.11853e-127 6.86804e-317 2.79915e-64 1.08956e-122 5.0266e-21 0.202014
3.26538e-165 3.94934e-135 4.92499e-33 5.21165e-193 4.71482e-17 0.0539247 3.60177e-294 4.88125e-305 7.84956e-06 0.495531 2.53365e-12 2.67117e-220 0.868364 2.3306e-05 0.524875 6.20192e-220 8.6537e-96 5.04733e-10 1.81322e-236 0.74003 0.468478 1.57688e-163 9.20564e-26 4.63158e-149
2.4682e-69 6.68413e-111 5.81427e-139 2.33386e-221 2.89596e-38 3.68701e-290 6.77284e-55 1.74453e-265 0.446597 6.56656e-208 0.352347 1.28382e-236 5.81848e-127 4.81481e-167 8.97966e-248 3.30453e-202 4.02001e-27 2.35807e-60 5.03124e-308 2.00532e-271 1.3772e-156 1.95705e-20 4.77611e-115 9.74351e-15
3.80288e-89 6.69871e-241 1.06365e-106 3.10282e-43 0.15886 8.77937e-292 2.93966e-174 3.12259e-214 6.62823e-108 5.5579e-239 1.04924e-166 1.18188e-169 3.58198e-321 1.60873e-116 8.985e-67 2.07908e-139 5.49147e-198 1.28104e-100 1.56295e-260 2.381e-19 2.13256e-129 7.01418e-86 0.135444 0.0536837
2.45662e-164 3.42009e-223 4.09113e-31 1.12748e-79 3.51719e-12 2.48145e-175 2.64918e-54 3.61247e-185 4.17889e-07 5.97614e-89 4.10406e-28 1.13733e-98 4.69704e-283 9.32809e-101 1.84282e-126 1.68498e-121 0.516049 1.58929e-213 0.25031 2.38145e-304 2.55745e-94 0.483832 6.8946e-163 1.13613e-58
5.19996e-07 0.0098256 0.0187167 2.30203e-09 3.47525e-07 0.000678564 0.00537902 1.40303e-12 4.17464e-162 4.32021e-272 3.47199e-193 2.10058e-257 1.28457e-322 9.74431e-279 1.55402e-261 1.14707e-274 4.90766e-230 2.78493e-213 1.43065e-317 7.45967e-308 1.00972e-227 7.00746e-209 1.59066e-189 1.41982e-208
7.19141e-153 9.92582e-161 1.05741e-38 5.60352e-119 3.68961e-123 6.26419e-135 4.52903e-139 2.71373e-144 1.01357e-19 1.00204 1.09622e-195 1.55364e-117 1.53207e-187 4.43431e-225 1.7705e-205 1.80233e-238 3.86823e-59 9.63886e-56 2.6391e-289 1.24802e-286 2.0281e-118 2.56329e-163 5.20193e-82 6.40624e-63
4.76676e-06 5.58959e-90 4.56334e-140 4.98811e-120 8.62819e-47 2.19296e-132 1.41085e-181 1.05046e-141 1.51461e-28 1.47173e-199 1.07808e-122 6.46368e-110 3.14724e-130 1.0124e-91 1.38079e-112 3.04391e-231 7.78405e-35 0.0603192 1.27011e-77 1.15665e-223 2.25005e-167 2.74108e-62 3.15801e-19 1.96113e-117
3.35843e-211 2.55706e-196 1.41926e-09 3.66083e-278 1.20331e-58 0.05963 3.58899e-95 1.70651e-182 1.41266e-164 6.80698e-133 9.80966e-103 3.39474e-196 1.45028e-40 1.9341e-13 1.48749e-62 8.98906e-83 1.07831e-31 8.16554e-187 9.91776e-115 1.8984e-273 1.52033e-106 0.0216212 6.69461e-129 0.291639
2.08005e-37 6.81887e-98 5.05473e-114 4.68216e-201 2.35053e-118 5.28625e-87 1.00499e-119 2.90183e-62 0.159267 1.55856e-186 1.68173e-56 1.75667e-174 1.67785e-320 8.19747e-190 9.23578e-211 2.66295e-197 5.76053e-210 2.96423e-08 7.29289e-246 2.16656e-91 5.62511e-214 8.87579e-142 1.7675e-46 4.9381e-189
3.52587e-123 1.66144e-171 1.80893e-146 3.91286e-123 4.99368e-64 1.31783e-238 7.16958e-107 1.41402e-108 0.22749 1.92776e-84 9.55291e-87 2.96806e-180 2.4736e-228 5.79848e-183 1.92658e-139 3.64249e-191 4.10723e-134 7.88953e-207 6.5764e-207 4.05996e-212 1.25672e-106 1.11785e-196 2.95525e-131 4.56554e-71
