5.18662e-50 1.45548e-99 2.25535e-64 0.025998 2.06205e-25 9.46059e-129 3.36477e-60 3.55647e-97 5.09841e-79 5.77209e-26 2.11634e-160 1.00935e-79 2.11651e-53 2.90612e-30 2.11288e-36 2.56363e-200 0.0300368 1.03452e-107 1.05917e-104 4.55723e-169 8.67798e-81 1.8206e-145 5.10788e-42 4.59528e-42
5.15463e-20 2.42304e-91 6.80503e-62 4.62505e-127 8.77669e-211 1.67859e-72 1.03932e-104 1.13061e-94 0.113569 1.59666e-109 2.80525e-179 1.0146e-204 8.85414e-227 5.73415e-48 6.37944e-71 1.85929e-201 4.39387e-95 3.41686e-68 0.387054 3.74258e-219 1.47332e-161 2.99799e-08 4.33748e-111 2.19571e-138
2.38929e-28 0.158839 8.43234e-110 3.01773e-104 1.5726e-154 1.44801e-89 1.7946e-95 4.52899e-77 1.22345e-29 1.32065e-40 1.26775e-116 3.49083e-162 5.38732e-161 7.22232e-110 9.79507e-91 1.05867e-136 1.0782e-29 0.965985 2.20622e-216 6.27026e-94 1.88927e-130 3.20806e-61 1.35221e-87 9.5912e-116
4.59498e-148 8.15749e-163 8.6529e-191 1.19396e-57 0.287348 8.15167e-19 2.94301e-08 2.02156e-73 6.78223e-109 2.24285e-33 1.68269e-140 1.52656e-191 8.93808e-148 4.17517e-23 4.69527e-88 2.47224e-179 3.92993e-14 0.628068 2.27853e-130 2.50707e-186 6.89193e-138 0.0765416 9.76851e-83 1.08107e-166
1.94664e-58 9.80391e-29 1.06468e-42 2.72333e-28 2.7286e-28 8.22822e-25 1.57459e-93 1.15238e-103 5.3593e-168 4.86001e-63 1.93977e-206 2.39342e-107 8.48683e-202 3.18062e-85 1.37665e-91 1.78314e-154 9.75544e-71 0.168802 1.51706e-165 4.15265e-182 1.2284e-125 6.34538e-131 6.25905e-33 1.25696e-58
3.75505e-14 8.75621e-08 0.0243892 0.00196165 1.2161e-13 0.0300537 0.0338824 0.0156222 1.47372e-168 2.09288e-145 2.84554e-266 6.20719e-212 5.49405e-245 8.10914e-155 1.61578e-114 1.70945e-203 2.07514e-110 4.5875e-132 1.09526e-229 2.99912e-269 7.5427e-165 5.25343e-172 1.59086e-136 1.6432e-161
9.40552e-274 1.1346e-204 1.54263e-282 8.23308e-158 2.78893e-168 1.96156e-139 4.43702e-98 1.93239e-89 6.98802e-155 5.24054e-51 5.31646e-135 6.28955e-185 0.109427 6.88086e-18 4.48459e-26 0.388921 4.37347e-29 2.64498e-20 3.37067e-64 5.30149e-255 8.4308e-25 0.0737302 5.04229e-69 5.0801e-37
2.88067e-251 1.92933e-51 4.38973e-248 3.52664e-25 7.65888e-180 8.97125e-34 1.89158e-141 1.07672e-190 1.35385e-86 0.0169569 5.26449e-268 2.77479e-76 4.5321e-159 2.23452e-73 4.76381e-74 2.14449e-197 0.256519 3.2238e-28 4.92801e-92 4.48901e-87 9.41239e-129 6.50897e-85 0.500319 0.0708664
3.38107e-85 1.77795e-158 1.20221e-118 3.08346e-61 9.1823e-34 5.50813e-09 6.22245e-19 3.79391e-06 1.50231e-177 5.09159e-66 1.94742e-193 7.53152e-76 3.21224e-104 6.82602e-40 8.27945e-83 9.5529e-208 1.42349e-96 0.235858 1.17832e-223 1.69045e-201 2.15791e-45 5.59122e-72 1.20088e-81 2.63258e-60
1.08508e-14 4.55404e-156 5.54776e-173 2.03846e-34 4.68088e-115 4.12907e-96 5.65312e-109 7.97458e-94 6.76295e-98 2.08741e-103 1.24171e-146 1.03961e-189 1.50152e-116 1.80808e-18 1.73534e-68 5.25586e-128 3.37638e-77 0.114595 8.41054e-166 1.10194e-221 2.17829e-87 1.60715e-152 1.92755e-90 3.02791e-134
2.03149e-97 0.252666 1.16033e-16 1.783e-45 1.18636e-06 4.6105e-48 3.00671e-26 7.07936e-59 1.42068e-124 1.83452e-98 1.23476e-245 1.46051e-191 1.24192e-164 1.03165e-118 1.28445e-77 3.13676e-183 2.19073e-103 1.40618e-105 2.42041e-208 2.50214e-181 2.13432e-155 4.74448e-119 6.02816e-127 4.43077e-111
4.94005e-50 1.80396e-09 4.69796e-172 5.18843e-90 2.8511e-161 1.93027e-116 3.573e-191 3.41768e-117 1.7243e-113 1.51714e-37 4.5019e-220 9.66e-196 1.0979e-53 2.00389e-136 1.03685 5.96594e-109 5.43351e-115 1.95022e-85 1.22564e-228 4.1492e-13 1.56578e-43 2.724e-118 7.21411e-56 7.12824e-146
0.0490417 6.51743e-48 3.66846e-110 1.42174e-171 9.91824e-79 1.81898e-100 8.17768e-160 2.53897e-76 1.92133e-81 1.01436e-22 4.95167e-155 1.68981e-187 2.47061e-99 3.11344e-133 4.15025e-92 3.3194e-110 6.63682e-85 8.17822e-83 1.39263e-73 8.5955e-176 3.7753e-162 0.0870948 1.09239e-26 4.24064e-163
5.6153e-148 4.88224e-76 3.56215e-159 1.03857e-10 0.102998 1.99643e-119 1.38349e-109 6.59491e-20 1.51634e-14 1.7481e-155 1.32323e-172 8.33454e-149 2.96189e-240 6.2232e-62 0.343737 5.6703e-200 2.64213e-49 5.96547e-21 1.35932e-70 4.23492e-161 2.78083e-115 3.39272e-124 1.50622e-19 2.01476e-90
1.04587e-102 5.02479e-73 1.15633e-36 3.3211e-116 1.82885e-28 0.00360903 3.801e-34 2.73697e-91 0.11402 0.307961 3.63008e-49 2.05905e-83 1.59124e-49 1.24012e-22 4.30259e-61 3.48926e-201 7.29082e-23 1.99829e-74 6.59334e-113 0.200156 1.34207e-49 3.53763e-45 0.00240979 5.41833e-163
4.42312e-92 1.38265e-124 4.14086e-57 1.14469e-192 1.96419e-52 1.902e-176 9.08641e-222 1.27319e-203 6.51813e-39 1.84418e-116 0.978627 0.142609 5.43249e-171 0.500482 1.62055 2.3204e-58 1.16904e-110 4.42412e-07 7.9792e-26 2.44583e-127 0.960036 2.97091e-60 4.99469e-94 2.82809e-21
1.29969e-114 1.48782e-156 0.00743319 1.74011e-10 2.59744e-58 8.98115e-77 5.16449e-92 3.0612e-101 6.18669e-96 8.169e-61 1.81152e-127 4.65497e-137 1.02641e-106 0.874523 9.24629e-90 3.94186e-202 1.70395e-99 8.87023e-126 8.47652e-130 3.13385e-112 3.10001e-94 1.40218e-56 1.87533e-128 2.44759e-120
