1.97132e-321 3.21637e-321 2.80036e-320 5.99796e-321 9.34278e-321 5.37543e-321 8.50287e-321 1.56619e-321 45.4215 4.40805e-320 25.3613 9.54014 10.4208 1.60028e-320 43.2767 19.3958 1.35364e-319 41.3971 29.504 45.1693 3.05835e-295 65.0573 14.5261 12.9812
2.02073e-321 1.00295e-321 6.33905e-226 2.82111e-321 1.30927e-321 3.30036e-321 6.24005e-321 3.59186e-321 1.48673e-38 1.26685e-22 3.43554e-173 2.11954e-321 6.38333e-321 1.29697 3.89324e-321 1.87251e-321 2.22875e-13 2.96439e-321 2.33693e-321 3.62644e-321 4.47623e-321 6.06713e-321 4.3626e-321 2.5889e-321
2.02073e-321 1.05236e-321 2.10818e-320 2.09187e-316 7.1908e-164 2.55497e-202 1.96853e-220 1.50196e-321 8.29425e-284 6.34874e-321 8.73508e-321 1.15611e-321 3.07309e-321 3.41399e-321 2.57902e-321 1.05236e-321 1.32508e-320 1.66006e-321 1.40809e-321 2.35175e-321 2.21835e-321 3.45846e-321 2.49009e-321 2.05531e-321
2.51973e-322 4.41527e-98 2.15012e-63 2.56914e-321 9.83338e-21 7.58072e-249 1.21984e-244 1.84781e-321 3.59729e-320 1.01333e-320 0.150719 2.74206e-321 7.3764e-321 4.77761e-321 4.31813e-321 2.33199e-321 2.56222e-320 2.96439e-321 2.52962e-321 3.62644e-321 1.25837e-303 7.68766e-321 2.78653e-321 3.70055e-321
2.29246e-321 1.57113e-321 1.55019e-78 2.55432e-321 1.45749e-321 5.98503e-73 4.40944e-65 3.28348e-13 0.404408 3.35405e-226 1.06669e-320 1.55137e-321 5.04935e-321 3.99205e-321 3.47328e-321 1.42785e-321 2.71442e-239 2.10966e-321 2.14424e-321 3.13238e-321 1.91203e-321 4.6541e-321 3.9377e-321 2.08496e-321
0.00362844 0.00201288 0.0310833 0.00271937 0.00159033 0.00552008 0.00181665 0.00260772 6.42285e-323 1.97626e-323 2.96439e-323 9.88131e-324 9.88131e-324 9.88131e-324 0 0 8.39912e-323 0 0 0 9.88131e-324 0 1.4822e-323 1.4822e-323
1.83971e-235 1.07706e-321 2.8557e-320 2.59879e-321 1.60547e-138 1.89133e-238 1.3658e-247 2.97428e-321 5.23166e-320 1.30504 2.17043e-320 3.2806e-321 6.31416e-321 0.0105027 4.55034e-321 1.60077e-321 6.96143e-97 2.87052e-321 2.52962e-321 4.30825e-321 3.06537e-248 6.77364e-321 6.75882e-321 3.11261e-321
3.10273e-166 9.73309e-322 3.16756e-240 1.06295e-255 3.49482e-06 6.5859e-321 1.12153e-31 2.20353e-321 4.08938e-320 7.93963e-321 1.64229e-305 2.48021e-321 3.46834e-321 1.3392e-07 3.84877e-321 1.87251e-321 2.63867 2.78159e-321 2.36657e-321 3.23119e-321 5.53033e-83 6.1363e-321 3.55727e-321 3.75984e-321
3.75984e-321 3.49757e-87 1.31403e-20 5.2056e-251 1.46737e-321 4.2045e-321 3.98689e-20 2.94589e-63 0.410991 6.4772e-321 6.77318e-230 1.59089e-321 2.70254e-321 2.29246e-321 3.09779e-321 1.22034e-321 2.14627e-205 2.06519e-321 1.79346e-321 2.74206e-321 1.97132e-321 4.23414e-321 2.18871e-321 2.10966e-321
2.08496e-321 3.62789e-116 2.71143e-320 2.1297e-258 1.30275e-173 2.08986e-31 6.14361e-20 1.43773e-321 2.95402e-320 1.53556e-320 3.55525e-111 2.31717e-321 3.92288e-321 2.50491e-321 4.08098e-321 1.80828e-321 0.760496 2.82606e-321 2.10966e-321 2.9891e-321 3.16202e-321 5.36061e-321 4.96042e-321 2.87052e-321
1.75887e-321 6.71083e-299 2.36312e-320 7.96985e-284 1.21965e-256 6.93668e-321 2.29175e-87 2.72724e-321 4.49649e-320 2.75461 1.65166e-320 2.68772e-321 7.2183e-321 2.73218e-321 5.20745e-321 1.97626e-321 1.7118e-131 3.36459e-321 3.42387e-321 4.35766e-321 1.7469 8.46334e-321 6.70941e-321 5.00983e-321
1.99603e-321 1.15611e-321 2.42389e-320 6.54723e-309 1.10177e-321 4.31604e-101 4.01979e-93 2.22542e-221 0.286916 7.16395e-321 1.13586e-320 2.49503e-321 3.50293e-321 1.9812e-321 3.42387e-321 1.72429e-321 3.7886e-233 2.78159e-321 2.10966e-321 3.13238e-321 3.34977e-321 4.93572e-321 3.27566e-321 3.0138e-321
2.69266e-321 2.43072e-246 4.05059e-246 2.18466e-214 1.07706e-321 3.06815e-321 1.85769e-321 1.56619e-321 0.834308 7.68766e-321 1.19317e-320 1.55137e-321 4.3626e-321 3.10524e-299 2.95451e-321 1.13635e-321 2.73302e-129 2.02073e-321 1.88733e-321 2.74206e-321 2.18377e-321 4.02169e-321 2.66301e-321 1.91203e-321
1.72923e-321 1.24505e-321 5.98854e-34 2.94463e-321 3.13387e-122 1.45677e-93 2.64325e-321 1.76381e-321 0.329259 1.79028e-22 1.45848e-320 2.65807e-321 5.67187e-321 3.48316e-321 4.7875e-321 1.78852e-321 3.53702e-320 3.18672e-321 2.81617e-321 4.21438e-321 1.92033e-151 6.49202e-321 4.44165e-321 3.08297e-321
3.37941e-321 8.66314e-161 7.97966e-180 4.35272e-321 1.67488e-321 2.09473e-200 1.63536e-321 2.17389e-321 2.70613e-146 1.63783e-320 0.107167 2.21341e-321 8.8833e-321 1.06852e-199 4.92583e-321 1.89227e-321 1.99432e-117 3.27566e-321 3.4881e-321 3.96735e-321 1.08632e-174 6.69953e-321 3.95253e-321 4.71339e-321
1.12029e-56 1.46737e-321 2.24105e-142 3.20949e-166 1.29939e-321 6.09183e-321 1.7737e-321 1.45255e-321 1.76393e-145 1.20859e-305 1.24258e-320 1.58101e-321 5.26674e-321 2.36657e-321 2.91005e-321 1.3241e-321 2.35048 2.15413e-321 1.91697e-321 2.74206e-321 2.57902e-321 4.44165e-321 1.98614e-321 2.19365e-321
2.03555e-321 2.4725e-214 3.4129e-93 2.18157e-273 6.52962e-61 3.02862e-321 1.45211e-287 2.01085e-321 3.40694e-11 1.28902e-320 9.25385e-321 2.23318e-321 3.50293e-321 3.84383e-321 3.23613e-321 1.38832e-321 0.32683 2.3814e-321 2.20847e-321 3.08791e-321 3.38929e-321 5.22227e-321 2.09484e-321 2.29246e-321
