2.40234 0.369512
0.000138638 1.61037e-19 0.00166295 5.85775e-14 1.06745e-12 0.0020972 0.0407307 0.020621 0.0018992 4.84551e-237 1.19564e-321 1.77864e-322 7.70879e-314 1.28457e-322 7.21336e-322 7.90505e-323 1.28457e-322 1.03754e-322 2.51973e-322
1.55631e-321 9.5157e-321 3.51149e-15 8.04087e-70 4.47574e-194 1.36362e-321 1.45202e-139 2.17587e-320 1.18576e-322 5.26165e-140 0.0122254 1.21244e-320 1.56691e-217 2.831e-321 1.06527e-291 1.23462e-319 2.20467e-95 2.05037e-321 1.94986e-63
0.00606534 5.733e-06 1.87009e-09 0.00167564 0.0530445 0.00525191 4.66385e-05 1.25823e-08 6.27943e-07 5.10592e-233 3.50787e-322 5.43472e-323 1.4822e-323 3.45846e-323 2.12448e-322 1.97626e-323 3.95253e-323 2.96439e-323 6.91692e-323
3.78916e-258 1.32508e-320 9.88131e-323 9.84642e-45 7.29823e-47 1.40315e-321 2.95304e-103 5.3918e-295 1.4822e-322 2.68618e-124 7.30234 6.47408e-132 0.236895 0.849937 0.259724 4.95545e-195 4.09152e-229 4.74572e-239 0.733814
1.71545e-298 9.96036e-321 3.81502e-98 7.00493e-209 7.27926e-96 8.32181e-13 3.20249e-89 8.09062e-52 1.58101e-322 4.92925e-213 6.79686e-204 0.557486 7.73504e-241 3.45352e-321 3.2768e-185 1.4125e-199 2.39128e-321 1.99108e-321 0.305574
1.49066e-27 8.34477e-321 1.38338e-322 1.63696e-57 2.80976e-196 1.74405e-321 1.81189e-17 9.25723e-33 1.28457e-322 2.45036e-97 2.89985e-19 8.76165e-302 6.17048e-112 2.63337e-321 0.0150795 8.45582e-224 0.379924 1.93169e-47 2.67576e-181
2.16895e-321 3.14216e-300 2.55958e-157 1.14781e-208 2.23089e-50 4.11989e-258 5.18388e-266 7.90819e-257 5.62227e-31 0.3979 9.61896e-320 4.25507e-181 1.23837e-207 4.55834e-278 1.42436e-21 1.22009e-232 2.56976e-48 2.19365e-321 4.14677e-91
1.39821e-321 2.65572e-06 1.13635e-322 2.51307e-280 5.05095e-115 1.39821e-321 5.80189e-141 1.665e-321 1.1684e-197 4.36617e-73 5.96751e-198 0.155974 6.10758e-235 2.55432e-321 1.64282e-113 0.433268 2.59818e-285 0.00751154 5.09382e-321
2.29466e-153 1.11066e-320 1.08694e-322 9.65256e-62 9.3085e-72 1.70947e-321 3.17684e-321 7.18376e-297 1.18576e-322 3.76927e-40 2.22527e-320 5.07197e-147 5.95418e-06 3.93562e-100 1.04171e-259 1.97772e-251 2.40757e-57 0.345877 2.88898e-54
1.41303e-321 8.49226e-82 1.28457e-322 4.11459e-129 3.59366e-286 1.3488e-321 2.13106e-146 3.00643e-135 5.21195e-267 5.52385e-186 9.1533e-258 3.96289e-173 6.23717e-288 2.55926e-321 7.36075e-181 4.33596e-16 1.10848e-313 0.145639 5.56812e-321
5.76424e-15 6.09138e-208 1.28457e-322 3.41423e-293 4.96711e-12 2.5131e-35 2.46539e-321 2.16936e-59 6.53464e-105 1.45017e-57 8.50374e-160 1.31434e-83 8.50929e-240 2.81617e-321 4.50974e-147 3.70326e-143 1.61302e-195 9.68387e-235 0.467351
2.37624e-53 0.578799 1.23103e-27 1.26204e-36 1.10248e-05 5.46424e-25 1.20201e-26 1.05509e-27 8.55677e-108 3.41891e-225 5.06911e-321 5.83501e-297 1.16418e-308 6.07701e-322 9.16685e-313 3.70549e-322 6.37345e-322 4.64422e-322 1.40315e-321
1.45749e-321 7.02755e-145 1.89002e-124 3.96175e-258 4.40731e-140 3.72105e-56 2.25294e-321 2.88181e-106 1.13635e-322 0.490266 3.07704e-320 9.08706e-133 3.34947e-127 3.52191e-112 1.72245e-05 1.6674e-37 8.93514e-286 2.22587e-259 0.135914
7.08998e-43 8.5918e-321 9.38725e-323 5.42914e-196 2.08995e-125 3.64099e-40 2.45551e-321 1.38514e-265 1.63042e-322 7.82991e-223 1.74141e-27 2.50277e-228 3.46256e-289 1.62837e-225 7.15299e-58 1.61878e-204 0.320474 2.45551e-321 2.2244e-227
