2.24403 0.069752
4.36878e-72 9.1248e-88 6.2356e-41 8.06508e-39 3.83635e-63 3.88429e-18 1.5138e-56 0.000320427 4.97093e-10 6.80653e-35 2.27122e-61 1.51525e-47 7.81715e-58 1.06167e-26 1.22559e-39 2.34736e-23 0.0577883 9.16361e-40 0.0452381 2.32475e-18 0.432302 6.76897e-41 1.59835e-37 9.66424e-50 1.01659e-66 1.09055e-28
2.25416e-43 3.12776e-27 0.286964 3.33088e-21 5.48993e-40 2.75393e-31 9.5768e-21 2.21614e-11 5.13911e-27 4.24681e-36 1.79887e-25 5.0868e-49 5.29703e-65 1.66034e-95 3.22422e-10 2.45121e-07 0.000417428 5.95826e-83 1.34098e-66 2.5216e-71 6.82146e-22 0.000104558 3.56036e-37 1.26961e-45 3.7983e-66 8.31786e-49
0.0870706 9.36256e-71 4.55288e-34 2.93256e-12 2.5877e-58 1.44114e-09 4.64619e-25 6.83685e-15 1.42556e-16 7.83748e-19 0.124105 1.06541e-07 2.67893e-72 2.42041e-79 1.11087e-67 6.35158e-19 8.923e-69 6.27165e-50 2.59087e-28 5.85328e-62 3.22583e-26 7.9419e-15 5.99605e-62 2.50182e-16 3.28333e-61 4.19975e-115
8.22827e-58 0.270997 2.86852e-17 5.05364e-16 2.82694e-87 1.75557e-17 1.33166e-48 2.76441e-30 1.43359e-17 0.283993 4.27443e-13 7.75078e-40 1.90422e-86 3.76525e-47 1.1738e-60 5.28256e-31 4.39044e-70 3.66659e-94 1.39293e-36 5.01756e-67 4.68153e-75 1.33452e-48 8.65419e-62 4.9643e-44 3.73073e-16 8.70521e-116
9.26915e-53 1.25357e-96 1.40766e-46 0.000191657 4.82554e-53 0.189378 2.48088e-29 0.373511 9.86257e-48 1.25257e-22 0.00396082 0.0245606 1.25358e-14 2.05745e-51 0.131737 1.23747e-49 4.24879e-57 5.02079e-09 1.83824e-25 3.11568e-65 2.03308e-61 6.59701e-35 0.169102 5.06689e-51 1.69408e-20 0.0392423
1.3725e-115 6.41851e-87 1.68029e-12 3.97813e-18 0.0285768 2.49568e-09 0.421713 0.192313 6.06963e-09 0.0151503 2.12069e-17 3.30035e-28 0.436452 0.153334 1.41837e-05 2.18522e-28 1.54264e-25 0.0670391 4.26804e-17 9.97713e-22 2.09641e-19 8.59193e-09 9.9404e-72 3.58667e-43 1.91195e-15 9.04832e-18
7.38629e-52 2.18812e-23 2.13197e-21 1.01776e-28 6.84224e-10 6.25105e-75 6.01531e-52 9.3618e-28 0.0778385 7.06605e-14 0.0456341 0.0573087 1.09896e-43 5.11068e-41 1.54272e-12 0.201874 2.10041e-39 8.10582e-43 4.79364e-46 0.0898334 0.0676453 1.39309e-55 7.27876e-78 0.0432976 0.00748326 4.33852e-82
9.16263e-66 2.34752e-44 1.75092e-10 9.04648e-07 2.141e-99 1.70579e-34 3.80278e-47 0.163402 1.04455e-20 2.87615e-09 2.13081e-32 3.86568e-39 7.50034e-33 2.72799e-58 1.25297e-49 8.43612e-56 1.27336e-47 4.36551e-64 1.04123e-38 1.23544e-50 2.47509e-77 7.22625e-41 1.75445e-75 4.30891e-32 5.51104e-14 3.89441e-70
2.99897e-51 6.33382e-43 4.33508e-12 0.00301255 7.46631e-104 9.85723e-66 3.72254e-50 0.384092 0.000499077 5.00672e-16 1.53547e-39 4.58617e-27 1.9649e-74 5.07633e-95 2.88785e-47 4.42939e-45 1.45991e-61 6.27833e-77 5.91012e-59 1.53112e-31 5.92825e-65 1.56433e-47 1.81579e-78 1.86417e-44 1.32997e-39 4.78948e-99
