1.30746e-71 3.21637e-321 1.22528e-321 5.07476e-201 2.03555e-321 2.15907e-321 3.44364e-321 3.16428e-201 2.4996e-18 2.08002e-321 9.88739e-243 1.09031e-157 4.6541e-321 4.55529e-321 0.513115 1.0326e-321 5.25374e-198 6.13135e-321 7.04538e-321 1.03359e-320 3.25105e-272 1.47093e-301 1.72923e-321 7.42396e-78
3.74449e-119 2.71242e-321 8.79437e-322 8.8603e-260 1.70453e-321 9.14021e-322 2.92981e-321 1.99603e-244 4.91266e-134 2.48021e-321 1.26975e-321 0.470469 3.27071e-321 3.41399e-321 1.08389e-99 1.54686e-283 4.03413e-147 2.82111e-321 4.8122e-321 6.06219e-321 7.29744e-293 2.65313e-321 1.26975e-321 5.82933e-289
0.334183 1.65512e-321 5.68175e-322 1.81254e-226 9.18962e-322 7.01573e-322 1.97132e-321 1.17181e-240 6.42285e-322 8.59674e-322 8.39912e-322 2.3089e-159 2.14424e-321 2.4308e-321 2.87546e-321 1.48308e-178 8.77325e-159 2.54444e-321 2.54444e-321 3.98217e-321 2.95665e-225 2.2727e-321 9.7825e-322 1.05236e-321
0.293302 2.51973e-321 9.7825e-322 1.09632e-246 1.70453e-321 1.51184e-321 4.05628e-321 3.57771e-67 9.69814e-250 1.82804e-321 6.31461e-304 2.92824e-132 4.22426e-321 5.17287e-321 1.02787e-307 9.33784e-322 1.15761e-78 3.81419e-321 6.32404e-321 9.50582e-321 4.80934e-144 5.02465e-321 1.80334e-321 4.88021e-145
3.55131e-07 6.12147e-321 1.50196e-321 2.00918 2.7223e-321 1.12541e-236 6.67483e-321 1.05841e-165 3.79676e-96 3.13238e-321 2.29246e-321 9.82421e-169 8.48311e-321 8.38429e-321 5.28688e-309 0.285996 3.7751e-68 5.36555e-321 9.79732e-321 1.24159e-320 3.58338e-40 6.93668e-321 2.60373e-321 0.40218
4.93971e-50 4.14027e-321 1.10177e-321 1.09022e-123 2.01579e-321 1.96638e-321 7.30154e-292 2.20314e-73 1.31034e-259 1.78852e-321 1.76876e-321 4.67106e-80 5.578e-321 5.17287e-321 6.05724e-321 9.64019e-265 5.02117e-215 6.13135e-321 5.81021e-321 8.91294e-321 0.0859784 3.56715e-321 1.99603e-321 2.1393e-321
0.144282 2.44562e-321 9.93072e-322 6.46195e-173 1.42785e-321 1.0326e-321 2.79641e-321 6.88921e-195 1.62817e-231 1.76381e-321 1.3488e-321 4.66974e-286 3.56715e-321 4.24402e-321 1.42158e-39 2.18214e-271 4.19035e-93 4.32307e-321 5.53354e-321 6.77364e-321 9.48609e-41 3.73514e-321 1.58595e-321 1.72923e-321
4.64847e-142 4.57999e-321 1.22528e-321 2.35306e-254 3.35471e-321 1.99438e-193 3.53257e-321 1.06855e-242 2.14424e-321 1.31694e-153 7.21044e-181 1.22529e-173 4.98512e-321 6.77858e-321 0.0520952 1.7837e-265 5.0277e-40 1.936e-180 8.28548e-321 9.1501e-321 4.94177e-85 4.64422e-321 2.16895e-321 1.89855e-222
1.75104e-99 5.36234 3.10286 1.09987e-171 2.7266 3.72706e-246 3.65943 2.57555e-237 1.31697 2.25622 1.42962 6.33181e-207 9.1982 14.4177 2.66363 1.59032e-105 5.35068e-251 4.85432 9.5762 16.5522 1.29697e-182 4.62213 2.67502 2.28556e-166
4.1739e-139 4.25391e-321 1.1907e-321 3.45595e-253 2.39622e-321 1.5316e-321 1.50491e-253 1.43771e-57 1.58595e-321 2.05531e-321 2.65525e-259 7.1995e-270 5.67681e-321 6.41791e-321 0.0838098 1.1486e-09 7.40452e-26 5.38532e-321 6.49696e-321 9.26867e-321 0.629597 4.43177e-321 2.20847e-321 5.24736e-283
0.175761 1.61559e-321 5.33591e-322 1.08438e-204 9.7825e-322 8.69556e-322 1.7984e-321 4.22322e-178 7.75683e-322 8.59674e-322 7.5098e-322 1.30586e-126 2.44562e-321 2.63831e-321 1.26886e-278 1.9584e-231 2.21216e-232 2.71736e-321 2.71736e-321 3.98217e-321 3.05306e-208 2.04049e-321 8.64615e-322 7.36498e-292
2.86271e-67 3.42387e-321 1.97132e-321 0.142675 2.31717e-321 1.94168e-321 4.09331e-294 5.48714e-160 2.75737e-220 3.91794e-321 9.71149e-128 1.80627e-104 6.07701e-321 6.83293e-321 1.76349e-265 3.57065e-187 5.08434e-98 1.55204e-145 1.0242e-320 1.69909e-320 1.62788e-263 4.53058e-321 2.07508e-321 2.65098e-300
4.86494e-120 6.04254e-183 1.57113e-321 7.72771e-285 4.05134e-321 0.755759 4.2979e-78 5.91683e-19 5.68766e-64 4.53552e-321 5.40076e-63 1.87735e-132 1.04001e-320 7.86553e-321 5.74432e-221 2.67595e-160 3.97138e-184 7.38628e-321 1.00048e-320 2.45946e-320 4.19681e-109 8.12738e-321 2.86064e-321 0.239304
7.52314e-64 4.23414e-321 1.49208e-321 1.5317e-221 1.73417e-321 1.71441e-321 3.76972e-321 0.730248 1.30433e-321 2.1146e-321 1.24912e-273 1.72615e-213 4.88631e-321 4.9703e-321 6.69169e-284 8.13094e-235 4.71745e-218 4.59975e-321 5.56812e-321 1.05137e-320 1.89356e-109 6.70447e-321 2.67784e-321 5.41224e-180
1.81967e-146 2.81123e-321 1.15611e-321 1.50373e-148 2.41598e-321 1.71441e-321 4.18968e-321 2.78015e-148 3.06888e-83 1.81322e-321 2.32123e-292 7.16754e-110 4.45647e-321 5.06911e-321 6.2193e-56 1.25817e-177 0.529364 7.79201e-263 4.53552e-321 9.6244e-321 3.32688e-237 3.48316e-321 1.55631e-321 1.60029e-258
