3.31629e-65 4.35087e-46 5.31984e-83 4.09592e-17 1.42319e-24 1.88686e-46 0.277612 1.79377e-97 2.8814e-92 1.17194e-78 1.79825e-30 2.05208e-111 6.74708e-66 0.0267049 5.5594e-85 1.06164e-54 8.63578e-65 2.21969e-99 1.22909e-23 9.06158e-50 8.50451e-166 2.52288e-74 3.68406e-22
2.58071e-206 3.48546e-45 4.38778e-58 3.05034e-149 5.40426e-211 1.85177e-88 9.99193e-153 3.65313e-16 4.59616e-64 2.34945e-89 5.58266e-92 9.23279e-113 0.174395 1.77109e-113 1.48842e-05 9.2809e-05 2.39729e-101 1.87134e-21 1.2405e-95 0.172493 0.0891014 2.08343e-35 5.48938e-88
3.06355e-26 5.99389e-24 2.19297e-108 5.51892e-30 1.18621e-101 2.3982e-69 4.76821e-39 8.73319e-71 4.38221e-172 3.57237e-43 0.0473122 3.0515e-107 1.6355e-13 2.50238e-31 2.69457e-49 5.38652e-33 1.12203e-136 1.19919e-126 9.49721e-67 1.05958e-59 4.03389e-140 1.09468e-83 2.11275e-97
0.00106808 0.00106458 0.0011997 9.06116e-05 0.00183338 0.0190153 0.00188435 6.0477e-116 2.78919e-208 9.10435e-103 1.40491e-94 1.02009e-169 3.38921e-104 1.00588e-122 9.62283e-101 5.29516e-71 1.39688e-147 2.80962e-134 6.03463e-113 7.47285e-153 8.6703e-207 1.24912e-141 4.42264e-122
9.66316e-39 3.55342e-37 3.27813e-48 3.6508e-30 2.40184e-17 2.80165e-56 8.58126e-20 3.30504e-88 3.22812e-148 1.69132e-43 0.0992757 2.24662e-156 3.08574e-71 1.71539e-118 7.62858e-58 1.01792e-31 2.14879e-141 2.91033e-63 1.4494e-59 3.78641e-103 6.51998e-156 5.48823e-46 3.7628e-86
1.90644e-71 4.36349e-17 4.30211e-55 2.31619e-28 4.2615e-86 4.37326e-74 1.28879e-98 9.12966e-97 7.15685e-50 4.01119e-40 7.60554e-77 0.104346 7.35965e-38 6.247e-62 5.76301e-19 3.08331e-35 2.06359e-36 0.0996149 0.10773 3.75473e-109 3.80645e-169 1.78571e-79 2.22587e-72
3.0697e-88 3.71198e-95 1.83085e-90 1.4554e-61 2.03802e-120 6.71345e-65 1.48219e-46 4.72368e-97 1.8897e-175 0.255568 7.55563e-72 0.00697173 3.77414e-36 6.28857e-36 4.65335e-47 2.82651e-42 0.585962 8.29722e-67 2.35027e-70 4.0481e-123 9.25871e-156 0.232578 9.586e-33
2.71389e-65 1.50295e-14 2.22131e-132 5.34043e-52 1.91613e-158 4.2526e-103 9.70363e-186 5.47744e-102 0.0678609 3.49664e-07 9.22326e-92 1.16595e-65 0.0637841 1.13878e-30 1.75246e-16 1.4671e-31 1.42299e-42 1.06599e-87 0.0193815 2.67011e-141 0.0940395 5.66055e-22 4.53809e-118
5.91101e-61 5.02568e-09 1.46764e-34 4.55601e-56 2.86281e-97 8.16144e-53 1.46163e-16 1.09741e-38 6.80054e-120 3.75667e-60 0.139961 4.6139e-134 9.57573e-14 4.87384e-15 3.20515e-64 2.56046e-43 2.57159e-86 3.18014e-76 2.7042e-107 2.32279e-77 1.68359e-165 1.19227e-58 5.81952e-117
4.15369e-18 8.49043e-74 1.36607e-172 8.96801e-09 1.51832e-34 1.71734e-41 1.59087e-80 0.118353 3.78438e-74 7.7699e-37 6.92455e-67 2.10413e-112 6.83454e-87 1.28998e-19 2.11666e-95 0.107178 2.81447e-128 1.11447e-101 0.0927667 1.17614e-06 5.65228e-151 1.56555e-113 0.241096
8.37425e-56 2.76209e-14 1.04973e-76 3.80537e-80 2.03122e-10 1.15281e-42 1.50362e-23 1.92304e-49 1.34161e-137 2.05571e-37 0.311968 3.10771e-05 9.33204e-65 3.86991e-86 0.107841 1.272e-40 1.33665e-126 1.31047e-41 0.107809 7.38674e-21 2.79268e-123 4.61693e-127 2.43528e-114
