6.79751e-12 6.57044e-07 1.51638e-70 1.26643e-39 1.04329e-113 3.01642e-18 1.40277e-14 1.20399e-28 5.8161e-32 0.0986842 4.08746e-67 1.49798e-96 5.97642e-122 1.13322e-60 5.9344e-14 1.18233e-26 1.26489e-11 4.62666e-96 0.057189 0.0624522 0.195861 3.93782e-58 2.24873e-40 0.399317 1.29809e-99
2.80607e-50 1.34091e-129 1.92867e-46 2.16382e-27 1.04615e-12 1.5235e-85 1.14127e-12 2.366e-12 6.5414e-98 3.47679e-24 1.07025e-89 9.77766e-42 0.278465 6.29778e-106 1.02374e-79 1.60449e-05 2.26752e-62 2.36455e-13 6.55829e-42 5.56124e-45 9.62907e-56 6.39304e-05 0.184246 1.47625e-61 1.25716e-116
1.44215e-73 9.97968e-61 0.148598 0.184545 1.92822e-19 0.0537712 1.04242e-51 0.136313 2.73671e-18 1.02177e-05 4.86009e-15 3.63154e-109 5.39682e-113 2.20891e-134 4.24167e-50 1.29324e-21 2.28101e-80 2.95164e-90 1.11187e-19 4.81473e-91 2.20561e-90 3.45985e-15 2.12187e-32 8.93297e-132 3.98021e-53
7.3782e-11 0.10339 4.4557e-59 1.62465e-12 2.3873e-40 4.88659e-88 1.65393e-71 9.31588e-56 3.30978e-137 7.38567e-49 7.02942e-84 1.16284e-52 0.74276 8.05753e-66 3.90423e-71 1.50232e-71 1.17898e-49 1.13061e-107 2.43837e-76 7.23257e-20 3.55467e-59 5.69292e-76 4.29057e-37 7.99678e-98 0.238309
8.36617e-45 1.75529e-125 0.315644 2.72605e-61 5.22081e-108 2.2934e-89 1.89161e-50 2.76421e-52 8.31099e-131 6.28253e-31 1.93603e-81 4.70714e-32 2.58005e-119 6.44117e-109 1.77654e-94 1.01063e-37 1.55459e-71 1.2756e-103 9.03215e-89 1.3669e-62 8.35594e-26 6.83684e-22 0.146932 7.64428e-51 1.45557e-80
1.8643e-87 1.06691e-26 4.55542e-45 2.66925e-43 1.92774e-31 3.02242e-54 4.89531e-77 1.66207e-86 0.224572 7.60706e-38 3.14757e-76 1.31853e-41 9.96073e-106 0.386141 1.75471e-73 6.72892e-21 2.00495e-41 8.61654e-97 1.39472e-71 2.45221e-78 1.10833e-35 0.345878 8.77926e-44 1.23273e-42 2.58298e-10
0.15975 2.17812e-70 9.10482e-35 8.55288e-05 2.90263e-64 1.38042e-27 9.83877e-42 4.82129e-47 7.17514e-24 0.327557 6.16401e-57 0.17859 2.67382e-45 3.56774e-131 1.22783e-52 0.236184 1.05282e-124 2.29346e-96 0.00169515 1.87136e-81 3.87368e-71 8.23807e-81 8.13047e-15 2.19032e-101 0.00446774
5.37405e-111 4.5863e-109 1.49536e-44 9.83352e-22 0.0954348 1.27107e-27 1.46121e-77 1.65635e-19 5.6634e-09 1.02989e-63 0.213673 4.32608e-15 4.52317e-123 7.72225e-123 6.15154e-63 2.61068e-71 0.10727 1.02002e-80 1.17158e-53 3.89807e-57 5.36147e-06 5.53917e-82 0.0757573 1.96378e-101 1.18938e-29
2.1889e-24 6.0723e-09 8.5589e-49 1.17749e-75 1.97008e-09 1.16573e-37 1.96825e-15 2.34025e-12 6.20999e-139 3.5488e-33 8.69702e-08 5.63174e-73 1.85666e-19 3.33822e-11 0.18253 8.59515e-15 1.89874e-122 0.0146469 6.7621e-49 6.97811e-20 6.09112e-67 0.253901 5.02582e-57 1.12498e-13 1.02515e-31
2.8128e-104 4.14997e-61 0.0173182 8.6528e-15 3.52418e-102 4.32212e-11 0.251181 1.33975e-13 1.57227e-44 4.61624e-36 1.15099e-31 2.03084e-124 1.26575e-79 1.11323e-59 2.06635e-22 3.18916e-73 1.86993e-58 0.116211 2.38143e-19 2.86615e-49 1.99098e-93 1.56018e-93 5.54938e-58 1.09941e-65 2.84979e-123
