2.52344 0.0643926
1.81323e-33 4.35348e-18 6.40999e-63 9.58084e-16 3.10891e-13 2.69287e-10 2.61166e-33 6.60572e-16 3.0083e-62 1.65714e-53 8.96881e-65 1.3469e-29 1.53751e-11 7.22494e-27 7.55858e-65 7.97402e-44 1.9188e-46 3.77125e-13 5.36363e-44 5.22076e-75 0.0697022 5.02458e-51 4.06401e-39 1.23604e-36 1.01685e-42 2.14264e-35 1.31168e-50 4.66325e-48 1.56642e-31
1.19619e-49 2.99339e-23 1.29157e-28 1.14551e-19 0.28395 9.90262e-18 0.0498102 1.33535e-36 1.84094e-69 1.50625e-76 4.02045e-42 1.01579e-59 2.01768e-10 1.29424e-39 1.87023e-51 3.4824e-48 2.10518e-52 1.7696e-39 1.38756e-58 5.78328e-75 3.19145e-15 7.57723e-34 2.85008e-57 1.9356e-30 2.05784e-37 1.07245e-45 3.31322e-27 1.15639e-30 2.0925e-38
2.6147e-23 2.40317e-27 6.84055e-07 2.78825e-05 4.88952e-19 3.57768e-24 0.0584135 4.38103e-42 2.78413e-87 1.45505e-57 1.35445e-64 9.7239e-37 3.8194e-39 9.48302e-61 4.39797e-78 3.63118e-55 1.95899e-61 1.63711e-47 5.23125e-48 3.32587e-75 2.02447e-44 5.54888e-39 3.81202e-56 3.17498e-43 5.56845e-23 2.22608e-41 1.31281e-34 1.0039e-43 2.46697e-23
2.09109e-36 6.20935e-19 5.98926e-23 5.95014e-41 3.34483e-24 9.59161e-64 1.01798e-23 1.65768e-07 8.04896e-43 1.33564e-69 1.86648e-65 1.75267e-26 0.162807 3.05899e-29 1.80802e-43 9.41333e-47 5.68765e-68 0.0523302 2.05108e-45 2.6381e-39 0.320906 3.35328e-56 1.00148e-16 2.30587e-65 4.70674e-40 3.39277e-36 4.1559e-54 6.46249e-06 1.17123e-49
2.5748e-50 2.06334e-11 4.0899e-68 7.33546e-11 3.04755e-11 2.5256e-56 0.103769 0.0194172 6.41041e-29 6.1435e-34 1.74058e-54 8.2798e-51 1.05187e-08 1.15737e-45 1.44554e-72 3.04132e-46 4.93801e-50 0.000888448 2.21027e-10 7.29078e-84 5.60365e-22 4.24538e-21 1.0248e-46 1.65643e-65 2.75176e-15 6.55713e-08 1.88323e-38 2.18805e-52 5.27073e-36
3.06471e-49 3.70473e-27 1.03914e-27 2.28644e-30 0.164053 1.15622e-63 3.39874e-45 3.71344e-33 2.16401e-21 8.03048e-60 2.8752e-38 3.59308e-63 2.69687e-26 1.50986e-49 2.18585e-85 8.82047e-57 6.7251e-40 5.33081e-15 2.39327e-36 4.45412e-61 5.50537e-07 3.22275e-56 1.05393e-53 1.43806e-25 6.44878e-16 5.41095e-16 5.86291e-24 1.23906e-43 0.0840221
1.41545e-89 1.1289e-54 1.33117e-95 0.119447 4.84295e-15 9.36193e-39 0.0755667 4.59038e-30 1.61143e-80 7.5477e-66 0.745873 8.3757e-75 3.20925e-58 6.50027e-34 0.0877584 2.31776e-51 0.0653723 4.91475e-32 0.018348 0.0584107 1.92293e-06 4.6263e-61 0.106757 0.0651472 0.0147242 1.40548e-09 1.0813e-58 1.54121e-57 4.29271e-24
0.3948 0.004117 2.07186e-38 1.90398e-08 1.08216e-34 0.0983151 0.000194067 2.3605e-12 3.40487e-23 1.0863e-41 1.61406e-20 3.07021e-20 0.000133022 6.63867e-41 3.62629e-56 7.34705e-49 2.21961e-26 2.97814e-13 2.84364e-28 1.24766e-63 1.30629e-19 1.70827e-36 2.43532e-17 9.05524e-31 4.85592e-34 6.74679e-48 0.0758186 1.64427e-29 6.54831e-71
3.12567e-60 3.47875e-44 1.20223e-71 6.72123e-27 4.47954e-26 6.30206e-21 3.77672e-45 0.0206604 0.0393668 0.0944212 4.64296e-38 0.0982078 0.0284892 0.013923 5.91724e-48 0.389349 3.93427e-11 1.43421e-21 5.63889e-48 0.000820381 6.01798e-36 0.033004 2.95782e-06 3.05133e-58 0.0120948 3.99629e-46 9.69585e-39 0.0391902 0.00369293
0.0267413 9.2423e-28 2.60046e-43 4.33637e-36 1.86816e-14 2.55012e-46 1.08102e-32 3.18091e-13 3.53598e-42 1.62637e-39 2.12009e-58 1.18594e-56 1.91456e-47 8.02187e-56 7.37468e-56 2.6223e-40 3.96132e-26 8.04636e-57 6.63734e-39 1.18673e-47 3.82666e-29 7.73409e-45 1.67547e-46 1.5678e-68 3.2377e-08 0.121415 1.36182e-29 1.62717e-28 2.35622e-39
2.6836e-05 1.23387e-10 6.59916e-38 2.1699e-30 0.317899 1.86545e-38 2.64875e-13 3.98309e-35 4.62442e-44 6.43956e-73 1.30078e-54 4.27759e-33 2.2193e-19 8.50099e-50 3.39233e-93 8.97439e-29 6.39807e-62 3.78999e-36 1.16745e-56 2.82987e-81 1.45974e-34 2.18255e-47 1.26033e-26 6.56629e-50 8.83074e-07 1.02293e-36 3.87762e-47 1.80904e-53 1.51891e-16
7.06218e-41 1.64726e-30 0.0497424 6.56543e-25 0.107324 4.46535e-45 1.7419e-33 2.57233e-21 6.6953e-49 6.60613e-93 2.20167e-39 1.71804e-83 1.37854e-35 2.07437e-50 1.08846e-55 3.61243e-42 3.66219e-29 6.17993e-36 6.84371e-17 3.00991e-57 1.31461e-09 3.0641e-52 1.88601e-58 1.63302e-45 6.39815e-50 0.413384 2.99418e-56 9.84104e-47 2.35432e-41
