6.63161e-179 1.7957e-193 6.6723e-92 7.59482e-129 3.003e-114 1.01771e-201 4.17045e-168 4.1076e-55 1.34689 3.74637e-166 4.57179e-165 1.72073e-142 8.03303e-125
3.12077e-208 7.20842e-210 3.98258e-158 5.30657e-164 1.73882e-142 2.12942e-321 1.90877e-215 1.2086e-210 5.79872e-39 4.46534e-106 7.26683e-145 9.90338e-201 2.55632e-11
9.08942e-77 2.1443e-129 8.06428e-150 3.59079e-138 0.064572 2.71581e-157 8.05827e-123 2.05944e-181 2.52456e-39 3.47319e-43 0.00287245 2.65925e-274 1.6293e-113
2.7067e-165 1.25007e-242 7.01486e-171 8.09513e-169 3.47704e-57 1.86469e-264 8.9275e-64 1.25212e-220 0.117226 3.20894e-231 2.62627e-93 9.30276e-240 2.34342e-89
4.87862e-209 6.9535e-163 1.70504e-31 4.19878e-103 4.79266e-113 2.03555e-321 1.3568e-156 1.38736e-45 1.46922e-40 3.34847e-184 1.01175e-150 1.37927e-106 0.0897967
3.18269e-230 2.48355e-188 2.51298e-134 2.33186e-104 3.06113e-89 1.59583e-321 4.53873e-104 2.42719e-174 4.0636e-193 1.35015e-112 2.97866e-141 1.05176e-230 0.093705
7.61115e-149 3.63761e-167 8.3256e-85 6.27045e-202 3.23456e-135 1.72923e-321 4.15889e-172 7.92391e-123 2.68725e-140 5.32875e-137 5.42384e-142 2.46853e-155 0.0429304
8.08935e-226 1.23659e-135 4.25368e-150 9.91751e-90 0.320466 2.21037e-206 0.0767084 4.58702e-189 2.5788e-77 0.260341 8.87542e-57 1.3853e-246 1.04085e-104
9.41477e-236 9.17276e-248 3.24217e-114 7.09967e-101 1.22466e-154 1.51678e-321 1.09413e-219 3.76649e-104 8.88991e-176 1.75483e-74 3.27365e-174 1.64024e-259 0.177684
1.05378e-187 6.46959e-202 2.44702e-65 1.05117e-142 5.3604e-174 1.78358e-321 5.88034e-99 8.28182e-228 3.46165e-71 1.42921e-126 3.99021e-175 2.53831e-189 0.0900314
4.6416e-16 0.346056 3.53294e-78 7.8767e-160 2.73738e-64 1.06545 0.109061 7.05257e-05 8.55202e-37 1.25781e-199 0.3349 0.397838 1.3925e-52
9.40102e-143 1.08932e-167 1.2796e-66 1.28982e-156 1.16177e-146 1.04048e-305 2.61032e-68 1.76449e-137 0.307787 5.25881e-105 1.45452e-278 1.4817e-149 2.64662e-106
9.44354e-26 1.90511e-65 6.9849e-118 9.68964e-59 1.00841e-154 3.01874e-321 0.110337 3.8891e-132 7.33337e-152 7.25113e-170 6.88883e-193 1.02527e-72 3.2769
1.77588e-96 4.53038e-228 0.0757847 0.731213 7.87236e-95 3.19166e-321 7.12842e-30 0.983693 2.18534e-08 8.54987e-236 2.72659e-116 3.32032e-116 1.44055
3.48659e-227 1.24839e-151 2.3955e-69 3.16675e-95 2.88072e-143 2.15907e-321 1.08001e-67 8.35543e-163 6.788 3.12827e-126 8.32469e-132 2.87009e-156 9.75017e-47
0.353385 1.6924e-170 0.162296 1.32706e-84 1.52829e-102 7.13417e-176 6.31802e-88 1.26774e-07 4.55134e-65 8.77321e-177 0.284101 4.87594e-34 2.00505e-20
