4.92249e-46 6.75114e-60 1.10128e-44 4.02172e-61 5.03961e-11 1.815e-57 5.41325e-94 8.05794e-50 1.09591e-82 5.42951e-43 4.56835e-41 9.10039e-23 0.148043 8.44235e-118 3.89113e-96 2.70688e-99 4.44632e-40 1.53794e-100 1.83668e-12 1.61622e-13 9.31382e-34 2.33606e-49 4.83908e-149 5.38197e-144 5.14747e-114 5.55869e-37 1.76496e-25 6.50623e-24 3.10148e-164 7.03211e-39
8.77774e-108 6.09589e-83 4.24362e-65 1.16455e-114 1.3179e-90 5.78199e-61 1.9822e-136 1.95718e-31 1.37261e-08 1.22349e-54 1.43839e-69 0.0122409 4.92946e-53 4.87138e-72 6.75901e-75 7.14128e-47 0.205198 1.74728e-39 0.542477 5.2427e-39 3.0849e-17 0.000268135 1.81732e-105 1.82982e-46 2.92491e-81 3.68131e-74 1.68853e-74 0.845862 1.10918e-148 2.98822e-05
3.29424e-66 1.69631e-94 6.87243e-67 1.29143e-64 2.17255e-15 0.0798503 1.25012e-127 3.54247e-79 1.42656e-84 3.59179e-66 9.59927e-102 4.80022e-58 8.39162e-47 7.21679e-133 5.22116e-70 1.81008e-92 3.63173e-18 9.60097e-93 0.0373432 3.97303e-46 9.55171e-100 2.44337e-43 1.98614e-83 4.52313e-77 3.14356e-128 7.7029e-07 2.67415e-87 7.55785e-22 9.78334e-118 6.06273e-91
1.58693e-09 6.99757e-11 0.00683652 0.000435713 0.0124233 4.31832e-62 5.2395e-147 7.11419e-78 7.69394e-114 1.29436e-123 4.21849e-115 1.81947e-102 6.74258e-73 2.29246e-155 1.88003e-127 2.06508e-106 8.31106e-65 4.61652e-186 2.29318e-61 5.37076e-62 1.20089e-109 1.79738e-77 1.01717e-162 2.42741e-145 1.04042e-127 4.54504e-111 5.22668e-122 7.1073e-86 8.66773e-159 5.12126e-116
2.2488e-07 2.63823e-18 1.47742e-21 1.19507e-22 1.03761e-47 1.18886e-11 4.55916e-87 7.57755e-66 1.15885e-73 6.83251e-104 4.4634e-46 2.04527e-70 0.00874695 7.57727e-70 3.84732e-76 3.53948e-80 2.67147e-31 2.18159e-98 4.82591e-43 8.77257e-17 5.68787e-75 0.10832 4.42775e-146 7.71296e-104 4.04863e-89 4.09153e-82 3.03039e-63 2.18482e-75 2.31796e-83 5.4213e-86
2.22773e-08 2.75227e-85 5.78121e-32 6.57382e-102 5.11238e-64 1.43688e-08 4.22618e-74 1.03661e-38 1.10768e-63 7.27699e-63 1.18362e-108 9.87933e-66 1.00953e-66 2.68121e-36 2.27842e-68 3.11947e-33 1.04143e-63 1.76971e-155 1.60253e-41 0.102299 2.04501e-108 1.02934e-50 4.54852e-121 9.54471e-101 1.67284e-126 1.64848e-26 9.57034e-18 2.34596 1.00195e-142 1.34375e-62
9.19737e-32 2.40045e-75 7.0339e-46 1.64649e-162 2.12019e-73 7.63722e-35 0.175787 2.11273e-61 0.0373882 2.09423e-16 0.193107 0.0595433 2.0161e-70 4.06648e-93 0.234817 0.0878248 6.30242e-26 0.176125 6.30777e-35 1.7937e-52 0.0643931 3.90828e-30 0.0439265 2.95441e-104 0.167534 0.0800729 0.60071 3.16457 0.383621 0.173926
8.71316e-51 2.05586e-58 1.68984e-26 1.20337e-25 5.92458e-88 1.21564e-19 1.71637e-146 6.46074e-74 1.67548e-81 0.0343667 1.66289e-61 3.31264e-74 4.40196e-70 6.94532e-51 3.92735e-125 2.43116e-79 1.58886 5.86065e-121 1.18008e-57 1.3047e-18 2.29878e-110 2.29342e-83 3.56546e-34 1.04822e-70 3.82004e-51 0.00240624 1.08924e-71 1.5199e-34 7.28334e-77 9.58099e-18
3.95256e-16 1.03148e-25 5.35896e-104 1.17194e-08 1.80319e-83 0.369068 6.7367e-59 0.0509706 1.10937e-106 1.89476e-49 2.16937e-40 6.87817e-20 1.8928e-58 0.22881 7.66787e-82 3.49912e-41 6.53859e-63 4.97283e-143 0.0921189 4.5774e-55 1.81493e-23 1.77692e-43 8.01419e-69 0.145779 1.26696e-51 2.40132e-45 1.65059e-99 1.38314e-36 3.59206e-154 1.46619e-55
6.23573e-55 2.89415e-56 6.11335e-71 8.74784e-94 9.10817e-09 1.10249e-07 1.11143e-130 1.71494e-60 5.91245e-96 2.40273e-115 6.48566e-116 3.60641e-96 0.707176 4.96156e-124 3.57409e-69 6.51034e-56 2.79188e-61 1.41687e-79 1.28955e-11 1.09222e-55 1.00878e-110 8.90824e-65 1.1856e-53 1.72229e-86 1.20291e-65 2.01871e-67 1.51023e-103 0.334847 3.58901e-159 4.34214e-36
3.10299e-60 0.0286554 8.83052e-35 1.46865e-85 4.58353e-29 1.31473e-23 8.89793e-112 2.13908e-16 1.50345e-66 8.31766e-33 1.10516e-42 9.70195e-88 3.99771e-73 1.58047e-29 2.58034e-87 6.64107e-45 1.74968e-12 5.53431e-191 0.00178792 6.20239e-67 4.15688e-22 4.74818e-67 1.06527e-160 0.000196103 4.67814e-46 6.65174e-102 0.0621428 1.47936e-24 3.83535e-104 3.17825e-112
0.114722 8.51658e-61 5.46485e-26 2.88281e-31 1.40905e-17 1.18771e-61 6.64696e-119 9.49155e-62 1.9431e-93 2.30221e-78 6.34012e-81 1.70981e-80 2.38074e-40 1.11815e-102 1.75768e-128 3.23918e-79 2.1044e-60 4.11736e-133 1.29729e-60 5.10758e-42 2.86533e-93 1.03795e-40 3.1941e-162 1.96012e-109 1.4744e-108 3.98904e-55 3.43216e-96 1.15139e-45 8.88548e-116 4.62171e-106
1.03892e-24 1.63363e-69 1.37942e-45 4.72657e-37 3.57631e-43 1.60525e-43 5.16653e-134 1.15371e-22 3.19373e-111 8.57963e-99 2.87991e-99 3.28869e-47 4.09467e-16 9.60662e-113 2.9592e-105 4.72661e-80 3.9693e-56 9.70737e-122 0.172516 3.69862e-27 4.30582e-80 1.0096e-10 5.9422e-158 3.95061e-115 2.14528e-118 5.099e-27 1.1949e-78 3.1963e-39 1.53875e-153 3.79401e-89
