1.55818e-127 7.53134e-13 1.08932e-190 3.22697e-199 3.19455e-62 6.60185e-135 4.90607e-321 8.44852e-322 1.7737e-321 2.41598e-321 2.09484e-321 8.10268e-322 8.69556e-322 1.08694e-321 1.4822e-321 4.57505e-321 4.496e-322 4.13088e-320 0.199375 8.78597e-188
2.42861e-103 1.461e-39 5.34164e-06 4.08797e-58 5.34282e-87 3.28321e-57 3.01874e-321 5.43472e-322 9.14021e-322 1.47726e-321 8.69556e-322 4.15015e-322 6.22523e-322 6.66989e-322 9.43665e-322 2.66301e-321 2.71736e-322 5.03947e-322 0.590209 1.082e-321
5.18299e-144 4.55896e-69 3.75159e-160 2.39906e-186 8.10729e-178 3.72664e-210 1.0993e-320 1.29445e-321 1.66006e-321 3.7302e-321 2.5642e-321 9.68369e-322 1.22034e-321 1.84286e-321 1.97626e-321 7.29241e-321 9.7825e-322 1.10671e-321 0.364827 2.74921e-121
1.3445e-26 8.18591e-265 2.2233e-321 5.67345e-276 8.54609e-117 8.15208e-322 1.66945e-320 0.583612 1.17779e-57 0.584093 7.79962e-297 1.65495e-76 1.36206e-18 3.3053e-321 5.40512e-276 2.25096e-320 3.99057e-155 2.07508e-321 1.13945e-39 2.12055e-09
1.82533e-75 4.11654e-21 4.04778e-87 1.16709e-176 9.69293e-102 1.29077e-154 5.2865e-321 8.15208e-322 1.6403e-321 2.54938e-321 1.55631e-321 9.7825e-322 1.26481e-321 1.08694e-321 1.43773e-321 4.89619e-321 4.29837e-322 1.06718e-321 0.478256 4.73153e-167
6.72333e-147 1.7015e-293 1.30433e-321 3.47976e-49 1.73297e-259 1.70917e-24 1.58265e-239 2.38988e-82 2.70314e-86 1.93207e-182 4.39175e-320 4.20125e-191 1.05625e-315 3.21637e-321 6.91813e-196 1.18131e-320 1.66994e-321 0.599217 3.29503e-78 0.469976
3.22964e-297 3.64821e-154 1.46737e-321 2.05454e-229 8.5925e-74 2.45687e-53 1.38832e-320 1.08517e-70 2.75195e-321 9.43942e-254 7.18866e-278 1.38338e-321 2.15152e-215 3.78454e-321 3.35471e-321 8.24596e-321 1.51184e-321 4.13049e-119 2.00584e-71 0.132064
7.66139e-185 2.18871e-321 1.16599e-321 1.19515e-20 1.6074e-276 6.4285e-231 1.62745e-320 7.62668e-61 4.10569e-321 3.73627e-62 3.45846e-321 5.50425e-267 2.77171e-321 3.40905e-321 5.56812e-321 1.37301e-320 1.80828e-321 1.21853e-100 0.961658 4.85855e-284
4.01945e-199 5.84623e-78 4.42879e-20 3.86605e-171 4.37532e-159 3.08764e-177 7.34182e-321 1.11659e-321 1.29722e-303 6.27783e-313 2.5395e-321 8.05327e-322 2.92039e-307 1.61559e-321 2.14424e-321 4.73809e-321 6.7687e-322 6.91746e-175 0.110151 3.01257e-315
1.00828e-105 6.70191e-30 1.3322e-207 2.50985e-321 1.76907e-105 1.95441e-311 1.23159e-84 1.06268e-204 0.98418 1.63939e-198 3.23155e-146 3.4387e-321 5.89017e-164 3.49304e-321 6.52661e-321 2.1976e-320 1.78852e-321 1.3547e-307 2.84796e-31 1.66277e-158
7.18203e-22 1.76486e-38 1.07827e-61 3.63124e-74 5.39507e-40 1.37874e-13 2.2233e-321 3.95253e-322 6.47226e-322 1.02766e-321 6.47226e-322 3.06321e-322 4.64422e-322 5.43472e-322 6.62048e-322 1.80828e-321 2.32211e-322 3.65609e-322 8.96393e-71 6.97269e-281
6.63043e-11 2.3864e-122 2.5365e-114 1.21902e-98 1.26671e-22 1.34989e-78 3.27071e-321 6.07701e-322 9.48606e-322 1.55631e-321 1.02766e-321 4.94066e-322 6.0276e-322 6.66989e-322 9.28843e-322 2.76677e-321 3.11261e-322 5.43472e-322 0.558143 1.23022e-321
0.000335081 0.000428928 0.000284341 0.101259 0.0016801 0.000148555 0 0 0 0 0 0 0 0 0 0 0 0 6.22359e-85 0
4.00687e-321 2.28752e-321 1.16599e-321 2.75689e-321 1.12499e-320 8.49793e-322 10.1283 9.00345e-198 8.01869e-321 2.55261 2.93728 1.5675 1.39704 3.04658 3.40444 12.8483 1.18355 4.69856e-321 0.0804554 3.7693e-31
1.93528e-249 4.17579e-319 1.46354e-288 2.61855e-321 9.89392e-54 1.16504e-234 1.83743e-320 4.30781e-201 4.13218e-286 6.06713e-321 0.0113476 3.05333e-321 2.2602e-200 1.18198e-309 7.90999e-321 1.04297e-320 1.3488e-321 4.45995e-17 2.04102e-23 0.38144
4.00731e-35 1.10545e-145 1.07657e-23 1.56166e-61 2.0096e-158 2.05103e-114 6.08195e-321 1.082e-321 1.39327e-321 3.78948e-321 1.61559e-321 9.28843e-322 1.07212e-321 1.45255e-321 2.03061e-321 4.15015e-321 4.84184e-322 1.57446e-280 0.241377 3.96994e-265
3.50743e-95 1.0647e-61 1.35062e-108 1.22254e-78 7.34313e-91 1.03046e-36 3.52269e-321 5.03947e-322 9.28843e-322 1.73417e-321 1.11659e-321 4.69362e-322 6.52167e-322 7.5592e-322 8.89318e-322 2.44562e-321 3.26083e-322 4.89125e-322 0.106594 3.37852e-254
