4.60948 0.19057
1.77784e-238 4.21222e-57 9.40655e-29 2.55141e-82 7.91764e-86 1.53232e-274 9.59139e-150 1.07328e-14 1.4423e-26 0.066209 2.83316e-243 5.50842e-107 0.715328 4.49769e-165 0.297809 3.59834e-34 4.21622e-139 1.84196e-62 1.54222e-152
4.15128e-81 2.03802e-38 2.05304e-35 1.47313e-130 9.23423e-107 2.34074e-87 9.30558e-100 3.21709e-44 8.6008e-103 5.83742e-147 1.07813e-68 7.03714e-22 3.59813e-208 3.46913e-44 1.50811e-213 0.447348 1.35799e-47 4.31077e-200 3.19791e-96
1.78558e-147 4.49225e-104 4.51309e-81 1.02242e-160 2.72704e-18 3.17278e-09 7.44204e-65 8.22992e-161 4.33576e-124 5.37581e-06 8.90524e-152 4.7829e-85 2.75775e-144 0.0424714 1.19279e-287 6.54236 3.20443e-94 1.54001e-210 1.78743e-87
8.84478e-22 3.36914e-42 7.76731e-13 2.05626e-53 0.0293016 4.17567e-52 0.0499701 8.08134e-29 1.72088e-13 1.78143e-148 1.22229e-232 3.28244e-115 5.03788e-193 6.43999e-193 1.93109e-305 4.659e-72 9.37791e-191 1.33548e-145 1.41222e-138
0.00658142 0.00217898 0.00638048 0.00777328 0.00073254 0.00367351 0.000459189 0.000704706 0.0135513 1.44007e-155 4.03132e-249 9.82002e-153 2.9702e-237 4.44265e-195 1.4822e-323 1.57231e-109 1.60577e-208 2.11059e-210 2.65748e-180
3.18225e-210 2.59075e-91 1.07121e-41 2.44823e-164 3.26038e-24 9.24654e-172 1.84918e-95 4.22127e-69 2.43684e-146 9.06942e-85 2.08697e-05 0.390326 3.71033e-128 8.20506e-87 6.61229e-101 1.96244e-102 3.59194e-12 1.10629 1.93915e-26
1.01138e-08 1.92881e-39 1.32737e-68 2.89093e-86 4.67887e-57 1.25411e-87 2.51509e-72 2.19914e-93 1.82292e-69 4.29956e-30 2.59855e-195 9.2608e-92 6.81411e-172 1.07562e-134 8.38806e-300 1.78965e-74 1.00022e-182 0.512816 7.72043e-139
2.19193e-83 2.94456e-167 7.77489e-72 5.65507e-132 6.8484e-99 7.8149e-188 1.47007e-24 6.20394e-179 9.9496e-159 3.67449e-22 2.79593e-90 1.4952e-87 1.04673e-165 1.2474e-115 7.3967e-169 2.42653e-93 3.39548e-193 0.621745 2.97087e-33
4.31387e-129 1.60601e-48 3.78841e-43 8.19524e-40 4.74671e-45 3.26272e-55 1.55013e-36 9.09439e-125 0.00598617 5.9682e-139 2.48136e-169 9.56006e-131 1.34983e-222 4.85182e-144 1.11819e-250 0.769451 3.24082e-179 1.29029e-17 3.10043e-24
8.28274e-61 6.18739e-07 1.52517e-88 5.44984e-57 1.63725e-104 5.04495e-137 3.90825e-100 2.13038e-134 4.93378e-78 0.17707 2.4925e-208 4.5763e-45 6.14771e-88 2.01158e-193 3.84108e-270 0.163908 3.63909e-83 5.35329e-169 3.74444e-153
2.34135e-117 8.59233e-102 1.9618e-82 1.10264e-167 1.31642e-92 3.30493e-18 8.21701e-97 1.08188e-83 5.02299e-217 5.25532e-51 2.03395e-110 7.39363e-39 1.60058e-91 2.68081e-174 1.13141e-321 4.31428e-64 1.30626e-188 3.78547e-36 0.271576
7.45903e-63 4.33309e-66 3.19699e-63 9.62003e-169 7.91182e-88 5.64818e-166 1.83722e-19 6.94621e-88 6.76585e-107 3.08784e-11 8.24612e-39 5.59767e-55 4.32393e-73 1.099e-97 6.57216e-239 0.0302446 1.45104 1.98306e-183 9.32705e-148
5.31078e-95 1.62645e-35 3.27432e-74 2.37252e-43 1.77962e-49 4.45976e-18 1.82459e-101 2.39146e-78 5.27155e-169 1.98843e-45 1.00141e-75 9.69756e-112 6.77015e-220 4.22389e-66 1.21684e-126 2.88561e-30 0.19622 0.622075 2.32854e-114
9.49364e-69 4.39045e-89 1.33987e-89 5.06066e-262 1.59435e-100 3.36499e-182 4.64135e-82 1.31066e-173 2.69025e-87 1.41759e-143 0.166375 2.58841e-115 3.44926e-185 6.19952e-143 1.37968e-177 2.47576e-63 0.282714 2.83377e-38 1.5949e-72
6.55371e-72 4.05436e-149 4.23723e-89 5.5684e-82 5.93451e-18 7.58406e-113 2.21828e-120 3.0122e-146 5.49309e-40 4.87639e-43 2.74391e-216 5.09597e-77 2.91902e-168 6.35579e-24 3.38496e-153 0.493965 6.13514e-178 1.65634e-169 1.02214e-59
