0.00259083 0.00023494 0.0102937 7.63482e-06 0.0172386 0.000261117 0.00279962 5.34676e-05 4.50836e-05 8.04168e-146 3.46464e-216 5.60509e-48 2.02924e-66 1.73924e-105 4.30497e-114 8.43788e-238 3.35473e-174 8.29089e-135 1.24417e-125
1.35887e-08 2.86822e-21 0.00913424 6.09274e-42 7.90647e-40 1.50737e-50 5.27118e-47 1.86632e-31 3.69801e-30 3.65869e-117 7.81129e-164 0.159356 5.45457e-46 1.54701e-76 2.38492e-63 3.04606e-205 9.67379e-137 1.76365e-94 4.36283e-91
5.96826e-24 3.4626e-11 9.59344e-20 1.12278e-49 3.60036e-29 7.39609e-52 2.33837e-49 7.39144e-35 0.132819 2.79371e-116 3.50209e-198 1.13571e-43 0.0397125 9.76897e-95 7.12407e-69 6.08929e-237 9.01869e-89 1.73631e-86 1.65874e-98
1.701e-49 1.81602e-47 1.48287e-101 2.07252e-116 3.91942e-20 2.08881e-111 2.10056e-45 3.02943e-26 1.74763e-45 2.02828e-73 4.52416e-197 3.24597 0.197716 1.05919e-43 6.21766e-59 5.45863e-213 1.16857e-45 3.67227e-28 1.57422e-63
6.45588e-12 8.32144e-26 8.47981e-05 9.37861e-64 6.20654e-34 5.18978e-30 6.43875e-32 2.02963e-44 1.24497e-24 7.30822e-95 1.12555e-178 0.507434 1.09456e-50 7.05118e-74 1.35688e-76 1.06239e-223 2.09731e-130 1.47765e-94 5.21329e-68
1.02138e-45 3.06114e-49 4.10787e-31 9.12015e-27 2.44592e-43 0.0996931 1.15986e-08 6.7816e-35 4.23838e-57 3.11883e-94 4.53236e-124 4.74011 1.55484e-53 5.28456e-94 1.94464e-81 1.52029e-196 5.40888e-137 3.05877e-124 3.65492e-121
1.0076e-60 5.16876e-41 2.09114e-68 0.0165756 6.35659e-10 9.98195e-21 2.51699e-53 1.75218e-25 6.84953e-58 7.48011e-89 1.02722e-146 0.147605 7.92648e-18 1.56017e-73 3.42746e-85 2.75757e-173 3.3162e-117 1.75241e-81 4.78318e-114
1.19612e-90 4.06503e-48 8.47584e-85 7.89754e-40 1.22493e-58 3.53758e-75 1.29786e-175 1.59822e-36 6.12091e-119 0.316225 2.87115e-140 9.91204e-32 3.95837e-40 2.18431e-40 6.37357e-18 6.85679e-194 1.42333e-13 6.2129e-108 0.226469
2.01797e-38 1.52034e-91 8.45955e-20 7.3451e-56 2.71115e-120 0.0031328 2.0424e-106 4.84797e-100 7.44396e-63 5.34018e-61 4.992e-83 0.493101 4.73433e-52 1.01365e-73 1.76992e-43 1.14604e-90 3.99144e-148 6.69065e-62 0.0247221
5.04433e-23 5.51081e-20 2.91708e-46 1.93589e-54 5.66694e-22 1.68597e-06 0.0102737 8.30194e-57 1.33854e-47 6.88281e-124 1.52286e-179 0.707686 2.98499e-61 9.93649e-56 4.08558e-99 2.41207e-148 2.26093e-166 1.1733e-112 1.69411e-93
2.94439e-83 1.94186e-43 8.09602e-37 2.47719e-45 6.45179e-26 3.11045e-20 2.41727e-49 5.14821e-21 3.06739e-58 2.86592e-124 6.0339e-151 0.150536 2.06158e-23 5.39464e-62 4.75254e-106 1.24002e-218 8.36381e-111 8.59593e-124 2.16141e-50
6.7575e-272 4.4785e-191 6.44234e-153 6.82926e-43 1.84676e-26 3.20265e-56 3.78954e-231 2.96423e-57 4.5904e-75 5.84847e-84 0.590941 0.242937 3.53122e-35 0.382541 1.95831e-66 1.44966 0.278838 0.634368 9.00069e-72
0.00194735 2.94015e-08 2.94318e-06 0.0702558 6.64662e-06 9.06232e-11 5.8395e-09 1.44047e-05 4.50804e-06 1.39223e-141 1.46714e-209 8.43292e-40 3.96533e-64 2.34071e-100 4.48808e-106 1.46817e-233 1.27395e-169 8.37812e-135 2.04744e-122
6.21511e-21 2.39423e-12 1.73867e-41 9.95334e-48 1.38154e-40 5.75917e-74 4.52683e-133 9.26144e-80 5.13475e-92 3.25585e-80 4.17579e-100 0.0129743 1.25596e-40 2.69368e-76 0.158134 6.37593e-225 2.01453e-47 1.27695e-45 6.29226e-124
2.90976e-19 0.0377391 5.55218e-23 2.40606e-48 4.91007e-17 5.41999e-20 2.28512e-58 9.34012e-16 8.24102e-23 3.61064e-94 3.29368e-157 0.255364 3.65131e-49 3.09525e-102 4.34754e-55 1.30202e-213 7.11545e-111 1.76124e-129 1.27065e-122
