2.21159e-51 2.44217e-56 3.17276e-28 3.00131e-20 2.5403e-63 6.22072e-23 3.88488e-35 1.14956e-14 1.7746e-19 3.1605e-49 5.27086e-39 1.45203e-13 5.20565e-16 1.51654e-17 1.63453e-28 1.56732e-53 1.61835e-65 1.6925e-17 7.6394e-63 8.01251e-74 0.0581946 5.64214e-95 8.72243e-18 3.10175e-81 4.5366e-21 1.08919e-41 1.00721e-60 8.84694e-47 3.13906e-08 2.10363e-59
6.50077e-55 0.117018 2.42084e-18 4.64286e-30 2.64863e-72 2.73346e-17 4.8894e-42 5.49105e-08 0.0501209 0.178529 0.170651 1.02123e-32 9.59934e-33 1.29244e-20 2.11525e-36 0.0414088 1.08296e-28 3.94909e-21 1.18186e-57 1.57538e-21 6.48292e-40 0.199606 6.95692e-50 1.3686e-31 1.45952e-60 3.00845e-48 0.0575728 4.18098e-10 0.160315 0.027187
4.3429e-42 2.26814e-44 5.41116e-43 2.74542e-46 1.94995e-69 2.68963e-07 2.30222e-63 1.09405e-32 4.94619e-30 2.57687e-61 5.5167e-14 2.21358e-37 1.97135e-27 0.022775 6.27094e-37 2.68406e-21 7.82836e-28 7.21776e-17 1.12952e-33 2.25564e-63 2.13646e-52 1.14309e-27 2.13305e-64 3.01947e-29 2.22643e-63 3.53931e-33 2.35341e-54 2.80538e-17 1.5074e-14 4.8094e-98
0.320293 8.60146e-32 5.44199e-66 0.0836099 4.99769e-15 1.50383e-31 0.033198 2.39002e-08 0.00572598 1.35714e-40 4.89069e-20 1.17707e-19 1.43743e-36 1.21583e-11 1.95196e-67 0.0716381 0.0733692 0.036755 6.09467e-36 0.0173234 3.23104e-32 8.882e-14 0.0200317 1.78832e-28 2.09887e-69 3.01156e-44 6.72853e-15 0.0674944 9.2658e-49 2.33708e-24
7.16045e-35 2.31857e-22 1.1544e-24 1.19032e-14 3.09939e-35 5.08607e-36 1.51136e-07 5.98288e-42 1.04324e-18 7.90084e-29 9.86474e-50 3.48567e-23 0.0316197 1.43292e-31 1.46505e-30 1.3975e-08 2.15435e-71 9.04895e-15 1.81132e-42 9.31458e-49 5.01064e-41 1.40184e-100 0.0977917 1.73319e-25 6.99849e-70 1.39605e-48 1.82282e-57 1.30222e-34 1.15215e-24 5.30839e-61
1.70385e-17 4.0442e-33 0.227738 5.30549e-06 2.85686e-37 6.84518e-18 2.73854e-70 0.0295767 0.0134569 3.27602e-71 5.0521e-38 9.78149e-33 9.52624e-11 0.000514207 8.43389e-31 1.72164e-59 8.17174e-68 3.22503e-20 6.82932e-28 5.2188e-61 2.01291e-46 3.91181e-49 4.99228e-17 0.339615 5.57268e-34 0.052483 1.281e-70 3.0849e-40 3.15418e-27 8.8855e-99
1.34311e-46 7.28025e-53 7.56156e-31 2.06058e-29 9.76738e-18 2.86049e-35 2.39515e-61 8.87788e-49 9.40415e-09 2.25821e-42 4.00528e-56 3.29644e-09 3.89182e-16 7.01666e-08 6.90071e-66 6.3332e-42 1.34322e-45 0.0105781 8.54953e-32 3.01066e-60 2.884e-48 4.72241e-92 6.11807e-64 3.92421e-55 1.19182e-57 3.32313e-34 2.15729e-65 2.54863e-65 1.9919e-20 1.765e-80
9.436e-49 4.81578e-21 3.15663e-49 2.16143e-28 1.51717e-18 9.53012e-06 1.02588e-16 0.0421808 1.03739e-50 2.21714e-66 2.33087e-36 1.07769e-38 6.97969e-28 8.24405e-15 1.31431e-59 0.219013 2.78165e-17 2.68455e-16 3.35115e-07 1.65826e-56 5.07578e-12 1.19784e-79 3.9546e-25 1.3869e-13 1.21466e-78 1.05078e-07 4.35626e-44 4.51317e-29 8.57118e-27 1.27408e-44
2.99807e-51 5.27456e-60 3.05247e-67 1.27918e-51 1.09022e-31 0.0801112 4.31594e-17 1.22177e-39 1.26943e-22 5.58331e-60 1.19129e-46 0.028673 6.37554e-49 1.12332e-15 1.13154e-66 1.05328e-25 2.93601e-74 3.88828e-16 0.201926 1.40365e-24 1.59436e-39 4.65562e-56 1.02026e-06 3.23015e-79 2.54021e-56 7.66359e-43 1.95062e-85 4.15381e-56 0.00387899 2.35594e-39
1.62867e-35 1.38168e-45 2.69541e-58 1.5472e-50 2.07299e-11 2.0516e-06 1.22073e-35 3.46969e-31 0.00309263 2.78613e-74 0.012989 3.99531e-23 0.00692947 2.01537e-34 1.81009e-58 1.5764e-22 4.62633e-86 7.40467e-48 2.75815e-18 2.24391e-35 3.55201e-14 1.37372e-72 1.18575e-47 2.84733e-78 1.57196e-59 2.96934e-36 4.68063e-51 3.13496e-54 5.25601e-34 3.85793e-40
2.07237e-17 4.03351e-49 2.39243e-75 3.72482e-22 5.96263e-37 5.01459e-09 1.25658e-12 9.00739e-16 1.59505e-31 9.13393e-47 7.69666e-07 0.0237762 1.41364e-68 0.0632175 0.168646 4.86213e-11 1.10768e-76 5.14832e-36 1.5249e-31 1.30999e-56 2.63455e-12 2.47935e-62 1.47593e-57 1.53415e-27 0.175136 2.08573e-10 0.00412375 3.43922e-16 0.438631 0.0418035
2.04487e-53 2.9186e-53 5.41989e-73 1.87303e-07 0.0842071 1.75118e-10 7.75699e-37 3.80851e-06 1.82937e-11 1.6084e-47 6.6377e-42 1.01031e-31 1.84146e-60 1.78189e-10 3.40133e-44 1.31778e-12 1.25389e-81 1.76425e-28 1.32117e-27 5.18887e-16 2.94743e-12 1.67294e-33 0.00141066 1.43469e-66 3.50739e-22 3.99011e-52 6.70388e-17 1.78446e-31 5.6722e-32 1.4769e-70
