0.0149333 1.61729e-55 1.0918e-13 1.39919e-116 7.33753e-40 5.14469e-77 7.47062e-12 0.151627 3.86109e-130 1.06298e-86 8.12429e-54 5.30737e-42 2.79929e-97 0.0125511 2.10171e-07 0.175207 2.58425e-06
7.21731e-60 1.45252e-93 0.506894 2.43219e-34 2.08285e-08 8.24886e-61 1.69685e-27 7.34257e-48 2.46862e-145 1.93429e-73 1.12035e-45 3.55879e-102 1.51244e-112 4.32597e-54 1.59887e-34 7.97405e-97 1.10014e-50
3.56839e-101 0.00251869 2.00949e-55 2.22387e-48 2.58906e-85 1.03374e-64 1.69038e-43 2.25621e-52 0.0639037 0.00579217 3.57953e-39 4.74388e-45 0.0653867 2.25321e-102 8.14602e-95 3.8392e-44 5.23726e-143
1.22765e-109 2.69159 7.41505e-75 3.21385e-52 6.95208e-62 2.13015e-52 1.34862e-27 7.20493e-91 3.26651e-83 1.45691e-20 0.0270389 4.62563e-142 7.83494e-41 9.7609e-74 3.09577e-76 5.26672e-94 4.72275e-120
3.34912e-56 1.99281e-42 4.10718e-71 6.33202e-108 0.074399 1.46391e-80 1.05902e-102 1.58657e-19 6.72255e-105 2.48722e-31 2.37581e-42 9.57437e-145 1.87942e-37 4.3473e-100 7.41854e-36 4.9263e-21 4.88682e-46
7.26639e-35 1.49075e-44 1.60611e-06 2.70238e-159 2.9093e-69 3.02489e-43 0.0690408 1.38793e-91 4.261e-123 4.4535e-81 7.68834e-92 4.23882e-64 2.06716e-124 1.64922e-57 0.149606 1.86099e-70 0.266348
5.05373e-61 1.17039e-47 0.00252823 5.99297e-125 0.125227 7.48201e-70 6.97127e-71 9.86431e-75 3.57921e-158 2.74635e-14 2.85589e-36 3.66943e-68 3.88792e-118 5.44318e-47 5.52195e-97 0.117445 6.75751e-24
3.10091e-05 4.43692e-57 1.37611e-41 1.22463e-53 1.36255e-78 3.50811e-81 1.09149e-84 4.47706e-97 6.32436e-118 1.86082e-75 0.320617 5.74771e-81 1.64436e-103 4.06127e-35 7.41332e-105 3.25386e-79 1.85328e-169
2.97989e-28 0.213952 3.58011e-22 4.59261e-52 2.63065e-25 3.45534e-22 5.22602e-155 7.62722e-121 3.92666e-88 0.168619 3.3737e-22 4.95136e-85 3.62875e-129 2.97893e-78 9.26888e-39 5.10193e-99 1.88787e-31
4.44296e-22 1.99264e-20 1.30998e-36 1.49086e-172 2.96348e-33 5.36818e-96 1.41136e-105 1.85306e-31 1.09639e-41 8.91577e-22 0.156193 1.00172e-74 3.83767e-119 1.04294e-31 7.46162e-79 6.32942e-39 0.0873651
0.0167271 1.7985e-11 7.6664e-56 4.98325e-148 0.000349794 1.45994e-59 1.67036e-61 4.9057e-19 0.0532943 3.30357e-101 3.95569e-31 1.39751e-61 2.74038e-130 4.7736e-69 4.56849e-82 5.92211e-39 6.059e-124
4.45349e-38 1.66423e-28 1.2933e-09 0.553505 1.51031e-36 0.0491105 3.23978e-12 7.75008e-74 3.15645e-33 0.138416 9.87694e-24 0.177546 2.21198e-30 8.29882e-58 7.71669e-12 2.4543e-99 0.446969
7.71792e-28 0.244531 6.08916e-66 6.39656e-62 1.88172e-63 3.3119e-20 1.55153e-18 7.36242e-77 1.6881e-48 1.73146e-09 9.80781e-23 1.07063e-117 9.3821e-45 0.129014 3.01521e-79 9.4276e-17 5.19843e-138
2.17535e-73 2.53292 6.04693e-81 5.56986e-100 1.15928e-16 4.75368e-79 5.10863e-153 6.39827e-59 1.86376e-116 8.01907e-69 1.38128e-131 6.1981e-50 4.23739e-23 4.13596e-87 1.5968e-67 2.7937e-71 1.86785e-113
4.57844e-44 0.12304 3.2849e-79 4.76108e-118 3.50572e-33 4.15633e-43 9.2223e-125 1.71412e-22 2.66258e-58 1.01196e-21 2.94749e-12 2.14725e-102 3.91711e-137 4.56559e-48 3.97763e-42 7.24342e-35 4.86107e-155
