3.46355e-317 3.79508e-241 1.69378e-290 6.34748e-220 2.93969e-321 1.89768e-260 3.22847e-191 8.05791e-210 4.69768e-193 1.44941e-297 1.74182e-199 2.16416e-224 7.13482e-203 1.10457e-278 7.34838e-262 1.2744e-316 2.21341e-321
2.09284e-137 3.79501e-92 6.20052e-321 0.340732 2.22867e-124 0.106704 3.16328e-139 3.83103e-68 9.2678e-08 6.12183e-207 0.189674 1.15092e-145 4.44701e-78 1.25022e-278 2.34002e-241 3.00886e-321 7.6011e-257
2.54123e-222 5.21282e-296 6.35346e-257 3.77789e-149 0.640155 1.27219e-112 1.28409e-230 1.66014e-29 2.54036e-228 5.42943e-138 6.4849e-89 6.21873e-234 3.82084e-184 1.29703e-306 1.17354e-05 9.09841e-310 5.67616e-132
5.56083e-74 1.78763e-115 6.51737e-295 3.48619e-133 5.74265e-193 1.09969e-145 0.244384 1.00039e-157 8.44257e-38 0.00679169 1.07958e-101 2.30609e-144 3.31659e-93 2.05827e-98 3.87548e-66 1.27496e-220 6.71435e-321
4.49728e-234 1.6897e-321 6.68471e-321 6.5595e-212 3.4139e-71 2.73506e-296 0.00202229 3.16636e-247 1.92259e-183 6.45899e-208 0.184121 4.53163e-56 3.28528e-106 3.3346e-217 6.82739e-79 3.18672e-321 6.0029e-321
3.29542e-321 1.39629e-66 2.35824e-187 2.39241e-177 8.65109e-321 0.783053 0.00686451 3.13804e-89 9.63118e-07 2.83594e-321 1.22445e-265 2.01301e-113 9.67946e-11 2.68817e-174 1.75324e-78 7.798e-64 7.57403e-321
3.23119e-321 6.47602e-288 6.32404e-321 1.73033e-09 7.37146e-321 1.45942e-162 0.731404 2.92345e-172 2.08753e-170 6.47662e-260 2.08656e-198 1.00354e-185 1.28797e-242 2.30729e-321 9.30875e-190 2.25083e-146 7.22181e-157
6.39254e-54 1.12842e-232 1.2398e-263 0.0889679 1.76684e-285 1.50119e-279 2.91623e-206 1.71619e-44 1.94177e-66 2.99403e-31 1.74675e-224 3.91247e-260 1.61111e-53 1.61804e-18 3.77342e-253 1.08051e-305 7.22818e-321
3.45352e-321 1.07067e-310 1.46153e-86 6.0519e-06 1.48354e-102 4.2371e-140 6.89951e-145 5.07297e-137 2.5443e-87 1.84362e-206 1.32628e-292 3.71626e-248 0.404676 6.81943e-213 2.0192e-104 0.629871 1.54019e-229
8.233e-227 7.13381e-319 3.95253e-321 9.40117e-154 3.36459e-321 2.81154e-283 2.79363e-131 1.18686e-164 0.0923193 4.76647e-317 2.0779e-182 6.15735e-149 1.20624e-153 4.84667e-106 4.32476e-227 7.65288e-169 3.66103e-321
2.07386e-310 6.58695e-312 2.17807e-277 1.06112e-182 4.87643e-321 4.22131e-74 1.91463e-60 3.83661e-198 1.51186e-232 2.37152e-321 1.37723e-251 1.40535e-239 0.314877 2.37283e-240 7.0287e-47 2.18406e-112 5.69914e-256
4.51591e-248 6.55623e-110 2.46488e-258 9.06892e-12 1.0008e-267 3.35375e-301 1.43128e-131 5.27114e-68 9.34842e-172 6.49306e-286 1.11644e-59 0.895364 0.087501 5.93796e-14 2.67175e-225 1.03376e-83 8.86179e-100
0.948664 0.426697 1.73667 2.94633e-118 1.35589 11.7915 2.51316e-206 0.380592 1.07635 3.2445e-291 2.45313e-145 2.16024e-96 2.69747e-53 2.64236e-274 0.641108 5.39804e-103 1.76892
6.763e-240 8.49885e-104 1.84532e-262 1.33759e-180 1.02123e-130 1.09828e-205 6.39249e-56 4.45936e-66 4.16272e-80 0.651437 4.75461e-09 2.07748e-55 2.73433e-55 1.12202e-299 1.03631e-314 4.35875e-164 6.86257e-321
5.26663e-98 1.57688e-309 1.9211e-100 8.37751e-180 1.59266e-182 4.96987e-287 5.60048e-208 5.55e-132 2.38416e-234 9.35518e-262 1.32383e-174 6.00073e-134 1.66329e-161 0.440656 1.79189e-84 1.09976e-187 4.6616e-93
