9.83464e-07 6.34279e-233 7.42299e-62 1.60052e-48 4.55597e-130 1.30095e-69 7.47551e-204 3.14032e-75 1.82333e-15 1.03519e-168 6.12641e-322 4.47623e-321 1.26975e-321 7.16794e-286 6.40178e-290 2.47828e-200 5.92274e-07 1.37844e-321 0.439984 2.02073e-321 1.03965e-78
1.67884e-320 5.42484e-321 2.19876e-199 2.08491e-233 2.95434e-262 3.28554e-321 3.52584e-276 8.55604e-219 2.36163e-321 1.40383e-18 1.35726e-167 7.61919e-124 4.58098e-320 1.39348e-92 6.00365e-61 3.36459e-321 0.320656 0.646121 5.7412e-261 2.27362e-146 5.91665e-83
1.88041e-320 3.77727e-08 4.39517e-66 5.10497e-136 3.676e-295 1.42859e-277 1.87745e-321 2.50491e-321 1.70663e-154 8.76967e-321 0.494458 9.47344e-298 5.52588e-32 0.0958613 3.4429e-47 0.607865 0.382442 3.76478e-321 5.15584e-289 1.19495 1.47265e-150
6.8581e-62 6.04045e-142 4.12111e-294 2.8739e-61 4.49595e-77 1.1065e-151 4.73832e-83 1.0083e-67 1.85095e-09 7.069e-44 5.63235e-322 2.88558e-236 2.6657e-142 0.567817 2.91544e-282 1.69959e-321 3.27123e-89 2.60138e-232 2.01106e-20 7.64166e-274 4.53054e-74
0.000284826 0.000254943 0.00121698 0.000463015 0.000144572 8.35342e-05 4.02148e-05 3.54701e-05 6.14276e-05 0.00030285 0 0 0 8.28365e-299 0 0 1.39286e-213 0 3.79607e-310 0 1.44761e-321
7.00571e-267 7.13483e-138 9.96009e-176 1.09866e-32 8.15295e-88 6.57161e-75 2.32615e-250 7.33333e-09 0.0210618 1.32978e-229 6.57107e-322 3.79527e-244 1.31655e-166 1.49012 3.91448e-217 9.31001e-198 2.41216e-66 1.60077e-321 5.1652e-18 2.54938e-321 4.29771e-76
3.07395e-284 1.39928e-33 1.0758e-197 6.95452e-191 9.06002e-154 6.22092e-257 3.71715e-123 1.75393e-321 5.24483e-175 3.75687e-136 9.43665e-322 5.42525e-264 3.67569e-297 1.11521 2.19298e-255 2.33199e-321 0.000110592 1.62054e-321 0.0666075 1.17099e-309 6.96443e-256
0.00980358 0.00041341 0.00297535 0.00374747 0.000314239 0.0012328 0.000448975 0.00138396 0.00066414 0.000871849 4.94066e-324 2.96439e-323 9.88131e-324 1.64114e-297 1.4822e-323 9.88131e-324 2.04013e-211 4.94066e-324 2.13276e-308 9.88131e-324 9.4202e-319
5.86648e-122 5.49401e-321 4.60347e-199 1.84986e-95 2.77717e-301 7.41122e-170 6.83678e-289 2.33363e-201 6.4837e-124 6.98609e-321 1.21245e-275 5.22134e-184 1.96638e-321 6.46835e-62 0.0093926 3.63747e-254 2.04678e-121 2.46376e-149 0.158656 3.15708e-321 5.3103e-294
3.34293e-116 3.90171e-10 4.22906e-175 2.98033e-37 1.85553e-153 2.15152e-151 1.91989e-160 3.26444e-313 1.78465e-197 2.78291e-260 7.11455e-322 2.35122e-274 4.65396e-295 0.185906 1.18018e-94 1.48714e-321 1.28564e-100 8.96008e-273 1.10537e-282 1.58357e-310 6.73865e-244
9.07026e-06 0.000768736 0.0736458 3.32515e-05 1.09786e-06 3.26144e-08 3.02209e-06 4.83484e-05 1.51093e-05 0.000657675 9.88131e-324 1.08694e-322 2.96439e-323 7.09654e-290 4.44659e-323 3.95253e-323 4.51499e-209 3.95253e-323 8.61984e-305 4.44659e-323 2.48436e-319
4.82176e-162 9.04506e-154 1.44523e-183 4.74372e-174 2.70637e-181 3.77763e-159 9.38647e-165 5.67129e-71 4.40729e-113 1.43185e-266 5.63235e-322 1.98788e-179 7.97206e-298 6.79184e-238 6.54848e-79 1.9812e-321 0.0613833 1.45255e-321 3.17536e-254 2.46045e-321 1.34564e-114
6.51434e-24 2.35715e-178 3.19858e-320 8.48615e-162 2.83747e-158 1.03167e-157 2.4045e-172 2.21607e-121 1.98614e-321 6.37839e-321 1.22528e-321 7.01079e-321 1.05493e-27 3.43228e-273 0.41841 0.370058 1.59917e-95 2.51674e-49 7.9233e-34 3.26577e-321 2.76984e-170
1.69766e-310 1.78523e-251 2.19558e-48 4.7262e-288 9.20875e-98 2.34971e-91 1.33892e-321 1.49371e-319 3.13281e-274 4.11176e-304 8.95522e-73 1.65626 0.475067 6.40693e-255 0.206646 5.14883e-198 5.82321e-127 1.2065e-128 1.12106e-160 3.03172e-317 0.285242
5.14408e-08 1.44536e-248 7.23946e-151 1.37394e-58 4.79978e-109 3.77882e-125 2.32021e-54 1.07852e-193 1.79513e-183 2.2763e-29 1.14623e-321 5.57451e-137 1.49702e-321 0.605808 5.14572e-259 2.10966e-321 1.02954e-95 1.09275e-230 2.74491e-233 2.19859e-321 0.208032
1.27429e-223 3.0282e-200 2.40524e-156 1.9503e-14 3.1834e-37 1.91995e-50 8.56541e-221 5.80755e-248 2.19803e-67 4.67971e-95 4.69362e-322 4.08592e-321 2.18572e-168 2.66707 3.6577e-169 1.59089e-321 4.46726e-17 3.91002e-205 3.18685e-186 1.96638e-321 1.20902e-222
6.63563e-218 7.90698e-174 9.73173e-285 3.12974e-116 3.34444e-27 3.43501e-168 1.90419e-258 2.24087e-67 1.32025e-41 5.79373e-253 6.7687e-322 2.55468e-184 1.98015e-231 0.123229 1.58828e-148 1.67488e-321 1.08936e-169 1.28457e-320 1.0063e-282 1.89721e-321 7.9418e-171
