3.07853 0.129436
2.02669e-118 7.96271e-173 6.49598e-100 1.23759e-16 4.93892e-172 1.50302e-201 6.69254e-238 7.18565e-83 7.02817e-57 2.32691e-130 2.0186e-26 1.34657e-126 4.1041e-197 1.99429e-144 0.561997 1.17047e-58 0.0282203 1.52736e-29 3.7595e-41 0.262229 4.96894e-75 9.15316e-16 8.12855e-36 0.160168 4.14094e-126 3.46847 0.316724 2.26604 0.235117
1.19833e-22 1.38469e-29 2.76895e-72 7.29733e-15 2.37997e-21 9.18357e-09 2.58935e-28 2.89118e-74 2.5891e-23 8.56674e-63 8.5873e-112 1.39217e-26 2.7313e-50 2.4797e-09 5.74425e-107 1.45919e-86 0.196826 6.77717e-21 8.37564e-138 3.56638e-147 3.60198e-70 8.56035e-89 3.37083e-31 2.89064e-88 6.73448e-136 8.1627e-181 3.01942e-88 7.70265e-212 2.05668e-124
7.49318e-128 1.70866e-145 1.57997e-28 1.52696e-47 1.81665e-48 9.96827e-42 1.80352e-103 4.01151e-45 2.51816e-92 1.30125e-18 5.15099e-153 5.89615e-22 1.25167e-53 1.98278e-132 1.58123e-50 6.11404e-61 3.39574e-65 1.25918e-39 5.73164e-100 8.10513e-128 1.19947e-07 4.0801e-131 9.54633e-117 2.64535e-131 0.320576 1.1947e-63 1.80201e-103 4.26529e-137 2.08871e-43
1.56574e-119 3.82122e-81 2.18627e-95 4.0482e-139 1.29438e-65 6.26549e-75 4.87099e-13 5.90509e-48 8.52404e-182 9.48957e-115 2.56193e-34 7.5931e-178 2.59703e-79 7.36132e-129 8.54448e-120 1.0303e-17 1.85416e-36 2.73261e-41 3.34126e-87 8.56634e-221 4.20561e-17 4.18005e-44 1.73485e-108 1.37186e-92 4.16593e-80 3.86065e-59 0.341207 1.17102e-123 1.372e-145
1.17705e-29 3.24528e-95 0.0140938 1.13313e-66 2.62553e-122 1.73394e-137 3.76033e-170 3.65103e-15 1.94584e-40 4.16484e-31 5.40863e-33 3.9057e-172 6.05278e-63 4.66215e-28 3.42713e-126 1.52372e-06 0.468697 0.819691 2.73443e-35 3.02015e-180 1.89393e-24 1.37451e-08 6.6103e-106 5.25213e-99 5.78627e-113 2.05537e-174 0.195381 4.59059e-220 8.86901e-93
1.38502e-73 6.28992e-85 1.57328e-23 5.11219e-86 2.57696e-25 2.48618e-50 4.49151e-82 1.52697e-11 5.37771e-24 9.44746e-84 1.74442e-110 1.60038e-73 1.12662e-16 3.43291e-46 7.66443e-131 1.9446e-108 0.0748886 9.2599e-38 1.13962e-85 3.23415e-137 2.35736e-42 2.65798e-80 1.0764e-82 8.07422e-157 6.9745e-112 1.46742e-71 3.53624e-81 7.7619e-185 4.09063e-176
0.000186409 0.000664867 4.06386e-05 6.53895e-05 0.000106066 0.00540465 0.000414636 2.02656e-05 0.000310108 6.02003e-05 0.00036927 0.00013206 0.00023038 5.8003e-05 3.31208e-137 2.55077e-114 4.77992e-114 2.02457e-85 2.25091e-161 2.98108e-236 1.26923e-96 4.45381e-159 2.77037e-131 1.9425e-180 1.27211e-177 5.42291e-186 1.151e-160 1.09091e-262 5.6634e-206
2.10325e-99 4.49595e-104 0.000822481 1.32986e-116 1.08225e-09 1.29234e-28 2.18036e-90 3.00955e-60 6.59221e-170 1.01716e-134 1.22528e-16 1.60142e-52 0.00267468 1.60798e-37 9.10108e-73 2.74676e-56 1.13892e-59 8.29565e-26 0.111704 1.03479e-225 5.05213e-65 0.0379494 6.40554e-80 5.70197e-29 0.0111469 0.0742516 2.93255e-127 9.92961e-94 1.36107e-43
1.03433e-106 1.36001e-20 1.01724e-72 4.66623e-17 2.22319e-58 2.68429e-38 2.33346e-94 4.7559e-113 5.34439e-79 3.82948e-116 7.516e-97 4.28626e-81 1.36155e-40 3.48943e-89 2.58783e-41 0.201524 1.6805e-107 1.74872e-55 7.50059e-40 1.3397e-77 3.22865e-72 9.67719e-136 9.46215e-36 2.05611e-120 4.81677e-160 7.36081e-18 0.285024 3.64465e-142 5.16467e-196
7.17606e-13 1.23813e-08 5.02297e-44 1.26437e-91 9.31916e-11 5.24424e-61 1.49227e-120 3.17155e-172 6.86313e-126 3.8554e-87 1.50813e-76 0.000161318 7.6865e-109 2.71084e-19 1.68208e-85 2.02135e-37 4.62139e-06 3.4629e-24 2.31477e-06 1.01233e-120 0.0557091 2.0293e-63 0.170922 4.08485e-90 1.74559e-11 1.50108e-176 0.403812 1.39307e-166 6.05279e-172
2.88321e-46 5.57501e-95 2.685e-65 6.66169e-65 1.47985e-35 6.91797e-112 4.30636e-83 1.73558e-38 1.95628e-23 2.30705e-83 1.85524e-136 1.84637e-19 1.7079e-21 1.99784e-78 9.10159e-66 1.06177e-108 0.304618 2.24461e-52 1.07764e-53 9.19446e-134 2.24922e-33 1.43672e-128 1.62264e-110 1.49888e-105 1.10348e-119 8.86247e-124 1.93457e-107 5.19057e-126 1.12732e-109
