2.54036 0.0456815
7.40283e-39 4.28273e-43 2.91253e-37 1.41794e-59 1.12476e-17 0.0060162 0.0115305 2.75453e-21 5.9421e-06 0.297737 4.0076e-29 3.42499e-23 1.02332e-27 7.70075e-26 0.102129 2.51642e-05 2.39357e-13 8.8078e-50 6.32474e-34 7.71715e-07 1.23257e-08 3.70169e-50 0.0495998 0.000155516 0.0903554 4.73571e-25 1.24471e-15 1.04008e-24
3.76434e-41 1.02107e-13 2.07366e-45 4.68102e-12 0.00799543 5.62294e-19 4.4365e-23 1.18379e-18 0.0336069 0.159239 9.20908e-27 2.33138e-23 0.130731 0.0112547 1.1347e-39 1.54589e-05 1.64864e-10 1.03799e-32 7.9341e-08 1.43301e-24 3.42756e-15 4.88025e-28 3.84041e-15 0.0733897 7.52699e-44 2.29054e-17 1.97566e-33 7.73917e-21
1.64491e-21 1.33531e-41 1.33667e-60 4.46052e-55 1.13393e-16 3.09847e-17 8.0737e-17 0.0387983 2.48129e-07 1.28795e-06 2.30378e-11 0.0213795 0.0920514 6.80793e-41 2.17542e-36 2.06663e-14 7.94535e-37 0.04918 0.233656 0.0352855 0.0557536 0.0259063 0.000184789 8.24332e-16 4.07148e-05 9.19875e-15 6.69937e-27 5.24139e-20
1.01674e-37 1.37043e-31 1.67691e-33 3.56039e-39 5.98853e-19 9.12181e-08 0.0359317 0.0139696 1.06871e-41 2.96781e-29 0.00719234 0.00208419 1.43696e-27 4.67904e-06 1.93259e-50 3.22739e-14 2.38378e-21 2.16705e-18 1.12055e-41 3.34458e-23 3.01715e-54 3.93071e-40 0.00017492 9.99501e-14 2.04159e-37 5.94791e-15 4.74404e-40 2.04293e-13
5.84074e-32 7.71684e-18 0.000560001 1.62597e-56 9.63647e-22 4.51542e-22 3.10877e-20 0.0882939 9.12355e-46 6.44279e-24 6.69703e-39 8.23524e-11 2.73791e-22 1.34832e-14 1.22759e-34 1.09108e-19 0.0133608 5.85963e-33 3.96966e-35 1.66579e-12 4.85876e-46 3.09605e-44 0.00867378 4.17215e-32 6.62411e-23 0.12222 0.0276228 7.31468e-10
0.0856829 7.46642e-41 4.23857e-46 5.91492e-18 1.76695e-16 0.061838 3.81653e-34 0.0169801 1.60602e-41 0.00455334 0.0144901 4.14422e-29 1.2717e-37 1.32594e-43 6.20805e-40 0.0687146 1.26426e-07 4.80617e-22 1.52719e-12 1.01652e-45 3.44456e-37 1.95101e-19 1.54067e-14 5.51569e-26 1.11425e-39 2.25053e-22 3.57502e-35 5.21691e-05
9.28661e-08 0.341031 4.78721e-06 3.50959e-17 5.71979e-23 2.27736e-37 1.16149e-39 1.08692e-41 2.79462e-49 1.78493e-32 3.90331e-34 1.6952e-21 1.31704e-28 8.53734e-40 1.22752e-54 6.21723e-20 3.36484e-40 1.18529e-43 1.32069e-39 1.64989e-44 4.76704e-60 3.89064e-47 4.10485e-24 3.74802e-38 7.6943e-47 1.10917e-32 8.75349e-39 8.89639e-25
2.50768e-27 3.54751e-39 4.47978e-40 2.07197e-43 3.92911e-16 4.13126e-46 7.07898e-14 9.93627e-36 3.36285e-48 0.189 2.53842e-36 3.68749e-09 2.43148e-27 1.01542e-11 6.43681e-19 5.54771e-23 1.07098e-30 1.9947e-22 1.52615e-30 1.6858e-38 2.25172e-37 6.0394e-57 7.85312e-21 5.52491e-41 9.68846e-28 3.03132e-29 4.66669e-14 3.70984e-07
2.90431e-19 1.33384e-42 0.0507263 0.0352811 0.0371373 5.49518e-12 1.27188e-07 1.86611e-20 9.57575e-07 3.15041e-34 2.22272e-07 9.43307e-06 5.86316e-33 2.33551e-39 4.93578e-25 0.0070947 4.63859e-18 2.5374e-19 5.42213e-41 1.039e-23 4.89633e-22 1.00214e-23 3.38342e-08 7.97819e-17 2.38708e-32 5.19053e-10 8.62952e-14 0.0307133
