1.07269e-203 2.26058e-30 3.36308e-144 1.26463e-100 1.98874e-96 8.5681e-75 1.3145e-261 3.84009e-220 1.22949e-259 1.05439e-176 1.59089e-321 1.87354e-239 1.44858e-274 5.69253e-80 1.7463e-25 0.129264 8.19697e-136 4.68154e-151 9.13282e-203
2.02842e-122 5.05952e-221 3.22859e-253 1.04039e-141 3.45687e-177 4.25326e-83 2.00591e-321 3.33497e-221 2.03441e-151 1.86808e-175 0.294498 9.45265e-88 3.32012e-321 7.39904e-25 9.08628e-18 1.04365e-135 1.27346e-69 8.05327e-322 1.87133e-86
0.150713 5.95505e-47 3.71249e-32 1.8126e-43 4.36224e-59 7.7488e-26 4.26719e-25 4.06489e-62 1.3618e-36 9.39876e-221 2.34987e-317 8.85788e-264 5.13828e-322 1.00971e-216 1.26886e-296 1.73702e-204 9.17935e-284 1.18576e-322 8.7685e-250
1.29438e-26 2.76119e-63 2.4682e-91 1.28256e-05 7.36696e-122 1.24436e-84 6.69291e-76 3.4805e-123 2.12956e-231 4.8312e-117 1.90451e-202 2.32097e-224 1.13842e-256 2.38028e-215 4.72409e-267 2.00337 1.02346e-294 3.11881e-263 5.16478e-47
3.63442e-139 1.16959e-228 9.15948e-320 3.9144e-308 8.69556e-322 6.53774e-40 2.12942e-321 8.79437e-322 1.20831e-296 1.09157e-106 2.49686e-299 1.35767e-281 0.676538 1.334e-33 1.90844e-243 1.89881e-143 5.18785e-36 1.17355e-278 0.326498
4.18195e-22 3.19516e-235 2.68905e-262 3.56102e-311 1.06266e-281 2.77641e-45 4.745e-232 4.07949e-71 1.17588e-321 8.22326e-143 9.97921e-240 1.49744e-129 2.03696e-118 4.01771e-222 0.51943 9.25577e-06 3.01014e-293 6.42285e-322 1.17031e-261
1.38491e-38 7.91013e-102 4.43764e-171 2.52808e-98 4.87864e-45 2.3847e-121 2.37809e-148 1.41677e-81 1.03079e-242 1.15995e-123 8.67561e-227 2.05531e-321 1.02671e-157 0.0768332 1.10872e-306 1.71602e-141 1.99036e-282 4.29837e-322 1.06271e-265
0.0020711 0.00224326 0.000158322 0.00103654 0.000339039 0.000406174 0.000932039 0.0003363 0.000634803 4.51854e-265 4.94066e-324 9.88131e-324 9.88131e-324 1.01741e-230 9.88131e-324 4.56945e-250 1.46737e-321 0 3.66291e-298
2.04924e-219 1.48462e-67 5.3995e-121 5.02297e-151 2.62094e-150 2.40011e-47 2.06566e-86 1.38886e-176 1.05536e-148 2.49603e-72 9.51994e-134 0.0990256 1.04359e-235 3.57919e-37 9.22713e-155 2.34369e-123 1.08805e-46 6.0276e-322 1.70741e-290
3.5547e-71 7.53461e-137 2.91879e-55 4.34296e-202 1.35076e-60 3.88585e-80 1.47092e-200 3.45811e-115 9.07631e-216 3.4572e-219 8.44983e-241 1.78251e-65 2.49546e-278 3.51051e-186 3.78918e-194 0.536212 1.95351e-260 4.0296e-319 5.64928e-119
2.89858e-300 4.72327e-321 2.30758e-268 2.32143e-290 2.68915e-216 3.4729e-84 2.609e-230 7.01573e-322 5.93684e-08 0.0294714 0.133257 3.201e-14 8.9443e-277 0.339384 4.50131e-314 0.0474943 5.93793e-268 2.07392e-76 0.153818
1.24144e-260 1.15032e-10 7.21538e-240 6.90328e-180 6.10405e-213 5.67754e-197 6.39142e-133 1.31214e-255 5.93751e-151 0.361277 5.61562e-133 1.67023e-46 2.6729e-321 1.40758e-202 4.91232e-230 5.34361e-134 0.770626 2.52829e-69 2.17772e-154
1.49177e-172 1.5843e-223 7.34313e-229 2.336e-187 8.15789e-65 4.08803e-66 1.383e-256 4.97348e-258 1.56405e-246 7.3201e-226 1.54757e-250 4.1532e-271 1.08885e-256 1.079e-197 1.24599e-172 0.8822 8.56112e-279 7.36864e-195 2.40093e-135
1.66529e-05 4.20995e-233 3.7549e-322 2.33199e-321 1.39173e-309 5.89755e-252 1.10023e-271 9.95305e-140 9.81428e-212 8.5305e-114 4.4153e-202 0.60306 2.1069e-143 3.27185e-69 0.0754497 0.38483 7.63008e-289 4.72758e-167 1.49964e-289
3.05805e-16 5.78132e-07 2.86219e-22 2.85991e-05 2.12458e-19 0.0426725 1.46348e-22 4.95542e-18 2.11334e-23 7.81778e-250 1.92686e-322 2.86558e-322 2.2727e-322 1.23767e-210 2.86558e-322 3.30381e-240 3.6276e-312 5.43472e-323 1.57035e-285
5.681e-217 3.57026e-149 9.0428e-27 5.45373e-60 2.39929e-117 5.46639e-144 5.73625e-49 4.00147e-181 1.58595e-321 2.9428e-134 1.05849e-123 7.69893e-301 0.048554 1.34728e-225 4.7303e-177 1.16801e-18 2.10533e-315 0.179574 1.10293e-236
