1.58565 0.1375
3.66617e-31 9.10972e-49 9.61139e-54 2.49045e-87 0.207447 3.24288e-74 3.8194e-78 2.54173e-14 1.89307e-54 4.32252e-175 1.11274e-55 3.09586e-112 2.26746e-53 6.4498e-60 2.34992e-56 1.90278e-50 1.05643e-95 1.37149e-59 4.23815e-83 3.026e-81
2.32975e-95 1.19886e-75 4.17438e-35 2.10239e-144 2.18811e-28 4.2147e-97 1.93915e-81 8.80553e-29 7.84157e-37 0.46576 1.39629e-26 0.0895358 1.98152e-05 0.0288017 2.99347e-37 1.67766e-52 0.0511356 1.34544e-32 1.40213e-13 5.4511e-153
9.81828e-42 2.78793e-64 0.0358087 4.60562e-93 0.16658 5.45371e-111 4.26306e-134 1.30979e-92 9.00046e-119 2.56081e-117 7.50895e-113 2.18832e-32 1.43603e-36 1.20975e-80 4.43313e-103 2.46734e-118 3.61824e-92 0.0111782 2.19314e-114 5.75968e-193
1.28565e-126 4.36072e-45 3.04512e-41 6.01813e-145 5.88046e-32 1.72241e-36 0.179416 1.93241e-45 2.60414e-115 3.56613e-106 0.0906701 6.46882e-142 1.51784e-48 3.85301e-21 2.87293e-100 4.8801e-10 8.49986e-59 3.50551e-08 0.116813 1.94725e-160
6.77819e-39 2.75573e-69 6.53045e-80 2.10978e-164 2.36031e-36 9.43993e-135 0.0462336 1.86556e-74 2.90196e-69 2.21913e-133 1.11046e-34 3.29588e-42 6.82959e-86 3.85267e-16 5.04402e-40 1.68453e-87 7.4096e-31 1.31783e-20 1.90857e-102 4.43636e-188
1.69633e-28 5.77501e-42 5.86831e-75 1.4161e-64 1.58877e-34 5.89662e-99 6.15643e-24 6.31135e-71 1.56137e-100 2.45365e-87 1.59414e-54 2.42895e-68 9.4884e-81 0.0339137 1.08582e-81 9.55513e-59 2.93593e-80 1.95538e-30 4.07583e-135 4.54291e-170
0.0466377 4.16461e-20 1.28055e-23 4.82697e-102 5.3482e-18 3.09213e-89 2.44314e-123 4.08597e-28 1.73101e-101 1.38995e-117 1.07048e-44 2.367e-66 3.59553e-13 0.0534679 3.40531e-45 6.02949e-13 6.55744e-93 6.92233e-71 2.66962e-66 1.49533e-112
1.93725e-122 0.0191987 2.83258e-74 8.11457e-105 3.20093e-29 0.0815628 8.07533e-82 0.054225 5.25859e-116 1.23333e-69 1.90123e-60 2.05598e-125 1.83104e-51 1.32209e-79 5.97654e-101 5.96174e-115 1.23633e-80 6.05154e-50 5.25541e-25 9.72661e-67
1.01584e-130 2.07321e-35 6.43941e-71 2.12694e-107 1.49975e-45 3.083e-59 1.10993e-111 2.75323e-43 5.7837e-134 2.39947e-57 1.84824e-133 2.83527e-156 2.77011e-21 2.84286e-107 2.87621e-46 4.41942e-118 3.54628e-85 0.473979 4.96296e-133 6.39267e-95
1.36335e-148 1.678e-87 1.22513e-56 3.84073e-125 8.82227e-56 8.39939e-132 2.15524e-64 1.68186e-11 7.06775e-129 3.5998e-153 5.13005e-55 4.52937e-47 2.87769e-18 0.0877846 3.41279e-40 1.33507e-22 1.05295e-82 1.11403e-05 3.68544e-106 1.13642e-146
2.73604e-176 5.61449e-88 2.51437e-96 4.23066e-170 4.94225e-70 6.73603e-11 6.54061e-132 0.0435328 1.15477e-57 3.566e-54 3.51154e-09 6.13674e-39 0.0253661 0.191303 2.11301e-66 1.48195e-58 1.68573e-54 9.51293e-16 5.47423e-75 4.4527e-105
3.47069e-182 3.12428e-50 2.80863e-86 0.299792 2.9554e-86 3.20425e-29 4.02636e-132 1.25407e-88 0.340795 8.70416e-118 1.22467e-62 5.31322e-68 0.00207787 1.68207e-136 0.85827 0.344018 2.31939e-84 0.083624 0.0134452 0.213865
1.15459e-127 1.21562e-93 1.31696e-32 6.04352e-130 1.34951e-93 0.169647 2.94714e-29 1.73379e-80 9.1262e-107 1.89624e-109 0.0656222 1.12394e-41 0.0474494 5.70871e-48 3.09996e-66 5.44928e-115 6.34849e-35 2.89414e-30 2.02681e-74 8.33822e-130
