0.00249235 0.0756235 0.000940619 1.13731e-168 1.31974e-169 6.12963e-120 2.60898e-76 1.16125e-168 1.28678e-144 1.6064e-168 9.07368e-113 1.19355e-134 1.12541e-173 5.99003e-120 3.87039e-155 2.72148e-199 2.96194e-165 1.22647e-187 2.13411e-124 1.20495e-123
5.12018e-121 2.30932e-71 1.8504e-27 1.43487e-159 0.433109 2.98612e-95 5.02447e-53 0.17851 1.21569e-140 1.37839e-22 0.000495976 2.66793e-46 7.56964e-169 3.99187e-111 1.89977e-118 1.26277e-151 9.72294e-64 5.10194e-110 3.26264e-123 2.21784e-15
0.00135443 3.54195e-42 7.65184e-161 2.56809e-30 7.47323e-41 0.193294 4.12058e-69 1.14852e-43 1.08566e-92 5.92634e-54 1.14498e-55 1.49858e-119 2.47892e-157 1.13447e-35 3.46095e-117 4.16644e-111 3.51288e-29 0.87481 6.76518e-94 2.98424e-109
1.03815e-42 1.78087e-48 1.7629e-162 1.62728e-32 1.3839e-153 6.49908e-87 6.85733e-46 3.47651e-16 0.133243 2.57621e-99 8.97405e-11 0.0156602 0.152029 3.70218e-75 9.15336e-152 6.57209e-34 1.85617e-55 3.91587e-31 3.43013e-16 0.00238649
1.02947e-05 0.0499986 1.64e-06 3.61557e-170 2.06774e-171 2.3909e-122 6.2118e-78 4.65708e-171 1.12592e-142 2.59838e-167 1.80128e-113 4.74167e-134 1.00392e-176 4.40572e-120 1.92464e-156 6.43181e-198 4.34531e-165 7.56313e-186 3.08324e-125 1.05565e-123
1.03314e-59 4.74012e-32 3.47125e-30 3.59189e-168 3.84276e-157 5.95242e-88 0.148716 1.02909e-97 8.54035e-116 5.23846e-140 4.48498e-99 2.17115e-15 1.15253e-96 6.11023e-111 5.07631e-117 9.03284e-195 2.51256e-99 7.09748e-135 8.7456e-70 9.44613e-89
3.47211e-100 5.81724e-94 5.79828e-120 9.07076e-137 1.05329e-52 5.82114e-30 2.64854e-24 0.172651 9.04033e-93 9.88817e-121 2.80081e-71 7.64349e-105 0.165627 1.23754e-84 1.68893e-123 4.2216e-69 4.2831e-149 6.16979e-48 9.8682e-24 1.47552e-10
1.98323e-130 4.54082e-78 1.6695e-153 6.87568e-118 2.94553e-164 6.03882e-92 3.04189e-21 1.46742e-91 3.5855e-104 3.65153e-42 5.26943e-31 0.0399912 8.96187e-27 1.57503e-43 2.43671e-151 8.80077e-124 8.64679e-97 1.17088e-90 3.43973e-36 1.16081e-64
4.79339e-192 1.51764e-121 1.23307e-45 0.126614 0.0499772 2.5572e-10 2.35996e-20 1.14597e-70 3.78251e-11 5.34182e-53 2.71113e-55 3.64969e-34 3.79997e-106 5.03733e-62 1.12777e-47 0.103674 2.50698e-10 1.24416e-30 0.24842 3.03484e-14
6.22408e-113 8.50992e-34 3.59233e-25 2.99855e-40 7.522e-14 3.92812e-48 0.0855447 7.52663e-61 1.62113e-51 2.4528e-136 7.32664e-21 2.01821e-17 3.43994e-36 1.34144e-79 3.4435e-107 5.17244e-186 1.52635e-133 2.77977e-63 1.01222e-113 2.57206e-75
6.37071e-114 2.01156e-24 3.63138e-95 8.86119e-117 2.12811e-16 2.42241e-78 0.669153 1.12764e-144 8.10065e-53 0.110796 7.8896e-96 3.67025e-36 3.00183e-67 0.0452662 0.155579 1.04425e-179 2.79823e-39 0.202421 1.35209e-82 1.33349e-24
1.0737e-30 7.12391e-72 3.60861e-83 7.15053e-163 1.99293e-153 1.24786e-58 0.325465 2.77052e-94 1.75996e-67 1.47991e-137 8.27923e-94 1.76179e-39 1.56178e-36 2.77417e-44 5.3516e-83 3.36033e-97 7.87586e-106 1.69739e-92 5.27868e-99 3.59453e-79
4.1125e-149 1.0279e-27 4.42929e-158 2.8475e-65 9.14568e-90 3.79876e-57 8.53977e-66 3.44706e-122 6.37824e-66 2.60371e-38 0.595695 7.64319e-92 1.91139e-110 1.02265e-112 1.39907e-34 4.61089e-79 0.223119 4.62886e-43 7.4917e-31 0.147152
