6.56863e-14 2.36287e-16 4.45272e-75 6.43659e-67 7.46591e-06 1.31672e-25 1.01789e-34 5.01926e-28 1.51787e-37 1.33891e-42 1.81046e-19 0.0919557 6.51219e-19 9.052e-122 4.22249e-69 4.0617e-26 2.79894e-09 7.61298e-43 1.48027e-20 1.74186e-79 2.95699e-46 3.58171e-25 0.0164406 0.0195537
3.07559e-47 2.2079e-16 1.51532e-74 9.47952e-57 1.10721e-49 4.31758e-25 5.32495e-08 5.17003e-51 1.00258e-12 1.63777e-81 9.54993e-43 0.246318 1.25953e-20 2.62968e-138 3.98752e-60 1.63695e-73 0.000815005 1.49479e-62 6.18282e-53 1.48433e-83 0.0121819 4.27498e-20 1.96137e-62 2.50972e-56
1.08959e-25 1.64676e-50 7.96617e-45 5.22503e-20 3.44974e-11 4.57907e-47 1.78521e-58 3.32666e-13 1.09794e-24 3.7931e-35 0.155077 3.17762e-28 7.12927e-42 9.6103e-125 2.84255e-42 3.26585e-63 0.366728 8.91638e-42 1.08137e-58 2.00367e-28 1.91945e-06 9.79814e-05 1.01452e-40 2.82567e-23
1.87389e-11 1.48457e-29 2.2312e-07 2.55695e-14 7.04353e-31 2.57447e-56 6.2854e-58 5.79559e-48 2.21992e-16 6.27259e-67 1.59894e-57 2.56699e-43 7.66985e-37 4.11741e-140 4.07111e-55 6.91567e-52 0.039237 4.28035e-50 9.45417e-63 3.69822e-63 3.24052e-31 2.44138e-33 9.92185e-45 9.0001e-33
5.6956e-30 3.47036e-30 5.34187e-49 4.19197e-07 6.87981e-35 1.4349e-18 2.2158e-29 5.63017e-42 3.7654e-18 3.39871e-47 6.53334e-40 2.60869e-33 2.88259e-10 6.84316e-135 2.14342e-40 1.55661e-49 0.074407 3.49646e-48 6.56884e-50 5.89748e-84 1.2193e-51 8.23535e-17 2.47686e-43 1.24992e-57
2.24404e-58 6.72135e-47 1.23932e-30 9.87586e-50 0.0110193 2.25368e-05 3.94536e-50 1.41724e-39 9.68852e-38 0.448456 3.68151e-40 1.96798e-31 1.45772e-31 0.0400275 2.14295e-51 5.26223e-56 1.45346e-33 0.0924008 0.666492 0.0791981 4.26658e-11 5.75851e-19 1.65901e-39 4.81424e-15
9.18159e-29 7.35948e-31 7.2952e-53 4.67475e-53 1.21308e-50 1.04411e-63 9.26825e-54 3.12187e-36 2.78181e-33 9.52612e-65 3.7448e-21 5.37516e-31 2.30588e-14 1.52285e-116 2.1813e-28 4.11104e-58 0.0905509 9.56867e-26 3.7569e-52 4.23125e-57 1.50405e-48 2.23562e-31 7.47907e-48 1.10581e-38
0.0011763 6.64978e-43 1.96422e-07 4.11921e-41 9.68579e-51 5.86388e-48 2.89814e-58 2.69787e-41 0.0414505 2.39936e-65 2.99658e-54 3.90864e-51 1.94486e-38 2.71486e-125 5.97981e-16 6.42386e-61 1.73605e-23 1.54553e-12 3.63199e-38 4.28002e-62 3.38653e-53 4.29609e-13 4.99883e-17 1.04182e-11
1.66075e-75 6.9332e-16 1.73348e-11 4.30547e-60 0.00176377 1.07662e-41 9.52585e-28 8.57061e-50 5.87723e-14 7.12054e-44 2.99637e-50 1.19555e-14 1.94737e-07 1.98943e-100 0.0635407 0.0499195 1.46848e-12 4.24931e-07 9.65168e-44 2.1839e-75 9.88942e-36 7.01235e-19 0.0293409 4.55312e-33
1.54514e-40 1.84378e-11 1.15122e-47 5.48865e-14 1.30131e-34 1.08385e-59 2.03204e-20 0.157787 1.90312e-05 3.74939e-75 9.99021e-64 2.33302e-32 2.72601e-27 2.34981e-81 1.60598e-42 1.25602e-31 0.141572 6.65022e-48 2.98753e-22 4.06902e-36 1.04159e-44 1.39637e-29 8.56025e-39 1.27857e-55
7.18616e-52 0.00299154 3.45365e-11 1.63152e-71 8.98866e-18 4.61148e-13 3.87716e-35 1.9427e-45 6.27056e-26 6.89717e-20 2.57093e-46 1.47225e-35 1.02412e-22 2.19611e-103 1.28264e-30 2.50314e-72 0.0878639 3.55292e-13 7.37212e-24 4.51149e-78 0.0570624 0.000120105 2.328e-28 6.35335e-65
2.66513e-17 1.75363e-51 1.75194e-71 1.77651e-26 1.61545e-36 0.142686 0.0840475 1.18904e-26 0.00602533 5.86842e-69 3.22873e-57 4.44506e-22 3.01089 2.83209e-78 3.54038e-63 1.08847e-05 1.26247e-25 1.09766e-60 1.23824e-26 8.15081e-78 2.41911e-43 0.0716918 1.19846e-28 5.02811e-51
1.5407e-69 1.53658e-55 1.0497e-56 4.23655e-53 0.0411264 3.38938e-16 1.87909e-55 1.73715e-21 7.59824e-07 5.12472e-67 0.10366 0.074828 3.3479e-23 3.65337e-102 7.03752e-49 1.12264e-54 3.76553e-23 5.95218e-24 8.41316e-22 4.25665e-38 2.39188e-36 5.21654e-28 1.56236e-37 1.33484e-68
0.0015914 0.0113198 0.0015013 0.000516465 3.01722e-55 1.2797e-62 1.85634e-60 1.04899e-49 2.16783e-39 2.74554e-92 8.50045e-77 4.19022e-55 6.84019e-47 1.87252e-140 7.0488e-75 1.00924e-78 8.85918e-35 8.8854e-81 4.82818e-67 3.87866e-85 6.36707e-62 1.34948e-45 1.17325e-62 2.25892e-68
1.46082e-48 4.03022e-29 2.46429e-54 6.76589e-08 3.19938e-43 5.37005e-27 2.40591e-35 3.81592e-11 1.96547e-36 1.53043e-44 1.5718e-74 6.51258e-40 5.13759e-33 6.26331e-83 1.33278e-47 4.2423e-62 1.33374 5.55693e-12 4.03172e-40 2.60263e-76 8.07416e-45 2.60026e-32 2.33556e-37 2.10948e-35
0.000653067 1.15064e-31 1.62194e-45 3.37125e-12 3.74095e-28 2.6393e-37 4.13912e-45 8.10874e-36 2.49694e-20 3.39436e-82 4.78515e-49 2.68339e-24 6.11212e-21 3.21843e-117 3.86288e-18 7.02679e-21 0.1006 6.02379e-39 7.82709e-39 4.94528e-52 2.92043e-60 2.07911e-18 1.02738e-22 8.25661e-58
