1.56605e-126 1.01747e-23 6.13287e-60 4.6253e-121 3.87986e-187 1.95991e-104 6.20429e-103 4.64834e-68 5.64233e-66 4.37292e-82 5.7067e-88 7.31973e-134 5.43338e-94 2.06591e-65 1.64363e-21 4.26317e-133 0.100544 5.1308e-22 1.17329e-123 4.16621e-58 3.17369e-93 2.0371e-44 1.73534e-98 0.283803
4.58696e-64 6.23602e-54 3.91298e-113 7.19034e-131 6.13799e-82 4.5548e-120 2.33315e-31 2.56848e-35 1.24061e-09 4.96986e-77 1.86135e-34 3.50411e-27 4.5343e-41 3.83193e-75 3.63874e-78 5.75749e-127 0.164714 8.30878e-07 0.00337938 1.97846e-116 1.19045e-92 7.55921e-42 5.66615e-61 5.93714e-10
6.60159e-111 3.6948e-81 7.1204e-56 1.72753e-95 3.6756e-179 1.16757e-80 2.50573e-101 5.30627e-110 4.54013e-50 5.26988e-96 0.0795081 1.71853e-114 1.32519e-80 0.187057 3.60216e-100 2.8529e-50 2.703e-06 1.23981e-104 0.213018 3.28485e-136 1.15867e-08 8.9333e-05 0.091668 4.51052e-152
8.39111e-61 1.6065e-112 2.43964e-92 1.59765e-57 0.121977 7.63131e-77 4.24211e-33 0.000249486 1.27054e-30 1.66815e-97 3.79543e-63 7.39867e-30 2.301e-14 1.44935e-43 1.95276e-113 2.20197e-21 5.67904e-39 6.89431e-10 3.54919e-23 2.31774e-129 1.59516e-33 2.14908e-57 0.105928 3.23698e-115
7.52412e-59 2.69279e-91 7.24586e-45 3.33534e-85 2.08422e-43 1.66811e-88 2.99105e-131 7.16674e-116 1.77741e-84 2.55682e-44 2.16355e-07 1.72931e-84 4.77134e-57 6.6143e-130 8.0533e-112 4.5479e-80 3.70753e-07 0.152568 4.53895e-131 0.555086 6.32119e-07 3.30806e-86 1.01975e-87 4.14039e-117
4.50977e-69 1.02158e-80 7.17549e-104 1.97276e-47 3.35843e-159 1.56189e-155 1.16453e-81 2.54791e-80 3.3084e-103 3.28031e-108 0.0370611 1.97317e-37 8.91465e-15 1.1277e-08 1.61975e-59 1.00929e-72 3.11882e-135 9.06051e-61 6.06228e-45 6.93823e-80 1.56698e-89 1.95107e-123 2.94252e-47 0.0333357
3.76191e-64 7.4475e-153 3.81369e-117 1.88137e-18 1.73129e-150 1.15298e-111 1.76559e-66 1.54138e-128 1.00183e-85 2.48284e-81 1.39731e-76 4.57003e-32 3.45891e-133 2.5354e-150 2.26904e-108 3.72442e-11 8.15486e-37 1.62425e-25 5.58254e-32 0.0363515 8.92981e-12 0.000470144 1.50464e-29 1.5384e-70
4.96652e-31 6.12094e-80 1.23119e-77 3.47713e-93 9.27425e-17 5.96701e-113 0.45117 4.63468e-113 1.14506e-83 0.000156779 3.21667e-61 1.15351e-49 1.4187e-37 4.80963e-148 2.34643e-22 9.30863e-119 0.0961868 2.18313e-95 1.73947e-07 3.78204e-25 3.73414e-113 0.208983 1.64176e-71 7.47648e-100
1.76871e-16 2.90779e-85 3.71776e-09 1.47713e-31 7.70931e-151 1.08661e-44 8.14962e-146 5.30529e-41 4.71149e-45 0.309093 0.17894 1.19224e-79 6.87478e-08 7.30456e-21 8.50759e-56 3.10563e-116 1.28838e-144 8.04144e-52 2.0295e-91 3.23869e-63 1.76763e-79 3.22722e-66 3.82199e-126 9.81461e-116
2.71146e-70 1.23763e-88 5.77296e-46 1.90466e-59 9.68346e-163 5.62068e-111 9.19253e-104 1.01469e-178 3.55479e-100 7.39519e-86 8.56129e-121 1.26055e-64 3.12078e-67 3.24346e-65 6.07696e-94 5.71364e-119 3.60948e-73 3.41844e-95 5.86104e-90 7.02665e-72 3.65664e-44 2.24654e-75 5.14195e-86 1.92767e-114
9.13296e-101 7.60349e-21 2.32401e-51 2.74256e-115 2.97703e-119 1.75404e-78 2.82322e-100 2.29603e-90 2.4716e-15 7.49215e-40 2.01351e-36 9.65523e-142 0.00269004 1.27449e-75 4.00695e-76 1.9818e-15 3.26386e-159 5.60218e-41 1.00293e-77 0.437153 4.656e-81 1.26244e-126 2.14777e-112 6.63716e-79
3.38026e-24 1.39286e-55 4.95972e-81 1.0153e-120 1.44953e-138 2.20499e-26 9.75466e-92 1.53287e-79 1.36005e-43 8.23837e-93 9.75578e-22 4.15773e-69 0.0853025 1.79936e-10 5.86897e-24 1.46587e-133 9.37686e-123 6.87625e-57 8.85003e-139 0.192038 1.12787e-109 3.54329e-29 2.9161e-32 1.31383e-12
7.9155e-102 0.00295803 2.98843e-85 6.31421e-88 4.01839e-171 6.29471e-111 1.79068e-83 0.0418972 0.450214 0.0730042 1.67351e-59 2.4664e-106 2.2396e-158 5.81377e-131 5.52299e-15 0.00541348 1.50168e-99 2.4556e-65 1.25102e-114 1.4762e-64 0.396153 1.59186e-24 0.0376821 7.4998e-118
9.36497e-95 9.819e-34 4.99459e-102 8.64195e-23 1.52618e-85 0.114644 5.33423e-101 7.13339e-31 2.35133e-90 1.13178e-62 4.70486e-56 7.02741e-103 6.619e-47 5.13907e-119 6.94128e-18 0.372624 1.28155e-67 3.50013e-15 9.61734e-138 8.15081e-80 2.75833e-23 2.71183e-86 7.68582e-61 3.21587e-156
2.0164e-05 0.00126558 0.00798641 0.0006028 1.28951e-195 9.76804e-157 3.31257e-161 1.84633e-225 1.75688e-109 6.59655e-122 7.20035e-139 2.56655e-158 4.20469e-161 3.07882e-154 2.34654e-129 9.24969e-147 2.05851e-160 4.53627e-124 9.95502e-189 3.47436e-138 3.00584e-120 6.59369e-129 3.7366e-147 6.8808e-160
3.67933e-09 4.91575e-29 1.71766e-134 1.16923e-57 1.92942e-112 1.57194e-24 1.00635e-122 8.67544e-97 8.33851e-97 6.17903e-33 5.44969e-07 0.467074 0.0271433 1.01748 0.231274 3.99253e-110 2.02374e-86 1.16571e-43 7.98752e-18 2.71809e-28 6.18655e-99 5.3039e-91 1.62561e-64 3.14388e-24
