2.86507 0.0996101
6.78759e-83 1.54446e-87 0.0690337 1.89594e-23 3.72642e-75 1.06739e-49 3.81385e-62 3.69154e-15 0.313404 3.12132e-41 6.48929e-34 3.15825e-05 6.71473e-67 9.73294e-56 1.06838e-66 2.37713e-30 7.48918e-108 3.75382e-22 9.19492e-85 7.94611e-67 0.498987
0.50852 1.03482e-117 0.00648752 3.24107e-35 1.82114e-39 2.06115e-20 4.7064e-105 6.62474e-42 1.85379e-05 3.31475e-21 4.96034e-59 0.279387 8.49788e-105 4.32041e-17 1.28173e-31 0.134926 7.57782e-92 0.0002529 2.98797e-78 7.5157e-69 1.79064e-21
1.46202e-57 6.13071e-104 3.24066e-53 3.66243e-48 2.32192e-13 2.07303e-16 1.46689e-29 1.9249e-77 3.92827e-21 0.287063 0.0498729 2.0232e-27 3.32511e-65 9.4441e-47 3.10972e-51 5.85825e-52 1.66264e-29 8.94907e-44 2.36176e-47 2.23357e-102 6.64511e-56
8.39519e-72 4.30095e-76 2.77765e-50 9.64856e-84 4.25264e-79 4.9123e-24 4.98964e-70 6.2278e-13 2.29441e-58 1.96313e-61 8.28694e-20 5.97398e-106 4.61279e-31 5.93504e-80 1.01166e-41 1.90024e-37 1.04281e-85 2.19981e-28 2.89336e-47 1.59559e-53 0.245635
1.54853e-48 5.31139e-103 7.85075e-70 2.15848e-45 2.6153e-53 8.21312e-45 3.63247e-42 1.0132e-77 3.79489e-55 1.48005e-16 3.9459e-39 8.68622e-87 9.07959e-76 0.0574496 3.8875e-96 2.91618e-47 0.0719845 5.15692e-17 5.06175e-94 1.52914e-105 0.0738451
1.69867e-31 7.67837e-120 1.3233e-22 8.06974e-29 7.31781e-15 1.75312e-35 9.76458e-133 8.85326e-65 1.90054e-12 3.94551e-18 8.27982e-20 2.57841e-69 1.03128e-66 1.92601e-73 1.00675e-89 3.2823e-64 3.32614e-78 0.126228 2.00775e-55 1.36461e-67 2.55961e-48
2.65349e-71 1.15095e-98 1.74038e-05 6.5872e-51 7.58314e-85 2.60479e-08 1.84269e-132 9.60653e-43 1.14479e-60 0.481981 4.48947e-27 5.87756e-53 1.02835e-43 1.05153e-16 2.71537e-114 1.65556e-88 4.18614e-35 1.49298e-09 4.65156e-41 0.12032 5.69007e-23
2.48428e-14 2.89692e-73 2.26946e-48 6.54052e-35 3.99492e-24 7.43163e-52 1.06135e-122 4.57759e-11 0.492358 8.52418e-55 1.51556e-37 4.37433e-47 2.22647e-109 1.42747e-50 2.04496e-68 3.52982e-63 7.92854e-25 4.21719e-57 2.83393e-48 2.94906e-45 1.04943e-47
2.05893e-48 4.12567e-94 2.3547e-61 7.69268e-38 1.27486e-79 2.14092e-26 2.51902e-100 8.30708e-68 1.66043e-05 3.01344e-33 5.83944e-26 2.45351e-40 1.21691 1.42679e-09 1.88377e-43 3.75522e-59 9.07301e-59 2.77242e-63 9.61568e-50 4.54263e-45 1.21377e-07
5.35001e-33 0.0962946 0.0776616 2.11582e-64 0.0529281 2.19842e-46 7.30313e-103 1.30725e-76 3.79709e-31 0.000129064 3.43091e-17 3.35505e-59 3.10916e-39 1.27584e-27 4.16562e-78 5.94874e-113 0.0164021 6.76353e-29 0.0940036 6.49903e-94 4.90001e-23
3.41968e-26 2.99443e-133 1.07267e-12 0.0579315 7.78904e-30 0.234736 0.165671 0.146437 3.91494e-14 6.46173e-34 1.32591e-21 4.04645e-84 1.18166e-43 5.47431e-47 0.0422374 5.52116e-26 8.64821e-92 0.189121 3.19046e-46 5.80358e-74 6.81308e-52
