1.71448e-123 2.69728e-168 1.72571e-60 4.29212e-270 2.4479e-91 1.13772e-07 0.027052 1.20012e-11 0.189339 0.202355 6.6019e-43 1.74587e-36 3.68485e-287 8.88412e-37 7.44814e-175 8.08358e-121 1.19571e-150 2.60014e-214 6.74199e-63 1.12078e-95 1.44907e-116
1.43715e-227 1.22858e-104 8.50907e-179 7.3734e-131 1.43681e-221 2.57911e-44 2.42868e-216 0.195167 2.33808e-193 4.38202e-30 7.34731e-156 1.77584e-99 1.2067e-217 0.108851 0.031424 6.07528e-88 5.49169e-147 8.43285e-93 1.56504e-190 3.07317e-110 0.792497
8.75017e-281 0.223865 1.53798e-225 2.57551e-264 1.57748e-142 2.11826e-157 5.47193e-268 7.62546e-138 1.42543e-145 9.6796e-91 1.56316e-285 9.03385e-167 1.72888e-271 6.52414e-149 3.46972e-116 1.26861e-48 5.73062e-78 4.51462e-201 7.36038e-133 6.93003e-45 0.137009
1.13534e-140 6.13011e-06 2.18108e-195 2.75067e-115 1.13157e-70 4.88538e-83 2.3664e-177 7.27766e-15 8.43994e-247 5.68597e-118 4.2853e-215 4.87269e-141 2.36568e-267 0.147401 1.56219e-130 0.049958 4.21307e-85 2.29151e-211 4.76642e-207 3.52466e-22 9.04321e-77
5.92515e-313 2.07989e-78 2.80695e-207 7.15056e-156 7.80818e-70 5.58069e-134 7.22497e-272 0.463323 6.3508e-147 1.58428e-37 4.57126e-140 6.38532e-121 1.38517e-261 1.32046e-97 1.8761e-150 3.44258e-127 8.49968e-12 2.35391e-82 6.99397e-242 1.1977e-92 3.03718e-84
3.1932e-281 7.03875e-97 1.45104e-271 1.6757e-211 1.38385e-143 6.59991e-153 1.56905e-175 6.45712e-36 2.36666e-189 1.80346e-114 6.4992e-138 3.04895e-80 9.03084e-260 3.02104e-31 0.245746 1.06742e-110 1.74432e-85 9.69853e-160 5.66671e-151 1.24816e-25 7.67016e-156
1.54442e-217 0.000203793 1.45541e-96 4.519e-75 8.0749e-133 7.19155e-107 2.16093e-79 3.6679e-54 1.87133e-158 2.49865e-83 2.83417e-134 1.58452e-200 1.31828e-291 2.39179e-57 2.11339e-120 1.41447e-50 8.74444e-157 5.14684e-133 1.15064e-155 1.3255e-84 0.347576
0.282228 4.76364e-176 3.58497 5.31611 1.74988 1.17722e-164 2.42242e-71 2.42296 9.6205e-129 3.76645e-189 4.3705 9.36073e-95 0.864796 8.79339e-16 0.471449 2.93066e-33 1.92272e-154 0.290831 0.393019 8.18464 8.61755e-33
2.47788e-69 1.30039e-30 5.64226e-253 3.04131e-74 9.20211e-222 1.58288e-131 0.491942 3.50337e-123 2.65365e-07 3.49154e-92 5.94332e-195 0.260886 3.57209e-321 6.75288e-71 1.10858e-115 3.64309e-13 3.816e-150 4.30794e-158 8.36863e-188 8.0738e-40 0.319781
4.59344e-35 3.16547e-81 5.66597e-240 1.02668e-83 4.68672e-194 0.228395 9.0462e-22 1.23056e-92 3.18541e-07 2.14557e-158 2.23524e-161 2.16885e-125 1.24115e-130 1.14624e-103 1.53132e-96 4.14379e-54 0.472564 2.14259e-173 1.00415e-203 2.65506e-75 0.346173
1.39399e-298 0.0570564 2.61789e-223 1.16672e-137 9.57036e-203 1.13969e-161 5.20108e-165 6.18888e-139 1.20384e-173 4.50373e-186 8.23847e-47 2.13482e-78 2.9437e-304 1.46789e-148 4.01287e-09 9.94849e-146 1.45873e-17 3.50757e-226 7.9762e-140 5.48616e-06 7.62029e-156
