5.23302e-211 1.17203e-168 2.97998e-140 1.84797e-92 2.85538e-13 5.1284e-321 0.00241624 1.13092e-320 0.0652644 8.45611e-191 0.0082878 2.65165e-320 5.04087e-296 2.86303e-07
4.59721e-90 1.90041e-301 3.39423e-321 4.56023e-321 1.3841e-130 8.69583e-285 8.65164e-244 1.83824e-159 2.42586e-321 2.10472e-321 6.14618e-321 0.266504 4.40212e-321 7.19854e-321
1.56075e-320 7.28747e-321 6.1894e-212 1.57243 1.80733e-182 8.00983e-218 6.45725e-79 2.96831e-80 2.95451e-321 3.47001e-99 0.812003 1.65086 2.12454e-29 9.24213e-240
2.41058e-62 2.57309e-258 0.000126045 4.35184e-189 9.591e-75 2.27869e-05 0.299609 1.41577e-20 1.17639e-185 1.92686e-321 1.08132e-288 0.0915422 1.4233e-93 6.08195e-321
2.73063e-298 4.60574e-161 3.01595e-315 3.20649e-321 1.51342e-25 1.71687e-92 0.201799 2.65286e-303 2.1146e-321 1.44761e-321 3.06321e-321 2.28901e-320 8.56498e-185 4.6541e-321
6.4174e-121 5.82997e-321 5.8543e-123 3.26083e-321 0.341389 2.62041e-248 2.43574e-321 4.40953e-217 2.32211e-321 1.38338e-321 3.09285e-321 1.54e-320 4.88365e-193 4.21932e-321
1.14748e-37 3.52372e-233 2.89028e-321 4.5872e-162 6.34201e-111 7.11134e-154 6.56863e-167 7.11983e-200 2.33199e-321 1.94168e-321 4.14521e-321 5.616 1.54736e-176 4.08098e-321
1.11313e-320 4.91101e-321 3.0385e-321 4.84184e-321 1.04922e-119 4.16003e-321 0.113679 7.86553e-321 1.44852e-278 1.61275e-25 4.02309e-147 1.49584e-47 8.23769e-179 1.45313e-174
2.99833e-219 5.8942e-321 2.91499e-321 4.84184e-321 1.04455e-135 3.98711e-321 0.0442943 7.90011e-321 1.61559e-321 1.44267e-321 4.7035e-321 3.69803e-314 3.08791e-321 1.05459e-214
3.78454e-321 1.88733e-321 8.05327e-322 1.13141e-321 1.19396e-291 4.39144e-248 9.18962e-322 2.46045e-321 5.73116e-322 4.24896e-322 1.0326e-321 7.13431e-321 8.89318e-322 1.52172e-321
1.52864e-320 0.235401 3.9304e-200 1.63716e-232 4.13039e-321 8.33741e-240 1.1681e-50 2.09275e-49 3.50892e-218 1.36594e-36 0.657104 3.79344e-320 4.47604e-75 1.51392
1.13735e-185 2.0027 0.791745 5.3304e-260 5.94247e-178 0.345722 2.01721e-94 1.06091e-33 2.93475e-321 2.42092e-321 5.03947e-321 2.93129e-320 1.0799 5.1284e-321
1.08102e-320 5.90719e-174 1.62603e-172 3.86853e-321 0.134215 3.3751e-158 1.20872e-235 6.62048e-321 9.81459e-216 4.62869e-246 3.36459e-321 1.63486e-320 2.6729e-321 3.24601e-321
2.79159 6.92186e-321 2.77171e-321 4.35272e-321 4.16003e-321 9.07596e-228 3.16696e-321 2.14494 0.655525 2.30729e-321 5.03947e-321 1.25581e-149 1.09273e-211 6.93302e-234
1.05878e-320 4.46635e-321 2.14424e-321 1.26434e-220 1.0725e-146 0.272798 1.12042e-294 3.2222e-181 2.2716e-281 1.75393e-321 1.33459e-201 2.18822e-320 2.45211e-304 2.9891e-321
6.51788e-160 1.29532e-146 2.7948e-155 1.05276e-263 2.42384e-23 0.335183 2.73804e-137 1.16141e-89 4.73007e-239 0.633409 1.49766e-33 2.66351e-320 2.85947e-312 9.62434e-100
0.250263 9.31314e-321 6.02509e-187 7.80657e-106 3.48272e-246 3.35122e-176 6.10114e-289 1.51382e-117 1.30228e-182 2.05531e-321 5.00103e-48 1.59889e-43 2.33839e-75 1.11545e-109
1.34946e-176 7.22189e-291 2.73712e-321 1.81591e-314 0.243309 1.13286e-122 1.62831e-64 5.97381e-250 2.16401e-321 1.4822e-321 5.08888e-321 1.92636e-320 2.30773e-181 5.13828e-321
