1.89182e-50 0.816138 9.90117e-24 1.85406e-20 1.05432e-68 1.97597e-25 2.37363e-51 6.6589e-55 7.58072e-13 0.211135 0.0376673 3.45344e-30 9.68258e-33 4.27444e-65
8.99297e-09 7.6374e-52 7.37335e-74 9.48013e-54 1.32626e-88 4.25244e-33 2.13389e-59 1.97512e-23 0.022341 2.06896e-15 1.82563e-39 0.140801 0.032092 7.59227e-92
1.06888e-46 1.57173e-61 2.90568e-48 7.69734e-44 1.13208e-101 2.71242e-42 8.70553e-52 1.77553e-37 4.59956e-27 1.69323e-47 4.74828e-56 0.237573 7.97922e-23 6.21689e-96
2.69994e-59 4.3025e-23 1.8016e-56 8.92399e-47 2.73612e-89 2.43664e-73 2.89276e-29 2.28779e-52 7.67951e-45 1.31734e-43 0.00199152 0.18622 3.35173e-29 2.02606e-77
1.17552e-42 1.23135e-70 1.17846e-45 5.72984e-82 3.5806e-110 2.73662e-42 1.43927e-62 1.17823e-26 2.06136e-43 7.96312e-40 1.09526e-42 0.592666 6.91605e-36 1.72498e-81
4.36986e-21 2.90935e-70 1.72365e-44 2.35309e-79 7.2389e-89 3.06538e-37 3.11461e-63 0.153064 9.80281e-27 4.63118e-40 4.09521e-46 1.02333e-24 2.31486e-07 1.06407e-87
9.12019e-61 6.31094e-72 4.6271e-63 3.22039e-55 1.56938e-96 1.70822e-58 1.56297e-40 4.9929e-33 8.07103e-19 2.64104e-21 4.95978e-52 1.00842 1.08719e-24 1.35254e-95
1.0123e-16 3.17919e-51 1.29808e-79 6.61394e-24 1.69202e-77 1.00864e-24 1.21577e-60 2.5262e-41 1.21603e-25 2.78136e-42 7.2216e-28 0.150109 1.41337e-18 5.64073e-65
2.06091e-22 1.49412e-79 1.34524e-35 2.6478e-54 4.16286e-79 5.33846e-41 5.02473e-32 3.39728e-40 1.57361e-38 1.39661e-49 4.70094e-58 0.485133 1.09876e-35 4.66704e-63
2.24297e-61 1.34254e-48 1.26186e-51 8.85063e-62 9.05224e-117 5.19988e-55 2.32717e-34 6.33971e-50 2.26126e-29 1.71301e-34 1.01774e-32 0.134958 7.46663e-31 2.04343e-86
4.23544e-15 0.000129631 8.91836e-58 9.02403e-63 1.4374e-94 1.38049e-74 1.48213e-62 0.0739743 1.46919e-27 1.67665e-23 7.26945e-54 0.366211 0.0557984 8.32534e-44
1.46353e-12 4.05887e-44 1.1228e-39 1.05709e-53 6.78975e-83 3.98746e-55 1.12524e-56 0.0267598 3.00795e-33 9.83639e-34 4.79927e-49 1.63463e-08 3.93974e-27 9.12328e-95
7.35563e-45 1.60523e-39 5.70769e-73 3.37909e-33 1.24329e-84 1.88796e-35 3.52541e-59 5.28086e-28 5.64277e-33 1.8433e-24 9.57581e-34 0.113025 6.34387e-19 2.43656e-85
6.93973e-57 2.07453e-52 1.64518e-49 2.4159e-57 6.65649e-106 1.06171e-46 6.40936e-40 3.01749e-53 3.56079e-41 5.72531e-39 7.88934e-47 0.118628 6.82671e-15 9.34225e-88
0.152742 3.4143e-05 0.0219177 0.0336886 1.2137e-51 3.53732e-39 1.06284e-58 4.56501e-41 4.5736e-08 1.04721e-41 2.05293e-28 1.87102e-17 1.93992e-12 4.49423e-50
6.84191e-42 2.5637e-76 1.04424e-51 3.57785e-52 8.29746e-119 5.37934e-67 2.35829e-30 3.88486e-32 8.79441e-32 2.26612e-27 2.21424e-35 0.716752 3.8256e-24 7.37169e-88
9.23119e-24 8.99064e-60 5.46284e-67 9.95294e-43 4.03663e-108 2.97195e-70 1.82003e-27 7.21052e-48 1.80089e-20 2.83362e-12 5.44942e-58 0.0297781 1.20549e-11 2.99973e-92
8.51351e-11 3.07891e-53 0.072679 0.00112807 0.111735 0.201864 0.0785129 6.40373e-59 0.0776922 0.0726235 1.46679e-44 2.65132e-08 1.03791e-06 0.154791
