3.34878e-60 5.88926e-321 2.71736e-321 0.389403 6.68536e-147 6.96264e-178 2.78246e-291 4.64916e-321 1.12068e-244 3.36692e-261 4.71409e-87 3.4271e-211 3.1472e-321 1.09082e-297
1.40831e-312 5.70974e-298 1.082e-321 3.19194e-122 3.84503e-252 5.84325e-78 1.18082e-321 3.11755e-321 0.647926 2.48691e-122 1.29031e-303 3.84877e-321 2.76677e-321 7.44807e-276
2.71464e-315 8.38085e-221 0.564888 4.19956e-321 2.39516 2.53297e-59 1.70453e-321 6.99597e-321 1.6902e-320 8.85337e-184 3.77466e-321 5.30132e-321 2.29741e-321 1.72429e-321
7.51964e-236 3.26577e-321 8.84378e-322 1.14304e-248 3.26504e-276 8.67605e-181 5.12068e-178 4.42683e-321 0.152436 1.85923e-299 2.08496e-321 1.20593e-251 1.63536e-321 9.18397e-234
3.96357e-133 9.8325e-21 1.28457e-321 3.32506e-321 3.5391e-113 5.70903e-101 3.19134e-162 5.39712e-145 0.187377 3.90458e-237 2.79147e-321 4.17485e-321 2.26282e-321 8.92935e-174
2.31531e-59 0.537106 1.25493e-321 3.0385e-321 6.45345e-82 1.17147e-118 1.65494e-113 5.11358e-321 3.48753e-184 2.35505e-06 6.66505e-298 8.26808e-54 1.76381e-321 1.49208e-321
9.73309e-322 8.98524e-299 9.53547e-322 2.24306e-321 2.78123e-210 0.117898 1.33621e-143 3.7549e-321 1.19169e-320 1.47876e-268 1.83792e-321 3.18178e-321 1.57607e-321 1.28951e-321
0.489957 7.44557e-321 9.74817e-232 5.03947e-321 1.29253e-124 9.39003e-149 2.7801e-278 5.42484e-321 2.18943e-27 0.821429 3.15214e-321 6.62048e-321 1.15288 0.207029
1.97132e-321 6.36771e-162 2.248e-321 1.45139e-200 9.16459e-280 5.37833e-261 1.96144e-321 9.92683e-44 7.77949e-99 9.72524e-271 5.73539e-155 0.636071 4.58462e-296 3.19011e-175
9.86331e-266 4.95548e-321 1.13635e-321 3.57209e-321 1.50298e-122 2.18996e-170 1.6403e-321 0.0182589 1.4318e-320 0.0249073 2.62843e-321 5.38818e-319 3.43376e-321 1.79346e-321
1.03833e-289 0.0350918 2.08496e-321 3.73514e-321 5.12548e-69 2.0129e-17 0.445703 1.73477e-242 2.15265e-14 2.57229e-164 0.98668 1.44345e-145 4.16991e-321 1.76381e-321
1.59184e-299 4.71339e-321 2.31717e-321 2.4443e-79 2.75227e-224 6.01087e-46 1.61065e-321 1.21979e-262 9.25737e-23 1.84963e-211 3.4881e-321 0.605587 3.02862e-321 0.23052
1.27469e-321 8.32345e-254 1.65512e-321 2.87052e-321 3.17833e-77 3.60823e-233 7.18808e-281 3.04344e-321 0.738988 7.71753e-76 2.68772e-321 6.31369e-302 2.62349e-321 1.47232e-321
1.42785e-321 3.93264e-209 1.89227e-321 7.29761e-203 3.15597e-235 4.14672e-175 3.44823e-192 3.98711e-321 0.573773 4.52932e-203 2.36657e-321 3.49798e-321 1.85769e-321 1.3488e-321
2.9536e-230 1.2262e-194 1.54528e-296 3.54326e-83 4.23651e-229 0.0964628 5.74497e-186 2.67988e-79 0.000123208 1.5793e-82 3.2486e-113 4.04907e-179 1.49208e-321 1.11659e-321
7.27452e-259 0.518642 2.37646e-321 2.99898e-321 2.88616e-13 0.173694 3.79052e-177 4.00193e-321 0.241207 2.09792e-172 2.97922e-321 5.28904e-157 1.16129e-215 0.0254005
1.33398e-321 3.46261e-101 2.25788e-321 0.475295 1.88064e-98 1.54932e-82 2.28657e-218 2.36976e-122 1.38388e-320 0.0639435 2.49009e-321 1.95793e-12 2.91993e-321 2.8043e-218
1.42291e-321 6.97543e-47 1.55631e-321 6.64839e-236 2.23716e-114 1.28614e-50 4.28585e-59 1.24862 1.0736e-132 1.44616e-198 1.9454e-78 4.82873e-137 5.96561e-201 1.32904e-321
