6.14542e-11 2.35669e-321 3.40366e-226 8.52622e-107 3.69881e-189 4.91595e-321 1.61232e-304 0.0351231 4.40212e-321 5.28156e-321 1.70947e-321 1.39168e-219 5.78458e-273 1.11948e-288
3.51775e-321 1.97132e-321 2.14424e-321 3.10273e-321 9.25124e-213 3.24601e-321 2.76181e-275 0.192105 2.89028e-321 1.09781e-320 1.5316e-321 8.49793e-322 7.34878e-128 1.60571e-321
0.36269 1.53654e-321 1.9565e-321 2.32249e-203 1.19957e-208 3.39917e-321 1.24505e-222 1.52671e-228 2.79641e-321 8.16943e-190 0.24146 2.34564e-200 3.07309e-321 1.81322e-321
4.60462e-88 1.72429e-321 2.68278e-321 1.95984e-218 2.13165e-127 3.11755e-321 0.0798024 1.15117e-321 3.46834e-321 8.59756e-199 1.4822e-321 4.60348e-264 1.44209e-106 1.27963e-321
3.44471e-258 1.37844e-321 1.09683e-321 1.87745e-321 0.479405 1.66994e-321 1.94168e-321 2.1058e-156 1.99603e-321 4.03893e-299 4.58237e-242 6.42285e-322 8.77649e-296 9.38725e-322
3.53054e-312 6.57107e-322 9.38725e-322 1.16105e-321 3.61028e-215 1.15117e-321 1.33983e-313 4.49559e-268 1.24999e-321 1.89227e-321 7.95446e-322 4.69362e-322 3.79141e-264 6.37345e-322
0.515414 4.27367e-321 1.85093e-194 9.8494e-119 8.20951e-134 7.30723e-321 1.23925e-236 1.67982e-321 3.7549e-321 4.72021e-121 6.31538e-136 1.62548e-321 2.90017e-321 2.79641e-321
2.36657e-321 1.17588e-321 1.58101e-321 1.5589e-254 2.51812e-242 2.26282e-321 0.301129 8.8636e-104 2.76183e-321 4.06646e-240 1.26481e-321 8.94259e-322 1.18629e-177 1.86757e-321
5.38594e-75 1.69959e-321 1.38338e-321 2.78159e-321 0.0488591 2.08002e-321 3.53687e-116 2.5571e-94 3.12744e-321 2.94957e-321 3.57519e-248 7.65802e-322 2.26776e-321 1.44761e-321
5.3461e-18 4.23908e-321 3.54739e-321 0.109933 1.80733e-102 9.99001e-321 1.68435e-301 2.47033e-321 4.32307e-321 2.93058e-195 2.84088e-321 1.54643e-321 9.62524e-66 2.34681e-321
2.07508e-321 9.0414e-322 1.2401e-321 1.76876e-321 0.566146 1.39327e-321 3.61904e-162 1.17974e-184 1.72429e-321 2.44068e-321 1.26975e-321 5.73116e-322 2.23281e-249 1.20552e-321
5.48636e-296 1.69959e-321 2.61361e-321 1.09287e-218 0.939027 3.45846e-321 5.84115e-180 0.0496841 2.93969e-321 8.35322e-229 5.35299e-235 1.18576e-321 2.28752e-321 1.28951e-321
6.51673e-321 1.94256 5.29144e-321 1.31323 6.37867e-05 2.98821 4.24472e-182 1.23491e-218 2.51084 7.40425e-245 2.39677e-246 3.63184e-74 5.89914e-321 1.59428
3.32012e-321 1.78852e-321 1.0594e-173 3.04839e-321 2.11099e-152 2.93475e-321 4.02184e-141 4.15091e-298 5.34579e-321 3.99197e-101 1.6897e-321 1.58101e-321 0.588961 1.65512e-321
8.104e-254 1.7737e-321 1.60077e-321 1.51197e-134 1.66661e-114 3.7796e-321 3.8533e-306 0.0343456 2.87052e-321 2.69639e-185 0.260056 1.23516e-321 1.75846e-176 1.51184e-321
2.32534e-237 1.26975e-321 1.65512e-321 2.08002e-321 0.700489 1.66006e-321 4.71035e-279 3.60892e-305 2.19365e-321 3.23119e-321 6.07469e-308 8.69556e-322 1.96638e-321 9.58487e-322
4.6788e-321 4.01181e-321 5.86456e-321 2.52081e-132 5.39779e-185 6.64518e-321 3.17088e-59 2.07508e-321 6.14091e-287 1.79705 3.36953e-321 0.718854 4.47129e-321 2.69971e-311
4.89188e-150 2.73218e-321 0.931186 3.57209e-321 4.27242e-169 3.04839e-321 0.12336 1.84286e-321 6.5859e-321 5.11828e-31 2.16895e-321 2.78131e-83 0.100558 3.85371e-321
