3.74188 0.0712401
1.63691e-22 2.77449e-36 1.34289e-39 3.20047e-87 1.31968e-63 3.02762e-56 1.08431e-47 5.62486e-73 2.66368e-48 1.75462e-52 8.40101e-14 2.30656e-56 8.6112e-10 5.30802e-71 1.13726e-39 3.15919e-42 1.67451e-13 6.23221e-23 1.19415e-11 3.64486e-14 0.13823 0.0502559 4.3043e-28 2.1047e-120 6.50764e-27 2.93138e-89
1.84447e-19 1.16122e-56 6.05226e-33 1.73523e-67 1.84908e-37 4.96805e-42 3.53705e-49 2.1271e-71 2.28237e-85 1.94349e-78 1.36835e-46 7.06427e-46 5.6526e-109 0.0858596 2.81178e-16 0.162138 0.0875584 5.77365e-29 1.46329e-33 7.65805e-47 0.0912391 2.4222e-39 1.24162e-06 3.70058e-80 1.85782e-21 1.89941e-80
2.21853e-27 5.70328e-35 0.0564485 0.000178141 1.35678e-23 9.19528e-45 2.12419e-39 1.25261e-10 1.77691e-72 6.04019e-88 6.7365e-40 0.0123763 2.70153e-56 2.54635e-52 0.00220904 1.64848e-46 5.90274e-29 3.76556e-32 0.000914405 1.52341e-22 4.97687e-39 6.85044e-78 9.79366e-42 1.52213e-132 0.391048 1.53288e-89
9.26689e-66 1.02218e-56 5.87898e-36 1.64863e-146 5.35208e-11 1.57987e-54 6.42268e-138 6.64169e-29 1.05268e-35 7.78096e-92 1.79791e-21 7.68686e-117 2.54002e-143 6.58448e-65 4.79954e-19 1.9114e-12 0.0573379 0.0033951 3.437e-46 0.10445 1.08799e-28 1.18557e-66 1.21865e-15 0.0636657 0.000678686 0.144702
3.44248e-21 6.51862e-60 1.99898e-28 7.8208e-53 3.34504e-74 1.8289e-09 1.91153e-48 2.5453e-78 1.1032e-07 0.000273841 7.4258e-09 6.05467e-60 9.01578e-10 1.74517e-80 5.25728e-12 0.276762 0.0169417 2.70576e-44 2.39408e-18 5.31354e-77 8.87214e-25 2.40866e-49 3.1317e-45 7.59182e-119 4.08985e-14 1.36295e-79
9.5256e-48 1.69696e-71 1.02666e-40 2.57089e-41 1.90108e-30 5.66379e-30 4.68777e-20 3.87034e-71 9.21238e-27 0.00643887 4.51607e-43 0.066753 1.783e-86 2.96681e-60 0.0626208 0.0724141 7.50515e-27 0.04612 0.0803166 3.58541e-30 1.1026e-43 2.52527e-38 0.0707326 2.03134e-101 1.54055e-34 4.79255e-54
2.99408e-55 2.09845e-68 4.25779e-46 2.91751e-55 1.17446e-66 6.48814e-43 2.72398e-41 2.01052e-41 1.81668e-88 2.83253e-93 4.2119e-21 1.93099e-23 1.56052e-91 3.17972e-33 3.51294e-14 3.20331e-26 5.319e-27 9.34249e-06 2.47521e-57 3.59797e-39 1.00214e-45 0.0345126 3.57203e-34 1.06322e-57 3.84682e-48 8.06281e-97
2.59834e-22 1.16875e-58 3.30691e-34 8.20817e-36 5.11506e-91 1.63946e-25 1.12227e-71 7.44322e-20 2.86447e-40 3.40854e-57 1.36777e-47 3.91694e-17 3.2933e-74 8.81736e-12 1.76258e-06 1.1226 5.73962e-31 2.39909e-44 1.353e-51 3.45384e-11 8.8782e-33 3.02707e-38 0.000589548 2.04853e-44 6.52524e-16 1.41648e-67
0.0275436 9.17728e-12 1.02486e-18 0.038151 0.00122487 5.90605e-05 0.0572982 0.00162815 6.23185e-27 2.25762e-18 5.00107e-05 1.19526e-10 0.0720088 1.96044e-73 5.91998e-36 3.3335e-65 1.71372e-48 2.90485e-45 3.04317e-46 5.44038e-86 1.8355e-44 1.56123e-69 1.63445e-42 1.24933e-116 7.00593e-35 1.82123e-96
0.359278 0.0134037 0.000471487 5.69875e-07 6.31731e-15 2.31777e-12 4.59944e-15 8.38758e-11 5.97787e-19 4.45075e-05 1.06603e-14 1.12603e-12 2.82051e-18 1.47595e-78 2.64747e-42 2.22241e-65 9.95838e-64 6.35499e-56 2.78896e-50 3.97408e-93 5.1381e-39 2.62844e-69 3.07962e-42 7.86711e-135 9.01344e-47 4.24159e-115
0.0273587 0.0226277 7.5173e-06 1.48895e-07 0.00587509 0.000623169 5.57953e-06 0.000802007 0.00146307 0.0054797 0.00977215 0.000153838 2.68856e-05 2.54346e-81 4.09044e-44 4.28777e-81 6.91468e-69 6.51368e-61 8.44653e-58 1.10728e-91 1.48926e-46 7.77051e-80 8.85151e-46 8.17149e-136 1.12851e-47 2.15192e-115
1.94975e-31 9.92405e-26 3.44787e-50 3.4478e-82 2.30211e-27 2.24682e-47 5.50099e-76 6.15267e-25 1.50413e-48 2.62053e-63 6.41423e-58 2.41874e-29 4.21677e-68 2.03103e-35 4.61092e-07 2.76804e-64 0.00464044 2.43565e-46 1.74511e-57 3.76991e-30 0.104959 9.01938e-54 3.19333e-12 5.2857e-50 7.27501e-40 1.39858e-64
