1.06718e-321 2.49561e-23 1.82954e-22 1.76876e-321 7.40767e-175 6.40193e-235 2.35659e-85 1.30433e-321 3.53159e-143 2.00184e-291 1.90485e-95 1.35868e-321 1.31916e-321 2.83614e-44 4.85726e-80 0.936748 1.77099e-69 3.08828e-196 1.29097e-97 1.14512e-130 2.61232e-218 3.93271e-27 1.77646e-110 6.9709e-42 4.60274e-205 0.522637
0.00100904 0.000749599 0.00150651 0.00188979 0.000479915 0.0146606 7.34005e-05 0.00147925 0.00156714 0.00339272 0.0016157 0.00169749 0.00152536 1.4822e-323 7.94289e-290 3.04723e-291 3.58752e-296 2.96439e-323 6.85251e-176 0 7.61912e-247 2.96439e-323 5.64371e-238 9.94035e-176 2.12559e-207 4.66223e-293
1.12647e-321 1.61147e-104 1.53289e-159 1.84781e-321 7.42839e-226 6.52296e-256 1.6192e-210 3.42199e-147 4.55024e-61 3.71043e-321 3.37088e-274 1.47232e-321 8.13401e-268 0.485597 7.3602e-40 3.32874e-143 2.13389e-34 3.10263e-161 6.95621e-09 4.56875e-203 4.34935e-14 7.89935e-73 6.12133e-98 3.99859e-173 3.20499 3.55519e-13
4.82094e-110 4.88614e-149 1.21463e-191 1.25233e-63 7.01063e-149 3.50565e-45 7.41098e-323 5.45776e-215 4.61102e-221 7.16356e-154 1.62717e-90 1.94168e-321 1.07464e-250 0.222231 0.37026 2.06155e-276 1.65868e-147 2.75995e-210 1.93848e-170 2.72806e-177 3.18314e-101 2.33771 0.24196 6.97155e-132 3.79339e-97 3.31008e-285
1.17949e-82 3.24847e-100 4.47564e-204 6.82e-40 3.86945e-97 6.01214e-48 1.80369e-27 1.23516e-321 3.82938e-173 3.00295e-229 5.49867e-27 1.53922e-101 5.32631e-273 8.18232e-68 2.80919e-177 9.12365e-40 0.325271 3.81812e-63 1.93219e-61 1.993e-284 8.09983e-144 1.24049e-93 0.074217 1.96904e-144 7.19345e-62 2.11977e-162
7.04887e-197 2.93799e-272 9.77793e-173 1.66245e-136 2.04208e-227 1.36189e-206 1.36373e-97 1.85201e-133 4.13971e-17 5.03451e-60 1.89227e-321 7.97601e-274 4.9267e-47 0.280225 2.36522e-285 6.89288e-286 1.09244e-35 7.94316e-200 2.38402e-22 0.16639 4.98036e-220 7.72639e-38 3.43396e-149 4.5032e-153 3.2427e-07 1.2606e-134
8.59674e-322 6.85717e-190 2.15526e-171 1.82851e-165 1.25497e-12 2.88099e-40 6.1666e-275 1.10658e-206 4.57599e-227 1.72993e-26 7.61357e-117 2.15852e-198 3.30708e-296 7.55067e-72 2.12087e-108 1.0789e-148 5.23729e-204 2.61823e-212 0.204188 5.43472e-322 2.25838e-229 4.64898e-304 4.33793e-118 7.6648e-34 1.15729e-08 3.61165e-167
1.24606e-52 4.12457e-67 2.0009e-22 1.53485e-08 4.71034e-128 5.53372e-139 3.06455e-95 7.01901e-34 6.38705e-102 7.99281e-70 2.64739e-23 5.12529e-238 1.68009e-170 2.38866e-280 2.57474e-122 6.86874e-119 4.53863e-50 3.41567e-262 0.374543 4.39293e-253 1.53938e-48 6.64004e-129 1.51058e-226 1.86304e-119 1.24551e-23 6.44662e-109
1.21182e-37 1.57963e-41 5.34323e-242 2.37737e-28 3.3255e-169 1.26461e-169 1.30737e-225 1.3488e-321 6.11665e-197 3.72031e-321 3.72358e-14 1.49208e-321 1.44267e-321 1.20472e-299 6.07553e-283 7.96576e-184 8.26728e-166 1.26807 3.06693e-77 1.766e-62 1.00182e-203 1.1492e-320 6.01175e-200 0.520658 0.264582 2.87806e-99
2.20166e-317 1.68926e-13 4.95678e-77 1.05675e-253 7.45436e-162 1.80467e-107 1.61269e-207 3.60683e-58 6.34948e-132 1.62337e-15 2.63334e-214 3.25568e-214 2.82372e-48 6.8417e-176 1.19291e-73 7.85283e-281 5.45901e-191 4.71598e-177 1.47811e-53 4.03705e-253 0.261051 1.96114e-115 0.152947 1.39262e-133 8.22911e-133 2.83003e-146
1.47202e-23 1.97265e-22 1.73524e-22 7.56818e-34 2.06375e-14 0.124366 2.81556e-19 2.69876e-42 7.78926e-23 3.58638e-20 1.69748e-24 4.37314e-37 3.1123e-27 1.02766e-321 2.10667e-263 3.35077e-271 4.54108e-267 8.90227e-313 1.26234e-166 1.4822e-322 3.81759e-213 1.99108e-321 1.16356e-222 1.26494e-167 3.82228e-199 7.3252e-290
2.08888e-132 3.31748e-56 3.54397e-12 4.95679e-189 3.02205e-93 2.0203e-111 1.00954e-166 5.00699e-80 9.81998e-176 2.19235e-264 7.99277e-239 2.7878e-122 8.08913e-98 1.82766e-126 1.48978e-176 2.93203e-211 6.69769e-08 5.05616e-294 6.53236e-94 5.33591e-322 9.23398e-63 2.01827e-248 3.52041e-21 6.27138e-57 0.225114 3.83548e-87
