2.90068 0.181553
1.34018e-276 2.45098e-55 1.32958e-115 6.96083e-56 3.2159e-148 1.20515e-88 2.98168e-76 4.08002e-184 4.57619e-29 1.12376e-88 0.326318 5.87354e-114 0.267464 0.2964 3.12889e-24 1.52242e-83 6.39809e-25 5.68013e-05 0.02337 0.0934119
1.36097e-230 1.96808e-43 2.16462e-98 1.27592e-135 7.01724e-146 4.90757e-153 5.81988e-178 9.50687e-93 1.29412e-135 2.56089e-12 2.44931e-87 1.07188e-95 7.38521e-153 6.73398e-57 2.11513e-40 3.94023e-143 1.21375e-33 0.167766 1.75124e-32 9.50708e-41
2.04864e-38 1.53867e-22 2.31519e-91 1.42736e-46 1.16451e-08 3.20338e-106 3.79538e-138 1.83502e-125 2.21185e-124 2.8515e-140 1.38611e-146 1.13692e-51 2.20533e-165 2.11836e-32 0.103684 1.08246e-88 3.34766e-62 7.27451e-157 0.0381915 3.11618e-20
7.30402e-96 9.70165e-119 3.91898e-38 4.17473e-176 5.35521e-92 3.24869e-05 1.33102e-148 4.17408e-35 2.26562e-60 4.66994e-181 3.55333e-131 7.33218e-88 1.51575e-160 2.20503e-32 4.43376e-75 2.35975e-75 1.01017e-80 4.46797e-42 0.0410414 1.56016e-06
4.09493e-146 3.06502e-85 4.12725e-98 4.60171e-149 1.20003e-40 5.06783e-58 6.15256e-111 7.97675e-99 3.15767e-10 1.30729e-171 3.67738e-135 9.82658e-07 3.01844e-105 8.38904e-103 0.518074 1.76244e-56 2.59018e-131 1.99994e-128 1.87197e-24 6.19853e-71
0.00180841 1.92336e-30 1.79297e-101 1.24741e-118 5.2384e-54 0.000150234 7.15993e-90 1.00197e-131 1.22617e-141 1.73623e-157 7.17819e-144 2.07984e-50 1.85663e-54 3.4923e-43 0.184868 2.19256e-154 0.202045 1.65632e-84 2.0817e-76 1.35996e-70
0.000192991 0.000123509 0.000738297 0.00891276 0.00557522 0.000291355 0.00252883 0.00205296 0.0119014 0.00579368 1.62054e-168 1.15945e-133 1.40919e-184 1.16612e-122 1.02783e-78 5.24464e-163 2.81557e-147 5.65345e-169 1.78823e-121 5.06732e-100
0.352351 1.04738e-08 9.72656e-05 4.1894e-13 1.11349e-09 5.184e-12 8.06785e-06 4.19744e-22 8.42227e-18 9.06672e-37 4.07677e-147 5.2485e-106 2.78564e-163 3.98585e-112 1.52616e-58 3.62597e-143 1.57487e-136 1.04624e-151 1.85056e-107 1.26801e-81
5.28577e-122 6.5453e-85 2.15728e-73 3.63428e-116 2.41757e-24 2.13177e-40 3.85615e-110 9.79038e-69 8.85701e-114 6.22262e-28 7.83414e-149 4.55368e-12 3.73733e-172 5.3495e-43 0.781126 1.65174e-86 1.10193e-19 1.10108e-90 6.23325e-41 5.87353e-56
1.90613e-199 0.034841 6.74555e-44 3.16027e-85 6.88512e-85 9.0878e-62 4.51488e-162 3.64949e-107 2.51258e-133 2.87228e-176 5.90266e-62 0.323147 4.36238e-68 1.27782e-29 2.00215e-32 2.74265e-18 1.51023e-48 4.61653e-39 0.0290627 2.39454e-36
2.74234e-70 1.93905e-20 1.7143e-122 4.90446e-71 2.28935e-93 1.7307e-85 4.75605e-66 2.70856e-06 4.25411e-18 1.18555e-75 1.27446e-145 7.69351e-111 3.67082e-125 4.08693e-31 2.72799e-09 3.69948e-130 1.03021e-60 0.0910458 2.29141e-47 8.30383e-48
1.74288e-108 2.14212e-54 1.23991e-51 8.81483e-08 1.69973e-33 4.62516e-17 3.56747e-10 6.43325e-73 4.87045e-19 4.13593e-59 1.11868e-141 8.79942e-94 1.6023e-102 8.58663e-86 0.0978356 7.98489e-148 1.92451e-108 5.34383e-136 9.84177e-60 9.96535e-71
1.17105e-52 3.81683e-186 1.45707e-66 9.38605e-217 1.37782e-27 1.6558e-31 2.58215e-198 7.4334e-34 1.91744e-72 1.72683e-249 2.99323e-89 1.44943e-86 1.66351e-77 3.0107e-46 0.14504 0.139214 3.09942e-11 2.20426e-149 1.611e-16 1.50157e-13
8.59523e-65 1.3299e-06 1.0314e-25 2.37231e-11 9.96889e-23 4.92372e-17 1.83608e-55 1.94729e-33 6.3238e-29 2.22891e-31 4.21689e-138 2.14426e-62 1.3725e-159 2.7206e-91 2.11819e-40 2.77778e-126 7.35201e-89 5.60191e-108 7.87901e-109 1.89157e-61
1.92156e-111 6.465e-165 1.44184e-61 4.0051e-94 2.05091e-63 7.78309e-12 2.17957e-172 2.37923e-153 9.41759e-183 1.42487e-134 3.68056e-33 9.90409e-20 1.32616e-29 4.2519e-50 1.29931e-51 1.485 8.42231e-32 7.22085e-42 2.54762e-09 1.06479e-17
