2.81678e-109 0.16664 1.30644e-82 2.266e-80 1.74172e-16 8.70449e-27 5.64421e-26 1.40801e-79 6.58661e-22 2.98689e-66 1.55608e-122 4.1372e-73 8.19121e-65 4.05597e-75 3.66229e-100 7.42108e-86 7.06666e-31 8.36133e-45 9.34538e-27 1.0717e-79
3.40928e-125 5.29632e-12 6.93518e-16 1.00276e-31 2.50036e-97 1.7029e-60 8.55781e-50 2.35888e-96 1.47349e-72 8.74128e-76 1.64855e-41 0.214212 2.88505e-36 5.24116e-107 1.84014e-19 3.69689e-52 2.05438e-98 0.166503 1.15911e-108 2.75368e-48
2.63594e-120 7.64915e-36 1.71047e-27 2.21242e-93 7.95398e-11 4.66744e-63 4.17379e-29 1.61962e-05 5.80941e-87 3.35066e-102 2.48223e-111 2.96951e-68 3.31357e-122 3.29104e-12 0.25523 2.5689e-37 1.93625e-119 1.00177e-47 0.108532 3.9999e-80
1.68614e-105 4.10724e-105 2.83062e-54 2.34702e-59 2.34454e-35 6.03066e-29 1.7357e-24 7.14628e-136 3.00481e-45 1.13087e-105 6.25745e-89 1.51941e-121 0.337673 2.75338e-43 0.149077 3.68828e-94 8.15364e-87 2.3638e-98 3.83174e-59 1.05049e-105
1.77897e-148 2.75248e-32 6.51317e-89 2.31569e-115 1.91278e-119 7.79523e-61 1.26834e-70 7.81608e-137 4.8561e-17 5.52642e-109 8.97996e-55 0.0623615 1.2301e-99 1.20008e-09 8.91726e-123 3.00228e-77 0.274885 2.70473e-93 4.21032e-67 9.70304e-17
0.000501446 3.12266e-07 6.97131e-05 0.0049827 0.000347698 2.22064e-07 1.79062e-07 0.00306306 0.0010439 0.12322 1.0575e-129 5.04661e-138 1.48639e-146 3.02011e-116 1.80399e-119 4.41361e-108 4.05814e-129 7.35012e-99 2.32582e-148 1.13798e-122
0.00316422 7.64391e-12 0.0410354 2.99709e-05 3.5197e-09 7.74135e-13 1.60803e-11 4.83162e-06 1.11228e-06 0.30597 1.07902e-127 1.82443e-124 9.02224e-138 1.63595e-120 1.82616e-104 2.75272e-108 1.92782e-127 5.37035e-88 3.45456e-144 3.39496e-120
5.99247e-07 2.45631e-139 1.0762e-12 8.58347e-85 1.69389e-79 7.65936e-97 1.5515e-90 2.4049e-131 4.07833e-08 1.36835e-58 9.10917e-22 1.60985e-70 2.18e-106 0.320558 1.04681e-113 2.8669 1.99953e-93 0.17525 5.09219e-146 3.0889e-85
1.4857e-82 8.71166e-137 1.56016e-11 9.57917e-50 8.76585e-99 4.06648e-60 3.77713e-76 6.13346e-52 4.19762e-11 5.81556e-10 3.34625e-127 0.00708593 4.42633e-39 1.32445e-113 2.67597e-78 3.73913e-98 2.94992e-12 0.266312 5.97521e-116 6.12185e-43
1.14778e-91 2.55537e-20 8.38572e-60 7.79405e-19 7.72293e-36 2.68438e-09 0.251248 4.98428e-70 1.38515e-49 6.96173e-14 1.82808e-120 3.26273e-92 4.73924e-63 2.17163e-78 1.27412e-29 1.34223e-60 6.07915e-96 2.61061e-55 1.13998e-128 2.40829e-91
2.40486e-78 1.64578e-99 1.07736e-35 3.53689e-37 1.35495e-48 0.000993828 6.30495e-28 1.64685e-22 6.92015e-66 3.42952e-14 5.63044e-85 5.37374e-113 2.87529e-77 1.05667e-117 2.42754e-121 7.40188e-25 1.465e-30 2.7049e-71 9.45817e-144 0.395579
2.76891e-19 6.94857e-29 3.40467e-45 5.84869e-29 0.12757 4.64393e-26 3.03718e-75 1.50197e-32 2.38086e-81 2.51667e-53 3.39197e-115 7.42838e-96 5.26601e-152 0.0940946 5.67916e-44 5.71434e-46 6.16207e-61 1.09541e-65 1.91266e-43 2.20419e-90
3.11247e-128 7.22557e-08 1.17918e-95 2.50703e-51 1.08015e-29 7.38581e-35 2.28609e-38 5.77967e-30 1.28135e-52 2.21011e-94 1.84705e-58 1.79767e-118 2.21945e-59 3.94286e-09 1.18371e-99 0.194637 5.00497e-39 4.50847e-68 0.216838 2.68893e-64
3.73579e-24 3.46353e-123 4.12285e-41 0.0104902 2.0087e-63 0.0758276 2.78829e-112 3.09014e-30 6.84318e-80 3.67594e-53 0.274635 3.48532e-07 9.37411e-137 2.55514e-90 0.0684704 6.71102e-12 6.54737e-61 2.80131e-52 2.02644e-59 0.505782
2.66495e-97 1.20393e-122 5.19745e-86 1.2978e-58 1.4153e-22 1.97075e-27 2.06657e-10 6.85727e-25 1.38279e-95 1.18302e-22 4.45333e-41 4.78723e-95 2.89944e-52 4.09755e-17 1.4236e-92 2.23428e-98 1.72103e-10 4.73962e-57 0.281604 3.98504e-06
