1.39284 0.115073
2.93385e-12 1.62824e-78 5.18914e-45 9.87554e-114 3.30842e-07 2.84004e-15 9.22948e-106 5.41407e-19 5.08179e-84 1.8443e-72 1.52668e-37 5.18985e-99 1.43834e-138 3.03076e-63 1.0465e-87 2.31546e-28 0.101706 2.18634e-11 4.30658e-31 0.167604 6.31748e-58 4.04381e-70 0.250799 3.43603e-100 0.0885013 8.10087e-16 6.27916e-130 0.132095 1.60975e-88 0.0329555
6.82157e-91 1.72771e-94 3.12377e-53 1.00786e-11 0.0457198 1.43528e-05 7.71754e-89 9.93002e-50 7.1839e-70 6.42672e-14 8.43622e-83 5.14783e-88 8.09417e-27 1.30448e-96 3.48976e-17 3.61732e-10 0.0790386 6.2798e-61 0.141465 2.65933e-34 4.30849e-07 2.18808e-72 3.10762e-125 1.18609e-50 1.01353e-44 0.0071665 4.47927e-51 5.70958e-62 0.120084 3.54103e-65
8.04275e-86 0.0147154 3.2247e-63 2.81716e-18 1.1387e-54 4.32815e-96 4.95663e-36 2.57375e-43 0.370057 2.88072e-12 7.33716e-81 2.3701e-21 6.01798e-103 3.52759e-25 7.67192e-55 8.26779e-66 2.03505e-66 0.0293918 0.00245573 1.28814e-28 2.95139e-25 0.00135326 8.59277e-113 0.102186 3.00099e-129 0.0419245 1.92385e-156 5.57693e-27 1.70136e-32 5.57284e-91
1.44567e-83 7.5884e-48 6.84338e-82 2.32249e-79 0.00218407 4.77812e-22 5.25543e-50 7.22368e-69 0.195145 6.37275e-66 8.07759e-08 6.65184e-115 3.75099e-155 1.08761e-66 1.89664e-20 2.35472e-50 1.27972e-119 1.09484e-30 8.09429e-34 1.76995e-100 1.59481e-54 2.22453e-49 9.35921e-51 3.24886e-49 1.03008e-118 1.42611e-56 1.95672e-65 1.12646e-73 1.00717e-26 1.84091e-127
1.07837e-30 6.42826e-76 3.57208e-12 4.16768e-29 4.14791e-58 2.25985e-61 5.6466e-33 2.10312e-149 1.06212e-109 0.00223946 1.81583e-22 4.15745e-15 8.07828e-111 3.16221e-85 6.8017e-19 6.06841e-12 4.16911e-31 0.119132 5.74346e-06 5.43359e-67 1.4349e-74 0.506814 1.07693e-21 7.8776e-68 1.14283e-91 1.15471e-37 7.88182e-110 2.49959e-95 9.57326e-50 6.48763e-121
7.97573e-81 2.71503e-20 4.30673e-65 0.130728 2.26737e-16 1.19779e-49 5.43865e-52 2.96904e-140 1.88072e-13 8.3295e-117 9.13469e-69 6.16644e-47 1.97064e-115 2.53083e-83 1.71666e-101 1.50336e-13 1.61361e-77 3.14822e-62 8.13705e-44 2.50317e-117 0.0227041 1.26043e-91 5.72059e-64 1.00877e-86 1.85071e-77 1.6958e-32 2.58646e-75 2.30367e-44 1.91532e-44 4.68168e-69
5.68134e-50 1.36193e-156 1.68394e-87 3.59343e-99 1.55619e-30 0.217777 0.186817 0.0738177 1.93856e-55 1.19543e-99 1.65497e-33 1.1888e-60 1.01553 0.257265 5.24156e-16 0.159977 8.22509e-44 2.99855e-25 4.62399e-59 5.71869e-23 7.11827e-32 8.24101e-78 4.22104e-130 1.97995e-111 1.65165e-50 2.85436e-47 0.229268 0.182161 6.11811e-68 3.14759e-08
0.00207957 2.29654e-14 5.2115e-82 7.46956e-74 9.78572e-61 4.17561e-60 2.97209e-72 8.29452e-133 3.37777e-110 6.9955e-117 0.197176 6.90479e-84 3.13537e-62 1.81638e-117 0.047707 1.25333e-45 8.79726e-77 1.09489e-66 9.19199e-89 8.63225e-13 7.35667e-24 2.20968e-40 1.63502e-66 1.04192e-95 4.07707e-56 4.85375e-50 7.86097e-167 1.54769e-88 1.0787e-51 1.64799e-78
7.62084e-100 7.35021e-126 0.0656293 5.66867e-116 2.36898e-69 9.06845e-17 6.24849e-68 5.04172e-81 5.21584e-54 0.0317519 6.25853e-26 0.103975 9.28423e-109 6.78912e-95 4.43738e-06 2.21647e-13 1.70619e-55 2.94589e-15 5.15713e-69 1.23325e-109 1.19093e-60 1.47585e-93 1.79074e-110 5.72409e-108 3.5745e-120 1.69925e-72 3.22252e-111 6.70844e-12 9.97727e-86 1.99752e-122
