6.63133 0.0278356
1.31322e-31 4.22988e-16 8.08071e-17 0.000127082 9.40708e-18 5.24588e-18 0.443618 0.0622247 1.01723e-32 2.6218e-15 4.03618e-21 0.03485 3.54605e-21 2.99089e-23 1.68072e-33 7.39715e-23 6.09388e-06 5.08612e-28 2.51317e-06 1.43641e-16 3.44191e-18 0.0638828 1.6118e-21
3.614e-30 1.08775e-46 1.59425e-22 1.20546e-08 0.265954 0.125233 2.29249e-07 2.33496e-11 6.84503e-35 2.26257e-19 0.000955115 1.90243e-11 2.95259e-23 1.51906e-26 2.63753e-25 6.7493e-16 6.25227e-23 7.38393e-13 5.03592e-11 9.79494e-13 3.89596e-31 5.12302e-29 2.96818e-28
5.69111e-40 1.35838e-35 5.74745e-32 9.10008e-06 0.295447 2.34008e-10 0.000309927 8.18919e-12 1.04229e-39 4.72204e-23 6.39138e-20 1.47375e-34 4.40216e-38 1.84337e-25 1.80672e-38 2.15402e-25 8.19725e-33 7.0708e-27 1.5956e-16 3.32161e-14 1.63091e-23 1.42774e-21 1.95083e-35
1.59809e-27 2.21377e-30 2.36562e-23 0.0274744 0.193909 6.44698e-08 9.73397e-09 1.17915e-06 2.93225e-34 4.40153e-30 6.15176e-22 5.19225e-34 1.11861e-34 1.54708e-16 3.39466e-26 9.45851e-23 1.32036e-23 9.35338e-31 2.6e-18 1.10694e-14 1.03722e-33 8.89032e-21 1.73165e-31
1.80145e-28 7.37282e-46 0.419428 1.54719e-08 0.109606 4.99891e-06 5.35497e-08 3.95032e-09 2.4767e-35 1.74693e-25 0.00806451 9.55754e-23 1.51904e-27 7.29839e-17 8.66907e-26 3.42466e-32 6.14012e-11 9.57846e-11 1.11301e-07 2.03839e-20 2.21283e-38 3.60029e-24 9.20298e-12
1.09211e-12 6.0426e-39 2.67827e-10 0.0107494 3.29321e-17 1.11105e-10 0.0363832 0.441018 1.73942e-30 0.0435485 0.052261 1.52232e-23 4.42315e-30 0.0105075 7.38239e-38 1.00582 6.18487e-21 0.000122252 0.0501269 6.7863e-13 0.019499 1.01365e-29 1.26088e-27
5.38042e-24 2.06787e-17 2.64763e-25 1.04946e-05 4.89622e-19 1.36312e-10 2.66501e-08 0.00467014 5.0385e-26 1.24682e-39 2.9755e-10 2.65305e-18 2.17203e-26 2.82435e-23 5.15241e-32 8.25808e-36 2.47191e-18 0.00021712 5.07055e-05 0.040736 1.5522e-13 2.06758e-12 8.6148e-30
0.0652146 0.0415751 6.11886e-13 3.43635e-09 9.63234e-11 1.29259e-15 5.96825e-14 6.62815e-13 0.029571 3.78716e-08 4.19894e-10 0.00114221 0.00466167 3.55701e-22 0.0379293 2.02903e-37 0.0384915 0.00300945 0.0529813 3.79559e-08 4.00049e-08 5.28156e-15 0.0347337
1.81045e-28 1.9632e-37 3.03934e-20 0.000174017 0.189488 2.25854e-16 2.71486e-06 1.97506e-15 2.41502e-29 5.89009e-24 1.51736e-15 6.2213e-18 4.57534e-34 1.03745e-22 1.26172e-36 2.12258e-22 3.67715e-26 1.41742e-34 4.44775e-12 1.19475e-21 5.62714e-40 6.04696e-24 1.31127e-28
