2.31362 0.0548631
1.16403e-54 5.01708e-61 4.07425e-45 2.91966e-33 8.46773e-27 1.00239e-48 3.77499e-60 6.0784e-27 5.26582e-38 1.37523e-72 3.5969e-46 4.93361e-38 1.36503e-71 7.3926e-37 3.4817e-50 3.22475e-60 2.77885e-55 9.65675e-41 2.02416e-49 8.59621e-59 6.47215e-40 2.71314e-68 8.78055e-86
2.03931e-27 1.07786e-19 7.93875e-17 0.0507843 5.56184e-28 1.97763e-45 4.70266e-14 1.93779e-25 1.06616e-18 1.81564e-27 4.77124e-24 3.34438e-13 1.47809e-70 6.59359e-45 0.00820241 6.08804e-27 1.01997e-08 9.61807e-27 2.68721e-22 9.19288e-50 4.16296e-19 3.6889e-68 2.67178e-55
6.35471e-21 3.86378e-20 5.09614e-07 7.08965e-34 0.00036802 9.45813e-47 0.0181289 2.72183e-32 1.24905e-12 1.94712e-11 0.020694 5.68164e-09 1.98349e-19 1.24436e-48 7.87656e-35 2.32502e-50 0.02924 1.45415e-16 4.53726e-11 0.218813 0.0820054 6.91255e-21 3.35261e-68
3.62637e-32 9.95318e-28 3.74665e-38 0.00195527 1.82634e-24 1.85865e-43 1.33263e-17 0.476954 7.23948e-18 4.77685e-52 2.09432e-28 1.78537e-12 6.18899e-34 1.99505e-27 1.8701e-33 1.05729e-30 6.20651e-52 3.7257e-07 5.51777e-35 1.872e-60 3.08578e-27 3.49644e-50 2.36148e-55
2.48664e-34 5.07075e-08 2.09805e-13 3.70853e-05 0.00017363 0.00700403 3.0571e-17 0.111247 2.42245e-08 5.45274e-75 5.22253e-08 5.02301e-47 1.11885e-42 3.94892e-09 7.01756e-12 0.164054 3.62301e-47 1.35243e-38 2.13878e-44 2.75819e-48 1.33989e-47 0.104703 4.89393e-60
2.65165e-49 1.5443e-21 0.0713234 3.01852e-09 5.44185e-29 2.55545e-11 4.38252e-15 3.18343e-23 0.0345148 2.6057e-46 8.21377e-07 0.0496007 1.4368e-53 7.87976e-30 7.07258e-08 1.09604e-62 2.20434e-54 2.09292e-30 1.54045e-18 8.65218e-22 2.48103e-38 1.20197e-75 2.16356e-26
9.6272e-51 0.442073 0.0483798 5.44911e-37 0.0102756 5.1946e-34 8.63796e-55 1.14178e-14 3.20947e-23 7.43302e-59 8.83645e-45 1.82903e-19 1.0672e-50 9.8021e-27 6.65126e-05 8.76104e-38 1.706e-50 0.100372 4.14589e-58 0.07413 1.41661e-28 1.06104e-61 3.76635e-64
0.0701019 1.56737e-31 1.94565e-33 6.56189e-19 5.81827e-21 2.93385e-31 5.48189e-36 0.198018 2.71658e-29 0.117812 0.0375348 1.98751e-11 0.0245991 0.153706 0.0738115 0.000160176 1.35801e-19 1.22119e-33 0.0479567 8.32603e-67 3.59821e-14 2.00932e-36 0.0175485
2.1084e-39 4.50666e-26 4.13101e-29 1.55344e-26 2.92007e-26 3.15787e-23 5.36357e-43 0.361806 1.36624e-12 5.30611e-69 1.17554e-31 1.54471e-32 3.49949e-43 6.75092e-22 5.09111e-49 8.96032e-54 4.67708e-21 1.32243e-30 1.13077e-38 2.23033e-46 8.57234e-16 2.75445e-65 1.23846e-71
