2.83238 0.0434196
2.4203e-21 1.69304e-26 2.12603e-32 9.87979e-39 1.71001e-08 7.12238e-30 1.26595e-19 4.6266e-18 1.26602e-09 2.43826e-29 3.88139e-34 7.03149e-27 3.57651e-42 0.164801 2.00097e-14 4.26748e-29 1.56727e-26 1.26032e-12 2.11479e-39 0.0779523 2.46877e-30 1.01987e-40 7.55831e-41
9.28395e-30 0.0133827 6.72237e-48 1.35621e-38 6.64659e-07 1.07829e-21 8.703e-05 1.14273e-30 1.31498e-35 9.26519e-07 2.16519e-28 3.7057e-12 6.76039e-28 1.2581e-14 1.11805e-39 1.25633e-12 1.27977e-23 0.00142866 2.33454e-13 0.0219376 2.94862e-29 2.17099e-18 0.0013656
0.000518366 2.47506e-49 2.31643e-42 1.24979e-31 0.377423 0.0413643 8.50112e-25 9.83599e-21 2.12189e-10 9.94285e-12 4.42176e-16 6.4243e-06 1.67992e-35 0.198491 1.06276e-12 0.0272351 0.00823378 3.56999e-19 2.69143e-23 4.79801e-22 2.26056e-42 5.43556e-21 5.48088e-15
6.05249e-39 4.82517e-22 2.09537e-17 5.8315e-35 2.1486e-11 7.41527e-20 1.9879e-23 0.0458109 3.44622e-22 9.46272e-31 2.36067e-37 7.75219e-11 1.11071e-38 5.15167e-14 2.26885e-29 1.10995e-19 4.07367e-32 1.8141e-37 0.0570645 2.42789e-05 7.9594e-11 2.03943e-27 7.85705e-51
4.31691e-36 1.36383e-22 8.79135e-15 3.44648e-28 0.0724239 3.5658e-26 0.0105866 0.0293175 0.00646856 0.00397359 1.10595e-20 7.61183e-07 1.53846e-41 0.168595 2.63491e-12 2.0959e-15 0.0690938 0.0077729 8.15625e-19 0.000674378 3.51738e-49 0.0386693 4.38067e-05
4.20662e-25 9.06472e-34 0.0656501 0.0564604 0.0943145 6.16992e-16 2.75378e-06 1.6979e-06 8.71302e-32 1.90927e-11 0.066939 1.52347e-05 7.27032e-31 6.91107e-23 0.068616 0.000195887 4.96384e-20 1.82045e-35 4.20559e-08 4.69943e-06 0.0169854 8.42247e-40 0.131557
8.08091e-44 1.41992e-41 1.24437e-30 1.53526e-22 1.84831e-12 1.15485e-23 2.43797e-27 2.3627e-38 8.3378e-38 6.1526e-23 8.1873e-28 1.68795e-12 1.1979e-31 0.265878 4.81801e-22 4.35332e-26 9.87092e-21 3.21763e-38 6.17383e-28 1.70903e-21 1.00078e-30 1.44794e-19 8.1389e-43
0.0811226 2.17311e-14 4.23908e-35 9.53252e-19 2.56815e-16 3.99255e-26 2.10988e-22 1.59619e-22 2.95558e-13 9.09909e-22 2.63382e-40 2.12493e-07 0.124666 0.163765 1.34547e-10 3.46079e-11 5.33155e-17 4.83855e-09 7.72227e-24 2.1249e-17 2.53755e-33 3.47313e-10 4.03945e-41
0.000564661 8.74419e-18 3.36427e-36 3.55278e-14 0.0770815 1.9649e-08 8.72588e-28 1.20849e-17 1.12775e-05 6.08966e-40 7.41035e-35 0.0438685 1.16775e-35 5.19671e-17 2.09597e-19 6.44741e-16 1.59231e-34 1.05179e-05 6.30238e-46 1.28127e-10 2.11318e-39 2.37758e-27 1.27096e-38
