1.63862 0.356913
5.25887e-188 6.75832e-94 1.72282e-292 1.11748e-234 5.73032e-314 9.45098e-92 3.9067e-126 1.39932e-240 3.35626e-158 4.40638e-184 2.71252e-51 7.39442e-184 0.228605
1.11668e-217 6.08935e-213 8.90789e-211 4.93162e-287 7.05308e-216 1.56774e-226 1.19168e-314 5.18912e-86 0.0464935 2.11764e-199 2.7578e-127 1.81016 1.81021e-236
1.0395e-292 9.56621e-289 3.53061e-204 0.000973063 1.06038e-27 9.2658e-156 6.17582e-322 0.224848 4.6429e-25 7.50323e-248 3.55213e-115 1.20816e-162 2.62577e-25
3.84126e-29 2.33693e-321 3.91673e-219 4.56534e-58 3.85031e-295 2.27866e-29 6.05468e-265 1.2878e-240 5.54148e-109 4.87394e-177 1.0504e-60 1.62777e-250 0.111476
7.08984e-321 2.13595e-50 3.84553e-248 1.99807e-53 1.26678e-149 1.86848e-154 0.222112 1.27804e-214 1.39241e-40 0.718191 1.42154e-184 2.41278e-218 0.587877
4.31494e-09 5.8091e-19 8.34971e-322 1.09044e-278 2.86652e-254 2.37047e-48 7.89911e-223 2.80209e-192 2.66797e-75 6.26037e-135 0.287599 5.74166e-39 0.221629
9.38079e-130 2.43616e-211 6.35605e-127 8.077e-66 3.12392e-141 7.58664e-128 1.64382e-286 1.9517e-187 0.297835 1.43376e-248 2.69821e-78 6.8749e-91 8.84714e-232
0.00776299 0.00344487 0.00118452 0.00122601 0.00326866 0.000539552 4.94066e-324 1.85245e-298 1.10896e-217 5.08888e-322 2.72182e-284 1.73978e-255 8.23794e-258
1.58447e-93 3.46483e-81 7.46039e-322 2.15177e-173 4.23908e-321 9.56144e-237 8.27966e-112 3.42455e-96 0.15138 1.74669e-128 0.000225776 3.80801e-124 5.10204e-251
