5.7259 0.280582
1.85275e-321 2.36884e-131 9.00673e-192 3.64319e-65 0.133706 9.34687e-264 4.99006e-322 2.70031e-96 2.65876e-165 2.68923e-154 9.98351e-118 9.73224e-213 1.03975e-162 7.23372e-247 2.23318e-321 7.89933e-20 2.67609e-86 1.08704e-134 1.35374e-321
2.39128e-321 6.8755e-154 0.0485337 1.00533e-51 3.35093e-22 2.77171e-87 7.16395e-322 1.153e-10 3.47014e-75 3.84738e-235 4.3718e-95 1.7692e-28 4.58662e-44 1.57542e-108 1.79346e-321 1.36498e-120 1.96205e-75 3.03684e-13 1.70947e-321
2.60373e-321 3.85188e-201 2.74888e-171 0.27827 2.70518e-44 8.0349e-59 6.66989e-322 3.70158e-174 9.69137e-139 4.3774e-65 4.26023e-94 2.7178e-54 7.50279e-165 7.47097e-221 2.5395e-321 4.72569e-19 2.18694e-105 1.54428e-33 1.73911e-321
2.62836 0.658577 2.49967e-18 1.78063 16.5711 1.21537e-40 0.836583 2.4132e-157 0.831722 2.08685e-23 5.66918 3.42717e-112 2.30004e-31 2.88158e-99 1.81278 1.73058 2.38568e-38 4.7523e-52 1.88159
3.46834e-321 7.17474e-97 1.20007e-195 8.83201e-36 0.196632 1.74867e-316 9.48606e-322 2.16761e-109 5.34797e-94 5.94418e-159 4.27506e-222 1.00177e-43 1.03015e-115 3.99416e-208 2.23318e-321 9.49516e-41 6.35826e-98 6.37524e-38 2.45551e-321
3.20155e-321 4.11726e-112 2.89052e-111 8.03911e-68 1.43057e-45 0.463759 1.04248e-321 6.91819e-186 6.52646e-84 2.88025e-233 1.00337e-200 7.71227e-13 1.22834e-101 1.82227e-168 2.72724e-321 1.42048e-90 6.27572e-45 1.28023e-110 2.07014e-321
2.25294e-321 4.83181e-155 2.31543e-72 5.15599e-43 0.101389 7.47792e-299 9.63428e-322 1.08984e-17 8.40318e-47 2.94243e-148 4.10989e-232 1.01042e-11 2.5791e-149 9.4978e-69 2.12942e-321 1.13547e-94 2.34333e-31 1.90344e-116 1.58595e-321
2.08002e-321 3.31539e-147 2.9419e-40 4.65128e-70 1.51658 3.88494e-92 5.78057e-322 2.31363e-122 2.08552e-150 8.48332e-81 1.02818e-123 2.59008e-167 3.05597e-118 3.16046e-248 1.99603e-321 2.7189e-43 2.01949e-107 3.52333e-91 1.16105e-321
2.87052e-321 2.10853e-281 1.8519e-179 4.73084e-10 0.0431755 6.55151e-153 7.60861e-322 4.63607e-164 6.12209e-131 2.12552e-92 3.0536e-176 2.27738e-200 1.72105e-165 4.70921e-180 2.79147e-321 1.37648e-90 6.92079e-96 2.86842e-40 1.90215e-321
2.06025e-321 1.98672e-141 1.01887e-77 1.38568e-112 1.22628e-113 2.20234e-157 6.07701e-322 0.0972273 5.86415e-69 1.86431e-124 1.95072e-85 1.94454e-228 2.53005e-160 1.84759e-74 2.31223e-321 4.13031e-22 1.80535e-84 2.58816e-157 1.40809e-321
2.89028e-321 1.0273e-107 7.88529e-179 2.98279e-148 4.48876e-25 1.77095e-24 6.91692e-322 0.0440814 3.08998e-94 2.31988e-150 1.58653e-221 0.211442 1.69528e-193 8.34717e-60 2.73712e-321 4.99744e-33 6.01479e-102 5.93034e-54 2.20847e-321
2.73712e-321 2.53351e-200 1.04295e-28 7.95405e-141 7.69135e-58 3.2945e-266 1.00789e-321 3.21013e-198 3.02978e-250 4.11275e-162 3.2007e-184 3.48995e-142 0.104453 1.43418e-283 2.61855e-321 1.82179e-130 2.09933e-119 0.288992 1.60077e-321
2.67784e-321 1.58315e-131 7.8668e-144 2.81288e-13 0.998608 1.57851e-238 7.26276e-322 0.398744 1.15623e-169 8.39071e-262 1.79237e-103 1.25769e-139 0.0151738 0.179463 2.39128e-321 1.05617e-132 2.6623e-135 1.93508e-144 1.77864e-321
3.62644e-321 5.29395e-92 2.19563e-42 2.47284e-93 1.24841e-23 0.121973 9.83191e-322 1.2949e-21 5.50281e-207 4.15487e-79 1.5937e-194 7.57773e-166 2.88713e-34 1.29207e-157 4.5454e-321 2.57306e-121 0.220911 5.77088e-111 2.70254e-321
3.62644e-321 4.70044e-220 6.69182e-49 6.12333e-20 8.02087 0.322333 6.91692e-322 4.43761e-133 2.09041e-236 0.426855 1.83472e-27 2.06005e-113 1.14861e-104 8.3194e-170 3.46834e-321 3.02596e-05 9.83015e-29 1.81572e-110 2.15413e-321
2.58396e-321 2.28049e-158 0.411635 3.7472e-132 1.40038e-34 3.58692e-321 6.42285e-322 6.07194e-155 9.27166e-248 2.80052e-73 7.09089e-206 1.80947e-89 2.55634e-246 4.17719e-144 2.08496e-321 6.18307e-46 1.57466e-218 5.39619e-67 1.42291e-321
