1.72872 0.124083
0.00315681 6.73429e-45 4.43234e-68 1.08447e-08 7.06071e-78 2.09983e-06 0.0920493 0.249149 2.89069e-31 1.06424e-58 5.13302e-134 2.53097e-39 5.02742e-10 4.59326e-110 6.40982e-17 1.2887e-115 0.268691 8.0799e-83 0.160514
9.82009e-154 6.31952e-111 2.09742e-12 2.66525e-115 2.65827e-82 4.54575e-124 3.96282e-50 5.59853e-145 8.37405e-41 1.29997e-72 2.42762e-200 8.997e-07 2.30841e-34 4.07976e-75 0.101064 6.88598e-75 6.06162e-138 9.92519e-83 3.25152e-87
0.894328 1.23771e-139 1.3873e-102 1.09529e-106 2.11796e-37 0.350612 5.37806e-119 7.16021e-130 7.53385e-22 1.42371e-100 0.116552 0.000691798 3.55761e-10 0.296209 6.94073e-35 0.0924962 1.49076e-32 1.3328e-76 1.3552e-17
6.7168e-126 1.74793e-61 9.58151e-100 6.28675e-30 0.135191 1.18557e-104 6.24666e-54 2.16628e-47 0.0737422 0.309825 2.9519e-137 1.02703e-77 2.59685e-43 5.15501e-112 2.64363e-83 5.67216e-120 3.98205e-164 1.37762e-85 5.34458e-30
1.04941e-140 2.28398e-64 0.124465 2.52476e-44 2.28019e-103 1.80112e-119 1.93242e-103 4.95128e-88 5.50188e-27 5.62137e-08 3.36861e-103 9.5309e-32 2.54957e-98 1.08468e-99 1.39852e-52 1.2338e-143 4.46793e-152 4.60749e-71 0.0485993
6.88226e-179 7.25089e-123 7.47591e-21 4.91398e-100 1.17771e-102 4.42651e-51 2.79683e-107 1.91793e-129 1.19877e-62 5.71186e-44 6.90835e-139 8.2322e-85 7.84632e-83 2.23726e-126 0.0878878 1.25462e-176 1.3794e-126 2.05904e-44 1.27465e-65
7.03664e-140 4.55047e-139 1.87849e-57 8.84645e-67 2.05753e-85 1.66546e-81 8.53943e-130 6.25742e-130 0.108161 3.25076e-30 2.37351e-107 2.17228e-82 1.9828e-49 1.44583e-120 9.85762e-12 4.04103e-174 7.93447e-150 1.72747e-90 3.40521e-55
2.06448e-160 1.53116e-84 2.32639e-10 9.20591e-67 0.00580722 4.91495e-39 8.6462e-37 7.4959e-162 8.91798e-31 2.44776e-83 1.94597e-188 1.53998e-56 3.16584e-106 6.92937e-112 1.55146e-09 9.62128e-62 1.66035e-56 8.12969e-63 9.22014e-09
1.81842e-192 1.1033e-57 1.36761e-111 9.58659e-138 2.06885e-66 1.37664e-78 3.09641e-38 1.36094e-203 4.45426e-32 9.25752e-48 2.69082e-150 0.153034 4.19942e-51 5.14904e-133 8.86182e-63 1.62428e-181 7.84622e-156 5.61729e-43 8.83006e-71
2.89534e-66 0.367321 1.9086e-90 0.0578528 2.54222e-119 1.90882e-74 0.125046 2.28928e-199 1.91838e-51 5.16568e-118 3.68476e-116 1.43316e-60 5.95984e-44 2.1437e-44 1.1343e-39 2.30423e-134 3.48525e-56 1.06776e-62 1.15938e-48
8.02373e-164 8.63529e-140 2.59711e-92 7.06248e-122 3.3264e-125 4.17868e-109 1.44474e-126 8.00918e-208 5.11385e-39 5.9432e-107 1.12857e-183 9.29682e-92 5.63143e-94 1.70532e-129 5.72342e-67 4.84186e-185 2.12146e-133 1.65089e-81 2.06121e-80
2.69397e-125 5.19739e-123 5.40449e-109 5.13947e-101 0.00358833 6.66059e-49 2.46863e-127 7.81394e-147 9.96504e-32 2.8067e-58 1.47459e-87 0.290215 3.18301e-39 1.21677e-16 1.56637e-25 4.26211e-181 5.93204e-139 2.34942e-59 9.98878e-73
3.36906e-09 2.56963e-35 3.28418e-70 8.13602e-122 4.37161e-99 8.59082e-111 2.03054e-127 3.43035e-135 1.00963e-52 3.76367e-59 1.83334e-59 6.05492e-87 0.173639 2.47763e-21 0.105623 0.0214273 3.19026e-77 0.0820635 2.34611e-85
2.36112e-183 3.19287e-70 5.02875e-103 3.86897e-99 8.14262e-58 6.33587e-106 1.79003e-79 1.29519e-120 0.0198808 3.1773e-116 9.94464e-168 1.14617e-43 4.82838e-39 1.36856e-75 1.53714e-72 1.28846e-146 2.53478e-130 1.43379e-26 1.34692e-98
3.57771e-200 4.1853e-140 4.37442e-119 7.07853e-106 7.82714e-144 5.03107e-94 0.00984325 2.22338e-71 0.194955 7.28315e-85 2.6937e-57 1.43775e-07 1.99005e-32 6.15766e-85 2.3626e-19 2.00245e-137 7.89582e-27 3.62751e-100 2.44416e-50
7.74881e-199 1.93057e-126 1.98353e-120 7.89173e-126 3.87129e-152 4.1989e-102 7.86208e-126 3.31474e-172 2.38034e-60 1.5386e-113 3.41431e-168 6.16642e-83 2.31143e-93 3.67301e-120 1.37286e-81 9.79647e-162 8.45636e-149 1.01357e-81 4.88166e-66
