1.26736e-114 1.91576e-42 0.0259283 4.51774e-100 7.00369e-46 1.30429e-20 1.20474e-210 1.10461e-136 2.50092e-285 5.18952e-35 1.74913e-116 0.0498706 5.70312e-82 0.06823 6.57e-106 1.44321e-45 2.58437e-248 5.11173e-121 5.18523e-74
3.41516e-94 2.57093e-113 0.0742183 1.70164e-94 8.9148e-14 2.91917e-100 1.01568e-166 1.48317e-126 7.32164e-225 5.85086e-115 1.90543e-61 8.14432e-24 5.96738e-34 2.1503e-46 6.36792e-117 2.4891e-117 2.56715e-256 3.79248e-176 7.19531e-28
5.63089e-20 2.27269e-103 1.4335e-38 1.011 3.17388e-85 0.114527 9.24048e-131 0.14713 0.984241 8.76315e-43 1.4888e-46 1.52524e-24 1.65681e-105 1.27952e-42 0.9293 0.845255 0.246929 0.297489 65.2914
7.21501e-15 4.5763e-98 5.11441e-21 7.19528e-146 1.41407e-12 4.76231e-71 1.87183e-67 2.14583e-100 5.47223e-196 1.98448e-38 2.60216e-97 6.91728e-80 0.160932 0.152847 6.57029e-185 4.41817e-55 1.00699e-217 6.47751e-144 4.59584e-93
9.02529e-44 7.60465e-84 3.21924e-87 9.28438e-184 6.10405e-117 3.98968e-100 1.90663e-242 4.17577e-180 5.23791e-190 2.16805e-51 1.13195e-102 1.24776e-112 9.61913e-54 1.51623e-114 9.55903e-102 6.11004e-32 1.93538e-270 2.5726e-170 0.0712044
1.03626e-57 0.0562738 0.00482617 6.19795e-60 5.22547e-65 2.24601e-06 0.286961 1.36842e-132 1.01287e-271 3.40047e-95 1.06509e-198 2.00093e-48 4.03754e-42 9.10683e-46 2.7069e-80 0.957004 1.15585e-210 1.41638e-189 3.96077e-17
1.43498e-66 4.66155e-51 5.28502e-10 9.47831e-98 2.84076e-113 1.99062e-138 9.86742e-153 1.93477e-99 4.4521e-290 4.69136e-45 2.07354e-62 0.599918 2.2807e-16 2.13988e-85 9.27942e-110 3.38724e-57 1.04623e-289 4.63919e-177 2.55992e-56
0.0494282 2.58786e-129 2.5564e-69 4.10435e-135 3.56946e-16 6.06913e-41 1.05337e-200 5.88622e-69 2.42421e-175 2.01387e-53 1.67048e-128 1.1261e-92 0.236304 2.27515e-89 3.44915e-123 9.58784e-29 3.18724e-188 1.65789e-193 2.46249e-55
3.80818e-85 3.52085e-41 5.51992e-108 5.28348e-99 3.09548e-38 6.95381e-94 3.22253e-233 3.53545e-137 3.6965e-307 1.31294e-118 5.69746e-34 1.92405e-92 1.35796e-47 2.53925e-40 1.97306e-103 3.13538e-92 1.26936e-256 9.89703e-79 0.807746
2.31175e-89 2.37107e-54 5.75596e-78 7.49328e-155 0.102953 2.43442e-37 2.66853e-99 4.11192e-158 5.07868e-201 8.89265e-96 2.65621e-72 9.67578e-66 1.42843e-80 2.17018e-70 8.49514e-106 7.6696e-20 1.16202e-296 2.17959e-171 2.64645e-134
0.0452516 2.92379e-63 2.16053e-131 1.31687e-85 4.94127e-12 1.0929e-126 3.62857e-197 2.43368e-98 2.51981e-287 0.0891351 0.126806 8.41374e-85 1.37378e-75 2.08126e-76 8.68062e-210 0.000439779 4.66862e-247 4.73779e-64 1.4731e-50
4.69677e-133 1.71897e-60 1.27527e-101 2.66926e-99 1.9933e-88 1.70048e-83 3.73558e-251 1.07137e-123 5.92104e-310 1.29394e-46 2.84222e-58 0.0651059 8.01017e-41 3.64653e-57 6.8937e-137 4.75224e-46 4.9201e-238 1.92808e-137 2.25197e-110
3.20744e-50 4.13772e-127 5.43346e-72 7.45298e-104 3.9842e-118 2.01511e-154 1.16547e-127 1.54184e-141 1.54297e-221 7.1883e-51 2.80623e-184 4.53786e-33 2.52302e-25 1.0656e-93 6.7064e-179 1.23305e-52 2.58272e-277 3.79042e-116 0.353299
8.13664e-70 0.0820495 1.79156e-33 2.89994e-143 3.4171e-121 2.56309e-61 1.60981e-141 1.6354e-108 3.18765e-245 9.42122e-80 1.09703e-148 1.38608e-105 1.80788e-73 8.41137e-92 1.0494e-95 0.0290201 5.97407e-164 7.7798e-165 1.33973e-89
3.13081e-81 9.72433e-20 3.6892e-111 1.16326e-166 2.80321e-106 1.27145e-124 2.61325e-212 1.42328e-133 3.04888e-205 2.26911e-29 4.35314e-180 4.171e-122 3.03863e-91 1.35446e-96 1.59532e-219 5.65014e-25 3.45158e-205 7.97347e-132 0.186407
7.95759e-148 3.52121e-76 1.20537e-128 3.8586e-97 2.39288e-36 2.61162e-128 3.85815e-202 1.18159e-174 9.82555e-265 1.79867e-104 1.09336e-101 4.82105e-66 3.23782e-37 7.2667e-76 1.62463e-119 2.68555e-107 1.67893e-241 3.63841e-180 1.2493
