3.36432e-97 5.27548e-49 2.23274e-98 3.92872e-225 5.78709e-136 8.14547e-91 1.21805e-39 1.24526e-226 0.123332 2.37149e-119 1.99425e-75 1.34303e-227 5.78658e-111 1.24814e-86 6.17486e-128 2.57908e-136 2.77824e-206 1.56065e-191 2.53568e-170
9.17067e-106 9.00238e-175 1.13592e-178 5.35367e-204 2.54841e-107 0.19844 2.39294e-50 8.307e-97 7.48449e-59 3.05789e-145 2.02352e-46 1.21442e-93 1.14005e-74 1.54098e-45 1.98733e-42 0.36979 5.38257e-137 1.0694e-154 4.51063e-132
3.00479e-81 1.69737e-91 1.30134e-101 8.55239e-266 3.27754e-90 1.76018e-77 1.14194e-96 1.42839e-256 0.164378 5.91393e-93 2.09337e-179 4.73928e-153 1.46532e-56 5.29318e-67 1.20465e-52 6.06257e-161 3.12136e-133 2.34336e-267 3.48561e-221
4.19735e-163 3.99892e-174 5.67026e-190 3.32185e-279 1.18489e-123 7.81284e-204 0.118089 2.93346e-144 1.42162e-84 1.58525e-172 1.15964e-162 2.53087e-199 6.02887e-176 2.15032e-162 6.54129e-46 1.98468e-48 2.61483e-96 4.18986e-229 9.14333e-246
8.3477e-117 4.24123e-69 0.59252 0.820617 9.21808e-142 3.56033e-32 1.31896e-72 2.18714e-79 2.04167e-59 2.43181e-34 0.541457 0.24728 6.11888e-24 6.14167e-104 1.73615e-129 3.72243e-35 2.83569e-250 0.744578 1.43283
9.53433e-98 3.3334e-162 1.91714e-161 6.57452e-82 0.312825 7.3326e-85 8.97514e-32 2.16309e-92 3.33986e-43 0.28245 1.31038e-209 2.25228e-156 1.05615e-133 2.76205e-95 2.47379e-111 3.24239e-44 1.91323e-66 6.11815e-304 2.53987e-96
8.8969e-62 0.208393 1.49816e-202 3.11504e-288 5.29677e-96 1.6963e-26 1.63791e-84 5.29645e-29 2.94082e-81 3.15408e-234 9.71556e-191 3.40651e-207 7.63907e-164 0.190248 1.69097e-102 1.00094e-135 0.115656 1.35792e-72 4.03668e-204
4.99256e-75 4.42024e-167 1.00138e-174 4.72419e-176 1.05041e-62 6.07982e-36 6.23596e-59 6.33889e-145 0.274524 2.15657e-209 3.66877e-112 1.48925e-84 5.55226e-112 2.51504e-27 2.25887e-45 7.51293e-37 4.67366e-97 1.6022e-148 6.04106e-235
2.63983e-133 1.28671e-66 1.84679e-32 1.32262e-86 9.99633e-136 5.77349e-115 2.70073e-79 0.326395 0.0561434 7.36992e-22 5.11028e-168 6.87293e-157 6.67997e-09 3.49816e-77 1.78618e-38 2.23329e-85 1.79223e-161 2.33473e-277 8.43199e-152
5.37499e-96 7.73212e-87 4.18262e-192 2.19365e-321 1.3398e-50 3.22035e-193 0.481378 1.46821e-159 6.66921e-94 5.94214e-144 2.8533e-196 2.84348e-252 2.97338e-183 1.35767e-96 1.25002e-96 2.39919e-116 1.54122e-230 1.2441e-126 7.37069e-170
4.25815e-69 1.15449e-37 1.08242e-122 4.61419e-134 3.05526e-114 2.52198e-186 3.46003e-131 1.6644e-251 7.14606e-131 0.00249554 4.99444e-131 6.23247e-72 0.0233559 5.46847e-149 2.5938e-110 1.01532e-56 3.91875e-196 2.71431e-282 2.04362e-187
3.30874e-32 3.00832e-52 1.26089e-169 2.23318e-321 2.31411e-73 1.86547e-150 0.198504 3.4817e-41 2.1151e-44 1.10791e-144 3.10993e-89 1.06365e-274 2.29322e-68 9.00687e-152 0.0644474 1.06849e-106 3.38902e-104 2.60122e-151 1.88972e-146
0.161024 1.38147e-132 8.88536e-118 1.38202e-136 1.56024e-71 0.292837 6.42653e-07 4.76688e-75 0.0775055 8.39883e-110 1.85088e-24 4.4733e-40 0.197289 2.89704e-29 8.26351e-52 2.83621e-56 3.90558e-106 6.44271e-201 2.21859e-205
0.244066 1.54504e-71 3.35043e-175 1.86079e-180 2.00109e-109 4.64011e-278 0.000436545 1.05276e-204 1.28877e-28 1.02504e-121 7.28573e-222 1.36106e-96 7.25104e-141 1.77109e-119 3.25457e-50 7.71513e-37 1.07623e-117 3.18962e-212 4.36957e-129
1.81443e-123 1.74651e-177 8.29183e-109 6.49618e-261 6.28402e-105 4.82147e-119 2.99075e-105 3.47969e-123 0.0482456 2.23937e-132 3.11946e-218 5.85736e-231 1.98166e-129 1.01228e-117 1.65175e-50 7.99573e-71 9.78868e-96 4.58204e-176 3.00032e-153
2.18628e-136 1.46157e-67 2.28126e-187 2.53787e-305 0.507162 1.12319e-98 0.384212 1.55834e-250 2.18373e-110 2.44016e-167 4.65757e-161 4.14269e-220 3.9491e-183 1.63592e-61 1.9693e-125 0.00676566 0.114304 9.83577e-187 5.08953e-137
