9.53521e-30 5.97734e-07 1.76267e-29 9.481e-51 6.85161e-70 4.67765e-65 7.51912e-10 6.87274e-40 6.96916e-60 3.09848e-17 4.75676e-25 0.0330739 2.0564e-36 0.00520646 5.37044e-43 2.94822e-24 1.12855e-23 1.3162e-24 1.11468e-23 5.06932e-31 1.17119e-62 2.39646e-46 1.57278e-55
2.32508e-51 0.00166291 1.48296e-16 5.2881e-06 0.0367787 3.40338e-54 0.173333 1.379e-16 0.0654054 0.0566529 6.87207e-21 0.00387181 6.48529e-37 1.49745e-23 1.68189e-48 1.65498e-32 9.49577e-15 5.50513e-67 2.03034e-44 8.93404e-43 2.3912e-33 1.36866e-22 4.21877e-32
4.29411e-54 0.00186336 1.95606e-19 1.17793e-13 1.0733e-73 0.0456342 1.47519e-49 4.31973e-21 2.82722e-16 8.50666e-32 2.01317e-38 1.93185 1.11628e-18 2.63287e-13 2.32879e-43 0.0715131 3.15571e-28 0.251002 2.10407e-33 2.29979e-08 9.87452e-34 3.07308e-18 0.0229959
0.555565 7.32159e-42 2.38453e-22 2.88929e-46 2.39568e-49 1.13891e-87 3.86356e-31 6.34582e-39 2.86736e-48 1.26395e-22 3.22495e-33 1.01577e-12 7.75074e-29 6.28806e-15 3.19686e-58 2.13306e-69 5.74255e-13 2.84025e-47 2.24275e-39 1.60842e-52 9.09508e-33 3.38272e-74 1.11758e-27
0.000372351 4.50298e-44 5.06855e-36 3.73202e-19 1.11581e-20 8.50734e-18 9.0252e-25 1.17261e-50 2.83646e-52 0.0347785 4.63032e-12 0.657702 3.12488e-26 9.23011e-31 3.57545e-30 1.03734e-24 3.88277e-33 1.21683e-56 0.428416 3.07555e-39 1.81232e-50 0.0917123 1.45876e-07
4.34052e-61 1.98823e-51 5.97303e-30 1.86926e-09 8.37827e-18 2.60811e-44 4.58537e-08 1.32719e-57 8.1064e-17 1.18457e-19 2.98691e-15 2.16924e-32 1.0154e-22 6.23261e-06 6.36876e-77 2.83425e-14 2.52097e-08 2.64284e-13 0.000108735 1.91857e-46 0.214961 2.35124e-17 1.46092e-42
7.91209e-66 1.04365e-18 1.87976e-14 0.00191869 1.50247e-48 8.51197e-95 2.94462e-14 4.70729e-26 1.13452e-12 1.33511e-33 2.14806e-36 0.84093 1.65189e-46 1.06021e-18 0.017619 5.63826e-39 4.93269e-10 4.28639e-22 5.73031e-11 5.35187e-29 1.65765e-29 1.22113e-32 1.54998e-19
1.31384e-33 0.0620171 2.42773e-12 4.36484e-11 9.17994e-72 1.95453e-38 5.78029e-17 2.76606e-38 2.31115e-34 1.4922e-42 0.105336 0.0766443 7.84414e-44 2.79884e-37 1.50833e-63 4.34538e-53 5.43682e-08 3.27009e-39 3.57672e-43 7.26079e-45 6.4599e-54 1.25523e-52 1.60286e-24
3.6941e-45 2.79461e-45 3.7783e-23 1.79032e-46 6.73397e-43 6.06473e-47 5.3605e-34 6.73588e-08 3.17414e-16 1.52321e-29 2.80058e-46 2.30098e-18 0.000103885 0.0012545 5.31265e-10 1.48326e-15 4.51381e-15 1.43058e-36 0.0164226 4.55195e-10 0.336555 4.13828e-14 1.4147e-27
5.07225e-22 7.48092e-46 0.0641362 8.6848e-50 7.12055e-62 1.02232e-27 5.05172e-51 0.112828 1.4139e-33 3.73002e-35 1.11079e-27 2.13799e-05 2.98211e-11 1.54534e-13 0.0502409 2.25264e-37 9.01624e-06 2.67478e-67 1.78935e-17 1.0436e-19 1.98699e-20 1.48162e-52 8.42681e-47
8.66948e-46 6.23706e-23 1.94574e-32 2.26816e-25 1.19124e-70 3.06785e-55 7.34029e-21 4.25702e-28 6.87617e-13 1.38379e-37 1.46269e-50 0.33821 0.0551568 1.00062e-20 7.79762e-17 5.3003e-63 1.5202e-27 7.36929e-58 2.18505e-14 1.64844e-24 6.27137e-06 3.30002e-57 5.72199e-55
2.79511e-42 1.3542e-88 5.23384e-62 0.212979 7.18211e-37 8.44714e-59 4.40384e-08 7.12909e-34 1.92057e-20 4.11083e-13 0.00235418 0.000315129 2.48162e-48 9.83992e-22 4.83748e-44 5.15982e-50 0.0604531 3.96819e-73 1.27851e-41 0.0537043 0.000114496 2.82525e-37 0.000127754
