4.87073e-59 5.61987e-136 9.13702e-223 4.2046e-277 1.72582e-92 2.07508e-321 2.71242e-321 3.78454e-321 0.55076 8.99694e-321 8.68567e-321 1.27963e-321 1.04332e-131 3.58692e-321 1.66391e-121 8.57204e-321 1.89227e-321 3.4881e-321 9.92755e-317 2.29376e-99 2.05465e-165 1.02237e-14 9.60064e-39
7.84917e-128 6.48837e-182 5.02371e-20 5.65995e-301 1.68687 1.53654e-321 1.84781e-321 2.6729e-321 2.51623e-301 8.93271e-321 7.78647e-321 7.70742e-322 1.76381e-321 3.06321e-321 2.25253e-83 6.06713e-321 1.69465e-321 1.44155e-242 1.42785e-321 3.61599e-13 2.15628e-148 1.26479 7.86341e-40
1.06218e-159 3.57475e-36 2.50675e-90 1.81816e-321 1.97586e-140 1.16599e-321 1.74405e-321 4.19899e-286 5.13771e-267 5.38532e-321 6.03254e-321 5.97819e-322 2.13935e-292 2.70748e-321 2.48858e-106 6.59578e-321 1.22528e-321 2.53456e-321 1.07961e-313 0.10304 4.9154e-192 8.04817e-12 9.1684e-42
6.79297e-133 6.76934e-19 4.40015e-121 1.93289e-293 0.208986 1.46243e-321 1.52172e-321 1.95356e-272 1.90123e-201 5.93373e-321 5.77563e-321 6.42285e-322 9.44368e-210 2.75195e-321 2.7056e-181 5.34085e-321 1.33892e-321 1.65759e-286 9.56537e-283 7.57379e-61 1.03289e-170 1.52343e-112 8.86135e-241
0.197158 1.15152e-76 8.37186e-166 1.08368e-314 1.73464e-28 1.54643e-321 2.07014e-321 3.53901e-224 1.02894e-307 6.95644e-321 1.37341e-283 7.60861e-322 6.60864e-271 2.12942e-321 9.61324e-52 6.33392e-321 1.56619e-321 3.15214e-321 1.65018e-321 2.01065e-76 5.31928e-175 6.02242e-82 1.37987e-153
7.38248e-215 2.23055e-159 3.79771e-130 3.4634e-321 0.934412 1.92686e-321 2.96933e-321 1.66157e-308 1.22679e-266 9.40701e-321 1.51971e-314 1.16599e-321 1.39713e-210 2.76563e-272 0.000989898 1.0489e-320 2.34187e-321 1.94575e-247 7.73137e-300 1.80515e-62 6.446e-151 0.000999754 6.61623e-258
1.86473e-134 9.66205e-103 3.01064e-30 1.52172e-321 0.000210398 1.15611e-321 1.53654e-321 2.22229e-290 1.21042e-120 7.29735e-321 6.67483e-321 8.05327e-322 3.12831e-288 2.68278e-321 1.27505e-97 5.8695e-321 1.53654e-321 3.04839e-321 1.66006e-321 0.236999 2.54952e-138 0.0170387 2.3747e-114
1.46831e-43 1.96285e-162 2.00325e-149 1.74405e-321 5.64473e-36 1.18082e-321 1.45255e-321 1.65339e-251 8.47039e-233 6.61554e-321 5.90408e-321 6.17582e-322 9.52711e-304 2.6976e-321 6.80606e-180 5.7361e-321 1.36362e-321 2.43574e-321 1.12153e-321 3.42204e-94 5.89572e-175 0.562667 5.17783e-70
2.01085e-321 1.38338e-321 1.07212e-321 2.0055 8.1631e-117 2.06725 3.39144 2.80583 1.57815e-214 13.3887 8.40124 1.00045 1.55874 2.77144 2.91287 12.9529 1.48695 2.87938 1.55017 3.73582e-62 1.17124 1.07308e-119 1.88856e-179
2.04926e-05 2.79381e-29 6.51891e-113 2.42092e-321 5.00354e-151 2.02073e-321 2.27764e-321 5.65567e-292 4.53923e-136 6.95644e-321 8.12738e-321 7.01573e-322 1.58756e-259 3.29048e-321 3.88622e-28 6.99103e-321 1.7737e-321 3.03356e-321 1.96638e-321 0.000111285 2.48654e-186 1.11713e-109 0.0826545
2.93497e-67 0.16409 1.65224e-56 1.96144e-321 8.68104e-52 1.58101e-321 1.67488e-321 3.30036e-321 3.02903e-85 7.49992e-321 6.37345e-321 7.41098e-322 1.21483e-318 2.04543e-321 2.39941e-156 6.53155e-321 1.49702e-321 3.45846e-321 1.84781e-321 4.85948e-107 3.37424e-62 0.167835 0.0113124
7.65032e-67 3.53535e-105 1.65116e-56 1.39821e-321 1.22092e-59 1.3241e-321 1.59089e-321 8.62696e-313 1.31079e-116 5.31615e-321 5.69164e-321 6.71929e-322 1.41756e-296 1.69465e-321 8.51801e-146 5.01477e-321 1.36856e-321 2.78653e-321 1.04248e-321 1.39389e-85 1.23759e-123 0.160841 1.05363e-160
