2.388 0.0614082
1.10893e-50 4.06249e-41 5.27891e-70 2.81303e-33 2.99785e-21 0.0554445 6.66817e-37 1.73373e-19 1.54748e-07 1.96041e-56 7.3303e-40 4.1785e-47 3.00409e-26 2.99508e-50 1.82805e-36 0.03624 3.77289e-37 4.29133e-68 1.05309e-26 0.00189066 3.41052e-50 1.1317e-34
0.0675471 7.1197e-46 8.01143e-70 4.79851e-54 2.42746e-30 5.79626e-71 1.52801e-28 3.23182e-42 0.0595938 0.0675242 1.54628e-54 0.305118 6.07445e-42 2.46429e-58 1.23935e-16 5.99032e-25 1.8206e-27 2.21935e-11 6.82478e-30 3.9215e-28 9.1305e-40 1.14906e-34
7.10525e-40 9.02148e-30 1.38838e-47 1.47191e-26 5.61919e-34 0.0782861 1.18437e-13 8.26477e-28 0.02837 9.80902e-86 8.67657e-41 0.159702 5.26384e-31 8.65048e-26 9.89566e-58 1.46555e-51 4.82119e-22 3.88816e-39 7.05626e-20 2.20125e-21 6.24869e-58 6.9638e-11
3.76816e-31 1.16949e-31 5.20544e-97 5.25767e-26 0.0276562 1.02939e-27 1.01027e-33 2.08147e-71 7.33095e-19 8.98539e-59 5.51793e-61 1.06923e-17 8.49822e-38 1.83206e-72 3.32102e-42 9.73882e-45 3.63319e-59 8.59457e-50 1.99106e-33 1.05361e-15 1.31101e-47 9.44894e-39
7.63602e-43 0.141082 2.29114e-23 1.91866e-46 2.13348e-16 1.33985e-26 1.40079e-24 0.0136872 6.77851e-18 7.75703e-70 1.94681e-10 0.560146 1.914e-26 0.0668959 4.656e-38 1.79414e-67 0.0853289 2.82974e-70 1.04575e-15 6.63017e-22 3.16465e-28 0.0187774
2.5955e-20 4.18833e-11 0.0771524 1.91839e-13 7.61639e-21 9.03309e-63 8.78628e-37 2.58046e-57 1.73735e-12 4.52175e-66 0.0986487 0.276929 9.42358e-29 1.42668e-68 1.38604e-49 2.11597e-06 8.9264e-39 0.22563 1.36843e-62 0.0656395 0.102654 1.45242e-15
8.93736e-08 2.357e-15 1.01681e-59 0.00978943 5.947e-26 8.22991e-17 2.50351e-36 0.000150592 1.09395e-36 2.93437e-81 1.98563e-64 0.0794993 7.88703e-06 1.01071e-47 4.78526e-26 5.89545e-18 9.86711e-59 3.54377e-28 5.88545e-12 3.65752e-16 4.24418e-53 1.63806e-30
6.26769e-65 3.0771e-19 3.87828e-85 7.80092e-27 2.72453e-22 0.0257211 1.45632e-25 3.95819e-11 6.17179e-27 0.00330423 5.18866e-54 2.76652e-14 0.283109 0.0403519 0.0950224 8.9107e-38 1.01175e-26 6.15782e-56 0.0834714 5.40151e-24 1.93345e-26 1.89837e-32
1.87876e-58 3.27703e-42 1.33498e-77 8.40136e-05 0.0687232 7.32586e-48 0.244103 2.72893e-43 3.73803e-09 4.01783e-25 2.30872e-42 1.8233e-31 5.80226e-34 1.1315e-43 3.19935e-21 0.0196028 7.00054e-49 1.42898e-27 7.44445e-58 4.80007e-18 8.97458e-52 8.90066e-15
5.12511e-32 1.338e-29 9.76487e-91 2.60032e-30 1.59956e-12 2.70055e-44 1.90149e-18 1.26359e-49 2.06118e-22 7.90945e-33 3.50085e-31 9.57994e-33 7.55216e-39 3.61654e-70 3.99389e-60 2.93365e-60 4.83182e-23 8.21089e-41 1.27881e-63 0.0673258 2.97055e-37 9.69073e-25
