1.47202e-101 0.0505152 1.01166e-124 3.01365e-42 1.56562e-142 4.07403e-33 4.0503e-107 5.39317e-169 1.71141e-85 6.50268e-31 1.22599e-54 7.568e-112 1.1233e-84 1.98643e-12 5.53823e-81 5.55253e-89 7.38622e-74 5.18603e-49 7.08873e-153 5.2295e-44 5.05974e-90 6.03784e-64
1.83408e-98 3.29757e-84 2.29581e-109 4.33984e-21 1.32558e-198 1.0739e-34 1.29353e-96 7.12984e-138 3.77363e-116 9.77636e-57 1.73297e-83 7.40324e-113 1.79683e-46 3.88571e-13 3.48803e-67 4.33768e-138 2.29711e-92 0.0455856 1.2058e-125 8.11976e-14 2.70273e-138 2.60879e-67
1.17251e-94 0.000118703 1.97642e-100 3.27434e-16 1.0763e-108 9.44948e-55 3.28711e-78 1.94962e-174 2.41674e-94 1.63321e-50 7.12306e-121 3.11625e-89 2.69993e-53 5.70152e-39 6.64384e-69 7.18314e-58 2.30753e-99 1.50154e-39 1.88967e-108 0.08497 4.91834e-85 5.82573e-58
1.19532e-71 1.2742e-83 3.64382e-103 5.10769e-65 1.04215e-198 7.93585e-85 9.57524e-80 1.73471e-168 1.79434e-68 1.10792e-49 5.30235e-65 4.45116e-95 5.39812e-79 6.86212e-58 3.76733e-70 3.31683e-98 1.85748e-86 1.11845e-60 1.05799e-108 0.0415646 5.43443e-133 1.73653e-61
1.77436e-67 2.44979e-10 0.192724 7.87831e-36 0.339444 1.67474e-76 0.0519952 0.0916822 2.81539e-89 2.59777e-24 0.0681478 5.48766e-48 5.11967e-40 1.31591e-62 9.53361e-56 2.00192e-118 7.76394e-88 1.55592e-10 0.120537 1.91665e-68 0.226032 2.6001e-20
1.44866e-77 0.177092 4.04395e-100 0.0749698 8.39956e-166 7.29651e-51 1.63418e-56 4.83091e-182 1.15655e-103 4.71352e-36 8.27386e-55 3.52691e-37 0.057943 0.284891 2.28191e-76 5.21844e-79 6.6414e-116 0.0936074 1.78298e-143 1.17785e-18 4.4618e-111 1.22188e-33
2.85728e-76 1.46177e-70 1.59188e-79 8.79037e-19 3.57337e-147 7.3273e-57 1.68739e-103 4.71584e-83 1.47588e-98 1.51814e-33 1.19189e-35 1.9176e-77 3.89143e-59 4.32344e-50 1.12364e-76 3.00043e-111 1.11626e-91 0.0210507 2.39563e-98 3.5023e-21 2.52381e-146 2.14246e-63
4.3152e-113 2.03908e-67 1.06512e-110 7.05818e-47 1.38904e-195 5.45194e-97 7.17638e-90 2.42277e-165 9.8794e-122 2.22808e-52 2.61879e-78 3.6092e-91 4.3681e-41 1.6536e-27 6.262e-47 1.0484e-122 5.13038e-104 7.50344e-37 1.40428e-155 0.148424 4.86567e-133 7.21548e-34
1.47713e-79 0.13207 2.60912e-129 3.80285e-36 1.97787e-112 3.17007e-82 1.89728e-86 3.22822e-98 9.41649e-55 1.6507e-71 3.77429e-89 0.0438279 3.69353e-50 8.9364e-35 1.25278e-53 4.83398e-114 2.8025e-132 7.24585e-38 8.39309e-41 2.86432e-75 1.24632e-115 0.0713461
0.208166 0.454833 3.12278e-126 4.27666e-06 2.17331e-110 0.145472 1.02224e-76 1.19667e-69 0.245396 0.39458 11.0218 3.80576e-10 4.44432e-73 1.75787e-17 0.13036 0.573335 0.811875 1.9289e-57 7.95733e-167 3.04422e-72 2.15897e-101 4.76769e-64
