1.93202 0.197232
2.44249e-69 1.00545e-54 4.30433e-92 1.22975e-73 3.15439e-93 1.05668e-63 7.89814e-114 0.260235 2.14627e-28 2.89834e-10 5.24409e-73 2.26433e-110 1.66452e-84 8.51487e-94 1.52125e-41 1.7564e-113 5.5414e-35 1.52848e-193
7.96943e-140 1.32263e-39 4.08096e-122 0.366555 7.8139e-07 1.66139e-116 1.00474e-102 4.31846e-64 1.6809e-154 0.0349184 6.93852e-121 6.95796e-87 0.0918851 5.92879e-322 2.43364e-140 6.51072e-129 1.19576e-35 2.27435e-218
1.67838e-20 9.50584e-104 1.27722e-79 0.00238161 2.21648e-101 1.10155 3.27157e-74 9.50469e-189 3.88567e-253 1.50426e-77 1.22403e-92 1.48094e-42 2.28503e-226 1.56971e-221 6.10915e-140 1.2691e-49 4.67365e-132 2.5414e-196
0.354816 3.55098e-242 0.725791 1.46559e-25 2.16312e-169 7.81101e-119 0.0465174 0.0746191 0.338684 7.49549e-92 7.00657e-08 3.08067e-113 1.2953e-40 6.62048e-322 1.45009e-128 7.0597e-95 1.24851e-119 1.08809e-67
4.07393e-119 1.64679e-164 1.32337e-65 6.21187e-98 4.98498e-22 0.332947 3.11327e-118 2.35533e-181 5.5685e-219 1.66819e-88 2.15106e-59 1.95606e-181 1.7736e-146 6.51976e-203 1.42756e-67 2.5969e-33 1.17527e-31 9.56493e-169
8.84686e-140 2.35562e-204 6.01254e-119 7.47035e-26 6.03778e-99 1.428e-68 2.60616e-126 1.65358e-116 1.85464e-256 6.63595e-101 0.0275715 1.56303e-81 6.22471e-60 4.39718e-322 3.94409e-50 0.162738 5.37898e-41 3.60264e-189
2.91178e-129 0.349696 3.4899e-128 2.0584e-86 0.261958 5.13909e-24 2.83081e-113 7.11378e-199 0.423246 0.305882 3.02135e-65 6.08981e-32 4.46477e-15 0.209025 0.308517 1.5813e-109 0.42962 0.195333
4.55026e-50 1.2301e-88 2.57203e-170 3.61641e-110 8.80973e-31 8.79866e-132 4.7455e-17 4.58919e-87 4.12472e-276 7.62497e-19 1.79809e-29 0.531112 5.73582e-173 2.00622e-264 1.02994e-154 9.7739e-164 3.06261e-29 1.58508e-213
4.96898e-46 3.24531e-108 2.40107e-106 1.53115e-16 7.98309e-103 7.59907e-21 6.67591e-14 7.50906e-178 5.7805e-166 5.92663e-43 0.083792 0.451601 1.52594e-224 1.45858e-186 1.18456e-57 1.06711e-72 2.02195e-50 2.65772e-82
9.25056e-130 4.72833e-114 8.78025e-189 7.48051e-09 1.08184e-13 6.82585e-82 2.03617e-112 8.63138e-115 8.94771e-167 2.87338e-63 5.55668e-112 3.63908e-178 4.04263e-133 4.59481e-322 8.19738e-100 0.0251053 4.33609e-93 4.83151e-209
