3.40214e-113 3.91755e-26 5.95048e-22 1.29729e-93 7.40442e-165 5.64379e-122 0.186839 0.276168 2.97592e-52 1.30697e-44 1.62635e-88 0.18247 0.0573457 5.55879e-133 5.89848e-71 3.53418e-24 0.0501771 8.92563e-53 1.27136e-138 0.26595 0.145674 6.83166e-107 2.21414 4.11794e-18
8.32888e-62 0.0350989 1.10086e-132 9.81259e-115 5.76456e-157 5.68664e-27 6.26347e-54 5.66025e-15 0.223861 9.62445e-52 1.47897e-50 4.22234e-20 1.49414e-38 1.30126e-54 4.06523e-42 3.1037e-67 8.61038e-66 3.16989e-51 1.29215e-111 1.51901e-106 1.52352e-126 7.77048e-111 7.07902e-34 2.32519e-145
2.91046e-61 1.10574e-82 5.74862e-72 2.39108e-60 2.31632e-148 7.09192e-133 1.20042e-13 0.0456851 4.68835e-55 5.39874e-23 1.03188e-95 2.52924e-84 2.31803e-32 3.2895e-62 1.95741e-104 9.41306e-46 2.33188e-137 3.19371e-94 3.03631e-145 1.07563e-29 1.25167e-113 1.44299e-73 2.0619e-125 3.90068e-80
9.55651e-23 4.30958e-13 6.60547e-96 7.61635e-42 0.0661667 2.65241e-40 2.34167e-12 2.49433e-05 3.24362e-26 2.25413e-44 4.4636e-13 1.54271e-49 4.74845e-10 5.64899e-27 7.28793e-92 0.145929 4.06859e-137 1.06691e-51 4.97164e-26 1.02064e-104 6.37666e-31 5.35022e-118 3.43833e-73 7.09586e-25
1.51519e-15 3.18698e-11 4.19653e-124 2.04829e-91 1.43306e-15 0.107124 3.3673e-84 3.90218e-43 1.78004e-92 0.0530143 2.86462e-44 0.0025894 4.43471e-107 1.81479e-28 0.104769 2.92608e-79 1.93162e-177 5.40144e-08 3.4931e-37 9.82579e-77 1.71006e-132 1.07568e-102 1.1094e-78 0.121622
0.0182026 1.83866e-08 0.0147076 0.020167 3.93856e-165 1.82355e-147 4.95951e-92 4.88904e-65 4.43859e-100 6.04668e-75 7.29914e-96 5.3657e-90 1.0819e-121 1.34047e-133 4.42343e-105 4.10729e-81 4.95167e-199 9.26404e-89 5.55565e-145 1.81337e-105 2.36715e-122 1.26945e-118 7.38552e-123 1.08129e-135
1.71467e-53 3.02684e-53 4.10183e-06 1.0369e-96 7.4074e-160 7.46214e-63 3.46776e-82 6.88887e-23 3.70113e-62 8.86616e-29 2.72329e-50 2.99633e-64 8.36641e-56 3.33447e-117 1.09071e-78 2.25147e-35 2.55944e-60 1.4155e-08 0.518632 3.29824e-102 7.69531e-50 3.83764e-60 0.024981 1.14855e-137
9.94326e-31 3.20846e-27 9.88162e-17 7.308e-138 5.33114e-87 8.94174e-57 1.05685e-75 0.0769174 0.03209 2.49959e-18 1.14212e-64 2.74502e-23 4.14456e-14 0.0144146 1.2656e-40 3.43203e-18 1.65651e-75 0.238644 5.01623e-20 5.84694e-19 4.43984e-86 6.75912e-33 5.51899e-51 3.71977e-120
1.05237e-136 2.94457e-19 1.21367e-113 1.87907e-30 1.2859e-89 4.17223e-42 4.81903e-12 1.2038e-51 1.68951e-101 1.83403e-61 5.62572e-18 2.41818e-56 8.15685e-93 0.141441 2.16854e-18 2.23983e-09 1.7772e-180 2.4673e-30 1.44541e-114 5.30839e-62 2.0747e-135 5.15669e-55 5.76904e-61 1.37082e-106
9.94787e-118 5.23733e-31 4.93426e-116 2.08698e-54 0.0117236 1.8703e-127 1.14854e-30 5.94541e-36 3.47941e-101 1.61461e-45 9.30312e-66 2.66647e-13 5.32484e-109 0.0138296 2.29094e-111 3.14558e-08 7.00363e-129 2.20994e-74 1.73415e-31 5.99112e-35 3.85672e-118 7.81716e-92 2.26356e-50 0.00023627
8.40417e-62 5.02389e-43 1.53112e-16 2.71399e-55 7.73595e-144 7.73418e-29 0.0215519 2.79495e-22 0.0188619 4.77561e-56 0.0983373 4.62588e-46 9.74679e-104 1.01992e-50 4.74987e-29 2.08221e-60 2.37e-147 2.56782e-63 8.69415e-129 3.89175e-50 1.77135e-94 0.101527 1.60034e-69 1.15156e-51
