3.47229e-49 2.01111e-30 1.57614e-33 0.261222 7.73508e-45 7.33256e-30 1.30733e-24 1.30111e-35 3.44569e-37 1.13753e-71 5.28005e-23 7.15939e-27 1.76283e-25 8.1857e-47 1.18391e-12 3.76955e-67 2.59669e-91 1.03571e-131 1.88204e-150 5.29338e-273 1.67187e-107 1.50367e-101 2.31863e-86 2.30962e-143 7.33814e-87 3.38368e-76 3.76072e-155 3.25273e-319 1.71333e-123 2.13456e-74
1.24836e-79 8.97902e-254 1.2448e-88 1.13742e-122 9.03411e-196 2.84692e-194 7.17109e-70 1.66953e-225 1.62262e-77 1.36528e-184 5.97746e-145 1.39991e-261 2.07197e-130 1.25227e-201 1.43509e-222 0.371093 1.61104e-52 6.27243e-88 0.346818 0.422381 0.567365 4.17783e-112 1.77194e-29 5.05086e-71 2.0217e-49 1.64954e-59 0.202457 0.232041 4.51523e-136 4.71443e-124
1.23562e-59 2.52414e-36 6.19775e-12 5.43595e-39 6.15737e-103 2.75322e-69 5.32985e-41 8.95248e-93 2.32293e-61 3.04349e-28 1.75609e-78 1.36494e-38 6.26239e-16 1.96504e-41 1.52938e-57 3.95345e-45 4.52504e-72 1.27637e-47 8.75233e-84 2.24097e-222 6.31363e-134 4.79384e-33 2.38264e-90 8.01345e-26 1.05081e-98 0.257696 8.69766e-174 8.94779e-279 0.0458738 3.34287e-88
0.00730778 0.00462362 8.93415e-07 0.000306981 1.85007e-05 0.00113707 0.00675818 0.000108934 0.00353896 0.00488168 0.00597677 3.31325e-06 0.000313455 0.0060139 2.10899e-05 5.54549e-88 9.58228e-112 9.93647e-180 4.60926e-186 2.96439e-323 1.48754e-147 6.13895e-160 2.97437e-149 2.30772e-155 1.6189e-102 5.68996e-82 5.26418e-192 1.4822e-323 1.24452e-148 1.56015e-128
3.12124e-06 3.34097e-11 0.00571067 3.98894e-09 7.17706e-15 6.08652e-21 1.51331e-22 3.9034e-35 2.05735e-23 1.9174e-15 7.26868e-19 9.15945e-28 0.0533972 2.5661e-08 0.0233989 1.23741e-71 3.13608e-87 7.4711e-151 5.13822e-162 2.86558e-322 4.70179e-135 3.17951e-151 3.64407e-131 8.0994e-136 1.94834e-96 7.52639e-76 9.52062e-182 1.63042e-322 1.30549e-125 5.13034e-126
3.02928e-68 1.87445e-73 2.01432e-21 1.80534e-60 2.86481e-31 4.00194e-114 2.87207e-11 0.21011 2.50137e-70 3.42186e-177 8.14842e-52 4.93958e-150 2.18611e-97 2.56942e-06 6.48408e-55 6.29908e-78 1.99602e-34 1.09893e-111 4.87013e-140 8.20686e-302 8.57079e-31 4.54266e-06 1.32567e-66 5.64659e-93 1.83267e-43 1.39354e-43 4.60818e-106 1.9494e-284 0.0437433 5.21047e-103
1.72186e-45 1.04198e-14 7.03208e-21 4.43689e-08 6.48732e-57 0.00159421 2.31415e-16 2.59342e-96 1.55182e-22 4.37471e-142 6.86314e-80 3.47161e-22 6.88373e-54 6.84277e-48 4.91517e-27 9.63628e-39 5.61015e-91 6.75779e-145 4.09286e-170 3.16143e-282 1.52378e-71 9.82697e-55 9.885e-48 1.59771e-148 1.26548e-14 0.223393 1.34534e-122 1.94351e-319 5.03173e-52 2.04965e-47
4.832e-111 1.17267e-43 4.3304e-76 2.74185e-90 1.28359e-59 3.41749e-17 7.20863e-39 4.03821e-94 3.45932e-157 2.21195e-42 2.64338e-120 9.88475e-69 6.40368e-54 1.0036e-145 1.41513e-120 2.14287e-36 3.78442e-41 7.16934e-163 1.14951e-162 4.93572e-321 8.00294e-24 2.22627e-140 2.14266e-149 0.134313 0.150621 1.99766e-51 3.91013e-134 5.53354e-322 5.33671e-126 3.45881e-114
7.90155e-234 3.11773e-126 1.95247e-24 1.69224e-59 6.318e-68 5.20629e-103 3.53615e-101 2.93542e-105 1.33921e-33 2.81091e-185 1.41789e-32 1.06928e-161 4.22716e-122 1.40878e-47 1.73577e-73 0.00866869 4.64528e-49 0.193472 5.75387e-90 3.27975e-201 9.41054e-94 0.0561732 2.13048e-147 0.00218633 2.86339e-41 1.04525e-42 4.10509e-113 5.97819e-322 1.51047e-113 1.91513e-110
1.39202e-18 3.7705e-46 1.81798e-139 3.10849e-40 4.64959e-96 3.19778e-48 1.04494e-95 2.92714e-53 5.85732e-73 3.80166e-170 2.4571e-84 0.10319 1.57565e-07 9.00086e-118 7.4864e-108 4.63515e-18 0.0707964 2.95978e-122 3.5062e-120 8.54734e-322 3.6132e-139 1.8178e-130 1.34506 1.07919e-31 1.66742e-26 8.58593e-22 1.63473e-134 3.95005e-290 4.1271e-62 1.77324e-41
5.16463e-129 5.9159e-34 4.32949e-22 8.72325e-55 1.11148e-52 5.68282e-113 2.73978e-25 2.39636e-55 3.24515e-80 1.907e-142 0.272338 0.00379651 1.40867e-47 7.29909e-101 6.59377e-82 2.43809e-67 0.241151 1.43442e-111 1.04463e-129 1.37452e-239 2.87182e-121 2.27085e-60 4.88271e-32 1.01992e-82 1.68508e-56 1.01135e-38 3.89794e-162 4.29837e-322 2.35642e-147 0.302351
4.15696e-11 4.98785e-12 0.00127668 8.86916e-13 0.123705 1.12459e-09 6.94359e-16 1.27489e-07 5.54334e-10 0.000354999 0.0120784 9.32089e-11 2.65554e-05 2.05915e-16 2.73365e-19 7.73846e-86 3.86296e-99 1.58125e-173 4.74844e-185 8.56117e-320 6.83501e-133 9.88083e-146 2.70752e-132 1.38047e-135 6.6239e-89 2.77058e-79 1.47692e-188 5.92879e-323 2.26295e-138 1.63063e-110
