4.54458 0.327218
2.58163e-86 2.50916e-36 2.33129e-47 1.4637e-135 8.23607e-321 5.30368e-259 6.27463e-322 1.72429e-321 4.03285e-182 2.85815e-258 7.01573e-322 3.45846e-321 0.573533
2.20192e-29 1.96785e-210 9.31466e-101 3.86097e-59 7.94952e-321 1.09395e-179 5.68175e-322 1.30433e-321 1.71727e-292 2.15897e-306 6.71929e-322 3.72525e-321 1.10618
8.51617e-114 1.08694e-322 7.15419e-83 5.38989e-13 1.5153e-320 0.0947272 3.08924e-264 3.32506e-321 1.33373e-293 2.44896e-184 1.41797e-321 6.44262e-321 5.75333e-101
2.59598e-98 9.07705e-234 4.92679e-159 1.09615e-179 1.16649e-320 1.69959e-321 8.00386e-322 2.30729e-321 2.18649e-25 8.1422e-321 1.86757e-321 5.54836e-321 4.8263
1.16679e-88 1.09437e-155 6.33528e-144 2.89302e-36 7.77659e-321 3.44001e-237 7.80624e-322 1.41303e-321 7.2752e-122 1.07219e-129 8.74496e-322 3.02368e-321 0.414492
3.39841e-49 9.59888e-245 9.37841e-80 3.94956e-121 1.17785e-320 3.06894e-260 2.24395e-243 2.61855e-321 1.02046e-131 0.479903 1.88733e-321 3.75127e-145 6.57074e-164
5.63114e-35 7.04365e-98 4.47316e-61 9.85101e-31 1.66994e-320 4.42321e-315 1.12153e-321 3.45352e-321 9.40778e-258 1.70021e-292 1.16105e-321 3.49269e-92 0.192223
5.58818e-268 1.28457e-322 1.44229e-216 6.87571e-235 1.92735e-320 1.97256e-16 0.235861 4.28355e-321 1.47777e-108 4.22825e-190 1.84122e-318 4.87128e-309 1.16383e-71
7.36652e-321 8.85357e-164 5.73029e-241 6.1857e-321 9.52955 0.844114 0.305322 2.61451 0.153774 9.90746e-120 1.065 3.1665 3.59502e-21
2.61905e-06 3.52051e-05 6.6884e-17 0.0496287 8.59674e-322 1.4822e-322 6.91692e-323 1.58101e-322 1.63042e-322 6.52167e-322 8.39912e-323 3.40905e-322 4.98232e-194
3.03656e-253 4.84832e-243 1.41158e-213 3.92019e-11 1.69267e-320 1.03685e-117 1.39327e-321 3.07309e-321 0.163838 3.77828e-129 2.26776e-321 8.18304e-283 1.11891e-198
0.0283564 0.000974787 0.00345351 2.25864e-07 4.59481e-322 7.41098e-323 3.45846e-323 7.90505e-323 7.43075e-321 3.40905e-322 4.44659e-323 1.87745e-322 3.29317e-187
3.92335e-251 5.93866e-120 1.15862e-100 1.56542e-80 1.81273e-320 2.62349e-321 4.28844e-174 4.81714e-321 1.29567e-312 1.76271 2.26282e-321 1.45916e-153 5.44982e-11
