6.84944e-79 1.60292e-23 4.83939e-34 3.8888e-56 1.33577e-37 1.76275e-74 9.45645e-67 6.92793e-38 1.68055e-50 4.22958e-51 4.8604e-36 0.270141 1.33908e-40
1.21475e-49 2.81272e-10 1.32552e-55 2.94735e-54 0.164285 2.52048e-86 6.66372e-38 9.4897e-53 2.40666e-71 3.9083e-102 2.27027e-66 0.00329226 1.15418e-74
0.000498649 5.42427e-77 2.16537e-50 9.32831e-60 0.586977 2.59554e-103 2.49437e-45 5.86849e-39 7.49343e-16 2.41912e-63 7.95166e-90 1.90118e-11 2.86497e-97
1.85013e-30 1.5837e-64 1.28296e-63 4.36609e-61 9.69215e-11 1.01007e-92 1.45236e-27 1.3666e-16 3.40128e-34 0.0305645 5.84294e-42 1.41783e-27 5.12647e-100
6.76506e-54 9.23416e-28 3.84757e-31 5.56302e-29 0.0447254 7.4687e-83 4.29422e-61 6.85154e-58 4.19121e-41 2.01338e-94 5.44097e-98 2.08888e-44 3.94363e-68
1.45964e-73 3.01397e-97 7.5138e-76 2.17845e-08 0.00304331 2.50128e-55 1.28498e-59 2.1562e-49 0.121203 1.77645e-66 1.08297e-14 7.9354e-69 1.46761e-27
3.1e-110 1.71841e-84 1.69061e-25 4.76837e-09 1.28964e-39 1.53998e-83 0.997742 8.8851e-58 1.63739e-30 6.73671e-67 8.1904e-96 1.08398 2.9787
1.72528e-81 6.24123e-113 4.50275e-68 2.08326e-118 3.49769e-77 6.41061e-120 0.13518 0.00780302 1.64383e-38 4.28001e-72 1.13933e-52 1.06557e-12 1.12151e-71
2.04362e-62 9.68115e-20 6.14929e-46 2.31819e-45 1.06761e-52 2.44253e-51 4.75725e-69 2.60118e-74 1.53431e-43 0.230928 1.2623e-100 0.0674134 1.5396e-81
7.30734e-99 4.48546e-95 1.61086e-80 2.00673e-31 9.12733e-22 0.0405351 6.0091e-115 4.48463e-55 2.0387e-37 1.23624e-61 5.46204e-100 0.0691928 1.99021e-32
2.43949e-38 1.03692e-116 5.80342e-88 2.03205e-135 7.76991e-65 0.0628105 3.75181e-139 7.87227e-63 9.23292e-68 1.47837e-76 0.0733183 0.000217147 2.27047e-44
0.0111348 0.0134043 0.00714334 0.104278 3.36062e-69 2.36865e-122 1.93102e-131 5.22522e-75 3.82553e-72 5.57471e-101 2.8485e-108 8.72312e-66 1.39401e-111
5.62508e-23 8.40307e-108 1.37677e-52 4.37724e-29 3.01682e-22 4.47235e-101 1.86451e-77 0.0968784 6.25229e-05 0.00611129 3.07135e-94 1.53122e-17 2.20551e-15
