3.57728e-39 1.43069e-149 8.67765e-100 1.12552e-58 1.70885e-101 5.86644e-160 2.75346e-92 6.14349e-51 1.82306e-06 9.7961e-71 2.01491e-26 7.97287e-53 2.53472e-38 7.50337e-68 3.32568e-120 7.52529e-87 7.18321e-202 3.94294e-188 3.62716e-19 7.54275e-219 6.19424e-163 2.03204e-118 4.43829e-232 5.24382e-132 4.88162e-101 2.15696e-108 0.426636 2.45339e-90 1.01728e-123 4.89413e-133
2.27221e-93 4.84124e-45 1.93138e-25 2.9774e-39 3.96831e-110 1.17678e-16 1.12004e-05 9.87096e-65 1.4047e-79 4.51918e-180 4.88294e-141 1.22549e-110 8.66975e-20 5.94148e-46 2.15309e-08 1.9382e-130 1.23691e-47 3.06398e-198 2.02425e-22 0.0951053 9.48162e-186 2.14669e-53 0.308963 1.53672e-157 2.62511e-138 1.71031e-53 9.06583e-50 1.92578e-47 2.48218e-86 2.53821e-84
1.8825e-41 1.1176e-28 7.24114e-69 2.04145e-163 3.19908e-114 1.2526e-57 1.78504e-48 1.51139e-41 3.92499e-58 1.35448e-31 0.309999 6.4853e-111 8.4239e-36 1.17868e-24 2.75364e-183 4.25416e-128 1.78674e-168 5.22465e-19 2.03422e-96 4.26175e-99 3.37358e-166 1.20059e-166 9.85455e-91 2.67135e-130 5.75664e-162 1.00005e-136 0.784708 3.32976e-118 3.97626e-169 1.58836e-150
1.23798e-44 7.68952e-69 3.3969e-98 6.29818e-132 1.26857e-164 7.83282e-172 1.23787e-26 2.81391e-171 4.13791e-111 3.444e-130 7.33535e-39 5.87097e-76 1.10696e-54 9.08902e-92 3.26217e-101 0.241606 6.46685e-125 3.39108e-134 4.08067e-28 6.84096e-95 7.27211e-137 2.4788e-117 2.21169e-125 5.56367e-320 0.233013 9.78692e-94 1.20895 9.37876e-47 1.94605e-76 7.37339e-85
6.77551e-94 6.83455e-17 5.57407e-76 3.88125e-193 7.72858e-44 2.35149e-202 4.13111e-53 3.08593e-172 1.18555e-44 5.43661e-13 3.71001e-139 3.03276e-65 1.81996e-55 0.0898723 5.34663e-187 8.6062e-133 4.84946e-176 1.47194e-161 5.94992e-71 5.29901e-16 4.60684e-57 2.95314e-101 4.3051e-21 2.49285e-214 2.53388e-163 1.40418e-44 4.22293e-70 2.43399e-11 1.39386e-17 0.564192
1.12042e-53 5.37607e-99 2.54373e-151 3.85833e-162 4.12235e-28 1.62199e-205 1.15622e-222 1.24728e-63 1.51867e-68 3.97863e-153 2.39541e-150 8.47992e-28 1.7058e-36 2.4641e-148 7.6535e-79 6.10677e-05 1.1085e-102 4.47675e-81 2.2147e-33 1.26863e-95 2.80912e-171 0.154694 0.0980565 1.06667e-134 2.7183e-139 6.01573e-132 2.69268e-37 8.72406e-57 2.28753e-93 0.107687
2.66065e-55 1.45802e-153 2.61981e-244 2.27489e-09 5.45473e-84 1.35676e-276 1.28883e-24 3.73109e-217 1.91282e-155 4.66039e-163 1.47788e-33 2.43702e-11 1.38077e-175 2.27498e-66 5.92974e-20 6.13246e-09 2.70158e-99 1.3016e-85 7.37482e-62 2.19921e-208 0.242768 1.81114e-217 1.84983e-228 0.164809 4.50611e-98 0.693158 9.80745e-87 4.17375e-15 9.7458e-193 2.16036e-55
8.63869e-58 6.48498e-176 4.83847e-55 8.76518e-43 1.24365e-40 3.46213e-168 2.51246e-79 2.40631e-224 1.44034e-31 4.47131e-155 3.49432e-97 1.7204e-63 1.14097e-153 1.54599e-74 8.08656e-158 1.55533e-61 2.4403e-95 2.46598e-157 5.66032e-81 6.6163e-212 3.70736e-185 7.78158e-84 5.73861e-50 9.22354e-147 1.79637e-181 7.80956e-85 5.64123e-43 4.31152e-37 0.212322 6.44422e-76
1.86677e-99 2.79087e-45 4.40621e-120 1.78816e-75 5.9589e-115 2.18985e-32 1.00184e-225 7.50865e-66 1.888e-96 2.29123e-164 6.53645e-113 1.13095e-119 3.41717e-61 1.37435e-155 6.84967e-16 1.05395e-152 0.0145161 0.140832 6.9834e-66 4.19462e-91 3.30297e-180 1.25995e-174 1.10671e-98 8.92663e-114 3.56047e-21 1.58817e-186 3.03234e-24 2.45269e-110 1.2899e-89 1.88783e-64
6.06167e-15 2.68209e-27 4.11928e-25 0.00640244 2.17e-11 1.18358e-24 4.12683e-32 6.97238e-21 4.16642e-11 0.0880648 2.87872e-166 2.11368e-142 1.49823e-177 9.37291e-156 2.4335e-209 1.13618e-146 1.71897e-181 9.74041e-181 1.10299e-98 1.90994e-226 3.15831e-228 7.0697e-224 4.00164e-230 8.39912e-323 1.88577e-164 1.20817e-199 1.47975e-107 1.22848e-157 5.81747e-220 1.97814e-165
1.41631e-68 1.47383e-30 2.59057e-106 4.23634e-77 1.75755e-10 2.22796e-171 2.38915e-25 2.67864e-210 1.13652e-48 7.20862e-86 2.40554e-97 0.10091 0.140328 3.34055e-127 8.32852e-17 3.48511e-118 8.25373e-174 3.83297e-196 2.48387e-39 1.21226e-193 1.32157e-178 2.68984e-204 5.12156e-215 7.16395e-322 1.01722e-62 0.12129 2.73842e-33 1.2221e-19 0.0530629 1.86094
2.59168e-49 8.13158e-63 9.83632e-124 5.25293e-85 1.61447e-68 3.54947e-79 5.58408e-190 1.81087e-91 0.00129634 3.09473e-133 1.23976e-41 1.29009e-27 3.15952e-156 1.52979e-159 2.40947e-201 1.16262e-62 8.68783e-80 2.82913e-17 2.96412e-77 1.60146e-156 1.62528e-50 0.105515 9.49267e-192 2.20979e-126 3.93693e-111 7.68891e-34 7.06673e-104 3.62003e-118 2.18666e-180 6.14475e-99
2.78924e-05 5.52892e-69 4.38239e-151 7.88762e-114 4.30787e-34 1.2826e-56 3.84082e-15 2.87606e-124 1.54257e-32 1.19539e-150 1.815e-101 2.16731e-61 1.36814e-73 3.29072e-22 4.14853e-205 1.07146e-117 1.68291e-154 7.48178e-175 0.0909316 4.46503e-203 4.80801e-132 4.51607e-216 2.76357e-88 1.04636e-179 6.61168e-84 6.76005e-184 1.2267e-13 4.74526e-73 7.5148e-96 2.02957e-155
1.34612e-109 8.40543e-154 1.32377e-71 1.03018e-141 2.47576e-109 1.35292e-160 5.20213e-14 1.00519e-36 1.0206e-11 1.54443e-87 8.5089e-172 1.04293e-118 2.54958e-184 2.88159e-102 1.94988e-108 3.69081e-123 0.169672 5.12524e-131 1.34266e-06 1.88309e-38 4.13033e-194 4.50933e-67 1.74632e-19 2.87332e-138 2.14852e-22 2.86478e-168 1.8272e-84 1.29109e-35 1.30329e-186 1.10124e-105
5.62854e-136 3.12783e-15 1.0067e-168 5.85856e-125 0.00345076 3.54832e-177 3.47627e-138 1.06706e-236 1.88322e-97 1.63212e-162 1.77693e-135 3.68548e-56 1.4398e-118 1.27103e-25 2.09379 4.94425e-42 3.68009e-118 1.16225e-147 1.54954e-11 5.06306e-27 2.12875 1.98864e-32 2.00623e-19 3.20716e-155 2.24918e-08 0.998695 5.8976e-74 1.45067 9.21243e-141 4.80501e-60
0.0189591 0.0103187 0.0104118 0.00168672 3.46433e-07 0.00868561 0.0130172 0.000700377 2.43806e-07 0.00150746 1.75889e-173 7.62742e-145 2.44986e-195 5.15714e-176 6.74537e-238 5.33824e-167 7.31e-208 1.11369e-215 4.19997e-100 2.43667e-227 9.66704e-241 2.81131e-226 1.19813e-234 1.4822e-323 3.35056e-189 2.40067e-216 2.80361e-118 4.04458e-170 3.00911e-221 4.96544e-170
