2.51749e-109 2.40995e-80 1.92192e-321 9.11976e-266 7.97629e-312 1.1913e-230 3.70169e-95 1.35527e-37 4.75846e-07 1.58805 1.15076e-214 1.9466e-106 2.0756e-129 1.17084e-20 1.32274 15.7656 1.21396e-44 7.72333e-255 0.345323 2.54514e-214 1.99407e-315 5.31615e-321 4.99421e-249 1.19657e-184
5.79718e-239 1.28294e-287 2.43732e-242 1.37226e-76 2.10102e-219 1.11041e-184 1.21792e-79 3.23955e-130 6.86751e-322 6.86085e-272 2.55303e-88 7.75058e-187 0.21017 1.45944e-62 4.20944e-321 1.03664e-225 3.94533e-82 1.37843e-111 1.45477e-235 4.28679e-265 1.5845e-216 7.65919e-52 3.06391e-119 5.61226e-71
1.19974e-258 3.49262e-192 2.81478e-163 6.97181e-108 1.20146e-200 3.07434e-91 3.48269e-239 1.83914e-144 9.73309e-322 1.60198e-240 1.79893e-109 1.12077e-65 5.60896e-13 9.04928e-164 4.60963e-321 0.314819 2.9563e-177 1.54844e-34 1.33398e-321 1.86115e-248 3.84167e-226 8.73285e-163 2.18208e-129 2.41151e-314
2.7391e-250 1.03277e-222 1.13747e-112 1.93166e-240 4.43206e-223 1.38143e-270 4.02816e-181 2.07009e-164 1.28523e-226 3.34639e-237 1.97478e-115 1.55334e-319 0.707171 3.02576e-250 2.76905e-195 3.28135e-32 0.118621 5.74808e-40 9.88131e-322 6.51179e-321 2.04567e-256 3.80164e-307 9.58357e-99 3.89898e-278
4.65199e-63 4.44351e-221 1.23237e-41 2.55926e-321 8.91768e-68 1.43805e-148 1.72695e-06 0.22186 4.88992e-74 5.74493e-211 0.452555 1.81746e-40 7.15202e-151 0.182788 3.06755e-170 1.20785e-133 1.62357e-64 0.242097 1.83112e-284 1.60565e-99 1.81422e-93 1.43222e-133 8.83819e-09 8.48675e-120
1.47956e-140 1.36261e-304 1.84915e-310 4.05003e-243 6.57821e-119 3.26397e-201 1.46313e-156 2.78584e-40 4.08276e-39 3.20039e-171 6.27674e-176 1.20006e-06 3.64954e-44 1.27648e-313 1.57438e-283 5.13679e-36 3.81663e-165 4.90612e-228 1.15611e-321 2.37926e-311 0.233545 2.27743e-37 3.35854e-51 4.40817e-211
4.56919e-52 4.12995e-89 1.33892e-321 2.45057e-321 2.03878e-246 3.69623e-262 6.75914e-280 3.13777e-08 1.5053e-147 1.17416e-177 1.81374e-242 3.37727e-72 3.98517e-208 2.1172e-19 7.77282e-102 0.0290501 0.709507 8.84574e-203 3.24273e-208 5.17738e-174 1.21775e-314 3.08963e-239 1.91377e-45 6.28525e-256
0.662039 2.41149e-129 1.34877e-144 3.90706e-281 7.26277e-128 7.1885e-263 2.34284e-288 1.229e-70 6.96633e-322 1.115e-105 4.99516e-146 1.55631e-321 1.57516e-148 1.88603e-131 3.6215e-321 1.84306e-97 9.4732e-235 2.8097e-77 9.14021e-322 9.90128e-168 6.65847e-264 2.55743e-282 2.11377e-303 3.89519e-227
1.21695e-221 7.96974e-247 1.99954e-264 6.34132e-63 2.85009e-135 2.15794e-148 1.83158e-211 1.40433e-241 4.44872e-263 5.5533e-321 2.14112e-138 3.65209e-26 4.07582e-64 1.80334e-321 3.90806e-321 0.113099 5.27943e-223 8.48178e-13 9.33784e-322 9.02437e-193 4.65923e-301 1.83122e-157 4.99115e-311 1.87906e-93
0.136362 3.43151e-259 1.46737e-321 2.89686e-181 1.68991e-234 2.04092e-94 0.267167 3.46516e-102 1.44167e-190 9.23281e-167 1.13097e-166 5.04701e-80 4.3111e-52 2.11117e-218 7.9164e-89 5.27446e-264 4.14027e-321 5.30661e-108 2.13945e-249 3.05992e-166 0.0836768 4.51447e-115 6.646e-23 7.99697e-122
1.04738e-120 1.17472e-251 1.93674e-321 3.08297e-321 2.86669 2.80474 7.78717e-160 4.13463e-261 2.24091e-215 2.83671e-169 1.31709e-218 1.92192e-321 1.57203e-147 7.19276e-121 6.49383e-200 2.67511 4.81839e-252 5.45332e-19 8.95556e-300 2.24342 2.42848e-118 2.62843e-321 2.08645e-218 0.621655
1.34102e-58 1.29357e-276 9.68122e-290 0.391594 9.55486e-298 1.208e-79 1.10766e-172 1.30328e-266 0.191309 3.03837e-214 1.39192 2.10752e-07 1.1497e-108 1.80761e-118 1.229e-252 8.01157e-279 5.49252e-10 1.04686e-77 1.13141e-321 8.2509e-321 4.64866e-320 0.503532 1.99146e-133 2.9292e-123
1.58234e-202 0.381289 1.92564e-41 1.42923e-292 1.42809e-141 1.99257e-310 9.46926e-74 8.34644e-35 1.03101e-183 2.80563e-217 2.17642e-138 0.427985 0.0714667 2.32211e-321 6.53552e-123 0.506917 1.15416e-221 1.57331e-243 3.92808e-109 2.56924e-87 5.85618e-96 5.27515e-279 5.62576e-60 2.46342e-245
6.9067e-234 4.46731e-36 0.352479 2.85323e-284 3.36175e-169 1.81226e-86 0.0438976 2.4399e-293 4.11584e-120 6.5019e-321 1.95712e-128 1.29341e-47 3.49906e-122 0.26174 5.05923e-321 7.32146e-283 2.86724e-147 1.20875e-230 8.64759e-149 3.30773e-111 2.60226e-234 2.86586e-304 0.360232 6.70795e-71
0.857249 1.91275e-227 7.6024e-136 9.81831e-297 6.55929e-217 3.11652e-292 2.31046e-275 8.34971e-322 6.57107e-322 1.04663e-154 6.50345e-117 2.69604e-140 2.26642e-98 1.70879e-199 7.85609e-246 2.11558e-86 1.09224e-190 4.78233e-88 6.40745e-226 1.06903e-196 1.28761e-265 1.85769e-321 1.38832e-321 3.44596e-312
3.98102e-234 2.34194e-96 1.38832e-321 0.15166 4.8803e-114 1.68906e-286 2.89932e-70 2.86587e-100 1.32781e-305 2.35125e-220 3.00136e-18 1.37565e-63 1.25418e-135 7.38356e-128 2.00819e-206 4.42326e-200 4.00193e-321 7.31998e-168 1.15095e-282 2.70476e-177 6.39483e-286 1.24819e-165 9.17598e-273 2.04344e-167
5.39613e-22 9.99817e-144 1.50532e-136 5.5968e-56 1.1576e-320 1.26032e-80 3.24672e-254 1.10671e-321 5.33441e-80 1.63196e-50 1.54197e-188 1.71723e-54 1.42161e-06 8.2181e-84 1.02289e-184 0.0153735 2.11158e-293 4.27346e-185 4.58644e-105 2.04473e-161 8.31842e-158 1.42741e-205 1.89634e-287 2.33501e-108
2.46365e-173 1.26975e-321 7.82086e-56 2.51056e-258 5.91671e-228 2.33374e-219 0.498308 4.50602e-268 9.96744e-267 5.24204e-321 0.00214782 1.0446e-151 1.89063e-104 1.85769e-321 7.09252e-244 2.15553e-56 8.86627e-90 1.41628e-244 1.14623e-321 7.47027e-321 4.18791e-113 1.96638e-321 1.73273e-171 2.5534e-75
