1.14176e-13 2.64095e-20 1.96952e-48 0.385977 3.08451e-53 1.50235e-115 8.01179e-74 1.02336e-85 1.73149e-117 5.79522e-39 8.29812e-34 3.03499e-104 4.6062e-83 2.33151e-85 4.33918e-40 4.92554e-69 1.28664e-55 6.02151e-72 9.27156e-30 9.16557e-28 1.26167e-42 1.06836e-59 1.93651e-54
1.35333e-100 2.23155e-125 5.46319e-60 9.36538e-36 0.150954 0.474052 1.60224e-24 1.39867e-59 1.21906e-66 2.47904e-48 5.56706e-36 2.4024e-138 1.97232e-100 0.0352576 0.745131 0.372696 6.86546e-67 0.72028 8.15386e-96 1.90548e-30 8.7315e-76 1.30598e-42 1.76388e-52
1.10113e-19 5.17954e-59 6.67562e-74 0.562134 3.26945e-76 6.9644e-26 0.519917 1.67714e-76 2.96843e-27 3.18662e-100 9.13269e-55 3.98613e-99 5.81186e-48 2.27067e-66 2.48558e-142 5.14655e-108 0.0539493 5.60592e-62 2.11425e-11 1.16303e-28 7.47085e-71 0.942853 1.8055e-105
2.21981e-26 3.41519e-83 5.52165e-68 0.834178 3.90639e-75 2.56545e-80 7.51934e-112 3.81558e-06 2.56073e-68 1.63353e-87 2.53595e-25 1.20318e-106 0.0598763 1.58143e-67 1.58624e-139 1.07905e-92 1.9199e-70 2.9685e-134 1.34989e-76 4.1637e-59 2.81179e-55 1.34839e-33 0.307026
5.45751e-74 8.22196e-81 7.82054e-33 4.64147e-36 1.02801e-24 1.97264e-54 1.29721e-51 3.82866e-84 4.41486e-63 1.10093e-42 1.29862e-20 1.91985e-57 1.89692e-45 6.07859e-82 2.4328e-42 5.79518e-127 0.0108362 1.00934e-86 2.04683e-88 0.305078 6.10611e-44 3.16746e-68 7.60045e-64
9.07371e-32 2.87188e-26 8.84566e-55 1.41699e-38 4.36576e-103 1.32644e-130 2.12555e-102 1.77946e-70 1.19981e-64 1.41819e-40 4.08166e-68 9.02299e-75 1.11289e-93 3.24705e-109 4.10897e-116 5.87445e-92 2.34948e-23 8.17002e-120 1.155e-67 2.75755e-93 0.167369 4.73759e-54 3.29903e-25
3.09192e-09 4.00669e-53 2.84968e-08 0.604612 2.22387e-116 2.55479e-21 3.20345e-87 0.0291425 3.00707e-80 4.48451e-84 2.56826e-50 0.030896 8.21525e-112 2.17946e-12 1.6664e-130 5.14446e-62 6.0479e-64 1.18232e-57 7.48096e-39 8.50098e-36 9.57715e-12 8.51743e-32 2.60548e-21
1.55058e-40 1.36802e-43 0.0051724 3.8881e-60 1.13558e-99 8.13987e-19 3.61592e-49 8.42012e-17 0.208577 2.28892e-39 2.58282e-54 9.93386e-50 1.28107e-114 2.88217e-24 6.06357e-87 8.52578e-56 3.65594e-29 5.01191e-90 1.96465e-15 4.15277e-68 0.00350683 0.304389 3.41015e-14
0.254043 5.95513e-07 3.6851e-62 0.0717821 1.25972e-28 3.47493e-67 4.47374e-13 1.46381e-49 1.61744e-86 2.66871e-31 4.46954e-58 7.71466e-37 8.33056e-106 1.27841e-21 8.42733e-111 2.63716e-84 2.08855e-20 5.01986e-135 1.01016e-19 1.06448e-10 1.72279e-24 2.82895e-15 4.2429e-106
1.11469e-29 2.42452e-21 0.0901559 3.30895e-23 9.71481e-108 1.61086e-24 1.29982e-43 1.80623e-12 1.82768e-39 5.75843e-47 8.75679e-37 2.15057e-61 2.67469e-67 3.20179e-75 3.91797e-26 1.86612e-108 0.0332417 3.19144e-144 0.119357 1.5624e-21 2.79992e-39 3.52932e-09 1.99595e-101
4.3539e-58 3.35158e-35 7.18549e-61 1.79524e-37 4.40598e-70 4.19494e-68 4.07772e-59 3.43239e-96 5.61981e-38 3.50097e-53 6.18899e-83 2.79021e-122 7.27379e-104 5.3561e-83 2.02479e-93 6.14983e-97 1.69743e-24 3.29641e-76 1.62512e-26 7.30034e-92 2.40901e-68 2.67117e-68 0.096124
8.07676e-31 3.54455e-15 1.35475e-25 1.85324e-11 1.20201e-92 2.93881e-53 1.53944e-87 4.61797e-90 2.65514e-36 2.7101e-19 2.17414e-72 8.62505e-107 0.0486484 4.25471e-39 1.29191e-61 3.54672e-92 2.96945e-12 1.01024e-60 4.77183e-92 7.37554e-64 1.66816e-48 4.75957e-20 1.01263e-70
1.14771e-56 6.92457e-29 6.24605e-13 0.554444 1.00923e-111 1.9563e-62 3.0618e-99 3.90672e-69 5.34016e-50 8.99338e-46 2.18461e-40 7.72339e-132 1.72918e-71 7.28901e-64 1.21903e-132 7.61903e-89 6.16424e-67 4.4236e-124 1.78043e-35 4.34262e-85 1.29967 1.05625e-34 4.56073e-100
1.91829e-20 0.0823829 1.12088e-62 1.18414 1.38397e-118 6.15227e-83 4.56536e-57 1.1885e-31 1.07676e-78 4.85384e-63 2.53643e-69 1.79358e-117 3.39369e-67 1.75785e-104 8.81546e-102 2.82769e-61 3.51113e-63 3.15952e-86 6.8883e-69 1.56614e-49 8.21423e-31 3.82378e-52 2.96756e-30
5.30637e-100 1.4895e-56 8.07888e-122 3.64043e-61 8.95631e-79 1.57508e-55 1.14646e-29 0.0402236 3.13173e-51 7.41995e-35 6.78059e-80 6.36914e-81 3.51711e-14 5.70379e-63 0.295543 2.15784e-39 2.93713e-54 1.00696e-56 2.44314e-54 8.1346e-33 4.61925e-05 2.57389e-30 3.87808e-80
1.98346e-13 1.38744e-57 3.64626e-110 8.49117e-25 8.8874e-80 3.57453e-123 3.70882e-79 3.14726e-90 3.33503e-64 0.121803 0.653395 2.84679e-89 5.04523e-44 8.6692e-50 0.257523 3.87321e-40 9.48028e-47 5.50796e-99 2.64818e-112 6.20522e-24 7.53783e-33 1.08754e-22 3.5411e-62
8.8909e-74 4.57875e-69 3.58366e-70 0.668099 4.2803e-77 2.84747e-102 1.87923e-46 9.53585e-87 3.31363e-85 6.61513e-97 5.72594e-26 5.44485e-107 1.20081e-116 7.56098e-96 5.43263e-115 2.17309e-27 8.2161e-55 1.16142e-87 4.11228e-65 1.1463e-82 1.30658e-56 3.39386e-07 2.04016e-37
