4.34339e-84 2.20827e-53 9.15075e-43 6.59936e-124 1.09812e-23 8.34509e-46 2.8355e-86 4.96319e-87 2.77275e-07 1.33656e-06 0.0260725 0.000413362 1.39546e-30 0.150866 1.29326e-36 2.21371e-76 2.30401e-40 4.63731e-65 4.46492e-08 2.49859e-108 3.30296e-38 1.44432e-102 8.60656e-54 6.27279e-81 9.42923e-52 1.53074e-45 1.42685e-26
9.8069e-120 6.05954e-46 4.20686e-37 1.28571e-146 1.7511e-86 4.00267e-61 5.43291e-26 8.69307e-33 2.78681e-116 2.48886e-62 2.68169e-24 5.78563e-130 2.7894e-42 1.47771e-22 7.70513e-88 1.43795e-82 5.17355e-65 7.85814e-52 0.0549537 3.98805e-42 9.10378e-08 7.76538e-89 0.000134437 2.78888e-74 1.15063e-134 7.79697e-69 1.0869e-58
2.98088e-117 1.46652e-58 1.45501e-77 5.85785e-47 5.95622e-59 3.47047e-87 3.18887e-110 2.03187e-76 1.61006e-14 2.97655e-96 9.20291e-64 7.27321e-81 3.27272e-32 2.58346e-10 2.86717e-25 0.274922 2.48791e-44 9.12491e-06 8.24791e-27 2.8084e-113 2.24024e-12 6.20684e-50 0.205879 6.91041e-117 2.43441e-56 2.09266e-15 2.10931e-116
1.53974e-16 1.2591e-69 9.89638e-113 2.79349e-45 9.57798e-61 1.04828e-47 3.07198e-61 9.39096e-31 1.1158e-58 3.30997e-47 1.87878e-49 7.96762e-81 1.72908e-29 1.42274e-47 1.59921e-79 9.35012e-06 0.0803694 1.41922e-131 2.83895e-68 3.8154e-92 3.89699e-47 1.37258e-07 9.8417e-22 4.76948e-114 6.46503e-53 5.18788e-96 0.00733762
3.17563e-92 2.3031e-47 7.15943e-29 1.54228e-47 1.69256e-08 1.46992e-48 1.18991e-43 3.26103e-11 3.07958e-32 1.2495e-109 1.54793e-109 1.87437e-37 4.66328e-64 4.58153e-18 5.89233e-76 9.00939e-51 4.56173e-70 2.36421e-26 1.01549e-56 1.57321e-19 0.135226 0.180578 8.31947e-19 1.62004e-77 1.26331e-14 2.28536e-90 2.80008e-47
2.69985e-61 2.29944e-10 4.33155e-86 9.83412e-86 2.71833e-50 6.74419e-67 2.09712e-122 3.10239e-89 2.03405e-146 4.54864e-37 5.14208e-146 1.17373e-97 3.57856e-78 3.28947e-84 6.7049e-61 7.15831e-07 7.57579e-24 6.73924e-87 8.94156e-17 3.6021e-114 3.17959e-39 3.75258e-19 0.334393 1.54028e-30 9.60046e-64 7.26934e-77 3.19254e-107
1.59396e-127 4.23218e-44 5.26793e-85 6.8147e-07 3.41337e-70 8.00199e-14 2.29572e-108 2.64312e-55 0.110109 2.05774e-66 3.16283e-54 1.41205e-74 1.37103e-07 4.36003e-82 1.15584e-56 1.16561e-11 8.72657e-60 1.27827e-84 2.37955e-18 1.41994e-128 6.75909e-28 2.7419e-117 0.246139 3.22889e-116 1.40893e-97 0.221139 6.59486e-100
4.00547e-85 1.98165e-33 7.69985e-74 1.13313e-85 2.33839e-19 9.42495e-86 8.93165e-33 4.8354e-29 1.00967e-96 2.01315e-84 7.50854e-117 4.02739e-91 9.33526e-21 1.27347e-72 7.63254e-15 4.52647e-60 5.67367e-51 5.16013e-130 1.66206e-09 0.131666 6.31384e-10 6.91249e-61 1.15587e-09 1.46516e-92 2.3236e-12 0.908059 0.920993
3.99703e-110 4.93757e-66 5.57013e-46 1.07067e-118 2.01168e-14 5.84515e-36 2.65443e-89 1.62477e-20 8.78918e-122 4.11995e-57 2.9374e-111 3.27181e-82 4.07906e-11 0.089981 2.11773e-67 4.41042e-44 1.73012e-35 1.71857e-132 3.79192e-40 1.06718e-36 3.9006e-09 1.25462e-15 0.0672208 1.28885e-103 2.03005e-95 6.89421e-88 1.64656e-14
2.40505e-107 9.02302e-49 2.67445e-23 3.55253e-18 8.42533e-57 2.37322e-52 4.8454e-57 1.94112e-106 7.20771e-35 2.88486e-82 2.96291e-13 1.44321e-20 1.0327e-68 3.54649e-76 6.0897e-19 7.4965e-55 8.97561e-05 6.294e-53 2.69064e-38 4.50946e-107 2.33275e-08 0.0176641 6.90565e-46 2.68739e-23 4.79047e-29 0.263957 4.12078e-73
8.4849e-64 8.56962e-53 1.07899e-61 1.24805e-29 3.31694e-64 4.49062e-06 2.24431e-85 9.38931e-39 4.8252e-94 7.91796e-54 9.28514e-54 2.97637e-06 3.53517e-67 1.97307e-43 0.0344084 1.15528e-15 0.0737738 5.08261e-120 3.52494e-37 1.00575e-44 7.33258e-25 1.71521e-38 4.23312e-38 9.45373e-72 6.60315e-107 3.0125e-54 4.84701e-12
0.00182303 0.00158149 0.0008935 0.00141271 0.00260696 0.00525258 0.00646197 0.00251915 0.00011827 0.00337985 0.00147662 0.000751831 0.000163016 3.31058e-85 1.41759e-114 2.99052e-93 8.45881e-73 1.04028e-134 1.70763e-85 2.49487e-132 1.58169e-71 3.62016e-125 1.10186e-72 1.20951e-127 2.55882e-139 1.39605e-104 5.4688e-132
3.55508e-100 2.68853e-34 5.35189e-42 7.22056e-64 1.22448e-10 1.8082e-28 4.83114e-97 1.7609e-93 2.63504e-50 2.81605e-80 3.09749e-127 1.48407e-17 7.80792e-78 1.49054e-11 4.90828e-71 9.49332e-34 1.22215e-57 1.16771e-57 1.17001e-41 3.12984e-114 0.163335 3.0836e-110 0.00802543 6.24018e-115 0.227113 1.56663e-73 1.17674e-96
5.10297e-21 1.34318e-15 5.01066e-56 5.96138e-13 3.63617e-55 2.4002e-33 2.20368e-98 2.84926e-46 1.10006e-113 9.27447e-46 1.40065e-124 1.53892e-88 2.53677e-84 1.68288e-39 1.74288e-35 7.37228e-69 6.47727e-31 1.37767e-78 0.0637893 1.91835e-38 3.10452e-24 7.43211e-109 0.248446 5.50076e-67 3.69648e-65 1.88574e-75 4.96725e-127
7.51867e-117 5.8285e-70 4.7551e-124 9.86989e-72 6.78117e-17 1.21546e-11 1.3562e-48 8.89883e-80 1.455e-72 1.05132e-38 7.86954e-105 7.34893e-46 3.8828e-66 1.58503e-44 1.79863e-38 1.61187e-56 4.12702e-36 0.165109 5.46037e-43 1.03137e-64 2.35608e-42 1.0572e-35 2.13358e-25 0.102894 2.29494e-79 0.154251 1.38533e-117
5.67898e-57 3.35742e-95 8.31094e-22 4.37046e-25 5.47641e-28 1.46959e-10 9.2848e-95 2.29081e-79 7.01951e-17 4.46064e-119 2.74061e-139 2.97945e-13 1.3816e-45 2.62015e-71 1.37122e-97 9.20888e-20 3.35928e-06 8.34816e-101 2.6725e-30 3.58914e-102 2.69102e-13 1.36317e-85 0.000273443 0.00268724 1.51195e-79 0.307732 1.56501e-132
3.66972e-74 2.08513e-48 1.989e-63 1.9346e-49 1.75296e-09 1.93746e-42 1.60351e-62 2.03475e-103 5.85652e-94 2.19169e-27 3.75576e-90 1.18681e-91 4.5395e-61 6.64539e-31 0.112535 1.37152e-71 2.59707e-18 1.22621e-50 3.21727e-50 1.99752e-117 1.76206e-12 2.45445e-122 1.59248e-56 9.82056e-45 7.18578e-82 1.34024e-92 1.01933e-119
