15.7601 0.214184
4.26494e-19 0.585322 2.73201e-107 1.72479e-44 4.78079e-27 9.23739e-27 1.84542e-73 2.18555e-53 3.4178e-147 1.6381e-49 3.98545e-119 1.92821e-97 2.32729e-215 1.5613e-171 1.78166e-104
1.19189e-24 2.0721e-06 4.03698e-241 4.75173e-19 4.22873e-114 1.47901 1.92268e-33 3.95983e-47 0.213051 4.63344e-49 1.65885e-76 7.34566e-22 7.97095e-144 3.05489e-39 6.26884e-51
0.000226446 0.00828405 0.000134314 0.000437036 0.000512174 1.96442e-101 6.73039e-113 1.44918e-143 1.56378e-262 8.7361e-120 7.78868e-133 3.4907e-148 0 1.85179e-215 3.47077e-195
7.20427e-12 0.283609 7.70778e-06 0.000191802 5.9202e-12 7.62736e-91 1.62925e-109 1.3826e-134 8.87175e-245 3.45038e-109 1.18448e-123 9.11233e-145 1.8234e-307 4.36423e-207 1.08039e-187
7.76798e-206 2.33068e-115 3.1086e-75 2.14533e-68 1.90787e-70 0.104873 0.059327 6.69582e-90 1.04408e-146 1.24786e-89 4.33466e-86 2.86909e-96 3.93307e-316 2.52e-184 3.63573e-132
2.73524e-103 2.74247e-51 3.57335e-103 8.18521e-26 1.89938e-73 8.59982 7.19337e-45 2.18525e-104 6.41858e-175 7.7157e-74 1.50118e-107 5.98727e-50 1.69773e-269 1.42766e-158 1.77169e-101
3.0703e-79 3.90588e-28 2.98743e-05 1.77502e-36 1.50535e-46 0.955236 2.10733e-84 1.47732e-88 1.28429e-151 1.45201e-102 8.97024e-56 1.48152e-129 2.47703e-239 2.43726e-146 6.4987e-187
1.41444e-126 9.15158e-68 3.02439e-33 1.0467e-06 1.15787e-34 0.160246 1.23506e-60 6.43098e-58 6.06459e-209 1.09735e-55 3.83003e-92 1.12941e-145 1.17266e-194 1.05509e-211 4.31585e-189
2.71572e-12 0.183426 5.03096e-10 7.17085e-05 3.41227e-06 5.21908e-96 4.15088e-111 6.61829e-142 4.67271e-257 1.20318e-113 1.58979e-128 7.90153e-144 1.33245e-319 6.80378e-213 1.68806e-193
3.44945e-191 7.91277e-136 4.74561e-30 2.61746e-63 2.47926e-94 0.205742 9.11309e-93 1.98006e-112 1.32733e-108 1.3888e-90 3.74634e-24 0.00024017 9.51888e-262 1.80636e-126 0.0666894
2.73454e-75 1.00053e-101 2.66402e-07 8.91947e-60 5.10779e-23 1.79905e-26 1.34819e-53 0.18144 1.46243e-229 1.892e-83 3.73474e-26 0.0605572 5.29648e-136 2.07295e-203 1.67971e-154
1.33398e-321 2.09357e-123 1.22187e-205 7.38355e-142 2.52739e-96 1.57358 1.00812e-52 8.22452e-123 1.99743e-08 0.378231 0.616057 4.10913e-98 0.203586 2.15352e-138 7.51226e-155
2.3246e-06 0.0876115 3.93102e-07 0.000788827 0.00311647 4.15278e-97 6.72936e-108 2.46786e-142 4.63398e-258 5.34312e-116 7.43738e-129 1.35815e-144 9.88131e-324 1.39973e-211 1.50143e-190
1.03511e-287 8.77296e-169 2.41909e-77 1.17801e-87 3.73684e-49 2.24751e-49 0.00764842 1.75932e-106 1.88467e-220 3.71589e-55 6.76225e-30 0.236427 2.36174e-300 0.202488 1.44136e-36
1.98061e-06 0.198759 1.23192e-09 2.24192e-11 0.000799072 3.06781e-94 1.84608e-100 1.06758e-133 1.21481e-246 1.2324e-114 5.04683e-116 1.02113e-133 1.10691e-312 5.97977e-200 1.22781e-184
