6.88076e-11 9.30118e-62 6.37147e-233 1.3255e-156 2.7762e-17 0.387236 0.178214 1.9565e-321 1.12666e-70 1.78056e-306 8.96532e-136 3.61162e-321 1.27971e-231 2.52353e-253 2.03061e-321
0.0335849 0.000695839 0.000404619 0.00143797 0.00120831 4.27186e-317 4.77827e-215 9.88131e-324 2.66348e-290 4.94066e-324 8.49767e-318 1.4822e-323 2.33688e-253 4.94066e-324 4.94066e-324
1.0076e-184 5.36724e-227 1.0621e-239 1.46982e-206 8.03806e-110 8.69949e-315 5.10872e-70 1.63536e-321 0.402761 7.79832e-240 1.3037e-190 2.63831e-321 3.23283e-79 4.93949e-245 1.96144e-321
2.71618e-83 0.153779 1.07575e-208 1.92846e-29 3.36211e-27 3.12659e-135 4.91165e-125 1.79346e-321 0.101661 9.09081e-322 4.87223e-212 2.17864e-315 9.34196e-179 3.76541e-243 1.75393e-321
1.37837e-07 1.99368e-151 2.25192e-226 7.28632e-278 7.24939e-104 9.19365e-161 3.62249e-210 1.04949e-301 0.480925 8.39912e-322 5.57347e-99 5.0911e-195 1.0491e-170 9.88131e-322 1.92192e-321
3.1676e-254 1.09315e-226 1.07435e-145 5.54736e-285 1.45167e-314 2.57879e-08 6.1763e-99 0.794695 1.71538e-126 4.5149e-272 1.08327e-150 1.14199 9.2382e-86 0.312855 0.611688
3.57561e-128 4.72955e-273 2.73206e-148 1.72429e-321 2.80088e-140 0.683879 1.41278e-35 1.0675e-275 1.5423e-151 9.38725e-322 1.07424e-252 2.78568e-107 1.12673e-252 3.9684e-218 2.09484e-321
1.92691e-122 4.43969e-291 2.01326e-84 1.39665e-205 1.21837e-69 8.9608e-177 2.65465e-93 2.00097e-321 1.09799e-46 1.11859e-237 2.48584e-172 2.61361e-321 0.229205 9.0414e-322 1.6403e-321
6.67861e-53 6.5518e-85 2.33025e-16 1.23898e-25 2.66311e-136 2.55239e-155 9.0075e-52 1.67982e-321 2.94521e-189 1.05782e-126 6.942e-315 8.54323e-254 0.0250396 8.6958e-239 1.24999e-321
4.91866e-87 1.12412e-17 1.0735e-145 2.24722e-76 9.26694e-129 0.175962 7.09282e-30 1.1489e-255 2.10602e-234 0.179508 1.20191e-35 7.3545e-249 4.59739e-144 5.70165e-210 1.55631e-321
3.43312e-99 3.39908e-314 8.66463e-268 9.18602e-65 2.98929e-84 3.03979e-256 3.91717e-128 2.45057e-321 1.78386e-120 7.99927e-74 4.39677e-119 3.9027e-229 0.0698025 3.71785e-98 2.06025e-321
1.31416e-178 6.60973e-125 1.71952e-98 2.88665e-269 1.17306e-223 2.21555e-68 0.00104678 8.02693e-249 1.99785e-259 8.28201e-38 5.17748e-64 2.90017e-321 0.632041 5.15295e-141 3.69876e-307
4.49221e-31 1.68271e-122 4.82234e-247 2.20518e-293 3.41421e-125 1.76787e-20 1.39869e-170 2.26026e-279 0.198932 2.7207e-163 8.02073e-235 3.46834e-321 1.23923e-33 5.5731e-242 1.82443e-149
4.08948e-36 3.10883e-110 2.42707e-316 2.75881e-100 1.7436e-113 2.59352e-228 9.76258e-131 2.47527e-321 6.98122e-230 6.76132e-235 0.282104 8.13959e-164 0.49511 3.76439e-144 4.18891e-231
2.41773e-71 3.45101e-67 4.04122e-20 2.0743e-255 3.46549e-120 0.403402 2.16966e-179 9.33449e-253 1.49167e-57 8.67989e-182 6.45011e-244 2.77171e-321 4.08292e-38 6.003e-298 1.51274e-274
