3.89271e-179 1.64793e-16 5.29648e-177 9.82217e-217 0.333877 1.36782e-221 9.05509e-65 1.5893e-239 1.56726e-159 0.376406 5.85141e-82 1.27054e-124 2.39375e-245 5.91509e-288 6.4167e-313 4.36023e-274 2.06175e-286 0.426404 1.56989e-210 6.51904e-09 1.22551e-113 0.563282 3.48844e-101 0.45936 0.87904 1.20187e-155
5.43628e-34 7.99764e-11 1.05963e-152 3.16349e-183 1.11112e-244 1.67036e-168 1.54858e-231 4.96864e-249 2.09874e-106 1.625e-141 5.59175e-108 1.39975e-285 1.6596e-138 1.76815e-57 6.161e-321 7.68226e-312 4.68868e-321 1.55137e-321 1.55513e-177 0.57661 5.9223e-60 9.51305e-129 5.42453e-163 1.70702e-108 8.78754e-124 4.8979e-318
5.23992e-246 1.51048e-68 3.6614e-212 5.81615e-161 2.73149e-143 7.78839e-68 1.14383e-126 1.07884e-176 1.0658e-107 4.27894e-148 0.306594 4.3394e-117 3.63863e-63 2.32305e-224 5.42652e-101 1.19791e-49 1.07795e-210 5.49648e-269 0.369249 8.98211e-116 3.61935e-89 8.27306e-220 2.93671e-109 6.85568e-120 8.70592e-268 1.91203e-321
5.74081e-177 2.53488e-58 2.89e-37 4.30426e-172 1.1892e-293 1.17142e-104 0.0695698 4.20403e-267 1.09328e-235 1.46289e-196 5.77972e-206 2.88352e-227 2.69225e-179 9.39086e-280 7.74201e-321 1.4816e-317 6.25487e-321 0.028358 6.89567e-192 1.08542e-113 2.95965e-23 3.80136e-226 8.11259e-63 2.27097e-250 4.16991e-321 1.34468e-36
8.22958e-167 2.50791e-15 2.79408e-10 5.68195e-75 1.09079e-232 5.68944e-177 0.297385 1.42378e-133 1.88244e-285 4.23715e-176 5.34316e-12 4.15432e-203 4.05066e-283 3.10494e-239 6.161e-321 2.16409e-240 5.84333e-235 1.68634e-252 2.24183e-67 4.13134e-129 9.1048e-171 4.54844e-196 1.08207e-193 3.33487e-155 9.01277e-215 1.31421e-321
3.34713e-225 2.92868e-05 3.71302e-17 2.14424e-321 2.83012e-296 3.20612e-248 9.63244 6.13925e-104 0.451397 3.15689e-188 6.40291e-170 0.503951 0.406684 9.21946e-271 4.07889e-172 3.37547e-230 8.70632e-207 2.93907e-259 2.99264e-239 7.35981e-277 1.67399e-181 1.30152e-88 3.1056e-35 5.23828e-139 4.42189e-321 4.23579e-140
2.18324e-187 4.48458e-180 2.67161e-178 3.47808e-198 3.05336e-190 4.48448e-143 2.80996e-115 1.88584e-110 7.5854e-65 2.80338e-315 1.92448e-93 8.87357e-229 1.106e-254 1.49387e-238 7.49992e-321 1.38915e-249 1.03297e-235 7.52288e-144 1.58668e-249 0.621307 8.62939e-169 1.14639e-274 1.36935e-88 2.94689e-118 1.31204e-63 1.94662e-321
6.14244e-315 1.72887e-218 6.35243e-224 3.56714e-125 2.61741e-275 1.51894e-69 4.14545e-65 3.0126e-162 6.63526e-08 2.18615e-310 7.01489e-157 4.68321e-06 1.51696e-35 8.02915e-204 4.34883e-08 7.48203e-278 0.856432 4.95678e-131 1.99924e-139 1.22889e-213 9.44432e-221 1.70356e-16 1.25431e-21 3.94249e-203 4.58493e-321 0.560589
1.05535e-115 4.29944e-85 1.07607e-34 3.61178e-100 1.71995e-171 1.56838e-239 4.68264e-46 1.09719e-191 3.18839e-131 3.99872e-152 1.13135 2.4382e-245 1.22826e-219 1.71209e-123 1.00361e-136 1.75769e-79 1.50733e-128 7.23617e-130 7.97392e-176 6.62116e-114 3.03023e-135 5.70362e-213 1.58617e-147 2.27788e-119 3.78976e-123 2.86605e-314
9.27585e-41 7.37402e-129 9.69851e-321 2.22087e-86 1.46852e-208 0.392846 7.38702e-52 1.42663 7.84583e-290 1.18585e-53 8.67433e-141 5.35823e-32 7.07198e-123 0.888482 2.06379 0.373951 0.820862 2.01192e-05 0.0631272 7.20502e-132 0.37153 9.86919e-238 0.320024 1.92243e-274 1.76202e-18 2.25294e-321
0.159556 0.0081573 0.0716169 0.0165122 1.08844e-287 7.26224e-272 8.00928e-248 3.68362e-279 4.77573e-318 6.91692e-323 1.09091e-224 9.38725e-323 7.91619e-277 5.04756e-307 2.66795e-322 5.92879e-323 2.42092e-322 8.39912e-323 6.49063e-266 2.14165e-285 5.36885e-234 1.03754e-322 1.66162e-245 2.306e-278 1.4822e-322 7.41098e-323
1.15161e-224 3.03448e-62 5.69387e-15 1.91829e-81 2.81272e-280 7.84942e-120 0.0223624 1.22429e-138 2.76107e-239 9.85786e-129 0.255027 8.20056e-174 3.62581e-268 7.01022e-287 6.34874e-321 1.08791e-185 4.14538e-155 1.69652e-245 3.00593e-05 1.73961e-35 4.37731e-109 5.39602e-230 1.45645e-111 1.19285e-209 3.24601e-321 3.98797e-301
