2.24299e-49 1.20189e-108 1.58559e-98 1.9609e-82 0.0603066 4.55619e-120 1.57105e-74 7.3439e-79 2.57661e-80 8.57137e-54 1.08278e-25 1.92447e-57 1.52933e-13 3.64424e-68 3.52412e-50 7.47679e-78 0.284615 1.85804e-48 8.72911e-75 3.37886e-29 7.00716e-74 1.0118e-34 4.52876e-48 2.27389e-177 6.88569e-100 7.11557e-89
0.00806234 0.000131273 0.00429895 3.13101e-05 2.76757e-66 4.73034e-233 3.44818e-84 2.61113e-157 4.90058e-164 8.26099e-77 8.96446e-116 9.21122e-113 1.43672e-88 2.08528e-97 5.1001e-60 1.37611e-144 8.4251e-53 2.35015e-61 1.18676e-127 4.5553e-141 1.28353e-102 1.91406e-55 6.01575e-80 8.24918e-225 2.93087e-141 2.51091e-110
1.79393e-44 1.17977e-83 1.85018e-15 3.72032e-73 4.56015e-37 6.03527e-135 0.210495 9.12187e-153 9.74904e-77 1.33954e-37 3.19951e-38 1.93631e-71 6.87648e-59 6.74015e-76 1.3373e-17 1.16007e-96 6.0353e-46 2.6643e-05 0.431916 8.63385e-116 1.42474e-26 1.30905e-07 1.27701e-27 4.2485e-129 1.20652e-71 1.21074e-99
1.53704e-47 1.62672e-64 4.89178e-37 3.66314e-32 4.70745e-52 2.79538e-133 4.98216e-37 5.36792e-146 3.56315e-67 2.51303e-74 1.10717e-102 0.0996206 2.62169e-58 2.27027e-25 1.38694e-13 1.67034e-113 5.2183e-36 0.0508938 1.08291e-84 3.62308e-27 2.94485e-66 2.88593e-40 0.0126989 1.72278e-107 9.36427e-105 5.5653e-97
0.135674 6.85112e-225 8.35396e-168 4.50418e-112 9.71187e-57 0.271262 2.16262e-25 0.256878 0.140447 2.34818e-50 0.114553 2.92559e-62 3.145e-79 3.23582e-73 3.69052e-32 0.203146 6.85318e-39 2.91716e-50 1.42453e-20 0.405594 6.48064e-100 2.82717e-31 4.32245e-65 0.118808 0.134904 5.27027e-25
6.62873e-13 4.4253e-77 3.05049e-56 1.2757e-21 7.85934e-34 1.84646e-206 4.90031e-27 2.3873e-154 2.70851e-94 1.19357e-52 8.31307e-62 3.81433e-59 0.110143 1.46967e-88 2.99848e-29 2.0237e-87 9.0991e-10 1.16763e-19 1.98072e-125 1.12777e-58 3.32902e-73 3.75281e-28 2.03602e-37 5.90128e-136 5.24955e-116 1.30274e-50
0.00945446 0.000545199 0.0047269 0.000324377 1.96693e-67 2.72055e-234 1.34398e-84 1.04186e-158 1.77162e-165 4.82852e-77 1.85682e-116 1.51489e-113 2.75521e-89 1.07298e-98 1.54478e-60 5.62333e-145 6.61452e-54 1.56739e-61 2.79149e-129 1.28607e-141 2.19611e-103 4.62839e-56 3.16144e-80 9.19903e-226 3.28071e-142 2.18185e-109
1.96109e-22 3.5768e-50 6.77271e-65 5.07814e-51 8.27608e-55 1.48889e-228 2.23362e-59 3.31939e-144 7.19501e-158 1.91488e-32 5.61877e-80 7.61113e-108 3.83804e-77 1.95656e-91 1.64614e-27 6.57539e-116 8.82406e-35 3.70392e-11 1.04854e-113 4.16945e-107 6.76595e-93 0.040758 9.21394e-23 6.19412e-205 2.55127e-105 1.13677e-66
2.99158e-66 8.14144e-77 0.00190934 2.95829e-22 4.81764e-45 3.42089e-150 5.15992e-28 2.30397e-117 3.25199e-66 8.25647e-50 2.1212e-28 0.371247 1.12199e-21 8.68745e-44 0.00799489 3.35281e-113 2.37058e-14 2.91616e-40 2.25071e-118 2.98063e-69 1.24529e-91 7.17303e-46 6.42015e-11 4.34743e-144 4.50741e-31 0.072411
8.35314e-51 1.33575e-118 1.67308e-120 6.69e-54 1.20165e-45 1.33857e-178 1.31442e-10 1.3534e-125 5.29083e-74 6.40485e-05 2.00129e-22 1.1543e-48 5.48705e-42 5.39231e-18 0.00148877 2.62912e-77 1.36721e-48 0.271326 6.50409e-47 1.91278e-137 2.04128e-56 1.12007e-47 5.43989e-41 2.68189e-133 3.23755e-84 0.732423
3.08928e-33 3.92199e-103 5.74671e-73 1.67849e-11 6.25313e-65 2.77521e-180 1.00126e-68 1.95614e-108 1.30174e-141 2.70815e-45 5.13067e-38 1.1161e-98 1.62271e-69 1.39286e-22 0.0869457 4.10739e-141 0.172333 2.01904e-06 9.06365e-61 5.93318e-44 8.66632e-72 0.185749 1.44837e-71 1.207e-165 1.0798e-138 1.49507e-97
1.39342e-12 4.41735e-77 7.41403e-78 2.30611e-77 0.0991867 9.01964e-196 6.07814e-37 8.89968e-85 3.22491e-22 0.277553 2.99999e-76 2.19107e-108 8.17621e-81 0.0933624 4.6613e-35 1.28291e-127 1.68613e-27 7.03302e-18 3.15268e-84 2.14088e-57 0.235167 8.45803e-43 1.70654e-68 7.83509e-159 8.70418e-34 4.88746e-89
