0.0689807 0.000408729 1.96922e-23 3.15138e-43 4.21293e-22 9.14814e-08 1.07643e-30 1.14823e-14 1.16834e-47 1.13854e-19 4.16477e-10 6.3526e-59 5.99584e-28 0.0387098 0.000633717 6.31212e-12 4.22354e-25 1.2143e-33 4.58572e-38 5.99278e-15 1.74012e-35 2.61752e-21 1.20814e-20 0.104851 2.70716e-24 2.00508e-12
6.62579e-17 0.00559537 2.12094e-06 1.45431e-09 6.23144e-28 9.72218e-34 6.01304e-25 6.44375e-35 4.57056e-48 3.22249e-29 0.0953492 9.59786e-49 4.41724e-39 3.34239e-45 5.31862e-25 7.71001e-39 2.50422e-30 2.64692e-33 1.0101e-34 9.48127e-39 8.00387e-34 1.64157e-23 3.44297e-29 8.65327e-22 3.63599e-26 1.01709e-32
1.12593e-10 1.68323e-14 2.93816e-09 2.47233e-11 2.59975e-30 3.86723e-31 1.53618e-31 2.56003e-14 8.77581e-31 9.87176e-35 0.99471 7.04076e-49 1.868e-35 1.91439e-30 3.59813e-13 4.92001e-32 2.33607e-20 1.46563e-26 1.84945e-30 3.06685e-45 4.187e-25 5.78268e-15 1.20173e-12 1.10227e-09 1.16159e-08 1.66016e-28
5.66721e-36 8.97134e-13 0.00383775 0.00179395 4.08597e-15 1.30121e-26 7.94887e-14 1.12031e-13 6.87871e-43 1.32816e-25 0.244342 1.29134e-10 4.48666e-23 2.49202e-44 9.19318e-19 3.03122e-16 0.0167928 0.0317597 6.02607e-11 1.22941e-42 0.0149844 0.00264286 1.58241e-31 2.78581e-33 4.32784e-33 0.0711628
1.15617e-30 2.13458e-23 4.84171e-05 1.49644e-41 1.7424e-21 0.0562855 2.74084e-11 5.16121e-20 0.0534658 0.101491 0.027246 0.418497 0.000429953 7.26543e-33 1.51909e-18 0.0545907 1.98302e-36 5.26464e-33 0.013169 0.0335769 3.6621e-17 1.15999e-18 5.13372e-17 7.46098e-17 1.12536e-10 0.114142
4.04979e-29 0.000118476 3.28603e-32 0.105798 0.266605 5.81055e-21 5.06656e-20 1.56575e-06 2.2625e-27 2.6589e-19 0.000929813 1.49323e-16 0.140431 0.152394 0.00372311 2.4892e-08 2.51782e-11 6.14108e-09 1.91158e-27 9.72141e-34 5.10341e-17 0.0978053 7.63668e-18 2.38601e-12 1.51131e-09 2.03371e-36
1.26198e-21 4.35091e-07 4.45744e-14 2.32415e-07 5.84944e-30 1.45338e-23 2.36047e-17 9.10015e-28 5.46577e-51 6.12807e-12 1.18976 1.47086e-21 3.15424e-35 1.95871e-39 3.28204e-05 3.24674e-18 3.79565e-34 2.05518e-17 7.08853e-11 5.42163e-39 3.2044e-12 3.15241e-29 1.7225e-15 1.13215e-15 8.04032e-30 1.94712e-11
5.60947e-30 3.7744e-13 1.52131e-21 7.77618e-22 5.51997e-10 1.16544e-16 9.75921e-18 2.93423e-30 1.77726e-22 1.64835e-27 7.94292e-05 1.17336e-30 5.308e-07 1.57387e-40 1.00205e-10 2.31608e-48 3.87315e-05 2.6142e-13 1.38024e-29 1.36865e-21 3.19163e-16 0.0144912 0.00886057 5.61323e-10 0.17342 2.86759e-06
1.86673e-27 5.14488e-06 0.00180091 7.76205e-22 8.54161e-36 7.46845e-19 3.17676e-22 8.29911e-16 8.49983e-40 5.53748e-30 0.798598 6.7064e-55 3.95255e-26 3.24121e-39 6.64935e-17 5.71037e-23 8.26163e-26 1.8943e-29 2.40999e-21 6.00646e-38 1.29945e-37 1.02827e-26 1.40159e-12 9.75746e-13 1.26514e-12 6.11643e-15
2.41245e-22 2.31678e-19 3.09245e-13 1.09565e-29 1.38198e-13 3.90222e-25 6.81784e-29 5.84644e-28 1.06092e-23 5.90291e-33 1.0565 4.0385e-26 4.65294e-10 9.53616e-13 0.0246513 9.71005e-32 6.16269e-37 5.4084e-13 6.30132e-29 9.95535e-24 1.78842e-20 2.40956e-30 4.70732e-26 7.50361e-13 1.94281e-30 9.75741e-22
2.20803e-45 1.70664e-21 5.52433e-31 1.43668e-32 5.69772e-16 4.54759e-31 0.0309264 0.0338751 4.42648e-36 9.14345e-06 5.10807e-14 9.50771e-45 3.56034e-38 1.25468e-15 2.0013e-25 6.90996e-31 1.25119e-37 5.05243e-27 7.89434e-29 5.61773e-06 1.3102e-29 0.000517714 7.96852e-14 0.084029 0.0434352 3.35051e-12
2.66366e-13 3.36231e-16 5.38968e-26 1.36249e-23 2.24609e-20 7.11368e-19 6.57935e-24 3.11403e-21 3.54031e-34 2.64513e-24 0.457035 1.87623e-57 4.54121e-25 1.87341e-42 2.29572e-26 8.04942e-48 3.49375e-34 2.51024e-33 1.62259e-28 1.63343e-24 8.75071e-39 2.11924e-34 2.62763e-12 1.59266e-30 2.9663e-30 2.83635e-38
