3.835e-157 1.01794e-40 1.85143e-18 2.08537e-83 6.75003e-06 6.11989e-26 1.43442e-217 0.0453514 1.3208e-207 4.85449e-114 6.55028e-21 0.0198341 2.84978e-55 1.78014e-139 2.46319e-151 8.47701e-69 4.1656e-200 5.08022e-153 6.09356e-87 1.88541e-41 2.54354e-52 2.81775e-140 0.125575 3.4322e-72 0.443348 2.79852e-79
2.74736e-49 2.70901e-74 2.42394e-36 9.27359e-106 3.07138e-103 1.94228e-135 3.80556e-128 2.45039e-63 8.00121e-176 1.27364e-136 1.19901e-98 5.52893e-84 9.54914e-61 1.7254e-220 2.25655e-255 3.13369e-125 1.71227e-107 9.15913e-219 1.6565e-183 5.7612e-145 0.0321096 5.5836e-101 1.93034e-101 2.00973e-148 6.12319e-144 6.86744e-107
9.41015e-105 7.90858e-49 2.89098e-65 1.72802e-102 5.7921e-159 7.03336e-58 1.69185e-111 3.09232e-94 4.0877e-149 6.90002e-147 0.0619084 4.7477e-120 3.23484e-93 8.24085e-151 5.79292e-180 1.63424e-107 9.67487e-174 8.08021e-273 3.13057e-199 1.35123e-56 0.130664 5.84489e-82 2.11384e-108 5.52029e-94 7.47864e-135 2.80845e-132
3.62155e-50 2.18117e-30 3.02987e-293 4.15015e-322 1.56255e-143 0.372497 0.651221 9.22105e-86 1.01239 0.923196 1.46266e-25 3.58095e-38 3.9894e-110 2.64468 4.80457e-231 4.79556e-22 2.53845e-74 0.360461 0.268763 0.173954 9.45569e-136 7.33346e-182 1.09438e-155 0.429417 1.03423e-54 1.05962e-92
3.57571e-126 1.0318e-116 6.40145e-15 4.25606e-213 2.13772e-130 2.2085e-165 1.74096e-202 2.85374e-22 1.16659e-81 6.26507e-158 1.42655e-24 6.43066e-42 4.64119e-73 2.53735e-118 0.41839 5.29885e-42 4.12163e-105 1.60303e-200 9.21561e-121 0.756911 7.74844e-13 0.184662 4.69906e-126 5.24745e-61 5.05553e-154 2.76641e-38
0.00910737 0.00495006 0.00113668 0.000833106 2.18974e-158 6.96711e-185 2.27713e-226 2.80465e-158 2.30144e-222 3.8616e-208 2.28538e-103 2.26192e-131 1.84614e-142 1.57937e-222 1.03304e-270 5.71106e-128 3.52713e-218 1.70853e-276 2.54604e-199 8.10729e-240 3.09242e-147 7.92637e-184 2.97042e-180 9.30106e-237 4.49265e-160 7.63902e-211
4.07454e-138 1.04833e-139 1.71453e-146 1.58066e-140 0.141176 2.03626e-126 9.56385e-172 2.03676e-123 4.83047e-18 1.32111e-69 2.66507e-32 5.22581e-06 1.33232e-66 3.1057e-83 7.88539e-183 9.63191e-71 2.97279e-137 2.19116e-175 2.77844e-121 1.43461e-134 1.1158e-40 2.91038e-57 3.77221e-75 3.13462e-163 2.66384e-81 0.425167
2.5213e-42 2.10249e-95 2.29125e-123 3.49133e-132 5.96317e-08 4.34615e-184 1.39605e-155 0.0710425 7.18145e-97 8.37987e-169 0.0238859 7.61794e-76 4.34035e-50 1.07499e-170 2.45717e-145 6.00548e-89 7.62312e-63 3.71797e-257 4.89675e-58 1.67086e-28 4.15734e-116 5.11296e-168 3.05688e-169 2.44628e-192 1.60869e-131 9.63413e-29
6.37875e-99 1.49847e-114 8.13664e-109 1.63209e-143 3.60057e-84 1.28145e-178 3.23482e-205 2.76986e-16 8.10766e-172 2.01048e-131 4.01889e-90 4.19196e-62 1.40129e-128 4.36105e-156 1.57179e-140 0.228512 1.30853e-174 1.12554e-203 4.26523e-158 1.15054e-119 1.48993e-141 2.19561e-144 1.45177e-137 9.27389e-133 7.22077e-66 9.33409e-196
1.68634e-42 3.87321e-56 1.04242e-97 3.46263e-131 0.749888 1.51875e-102 1.96184e-223 1.59901e-17 2.57792e-16 4.79279e-184 0.484597 2.31406e-38 2.19633e-17 1.76086e-77 4.99774e-223 0.0802128 0.113069 5.59209e-154 5.40853e-59 2.52261e-27 2.66186e-12 1.9202e-169 2.24482e-51 1.14842e-194 8.38194e-34 2.08755e-156
6.87979e-28 2.54449e-71 4.19717e-133 4.68591e-06 1.56693e-60 8.9456e-152 2.18952e-181 7.15158e-10 1.57898e-10 2.15752e-165 5.64911e-40 1.8577e-27 1.07241e-07 1.99966e-124 3.40754e-52 0.0595052 8.616e-39 5.75049e-153 2.68052e-100 6.88398e-116 4.17624e-81 1.46807e-177 1.34441e-107 0.043958 3.82772e-92 7.50645e-68
4.69134e-46 1.13231e-70 6.08412e-135 1.56254e-171 1.29463e-49 6.10195e-138 2.75057e-131 1.07654e-45 1.65304e-81 8.63025e-92 4.13719e-20 0.126602 0.206572 6.0338e-183 1.45155e-175 3.99152e-93 2.74834e-125 2.64468e-230 2.3444e-90 6.49668e-80 3.74173e-41 1.23108e-152 2.75779e-96 1.69923e-24 1.80502e-115 9.17201e-61
