1.05902e-82 5.86478e-34 2.5444e-37 6.71993e-74 1.3525e-54 1.21462e-89 3.815e-47 6.34908e-31 1.02482e-25 6.77498e-75 8.96223e-47 1.97191e-87 0.163088 2.34685e-24 5.45064e-56 1.03116e-83 6.9521e-72 1.75271e-67 2.68178e-74 1.03057e-79 7.65971e-41 7.50811e-36 3.92674e-47 1.36208e-51 4.56361e-41
2.03543e-86 3.75541e-62 1.51344e-40 4.70282e-71 2.63253e-46 1.65337e-91 2.54819e-31 1.20946e-27 4.54182e-24 1.23875e-54 7.01233e-33 2.0326e-67 0.0144824 0.0269832 2.02335e-71 1.41728e-91 8.77878e-84 1.29661e-45 1.83387e-58 6.02248e-62 9.10143e-34 5.99773e-56 6.60624e-19 1.37197e-53 2.68326e-24
3.34883e-100 1.77666e-55 6.89243e-39 1.47121e-56 1.38059e-34 1.65699e-86 3.13929e-46 5.29165e-34 0.0317658 1.50193e-72 1.39296e-36 1.30138e-87 0.0756079 9.41431e-48 4.44843e-39 5.9862e-76 5.36221e-65 1.73722e-85 3.40143e-71 2.21463e-75 1.71955e-58 4.28037e-40 2.53511e-23 4.84855e-58 1.93006e-27
2.34178e-52 1.01921e-64 1.76542e-25 1.73817e-65 7.16154e-43 4.83828e-74 5.57017e-43 2.5103e-23 1.28382e-31 5.37476e-54 5.42558e-42 6.45992e-55 0.648266 5.54519e-26 9.4906e-72 5.23608e-64 6.76307e-41 1.77349e-83 5.45535e-62 8.81508e-86 2.60266e-58 2.92791e-37 2.30335e-19 2.9958e-29 4.47884e-27
3.59354e-63 1.6394e-48 6.79761e-32 1.04266e-66 1.67566e-50 6.02222e-87 1.60372e-43 1.95858e-42 3.46806e-31 1.55866e-60 1.43764e-41 3.82883e-77 0.40919 8.79415e-16 6.50998e-72 2.47564e-93 3.7836e-59 3.96527e-75 3.72252e-76 1.10291e-79 1.35622e-52 8.94528e-50 4.89595e-30 1.2039e-58 2.34652e-32
1.3604e-52 7.40975e-34 2.46679e-36 1.32949e-48 1.97988e-34 1.24487e-65 3.85646e-39 8.86731e-14 7.08064e-29 3.11095e-67 9.9275e-60 1.80965e-76 0.978588 9.66476e-42 8.94842e-33 7.96662e-97 7.93948e-46 4.98843e-87 2.54126e-68 1.33507e-105 5.13705e-26 4.42188e-44 9.47926e-37 6.70956e-29 9.97894e-17
1.25511e-61 1.20235e-31 2.27883e-39 1.32135e-42 1.28169e-39 2.09726e-60 1.78254e-36 3.21152e-33 2.16716e-06 1.91802e-64 6.52997e-51 5.7962e-69 0.765231 1.19427e-27 2.80922e-40 3.88576e-68 1.16056e-52 5.06197e-63 6.18413e-67 9.89434e-70 1.62195e-60 2.32875e-36 1.00033e-59 2.0773e-50 1.8833e-36
6.36636e-65 2.09939e-62 1.06846e-15 1.79345e-62 3.82022e-55 2.18055e-92 4.53498e-29 5.23544e-25 0.337425 1.46627e-72 3.02876e-36 1.25625e-83 1.38186e-07 7.69731e-50 1.51766e-46 3.83123e-62 3.29316e-36 6.95193e-80 1.31321e-38 5.47945e-55 5.36859e-26 9.03229e-41 1.79923e-59 4.31434e-58 6.52449e-23
7.63818e-88 7.85323e-47 9.48156e-40 1.58312e-73 1.55457e-52 7.5866e-93 1.19937e-39 3.4613e-40 0.129613 1.30834e-69 1.10958e-33 9.07606e-78 3.91172e-23 2.61459e-36 2.30968e-67 2.21457e-82 5.57401e-55 1.42357e-83 7.19501e-52 4.44516e-93 4.02135e-30 9.34811e-43 1.41992e-21 1.42007e-41 4.71251e-49
0.112847 5.36734e-06 9.42987e-13 0.161015 0.0493226 0.0252372 3.55246e-21 4.2418e-40 1.0682e-20 1.8067e-23 0.0365609 0.0962532 2.43007e-05 1.73653e-23 2.80875e-60 1.86299e-101 4.5944e-46 0.13461 2.17984e-34 0.29261 1.21206e-37 4.8996e-22 1.51503e-30 5.8961e-20 0.1532
1.12545e-48 5.38035e-63 3.55962e-36 9.14279e-32 4.90224e-38 1.2412e-74 4.37289e-51 1.40511e-28 0.0814865 3.83267e-56 1.69052e-50 4.10979e-43 4.60033e-24 5.84814e-29 4.90763e-60 2.82127e-86 9.30195e-54 5.01978e-81 1.54783e-55 3.39919e-93 3.28068e-50 7.24212e-33 1.26589e-08 8.68714e-61 9.739e-54
2.28633e-82 1.72599e-43 1.48872e-17 1.131e-60 3.2722e-34 3.85531e-85 4.79063e-47 6.33809e-46 3.42014e-27 1.03573e-63 5.78633e-40 1.34276e-59 0.0892248 0.00238268 1.46768e-45 1.89053e-107 5.48153e-48 1.68392e-76 9.28304e-56 2.27271e-84 5.63115e-52 4.24165e-48 2.86223e-25 5.7677e-44 5.42615e-33
6.40717e-62 0.0953914 0.238528 1.47351e-44 1.99424e-13 0.223694 0.0836982 0.0372433 3.27723e-25 6.7945e-39 1.46913e-30 1.97365e-39 3.86743e-21 1.2952e-21 0.0681944 0.100234 0.0504631 8.7839e-26 1.46331e-49 2.94535e-07 7.60112e-48 2.69399e-17 0.114623 0.0347906 8.78287e-47
3.82124e-63 2.84906e-43 2.49121e-19 9.37176e-64 1.75658e-52 3.21992e-63 1.55726e-42 1.12053e-35 4.03815e-12 6.51906e-84 2.64785e-43 1.38976e-66 2.55887 2.35691e-49 1.07476e-52 4.49763e-99 6.61463e-80 1.54653e-83 1.98392e-57 1.5628e-76 3.75316e-52 3.37548e-52 4.64583e-45 1.16245e-36 3.53264e-33
2.73667e-50 3.24405e-14 3.41119e-19 9.19134e-36 0.00174292 3.30451e-86 1.51825e-23 3.56071e-06 5.081e-25 0.0677882 9.34185e-29 2.26619e-18 1.37687e-12 1.81965e-17 2.96366e-57 4.35869e-88 2.17118e-19 8.49155e-61 0.325469 1.00246e-102 0.0944204 0.124307 1.49982e-54 1.85318e-56 1.91799e-39
1.06772e-63 8.90039e-21 1.69535e-11 8.09703e-35 3.64914e-35 1.75088e-88 1.61474e-50 2.00945e-34 0.0090523 4.76819e-53 6.07914e-30 2.40083e-46 0.0693837 2.44057e-24 1.67998e-67 4.1805e-86 7.14183e-60 3.49983e-55 1.73853e-38 7.95407e-64 6.61058e-51 1.99929e-47 1.9967e-22 1.55371e-58 3.13307e-24
