9.90946e-125 3.01027e-143 1.00235e-109 5.42459e-142 1.28665e-69 6.14892e-48 2.48746e-186 8.32504e-132 0.00173361 1.9938e-72 3.75231e-60 1.12323e-82 2.94945e-48 3.93669e-54 0.0723547 2.77882e-131 2.68994e-51 1.13628e-78 3.03343e-63 9.59176e-115 2.19969e-84 1.22437e-52 2.46844e-43 9.28337e-117 1.53046e-56
6.4614e-54 1.69376e-140 3.0859e-72 4.60561e-76 2.34393e-110 2.5853e-13 1.28883e-124 1.40421e-107 0.151364 4.66673e-149 4.58279e-70 6.24898e-87 3.60338e-28 4.95598e-36 8.46229e-85 2.30931e-105 1.18899e-39 8.34293e-103 5.86788e-58 5.66407e-131 0.00465515 4.88262e-77 1.1147e-62 1.60342e-141 4.78054e-113
1.53239e-136 1.32842e-138 5.15944e-91 5.33258e-09 3.47602e-39 1.94321e-68 1.44796e-134 3.48909e-126 0.202256 6.65711e-24 2.31047e-88 2.42808e-90 1.2714e-21 0.16392 0.0344795 0.219381 6.69707e-103 1.67878e-43 2.33955e-50 2.80267e-146 8.17101e-83 7.56201e-107 1.20992e-138 2.5968e-124 0.323736
4.01361e-32 3.53317e-35 1.88395e-14 4.248e-88 6.02773e-33 2.24208e-67 7.52259e-189 3.66449e-49 4.06495e-53 3.7218e-63 1.6685e-70 3.17194e-80 3.99899e-38 7.36237e-55 4.10853e-09 1.5415e-37 2.3061e-88 0.0436304 3.63233e-24 8.9894e-108 3.33976e-51 2.44292e-76 1.35342e-54 2.88511e-61 1.05346e-117
3.75389e-71 4.01224e-56 1.0515e-88 1.60462e-114 2.40936e-07 3.55123e-115 2.03622e-155 1.38026e-59 6.50988e-73 1.79299e-147 2.11094e-09 5.04656e-06 0.196101 6.1211e-11 8.72709e-92 3.43237e-86 2.34283e-38 2.50732e-73 3.97838e-62 1.79505e-55 1.00837e-90 1.23593 2.47317e-83 4.66727e-20 1.64634e-32
1.02192e-133 3.75889e-125 7.32485e-103 3.01515e-105 9.24464e-83 1.74473e-08 1.27276e-190 1.16534e-76 5.29223e-50 7.35123e-63 2.11965e-09 4.62581e-25 4.90015e-23 1.35856e-59 0.000228215 1.55921e-150 1.10773e-54 0.013026 1.13717e-80 3.0265e-135 2.40558e-44 7.1701e-109 1.90753e-64 6.01724e-117 2.58662e-86
2.12621e-58 2.3451e-122 8.32686e-90 1.19775e-22 0.199325 4.74416e-120 3.28862e-165 1.32564e-145 2.04275e-42 2.76646e-63 0.203539 8.39491e-65 3.3846e-97 9.6868e-128 2.40346e-28 9.61308e-124 4.58908e-27 4.53815e-12 2.58495e-32 2.76421e-92 2.70745e-34 3.92956e-09 3.14649e-90 2.24506e-56 1.06056e-78
1.24564e-84 1.0848e-10 1.33651e-150 7.62647e-137 6.32643e-29 3.89186e-100 3.56252e-155 8.02156e-109 1.39114e-28 0.211182 1.54636e-28 0.0106275 1.74641e-80 8.93405e-90 0.0254392 5.31055e-18 1.46635e-90 7.29329e-139 2.79106e-18 1.50417e-132 1.30369e-73 1.09932e-27 2.34968e-68 3.73371e-78 1.03704e-50
4.37104e-49 1.6976e-142 2.77698e-08 8.08951e-32 1.21672e-102 2.33774e-53 4.48755e-142 2.20534e-35 8.0125e-49 2.62452e-41 1.2649e-56 3.95313e-76 7.59267e-05 7.67734e-131 8.88047e-85 1.17408e-145 1.97867e-90 2.93815e-93 5.20098e-25 0.203887 0.206537 3.3408e-66 1.85449e-124 3.82332e-83 0.0534049
4.45775e-96 1.64186e-130 4.37283e-106 2.09801e-125 1.81844e-56 6.46722e-108 3.71424e-175 9.86506e-153 0.088237 9.24167e-131 4.41939e-22 3.47045e-18 2.70152e-38 1.6571e-120 4.7405e-44 2.55252e-146 8.59969e-67 9.30884e-131 2.39025e-65 3.58111e-144 2.25188e-15 4.65691e-64 1.45392e-63 5.96828e-157 2.79691e-80
1.46537e-36 1.68937e-122 0.0490475 8.54697e-103 8.51639e-81 1.28672e-115 4.1873e-184 2.11853e-92 7.73948e-79 0.154123 1.07075e-90 3.5957e-67 3.29324e-50 6.48487e-93 2.65172e-92 1.70571e-123 7.4006e-104 1.09611e-41 2.72427e-63 0.107222 4.20364e-64 1.67704e-97 2.86651e-106 6.23168e-60 8.08426e-109
6.3038e-79 0.232912 6.49361e-49 3.68869e-13 0.0898469 7.06955e-08 0.0548466 0.226434 2.52761e-97 3.25412e-85 1.73805e-36 4.27433e-62 2.0275e-05 6.95763e-29 4.38956e-33 2.19823e-143 0.0580344 1.84713e-45 0.155606 2.87053e-26 1.20419e-86 2.97342e-21 3.70818e-141 0.439073 1.08277e-22
1.3315e-90 1.1127e-103 1.63257e-109 2.64458e-34 9.74482e-42 3.85159e-09 2.81449e-73 3.67362e-148 1.42952e-85 1.91847e-132 4.0163e-45 3.45219e-57 4.79227e-17 3.52475e-77 6.1362e-76 1.61775e-39 2.04923e-105 0.025611 3.91031e-21 1.53529e-155 0.0405028 2.42931e-40 1.28676e-67 3.57635e-102 9.02379e-104
4.24898e-81 2.4654e-59 1.14102e-65 1.69519e-129 1.74729e-74 0.00429389 3.23132e-53 8.54598e-130 4.3409e-35 7.35295e-75 5.73823e-65 1.91458e-58 4.89076e-89 0.000136013 0.283485 8.22043e-136 7.86631e-50 3.80628e-146 8.78315e-63 1.47424e-14 1.25336e-52 8.56424e-15 2.28164e-57 1.10269e-68 7.97258e-107
0.0745854 2.65415e-98 1.50664e-94 1.18065e-41 2.48498e-33 0.0669044 3.53145e-57 1.99278e-81 0.00476268 7.44374e-137 1.62801e-74 0.0997621 5.1155e-72 3.60589e-81 3.90969e-44 6.73067e-109 7.33217e-28 2.91506e-134 1.78012e-36 7.48794e-84 4.91117e-93 2.94629e-85 3.79331e-25 0.127937 2.17044e-40
4.47008e-122 2.9548e-92 1.72342e-23 0.340712 1.12723e-24 4.11707e-97 1.43976e-133 9.97357e-127 2.98015e-11 6.84995e-109 1.8081e-78 1.03348e-50 3.39201e-42 8.31279e-63 4.54803e-10 1.74125e-112 1.53018e-70 2.34257e-109 4.94348e-57 5.42819e-40 0.0287575 1.24304e-79 0.0532119 5.6759e-143 4.70693e-112
