2.74273 0.127432
1.405e-05 0.0987013 8.23762e-30 0.113297 0.139343 9.51662e-38 7.59574e-107 4.0536e-81 0.0119303 6.15876e-63 1.72837e-29 0.0493014 3.13295e-78 0.173446 7.81796e-63 0.0127669 1.57475e-110 0.0783302 4.05793e-25 0.0416468 1.05633e-132 4.87348e-33 0.125431 3.93979e-33 2.24657e-74
3.82102e-21 1.3843e-122 1.41506e-37 2.75083e-65 3.47882e-147 3.47728e-71 8.52286e-85 2.39505e-87 4.98139e-78 1.74039e-28 3.07175e-53 6.3563e-29 2.21289e-46 1.21527e-59 1.68221e-39 0.000490006 4.16848e-52 5.83672e-48 1.63681e-62 5.00637e-23 1.26543e-95 0.143989 4.2468e-23 1.52178e-86 1.10216e-92
2.99433e-108 2.40303e-40 3.91826e-47 1.3682e-54 3.68382e-140 6.0944e-15 1.41025e-117 1.71267e-24 1.74789e-73 1.62846e-11 0.0836291 9.22531e-77 3.44208e-51 8.12003e-108 5.22783e-37 1.75907e-07 0.640673 8.91691e-87 8.20079e-36 7.65438e-114 2.96488e-05 0.109001 5.29503e-114 5.44211e-48 1.44714e-77
0.0102262 3.28663e-106 2.72369e-50 5.43735e-86 7.98779e-86 8.20034e-51 5.40222e-133 4.04532e-31 3.67003e-23 3.23e-35 8.20546e-40 5.71828e-58 9.75975e-65 1.32231e-76 4.52524e-48 9.58521e-43 4.98303e-49 2.22109e-44 2.06077e-41 2.72906e-129 1.99729e-30 1.30973e-54 3.67637e-33 1.97995e-95 4.59049e-34
0.00108793 1.31202e-79 2.36633e-35 5.03907e-23 2.08843e-32 2.53572e-48 5.75477e-62 0.0244082 3.67895e-130 9.26408e-13 2.86239e-17 0.713225 0.0955458 4.12106e-118 2.51581e-83 2.16091e-71 4.50897e-94 1.35494e-72 0.144367 5.84184e-56 9.98038e-47 2.37707e-101 1.36117e-64 2.12145e-77 2.24983e-12
1.82943e-107 6.00795e-73 3.93421e-28 1.58493e-75 3.82672e-149 3.94678e-44 5.66104e-46 3.51549e-118 5.35178e-105 4.58735e-41 9.71597e-95 3.07729e-68 1.09013e-36 1.42306e-80 1.75078e-30 0.0194067 1.37775e-40 5.02747e-48 1.57291e-40 5.34251e-41 5.32853e-51 1.10666e-80 5.51864e-22 1.95826e-78 8.17685e-78
3.40429e-45 1.50792e-58 2.89062e-42 0.048344 4.59315e-153 4.67353e-88 9.98292e-120 4.39159e-96 0.0134985 4.0404e-92 1.38281e-42 1.24243e-59 0.154808 1.10431e-34 9.74279e-46 8.88426e-26 3.25246e-15 7.23518e-77 7.23594e-23 1.38417e-23 4.20519e-60 2.50468e-99 7.49069e-16 5.2376e-66 6.30608e-36
0.118684 1.87916e-106 3.48951e-66 6.07169e-18 2.39176e-46 5.36661e-13 1.34198 1.82482e-29 4.36479e-95 0.384711 1.77483e-104 8.72996e-44 2.57653e-36 4.20167e-105 2.07631e-56 7.17619e-50 2.28595e-24 5.29501e-64 5.53772e-16 6.2402e-126 1.32866e-58 4.49272e-114 1.4355e-19 2.02664e-67 9.61212e-69
1.97537e-78 2.6223e-78 1.08571e-11 6.05142e-15 1.05621e-85 7.69768e-37 7.82121e-67 1.70355e-52 5.04751e-94 1.12508e-49 2.94642e-61 6.94471e-81 8.67981e-78 1.2539e-106 3.56084e-41 0.215142 6.99205e-41 6.38279e-44 1.34374e-72 7.51988e-107 4.82112e-117 1.98876e-31 5.9864e-120 2.32056e-109 3.32047e-87
3.01163e-99 3.44724e-25 0.402663 3.47261e-66 8.54575e-122 0.12731 4.48034e-20 5.33656e-108 3.20675e-31 1.26324e-59 4.0969e-68 0.0781485 1.22764e-53 9.27985e-116 0.201854 8.40492e-41 3.60517e-91 2.80739e-72 7.19163e-22 5.23785e-126 3.11262e-77 0.0916962 2.35376e-27 3.07362e-17 2.80414e-25
3.25354e-120 8.60256e-75 9.02864e-14 0.00686924 2.18298e-101 6.91939e-84 1.78954 1.29552e-50 3.40402e-69 4.43819e-44 1.29903e-118 7.32567e-87 1.94219e-76 1.31668e-121 0.240749 0.034896 1.80724e-23 7.30584e-17 4.23875e-35 2.47082e-92 2.9049e-28 1.91298e-17 1.96673e-35 0.00913231 0.0231649
5.73164e-07 5.88191e-93 5.22337e-65 6.11027e-27 5.54854e-07 2.14865e-18 3.60406e-15 2.11306e-102 0.0690634 1.22305e-07 6.21898e-17 1.68635e-54 2.30679e-62 1.52357e-20 3.28704e-42 6.26041e-38 1.13869e-22 4.39532e-63 1.27482e-11 0.0267242 0.444881 1.12043e-59 1.55223e-23 0.16817 1.20978e-67
