2.81821 0.200574
1.61112e-134 2.42274e-104 1.07758e-227 6.17494e-145 4.0794e-77 4.42721e-90 0.0130997 5.01774e-230 1.69265e-12 4.38988e-219 4.27718e-25 1.00807e-54 8.17665e-181 4.77923e-199 3.04269e-83 5.67241e-69 4.29479e-97 2.65894e-41 1.02289e-14 1.64929e-143 8.71193e-94 1.01466e-184 6.02089e-17 2.78001e-69 4.46155e-153
1.26666e-30 0.264588 4.36487e-43 1.04218e-23 1.5921e-178 3.58662e-85 9.13437e-38 6.94481e-220 1.18856e-92 2.86672e-183 2.10322e-65 3.66711e-94 4.13773e-176 1.09502e-136 6.20514e-101 1.58945e-154 1.22535e-57 1.83064e-23 2.44307e-147 1.86657e-37 1.50061e-104 7.03949e-197 4.01424e-17 1.30823e-05 3.08331e-222
7.98173e-115 1.44242e-105 2.05262e-155 5.57226e-77 1.30103e-192 3.11619e-205 3.57945e-90 0.184147 2.37796e-06 1.15893e-103 2.30086e-05 0.132746 1.99958e-70 1.32768e-226 5.08837e-61 1.93608e-115 8.21917e-155 2.37189e-07 5.80996e-63 6.91188e-188 1.57034e-65 0.199392 5.42719e-45 2.33078e-34 3.92233e-138
3.56949e-118 1.98484e-26 2.10612e-09 0.992568 0.116137 0.258762 9.20411e-39 6.11817e-93 1.66769e-06 0.893826 0.330371 1.77332e-13 1.34925 1.73494 6.37331 5.15575e-128 5.81673e-33 1.16052e-64 0.994339 6.91592e-135 1.03824 1.24516e-171 9.12002e-34 0.158086 0.0518267
1.22614e-142 5.47108e-101 4.12215e-206 8.39959e-151 9.30657e-168 3.2385e-165 9.46301e-85 8.96662e-174 1.70576e-91 5.08783e-159 3.3796e-65 9.35466e-82 3.6812e-175 1.14477e-194 1.04225e-113 9.75651e-74 3.54072e-198 1.69064e-17 2.27663e-176 5.00517e-151 1.44389e-119 4.74454e-175 0.255262 4.35537e-97 7.42525e-202
7.92095e-86 2.82763e-17 5.06746e-95 1.18175e-118 4.49958e-181 6.67611e-77 7.97398e-87 3.61312e-144 0.129368 7.7385e-186 3.69331e-91 3.97148e-36 5.09064e-67 4.55238e-228 1.56735e-69 1.58825e-29 3.75586e-89 0.0534033 2.56153e-46 0.166692 3.51974e-168 2.81682e-180 2.74498e-90 1.81849e-26 5.03747e-55
7.90886e-165 1.11307e-100 3.6023e-74 2.85071e-143 5.81233e-226 3.65732e-166 6.75505e-108 3.06019e-80 1.26911e-103 1.68182e-273 1.12137e-17 0.0184284 6.47979e-97 3.24665e-220 2.26776e-172 1.9519e-56 3.57653e-75 2.24576e-65 1.67769e-93 6.65077e-133 9.27226e-132 3.89144e-156 7.95063e-109 4.19106e-111 4.29751e-232
1.25254e-131 3.85856e-133 0.296295 0.517399 2.15505e-111 5.62084e-183 1.23311e-107 2.23176e-205 1.28588e-21 2.29219e-236 3.96812e-101 4.41066e-99 3.39852e-96 1.20765e-107 7.34258e-93 0.645875 0.118808 6.40707e-113 1.41571e-155 1.13502e-177 2.3018e-177 1.44096e-88 0.0987772 3.57084e-51 1.39573e-68
9.03782e-123 0.0252951 4.97486e-116 1.07691e-95 2.3179e-278 4.94253e-45 1.17513e-28 1.83751e-99 2.31944e-31 9.58793e-256 4.09395e-54 1.43766e-44 2.18467e-200 1.33716e-136 8.65421e-138 0.000836043 8.14052e-85 5.9027e-23 1.01283e-109 9.23753e-95 1.13819e-122 2.37297e-187 7.87741e-99 1.03663e-51 0.10535
4.12501e-106 1.53487e-69 9.53413e-183 1.40604e-94 1.24366e-193 4.89995e-147 0.407442 2.04034e-126 4.02988e-96 1.08184e-187 3.38727e-124 3.28218e-30 8.29147e-174 1.54187e-237 3.16177e-123 3.92438e-56 1.68101e-191 0.344791 1.89865e-110 2.41372e-31 2.02715e-137 1.03353e-154 2.68285e-67 2.43621e-70 3.47237e-195
0.129261 5.40422e-29 2.96655e-138 2.47056e-156 9.31074e-225 1.32643e-171 0.00410435 2.4567e-13 2.02141e-11 3.38664e-236 2.64658e-76 0.144557 2.19874e-143 9.68188e-130 6.39711e-58 3.61413e-61 7.70168e-165 1.09619e-103 4.7991e-59 2.3487e-97 5.6664e-126 1.98521e-128 2.67608e-26 3.48214e-90 7.89778e-249
1.55253e-141 2.70781e-122 2.58688e-28 5.78073e-135 2.65201e-195 8.74436e-82 0.247326 2.04635e-66 2.39496e-93 6.58519e-237 2.39803e-126 1.73908e-102 6.91314e-180 2.34462e-90 1.51266e-67 4.00255e-126 4.00316e-116 7.22415e-18 0.0848162 4.08496e-05 8.63273e-128 9.053e-168 3.05842e-56 3.01914e-62 3.63786e-134
