2.53916e-30 6.00912e-43 9.78064e-130 2.49146e-15 2.53831e-51 4.32485e-168 2.18938e-09 0.133398 3.68611e-107 8.90168e-36 4.18808e-45 1.55893e-141 3.19758e-86 3.09902e-41 1.18906e-21 8.72671e-60 1.44292e-07 2.44882e-63 3.77846e-47 7.00399e-10 4.523e-21 1.06352e-92 1.53542e-132 2.01091e-134 5.85271e-56
5.23541e-47 3.70495e-17 3.33317e-111 1.13922e-41 7.16919e-73 2.50708e-66 1.24564e-101 5.15407e-74 2.10965e-22 3.28585e-101 0.0314297 2.71865e-61 2.35185e-106 9.09734e-65 1.13045e-197 2.55517e-22 2.06987e-109 1.07262e-147 2.69029e-49 1.89243e-129 4.38599e-49 0.0907361 9.21646e-81 4.82335e-25 6.46778e-85
6.64852e-59 0.0420508 1.89047e-15 0.188512 2.03363e-44 1.81323e-170 1.19616e-79 2.05725e-50 4.37661e-112 0.190183 0.00082179 3.34203e-129 7.0853e-83 1.89214e-51 1.96711e-107 0.259826 1.14828e-105 2.49324e-155 9.13016e-120 9.36155e-79 6.94817e-133 8.90418e-11 2.0121e-33 5.94664e-97 6.62577e-90
4.47071e-33 2.46343e-131 0.0353334 6.23086e-67 3.004e-51 3.491e-104 7.43678e-14 1.05888e-20 7.75976e-64 3.27779e-143 1.5491e-13 4.39078e-115 7.85046e-59 5.8845e-82 5.23238e-177 1.64191e-148 3.85232e-68 1.53425e-129 3.07926e-15 3.76715e-07 8.19247e-21 1.08024e-41 4.39831e-91 1.61826e-115 1.52778e-22
2.50568e-60 2.06935e-145 1.00151e-142 7.39057e-45 7.30903e-102 6.0707e-09 0.0783128 0.111581 0.0365004 2.25274e-64 8.25071e-86 2.38093e-60 7.23924e-39 4.04991e-94 5.2032e-69 8.23771e-88 1.84271e-153 3.98737e-82 2.73167e-115 5.59375e-128 5.2831e-57 4.4615e-62 7.9276e-26 6.96623e-153 2.15505e-38
2.53905e-98 5.87376e-102 5.7709e-84 1.82544e-39 3.67226e-98 1.30832e-140 2.19443e-41 0.780496 2.28645e-96 2.55276e-20 5.51253e-35 7.25878e-47 2.97106e-119 1.20351e-124 1.15533e-62 3.14079e-66 1.02188e-55 2.20499e-132 2.87828e-130 8.32864e-36 1.15977e-106 2.21045e-115 1.16011e-42 9.66128e-41 4.83582e-29
0.114321 1.07912e-89 2.30387e-133 1.66352e-14 1.10015e-53 0.153269 4.14091e-09 5.22127e-41 2.53367e-39 5.49867e-53 5.11519e-54 1.04672 0.344151 1.38845e-80 1.56934e-102 2.08007e-08 2.10032e-94 2.23043e-144 1.12539 8.66855 3.53301e-06 1.92193e-93 1.47172e-64 0.138621 1.36769e-62
9.7147e-36 8.39706e-67 5.58627e-115 1.19843e-74 7.61651e-42 0.00861413 9.45061e-10 0.0684662 2.80836e-142 8.97236e-63 7.06412e-60 2.24999e-116 2.81427e-35 9.09976e-20 1.05927e-35 8.59213e-19 0.1671 0.098717 3.15059e-59 2.03529e-125 0.190226 5.32066e-111 0.136689 7.28806e-128 0.0296234
1.10496e-114 1.108e-128 3.42364e-135 1.74818e-63 1.92768e-23 5.91894e-174 3.87173e-42 9.06369e-45 3.45241e-59 7.81791e-85 7.68401e-78 1.10827e-123 2.87832e-76 9.78093e-74 2.59806e-161 9.48824e-166 9.45611e-55 7.23785e-87 5.99013e-124 8.40608e-111 4.45689e-80 1.4737e-90 1.83779e-118 4.75984e-127 3.8957e-53
9.97081e-75 2.7515e-40 3.76331e-116 1.73675e-31 0.445928 1.37652e-94 2.21776e-106 4.67692e-70 3.23424e-97 2.33581e-113 9.30976e-05 1.94664e-114 1.46095e-82 4.09181e-114 7.50565e-112 0.110432 7.29039e-161 7.1881e-154 1.26701e-53 5.87517e-62 7.89895e-132 1.14741e-67 1.68203e-69 1.01895e-114 4.72218e-69
3.10791e-100 1.01508e-60 1.21272e-94 3.8962e-49 7.92609e-25 3.17014e-134 3.35463e-06 5.43816e-77 2.11957e-94 4.47303e-136 3.70232e-76 5.84727e-29 1.79845e-98 0.150183 0.10397 2.26011e-137 6.03901e-77 2.98702e-142 9.57327e-69 9.82327e-133 1.74709e-131 1.69909e-88 7.9264e-33 9.07724e-122 0.0411763
1.87003e-78 3.00515e-84 0.242655 3.16415e-42 9.60693e-26 1.0302e-163 1.23365e-75 5.16737e-111 4.40298e-67 1.84216e-142 6.15438e-46 6.12627e-66 1.19577e-24 6.11345e-59 5.10993e-09 0.00463473 1.30015e-97 3.73755e-63 4.71831e-56 4.34197e-114 3.93073e-70 1.5178e-72 0.0166961 1.33499e-100 3.94755e-122
