2.37007 0.0751454
5.4314e-53 7.03899e-27 7.54967e-18 1.30852e-24 8.17476e-23 6.3885e-68 0.198752 9.8679e-67 1.84494e-59 9.65756e-15 1.3539e-78 2.65098e-27 1.40697e-41 5.54922e-59 3.60206e-55 2.44429e-103 2.10772e-58 2.09417e-45 3.66472e-84 4.61619e-60 3.53077e-17
2.7154e-59 3.59166e-56 4.01206e-78 0.016591 1.53095e-22 5.81165e-15 1.42934e-24 1.04618e-75 0.203754 5.40629e-29 0.226828 1.23191e-25 2.55569e-49 1.62403e-30 0.0167867 0.123901 3.01518e-15 4.26092e-33 0.0173862 2.13761e-57 2.03017e-34
7.3748e-26 2.94118e-06 1.41097e-98 1.41264e-38 1.05851e-17 2.41346e-47 1.91436e-31 0.10813 1.70177e-89 6.84118e-13 9.27674e-104 1.81873e-11 7.71862e-06 6.5741e-28 3.11565e-17 3.42589e-68 6.31782e-41 2.02831e-22 1.66167e-51 4.71428e-14 1.5898e-15
2.50141e-11 1.67254e-29 1.56409e-14 8.8312e-29 0.0670053 0.372128 1.55548e-27 3.04235e-50 1.35831e-54 9.5973e-22 7.36221e-89 0.000174064 3.19071e-88 5.64505e-25 4.98602e-23 1.63047e-77 0.025224 0.205411 1.52814e-19 2.17041e-19 9.67433e-29
1.07292e-54 6.6645e-10 1.8729e-41 1.36019e-64 1.38443e-31 7.85008e-07 5.76585e-15 0.25033 6.11778e-102 7.71863e-05 1.05968e-41 0.0175158 4.23046e-91 1.98094e-68 4.56865e-41 4.24437e-67 1.12846e-29 1.88769e-33 3.16105e-34 0.300714 6.71706e-08
1.27431e-07 1.36591e-36 1.60138e-13 1.02031e-55 2.87446e-22 9.28431e-42 8.44868e-27 1.00213e-74 6.28087e-81 3.06963e-30 5.31143e-57 1.15102e-15 9.35281e-96 5.07202e-43 3.28709e-08 5.6156e-69 6.30229e-39 1.52157e-42 4.3265e-70 1.43713e-48 0.602274
6.53617e-08 1.9237e-96 9.47644e-24 1.77239e-37 3.32764e-54 9.11664e-22 0.0625817 6.4563e-28 1.34588e-61 4.75939e-13 1.01067e-87 5.86378e-30 0.054399 0.0921152 2.58337e-46 3.51869e-85 6.01527e-53 2.59248e-16 4.74277e-35 1.32479e-24 0.134407
1.48084e-59 8.36062e-59 1.24484e-79 1.45299e-67 4.49158e-21 3.98034e-40 0.0519986 2.04524e-34 1.70042e-74 0.0662065 1.65894e-44 3.26007e-42 1.4693e-66 6.6385e-52 0.0631004 2.85637e-106 1.955e-42 3.89676e-35 1.23262e-71 0.0827159 1.10267e-28
0.00108284 0.030383 0.0446661 1.12663e-65 3.16232e-60 1.94033e-82 1.58387e-40 2.35343e-75 3.01576e-99 1.8617e-42 7.13251e-104 1.05649e-48 2.10536e-87 3.40493e-75 3.36971e-66 4.12962e-103 1.0439e-60 3.18217e-62 2.35874e-85 1.72007e-59 2.83438e-39
