3.14891 0.189415
4.93459e-08 1.47726e-321 1.0957e-159 3.19881e-298 4.35554e-120 2.12528e-191 7.16007e-275 0.147737 7.54281e-187 2.17303e-257 3.32439e-12 3.52515e-62 3.73333e-121 4.34773e-95 3.06019e-138 3.15452e-147 1.13719e-180 1.7794e-213 0.187282 3.43518e-110 1.8541e-124 1.58388e-206 2.81902e-73
1.62522e-124 1.19553e-312 1.2297e-175 2.14196e-256 4.06205e-74 7.47079e-206 5.77981e-170 0.633679 4.86863e-253 9.6795e-298 5.11528e-132 1.70771e-91 9.24947e-171 7.13616e-182 1.03752e-128 6.77346e-167 5.56173e-149 6.68834e-160 6.96352e-130 3.14406e-101 1.75846e-216 3.86657e-242 2.4126e-155
7.80807e-132 0.655693 0.51462 0.179914 1.62207e-47 2.81096e-35 6.66962e-238 1.68236e-66 2.75046e-247 0.25923 1.51458e-53 1.50195e-67 0.347069 2.11458e-110 1.0543e-49 0.000539127 0.371557 5.10088e-13 3.02727e-81 1.38381e-153 1.7257e-240 0.16209 1.02139e-134
1.8548e-117 2.07508e-321 8.46971e-123 5.58294e-322 1.18134e-31 5.46956e-91 2.50084e-235 4.31833e-51 1.06285e-61 1.92505e-207 1.2041e-30 8.72829e-07 1.8352e-125 8.87354e-113 6.4479e-161 2.58983e-135 4.41391e-194 7.95516e-134 1.40147e-120 0.0405942 4.90746e-50 5.89656e-246 5.303e-107
2.83306e-129 1.02272e-321 8.06315e-202 4.55345e-278 3.08055e-118 2.7325e-177 1.78828e-157 0.100562 1.73189e-183 1.69341e-230 1.82947e-150 5.74186e-96 1.12275e-158 2.83487e-125 1.1741e-211 5.71377e-86 2.74363e-159 1.11316e-205 9.5625e-160 1.57408e-179 1.24775e-165 5.87015e-313 1.70789e-169
6.23724e-82 1.57615e-316 4.18144e-145 6.04148e-117 0.141775 1.0524e-133 3.54053e-18 0.00639993 2.84605e-22 3.27384e-133 3.69906e-61 2.94344e-31 5.89643e-102 3.85076e-20 0.11641 8.21126e-12 2.80188e-48 2.64955e-181 1.08085e-74 1.3654e-60 1.54133e-65 7.73525e-280 6.88846e-25
1.95008e-53 1.31323e-314 2.89097e-208 8.14802e-98 2.76828e-50 0.43502 3.64796e-205 9.06453e-40 1.59678e-53 8.07212e-241 1.80791e-132 4.5519e-08 1.53874e-128 3.24179 3.45142e-129 1.57115e-122 1.07565e-13 0.300133 3.25562e-75 2.01428 3.53058e-204 4.06613e-312 0.502018
9.02465e-116 1.11358e-246 7.89859e-191 2.81617e-322 5.43171e-117 1.2659e-190 4.05968e-165 0.0627023 6.20712e-180 3.25037e-171 2.22837e-88 2.26956e-127 5.37821e-221 6.6182e-188 4.0654e-177 1.83886e-115 1.28057e-132 9.91356e-150 2.61247e-160 9.87499e-103 2.58286e-225 3.40114e-267 1.25956e-184
6.60046e-127 2.93694e-234 2.79265e-200 3.14728e-248 8.51216e-75 2.04292e-134 1.99473e-139 0.0754422 2.86042e-171 1.43132e-193 9.27998e-71 1.99109e-57 1.23218e-185 8.39721e-121 6.96646e-219 1.88188e-118 4.90015e-169 2.08382e-206 8.49544e-87 5.27717e-113 4.05918e-214 3.92565e-266 5.97794e-169
0.509461 2.29741e-321 7.06848e-53 3.69021e-104 1.68986e-07 5.0567e-204 0.119577 0.168032 1.26726e-132 2.87551e-257 2.88419e-58 0.356802 2.49916e-155 2.26281e-55 4.04201e-94 0.217863 2.08889e-69 5.79613e-49 4.32611e-85 1.55612e-135 1.72052e-280 1.70766e-282 5.67784e-132
0.0634855 1.04769e-235 1.56551e-123 4.24896e-322 2.02949e-105 2.79378e-174 3.29629e-191 2.53045e-18 1.13678e-131 2.75518e-241 3.09492e-71 1.43687e-93 1.39631e-252 3.60049e-145 1.474e-51 8.70295e-149 9.45655e-180 1.89914e-82 1.08705e-42 2.04728e-176 2.57126e-197 1.44345e-271 4.08648e-86
0.077482 4.25269e-261 2.02776e-112 2.03426e-233 1.58718e-95 1.82288e-138 1.34982e-88 2.91778e-16 9.34977e-117 2.79582e-126 7.27266e-124 1.64828e-136 7.8476e-143 4.35787e-185 2.34174e-49 3.43914e-93 2.62949e-202 4.2724e-194 1.143e-134 3.30747e-111 2.19843e-203 2.54427e-232 1.58572e-98
1.42085e-89 5.81325e-235 4.60652e-197 7.16424e-199 1.11391e-97 4.16139e-78 3.18276e-219 0.804687 0.188713 3.48713e-256 0.407593 3.27034e-121 2.64761e-202 9.15847e-173 2.12997e-210 0.0427878 7.2974e-42 3.53149e-156 4.37413e-109 4.03653e-36 0.300561 3.36489e-185 3.2739e-164
2.01725e-91 3.91621e-251 2.02221e-223 2.06949e-193 1.10224e-86 4.24189e-101 3.4276e-188 0.303836 1.9194e-136 6.00418e-284 4.30651e-144 2.60682e-130 3.7129e-132 7.40461e-147 1.52596e-183 1.10708e-88 1.65397e-109 1.07196e-89 2.32642e-52 4.04181e-151 1.37292e-194 3.60668e-322 1.89569e-68
1.76502e-33 1.64297e-234 7.75393e-172 1.02625e-242 1.41047e-67 7.39864e-204 8.56592e-277 0.578477 3.28022e-126 1.19077e-252 3.05331e-09 4.04961e-72 7.11506e-185 2.07303e-152 1.44011e-216 1.93437e-89 1.47484e-139 1.22331e-102 3.83962e-50 2.45782e-103 1.10926e-253 1.57581e-316 1.34922e-123
2.37193e-77 7.20625e-315 3.65052e-125 3.74339e-210 1.03433e-86 6.91511e-205 6.37206e-98 1.06755 1.75642e-247 5.61892e-128 7.69631e-54 8.77311e-122 1.47428e-254 3.56301e-83 2.85805e-70 1.12672e-132 4.02374e-145 1.43381e-119 3.30909e-54 5.76806e-86 5.55205e-182 1.53755e-224 1.88401e-116
0.591634 1.33579e-302 9.94094e-217 3.7872e-281 1.38531e-93 1.95685e-120 2.69069e-155 0.387302 5.85687e-158 5.62065e-212 1.14235e-31 2.48546e-90 1.2182e-245 2.92728e-149 2.69629e-174 4.63359e-71 1.26865e-108 2.65276e-142 6.96134e-114 3.05778e-110 1.40457e-250 4.77761e-321 3.0699e-78
2.22672e-84 1.79841e-231 3.09971e-205 5.8546e-273 2.60097e-47 6.58718e-174 1.12615e-109 1.82066e-13 4.34318e-133 4.15423e-118 6.07618e-60 1.4499e-19 3.60081e-184 1.08882e-87 2.13028e-142 6.8854e-151 1.42492e-203 1.18473e-84 0.1409 9.78977e-162 4.98783e-253 3.7549e-322 5.00251e-127
