2.45071e-32 7.27492e-07 0.0270966 7.97939e-61 3.98754e-63 1.15104e-118 4.19325e-40 0.0180314 8.6527e-110 1.23976e-84 1.19379e-73 0.0559471 0.0294138 4.44783e-160 9.06619e-65 9.14097e-134 9.713e-24 6.48377e-32
4.88148e-46 1.70996e-106 0.000203053 8.73088e-61 4.98089e-68 3.93675e-86 8.11188e-90 7.01408e-65 1.05525e-73 3.4811e-54 9.88288e-120 0.593479 0.308916 4.16417e-104 4.57088e-50 3.08955e-73 1.83854e-47 4.67825e-59
8.61743e-75 4.54349e-105 1.64792e-24 6.56189e-30 4.99152e-126 1.79053e-32 0.332959 1.70585e-41 1.49691e-135 0.0222416 1.94012e-10 8.73028e-30 7.32197e-87 0.0983721 3.24177e-115 8.08146e-85 9.43835e-45 6.51811e-22
4.26182e-49 5.6571e-88 3.18806e-66 5.02186e-53 3.95666e-131 1.69257e-50 1.23804e-49 2.51414e-26 3.95301e-67 3.83129e-47 1.3842e-57 2.71158e-30 1.41334e-95 3.5288e-91 3.6105e-75 3.56466e-128 3.81175e-70 0.0407369
4.90152e-73 7.56148e-43 4.96008e-25 6.25067e-96 1.4684e-94 1.25237e-34 2.28194e-86 1.25095e-77 1.91673e-87 8.2078e-30 1.90954e-69 5.85769e-26 0.0330035 6.38747e-112 3.22526e-68 6.73571e-56 8.22413e-98 4.50944e-60
2.18396e-76 4.77739e-73 0.0608197 3.96675e-96 2.11675e-61 3.27713e-107 1.85416e-45 4.34762e-16 7.76417e-85 2.36724e-66 5.22571e-59 3.99541e-46 3.25227e-13 4.69503e-97 3.44246e-61 1.15482e-98 1.35489e-84 6.15576e-13
0.04925 0.195476 1.5825e-40 3.1204e-08 3.49887e-57 1.14952e-106 2.67318e-20 3.25339e-21 0.148123 7.32928e-98 0.279144 2.10521e-54 5.72618e-28 5.04805e-115 4.53609e-88 4.67138e-78 0.161544 9.08701e-05
1.25999e-25 3.11706e-110 7.80241e-56 1.7181e-107 3.92071e-111 3.29637e-25 3.07581e-32 4.00414e-51 5.50176e-95 6.29192e-46 1.13011e-119 0.313051 1.58723e-40 1.21571e-156 3.93117e-60 1.85213e-70 2.20074e-59 0.0749682
0.105858 1.64631e-82 2.50554e-51 0.517729 0.18953 1.45761e-99 6.0488e-78 2.90246e-35 4.8085e-111 1.90384e-55 5.05e-81 6.08805e-14 8.65176e-51 8.82314e-51 0.107779 0.158341 6.19472e-96 7.60255e-27
2.70924e-12 2.37406e-65 0.0102849 8.95447e-71 1.24761e-143 1.69097e-66 6.14414e-29 5.30099e-34 3.28623e-80 5.36504e-80 4.20208e-91 1.66642e-41 2.61632e-94 1.00696e-84 6.77565e-98 1.4158e-123 2.39722e-48 0.0130601
9.84123e-45 9.13095e-32 3.39889e-15 8.29821e-81 1.196e-101 0.0532251 1.05852e-83 8.09111e-21 6.19895e-134 3.7324e-53 4.44602e-16 0.175153 1.52796e-13 8.86725e-169 2.54258e-53 1.25444e-133 2.6962e-70 5.62806e-62
6.47398e-92 0.0631517 1.85513e-15 1.87756e-71 1.06909e-55 7.66454e-86 5.6439e-85 2.70898e-93 1.84653e-128 5.95707e-64 2.95319e-87 0.164868 7.15522e-45 6.32249e-173 1.06624e-112 6.41276e-51 3.44522e-72 1.66706e-57
2.72269e-33 2.20171e-79 9.08884e-14 4.06666e-103 2.22553e-27 1.14045e-102 0.00624995 0.168939 2.95231e-58 6.75517e-105 7.24879e-120 1.08164e-47 1.40709e-71 1.125e-175 5.75595e-22 2.85992e-49 1.46646e-41 7.6591e-65
