0.00610465 8.13002e-06 0.00276668 0.0206885 0.016971 1.62297e-07 0.0395979 2.24334e-06 0.00429449 0.00163406 0.0044563 5.33147e-06 0.000536579 0.00262139 0.00111193 9.88131e-324 4.69052e-92 2.26194e-220 2.692e-239 9.88131e-324 1.03608e-238 2.21073e-188 1.87779e-166 8.6089e-119 9.10388e-165 1.28457e-322 3.52057e-259 4.94066e-324 4.48242e-160 1.0481e-174
1.27831e-23 0.0399504 0.00114254 0.000310924 2.35797e-18 0.0202433 1.26661e-20 0.00950778 0.000187492 7.04222e-18 0.00738987 7.65978e-21 1.09044e-19 9.77469e-21 2.45772e-13 1.18576e-322 6.79989e-88 3.84758e-217 6.12138e-218 9.88131e-323 5.22158e-234 1.49503e-174 2.11426e-158 1.10971e-116 6.67213e-151 1.23022e-321 1.3484e-254 7.41098e-323 1.24129e-157 1.19995e-171
1.70301e-71 1.38131e-100 6.42815e-54 6.9091e-16 9.55074e-35 6.02109e-131 1.89818e-99 2.49943e-79 4.58867e-142 2.41997e-108 8.70521e-51 5.70155e-82 2.76826e-57 1.75779e-72 2.91142e-87 2.43074e-313 1.82222e-22 2.92537e-196 1.26082e-172 2.26998e-293 8.75647e-167 3.41944e-134 0.185982 1.79687e-84 1.88184e-43 4.41201e-321 1.0585e-212 4.10744e-227 4.09295e-60 1.04276e-33
1.55069e-175 1.22178e-33 4.11825e-31 1.69821e-59 6.60744e-116 1.55749e-103 4.26271e-211 5.19347e-160 5.06682e-154 7.02345e-20 2.46026e-125 1.35181e-98 7.61757e-132 1.51599e-93 5.84688e-83 6.57107e-322 2.26206e-27 1.14732e-91 2.35803e-115 4.84184e-322 1.5301e-88 2.35883e-47 1.68712e-75 0.0113086 2.87364e-155 2.61413e-192 1.35203e-138 4.17154e-167 9.50414e-74 0.298009
6.21046e-73 7.02332e-43 1.27463e-133 2.99901e-84 2.75949e-107 2.16792e-71 7.14692e-29 7.72404e-46 3.36807e-148 2.29153e-32 4.74285e-137 2.63456e-155 2.13982e-41 1.41895e-132 7.28442e-21 1.05079e-290 7.96767e-31 4.98187e-66 2.78018e-214 2.44263e-317 1.81471e-164 1.38769e-136 2.00936e-15 8.24124e-93 4.81617e-103 6.91895e-260 4.33079e-209 2.26906e-201 0.284284 2.44588e-79
4.09612e-80 2.23074e-54 4.49741e-114 1.32175e-69 1.5313e-110 5.43436e-33 3.58968e-90 9.17809e-27 8.22953e-132 2.07287e-74 3.74957e-16 0.28293 5.90978e-84 5.67968e-71 2.40612e-37 2.11082e-284 5.50213e-42 1.20124e-202 4.73583e-130 4.14016e-308 6.42951e-207 3.69734e-129 1.27649e-155 1.78411e-108 1.43001e-52 3.50293e-321 3.6362e-252 3.41069e-255 4.75721e-63 8.78887e-115
5.24506e-31 3.74312e-147 1.42211e-206 8.81133e-54 6.77515e-112 9.83578e-38 8.19317e-142 4.51395e-59 9.05859e-69 2.7932e-83 1.20497e-191 2.56928e-129 4.39339e-74 1.89118e-20 1.01144e-20 6.05377e-239 1.36951e-24 2.04792e-165 4.8346e-214 9.00119e-253 2.8378e-152 3.28373e-168 7.60261e-165 1.55901e-117 0.252536 1.89308e-304 5.36291e-219 3.08829e-251 0.161177 3.55874e-166
7.63847e-19 2.6503e-76 1.20414e-24 6.75138e-104 1.21299e-28 3.00069e-58 1.19312e-85 1.20591e-82 1.09626e-13 1.38005e-84 7.9632e-140 2.2702e-166 1.65223e-62 5.82775e-51 7.44846e-47 5.80516e-254 0.183226 1.79232e-159 5.46887e-213 3.70549e-322 8.5688e-132 2.69251e-180 1.05554e-73 8.49052e-49 1.34667e-47 5.23236e-285 5.35404e-202 7.69385e-165 1.36122e-117 2.86605e-125
5.87344e-89 5.54915e-94 2.53631e-50 3.4566e-139 1.66511e-229 1.80523e-125 1.29504e-248 7.70837e-27 1.46145e-255 9.43136e-45 2.06642e-142 1.80214e-169 1.76051e-24 3.16141e-46 1.61927e-44 7.21336e-322 0.112822 0.292657 0.112258 4.42315e-256 9.98723e-107 3.31154e-107 2.48194 6.2471e-08 0.052525 2.20445e-175 1.58438e-190 1.84325e-248 1.04884e-15 1.04484e-35
2.87546e-321 8.57341e-268 1.09605e-184 2.13053e-216 8.05821e-321 8.31461e-56 9.45262e-188 1.00791e-18 6.70802e-279 1.0277e-93 1.98614e-321 2.40756e-65 2.37152e-322 1.93347e-254 5.45049e-118 0.321814 5.89737e-27 2.35278e-71 1.7166e-83 0.233572 0.363251 0.269044 6.49626e-165 0.424635 9.84851e-83 2.87263 0.369716 0.163922 1.21665e-150 1.01529e-06
