1.79561 0.196938
0.000527398 0.000939002 0.000543584 0.000440601 0.00115801 0.000854266 0.000864305 0.0231005 0.00138646 0.000524747 0.00100813 0.00513704 0.00135813 0.00346433 0.000342398 9.88131e-324 4.46372e-70 0 3.60877e-237 3.94836e-123 4.76559e-196 4.94066e-324 1.99913e-221 1.97678e-153 8.2479e-117 1.72157e-287 1.02558e-196 4.94066e-324 5.60734e-177 4.94066e-324
3.85292e-91 9.06414e-40 7.08403e-40 8.35322e-74 0.026082 6.90233e-93 2.59603e-134 4.37376e-133 9.14051e-25 8.57735e-126 3.41766e-123 8.017e-22 1.33017e-153 1.15228e-74 2.56756e-119 6.44455e-266 1.68473e-36 4.74303e-322 4.37485e-95 1.47181e-49 1.37955e-120 9.7825e-322 3.04064e-145 0.0921583 7.26544e-76 2.61755e-106 2.76826e-37 6.71929e-322 0.140332 7.05951e-284
2.19939e-23 3.80617e-20 4.73831e-118 1.56148e-60 2.2542e-05 2.20337e-89 8.35448e-51 3.96744e-76 8.71124e-130 4.40099e-28 1.54384e-107 7.82114e-66 1.18848e-104 5.1952e-69 3.47511e-122 1.09458e-265 7.64901e-07 4.10074e-322 7.76729e-139 3.5117e-75 0.0131453 4.07951e-213 6.77147e-64 0.0839685 3.81457e-107 6.31374e-135 7.54253e-155 7.70742e-322 7.52402e-34 6.86751e-322
4.94076e-17 8.36043e-188 1.75305e-112 1.44503e-185 7.66366e-35 6.78396e-29 7.51996e-117 9.61684e-07 4.85004e-151 1.81191e-194 8.62578e-94 2.00042e-67 1.77098e-191 1.20629e-90 3.47901e-133 2.81667e-206 0.265997 5.2865e-322 1.1598e-146 4.90369e-120 6.39422e-32 1.7702e-225 4.4418e-162 3.76261e-44 4.91193e-59 4.12542e-250 6.9467e-128 6.32404e-322 3.81842e-102 7.88411e-223
5.65311e-64 3.36705e-115 3.21176e-27 1.27122e-71 1.13972e-50 1.40496e-49 4.17304e-23 3.1573e-107 1.77976e-22 6.98434e-81 5.8353e-97 1.27468e-10 4.83193e-92 8.2999e-68 2.38474e-22 3.47378e-319 0.22527 4.5454e-322 1.90629e-180 5.93624e-28 7.50067e-113 5.15364e-301 4.13743e-214 2.83815e-68 5.79178e-15 6.11316e-283 2.77129e-18 8.3003e-322 4.06832e-67 6.81811e-322
4.00886e-58 6.02286e-106 1.94227e-39 1.91941e-45 6.33957e-17 6.59629e-77 1.59615e-10 1.29134e-98 8.89662e-34 2.68589e-44 9.48698e-57 8.63937e-45 1.72608e-63 6.71088e-17 0.207433 6.47226e-322 1.28902e-34 1.33398e-322 8.89978e-201 6.51559e-107 6.85224e-154 2.11205e-299 4.06983e-192 1.11024e-139 3.44482e-83 7.93305e-273 3.85597e-91 2.56914e-322 8.548e-125 2.47033e-322
3.24148e-165 1.0647e-175 1.68747e-173 4.64422e-322 5.14631e-14 2.88801e-84 1.37549e-145 3.20649e-320 2.82966e-48 5.13828e-322 4.74982e-43 5.00133e-27 3.21932e-40 3.45034e-280 5.01477e-321 0.684757 5.71375e-23 0.175569 0.78339 0.520684 8.03911e-190 0.457794 2.35428e-47 2.51154e-36 0.266984 8.06281e-90 0.297813 0.30509 4.76271e-119 0.270997
9.8584e-190 3.24058e-149 1.2302e-57 1.50604e-230 4.15401e-60 3.73113e-99 6.09735e-245 5.22325e-101 7.69075e-193 8.81297e-120 4.996e-131 1.45194e-36 1.96864e-119 3.53257e-188 1.58448e-180 7.69638e-164 1.86559e-24 1.45557e-151 3.83254e-40 6.61733e-33 0.330419 1.78166e-227 0.1602 3.22585e-95 2.80565e-107 0.396423 1.88855e-156 3.10302e-157 1.31117e-112 6.01186e-162
8.10238e-69 3.93155e-30 6.58523e-20 6.13215e-52 1.38144e-48 0.0381419 6.34767e-68 2.25226e-70 8.03447e-38 2.03997e-15 1.27481e-34 6.25933e-67 2.02819e-37 1.125e-50 2.13698e-71 3.54476e-273 0.0334466 2.32211e-322 6.18799e-217 2.94808e-64 2.36933e-188 5.53354e-322 7.80347e-217 2.00673e-97 1.05037e-50 8.15144e-193 5.31942e-82 3.70549e-322 6.35198e-144 3.31024e-322
4.2902e-111 2.07136e-214 3.52147e-170 6.48936e-111 7.60321e-08 2.58207e-74 9.52611e-108 2.29194e-219 4.8612e-18 2.23219e-210 1.3955e-84 8.50545e-135 2.19812e-128 1.73456e-127 5.88765e-167 5.04052e-169 5.89825e-25 1.37785e-280 1.91459e-98 2.58371e-06 4.88887e-70 8.75546e-240 0.249942 1.9816e-75 1.11561e-29 1.94364e-153 0.0461851 7.06514e-322 3.86816e-68 3.52828e-187
