3.77804 0.102134
6.49576e-70 1.02009e-67 5.94962e-77 5.83065e-120 1.00828e-26 1.83382e-123 4.18903e-71 1.68981e-107 1.16265e-80 1.03304e-38 6.78901e-57 2.13222e-26 5.68515e-81 2.15766e-87 2.7209e-12 2.39724e-82 0.0195693 2.13193e-86 0.224859 6.29356e-56 3.47401e-73 4.57702e-47 1.24546e-49 6.99214e-47 2.72239e-114 2.01476e-35 1.52466e-32
8.25639e-111 2.81159e-42 1.03744e-138 3.70663e-130 1.12944e-43 2.54232e-45 4.85247e-44 0.493923 1.05275e-78 1.3476e-12 0.0831317 3.35639e-90 2.84963e-41 7.30655e-88 3.83729e-31 8.96367e-59 5.01011e-83 4.13039e-44 5.05468e-66 1.45975e-45 3.94689e-32 1.40471e-19 0.0024877 2.84791e-71 2.8204e-58 8.78905e-82 9.7899e-44
3.63002e-57 6.19473e-74 6.47866e-152 3.89106e-135 3.7309e-59 1.12404e-124 6.04978e-69 6.08983e-33 1.24642e-34 2.3531e-31 2.49555e-17 6.5888e-38 3.48702e-30 3.79425e-103 1.99184e-24 0.159248 4.2485e-09 2.21349e-78 6.77574e-21 1.60028e-28 2.04588e-67 2.4933e-60 1.29359e-22 2.35316e-81 3.96799e-79 1.65891e-113 1.03697e-69
0.0255531 0.0477429 3.56744e-78 2.1551e-148 4.35623e-53 5.55378e-11 0.38842 7.3418e-29 6.13627e-42 0.11518 3.8016e-56 0.302743 1.09077e-47 2.15399e-37 3.05088e-30 5.70032e-22 8.57367e-86 1.53095e-36 3.05273e-42 2.70533e-31 2.92455e-09 3.79905e-30 1.91827e-73 1.72028e-52 3.81236e-146 0.116738 8.62245e-73
4.8351e-101 2.01166e-108 6.05907e-152 3.15162e-143 4.59177e-60 5.90924e-127 4.72664e-49 1.72024e-38 2.89145e-41 8.67496e-33 2.32166e-24 1.49255e-85 8.02735e-85 1.80882e-79 1.97967e-69 1.34354e-32 1.23867e-09 5.27336e-57 0.0177947 8.03286e-35 9.69058e-54 2.97246e-63 6.7128e-67 4.64838e-89 5.18564e-75 8.43919e-113 6.78075e-83
2.76035e-114 1.84562e-36 3.3531e-152 1.83776e-137 2.05381e-70 2.85812e-72 3.47804e-26 5.45767e-70 2.59644e-76 8.81068e-43 5.99198e-31 6.358e-73 1.8467e-79 2.0014e-69 6.22675e-45 7.43869e-81 2.29537e-81 1.39618e-93 0.587626 1.22345e-70 1.02973e-66 5.92681e-45 1.74769e-48 1.19078e-06 1.13286e-146 3.23767e-42 8.25019e-32
1.17914e-92 1.45422e-89 1.68835e-140 1.99164e-99 4.39734e-79 6.9069e-125 0.132469 1.1387e-28 1.92248e-81 1.74722e-104 2.76643e-50 2.30682e-61 6.21722e-56 1.25259e-61 1.10778e-48 2.08784e-96 1.34513e-75 1.19128e-52 7.31252e-12 0.492896 2.40628e-50 1.70547e-23 4.2723e-83 1.88115e-80 1.31661e-144 2.98548e-77 1.62599e-63
5.54174e-69 3.63096e-81 5.17956e-103 1.1538e-150 2.72081e-41 1.47583e-91 8.74355e-12 1.74917e-125 9.52837e-58 6.1324e-95 1.60095e-22 8.64553e-77 1.70391e-76 2.89929e-100 2.16574e-25 3.25015e-69 3.1973e-65 1.293e-72 0.352625 6.11774e-50 1.5891e-77 1.58431e-42 9.04394e-86 4.68733e-28 6.8098e-111 1.47465e-72 1.77448e-82
4.80639e-09 1.78993e-43 0.145684 0.686327 5.19705e-32 0.192719 1.7211 2.08778e-05 1.06687 2.78069e-09 2.9066e-23 9.29399e-76 0.228586 0.16895 1.12066e-24 2.63832e-23 4.4145e-22 0.178903 0.416859 5.33502e-72 0.121461 6.14647e-66 0.424263 3.53436e-28 0.141904 7.65149e-08 0.871721
1.77626e-46 5.1116e-101 4.63204e-115 2.06632e-61 4.58713e-65 5.41706e-56 4.26214e-08 8.20604e-21 1.5881e-78 1.74945e-13 7.54114e-34 7.13875e-57 1.91681e-74 1.12502e-58 3.55065e-52 0.51675 7.06404e-71 1.15229e-94 1.2671e-17 9.82174e-05 4.92685e-99 2.67972e-41 5.49873e-82 1.87005e-63 7.95426e-120 9.3747e-47 2.77392e-93
9.43441e-59 8.07673e-83 2.19302e-71 8.12165e-95 3.1567e-21 2.46729e-100 2.73484e-47 2.23066e-75 3.36001e-77 1.85943e-87 1.02988e-22 4.35578e-85 2.43017e-85 1.12646e-52 1.9053e-53 3.0355e-48 6.09574e-17 3.17444e-58 0.280676 3.17008e-25 9.22452e-82 2.5996e-29 2.49839e-12 6.44336e-56 1.66284e-121 4.24899e-40 1.09749e-75
1.71094e-95 1.41002e-72 4.6553e-92 1.79656e-81 8.41184e-49 1.77126e-37 5.03993e-12 8.82862e-75 2.0425e-23 0.157887 7.58452e-59 1.79987e-93 2.0851e-66 3.37467e-43 9.60163e-44 1.31196e-14 1.0413e-27 6.59069e-60 6.95464e-16 1.03839e-28 1.37132e-72 0.100928 7.85274e-69 2.43988e-67 2.17416e-71 2.4445e-35 1.1925e-76
4.09015e-38 3.45048e-50 3.15232e-74 2.4413e-96 2.82267e-51 4.99032e-118 0.220623 1.28228e-69 4.25488e-20 5.17187e-52 2.51959e-69 1.15485e-22 1.6855e-82 8.08599e-47 1.29698e-62 1.21037e-20 2.1776e-08 5.55425e-64 5.52465e-51 2.06967e-37 7.41991e-65 2.36915e-09 7.64245e-71 4.50958e-24 1.04096e-94 2.97465e-100 8.26022e-14
2.2849e-75 2.73024e-86 3.08744e-160 3.47733e-120 1.98818e-65 3.81595e-134 1.97051e-29 1.42155e-104 8.12547e-42 1.40807e-73 6.7924e-26 5.12778e-93 5.68496e-73 3.67898e-105 2.40915e-52 2.85603e-75 2.99134e-101 1.42886e-105 2.80046e-22 0.133529 9.62751e-93 4.61664e-60 3.81988e-97 2.06681e-44 1.35721e-93 4.01995e-47 1.76387e-61
8.40058e-101 3.06285e-62 6.05814e-89 3.2158e-98 4.2303e-47 1.7627e-123 3.42383e-36 1.5856e-111 2.20864e-56 1.24088e-26 1.8921e-54 4.26784e-90 5.86182e-88 2.41055e-98 8.33945e-61 3.25786e-10 1.00819e-60 7.09494e-109 0.171824 0.0462771 1.03064e-86 1.0499e-22 4.47794e-29 9.56231e-72 1.71579e-106 2.76254e-85 1.61352e-74
3.64458e-64 2.15241e-92 3.80666e-58 1.22468e-74 1.04667e-91 2.5668e-108 4.00315e-58 9.74905e-26 4.40724e-33 6.03915e-93 5.22281e-20 1.09126e-22 3.94012e-35 7.0665e-96 7.73121e-35 0.303947 3.48435e-77 5.08571e-41 1.09353e-09 0.0724819 3.47324e-34 2.42878e-24 1.4496e-39 2.59312e-74 1.54022e-139 1.03802e-91 1.93874e-75
4.77683e-86 3.8461e-63 1.49963e-93 5.67582e-148 0.161276 2.4417e-36 1.62562e-47 4.16928e-91 2.03698e-48 4.49775e-58 4.3134e-34 3.77142e-61 1.86668e-56 8.78829e-51 0.403879 8.83978e-31 1.94161e-22 5.64145e-62 6.74015e-33 8.938e-48 1.0099e-62 3.42486e-61 7.78495e-49 0.111342 7.60244e-119 5.97115e-41 9.27119e-60
1.39612e-78 6.56903e-106 1.14697e-120 1.59767e-136 1.52438e-84 2.53336e-84 0.105286 4.97733e-24 6.39885e-59 5.98206e-80 4.48291e-61 1.23701e-78 2.46115e-94 3.43399e-57 0.000436404 9.49385e-88 1.75175e-49 1.18306e-54 4.06507e-40 3.21577e-16 5.07656e-31 1.40309e-19 1.0039e-47 2.90149e-06 2.66079e-42 8.65598e-69 5.53371e-47
