9.22767e-231 7.05043e-225 3.76147e-102 3.93669e-94 1.3509e-39 8.98211e-321 8.1759e-107 7.61924e-127 0.708926 1.7401e-47 4.23974e-69 8.04396e-295 9.99567e-72 4.49874e-170 3.31745e-165 2.68434e-221 1.55353e-68 5.20786e-301 4.5761e-75 6.18027e-182 4.47314e-55 3.37763e-193 6.69597e-246 3.44494e-129 5.38156e-112 4.80959e-142 6.89952e-301
2.90612e-43 4.58008e-248 1.8371 1.62433 7.32972e-185 3.21451 1.78379e-93 1.62018e-14 2.59515e-161 0.146162 4.18336e-108 0.226796 0.650483 8.34971e-322 0.535934 0.300395 3.13513e-178 4.8397e-75 1.29313e-172 1.81754e-165 6.4441e-209 3.88489e-111 1.65644e-288 8.84838e-263 0.535235 9.76574e-17 2.16648e-71
9.50966e-86 7.37853e-182 2.39287e-214 8.4596e-290 1.15117e-321 2.06696e-218 6.37345e-322 7.35636e-222 1.66899e-81 0.406769 1.52351e-201 2.62789e-266 2.7977e-46 7.35876e-262 6.51328e-82 1.68455e-250 2.56743e-106 1.64408e-225 3.71857e-96 2.23774e-08 5.54524e-84 1.16999e-108 1.0191e-308 5.78595e-299 1.31061e-300 7.96593e-179 8.08981e-160
4.8596e-105 1.10191e-66 5.82997e-321 4.35572e-185 1.02272e-321 7.3764e-321 7.79497e-237 6.08386e-66 1.25798e-257 0.111047 3.88401e-49 3.19278e-172 3.83415e-74 4.73453e-70 7.69205e-233 1.78852e-321 1.27399e-181 2.23318e-321 7.1511e-262 8.77456e-60 2.16606e-237 1.26094e-255 8.07471e-100 6.08786e-159 1.7984e-321 1.40013e-269 8.55979e-145
4.1367e-108 1.25193e-199 2.81869e-124 2.16882e-174 6.29499e-313 1.11412e-320 4.1645e-208 1.37627e-170 0.205434 7.42868e-61 5.80017e-53 1.10768e-132 1.45307e-240 2.67795e-97 9.68291e-99 1.72727e-259 1.77441e-170 2.81114e-281 9.26598e-119 5.75673e-86 3.53615e-296 1.25419e-106 9.24547e-166 7.42211e-133 1.99541e-137 5.30916e-253 0.459694
0.366976 6.3495e-139 7.0849e-321 5.50883e-321 6.76734e-157 3.03437e-301 6.72351e-19 1.0502e-272 5.11886e-224 1.18943e-79 1.49705e-162 8.12355e-30 3.63078e-61 0.162305 9.62015e-228 0.213644 1.84152e-140 0.668172 2.46843e-18 0.201814 4.19874e-225 1.04743e-204 0.444907 1.27469e-321 4.50058e-205 6.61033e-43 6.00772e-22
9.74596e-252 4.44461e-77 6.41728e-92 4.1997e-179 1.22663e-250 8.21307e-158 2.95178e-254 7.04623e-32 1.42186 5.38478e-25 1.4099e-105 1.2691e-199 1.4286e-37 2.05991e-54 1.3275e-115 1.95156e-321 5.36654e-136 8.49725e-48 8.18391e-77 1.04032e-103 2.16075e-227 2.23134e-266 9.71193e-282 1.12153e-321 3.11071e-255 1.1507e-180 7.00896e-235
1.60848e-275 1.79452e-114 7.5098e-321 5.78551e-321 0.281942 1.03556e-320 8.79836e-287 1.10799e-183 5.71404e-226 4.97825e-22 5.17148e-65 1.79221e-244 9.80327e-253 3.82818e-165 3.30978e-100 6.49429e-91 0.1789 9.08216e-134 5.24206e-47 1.11046e-215 0.275247 8.55657e-66 2.03061e-321 0.256346 0.0418092 3.67136e-180 9.02984e-162
3.42867e-313 6.34621e-112 3.73912e-153 2.19151e-171 5.13591e-156 1.4989e-211 2.72793e-142 4.57802e-90 2.15426 1.39013e-50 4.10023e-249 3.42795e-198 5.58227e-87 4.5246e-249 1.12037e-167 5.5486e-96 4.43483e-137 1.22676e-320 3.06931e-67 1.0969e-186 1.67275e-222 1.01778e-321 1.0998e-312 1.23508e-142 4.68802e-258 1.55206e-245 1.56158
6.1054e-202 1.07876e-203 1.06304e-313 1.77318e-158 1.08393e-154 1.48399e-119 6.4206e-249 1.96783e-178 1.16039e-205 1.56795e-123 0.0093153 5.42212e-197 2.43166e-138 1.89525e-203 7.32712e-81 2.07766e-283 6.01172e-59 2.73251e-60 5.14082e-237 1.48954e-194 0.164962 1.56679e-175 2.83637e-108 6.24717e-102 1.97626e-321 1.76157e-174 3.05825e-102
0.0826358 7.03898e-79 8.79259e-130 1.32094e-183 1.22034e-321 4.34499e-186 9.35285e-223 2.79641e-65 6.99662e-233 1.92576e-11 1.05859e-216 5.81031e-176 1.1802e-138 4.69362e-320 2.63722e-169 1.11203e-269 7.23968e-51 8.41193e-241 5.57754e-254 1.45591e-130 5.65378e-142 1.29053e-223 5.685e-242 1.17725e-160 4.01669e-133 2.18664e-229 2.58872e-101
7.91272e-67 1.61235e-212 8.06214e-277 3.87464e-303 5.64566e-316 4.90567e-287 6.73285e-151 3.42551e-149 1.06592e-201 7.68076e-42 2.0045e-86 2.60691e-203 1.28464e-101 6.47226e-322 3.71812e-186 1.71441e-321 4.58637e-142 1.41068e-200 4.64064e-113 1.89452e-164 1.44272e-122 1.12153e-321 5.66991e-120 2.10582e-231 1.81895e-317 1.56631e-296 0.309038
7.0046e-287 0.341316 2.19124e-108 5.35073e-321 1.61279e-13 3.78431e-92 6.57523e-211 1.05137e-57 1.33668e-207 2.81496e-141 1.02401e-239 2.24928e-69 2.34382e-113 2.57855e-37 1.1032e-97 9.45843e-180 6.29435e-33 3.45307e-122 1.12269e-67 1.0946e-26 9.00074e-201 1.16105e-321 1.16845e-254 2.81269e-233 1.51832e-314 4.80094e-248 1.58288e-69
2.61752e-33 0.658243 4.21869e-249 1.06593e-225 6.29936e-57 2.47156e-228 9.25558e-146 1.36202e-63 4.1998e-51 6.34799e-41 1.88744e-237 6.61277e-280 6.52226e-67 1.9675e-105 6.4489e-184 1.77295e-152 4.96388e-125 2.89028e-321 9.54474e-103 1.1869e-218 6.28416e-309 2.1248e-103 5.92898e-72 6.59179e-248 4.93625e-70 4.04894e-46 6.20883e-198
3.57585e-200 6.83551e-305 5.74104e-321 1.8591e-210 1.00295e-321 8.70544e-321 2.08509e-290 0.22258 0.463871 3.24637e-181 1.014e-15 4.61373e-118 1.06885e-276 5.35907e-107 3.85586e-168 1.47232e-321 8.03218e-121 7.56858e-151 3.25741e-60 1.70936e-168 1.37287e-183 8.94248e-184 2.58156e-296 3.62043e-25 1.33861e-198 4.88552e-312 3.04742e-237
5.3813e-55 5.29262e-243 4.44004e-278 1.15018e-278 1.31444e-200 6.75839e-280 9.82683e-309 5.42017e-270 0.048039 1.61227e-105 1.76537e-198 6.45579e-102 3.15214e-182 4.96501e-317 4.11079e-96 1.98237e-138 7.42269e-178 5.15437e-271 5.33294e-271 6.52592e-79 5.66379e-79 1.47981e-101 9.869e-217 2.03218e-119 2.77359e-228 1.58594e-227 7.33623e-194
2.30783e-208 4.28099e-258 1.66095e-55 6.03291e-166 2.80063e-227 2.41095e-229 7.87302e-221 1.40827e-79 1.63326e-307 1.2481e-93 0.474136 1.06273e-251 1.13051e-47 1.07109e-225 8.10024e-171 1.93272e-40 6.59428e-145 1.44791e-63 4.81224e-205 7.65117e-224 1.76312e-153 1.49712e-253 7.82039e-206 7.36886e-286 4.6957e-203 6.8406e-102 2.1216e-102
1.32376e-138 3.83211e-145 4.65727e-243 2.16021e-158 8.41699e-248 1.28259e-320 0.168367 1.21076e-121 2.60885e-184 8.60968e-34 1.31144e-141 2.50293e-185 1.22909e-242 1.38647e-72 1.54221e-200 4.73999e-190 1.23546e-150 2.47151e-271 0.343153 9.60504e-11 8.325e-115 0.308601 1.23215e-131 1.29257e-238 1.15596e-71 0.187403 0.422652
