1.30046e-10 7.87978e-08 6.32668e-05 0.014098 8.12039e-24 1.38696e-13 4.2518e-11 9.85964e-19 3.71625e-09 2.36895e-09 1.6392e-16 8.2549e-12 1.7802e-19 2.14422e-10 0.010181 9.00208e-19 2.234e-07 2.01212e-15 2.38843e-05 9.26502e-06 3.01745e-10 0.496322 3.10169e-05
0.000936664 0.0128208 0.000105925 7.80041e-06 4.67396e-06 4.16408e-10 7.80803e-12 0.0423809 8.5841e-07 0.845323 0.121748 0.000420347 0.0649356 1.00743e-14 5.47184e-16 0.000852802 4.5081e-09 0.0269495 9.96009e-11 0.00240722 8.62531e-08 1.00145e-06 5.26301e-12
5.5087e-12 5.61349e-15 1.40757e-06 7.96876e-10 4.21178e-22 1.85724e-14 2.03558e-17 6.79445e-27 3.73078e-16 1.69806e-22 2.9936e-21 2.59116e-12 9.11283e-17 7.82293e-13 2.45081e-15 9.05202e-19 2.49604e-14 1.19258e-16 1.09492e-11 4.33804e-20 3.51529e-16 0.780867 2.78204e-14
6.82674e-14 2.96048e-12 3.87534e-06 3.57601e-09 1.41154e-19 6.14945e-11 2.93548e-10 9.10068e-21 4.52194e-17 2.41936e-23 1.41202e-17 1.09853e-14 4.71335e-16 6.57057e-12 2.41628e-10 1.09169e-18 1.73812e-21 1.91211e-14 8.61931e-17 3.16758e-16 4.16868e-22 1.11626 1.62551e-08
5.33027e-17 7.72441e-19 1.92875e-05 5.78936e-09 2.83596e-20 2.93702e-17 1.58445e-13 2.43261e-24 2.58092e-17 7.91561e-26 9.46732e-21 2.71742e-13 3.06658e-18 6.61281e-14 1.28579e-16 1.04739e-19 9.71164e-18 1.21932e-17 2.03774e-15 4.67958e-17 7.66138e-22 0.38123 4.47466e-11
1.39754e-14 1.13377e-06 2.39754e-07 9.87535e-05 5.199e-18 5.43768e-14 5.50994e-14 3.74317e-16 4.22319e-15 4.67035e-15 2.73695e-22 3.52186e-08 9.5542e-20 1.61207e-11 6.91575e-11 5.18246e-17 2.4524e-17 3.3046e-12 1.68474e-14 1.89454e-12 1.41204e-12 0.355112 0.00236814
4.21835e-09 0.0142426 0.00269942 1.34925e-06 3.88396e-25 2.46716e-07 2.15857e-07 3.85326e-11 0.107044 1.25926e-21 2.19041e-12 7.15505e-06 1.73817e-16 1.04565e-11 8.39077e-17 2.88408e-17 0.0178812 6.27228e-12 0.00419053 2.6932e-16 3.1381e-14 0.107869 1.40344e-07
0.0126445 7.75844e-19 0.0269387 0.0100193 0.0090661 0.0131388 0.0173743 4.92917e-14 0.043405 4.98679e-07 0.0310761 4.48267e-15 3.34515e-15 0.012186 3.53899e-12 2.72795e-09 0.00103556 8.17423e-11 0.000535332 4.89714e-06 0.0184198 0.00936924 5.86162e-12
6.66682e-17 5.96745e-10 5.91296e-05 2.15455e-08 1.05545e-20 4.42055e-16 1.08673e-13 1.66656e-18 1.80537e-15 2.68081e-18 3.99378e-12 2.97847e-12 1.69757e-12 1.17241e-15 2.81703e-09 1.6937e-14 7.33764e-20 2.43954e-16 5.09679e-09 6.47464e-12 7.84877e-15 0.300197 2.78001e-10
6.73306e-13 2.92145e-13 1.00434e-07 1.68387e-09 5.55723e-26 7.78736e-17 9.82936e-14 2.75653e-21 6.59933e-16 3.80273e-24 1.26759e-21 1.85496e-11 3.7193e-18 3.98424e-15 6.04347e-18 1.16348e-16 2.30654e-20 2.7377e-19 1.82323e-15 1.44536e-19 1.24964e-20 0.397932 1.63529e-11
