1.37566 0.313084
7.17399e-165 2.83731e-182 3.02928e-114 1.04248e-321 4.15974e-293 1.76758e-39 6.21407e-244 7.12825e-266 9.83483e-188 2.11179e-153 1.03771e-129 2.06426e-211 1.12377e-244 2.61159e-96 0.417431 8.59674e-322 5.58234e-216 4.7197e-82
1.03466e-101 5.86403e-17 5.26854e-62 1.03423e-87 0.0128777 2.16343e-45 1.40485e-71 2.11955e-44 8.73813e-57 1.56445e-186 3.01582e-213 1.8805e-181 1.43279e-321 1.94168e-321 1.31779e-306 1.12647e-321 4.51237e-187 9.83e-141
2.5889e-321 7.77332e-235 0.00015229 5.13233e-137 7.38483e-279 7.90204e-30 2.30936e-92 8.61085e-44 7.83987e-91 1.26301e-07 6.58681e-241 0.36912 1.64365e-78 8.23865e-177 1.07201e-259 7.26276e-322 0.236463 2.65907e-60
1.10078e-144 1.87486e-140 1.1517e-50 2.6453e-291 8.68833e-111 2.1681e-155 2.4541e-109 7.3449e-263 4.34105e-235 0.149774 1.79841e-211 1.90454e-107 1.3674e-195 1.03169e-72 1.01647e-206 4.80502e-247 7.56221e-228 0.135144
2.20284e-272 2.58723e-101 2.09469e-261 2.70326e-88 3.146e-259 1.74235e-53 1.85893e-158 3.59446e-307 4.53945e-96 8.71296e-07 6.07903e-173 2.64601e-133 0.408718 1.12611e-317 6.36696e-30 3.13876e-143 2.19836e-158 1.84057e-15
1.05555e-226 9.71012e-55 8.59674e-322 3.68975e-291 1.40809e-321 1.38802e-311 7.4011e-321 6.81811e-322 2.38421e-303 0.283986 9.19258e-247 4.35572e-125 2.14199e-115 7.76685e-158 1.6549e-145 1.11024e-71 1.03608e-181 1.12093e-61
1.85233e-131 2.6529e-120 2.2468e-268 1.4409e-17 3.1912e-259 1.03445e-145 2.23815e-296 2.28059e-130 9.01249e-185 4.1425e-80 1.13221e-20 3.22993e-22 3.78008e-208 2.80763e-150 0.381849 4.09201e-271 2.83943e-116 2.03514e-79
0.00418639 0.00235072 0.000908537 0.00162209 0.00126604 0.00222585 0.00960006 0.000876667 0.000304315 3.68691e-240 2.16026e-283 4.41219e-236 9.88131e-324 1.4822e-323 3.95253e-323 4.94066e-324 1.14719e-290 1.55261e-207
3.00982e-57 2.98661e-256 3.14365e-163 2.72598e-33 2.82743e-25 1.94364e-43 2.3205e-279 6.35507e-105 5.58753e-203 7.60636e-223 1.59064e-132 2.0517e-75 1.25215e-58 2.06025e-321 5.52226e-116 2.42995e-170 0.276198 1.25258e-26
7.00163e-148 6.51261e-181 3.14064e-145 3.30886e-237 3.30091e-272 2.78332e-138 3.00506e-296 6.39163e-15 5.50991e-17 7.7934e-157 2.27303e-108 1.53835e-231 1.27802e-25 1.49087e-313 0.556351 1.39108e-279 1.79727e-277 0.126907
1.89846e-125 2.89856e-161 3.01653e-215 2.73692e-37 8.17504e-317 3.71584e-103 1.02475e-221 5.42843e-226 1.6151e-103 4.28714e-199 4.2456e-211 1.57718e-198 5.10907e-318 2.10118e-109 3.11504e-204 0.15323 1.35435e-97 9.80523e-13
5.19924e-224 1.47548e-27 8.77674e-187 1.82577e-64 1.6502e-35 1.98903e-130 9.19237e-93 1.42952e-52 6.9643e-143 7.73341e-18 1.48504e-52 0.302002 1.46243e-321 2.04467e-309 2.05323e-238 7.06514e-322 1.80476e-134 8.54378e-06
2.75195e-321 3.89037e-138 4.56576e-20 1.43023e-280 1.01778e-321 9.12532e-61 4.13337e-215 1.475e-262 9.21341e-154 2.6566e-168 0.482782 1.43289e-59 2.24827e-301 0.646647 5.93323e-72 0.111985 9.1979e-269 4.9154e-30
