3.21383e-20 0.146347 4.93751e-84 1.54994e-74 5.7368e-137 1.29598e-155 1.04432e-80 5.31536e-132 4.43473e-60 6.53549e-50 4.84575e-169 3.72104e-135 3.07543e-132 2.64568e-220 2.31e-163 6.56444e-91 4.88943e-93 3.14637e-123 1.89377e-153 2.94873e-35
2.67361e-174 0.445886 5.01513e-113 6.64427e-98 2.20478e-168 1.07835e-54 1.65363e-67 2.23053e-116 7.54059e-125 1.2403e-104 3.59626e-181 7.72502e-87 1.02757e-58 1.29288e-129 9.35223e-162 9.4103e-280 8.36505e-112 3.33154e-44 1.1878e-155 1.67329e-82
7.2309 3.16923e-46 8.74079e-36 1.35729 7.48864e-84 0.999466 4.72771e-43 0.496423 0.374426 4.0584e-55 0.421667 0.226619 0.648184 0.686426 1.1933 0.516472 1.69486e-135 2.74936e-114 0.332565 2.02893e-107
5.98465e-50 6.91738e-65 2.15801e-95 3.7231e-74 1.74492e-120 2.16274e-109 9.54458e-123 1.65051e-110 1.60692e-29 5.97383e-58 1.34196e-130 0.144219 1.18589e-35 1.49412e-260 5.788e-129 5.62141e-130 9.56857e-38 1.30413e-145 2.57319e-127 4.86015e-40
0.0606126 9.56362e-52 0.117069 5.616e-121 8.0498e-70 7.47791e-59 3.28039e-09 7.52598e-150 4.64281e-130 3.48231e-36 6.56842e-154 4.69957e-119 4.56546e-79 4.23796e-224 3.09438e-188 2.71503e-168 1.35685e-66 1.12003e-49 6.74427e-140 3.90006e-121
4.90131e-128 7.08186e-60 1.24547e-75 1.33771e-66 7.39399e-37 0.224976 2.34265e-56 1.07548e-161 1.09463e-23 2.72222e-73 2.55692e-254 2.49259e-36 1.7334e-65 1.51213e-242 5.38944e-40 7.86635e-126 0.027476 0.0250452 1.01485e-135 8.36181e-75
4.89415e-30 1.00094e-10 5.26591e-13 2.97612e-45 5.05698e-148 2.57711e-45 1.70856e-36 1.45207e-131 2.95488e-67 5.44444e-61 2.56329e-133 2.68867e-61 5.82582e-76 1.69389e-127 3.36035e-183 5.55393e-218 7.47591e-13 0.0452828 1.52175e-94 2.11971e-65
1.67632e-102 2.46398e-12 8.52279e-69 8.39789e-133 4.07832e-115 3.55881e-77 1.83382e-40 5.02591e-75 7.94655e-41 8.70544e-124 7.46556e-170 2.77349e-68 4.82112e-11 5.5992e-173 8.3567e-175 6.31343e-79 1.60735e-50 0.113905 1.59425e-61 5.98433e-90
3.21497e-37 2.97432e-90 6.20797e-71 3.55597e-82 3.6338e-31 1.17124e-78 3.97129e-85 3.87575e-121 6.89836e-25 1.79869e-38 1.06944e-134 3.28034e-79 7.57994e-13 9.75568e-70 6.52205e-58 2.81874e-206 6.29056e-170 0.228743 1.06567e-121 6.29968e-108
2.16498e-40 0.194659 5.53296e-19 1.80123e-62 4.33974e-134 1.87076e-94 0.0532699 8.17342e-110 1.18695e-90 4.31134e-37 3.60153e-160 2.00067e-89 8.38809e-56 1.78902e-257 1.18356e-187 2.09949e-195 2.16274e-165 6.21424e-93 4.3553e-130 1.57051e-99
1.18742e-149 0.0490805 1.18302e-98 2.72037e-49 7.24179e-50 1.80725e-144 6.63638e-90 9.268e-188 1.41373e-89 1.66531e-79 4.70245e-183 5.42427e-69 8.14101e-128 3.882e-147 1.33325e-123 1.09452e-159 1.98274e-193 2.54246e-66 2.72213e-134 5.26966e-88
2.92681e-48 3.92308e-25 1.69061e-25 1.97946e-47 3.26481e-52 1.90276e-111 1.83913e-72 1.58733e-179 4.50791e-52 6.76071e-79 1.58515e-274 2.32648e-58 3.07201e-87 1.56358e-74 2.22114e-61 7.0651e-289 0.251788 4.57247e-54 1.00884e-63 4.21305e-91
0.163932 2.98062e-37 3.78542e-97 1.10869e-60 9.94587e-119 9.62698e-151 3.71493e-25 5.15269e-172 5.48919e-63 2.97624e-89 5.34373e-252 5.66992e-89 5.96587e-94 2.94389e-75 1.22557e-66 7.2953e-248 4.35514e-166 2.71279e-69 9.082e-44 2.55833e-127
1.18022 1.79731 2.52893e-124 2.61707e-68 0.13577 6.6211e-164 4.48097e-35 1.93207e-110 2.05783e-23 0.196687 2.25238e-232 3.28609e-124 1.76372e-127 2.56796e-266 4.18214e-110 5.39006e-248 3.40692e-187 1.04069e-127 1.88658e-75 0.115589
