2.28428 0.37527
1.13635e-322 5.05929e-19 5.06297e-42 1.83753e-137 5.13664e-168 1.18213 0.792733 2.41594e-263 0.0612869 0.677644 0.506688 1.5907e-241 1.63317 3.26733e-309 0.315184 1.0221e-111 3.20718e-192
3.73976e-186 8.04569e-101 7.78837e-07 2.259 1.97165 0.366475 2.29741e-321 0.352916 4.53264e-163 6.59834e-184 1.64524e-321 5.4156e-266 2.76428e-27 5.34288e-218 2.10392e-253 1.30259e-254 3.7985e-185
4.56521e-68 1.9972e-171 0.114293 2.35366e-47 1.38515e-162 4.16322e-60 1.6403e-321 3.26497e-22 2.44146e-27 1.92686e-321 1.37844e-321 1.34082e-51 2.93599e-96 4.682e-188 8.11151e-104 7.32348e-106 4.5773e-80
6.01161e-206 2.04005e-130 5.28845e-246 7.28064e-234 1.29403e-135 4.81678e-124 1.35951e-290 6.91621e-115 1.99535e-27 2.72724e-321 2.08496e-321 1.44901e-110 5.49012e-71 0.24227 0.278673 0.789894 1.04464e-210
0.0152247 1.15692e-298 1.38547e-46 3.43447e-16 5.47397e-168 3.76104e-160 2.49997e-321 1.58988e-189 9.20888e-226 2.75732e-37 7.50535e-202 7.15806e-252 1.04721e-123 4.73338e-249 8.415e-85 1.38385e-21 0.601227
1.35879e-27 3.39097e-260 3.71566e-142 2.92318e-129 4.31915e-111 1.10056e-81 3.53843e-274 4.38878e-220 4.11737e-74 4.41566e-307 6.70373e-258 4.80716e-16 1.94255e-112 0.13276 6.66251e-20 8.87699e-64 3.62629e-313
3.43213e-130 7.11371e-175 3.7611e-277 0.170404 3.38401e-196 2.14401e-122 2.14487e-292 5.00251e-16 6.07282e-112 8.10525e-211 1.12153e-321 3.57695e-94 1.61507e-288 6.83697e-81 1.82646e-195 8.47193e-116 5.21535e-293
2.26107e-171 2.18881e-97 2.64926e-53 4.39677e-168 8.88238e-40 1.88612e-312 1.66994e-321 0.0310945 1.61362e-53 7.55126e-184 1.39327e-321 0.0591328 5.84647e-229 2.93346e-315 1.42881e-160 3.28241e-45 3.39423e-321
1.66926e-146 2.29006e-143 8.84917e-257 2.63031e-218 1.4677e-62 6.11653e-321 2.08002e-321 0.0723666 8.34601e-192 2.62121e-178 3.30149e-267 7.12032e-110 4.57464e-293 1.72429e-321 2.00075e-248 7.65376e-207 4.84057e-168
1.6484e-161 8.3766e-246 2.16382e-208 1.19282e-171 0.869435 4.19004e-307 1.65018e-321 5.93133e-290 4.40393e-159 1.02351e-265 3.53682e-183 5.13077e-288 3.21686e-129 7.98564e-34 2.56872e-78 8.07937e-90 5.96693e-125
1.17962e-264 2.91499e-322 5.00415e-251 1.37146e-187 1.31588e-134 2.10971e-298 1.87272e-168 5.71029e-107 0.417342 3.37045e-236 1.2154e-321 1.05276e-28 9.14701e-197 4.07645e-18 1.1212e-22 1.72405e-152 4.59481e-321
1.83004e-203 3.68705e-16 4.38321e-130 8.81068e-74 1.34546e-144 3.53831e-146 1.68476e-321 8.78423e-22 9.86226e-172 1.87999e-168 1.07212e-321 0.564418 5.29759e-232 4.83157e-93 9.33209e-129 1.80648e-281 3.88055e-241
7.0395e-97 7.25339e-198 7.22558e-35 4.06808e-81 6.27456e-25 2.10354e-11 1.71441e-321 3.34931e-202 5.22981e-71 1.9318e-321 1.28457e-321 0.984884 3.56861e-163 1.72811e-260 9.86648e-253 3.53094e-282 3.32758e-283
0.00261479 4.39609e-13 0.129163 2.04513e-179 9.45916e-11 3.5651e-42 2.04543e-321 3.20053e-113 5.79492e-26 3.35525e-251 1.23022e-321 6.94257e-208 5.81515e-221 1.2304e-90 2.29767e-119 1.25374e-192 0.2985
