1.08982e-73 1.40047e-84 3.90982e-13 2.19264e-107 0.652627 1.32284e-61 5.22074e-63 3.30678e-42 2.31057e-41 1.7382e-86 2.87131e-17 4.84815e-149 2.27602e-08 6.20628e-12 0.579422 1.19531e-73 0.0765803
5.58983e-111 1.51887e-93 2.75513e-48 3.08791e-82 2.27288e-46 6.46724e-81 0.175654 1.05349e-35 4.24835e-64 4.69819e-133 5.0593e-28 1.06104e-133 1.8799e-37 6.73229e-112 1.16114e-47 1.10511e-60 3.5709e-75
1.74048e-67 0.436158 1.97302e-71 0.0482458 0.111686 0.152266 5.57616e-68 3.3694e-14 3.01769e-75 0.677226 6.05668e-21 3.49215e-119 3.30536e-26 0.0016644 1.58011e-22 1.3215e-61 3.68317e-59
9.16042e-54 9.82684e-23 3.33493e-23 1.47148e-64 2.25863e-73 1.17272e-131 1.79795e-50 7.33235e-69 1.79096e-32 2.65822e-98 8.88954e-46 1.48149e-124 0.0847582 1.31285e-108 1.71555e-59 1.26806e-84 6.32404e-107
0.132361 5.61965e-50 9.17398e-75 5.10053e-89 2.28427e-55 6.19795e-65 7.18162e-72 0.428953 1.05353e-40 1.90453e-31 3.53324e-43 1.16392e-116 3.68479e-52 1.48953e-139 2.61361e-15 3.99313e-100 4.88533e-26
1.31446e-81 9.61556e-49 1.41015e-32 5.83702e-120 3.36557e-32 1.38101e-130 1.11721e-22 1.17139e-75 1.3973e-43 2.03762e-87 0.250731 4.51704e-133 9.75401e-51 4.12869e-130 1.04758e-63 6.99511e-92 4.96018e-81
3.199e-80 0.970439 3.9605e-71 2.27789e-128 1.21687e-64 6.3569e-94 0.552266 2.54852e-34 1.22965e-44 1.23704e-49 3.48578e-09 6.44839e-80 0.00791306 1.78943e-119 4.76626e-33 1.87509e-90 1.34273e-63
2.08319e-106 3.89718e-81 1.14625e-49 6.43512e-114 7.61401e-16 3.76015e-81 0.351777 3.29716e-42 1.47323e-39 1.81864e-102 2.72175e-08 8.61756e-115 9.94499e-60 2.59964e-133 9.63105e-80 4.01794e-67 3.32555e-85
5.83529e-90 3.03795e-50 5.95787e-21 1.20932e-48 1.23496e-49 1.07473e-76 7.82587e-54 1.95097e-07 0.158361 1.48082e-92 3.07648e-33 0.0833476 1.75508e-54 6.3111e-112 1.46383e-37 0.140307 7.18079e-81
6.5817e-40 9.04231e-65 0.0488398 4.67218e-114 0.0193729 0.0428848 5.52596e-17 0.000331791 3.44938e-81 6.97356e-21 1.94615e-23 5.31416e-67 2.23965e-58 0.0379578 3.23896e-56 2.08714e-92 4.04349e-79
