3.51036e-163 3.02816e-162 5.72847e-140 6.03171e-167 2.81348e-135 3.38228e-31 1.07095e-33 0.191243 1.69158e-131 1.25315e-188 5.99623e-208 5.79763e-95 4.73438e-09 2.56422e-54 3.86121e-103 1.44047e-37 2.87575e-23 1.02581e-164 4.53523e-41 2.20555e-163 1.53998e-53
6.02837e-137 3.00638e-29 5.64181e-141 4.97586e-190 8.98117e-104 3.1165e-122 6.75699e-90 7.62597e-82 5.96199e-39 4.80643e-127 4.27232e-179 8.30167e-152 0.0123553 1.40354e-137 9.22078e-59 8.33217e-60 0.377255 1.06732e-196 6.94328e-22 6.09194e-68 6.05265e-76
5.7096e-78 2.3645e-161 1.51511e-74 3.07351e-107 1.72154e-115 7.0199e-109 1.58269e-31 4.63661e-144 1.65709e-58 1.07375e-234 2.24627e-201 1.50347e-218 1.21541e-69 6.43678e-28 6.88326e-54 1.13967 7.16533e-84 9.95147e-193 3.60923e-140 3.69031e-87 2.07879e-115
1.00675e-107 1.41907e-100 5.08748e-28 6.20696e-181 2.31073e-122 2.35598e-26 5.86714e-66 0.065878 5.44258e-23 2.26222e-127 0.451792 3.98921e-104 1.27653e-46 5.61874e-51 6.61874e-29 5.97007e-39 7.79237e-07 9.84787e-145 0.0552284 2.09926e-92 1.58557e-110
3.57953e-151 7.80054e-197 2.06291e-108 1.66624e-104 9.61989e-172 3.63884e-43 9.27013e-44 5.29172e-142 2.30188e-59 2.03483e-187 1.36204e-118 8.88478e-153 3.21702e-60 7.46673e-102 8.3808e-107 0.211863 1.38833e-122 8.23683e-176 1.28395e-131 1.19699e-160 2.89893e-96
3.78641e-131 6.22405e-30 2.10087e-11 2.59157e-57 0.170398 3.58897e-127 1.37263e-79 7.02903e-55 2.3154e-15 1.28343e-10 2.70932e-201 0.128511 0.140172 2.22468e-135 1.56016e-43 1.2238e-14 8.86185e-19 2.91595e-126 4.26226e-175 9.54825e-98 9.24713e-31
2.23495e-183 4.27018e-93 1.60259e-124 2.67936e-94 5.49554e-86 7.40432e-63 8.10371e-83 1.03479e-134 9.41807e-52 4.97977e-247 6.97013e-207 2.82535e-124 1.52434e-99 1.51646e-34 2.51802e-98 1.50133 7.1415e-83 7.28414e-141 1.018e-109 1.97223e-160 1.97764e-54
4.41461e-59 0.0289842 1.86811e-16 1.2919e-85 1.0753e-149 3.09427e-21 1.25163e-117 3.27472e-119 0.145459 2.24952e-101 1.40522e-129 2.62298e-151 4.92225e-61 9.38958e-100 8.57415e-43 3.12948e-43 1.93755e-47 1.02297e-115 0.0593922 2.77064e-34 3.05519e-108
4.04645e-85 1.92271e-200 2.0138e-102 3.05137e-92 1.28846e-98 3.93184e-115 1.95244e-45 7.89994e-104 7.20851e-129 6.44481e-250 1.43138e-145 5.03583e-147 1.1942e-65 3.404e-96 1.68543e-13 0.0292461 5.42217e-14 6.80391e-206 1.2348e-160 4.54359e-71 5.01471e-123
4.63675e-75 7.44912e-135 3.29539e-44 1.12342e-90 4.92812e-71 3.44678e-51 3.42663e-22 7.27127e-126 1.48893e-115 2.39149e-111 2.43583e-108 1.46655e-90 3.48421e-13 2.05942e-90 1.66629e-08 6.34427e-77 4.86624e-29 1.73143e-226 2.9665e-70 0.352454 4.96561e-59
0.187288 0.165861 0.217005 1.04374e-08 2.11653e-43 3.20162e-91 2.0754e-58 4.47042e-43 1.64197e-84 3.49652e-168 3.73493e-85 1.77391e-248 9.68193e-68 0.14312 0.434818 2.02791e-21 4.01496e-107 5.42601e-210 0.00117698 1.28015e-110 1.61061e-78
6.80063e-161 9.63515e-144 2.00084e-171 1.08988e-82 5.51334e-99 1.91929e-76 7.19669e-104 1.22309e-37 5.68844e-108 3.22326e-111 6.75368e-138 1.72887e-156 5.8583e-100 1.23078e-16 9.33742e-60 0.123168 1.7671e-124 1.99211e-272 1.59401e-69 7.74494e-59 4.23595e-26
1.21802e-92 2.39142e-150 1.92728e-21 2.56833e-189 3.36343e-80 7.18051e-125 1.62189e-71 1.05908e-61 4.23532e-146 3.49566e-217 1.26201e-71 2.85182e-151 1.9712e-39 1.38226e-20 7.66581e-103 0.0449846 7.49187e-102 6.06066e-237 7.44719e-185 1.36969e-135 6.69365e-107
3.3488e-110 2.81575e-188 2.23998e-139 4.4139e-182 2.17575e-71 0.845113 1.76553e-08 2.73913e-06 0.00896945 8.40733e-71 1.72486 1.96134e-74 7.66791e-72 1.11747e-14 5.9541e-48 5.48187e-68 7.14341e-21 9.99972e-265 7.43941e-70 1.64101e-26 6.12927e-49
2.02925e-72 4.45984e-109 3.35004e-07 0.646141 0.0616932 3.58183e-104 5.67951e-37 4.03568e-47 2.73652e-76 0.315054 38.5414 4.91056e-104 2.53322e-71 5.25429e-74 5.69373e-118 4.02583e-82 0.0253293 0.236184 1.57115e-76 0.0761363 0.171398
6.26263e-115 9.46223e-113 2.95678e-29 1.36177e-161 3.97815e-145 1.98136e-68 0.152729 1.51123e-16 3.07903e-50 2.75146e-173 5.43905e-106 2.34606e-243 5.26916e-83 2.70528e-50 1.59664e-59 0.0316385 6.11091e-68 3.39811e-111 4.78834e-157 5.9786e-101 6.88141e-44
