6.92436 0.160471
1.51138e-161 0.243427 3.24929e-159 1.05443 1.32205e-147 1.64002e-73 0.544865 8.94106e-50 2.06758 1.01532e-25 9.4277e-98 4.03837e-124 5.6395 2.48221e-182 7.79653e-36 3.1788e-170 3.6053e-182 0.254598 0.14395 0.322858 6.84252e-79
2.88827e-53 8.3615e-84 8.82496e-284 7.80402e-107 6.22161e-205 1.38411e-288 1.20064e-65 5.28321e-106 2.61729e-18 8.57032e-21 5.25121e-134 2.56331e-41 2.9011 1.61946e-291 5.6385e-64 8.7679e-129 1.59089e-321 1.0551e-127 1.5307e-92 9.47552e-108 8.53644e-112
8.27893e-97 1.58153e-162 9.73309e-322 3.32006e-165 5.12598e-271 1.88287e-173 2.84887e-104 6.30995e-154 0.528258 2.44556e-44 1.04886e-60 1.90346e-55 7.91681e-84 5.43091e-230 1.53408e-29 4.11173e-102 1.07706e-321 8.28701e-147 1.50755e-98 4.51322e-108 2.39202e-100
1.7875e-67 9.19458e-85 5.53325e-283 1.82901e-157 1.78529e-259 1.0631e-254 1.19242e-81 9.0806e-174 0.0315442 7.60208e-172 5.91713e-153 4.2926e-68 0.00154112 1.68875e-244 2.46259e-103 6.0525e-135 9.7825e-322 6.67771e-198 9.80986e-168 6.67312e-111 2.90708e-108
1.90005e-96 3.51635e-131 8.49793e-322 7.86848e-151 1.53336e-232 2.70997e-279 7.59984e-160 1.86001e-126 0.0203862 9.92278e-114 2.62412e-85 4.19255e-54 0.339245 3.27377e-252 4.36344e-76 3.31046e-111 9.23903e-322 1.63832e-210 6.305e-113 5.69234e-154 9.56173e-100
1.37607e-21 1.73207e-79 1.2154e-321 6.17922e-161 3.048e-190 2.11586e-214 2.57195e-72 9.88584e-148 0.00381866 6.61467e-143 4.68707e-68 7.92399e-51 1.7677 5.7754e-279 1.9422e-31 1.28378e-150 1.66888e-290 2.48825e-97 1.654e-139 4.22313e-117 5.42226e-37
1.32647e-55 3.11267e-144 1.13147e-249 3.18942e-140 2.01396e-239 2.06831e-246 3.05363e-85 2.25387e-135 4.62563e-12 4.34027e-130 1.85208e-43 2.5694e-53 1.03426e-66 5.15162e-208 0.155484 6.12071e-168 1.665e-321 5.47366e-117 3.16627e-143 8.57201e-60 0.156248
1.11824e-138 1.39909e-116 8.41259e-281 4.59945e-117 6.78167e-259 1.30485e-290 2.83255e-103 6.17332e-128 1.27056e-65 5.59502e-128 4.10265e-111 2.33316e-77 0.918439 4.21735e-251 1.826e-64 3.11966e-132 8.10268e-322 3.58205e-223 1.41923e-163 4.98552e-130 1.64443e-92
8.00565e-107 4.96392e-51 1.81087e-249 6.27756e-68 9.30499e-234 2.80484e-293 8.959e-106 3.68171e-116 2.06259e-21 1.46848e-111 5.72414e-87 0.129397 0.00236605 4.00031e-158 1.21724e-122 3.23361e-117 1.42785e-321 3.7392e-108 8.59636e-125 2.00697e-131 2.06858e-86
0.0415512 3.14392e-149 4.12312e-178 7.87328e-79 1.46931e-166 4.20738e-208 1.5294e-93 1.15797e-149 1.95101 0.056999 0.161602 7.32111e-156 1.53978e-92 2.32499e-176 0.00022191 1.38889e-84 1.52499e-265 3.85715e-145 3.1162e-09 1.94957e-39 0.557213
5.30472e-135 1.76158e-94 8.6377e-319 2.50728e-119 1.70924e-209 8.49855e-193 1.23015e-158 4.86808e-143 9.81876e-10 5.98085e-115 2.28346e-171 1.65131e-83 0.522701 2.21137e-225 1.02279e-92 3.03513e-109 8.44852e-322 1.60841e-165 6.79878e-156 2.35636e-78 1.11478e-47
3.01145e-118 4.20906e-140 3.92878e-249 1.53166e-64 8.20532e-160 3.02939e-204 2.47621e-156 5.96245e-83 0.701939 9.53026e-53 1.09554e-117 1.46552e-36 8.01281e-27 3.33364e-208 1.6376e-08 4.32786e-166 1.38832e-321 8.67884e-110 2.5675e-89 1.01966e-95 3.25489e-55
3.2022e-99 1.00918e-144 3.17949e-229 1.64923e-149 2.66276e-221 6.52179e-96 1.8485e-141 2.37245e-94 1.39171e-32 2.90422e-87 2.06136e-99 1.77937e-101 0.0247106 2.35916e-284 4.57979e-63 1.78946e-114 2.85265e-237 6.42993e-122 1.90422e-99 6.63741e-78 0.240412
1.31019e-130 9.15329e-166 8.30158e-300 3.24874e-116 1.9273e-285 1.37322e-288 1.53827e-146 8.31328e-113 0.0986195 4.03819e-93 2.39973e-92 3.84386e-57 2.88405e-31 1.18219e-234 4.56568e-73 1.73271e-99 7.49884e-281 9.34993e-168 1.12499e-133 2.07601e-76 1.24892e-70
3.52101e-106 1.15497e-67 0.599601 2.35285e-95 0.433106 0.214143 2.49486e-138 1.42197 2.47592 3.29595e-76 8.74389e-137 0.117128 0.000237182 0.581401 1.2253e-63 2.14652 0.70347 9.42187e-98 5.53409e-101 2.58308e-101 4.84656e-94
4.542e-49 5.47103e-90 3.3524e-277 5.80727e-123 2.71551e-269 8.96874e-223 1.81303e-154 1.30311e-102 0.166573 1.73952e-103 1.46981e-72 1.18372e-88 6.58652e-43 6.29551e-288 1.73339e-91 2.96516e-172 7.6242e-280 7.5554e-191 6.58342e-114 6.07645e-95 7.0403e-56
