9.83889e-210 2.57902e-321 0.156209 4.23908e-321 1.72923e-321 1.5069e-321 9.50228e-146 5.41308e-180 2.3745e-79 3.96662e-253 2.37646e-321 6.39709e-210 3.44858e-321 3.63632e-321 5.81021e-321 4.08915e-170 1.61065e-321 1.26975e-321 1.67837e-275 3.78948e-321 4.10971e-216
4.12244e-173 9.18962e-321 1.12755e-276 3.54739e-321 1.40104e-143 1.2401e-321 2.37655e-127 2.33955e-258 0.0677214 1.14129e-321 1.16105e-321 9.10924e-319 5.46486e-320 2.78653e-321 5.21733e-321 1.05464e-232 9.88131e-322 1.04248e-321 6.75365e-124 1.67488e-321 7.63252e-204
6.70285e-80 2.59384e-321 1.76458e-29 4.88137e-321 2.43541e-124 3.46882e-306 1.40302e-219 3.21203e-170 7.64432e-174 2.3006e-244 1.9318e-321 6.59549e-303 4.84847e-257 3.45352e-321 8.29042e-321 4.38236e-321 9.07242e-172 1.37844e-321 3.35849e-147 3.83889e-321 1.71654
5.32679e-108 2.1146e-321 1.05829e-320 1.59412e-147 3.05054e-77 2.18377e-321 0.161767 2.3812e-103 1.10118e-17 1.14861e-298 1.96638e-321 1.16615e-293 4.42683e-321 3.55727e-321 6.30428e-321 5.85468e-321 3.2313e-24 1.12153e-321 4.32543e-173 2.05474e-252 0.397435
3.58289e-55 5.02237e-214 5.01526e-271 8.33757e-198 1.88222e-74 1.97132e-321 4.6024e-63 5.67469e-98 0.343833 1.39821e-321 6.03977e-252 1.21165e-174 3.61656e-321 4.95054e-321 6.11653e-321 8.43985e-155 2.04604e-198 9.43665e-322 7.91535e-157 2.64325e-321 6.04394e-129
1.49292e-200 3.39423e-321 5.32877e-182 6.66989e-321 1.71445e-165 6.85645e-255 2.21939e-07 5.75064e-255 4.86023e-108 0.490949 2.24853e-284 5.95256e-102 1.12991e-269 1.3889e-259 0.414513 3.60912e-37 2.95933e-37 1.32904e-321 4.33519e-88 6.15606e-321 4.07959e-115
1.62657e-213 7.6994e-286 5.16218e-115 1.7238 2.58452e-210 1.21042e-240 1.13543e-231 3.62698e-255 2.42365e-64 1.59216e-289 4.46419e-174 5.83986e-321 5.32603e-321 6.87739e-321 2.03574 4.69376e-09 3.96489e-108 2.53456e-321 1.56067e-21 4.86161e-321 2.82432e-252
1.10615e-122 5.78887e-215 0.111132 9.13157e-225 7.72348e-117 1.99108e-321 1.2716e-58 0.453019 2.98437e-55 1.86263e-321 6.21279e-208 4.07215e-294 3.84383e-321 4.64916e-321 2.95665e-265 2.87623e-130 3.11505e-155 9.73309e-322 1.75706e-107 5.30388e-304 1.87533e-116
2.54663e-95 1.55146e-152 2.89522e-321 3.13053e-122 2.58396e-321 1.86757e-321 1.73785e-134 0.180328 2.05679e-11 1.90811e-174 0.636037 2.73726e-110 5.27168e-321 7.97556e-282 7.5345e-321 6.75882e-321 6.71221e-161 2.81123e-321 2.6535e-98 4.1798e-321 1.34819e-21
1.62713 4.56664e-20 7.06794e-272 8.16691e-321 1.95886e-177 0.847912 5.77912e-86 7.57381e-16 0.559662 2.7402e-161 3.56221e-321 1.45994 4.1875e-171 1.62328 6.60169e-54 1.72813 0.533953 0.721075 7.28461e-183 1.53933 1.31918
1.52211e-25 0.906747 1.79741e-295 1.20006e-246 0.596799 1.29614e-138 1.68801e-249 9.91841e-232 7.89339e-87 7.57782e-257 1.13214e-110 3.07391e-179 1.27178 2.04346e-320 1.05582e-320 1.28981e-307 3.48778e-92 1.92441e-127 6.48454e-101 6.44466e-206 0.0122929
3.81114e-116 1.38155e-188 0.213915 6.92577e-300 1.65018e-321 2.73105e-319 4.01822e-79 1.70702e-216 1.20936e-68 2.38499e-159 1.61559e-321 2.04282e-177 3.69561e-321 3.34482e-321 4.84006e-259 2.11604e-183 2.68688e-273 2.14919e-321 2.79178e-185 5.17517e-205 9.37584e-100
2.0662e-225 1.80828e-321 1.97132e-321 3.69561e-321 1.38338e-321 1.74899e-321 3.38479e-49 7.01371e-48 0.190783 1.20058e-321 2.00591e-321 5.23495e-254 1.08053e-157 3.55727e-321 6.92186e-321 7.77886e-153 8.59088e-268 1.13635e-321 7.33485e-111 3.96735e-321 1.27514e-100
2.66554e-182 5.82827e-132 7.52467e-42 6.44262e-321 1.88239e-321 4.24988e-313 3.25917e-129 1.07975e-66 2.4306e-150 5.52706e-264 3.22544e-170 5.67046e-177 4.09086e-321 3.98217e-321 2.68884e-240 5.18769e-321 1.28186e-17 1.57113e-321 0.212722 1.58432e-196 2.66657e-247
2.4062e-34 2.18339e-191 4.16434e-313 4.43671e-321 1.00179e-121 2.16895e-321 0.768229 7.26667e-89 7.27586e-23 1.15232e-175 6.59734e-202 1.95135e-257 3.77466e-321 3.39917e-321 7.89023e-321 4.85105e-225 4.53669e-205 1.59089e-321 2.38911e-31 3.62274e-189 1.8876e-19
3.36604e-135 1.36856e-321 8.21935e-187 3.10273e-321 1.72793e-282 8.64615e-322 5.48996e-197 4.64753e-126 8.82621e-110 6.42285e-322 8.05327e-322 4.32219e-296 2.0899e-321 1.43279e-321 3.92288e-321 6.79833e-219 3.53932e-252 4.84184e-322 9.34853e-240 1.7737e-321 1.19482e-247
