1.75393e-321 1.87745e-321 3.58103e-106 1.46369e-26 4.28733e-10 8.26831e-78 2.03574e-34 1.19249e-95 3.99896e-92 1.09027e-67 6.28452e-321 0.0342785 0.0735921 6.23528e-198 2.25464e-262 2.36403e-125 1.25493e-321 9.29591e-292 4.56052e-121 1.41202e-305 1.97351e-233 3.2449e-287
1.41349e-260 2.54649e-256 3.27533e-124 1.30485e-147 4.74407e-166 1.17695e-76 8.97299e-203 1.05813e-68 4.3379e-321 7.64233e-27 1.3028e-262 0.313568 1.68159e-05 2.44562e-321 1.38076e-35 2.43691e-96 4.95302e-237 1.26137e-290 9.58487e-322 4.13507e-130 9.31287e-272 4.76234e-157
9.90442e-265 8.44158e-113 7.25611e-238 9.38245e-44 1.42946e-68 6.02299e-160 1.70146e-55 1.06628e-247 2.83617e-190 6.36278e-318 1.04289e-191 0.0898926 6.15567e-147 5.86405e-176 3.39288e-199 1.93315e-95 1.69959e-321 2.99325e-172 9.7825e-322 4.73315e-321 0.30932 5.62247e-321
2.68464e-218 2.42752e-279 1.64314e-57 3.62442e-21 2.28642e-280 1.02064e-156 1.49971e-277 8.96419e-120 3.63577e-259 6.1498e-181 2.71092e-277 8.70313e-195 7.11074e-197 3.6215e-321 8.36504e-150 3.29542e-321 1.49702e-321 1.77305e-149 2.03317e-132 6.81811e-321 8.95646e-155 1.26094e-300
4.4628e-301 7.74761e-57 6.46375e-273 1.41639e-125 2.81617e-322 1.24058e-62 2.87965e-185 3.50787e-321 3.31731e-192 1.92686e-321 3.62649e-280 4.3019e-126 1.66652e-47 0.943289 1.54886e-112 3.37447e-321 2.10472e-321 9.84401e-139 0.370096 1.28147 2.92906e-235 0.905129
1.02231e-166 6.12135e-242 4.88573e-45 5.03912e-132 2.50736e-168 5.91801e-254 5.4388e-93 4.24066e-279 0.642223 2.46611e-215 2.9345e-106 3.99854e-169 8.01628e-53 1.7737e-321 2.03613e-132 1.98317e-194 5.64981e-247 9.07724e-147 4.46552e-181 5.02416e-249 0.169893 4.70147e-312
2.96439e-321 2.17883e-321 5.23472e-251 1.27838e-134 4.0899e-72 2.43695e-140 1.05152e-48 1.33667e-54 4.6788e-321 2.07822e-226 9.33784e-321 6.35765e-64 2.06675e-05 3.668e-45 0.174215 0.144677 2.01579e-321 3.20595e-28 6.58577e-244 1.91719e-223 5.0596e-213 4.77245e-180
1.95156e-321 2.50394e-49 1.44418e-123 4.53522e-05 2.50706e-263 5.73239e-223 1.06337e-298 7.59728e-124 3.38574e-143 1.83693e-227 6.28452e-321 1.77475e-205 0.174403 5.80131e-227 4.92095e-128 3.6491e-306 1.51678e-321 2.72134e-70 1.30528e-135 9.45093e-217 1.11112e-39 5.40444e-134
0.00678401 0.00713331 0.00545821 0.00213257 0.00060381 4.92941e-06 4.59988e-06 0.0127782 0.00228618 0.00448906 2.20794e-05 1.23359e-257 1.32859e-223 3.45846e-323 1.70144e-299 2.96439e-323 1.4822e-323 3.41436e-294 1.4822e-323 6.91692e-323 3.09907e-297 3.95253e-323
7.61754e-32 6.12083e-114 6.53756e-122 3.15253e-76 4.93639e-108 6.17582e-322 1.71441e-321 5.08394e-321 2.26882e-06 1.95798e-24 5.05136e-314 7.80268e-95 2.58459e-53 5.60086e-238 5.43915e-154 1.78823e-41 2.85076e-321 1.44722e-203 8.55804e-231 0.655348 1.57731e-37 8.30866e-211
2.31763e-253 3.09043e-68 7.59487e-246 1.28077e-271 2.36948e-297 2.8366e-269 1.15187e-18 1.99047e-79 1.22185e-201 1.01293e-63 5.97157e-303 0.235427 1.07093e-49 1.20353e-241 0.288014 7.70128e-138 3.00441e-297 1.28201e-246 5.10065e-138 9.80667e-122 2.42069e-71 9.89e-166
3.16749e-193 4.91714e-233 8.56538e-24 3.11328e-42 9.39811e-93 2.94362e-184 5.14429e-29 3.55233e-321 2.26543e-301 2.66948e-47 1.38846e-55 3.3912e-174 1.46907e-99 3.22207e-188 4.80021e-243 1.96638e-321 1.1907e-321 2.02313e-82 3.09461e-280 1.08953e-113 0.181496 8.81578e-268
8.53325e-08 3.3549e-44 2.85433e-25 1.273e-17 1.47879e-35 0.0322303 0.0661645 1.15247e-55 8.03343e-06 1.0481e-64 3.51094e-43 6.553e-250 2.0171e-197 6.42285e-322 5.53324e-295 7.06514e-322 3.31024e-322 7.3259e-234 2.91499e-322 1.26975e-321 4.25888e-236 3.07516e-306
6.07209e-101 6.69155e-102 7.19051e-22 2.73136e-61 3.39928e-119 1.60051e-213 3.6437e-142 2.5768e-107 1.56108e-119 4.55218e-29 2.69816e-26 0.895048 8.23305e-156 1.49702e-321 1.88926e-189 1.28457e-321 9.28843e-322 2.94118e-147 4.20274e-173 1.04654e-256 1.24434e-125 2.62579e-275
4.44378e-109 2.09978e-321 2.68967e-32 2.55632e-215 2.07009e-240 6.22523e-322 2.61438e-32 2.84321e-194 8.22758e-317 1.47232e-321 9.65898e-321 7.10096e-40 3.11392e-22 2.14251e-274 5.67301e-150 0.538937 0.486092 0.26985 1.12864e-164 8.38778e-247 6.41407e-257 6.49235e-97
2.18492e-31 6.78014e-34 7.11168e-72 4.89214e-28 1.06003e-42 1.18938e-91 1.39103e-63 5.64485e-55 2.97249e-96 1.58838e-29 0.402705 1.55634e-197 1.04804e-189 6.91692e-322 2.16274e-208 5.33591e-322 3.45846e-322 1.31241e-222 1.83577e-279 7.88084e-320 3.02125e-283 5.62647e-318
