2.43732e-05 0.0420075 6.21881e-07 0.000144271 0.000568239 6.80702e-06 0.000894492 0.0412918 1.97626e-323 9.88131e-324 1.4822e-323 3.95253e-323 1.37753e-193 3.45846e-323 2.47033e-323 9.88131e-324 3.45846e-323
0.000137429 0.00279279 0.000609305 0.000160996 0.000105181 5.74432e-06 0.000113629 0.011527 0 0 0 0 1.21686e-195 0 0 0 0
3.07803e-321 4.97722e-320 5.60765e-321 9.62679e-225 6.16499e-168 3.80062e-308 9.35556e-202 1.67693e-163 6.2601e-138 2.83641e-209 2.69417e-174 0.426075 2.64348e-175 1.10832e-284 8.02357e-284 2.15907e-321 5.85468e-321
2.9891e-321 3.99589e-304 7.9841e-321 1.83307e-117 1.85275e-321 3.95253e-323 2.5395e-321 2.33421e-319 5.22227e-321 1.88515e-94 2.80135e-321 2.19638e-96 6.22392e-69 2.12275e-170 3.22377e-274 1.24265e-160 0.177324
0.323933 6.35524e-233 6.9268e-321 3.09488e-136 1.49351e-110 6.42285e-323 6.45729e-198 4.01946e-37 2.58745e-125 2.04388e-108 0.851385 1.05068e-209 6.00982e-51 4.25288e-125 0.385144 2.20847e-321 6.3438e-321
3.04839e-321 5.97029e-320 1.71988e-216 1.17094e-321 4.47516e-122 5.92879e-323 0.0092043 7.02854e-111 1.12955e-104 1.82804e-321 2.36752e-311 3.52501e-153 5.34556e-171 0.836841 7.9306e-219 0.31057 0.302896
0.00105248 0.00191196 1.86168e-05 3.1135e-05 4.26588e-05 3.60718e-07 6.30246e-05 0.0546385 1.97626e-323 9.88131e-324 9.88131e-324 2.96439e-323 9.46328e-194 3.45846e-323 2.47033e-323 9.88131e-324 3.45846e-323
2.40733e-245 4.52811e-320 2.00592e-317 1.22034e-321 1.20366e-77 2.5713e-159 1.4637e-94 1.51225e-172 2.2903e-282 4.88561e-141 1.74405e-321 1.19128e-186 3.60633e-129 3.07924e-93 3.10552e-190 2.20353e-321 0.295779
9.02794e-89 4.91537e-189 5.05609e-151 1.16105e-321 5.75096e-94 4.94066e-323 1.2294e-47 7.61676e-132 7.90822e-149 6.14906e-18 4.7823e-89 6.44993e-141 7.34637e-148 5.60728e-68 4.05134e-321 0.298231 5.03947e-321
3.73514e-321 1.05548e-172 6.99103e-321 1.88733e-321 1.55686e-58 1.8568e-163 1.65347e-263 2.19833e-303 8.24736e-196 1.12778e-177 1.8497e-110 0.302116 1.36922e-42 1.78272e-163 5.05429e-321 2.49009e-321 1.02327e-244
2.05891e-110 4.78799e-320 3.70549e-321 1.09189e-321 4.24071e-92 2.69124e-25 4.42345e-224 1.86895e-319 9.72258e-292 0.36697 2.47033e-321 0.437468 0.5126 2.45461e-62 2.16585e-117 1.03644e-94 7.59873e-321
4.38942e-26 4.90607e-320 1.14449e-85 1.96638e-321 3.5822e-51 3.8194e-141 1.39785e-281 1.88852e-319 4.25391e-321 1.05329e-102 4.58001e-277 2.65201e-165 1.39668e-149 4.57671e-61 1.18778 1.13772e-230 0.649759
3.24601e-321 8.55428e-263 4.26379e-321 7.22782e-251 7.63804e-230 5.43472e-323 3.07057e-153 1.49751e-319 2.44791e-215 1.47125e-303 1.44294e-240 2.71748e-302 5.05491e-18 1.73205e-262 7.28271e-251 1.06646e-218 0.0127461
4.2045e-321 5.02465e-320 5.93373e-321 1.54894e-143 1.04764e-150 4.94066e-323 0.0264444 1.8064e-319 1.16238 3.83915e-302 2.71736e-321 5.37467e-128 0.00178721 0.530131 2.22659e-77 2.55432e-321 7.30229e-321
8.43118e-223 1.23901e-237 6.28303e-129 2.74336e-52 4.90669e-202 3.95253e-323 1.40385e-226 1.56598e-149 3.12744e-321 5.0612e-48 1.99001e-95 3.82806e-35 0.0348486 1.28362e-262 4.99267e-178 1.00567e-18 0.337072
