2.1491e-61 3.48435e-37 3.54676e-48 5.54518e-140 8.81024e-126 1.93e-214 6.6227e-110 4.6127e-121 0.117946 6.27991e-133 1.60227e-140 1.41494e-53 0.145662 3.06661e-142 5.12079e-241 8.05001e-200 6.92887e-279
4.30481e-07 0.00151781 4.24893e-09 4.48061e-07 4.94647e-09 0.012086 0.0174728 0.004631 1.65631e-151 5.7708e-257 2.24277e-192 1.53338e-146 9.52143e-88 7.91197e-208 7.90505e-323 2.18693e-224 2.47033e-323
1.8661e-28 3.44964e-27 2.91418e-187 2.64001e-62 1.06064e-261 1.12647e-321 8.60424e-76 1.56988e-16 3.3447e-105 6.24843e-211 1.788e-105 0.00167547 0.00540003 4.78281e-103 0.377486 0.291343 0.110751
8.95366e-08 3.37005e-106 1.41497e-99 4.7743e-62 1.16519e-22 1.079e-153 1.94672e-117 2.97321e-139 1.62254e-48 0.190137 1.71783e-131 3.32727e-35 2.45391e-71 2.96932e-110 4.6963e-228 5.39203e-203 2.12822e-128
7.29115e-113 9.07079e-42 2.06536e-45 3.66213e-115 2.66985e-177 3.48144e-205 9.90782e-67 3.83915e-188 7.63741e-21 0.0224307 5.59316e-26 8.68012e-33 6.74258e-08 0.125868 1.49926e-259 3.07509e-203 2.22855e-265
6.81408e-07 2.43313e-47 1.05025e-109 8.44951e-92 4.79042e-157 1.73858e-170 1.77684e-22 1.02823e-79 4.64752e-35 9.20068e-249 9.74186e-186 1.20195e-145 0.344386 9.93712e-110 3.92562e-170 7.48365e-208 8.57471e-221
1.0848e-108 1.10716e-87 2.26979e-142 4.95876e-151 6.35109e-136 7.80391e-256 1.05719e-103 2.70802e-174 0.126441 0.0980681 1.74471e-96 0.0121211 1.01359e-90 7.39989e-125 5.93192e-313 1.308e-194 7.78121e-287
4.73912e-22 1.23216e-75 6.16649e-62 8.11894e-54 2.27374e-82 9.33982e-28 1.74e-43 7.30513e-29 1.31439e-120 1.19156e-215 1.48191e-104 2.20446e-125 0.0396068 1.39919e-187 6.7687e-322 3.1689e-183 5.14688e-206
5.19589e-72 3.00469e-26 0.0327144 3.01366e-52 0.157631 5.48099e-118 1.72982e-91 2.51842e-117 1.07883e-150 3.58069e-180 3.33035e-117 3.23555e-76 1.60296e-36 1.3605e-203 7.45474e-227 1.21868e-147 2.78406e-320
5.85105e-97 4.96346e-41 7.72334e-191 1.59465e-42 3.28564e-21 2.02126e-12 1.65461e-206 1.76576e-120 1.08329e-67 1.43788e-206 0.0754916 0.20792 8.22423e-06 1.75379e-113 1.5407e-277 5.28646e-109 7.10568e-317
0.0170638 0.00191777 0.0011708 0.000103045 0.000168767 1.49902e-05 0.00188871 0.00607461 6.6998e-157 4.9803e-266 1.4755e-196 8.5853e-149 9.393e-96 5.78194e-211 4.94066e-324 3.35027e-228 0
2.26822e-136 3.90821e-24 5.17926e-97 1.15895e-58 2.12611e-24 3.39135e-275 1.67257e-187 2.51147e-70 1.34296e-99 2.1442e-179 0.127562 8.63566e-13 7.65703e-62 1.64423e-25 9.48604e-203 1.91179e-155 4.10074e-322
1.50692e-08 0.00809416 7.21825e-08 4.67475e-09 6.27099e-06 4.34898e-06 0.0203701 2.08376e-06 5.82716e-150 1.34592e-254 3.01823e-191 1.20178e-147 3.89251e-89 1.72734e-201 1.08694e-322 1.75857e-224 3.45846e-323
1.08415e-139 2.48615e-159 4.22219e-75 1.39683e-51 2.45381e-214 2.15376e-98 8.24639e-06 2.15086e-58 2.80218e-87 0.701162 3.92364e-80 1.02296e-08 3.90341e-29 7.16768e-26 2.44094e-261 3.19456e-198 2.84382e-234
1.86561e-92 1.24683e-61 8.43743e-152 2.81323e-16 3.33166e-80 1.84506e-18 2.95162e-71 1.16013e-167 4.0943e-25 1.29042e-256 1.08737e-32 2.20868e-106 0.241315 2.03199e-52 5.27751e-208 1.09532e-150 2.30555e-209
