8.22678e-13 6.52294e-10 3.3933e-08 1.47396e-19 2.32667e-12 1.17746e-05 2.65226e-08 0.00700499 0.33639 1.47352e-17 1.47126e-08 3.85254e-13 4.60166e-07 6.08366e-11 6.82683e-17 9.36989e-08 3.42467e-18 4.81053e-10 5.25982e-12 2.10623e-08
1.58561e-12 7.49043e-09 8.69473e-11 1.9791e-20 7.85951e-23 7.07044e-05 4.01954e-13 3.85733e-07 0.287358 4.96385e-10 1.06698e-09 5.70109e-12 1.05769e-14 1.25627e-11 1.61608e-19 3.32784e-06 1.89226e-13 1.11963e-06 1.49258e-10 6.29785e-13
4.80302e-12 1.03686e-05 6.68734e-06 9.13173e-19 1.80842e-15 4.7493e-11 1.48095e-09 0.000954542 0.00632671 5.59442e-13 5.91477e-12 9.96981e-21 4.61263e-10 2.32484e-14 2.49365e-21 0.00127753 4.08945e-13 0.000424235 0.000544145 5.909e-13
6.7089e-12 2.25893e-07 1.12385e-11 1.35562e-15 2.21673e-16 8.72914e-07 1.02144e-07 1.22303e-06 0.342156 1.09131e-14 1.0369e-11 1.6592e-13 3.87974e-12 5.88304e-10 2.77166e-12 0.000280232 2.06439e-14 4.15801e-09 1.29327e-11 1.64231e-10
4.84554e-07 0.00755596 2.79695e-05 1.43247e-19 4.20533e-22 0.00108428 6.84932e-14 7.57186e-07 0.145983 0.000380474 3.54282e-05 5.80004e-22 6.44372e-08 6.87238e-06 7.01659e-11 5.46072e-13 2.35673e-18 0.00189879 0.000144577 1.7976e-06
6.06427e-08 1.48533e-05 1.11315e-09 1.71294e-18 1.31606e-21 0.000201546 1.32992e-10 3.65865e-06 0.544911 1.12298e-15 0.0112711 5.40858e-19 2.14325e-10 2.99244e-09 2.44525e-10 7.23017e-05 5.35819e-11 2.38935e-09 0.00612433 4.93452e-11
2.82346e-12 0.00010866 4.81077e-07 4.30432e-16 1.81926e-22 2.71614e-08 5.23216e-13 0.478988 0.0231811 2.99054e-17 1.60188e-10 2.87151e-13 1.05629e-14 6.8252e-13 7.56283e-18 0.00200527 9.42608e-17 6.62762e-10 2.49664e-05 1.27433e-09
0.000133118 1.53136e-12 8.21915e-11 1.25764e-20 2.34425e-16 0.0302521 8.27767e-11 1.76689e-09 0.0250238 7.18781e-12 0.000880289 4.48914e-15 2.49112e-06 7.69195e-12 2.07344e-10 0.07717 1.19001e-18 0.021777 4.0622e-05 9.83948e-13
2.06787e-08 3.41956e-13 0.058134 0.00207735 0.00173842 6.44509e-05 0.0179262 1.41114e-05 0.000489074 0.0054559 8.4462e-09 0.00324578 0.0172381 0.0360375 0.0250502 7.24727e-12 0.0215876 8.29829e-08 9.59353e-10 2.6415e-06
5.38751e-11 1.88698e-12 5.46688e-13 6.56447e-22 3.96573e-18 7.43054e-11 9.37439e-11 2.78751e-08 0.146424 5.24615e-14 3.83911e-09 5.57521e-19 9.21169e-13 1.15832e-11 2.41894e-15 2.72373e-09 3.34773e-18 7.06336e-07 1.82905e-08 1.19589e-12
1.49849e-13 5.00074e-14 5.79476e-08 1.99631e-17 5.5917e-15 2.08297e-08 7.17418e-13 1.15473e-06 0.229786 2.6663e-13 1.05388e-10 8.74696e-16 1.01274e-10 1.97998e-11 3.79141e-20 1.22453e-11 5.08789e-18 1.55358e-07 3.76454e-11 1.94759e-14
9.94475e-14 2.36368e-09 3.92348e-08 7.13525e-19 1.74593e-14 7.06765e-07 8.75644e-08 2.97105e-05 0.263726 1.2382e-08 3.27642e-11 5.79216e-20 3.03718e-15 1.05659e-10 3.58961e-13 1.50904e-10 3.14241e-14 1.33956e-06 5.61928e-08 6.92579e-14
0.000367811 1.28063e-08 0.00350774 1.53993e-11 2.10025e-22 3.61004e-08 7.61315e-05 0.37209 0.0790446 1.65728e-18 0.035495 2.01434e-18 1.65657e-05 1.28264e-07 1.00857e-11 9.26823e-11 1.71579e-14 1.53343e-06 1.10608e-06 0.00674787
1.20006e-10 5.98806e-09 5.24959e-13 2.78798e-18 3.63489e-23 3.17194e-10 4.43657e-12 2.79581e-08 0.0350389 1.75281e-16 2.66538e-08 3.13384e-21 2.02321e-14 1.38384e-10 8.7897e-16 4.3945e-11 1.62957e-18 1.34994e-09 6.31019e-09 2.15444e-11
1.95953e-08 0.00230351 1.53262e-07 7.99008e-20 2.32866e-12 0.000694445 0.000545179 0.000763976 0.586571 1.2887e-09 2.58112e-06 1.4822e-10 8.35631e-07 1.30787e-06 4.86315e-09 1.4643e-07 1.8088e-12 1.45169e-08 7.17787e-07 1.38143e-10
