0.0901978 1.40809e-321 3.93302e-224 3.4387e-321 1.17967e-248 2.38943e-273 1.76183e-117 5.93867e-321 4.0375e-320 1.07509e-320 8.15891e-19 8.40262e-243 1.36079e-309 9.49942e-245 1.04818e-96 3.6462e-321 3.50606e-69 3.60668e-321 6.94451e-286 2.26039e-205 1.51577e-67 1.07212e-321 8.96157e-237 1.43086e-264 1.19921e-284 2.73218e-321
6.00541e-119 1.17056e-249 6.43673e-235 3.87842e-321 1.09519e-169 1.14844e-162 5.4423e-162 7.02255e-319 4.26132e-320 1.74162e-255 4.40411e-316 4.40786e-240 1.44345e-210 0.0487833 1.92192e-321 4.78256e-321 2.25045e-209 3.6215e-321 6.72254e-270 4.14965e-50 8.18129e-219 1.14623e-321 6.85455e-274 5.03124e-138 1.75955e-296 2.15413e-321
0.0555565 1.03438e-292 3.81444e-127 3.42387e-321 8.66799e-124 0.873941 5.90812e-89 6.56415e-192 1.33826e-298 5.97856e-292 0.0568313 0.270385 1.27194e-252 9.84917e-213 3.60186e-178 1.56056e-228 1.22044 1.85098e-140 6.82919e-76 2.10811e-134 1.06643e-167 1.06224e-321 1.12647e-321 4.56643e-313 7.84292e-90 2.48021e-321
4.34337e-157 3.9681e-27 3.72311e-80 5.48574e-239 2.34522e-89 4.2849e-227 0.118033 3.57297e-297 4.7201e-199 5.188e-264 7.3039e-211 1.61242e-192 3.22131e-321 0.0309016 0.456876 5.4446e-321 0.056041 1.5948e-292 1.86628e-43 2.59282e-28 2.34516e-250 4.31782e-243 1.16105e-321 2.69266e-321 1.64916e-26 6.43997e-296
0.175069 4.92977e-31 1.21861e-96 5.09038e-317 1.43016e-191 1.59648e-48 2.10853e-151 3.83335e-226 4.3206e-320 7.12148e-245 4.7434e-146 4.33465e-216 2.55926e-321 4.22105e-73 6.27183e-293 3.52269e-321 2.41753e-26 7.5166e-57 0.277363 2.69074e-282 3.07234e-236 4.31059e-189 1.2401e-321 5.37602e-267 2.92512e-98 2.06025e-321
1.21886e-147 1.5316e-321 1.44298e-31 3.48316e-321 3.26523e-95 1.18613e-183 5.37272e-18 1.04891e-85 3.62051e-320 1.19564e-320 1.1904e-71 5.40821e-22 3.15708e-321 0.1538 1.81322e-321 3.92288e-321 9.03714e-297 4.35992e-267 5.30241e-73 1.68098e-124 1.6186e-118 1.21977e-167 2.66453e-94 1.74899e-321 9.70735e-201 2.18274e-214
1.30215e-124 4.62642e-297 1.95055e-162 2.49503e-321 9.52007e-157 7.46067e-258 1.74997e-143 2.25565e-203 3.3972e-320 2.719e-97 2.23318e-321 2.29823e-267 7.74907e-250 1.30537e-79 1.25893e-314 3.87347e-321 0.0999645 1.8781e-237 2.02749e-267 2.34187e-321 5.96967e-306 2.04704e-253 8.15208e-322 1.58595e-321 3.50882e-247 1.9318e-321
1.37447e-61 4.66675e-168 9.5426e-106 3.00886e-321 7.23516e-77 5.29603e-233 0.233324 1.01395e-313 5.77592e-192 5.5983e-259 6.42714e-195 1.83598e-269 3.00392e-321 6.36334e-41 3.82369e-310 4.30331e-321 5.85179e-44 1.08637e-160 3.04164e-71 3.28554e-321 2.88376e-160 1.25987e-321 1.49208e-321 2.10472e-321 5.60627e-30 7.25606e-198
3.22542e-109 3.41146e-111 1.07942e-195 2.61361e-321 1.83022e-206 5.57762e-195 3.62948e-44 4.3379e-153 4.84234e-320 6.00016e-298 6.51579e-191 0.0770152 2.00799e-162 1.01371e-227 6.89986e-54 4.78256e-321 4.36904e-175 3.3507e-264 3.04357e-47 1.56265e-270 3.70597e-174 1.0573e-321 1.35253e-129 1.88239e-321 2.15876e-101 5.74754e-311
4.94416e-91 1.00662e-133 6.82044e-26 6.02759e-269 3.51877e-248 2.78897e-290 2.44975e-137 1.85827e-222 5.70109e-278 5.56972e-43 0.284074 5.99172e-172 2.95295e-257 2.00931e-92 1.17916e-53 6.69542e-274 8.61799e-203 1.00084e-126 7.84911e-230 0.000310641 1.83162e-302 8.36257e-219 1.44045e-240 1.88239e-321 6.79876e-59 3.92868e-201
1.58423e-23 1.47536e-277 8.57663e-169 9.42659e-293 2.23298e-27 2.50178e-11 2.88025e-169 2.07788e-102 4.21636e-320 3.70385e-103 2.48515e-321 3.33635e-115 3.58692e-321 9.82052e-184 6.74912e-59 3.78454e-321 1.01766 1.02667e-191 3.9318e-35 5.32307e-168 4.35674e-117 9.7825e-322 1.35868e-321 1.51614e-193 1.08212e-290 3.55294e-297
1.32956e-200 1.69997e-173 3.56003e-247 4.69856e-321 0.181322 3.30224e-282 1.80466e-70 2.26434e-162 2.63736e-195 1.22429e-320 0.2592 8.66922e-51 2.1262e-315 4.91403e-20 1.09507e-74 4.2292e-321 4.11703e-291 0.431938 7.86298e-225 1.4461e-214 1.87636e-239 1.10177e-321 1.93274e-200 3.6619e-315 2.37305e-173 2.61361e-321
2.25464e-187 6.53168e-152 5.66438e-132 4.30143e-217 1.28913e-46 7.94548e-156 3.33827e-114 7.78758e-154 3.96339e-320 2.5531 3.48607e-245 8.96175e-190 3.65115e-321 1.0494e-237 2.08496e-321 4.44042e-304 1.13171e-104 4.30106e-317 1.35466e-146 8.34306e-86 0.353752 2.64363e-302 1.06982e-122 1.72429e-321 9.95336e-37 1.52022e-142
1.64308e-112 5.99334e-184 1.10684e-117 4.41201e-321 9.3433e-05 4.00311e-49 0.0396347 5.46437e-321 4.70795e-320 1.27011e-183 1.18054e-227 3.7127e-252 4.57011e-321 1.05374e-08 2.02073e-321 1.14691e-313 1.14331e-81 2.16356e-73 6.6812e-257 3.2434e-25 2.78159e-109 4.4175e-179 4.99237e-95 2.12942e-321 0.459753 2.91993e-321
1.7659e-42 0.546712 3.31766 1.81035 2.76419e-254 4.01111e-154 1.40613e-82 2.0988 17.7379 1.02642e-136 4.52257e-86 1.01916e-74 1.51491 4.65888e-40 4.714e-32 1.83057 1.98715e-271 0.598279 4.66592 1.03498 7.43068e-135 0.435191 0.524464 0.92143 4.85648e-292 0.981926
2.05033e-42 1.31916e-321 8.22266e-99 2.97922e-321 4.93032e-180 1.2555e-17 0.258108 5.16299e-321 4.59595e-210 1.05038e-320 9.23071e-115 2.65326e-197 3.16696e-321 1.40794e-117 1.46243e-321 3.41399e-321 4.01738e-191 1.30872e-73 5.4037e-89 5.09878e-181 1.38832e-321 1.5549e-313 3.19708e-208 1.7737e-321 8.21985e-61 1.81322e-321
5.66784e-118 1.02272e-321 4.46624e-88 3.66597e-321 9.88938e-124 3.93356e-126 7.3274e-142 6.48805e-182 1.01067e-247 1.81404e-294 1.1879e-162 1.00726e-260 5.75609e-225 5.78271e-116 1.33857e-151 1.62622e-244 0.441263 1.44557e-274 5.39492e-88 1.45504e-169 2.82335e-120 1.04248e-321 2.21195e-240 2.06799e-211 1.31988e-102 7.67047e-203
1.25289e-129 1.89533e-131 7.47502e-75 2.40116e-321 1.17355e-199 1.57389e-34 1.99994e-175 4.75785e-321 1.86752e-305 1.84902e-57 2.35669e-321 4.55811e-232 2.77171e-321 2.6362e-128 1.59005e-234 3.98217e-321 0.107524 4.89824e-230 2.58379e-278 1.5971e-254 8.60545e-168 2.7108e-217 2.77146e-176 1.44761e-321 8.39071e-286 1.88239e-321
