2.53973e-123 2.39243e-44 0.669357 3.42649e-125 8.17866e-182 2.55395e-192 6.69906e-75 7.11028e-146 3.87476e-146 2.65464e-169 1.98273e-72 4.9063e-59 6.06942e-17 3.6933e-55 1.91134e-107 4.96265e-33 3.11399e-92 3.45165e-157 1.12136e-48 6.95066e-66 5.11492e-162 3.79266e-126 4.03535e-44 6.24467e-57 1.4161e-113 2.51616e-78
0.153395 3.29779e-147 1.18422e-118 1.85156e-175 6.39163e-158 5.96296e-127 1.30458e-41 9.38316e-26 3.28409e-81 7.39959e-198 7.74629e-57 5.05329e-33 1.13931e-138 1.38425e-66 2.02104e-153 1.0852e-07 0.140158 6.5031e-151 9.13211e-64 9.79494e-155 2.36136e-163 3.04721e-100 5.6469e-47 1.83189e-113 1.65761e-39 1.44485e-207
2.77282e-132 9.20408e-183 4.94215e-110 7.27037e-96 1.59104e-43 1.35508e-158 0.09634 4.30851e-33 1.02303e-137 1.2284e-65 8.93819e-55 3.02019e-102 2.25379e-38 7.01641e-89 6.2051e-83 6.76142e-101 3.97799e-28 1.36504e-123 3.075e-75 1.07487e-145 2.28479e-53 2.36484e-105 1.02631e-49 8.6969e-164 3.25935e-92 2.68425e-134
6.45133e-144 1.2672e-49 1.03691e-27 1.52512e-159 3.71905e-138 9.97859e-92 6.99908e-97 2.53531e-60 2.21594e-171 6.19748e-170 8.22681e-137 2.94486e-11 1.29744e-30 5.4231e-137 1.51719e-107 8.02975e-42 6.43634e-124 1.5382e-170 1.28747e-42 0.0129567 2.52668e-150 3.48644e-90 8.48861e-176 1.43816e-94 1.57471e-83 1.11049e-184
4.6965e-92 3.82284e-148 0.154144 1.23251e-171 1.87093e-160 1.87529e-98 5.39639e-12 2.72727e-57 1.0524e-114 8.68738e-68 2.99383e-41 4.22534e-68 1.33283e-48 1.05878e-131 0.0424964 4.30196e-19 1.14274e-89 9.29666e-169 1.90095e-63 5.45092e-46 1.87028e-211 2.64359e-125 9.92684e-85 1.41591e-30 3.28394e-23 1.90566e-104
4.27641e-64 7.57002e-176 4.12385e-24 0.961036 0.193613 0.0826544 7.29901e-147 2.29576e-148 0.152311 3.9202e-20 2.49318e-144 3.65554e-98 4.62915e-102 3.52504e-97 6.30469e-27 1.22469e-62 2.9004e-103 1.21814 2.96362e-18 3.36431e-106 0.146872 1.11222 1.06277e-113 3.7271e-180 0.41351 0.523665
1.57603e-41 3.75025e-138 1.20538e-90 5.74042e-99 9.99485e-34 6.11414e-41 1.85265e-150 5.25579e-76 8.56313e-88 3.10154e-51 3.42884e-134 3.60175e-94 1.29877e-110 1.32268e-106 0.132029 4.90862e-32 3.95315e-41 2.65371e-67 5.16476e-109 7.50436e-30 1.76385e-181 2.19318e-86 2.10066e-48 2.65903e-151 6.16516e-96 2.39806e-201
2.19123e-138 3.47898e-177 2.17403e-80 5.67163e-76 3.78933e-169 2.34646e-153 1.35594e-68 6.86254e-29 4.32552e-164 9.81157e-162 1.89571e-86 9.36751e-23 0.000311528 1.38061e-12 1.12232e-132 3.79927e-57 1.12415e-52 5.48792e-121 8.61818e-89 7.39601e-79 1.6618e-06 1.2285e-124 9.38381e-79 0.0419087 4.78205e-63 1.44454e-35
1.94888e-37 1.60973e-109 0.0138588 2.09273e-70 9.96468e-184 7.5457e-174 7.57892e-118 5.35271e-114 3.70844e-105 1.31863e-70 4.45039e-157 2.17281e-73 0.248181 6.91414e-32 5.28743e-130 6.25196e-62 7.19155e-109 2.2628e-92 6.34932e-102 1.26974e-157 4.20071e-61 1.0713e-63 0.190303 1.09438e-41 2.48057e-36 1.08741e-78
1.45578e-27 5.56479e-138 0.600774 1.62611e-159 4.87856e-18 3.90604e-51 1.23226e-23 4.06079e-115 1.63824e-125 4.84025e-114 2.04475e-76 6.55938e-25 1.46598e-85 1.05851e-85 1.12982e-07 7.73334e-66 5.84856e-126 1.09817e-85 1.84169e-30 5.48125e-48 7.86768e-125 1.99187e-10 1.47893e-115 9.84686e-65 2.81236e-146 1.40231e-121
6.90842e-115 9.25576e-117 1.22925e-50 7.86991e-40 2.20616e-37 1.61345e-53 5.33312e-38 1.31498e-122 1.82433e-169 1.86902e-113 2.30439e-18 6.78182e-103 2.46417e-130 1.73646e-47 1.33236e-48 1.64274e-49 7.90461e-99 1.06062e-128 1.54868e-116 4.86428e-22 7.01157e-119 2.53854e-150 0.0404246 1.33779e-143 9.22918e-146 1.78172e-42
1.46761e-90 0.0013477 6.44085e-62 5.04001e-62 5.3449e-99 1.47826e-27 8.3521e-118 0.0721313 5.32013e-122 1.36923e-182 5.08825e-38 0.12529 1.26417e-102 3.44537e-86 1.61885e-138 1.08957e-56 8.6196e-14 8.21531e-175 8.85301e-50 1.15221e-99 0.0338583 8.89154e-128 1.7588e-129 0.179202 2.79158e-22 8.07331e-204
5.04153e-57 0.146886 6.93704e-63 7.3648e-179 2.21487e-160 1.00038e-130 1.44731e-155 8.50543e-111 1.26318e-64 3.30572e-79 0.139686 1.84358e-132 0.0946642 0.0518927 4.45841e-112 8.97249e-111 2.21546e-10 1.21773e-112 7.35319e-31 0.118424 1.30778e-179 6.2036e-60 1.10364e-40 9.93532e-05 2.00612e-25 3.27862e-124
1.57164e-150 7.9882e-45 7.09327e-25 3.19301e-163 6.79708e-119 2.25775e-107 2.79061e-20 8.73158e-124 7.73547e-104 8.36365e-99 6.71053e-88 8.89445e-117 1.39457e-29 3.21155e-172 7.4442e-138 3.54895e-94 1.2021e-134 1.39789e-79 0.272296 6.2409e-59 2.76446e-92 4.24099e-125 5.96361e-118 4.8146e-33 4.98624e-122 6.49145e-126
2.53898e-25 8.6012e-86 1.61178e-37 1.08959e-72 4.39449e-166 5.49266e-23 2.90445e-100 6.54291e-135 5.99566e-133 8.98919e-191 1.24643e-124 3.10101e-47 2.81106e-150 2.07031e-10 1.97164e-165 2.42701e-86 0.194028 8.35076e-144 1.96787e-145 8.79356e-12 2.17573e-36 3.39815e-127 9.89628e-134 0.102028 8.09626e-104 7.27468e-230
2.69993e-59 1.08891e-91 0.23496 1.77713e-148 1.55571e-197 1.21461e-231 3.53078e-77 4.72859e-76 2.82753e-154 4.44269e-94 6.46608e-148 3.8918e-73 2.19669e-38 2.70883e-154 5.87146e-24 8.94585e-100 7.97004e-67 5.67652e-170 0.0694043 3.58483e-76 3.51112e-165 2.84949e-103 2.31376e-75 1.08194e-93 1.47313e-143 1.35552e-226
0.148528 5.22724e-05 3.43313e-31 5.15481e-171 1.80417e-47 1.60798e-184 0.0275778 0.226516 2.45326e-143 0.620917 1.00541e-164 5.63443e-17 7.32374e-76 7.19846e-119 1.41706e-66 0.0564726 8.18399e-94 2.49631e-90 1.60265e-21 2.06957e-44 1.92932e-174 7.15147e-20 5.92272e-179 7.6704e-125 4.66603e-80 2.76896e-50
8.47138e-67 6.92984e-171 0.108228 7.90599e-158 2.32434e-171 1.34225e-128 5.67456e-35 5.86513e-147 1.41208e-151 3.70201e-228 2.27533e-121 2.54925e-110 3.48554e-133 2.34816e-45 6.94995e-38 4.38742e-49 1.51519e-73 3.42774e-178 4.00554e-16 4.15026e-90 1.1427e-55 2.03869e-104 1.47786e-178 3.88931e-21 1.13144e-36 4.28573e-143
