10.4366 0.0261026
0.0224863 2.95501e-08 2.96336e-17 3.34941e-08 4.97928e-07 9.95006e-31 4.48967e-22 1.00591e-17 6.58385e-33 4.74535e-37 5.65451e-44 6.96232e-18 3.85519e-19 8.85464e-24 3.56371e-28 6.76496e-42 1.54022e-21 2.997e-18 8.63772e-21 1.06741e-34 1.26357e-27 0.218463 1.15105e-26 1.44016e-31 2.05613e-31 3.69232e-22 5.2956e-22 4.80691e-13 3.59939e-14 5.34567e-14
5.32819e-10 1.64883e-20 3.81176e-18 9.68594e-17 0.00136311 3.4062e-27 1.14769e-15 2.32605e-31 1.96937e-25 6.33973e-17 1.46816e-33 1.02921e-12 1.21495e-26 8.82459e-25 3.78668e-34 9.57524e-42 4.58059e-30 3.67104e-12 5.73663e-15 1.38615e-35 4.33452e-19 0.894423 1.87635e-28 2.67954e-21 1.15789e-21 1.564e-18 5.59433e-29 1.06488e-19 4.23334e-17 1.9427e-05
4.90597e-10 2.16986e-32 2.45469e-15 4.80074e-31 1.66494e-19 4.00216e-25 0.00885931 0.065004 1.30908e-36 0.0157069 0.00759208 4.47124e-08 7.89123e-08 0.0504124 7.92942e-24 2.61465e-43 1.29344e-29 2.48202e-22 7.62722e-07 0.0688506 2.37036e-28 4.04704e-12 3.45377e-16 7.19075e-25 0.00358418 1.40628e-11 0.0111249 9.60838e-25 2.22476e-24 2.83946e-11
0.00260596 0.00136604 0.000222722 0.00392117 0.000965511 2.3171e-50 7.30904e-25 1.87537e-37 1.13162e-38 3.03289e-39 1.11438e-45 2.00207e-25 1.07295e-32 7.98373e-41 5.60739e-39 9.42691e-47 9.70341e-33 5.04558e-25 2.30926e-23 3.94492e-39 1.94552e-36 4.20437e-19 1.66602e-31 3.49349e-41 5.02831e-42 4.32876e-27 1.88245e-36 9.06752e-29 2.47364e-30 2.84255e-20
2.4442e-20 2.90802e-26 1.10212e-31 2.28535e-37 1.77324e-10 1.90934e-33 0.00111092 6.6662e-26 1.30565e-25 0.0113789 3.71406e-27 0.0302739 0.0278096 5.8898e-37 0.461279 4.40724e-16 0.000418835 0.0311131 5.89854e-10 3.84357e-22 7.5078e-19 3.62733e-07 9.21944e-16 2.2219e-14 5.41235e-31 2.78034e-15 1.31588e-12 0.000122739 0.0265693 9.03341e-18
5.76933e-13 2.41979e-25 0.000597999 1.02135e-33 0.039747 2.34404e-17 2.45273e-15 0.108734 2.00393e-14 4.17626e-36 2.83643e-10 2.12895e-06 2.35776e-22 4.12609e-37 4.11327e-11 3.0585e-08 1.95367e-14 0.0876032 3.07279e-18 1.37698e-17 8.64822e-34 0.00128137 2.57657e-17 4.33756e-25 0.00551488 9.21629e-18 2.0283e-16 3.36947e-22 1.30679e-26 1.34622e-17
2.37993e-15 2.21797e-37 4.33109e-21 7.50527e-28 0.0026528 2.25993e-23 1.14062e-18 2.41623e-09 0.0218772 4.0881e-14 1.60395e-19 5.00454e-23 1.05441e-15 1.35571e-19 6.69581e-21 2.05767e-39 1.50498e-26 4.64374e-23 0.0111063 2.28689e-25 2.29095e-24 1.61622e-11 1.79648e-21 4.2277e-23 3.58388e-16 0.0281286 6.5122e-11 2.81492e-13 1.02887e-24 1.67552e-15
2.51833e-08 2.83524e-20 1.46849e-06 0.000974734 6.64868e-05 1.86495e-47 5.90893e-18 2.41178e-15 2.0072e-26 1.59258e-15 1.23154e-36 1.07661e-15 4.88018e-15 7.28266e-32 8.87297e-25 4.86827e-29 6.1978e-19 5.65393e-07 9.54512e-13 1.17744e-33 9.77887e-31 1.41273 2.66313e-20 1.39066e-24 2.17084e-31 2.41797e-18 3.66056e-17 1.8121e-14 1.76125e-18 1.94862e-12
2.2239e-13 1.87534e-34 1.65143e-47 1.72933e-05 1.88129e-06 0.0349311 5.00696e-19 6.64547e-09 1.67802e-30 6.54412e-35 3.31518e-20 2.00634e-17 1.66602e-19 1.78326e-28 4.56604e-33 0.0658702 9.95092e-18 4.98645e-20 0.000386932 7.82605e-19 0.0640103 2.60024 0.0358205 0.0283313 9.43789e-27 6.30361e-21 1.43413e-17 0.0115487 4.01814e-17 4.32759e-12
9.10842e-17 2.0257e-20 3.47893e-14 5.28041e-26 2.18558e-17 5.64195e-45 1.69197e-07 5.2e-16 6.13116e-15 6.48853e-23 1.97083e-39 3.04809e-14 7.40917e-26 6.92271e-36 4.89116e-34 1.34228e-42 0.0298229 0.0006697 1.52091e-21 2.28584e-36 2.0834e-34 1.23956 5.77986e-26 1.60582e-34 7.08144e-23 1.5841e-14 5.78444e-25 9.02102e-25 4.70081e-06 0.12333
