1.80853 0.146314
1.14801e-139 0.000143397 6.42509e-75 7.52415e-174 0.141335 3.94796e-92 7.69781e-110 5.31322e-46 1.95909e-41 4.63135e-81 1.43648e-55 3.48082e-165 1.45809e-68 4.15897e-68 5.49967e-57 1.20268e-186 4.44767e-121 2.57173e-41 1.80337e-106 5.87816e-86 1.86976e-254 6.47343e-23 1.85945e-145 2.54791e-23 1.39821e-132 2.01856e-36 8.94907e-67 2.29466e-135
8.25952e-89 3.11477e-59 3.26798e-96 3.75651e-268 0.0003974 8.36561e-79 1.83499e-27 1.70076e-37 3.67808e-109 3.42189e-208 1.79995e-100 1.28621e-142 1.07058e-183 4.38722e-44 0.169973 1.13326e-165 2.51292e-166 0.0273546 3.44622e-97 7.21653e-169 1.07495e-171 1.68429e-07 1.13512e-189 4.64886e-102 1.17519e-82 1.31949e-77 3.44552e-31 1.84945e-160
1.3637e-97 3.53461e-85 1.40669e-139 1.65367e-187 0.00053225 0.136177 4.42003e-71 4.88538e-28 4.47408e-91 1.13605e-87 7.24509e-27 7.31539e-87 2.50724e-170 0.036971 5.35986e-72 1.90427e-161 8.35897e-179 0.137836 1.2936e-154 3.90789e-114 1.28791e-247 3.50455e-10 1.12695e-167 0.0835753 9.70769e-171 7.60726e-59 1.11663e-58 1.37999e-119
0.25273 1.54253e-28 8.98715e-05 0.276738 8.97455e-78 2.3373e-77 1.8503e-54 2.24248e-59 0.33551 0.533198 0.88168 9.05441e-17 0.125746 1.32931e-69 1.66249e-85 1.62493e-53 8.51176e-16 3.37122e-98 3.20038e-20 3.84143e-59 0.20894 2.71348e-07 1.85939 7.30811e-100 1.79784e-08 0.810681 0.765325 2.1325
2.15066e-196 4.00906e-14 1.92107e-119 1.7415e-198 1.74966e-90 2.1383e-87 4.82754e-112 3.66498e-60 2.84705e-101 3.05928e-122 1.42967e-68 3.36489e-214 3.12339e-99 8.98237e-74 1.1074e-50 3.07453e-157 8.48869e-211 4.68663e-24 6.29183e-142 2.51145e-150 4.89944e-187 0.0309517 5.13209e-207 1.28643e-125 5.40984e-176 3.29085e-86 1.11608e-36 3.27973e-126
2.73616e-148 9.10114e-68 8.46056e-150 1.52524e-252 9.08916e-73 9.47657e-108 0.000764802 1.65247e-82 7.06404e-39 5.57451e-90 8.3074e-60 6.43667e-157 1.03204e-157 8.94022e-22 1.05005e-26 1.04589e-102 4.13413e-159 3.68584e-113 4.64057e-148 6.24926e-45 3.70409e-184 0.0744878 7.88673e-157 2.30376e-81 3.66774e-172 9.00446e-79 1.48487e-88 3.36318e-190
2.47256e-85 3.25656e-43 0.152001 1.77685e-167 5.90593e-24 0.000172293 0.0705107 4.36189e-58 0.0879865 2.01454e-48 5.79267e-82 0.266951 5.74439e-26 8.71838e-28 1.86603e-25 0.219273 0.239733 2.01381e-111 0.0744733 0.21319 4.13753e-58 8.11736e-54 4.33697e-78 3.6329e-110 0.193702 7.0898e-48 8.16371e-17 3.89149e-60
1.30934e-111 2.33824e-72 1.17639e-70 1.53117e-218 4.30319e-71 1.46085e-62 6.96908e-118 0.145613 5.23186e-140 3.4021e-162 6.16191e-38 4.33443e-197 4.19319e-161 8.29239e-17 8.61505e-09 1.5646e-61 3.72652e-159 1.44403e-36 2.87552e-166 3.37152e-176 3.07173e-110 1.67999e-09 7.95693e-176 0.0375459 3.14824e-97 7.98387e-23 5.41795e-28 1.91981e-202
1.87002e-93 0.114059 5.35595e-115 1.82499e-169 5.66355e-109 3.61003e-114 6.91039e-94 2.52522e-52 1.80308e-132 6.16502e-206 8.12279e-31 6.71761e-195 8.87464e-83 7.82687e-77 2.23959e-32 2.84498e-100 5.24382e-112 1.55928e-64 8.11386e-185 4.51636e-108 7.53236e-170 0.0113801 1.50506e-212 5.49016e-42 1.69873e-77 1.54906e-50 1.26728e-66 1.70873e-155
