1.94549e-210 2.05786e-66 0.230621 4.40212e-321 1.13143e-259 5.92065e-273 1.48533e-105 1.45255e-321 5.84524e-317 3.44082e-50 2.99551e-228 1.58595e-321 2.00979e-305 1.2904e-26 1.13141e-320
1.38832e-321 9.09169e-286 4.13814e-205 2.30235e-321 1.26481e-321 5.42401e-248 1.09683e-321 6.22523e-322 1.69465e-321 9.85812e-66 6.66989e-322 6.22523e-322 6.91692e-322 1.27469e-321 4.24896e-321
0.534471 5.13954e-206 6.92769e-291 5.58788e-321 2.40874e-64 0.328737 0.538063 1.16599e-321 3.49798e-321 9.78574e-248 1.26975e-321 2.87052e-321 1.37844e-321 6.34227e-254 2.21937e-291
0.428615 3.55427e-209 0.985854 5.50558 0.840288 9.63922e-321 6.0723e-86 1.33272 0.342111 1.48287e-133 1.23988 2.1716 1.15477 3.59075e-256 8.27445
1.67488e-321 0.194074 1.90857e-252 3.05827e-321 2.8352e-269 3.32506e-321 1.0641e-103 1.81816e-321 6.04104e-240 9.85868e-236 1.10671e-321 1.02766e-321 1.2401e-321 7.7195e-82 6.03254e-321
1.68476e-321 4.78527e-224 7.64827e-218 3.33e-321 1.26122e-149 2.52468e-321 1.60845e-241 1.20552e-321 2.25788e-321 0.0802522 1.12647e-321 1.26975e-321 1.13635e-321 7.62912e-266 5.65705e-321
2.65313e-321 2.05392e-212 1.13494e-251 4.8369e-321 2.59749e-268 0.450518 8.0816e-260 1.25987e-321 3.67585e-321 7.4219e-57 9.88131e-322 1.0326e-321 1.53654e-321 0.304554 5.93373e-321
8.39912e-323 1.07641e-275 1.43279e-322 1.58101e-322 9.38725e-323 1.43279e-322 9.88131e-323 4.94066e-323 1.33398e-322 3.15834e-251 4.94066e-323 5.43472e-323 5.92879e-323 1.03754e-322 3.06321e-322
3.1966e-321 8.6245e-281 3.44858e-321 4.54046e-321 0.229713 3.54739e-321 9.60913e-209 2.78653e-321 3.87553e-19 0.422913 1.69465e-321 1.58595e-321 1.80334e-321 7.00408e-303 9.3576e-321
3.09779e-321 2.49666e-93 4.0561e-224 3.76478e-321 9.6284e-319 3.51775e-321 2.29741e-321 2.08496e-321 3.52895e-50 0.0451703 1.10671e-321 1.31421e-321 1.02812e-257 2.52236e-78 1.12103e-320
5.48365e-212 0.0291856 5.47279e-106 3.90312e-321 1.57735e-292 6.32421e-294 7.83391e-298 1.57607e-321 2.85076e-321 5.04409e-248 3.09052e-318 1.30433e-321 1.54643e-321 2.66266e-153 8.46829e-321
2.09978e-321 0.328686 1.65709e-174 3.69561e-321 1.2265e-162 2.75195e-321 8.18604e-69 9.33784e-322 5.17601e-241 1.1135e-34 1.17588e-321 1.2154e-321 1.58595e-321 0.159769 8.0928e-321
1.24192e-306 1.39263e-144 6.82073e-303 4.06122e-321 4.51375e-110 1.8383e-172 1.23274e-186 1.58101e-321 0.729902 3.13288e-244 1.85769e-321 1.81816e-321 1.94168e-321 1.42574e-109 8.4337e-321
2.23812e-321 0.146631 9.03575e-156 4.54046e-321 0.0397361 3.56221e-321 3.70392e-302 1.76876e-321 4.92089e-321 1.16826e-164 2.48021e-321 2.5642e-321 6.76259e-275 7.106e-58 8.36453e-321
