1.71734e-293 9.71171e-208 2.77618e-224 4.18581e-11 4.98349e-273 4.20436e-136 4.97781e-177 3.78453e-273 1.3886e-166 4.26588e-246 2.93475e-321 9.85907e-252 1.13635e-321 1.4343e-203 1.17667e-125 0.1738 4.38422e-143 1.83395e-273
5.34545e-49 4.71339e-321 2.26207e-45 2.23812e-321 6.55601e-293 3.72572e-312 1.47242e-127 1.16934e-98 9.54085e-259 4.4968e-276 4.75635e-226 0.718695 1.98614e-321 4.41298e-265 4.04739e-242 0.308664 0.0986939 4.57052e-86
1.68325e-231 1.46722e-35 1.64919e-108 1.05712e-57 3.09722e-157 1.98116e-139 1.17014e-313 9.93357e-28 1.64311e-298 0.552217 6.16744e-75 2.11333e-57 0.626745 0.181638 6.48694e-92 4.05233e-149 7.21063e-155 0.0988394
7.99967e-148 6.48357e-316 2.87579e-234 2.63692e-164 7.30679e-216 1.04649e-257 4.41695e-321 0.345762 6.52602e-92 8.15208e-322 6.19822e-139 1.02555e-189 9.23903e-322 2.49363e-316 1.3241e-321 2.09987e-66 5.24236e-102 1.23994e-47
2.67559e-12 4.30331e-321 5.53354e-322 1.2639e-158 2.59873e-215 1.44912e-274 7.22324e-321 7.12192e-84 1.62324 1.19427e-294 2.8701e-193 1.03879e-130 1.07212e-321 8.88656e-122 1.28502e-130 3.74197e-266 0.515996 0.324599
1.4568e-158 2.63904e-153 1.05848e-121 1.48301e-30 8.2856e-07 1.47934e-20 3.24836e-296 2.14859e-222 0.375136 1.00789e-321 2.6729e-321 2.36132e-147 1.18082e-321 1.78358e-321 3.82997e-163 1.67655e-262 7.68399e-117 3.67533e-138
5.36115e-157 1.80325e-267 6.63898e-74 3.81142e-27 5.56806e-144 6.59429e-320 1.72574e-106 0.200372 4.76017e-104 7.32151e-234 6.95234e-299 3.64529e-123 9.93072e-322 2.50985e-321 1.88239e-321 0.0351067 1.8508e-62 1.45934e-104
4.83747e-156 4.30331e-321 7.53521e-250 3.40025e-147 3.74706e-206 2.48031e-234 9.58487e-321 5.96704e-112 2.36225e-214 8.9542e-274 3.91746e-221 1.21741e-213 4.17369e-305 6.71144e-300 1.5053e-71 1.61113e-282 7.31888e-209 0.13629
0.00219434 0.00194787 0.000236744 0.00062852 0.000517458 0.0240569 0 3.75971e-286 3.38457e-304 0 0 4.94836e-306 0 0 0 4.94066e-324 3.26197e-235 3.47067e-293
8.97689e-172 1.3024e-16 1.45828e-308 3.72215e-29 2.55506e-240 4.68424e-320 5.80527e-321 9.32969e-196 0.272853 1.0997e-316 4.36017e-69 5.37379e-187 1.19564e-321 2.55926e-321 2.42196e-261 8.35735e-129 7.54813e-145 5.19562e-56
7.96169e-43 4.70391e-230 1.01941e-191 2.95614e-136 1.53654e-321 7.40506e-320 2.88386 2.15353e-246 1.95102e-286 5.20297e-199 0.941082 1.69827e-24 1.83564e-225 0.747825 0.684796 3.07891e-111 5.70963e-81 6.34622e-63
1.13521e-90 9.87657e-189 7.21336e-322 6.03885e-223 3.05723e-196 2.87098e-49 2.36372e-286 7.29821e-226 1.9202e-144 6.07955e-145 2.39652e-172 1.82409e-216 1.29939e-321 4.9238e-211 3.08714e-214 1.54393e-170 6.06792e-94 0.135505
0.170283 1.9182e-50 1.39708e-34 5.39731e-19 1.27479e-09 8.79313e-47 9.73309e-322 1.34551e-226 8.46382e-289 1.67982e-322 5.13828e-322 9.1999e-271 1.43279e-322 3.65609e-322 2.71736e-322 3.16202e-322 7.91321e-223 8.90978e-249
3.62607e-41 5.6027e-321 6.21992e-305 2.4622e-176 7.57858e-289 9.79895e-171 1.02222e-320 1.29228e-248 4.85484e-229 6.90706e-312 0.122213 0.0494798 1.67693e-301 2.75195e-321 2.23812e-321 2.07725e-304 5.56e-18 3.05934e-64
