0.0176963 3.63859e-95 6.78522e-125 2.10621e-194 5.75865e-256 1.7253e-171 2.2109e-105 9.89403e-163 3.62563e-95 3.0784e-182 4.89362e-64 2.228e-158 2.41135e-62 8.46483e-89 6.59591e-213 0.443226 7.73733e-44 4.31529e-116
1.76925e-58 2.13978e-71 2.41294e-61 1.96608e-29 7.26312e-60 2.67922e-54 9.0911e-69 0.136171 2.11521e-159 1.06742e-108 4.15672e-97 1.37443e-141 6.45597e-107 6.63359e-104 1.89055e-212 1.36625e-198 1.53377e-114 2.56095e-134
3.17006e-209 1.4797e-22 2.23642e-40 3.68542e-65 2.37789e-23 5.2394e-82 5.43886e-24 2.22432e-146 4.80431e-107 2.14399e-181 1.25149e-41 4.81275e-86 0.742834 5.29204e-57 5.35842e-203 8.83062e-144 0.000905206 2.12196e-88
1.59066e-45 4.32991e-40 6.85819e-52 7.90351e-16 1.55054e-196 9.28872e-176 4.76133e-110 0.629867 2.53136e-147 6.87038e-151 8.44334e-70 6.8349e-116 1.54552e-27 2.54333e-183 2.67872e-87 2.00117e-191 1.13183e-84 0.102103
2.52525e-143 3.18182e-152 1.90238e-120 6.93695e-18 2.88618e-46 5.00315e-30 4.66622e-62 0.0489359 3.70152e-54 1.11124e-58 0.0325199 1.02846e-149 3.67369e-146 2.25549e-200 7.69199e-84 5.13287e-62 2.10932e-40 1.60555e-193
3.54562e-190 2.46173e-152 1.2331e-50 3.04661e-126 1.34856e-125 5.89537e-65 1.41119e-76 8.71807e-10 4.73267e-34 2.92463e-118 3.81522e-84 5.37675e-236 1.33924e-163 2.04409e-113 4.61266e-217 5.21943e-202 7.05778e-56 0.0914419
1.14047e-48 2.23312e-65 7.04189e-93 7.25505e-17 1.63108e-146 1.92108e-60 5.9879e-33 5.75295e-74 4.20777e-167 5.17204e-125 4.65058e-29 4.88516e-149 1.27947e-59 2.37567e-102 1.24015e-207 6.57002e-195 0.0487073 3.15397e-99
1.29005e-105 4.07592e-117 1.55414e-54 8.97774e-108 3.14846e-144 1.35869e-111 1.21777e-109 0.459808 1.35289e-61 2.96804e-67 5.5057e-90 1.30934e-215 6.36821e-29 7.45346e-121 1.16345e-203 8.57656e-119 3.10417e-97 2.92458e-186
4.54332e-15 2.57719e-180 2.61945e-107 4.85704e-05 1.56181e-83 1.00194e-143 4.03444e-59 0.285874 8.22599e-112 4.09457e-117 5.41866e-117 1.61653e-33 8.53957e-13 3.73222e-191 2.31661e-169 8.08136e-151 0.0465724 1.95347e-76
2.86028e-247 8.5718e-38 1.13982e-143 2.88523e-85 5.14535e-268 4.22505e-12 2.47779 1.26888e-105 0.20088 8.1493e-14 1.69768e-21 1.08643e-122 4.46466e-10 1.19491 0.339126 0.00125632 4.13632e-80 1.10921e-90
5.84289e-152 2.40224e-09 4.26872e-24 3.02617e-17 2.24716e-122 5.81172e-109 0.0259002 1.22436e-93 7.64906e-172 1.00858e-98 6.03697e-100 5.42464e-225 1.61331e-28 4.89942e-213 4.19282e-93 1.02763e-137 2.65061e-82 2.28487e-52
8.36812e-05 3.1125e-05 0.0139075 0.00446991 0.00683523 0.00758781 7.94089e-115 5.25537e-185 7.95978e-213 4.39445e-196 1.29485e-125 6.6626e-242 9.489e-164 2.83417e-214 1.9271e-238 4.37365e-203 1.89031e-121 1.91418e-201
0.00880533 0.000347118 0.288312 1.60542e-27 8.86977e-13 1.31623e-42 2.27848e-83 7.3587e-160 1.64219e-208 3.24225e-163 8.3892e-115 1.69588e-240 5.66566e-145 3.8783e-212 3.62103e-199 2.0623e-185 4.26089e-85 1.35483e-165
1.0774e-309 1.25448e-65 7.35855e-183 3.05054e-21 3.8748e-141 4.1034e-147 4.83068e-63 3.58363e-74 3.26538e-81 0.10617 0.0626991 0.501169 4.30731e-114 8.75519e-89 2.08237e-193 8.52375e-139 4.79923e-87 5.4475e-152
