6.27834e-170 1.27148e-66 1.58274e-220 3.46894e-199 1.07007e-119 9.1203e-255 5.5553e-49 0.288315 0.0248874 2.22674e-55 4.93804e-132 5.58567e-159 3.16932e-06 2.0455e-164 0.104313 0.272891 8.64597e-74 1.37775e-08
6.13997e-65 3.71596e-98 4.85632e-133 3.44419e-180 1.31729e-185 0.0087311 3.51845e-123 7.05983e-71 3.88249e-33 1.68642e-146 1.84213e-124 1.31933e-248 1.71871e-154 8.59384e-46 2.67955e-203 2.20007e-238 0.369981 8.57539e-165
1.3077e-79 1.03693e-172 1.87233e-28 7.41901e-64 1.08318e-60 3.51174e-151 0.0706791 7.063e-83 0.733725 8.95966e-43 1.4003e-46 1.14881e-99 1.43143e-24 9.58561e-105 2.33373e-52 3.19493e-213 1.44753e-05 2.65549e-155
0.193839 3.20703e-90 3.62233e-78 1.96863e-76 4.29414e-66 3.5727e-40 3.86599e-133 7.99277e-154 1.15729e-90 6.99439e-100 7.30602e-174 4.77738e-232 1.00827e-106 1.64811e-88 1.53513e-183 4.51519e-272 1.20178e-73 5.53637e-217
8.41782e-164 4.279e-177 8.15414e-216 6.7316e-229 2.20523e-147 3.74556e-13 8.97774e-17 3.83908e-39 0.0563497 2.8136e-130 1.16743e-153 1.71312e-55 0.196536 3.50983e-53 1.45655e-15 2.25635e-135 1.75589e-87 1.63984e-240
1.4054e-76 1.55883e-112 3.96539e-54 1.06049e-282 2.9806e-17 2.58424e-112 2.142e-60 6.0145e-36 9.39948e-14 7.99694e-19 5.64573e-27 4.26799e-52 1.35131e-104 0.000187794 0.221949 1.39495e-256 1.08031e-116 5.75713e-130
0.000822195 1.33503e-22 6.78402e-161 4.18391e-19 5.69183e-201 3.69065e-47 1.44124e-114 1.33135e-18 4.34977e-130 2.07847e-157 5.47393e-182 1.60576e-47 0.0730268 0.492892 1.25093e-162 1.52382e-274 1.0604e-140 2.7395e-112
1.69755e-16 5.03385e-11 1.66916e-24 0.012422 0.0270673 1.0312e-14 3.03185e-139 3.51075e-174 5.4642e-127 4.37269e-160 1.72942e-206 5.73446e-233 7.02342e-161 5.55486e-187 1.04814e-231 4.88809e-263 3.75461e-133 3.50873e-232
7.07369e-72 1.52235e-200 2.32994e-127 7.73792e-147 4.93572e-212 4.62532e-197 6.26559e-25 1.82881e-89 1.56178e-52 6.58356e-74 0.103312 1.62047e-146 2.85198e-46 2.59132e-46 2.25192e-108 1.07951e-219 1.82841 1.3366e-213
2.22748e-38 0.0271007 0.185185 5.08158e-46 3.30742e-70 7.14893e-36 3.39843e-124 1.25375e-162 1.53468e-93 1.63731e-119 1.49975e-162 2.2967e-196 2.21021e-175 9.35955e-142 4.02453e-226 1.54146e-245 3.78156e-86 3.02752e-203
2.40763e-70 7.58802e-181 2.36029e-48 1.18722e-85 1.22183e-110 9.06681e-170 3.60462e-10 3.22825e-129 1.24586e-25 1.35651e-137 1.0724e-141 1.18113e-163 8.03469e-108 1.94585e-161 3.7393e-174 2.12006e-200 0.488341 5.85592e-166
2.41988e-77 4.24606e-19 5.78737e-87 8.81113e-50 5.24299e-44 1.03512e-06 9.75956e-153 1.66701e-134 1.4252e-12 0.284341 1.33444e-175 1.97218e-91 8.89259e-164 1.60205e-170 3.06207e-90 2.98771e-261 2.65391e-06 2.74137e-123
4.10572e-132 2.93135e-54 2.6972e-70 1.06111e-156 8.23672e-215 2.42358e-67 2.15284e-145 4.71482e-166 9.82457e-126 2.08292e-130 1.15618e-58 0.308754 1.47657e-106 4.05829e-66 5.47004e-240 1.96322e-128 0.696468 2.18759e-176
3.18627e-204 1.16656e-169 1.40562e-320 7.23158e-147 8.62093e-45 2.64009e-52 2.40352e-131 1.81515e-19 1.57785e-113 3.72624e-49 3.63022e-41 7.44108e-122 1.31719e-135 9.88726e-16 5.4245e-151 1.02771e-115 0.0160616 0.197029
