3.39121e-150 3.65903e-123 4.99006e-322 1.39821e-321 1.082e-321 4.0857e-283 1.26796e-111 1.2401e-321 0.290171 6.47624e-237 8.69104e-268 3.41072e-118 2.25549e-151 2.4111e-211
6.45719e-72 7.26686e-29 2.65605e-219 2.3442e-224 8.92868e-295 2.59486e-217 0.346754 2.15907e-321 4.87634e-10 6.00928e-250 1.69959e-321 3.41506e-55 3.02343e-262 4.59216e-201
2.43272e-44 1.64988e-89 2.63312e-302 4.42421e-258 1.45749e-321 4.82716e-127 1.01321e-50 1.60571e-321 0.0950929 5.45836e-120 1.38832e-321 2.64548e-157 6.40975e-260 2.27902e-72
8.14946e-10 4.75318e-91 6.57107e-322 1.66994e-321 1.20058e-321 4.79244e-322 3.44813e-186 1.43279e-321 0.194088 7.15707e-149 1.12153e-321 2.46787e-180 9.60804e-122 2.10886e-116
8.18815e-45 1.76207e-72 7.46039e-322 1.83792e-321 1.20552e-321 5.11356e-167 2.98966e-199 1.43279e-321 0.106629 5.90551e-110 1.69191e-297 2.16605e-158 8.54167e-250 3.02575e-18
2.75147e-105 1.60899e-128 8.59788e-290 1.98614e-321 4.45975e-233 1.97621e-189 2.17824e-220 4.56754e-319 0.27569 5.54954e-261 1.30927e-321 1.30415e-221 2.5261e-97 6.99598e-09
1.27469e-321 8.23113e-321 0.43147 0.95772 0.736745 0.265118 4.03204e-144 1.03156 2.56343e-07 4.97725e-125 0.753086 5.94895e-93 1.16466e-119 0.956989
6.21888e-228 8.44252e-13 1.30433e-321 2.89028e-321 4.79106e-140 6.12151e-28 3.48342e-214 1.0342e-187 2.16153e-14 0.416818 9.43767e-143 1.57111e-150 0.354749 1.07793e-30
2.8756e-20 2.14538e-89 9.23903e-322 7.42854e-256 2.12448e-321 6.04059e-274 0.185336 2.07508e-321 4.19332e-51 1.86949e-106 2.2203e-297 3.4807e-155 1.55257e-251 9.43298e-97
0.204216 1.33377e-179 4.87748e-264 7.14047e-190 1.01196e-148 2.98569e-223 3.08337e-235 3.66597e-321 2.40512e-78 4.43116e-09 4.24462e-252 2.15447e-108 1.76453e-89 0.451061
3.38722e-81 2.01673e-63 1.17588e-321 6.44228e-275 6.58422e-319 5.67078e-112 1.41456e-53 1.92281e-259 9.46405e-24 0.260118 2.51973e-321 3.58539e-80 1.84545e-117 5.91059e-49
1.5011e-18 0.0540582 4.44659e-323 1.18576e-322 9.88131e-323 3.95253e-323 8.50993e-238 1.18576e-322 1.27017e-99 2.36484e-259 9.38725e-323 2.97874e-237 2.21496e-259 4.73119e-204
1.46683e-129 3.36704e-106 1.21425e-124 2.58771e-160 9.65454e-320 4.53245e-303 3.27836e-126 2.79147e-321 9.03446e-97 7.57992e-132 4.22168e-108 0.0920099 6.1141e-67 1.42862e-162
5.98869e-16 5.40539e-12 5.95092e-270 2.74101e-318 1.55631e-321 6.41238e-123 8.074e-205 2.96209e-243 0.100283 8.5768e-207 7.68228e-263 2.26487e-160 2.13457e-211 1.76147e-81
1.58235e-142 9.36286e-05 1.00789e-321 3.75302e-191 1.0333e-222 1.60128e-170 2.67868e-46 3.12249e-321 0.390084 4.00135e-163 2.39398e-146 7.46854e-11 1.22539e-211 5.0926e-85
9.42644e-87 4.16819e-150 3.81093e-278 1.54852e-228 2.08496e-321 1.14182e-286 0.0945569 3.49884e-245 9.97212e-21 1.94102e-207 1.15142e-166 6.00717e-219 9.14563e-134 5.64571e-119
2.26669e-121 3.49185e-246 1.38338e-321 3.81913e-321 2.78159e-321 1.51346e-170 4.22738e-71 3.22625e-321 0.0765782 4.60838e-114 1.21646e-98 0.186718 1.95908e-170 5.65813e-09
