9.14175e-146 0.421024 0.242966 0.183607 9.75204e-22 0.524203 0.598068 0.169884 2.30425 0.0714488 4.89745e-172 0.104541 0.277105 0.545348 0.215919 1.1761e-16 3.26722e-118 6.08206e-45 1.67306 7.43732e-51 0.204206 1.60243e-188 2.29911e-50
7.69516e-115 9.26063e-195 2.35289e-113 1.93497e-81 3.70415e-56 3.20781e-249 1.06458e-195 3.00725e-211 3.77727e-182 6.74189e-250 8.74052e-103 2.11722e-73 4.80486e-224 1.17678e-206 2.60472e-198 1.25586e-37 4.11566e-115 0.259922 1.01871e-187 9.2049e-72 5.60309e-67 9.62223e-164 2.21669e-149
1.12832e-206 2.44635e-168 1.29233e-105 2.21766e-148 2.48621e-104 4.5046e-242 1.14204e-234 2.53311e-209 2.56921e-154 3.91754e-233 4.92417e-140 1.06641e-76 4.43712e-177 5.60971e-262 1.64156e-164 4.33047e-50 1.00304e-154 0.219321 5.36688e-174 5.21341e-114 4.4134e-83 9.17075e-153 5.50941e-152
2.00411e-132 2.85361e-161 2.55975e-86 2.96016e-101 1.01289e-85 6.18827e-186 6.48947e-216 1.5372e-204 1.42468e-192 4.06826e-214 4.6781e-157 5.70468e-105 7.34607e-177 8.58666e-267 2.33291e-172 5.47717e-67 7.88521e-100 0.379458 7.30404e-145 5.96547e-73 2.73714e-106 5.74084e-149 6.12603e-110
6.9053e-05 6.82769e-171 3.15011e-104 8.25685e-120 3.58134e-26 1.82004e-168 6.82938e-178 7.62765e-244 2.5556e-102 1.93541e-249 1.9482e-136 8.55995e-89 5.24674e-182 4.32692e-154 3.08585e-186 0.344132 7.89378e-152 0.0153579 1.95674e-91 0.155178 3.14185e-07 1.16682e-24 4.45716e-56
5.47649e-67 1.41073e-60 0.441119 5.88771e-57 0.238783 1.1143e-224 3.5196e-195 1.85286e-82 4.52787e-09 9.72984e-162 3.62591e-69 1.77361e-50 1.42283e-169 3.63905e-96 1.11393e-110 1.25209e-86 0.0853136 0.003364 7.80536e-69 4.44084e-107 2.80006e-23 4.61255e-37 1.97077
4.45056e-111 2.80078e-194 1.6735e-27 3.96687e-78 1.44354e-64 1.01063e-192 1.53051e-223 2.32121e-156 4.77856e-140 1.21569e-238 8.56306e-100 7.28775e-108 6.8669e-145 2.01279e-156 1.9238e-126 9.60108e-32 2.50439e-124 0.017928 3.87746e-196 1.14643e-97 2.47617e-79 1.59537e-117 7.83389e-82
4.4732e-56 2.78398e-156 1.0964e-16 1.08386e-23 1.04205e-22 4.4243e-249 2.99341e-170 7.31372e-256 1.25898e-170 1.43757e-83 0.0402634 5.69724e-32 7.67349e-220 1.92629e-129 1.88588e-37 4.38819e-73 1.12749e-41 1.16872e-45 1.81128e-58 1.11345e-124 1.89147e-64 0.212922 1.64932e-78
5.54916e-172 9.81942e-133 3.75108e-89 3.08848e-94 1.01237e-97 2.10925e-207 3.89965e-226 2.99078e-252 1.42277e-191 9.15366e-221 1.14592e-179 1.33962e-117 1.33409e-133 1.91074e-180 1.2362e-113 2.22803e-22 8.03784e-71 0.746403 3.9387e-197 6.1803e-23 1.83045e-28 1.9112e-127 1.10163e-46
1.30036e-159 5.67628e-150 6.89702e-85 2.19139e-95 1.18739e-65 9.92701e-252 6.97443e-241 3.8121e-218 5.28341e-211 1.5788e-208 1.91348e-160 2.42564e-86 1.12367e-187 2.07135e-226 2.4331e-189 2.50717e-53 4.38783e-114 0.360033 7.29555e-149 2.30049e-95 8.46285e-104 2.06771e-152 1.90298e-100
4.47588e-133 1.39695e-145 4.43863e-85 2.43433e-122 5.03626e-95 2.05207e-193 3.16912e-177 4.97334e-215 1.64279e-138 1.3702e-192 2.15702e-80 1.10953e-71 8.08507e-240 2.39862e-232 2.62443e-188 1.11082e-55 1.40929e-147 0.166588 9.23747e-129 9.0152e-107 8.07753e-73 5.24851e-183 1.75655e-155
0.308004 8.15452e-53 1.74074e-54 9.46e-73 1.13475e-20 7.08339e-66 1.58347e-170 2.38591e-244 4.09756e-171 1.83726e-147 0.0181845 1.28396e-78 2.02243e-201 1.37949e-168 2.6308e-48 2.16708e-82 5.01448e-20 1.29477e-07 4.88151e-104 1.40479e-105 0.457798 5.53724e-137 5.80963e-141
8.24693e-181 9.81984e-191 2.78927e-78 7.97674e-69 1.57153e-90 1.40813e-144 5.89352e-217 3.09609e-202 2.13499e-179 4.74062e-176 1.09663e-141 7.15159e-57 1.34474e-221 1.07127e-170 9.07103e-187 2.62904e-48 1.89022e-96 0.27406 8.7458e-158 1.28976e-119 1.30908e-80 2.08427e-119 1.66496e-127
2.95162e-197 1.27401e-136 9.15163e-47 8.49537e-79 7.2725e-61 4.22896e-248 2.441e-197 3.66825e-212 1.47078e-159 4.60272e-175 1.70443e-163 1.42006e-114 1.1234e-169 7.86719e-259 5.85407e-165 1.26197e-57 1.16983e-128 0.382673 2.79447e-159 3.66534e-64 1.45374e-72 8.7143e-191 7.1969e-108
