6.76999e-65 1.30421e-15 1.09177e-13 8.99952e-45 4.15799e-31 3.65899e-47 2.54581e-44 2.43866e-67 3.48307e-17 2.89447e-21 1.06578e-11 4.96822e-60 1.2787e-77 4.41694e-42 1.64881e-11 4.91371e-17 3.40621e-86 9.02527e-79 1.29227e-111 0.161489 0.0707537 1.10613e-83 0.000548262
0.0885243 6.38949e-12 8.21469e-52 1.17332e-11 4.19973e-61 1.59045e-107 1.87629e-65 1.87465e-123 9.06424e-49 2.0285e-36 3.31514e-17 3.16396e-28 1.83157e-73 2.24191e-36 2.09214e-17 7.84989e-40 4.96973e-13 0.0316022 8.21652e-129 2.69356e-72 1.23125e-93 0.230432 2.1561e-128
2.15535e-75 3.21767e-58 3.20366e-40 4.52145e-97 6.79986e-71 9.18146e-87 3.98417e-115 1.14453e-116 2.55304e-53 2.06887e-70 2.71632e-51 1.2576e-67 2.98532e-38 5.77144e-44 3.17818e-79 0.159307 8.41163e-37 1.46209e-132 3.9396e-67 1.92593e-56 8.95896e-45 2.58007e-33 6.91432e-134
1.58706e-34 4.40862e-79 2.02725e-19 3.0657e-23 9.13234e-78 4.41081e-147 9.46122e-06 0.0829069 0.000782747 5.81489e-23 1.2898e-24 1.03721e-106 5.69693e-42 7.41024e-09 2.10393e-61 0.20144 8.39654e-58 3.75513e-109 4.9161e-28 1.57795e-61 1.66802e-09 8.30918e-18 1.3498e-133
8.31186e-57 4.36417e-104 4.05985e-50 2.81413e-47 1.19665e-42 8.4934e-104 3.36725e-91 2.23963e-74 1.08056e-30 3.24339e-102 2.10629e-103 2.25002e-90 1.25388e-80 4.30648e-72 9.3875e-93 0.431408 1.43547e-83 2.84293e-119 3.30189e-84 4.08014e-98 1.67269e-66 1.49113e-67 2.91085e-115
3.23853e-06 0.116978 2.48556e-49 0.280787 4.37939e-75 0.078228 2.60191e-37 1.30939e-111 0.000114196 0.15377 0.169943 5.65792e-19 0.180016 4.97356e-63 0.0362991 3.38487e-53 2.78353e-08 9.56869e-138 7.99288e-55 1.73434e-13 1.62495e-35 0.00209659 0.181214
9.89639e-31 8.05319e-79 6.4786e-06 5.14596e-62 8.81501e-55 1.87978e-74 4.33683e-101 2.60363e-53 6.8245e-21 7.19665e-64 9.91239e-30 2.79387e-62 1.7394e-81 0.135015 3.71198e-74 1.15908e-08 2.46378e-57 1.55597e-42 0.206553 1.80212e-54 7.38923e-119 2.29346e-73 0.570353
9.23365e-18 0.0630715 1.29453e-72 9.56606e-27 0.00181221 4.70158e-94 0.106423 7.70614e-51 2.12408e-28 5.34735e-56 5.95601e-25 1.72672e-35 2.53832e-05 6.31794e-14 8.60091e-29 3.62377e-50 4.6945e-10 1.99951e-59 4.15604e-10 1.79229e-91 1.01187e-06 2.84622e-78 4.86837e-109
3.49279e-62 2.95213e-34 0.0285392 1.73761e-55 8.17336e-61 3.0592e-124 1.39343e-60 1.52587e-114 6.29915e-21 1.40596e-73 1.86965e-87 2.20816e-24 3.47447e-39 5.83515e-67 2.26189e-31 2.65131e-67 8.02868e-79 7.52866e-71 1.04887e-64 3.21829e-43 3.94162e-54 1.37047e-45 1.2711e-71
0.00415155 1.02693e-60 0.022349 5.93092e-84 1.05723e-57 3.10814e-64 3.83001e-60 4.05712e-117 3.88099e-33 7.42912e-12 2.32541e-130 9.89241e-109 4.61798e-31 5.35065e-60 2.45746e-78 2.27099e-16 6.20389e-56 3.80615e-25 1.32316e-76 1.28822e-39 4.61338e-16 2.94212e-15 8.94673e-74
3.13061e-57 8.02931e-47 6.78457e-47 1.47322e-54 1.06024e-42 7.54827e-92 0.423944 3.14013e-66 8.97583e-46 3.54257e-42 4.45197e-50 7.17086e-72 5.19731e-62 9.7381e-81 5.68845e-88 2.74936e-68 4.52361e-12 0.323125 1.30838e-98 1.40421e-53 1.10297e-09 2.03174e-09 0.0241927
5.74723e-09 3.05681e-33 1.12183e-60 5.11347e-119 2.6521e-26 9.74014e-141 2.3364e-42 5.57665e-75 1.11377e-58 3.64997e-82 2.28595e-119 1.98278e-74 4.08914e-64 0.0122036 1.87073e-73 0.0504803 4.36012e-30 4.11099e-101 1.89136e-102 1.16171e-13 2.28014e-61 2.9402e-59 1.65148e-134
3.04141e-27 1.49392e-95 1.75643e-33 1.21185e-78 0.313267 1.54619e-35 1.79776e-24 0.0253436 0.128056 1.57153e-14 1.32455e-13 0.200997 2.356e-54 9.15529e-47 1.57079e-28 2.99687e-24 0.0503627 0.184633 1.25814e-30 6.95355e-23 0.394149 3.00521e-43 5.47171e-51
1.58287e-79 2.26299e-85 2.67238e-24 1.07443e-20 1.62621e-32 5.83545e-132 2.47105e-60 1.6675e-71 1.68308e-36 0.00287919 1.69101e-52 8.74785e-95 4.0792e-88 3.47825e-40 2.66396e-58 9.27628e-72 2.36949e-65 9.38068e-122 1.27968e-141 1.10035e-97 0.182463 1.2565e-86 1.09606e-105
