0.00391951 5.41274e-21 3.12288e-23 7.52467e-40 1.00806e-06 3.80732e-19 0.0103524 3.44135e-26 3.20121e-48 6.3846e-06 1.50456e-16 0.0677422 7.16764e-27 9.65077e-05 8.55542e-43 3.92283e-31 1.05915e-44 0.00017635 4.62004e-18 6.96521e-21 1.50308e-12 1.29299e-37 2.3397e-07
8.82232e-17 1.38796e-18 1.52621e-05 6.58321e-42 0.0333954 5.42012e-23 1.34165e-21 6.7909e-32 3.70932e-25 6.13245e-36 1.35667e-10 0.000524389 1.47127e-19 1.08505e-22 1.12633e-46 0.0718435 5.05459e-14 0.000177688 2.33109e-21 0.0234176 5.53168e-35 1.80277e-32 5.29085e-19
1.84326e-19 1.85977e-13 4.84937e-21 1.9481e-16 2.96576e-27 5.80635e-26 1.147e-16 2.78297e-13 8.47104e-47 3.0431e-24 0.00111428 0.219283 2.25255e-15 3.58921e-21 2.10033e-27 1.92905e-33 1.36137e-17 1.06944e-18 2.09083e-32 1.54223e-23 7.36724e-16 2.63673e-30 2.46466e-20
2.78775e-35 9.09056e-43 2.58899e-35 4.39582e-28 1.18077e-37 4.45194e-08 2.08855e-22 1.93746e-11 7.7471e-11 3.31684e-29 1.59034e-29 0.897702 4.91447e-28 1.17704e-11 0.00312505 4.50128e-36 3.12342e-46 0.00460602 5.80364e-22 2.94997e-31 4.83903e-13 1.09779e-09 0.00235603
8.52321e-14 3.69796e-40 5.1603e-44 2.05618e-23 1.87645e-32 8.04456e-40 1.17103e-25 2.35984e-18 9.65192e-44 9.03936e-05 2.37783e-12 1.683 7.4291e-17 0.000126685 4.13122e-34 2.5914e-26 4.2245e-35 1.28256e-23 4.42709e-20 1.66071e-38 3.56643e-09 7.78119e-28 2.03098e-14
1.2803e-27 0.0315032 6.56776e-29 1.12884e-40 0.00810339 3.91484e-40 2.33824e-28 0.000203087 0.0260074 2.61507e-05 1.68288e-06 0.157971 0.0229046 5.16312e-22 9.20453e-35 7.53806e-36 3.69494e-35 6.78724e-31 2.48383e-40 1.78827e-27 0.00343723 8.37163e-07 1.07387e-24
9.18457e-27 0.0239986 2.77598e-21 9.77948e-19 8.38241e-37 1.79904e-09 3.49958e-15 1.54936e-29 5.67197e-40 0.0119453 4.17343e-25 1.88912e-08 4.73426e-15 3.88009e-17 9.68874e-10 0.0823085 2.08533e-36 8.30518e-26 0.0520182 3.73451e-35 0.012203 1.21759e-22 3.82272e-09
6.45438e-32 3.33859e-25 3.58572e-23 2.13593e-19 2.18887e-17 5.04377e-16 1.4921e-14 1.72647e-19 2.33029e-26 3.3706e-32 3.82999e-08 0.00175354 1.83729e-20 0.00501773 1.67349e-10 0.0546004 3.37447e-12 0.00031523 1.29436e-18 8.44125e-27 6.23355e-22 3.05701e-28 0.00216917
1.18006e-08 4.77121e-08 3.40658e-25 8.42188e-10 2.80506e-30 3.27683e-21 3.31142e-12 3.88809e-26 4.53049e-33 9.8046e-34 1.16262e-26 0.525945 7.65141e-05 4.78702e-11 4.9302e-47 0.418618 4.92327e-07 3.05205e-43 7.39866e-22 2.73638e-11 3.2142e-11 8.58848e-30 0.0194814
1.56984e-35 2.093e-42 5.9587e-15 3.36612e-30 2.94763e-35 9.69403e-38 1.20161e-18 1.13587e-18 2.06248e-25 4.7398e-28 0.0229044 4.33305e-07 7.13736e-06 1.7971e-20 2.28654e-41 0.0141708 3.83663e-33 1.27891e-21 3.47316e-22 8.48945e-17 6.09188e-38 8.09222e-13 4.80283e-19
3.55293e-23 7.0099e-26 0.0432205 5.62179e-37 1.1015e-27 2.11193e-10 0.140324 4.19384e-27 0.000913546 2.02156e-31 2.02252e-20 0.0115187 2.16047e-05 8.78529e-25 2.39058e-29 7.85531e-25 0.0434402 1.08627e-09 1.71681e-06 1.72014e-41 8.65528e-29 3.30954e-35 9.05892e-10
2.11784e-26 6.78164e-38 4.18119e-31 0.00578969 6.06735e-38 1.82816e-24 7.41071e-14 3.61511e-08 6.78818e-20 2.34845e-27 3.27562e-23 0.166099 6.46938e-09 3.07284e-27 0.0277845 2.77283e-19 3.5018e-14 6.46365e-25 2.15674e-32 2.00484e-20 4.29441e-49 2.48572e-18 2.81266e-16
2.75137e-10 7.05813e-21 2.15739e-35 1.20165e-19 8.16737e-22 1.67178e-15 4.43121e-07 4.09851e-28 6.62658e-21 3.40138e-31 2.98277e-20 0.266557 2.57152e-20 7.47778e-15 2.28268e-10 1.26082e-30 1.65685e-18 3.43489e-28 1.49665e-07 2.86393e-27 1.55531e-31 0.0108089 4.83088e-21
8.46938e-29 4.18117e-31 6.14708e-15 2.54115e-08 3.79447e-27 0.0436746 4.15008e-11 0.0108893 5.69929e-49 3.22073e-27 1.98081e-06 1.61983e-25 1.99384e-07 0.000784243 1.01623e-46 1.86161e-05 2.41316e-32 7.35427e-18 1.28313e-07 2.01202e-37 3.05848e-12 3.17666e-06 0.0687208
