4.12986e-118 1.1998e-10 0.0812888 1.4971e-23 0.151371 4.73597e-18 1.14563e-81 0.0389443 7.04608e-185 1.78612e-35 6.79495e-13 2.7571e-146 3.10114e-75 4.05819e-133 1.63182e-104 5.23123e-42 2.04103e-93 3.67733e-75 2.93266e-90
1.2065e-141 1.60164e-09 1.15945e-75 1.01087e-47 0.584792 3.09447e-33 4.41225e-28 8.78779e-22 6.06463e-198 0.120933 2.36026e-39 8.38716e-87 0.00226214 1.06393e-113 2.21062e-83 3.27543e-41 3.10427e-69 4.6242e-78 0.0905656
3.37656e-108 9.81509e-61 1.06229e-31 7.26106e-78 2.81647e-66 1.246e-109 0.0859376 3.75355e-11 8.71247e-179 8.91559e-140 1.95847e-127 9.01493e-56 1.27828e-30 1.3431e-87 3.87111e-102 8.46879e-23 2.53855e-55 6.65321e-42 4.91276e-87
0.303632 1.16392e-79 0.0225622 4.06783e-27 2.81001e-151 3.57523e-85 8.36588e-33 3.74125e-34 0.470565 6.01139e-13 2.0952e-10 0.187555 1.58443e-74 9.62493e-131 7.63558e-114 2.65605e-69 4.45353e-40 2.91421e-63 2.15593e-98
4.27908e-64 1.75969e-67 5.47961e-22 0.0277094 3.92446e-16 1.49449e-98 8.6716e-07 4.63207e-18 2.9572e-149 1.6206e-48 4.99766e-61 1.07972e-80 0.0476124 3.29829e-82 4.2094e-130 1.37006e-53 1.78738e-107 4.46122e-26 4.01291e-07
5.49742e-118 0.00688055 1.8706e-75 5.82515e-62 2.09443e-70 1.1003e-57 1.17844e-23 4.82596e-87 7.84918e-115 6.17501e-110 8.17826e-127 7.94629e-98 5.50192e-98 1.63286e-124 1.3591e-21 0.431533 7.60838e-67 0.0696226 8.88006e-77
3.7842e-105 0.122338 1.36487e-73 1.22964e-48 7.26535e-105 1.0968e-61 5.69859e-84 1.11195e-62 2.43874e-122 4.27692e-155 2.3623e-114 1.64291e-102 7.36658e-36 2.24049e-138 5.53094e-117 3.38527e-67 7.89882e-27 8.45806e-70 1.94465e-157
3.9113e-146 1.84627e-84 4.28529e-49 0.174992 3.49446e-134 7.4515e-150 1.014e-08 1.40346e-90 6.84558e-67 2.62463e-79 8.00747e-87 4.66333e-114 2.27907e-05 8.30635e-59 7.3817e-112 6.07086e-34 2.41882e-66 3.27587e-54 2.1608e-30
1.07654e-92 2.91709e-35 4.0638e-59 0.0765898 1.36657e-133 1.47736e-92 1.95405e-17 2.14677e-100 4.78212e-163 5.17529e-24 6.97618e-110 1.42818e-62 1.59328e-45 5.81271e-77 3.28137e-78 1.84734e-59 1.61205e-99 7.2073e-67 1.3896e-140
4.44688e-141 7.84801e-94 1.64744e-71 0.154568 6.21205e-133 0.0463386 3.29132e-10 3.87245e-85 1.5137e-150 4.72807e-31 2.06128e-25 5.97554e-120 0.000490469 5.91462e-139 4.75955e-92 4.33062e-58 0.0917867 1.15e-26 5.3356e-133
8.55141e-88 2.84493e-97 2.79067e-76 1.05534e-20 1.25294e-67 9.11694e-83 3.92435e-40 1.28869e-93 2.25605e-145 1.03483e-11 0.0827276 8.55571e-21 6.5586e-72 0.227035 0.350414 9.03068e-23 0.920488 9.08345e-72 2.54597e-150
5.00637e-79 5.09516e-87 1.16904e-30 1.06166e-29 2.78651e-62 4.88518e-42 3.38481e-55 2.46138e-76 2.39519e-42 0.108809 1.12398e-55 2.2287e-80 5.49147e-83 7.18231e-44 3.32981e-40 2.94116e-76 1.22932e-67 5.5958e-104 3.80743e-60
8.68837e-178 3.0951e-65 1.55816e-12 1.91934e-80 1.13604e-71 2.86838e-133 5.19121e-80 2.6983e-40 1.92326e-196 6.30375e-96 0.116024 3.92398e-111 1.40004e-24 2.35492e-119 1.22535e-51 1.52477e-26 1.94888e-114 3.04113e-81 1.47441e-86
