1.74405e-321 1.19523e-217 1.72098e-150 5.47919e-321 1.66796e-169 5.87444e-321 2.96439e-323 4.69794e-284 4.95449e-320 0.168258 1.10091e-150 1.57607e-321 9.10277e-145 1.21854e-208 5.58788e-321
6.88571e-47 5.88585e-83 1.52715e-137 2.96091e-53 1.01827e-320 3.44858e-321 2.96439e-323 3.01144 9.53329 5.14692e-119 1.08988 1.44581e-113 1.67038e-87 1.88068 5.68175e-321
5.43029e-166 0.468547 2.00184e-175 1.80979e-194 2.68343e-172 1.86755e-38 1.8254e-115 1.18705e-146 3.5133e-320 2.54938e-321 2.37114e-234 0.0453594 4.92928e-162 7.70975e-146 5.58788e-321
2.04049e-321 2.35102e-193 3.09285e-321 7.713e-55 6.9268e-321 8.68073e-321 6.91692e-323 6.745e-296 2.13361e-258 5.92497e-42 2.57683 2.60129e-65 0.495554 1.89147e-159 4.13428
2.83435e-155 1.03595e-212 1.48715e-272 1.18132e-218 1.90211e-194 3.65115e-321 3.82316e-284 5.83489e-282 2.02675e-199 2.16196e-68 0.445293 1.63933e-318 4.24116e-142 5.79935e-59 4.13533e-321
1.0368e-204 0.00614858 3.92414e-101 2.12933e-190 1.84023e-137 1.01086e-296 2.7829e-52 1.96391e-320 5.72375e-320 6.05618e-237 7.4185e-227 1.70626e-210 3.04265e-267 9.38364e-266 7.26771e-321
0.00274025 0.00015036 0.00460983 0.0113317 0.0169609 0.00928664 7.38946e-05 7.90505e-323 2.42092e-322 2.47033e-323 7.36773e-306 9.88131e-324 9.88131e-324 1.07482e-284 2.47033e-323
4.66717e-216 5.7067e-98 1.31688e-225 1.28584e-150 1.00766e-243 1.41542e-27 1.405e-150 1.80124e-311 1.17562e-246 1.07574e-224 0.630934 2.25387e-154 8.10268e-322 3.77335e-127 3.22131e-321
1.01273e-234 0.000168787 1.04043e-142 1.21011e-95 1.05279e-240 2.90101e-126 3.60551e-273 1.29889e-232 1.6376e-223 1.58595e-321 1.09498 1.21003e-191 7.90505e-322 3.28633e-192 2.63831e-321
4.70886e-216 1.87088e-145 5.33591e-322 7.13961e-64 1.32904e-320 1.23579e-19 4.94066e-324 1.70304e-320 4.07999e-320 3.15166e-60 1.14424e-248 1.38037e-299 2.07163e-25 0.391674 6.77639e-45
6.70441e-137 2.97428e-321 2.06519e-321 7.55267e-257 1.63042e-285 3.86853e-321 8.74836e-50 1.22479e-320 6.3117e-111 4.24402e-321 2.14744e-42 1.64524e-321 2.32771e-72 0.309539 7.8507e-321
1.29445e-321 2.32705e-321 1.31058e-187 8.55988e-88 6.44262e-321 4.93311e-119 4.45504e-312 2.94597e-12 3.81226e-157 0.505682 1.99273e-184 9.77721e-44 1.38192e-220 0.0284927 1.25888e-320
1.50196e-321 2.37646e-321 2.73218e-321 3.91612e-156 4.07301e-199 3.47328e-321 2.96439e-323 1.12084e-175 4.649e-70 0.29192 0.0330801 0.306561 0.0108267 6.69978e-24 4.38236e-321
