13.5868 0.124025
3.62562e-17 2.79363e-115 1.05583e-83 4.30668e-11 5.66822e-18 1.69367e-54 1.6926e-139 7.55358e-50 6.0271e-22 3.08719e-157 0.388288 1.69046e-127 1.97339e-44
5.18447e-115 5.34099e-71 2.57219e-21 4.94826e-83 1.35465e-23 0.0703392 8.62169e-40 7.05244e-119 2.42748e-15 4.01502e-142 0.107349 3.09287e-100 2.20993e-09
0.243911 9.31604e-37 4.07318e-89 3.50226e-46 3.27059e-73 1.43325e-80 1.53692e-143 1.14252e-99 1.35666e-82 5.92271e-91 1.60624e-62 9.49042e-07 1.06412
6.09762e-78 7.07886e-97 9.09484e-117 4.29895e-16 0.07571 6.60813e-122 1.93832e-82 1.35737e-124 2.43577e-49 1.54655e-60 0.286098 0.630374 2.48469e-33
5.27136e-22 1.01191e-66 4.45011e-72 3.9302e-49 1.75478e-29 1.80206e-99 2.50075e-178 3.80681e-103 2.90935e-56 5.32314e-126 1.59989e-102 1.7316e-105 0.352343
2.57838e-75 0.0409651 9.176e-66 6.27053e-16 3.0427e-29 4.89603e-127 1.898e-166 1.06937e-81 3.24676e-90 3.56025e-153 9.29598e-29 1.10541e-69 0.0902123
1.69516e-180 3.53856e-175 8.21472e-62 8.12574e-81 2.69825e-20 2.65649e-14 0.162557 0.151813 6.32556e-19 0.222876 4.77311e-45 3.7816e-55 2.43273e-31
5.56201e-51 1.89539e-05 7.77995e-68 4.13204e-51 3.43985e-48 7.42871e-68 1.52766e-176 3.99777e-72 1.70948e-62 9.4312e-155 1.85432e-92 2.5644e-58 1.34471
9.56619e-107 3.48547e-94 3.46001e-41 6.07756e-46 1.02692e-65 5.36471e-98 4.39844e-53 2.22596e-58 0.0331836 2.22281e-85 2.03841e-22 12.3744 5.87218e-29
3.62669e-62 1.18572e-122 9.01924e-12 6.48511e-17 5.28878e-05 4.22777e-115 2.81917e-130 2.69922e-57 1.52917e-61 8.11788e-128 2.52974e-10 1.05562 0.0854474
1.30483e-62 1.4683e-18 1.31749e-87 0.0713449 1.11213e-18 1.09136e-118 1.02208e-120 8.20058e-54 0.911139 5.05406e-52 1.01111e-07 1.62902e-28 0.0332062
3.34286e-22 1.05246e-112 9.03094e-49 1.22873e-57 4.44962e-44 2.29713e-68 6.176e-112 1.6268e-76 0.381378 5.27267e-140 4.65948e-23 6.36962e-63 2.30461e-17
