1.39178e-320 5.87938e-322 4.41973e-241 1.89672e-320 9.23409e-321 1.41303e-320 2.54938e-320 1.10424e-320 0.413637 5.15805e-321 2.60685e-179 6.1363e-321 5.66199e-321 6.24499e-321 7.27677e-209 4.77465e-320 3.85915e-320
3.20482e-126 2.09774e-265 6.23766e-108 3.02912e-320 1.42734e-11 0.511024 4.66892e-320 2.39572e-320 1.30335e-320 1.09732e-320 7.92481e-321 5.70152e-321 1.1324e-320 4.63434e-321 4.57999e-321 4.87692e-320 4.34432e-320
3.27233e-51 9.66174e-53 1.27103e-37 7.46703e-08 0.217705 5.38532e-322 1.76381e-321 7.5592e-322 9.73309e-322 4.05134e-322 4.44659e-322 4.10074e-322 4.69362e-322 3.35965e-322 2.86558e-322 3.22625e-321 3.08791e-321
2.18316e-280 1.70453e-321 4.99994e-321 4.27367e-320 6.02266e-321 8.96729e-321 3.9545e-320 8.95741e-321 0.167954 7.18866e-321 0.729488 7.45545e-321 7.06514e-321 5.88926e-321 1.40823 3.90806e-320 6.94607e-320
2.40034e-253 8.42621e-149 5.34085e-321 3.94249e-27 6.17582e-321 6.60566e-321 1.98861e-320 1.03951e-320 1.10431 7.77165e-321 5.09876e-321 5.93373e-321 6.02266e-321 2.66072e-210 7.55143e-96 9.24397e-320 4.21191e-320
1.05585e-237 4.10197e-220 5.8448e-321 2.46539e-320 7.80437e-255 3.00304 3.25589e-320 3.705e-320 1.03525 9.57499e-321 6.37345e-321 1.08151e-320 7.68272e-321 1.97473 3.35202e-105 5.26773e-320 5.2702e-320
2.27814e-320 7.85564e-322 8.29042e-321 2.25541e-320 2.62022e-46 7.85617e-140 2.24207e-320 1.32755e-320 1.11165e-320 7.1096e-321 0.0971727 4.76279e-321 6.20052e-321 3.74996e-321 5.43444e-215 3.34729e-320 4.5207e-320
2.13338e-320 1.30917e-283 1.46353e-164 2.31277e-68 1.2569e-320 0.14497 2.13486e-320 1.1403e-320 1.52469e-320 4.90113e-321 6.46238e-321 5.67187e-321 8.58192e-321 0.000600696 2.08739e-157 8.13924e-320 3.74897e-320
4.19529e-96 2.51973e-322 5.10827e-121 2.2648e-320 7.21336e-321 4.68374e-321 1.51283e-320 6.4772e-321 6.9748e-273 3.60668e-321 0.0414684 3.47822e-321 3.96735e-321 2.73712e-321 2.95451e-321 2.58298e-320 2.75639e-320
0.000307609 2.08719e-12 2.47198e-13 0.186199 1.04889e-08 1.33398e-322 4.59481e-322 2.17389e-322 2.71736e-322 1.03754e-322 1.08694e-322 1.18576e-322 1.08694e-322 8.89318e-323 6.91692e-323 8.49793e-322 8.84378e-322
1.15068e-320 1.31916e-321 1.06965e-320 2.61066e-108 6.68471e-321 0.36354 3.07161e-320 1.78061e-320 1.1902e-320 4.41695e-321 3.36977e-317 4.26873e-321 5.04935e-321 5.03453e-321 1.70803e-84 3.10965e-320 4.27811e-320
0.0195304 0.00122904 0.00986882 0.00376896 0.000561929 1.97626e-323 7.90505e-323 3.45846e-323 2.47033e-323 2.47033e-323 1.4822e-323 2.96439e-323 3.45846e-323 1.97626e-323 1.4822e-323 1.67982e-322 2.2233e-322
3.10129e-68 7.26276e-322 7.39122e-321 4.04541e-320 1.31817e-320 8.84774e-225 2.59533e-320 9.71333e-321 0.218909 6.75388e-321 7.94952e-321 9.20938e-321 7.86058e-321 4.14349e-242 3.60668e-321 8.63231e-320 7.47521e-320
1.94612e-320 9.73536e-260 4.39718e-321 1.56919e-89 7.86553e-321 4.88958e-216 2.67981e-320 7.22818e-321 1.64326e-320 5.43472e-321 0.412272 4.32802e-321 5.41002e-321 3.06815e-321 2.83985e-154 3.75539e-320 3.99106e-320
2.9375e-203 9.28843e-322 3.58658e-175 3.97525e-320 6.12054e-60 8.04339e-321 2.91054e-320 2.16895e-320 2.76123 7.0849e-321 7.30723e-321 7.33687e-321 6.38333e-321 6.65506e-321 5.34085e-321 1.32029e-319 4.43226e-320
1.17588e-320 8.20149e-322 1.4906e-320 3.47674e-320 6.61554e-321 0.466439 39.959 18.7183 6.50882e-320 13.2168 0.431985 15.2101 18.7638 2.44008e-309 1.47011e-06 88.4237 114.749
