1.00265e-185 6.70112e-14 7.91776e-162 3.57102e-140 8.31319e-80 4.56142e-14 0.160848 5.57665e-39 5.38798e-106 8.09088e-14 1.54015e-14 4.39858e-96 1.28372e-264
3.47309e-71 1.34722e-80 6.32854e-48 2.25339e-120 2.77895e-122 0.125266 1.01108e-20 2.77445e-156 1.56749e-07 9.63278e-46 3.3316e-18 2.48319e-06 6.16321e-209
0.00128392 0.00614183 0.000436903 0.000872983 5.42079e-192 1.41824e-175 4.21888e-154 5.4348e-186 7.83635e-111 7.25204e-89 1.46883e-135 1.8439e-105 1.89117e-272
6.62699e-101 1.67509e-96 4.53097e-20 6.37186e-121 2.40269e-153 6.49645e-157 3.99124e-92 8.46825e-100 0.245927 5.79608e-79 1.0714e-69 2.61323e-46 2.41863e-154
6.0109e-141 3.66668e-12 3.5995e-32 7.59014e-10 3.45642e-120 1.84728e-40 2.44665e-137 6.93442e-102 1.01979e-11 1.77283e-23 0.192451 0.0689506 0.117273
3.37781e-40 8.51885e-60 3.10125e-104 4.6731e-97 3.22996e-63 3.76724e-106 8.56871e-137 1.70652e-66 1.0498e-61 0.0692116 1.28468e-59 1.56571e-52 4.12348e-225
2.69962e-06 1.87461e-14 3.39358e-67 7.0887e-78 4.26117e-85 8.04297e-78 2.22491e-68 9.43738e-76 0.169437 3.34437e-82 2.18526e-137 5.59381e-87 3.89999e-217
6.21491e-222 3.63256e-49 1.31005e-11 2.79002e-12 0.199886 8.58131e-36 4.27706e-51 3.16046e-142 3.77266e-87 3.34097e-45 1.08996e-86 3.33968e-42 6.19987e-84
3.60029e-57 7.61577e-60 2.11485e-82 1.83695e-205 1.56376e-25 4.92916e-140 1.13315e-23 3.59618e-161 9.27825e-39 1.62494e-10 0.141143 1.74794e-43 1.64363e-97
3.67315e-160 1.20234e-95 5.21978e-183 2.46267e-176 1.55792e-92 5.97633e-10 6.07274e-124 0.318158 5.80519e-97 0.00766496 0.0980421 1.59477e-97 5.63057e-34
1.97829e-28 6.18064e-40 0.0749362 5.35129e-58 5.642e-192 1.62966e-155 1.90763e-109 3.27162e-159 1.06322e-71 9.89007e-87 5.62231e-109 1.55763e-103 1.96819e-232
5.37766e-63 4.26782e-31 2.62094e-74 5.90736e-05 2.71728e-70 2.20292e-165 2.25037e-149 1.09666e-118 1.76588 1.14028e-86 1.50187e-90 3.82861e-79 3.30696e-187
4.76218e-77 9.28205e-118 0.00313941 7.55318e-08 1.2731e-129 1.17137e-121 5.70583e-21 6.9277e-153 0.296339 1.61149e-30 5.63604e-129 1.76198e-36 3.27877e-107
3.11487e-05 1.40487e-06 0.000284732 0.023316 1.27106e-187 2.2844e-167 4.58365e-141 4.10593e-180 4.97662e-103 1.79805e-79 6.37098e-133 3.73928e-101 1.18037e-262
6.19572e-87 8.53668e-93 2.86796e-22 2.21421e-22 8.09539e-86 3.89895e-139 1.52868e-77 1.04631e-185 0.0710026 0.108848 1.43713e-98 7.70118e-86 5.94169e-236
