0.246842 3.0376e-144 9.17429e-283 1.17915e-251 5.18275e-321 1.68218e-161 5.62348e-86 4.42674e-38 2.01077e-178 4.40826e-202 6.56119e-321 2.88534e-321 1.79692e-107 3.21143e-321 1.26317e-286 7.65802e-322 9.31836e-250 1.7984e-321 7.04764e-227
4.67107e-197 5.04184e-156 1.52253 0.439319 1.26045e-233 3.09266e-55 2.6246e-17 1.84315e-40 1.68565 1.46813e-230 2.88186 1.02187e-194 3.43687e-125 6.37345e-321 3.04456 3.76074e-93 1.60833e-17 1.07477 3.06815e-225
0.527423 1.35544e-39 4.67386e-321 1.09819e-70 6.69953e-321 3.5788e-59 9.14416e-72 0.033224 5.578e-321 3.34803e-116 3.03345e-254 9.5988e-251 1.52021e-25 6.64048e-128 1.18563e-66 0.213909 6.10728e-126 2.37152e-321 0.829334
3.03433e-15 1.07546e-27 4.3253e-229 1.63877e-19 4.84678e-321 5.5593e-257 5.19677e-137 4.09394e-10 8.6314e-253 4.76632e-182 7.94952e-321 2.50104e-313 0.12401 2.96933e-321 2.29715e-160 7.16395e-322 9.23735e-135 2.7223e-321 4.13939e-146
3.69137e-235 1.09691e-50 5.83986e-321 8.36508e-247 2.42446 2.96313e-115 2.64033e-166 1.19464e-60 1.38174e-73 1.34581e-17 1.02617e-320 1.79806 3.95338 1.40661 1.29686e-274 0.00040801 0.407424 3.50293e-321 4.93272e-102
5.06011e-152 3.98851e-53 2.93969e-321 3.01101e-51 4.65352e-283 0.0853314 0.869443 3.54191e-182 9.01319e-254 1.35239 4.77267e-321 1.88881e-310 8.51346e-155 3.61117e-207 5.18407e-119 1.18389e-288 3.44162e-181 2.1146e-321 9.46696e-174
0.0175226 3.97219e-48 2.77171e-321 1.28518e-19 3.33038e-217 1.89511e-77 8.20939e-11 2.88158e-143 2.43087e-155 1.25073e-209 5.09382e-321 3.90312e-321 1.17094e-77 1.92456e-258 4.54771e-192 8.58441e-42 0.324333 2.79641e-321 2.74206e-321
2.2645e-64 1.53531e-17 3.74008e-321 9.10033e-201 4.91101e-321 1.55893e-183 1.84016e-105 0.477884 3.41544e-128 6.54708e-211 6.28452e-321 3.72031e-321 4.92769e-86 3.4881e-321 2.66969e-147 3.37186e-51 5.66455e-244 1.57607e-321 1.57859e-273
3.64689e-153 0.0834045 2.77994e-307 1.1036e-92 2.22944e-274 0.284748 4.9022e-30 1.31133e-125 6.07444e-267 9.67345e-139 5.66693e-321 3.28554e-321 3.71686e-155 3.81419e-321 2.99336e-123 1.57726e-287 2.04339e-18 2.49997e-321 2.11014e-286
5.53757e-80 4.4753e-84 3.3053e-321 5.53259e-225 5.2865e-321 7.60618e-154 4.45979e-191 1.43382e-109 6.88028e-218 2.75452e-64 3.70055e-321 4.49106e-321 0.0364527 2.40116e-321 7.21185e-81 3.74118e-50 5.35919e-87 2.12942e-321 1.14487e-262
