4.4213e-52 4.10917e-144 7.37366e-70 1.87755e-196 5.53464e-158 1.22615 4.14896e-73 2.7393e-200 9.34839e-133 1.05298e-140 2.67295e-156 1.64156e-284 6.52757e-167 4.54824e-225 3.09542e-153 0.0528615 4.29952e-233 3.43584e-109 3.9969e-55 7.56381e-118 2.06115e-58 1.51859e-200 7.27036e-173 5.21999e-166 3.72466e-87 0.719834 1.96366e-101 1.53657e-63 7.5994e-102
4.02798e-55 5.56149e-192 7.53456e-23 2.63101e-282 8.98078e-93 2.88592e-139 1.82036e-90 9.48384e-138 1.5149e-176 2.78026e-123 1.47356e-165 5.51736e-203 5.12453e-133 5.56328e-244 1.13924e-168 5.65672e-61 2.19859e-321 2.28437e-107 1.78365e-97 7.44423e-120 2.49234e-160 5.43485e-162 4.94066e-322 2.27971e-54 1.52865e-146 6.24222e-78 1.24819e-137 1.36898e-171 0.0769887
4.08173e-124 8.9708e-104 5.62955e-98 1.96964e-214 2.01895e-28 2.14914e-57 2.01725e-153 1.50102e-166 2.27053e-185 2.75278e-179 6.93934e-173 4.37341e-181 2.16287e-220 2.12591e-311 4.42317e-217 0.0763063 2.02243e-291 1.24253e-263 4.53453e-206 5.8051e-193 0.0952488 7.22967e-161 4.69362e-322 1.07023e-141 3.36553e-89 4.99725e-133 7.3578e-192 2.16611e-203 6.32485e-05
4.99754e-67 1.09453e-138 2.78098e-59 2.26212e-196 7.0955e-97 1.02863 7.84858e-166 2.24108e-173 2.31577e-213 7.87505e-191 1.98741e-142 6.55022e-131 4.72531e-208 1.86511e-283 1.48488e-289 9.0067e-99 1.6227e-284 1.79518e-198 2.65032e-176 2.99874e-191 5.1185e-39 1.86651e-192 4.34778e-322 2.69427e-173 1.91583e-89 2.25043e-66 1.932e-74 1.62394e-136 1.46749e-116
5.35936e-125 5.25037e-28 4.02856e-48 1.42272e-167 1.19946e-100 0.0789124 4.64299e-116 2.40021e-189 1.15563e-252 0.263438 4.9251e-103 1.08318e-178 1.57606e-180 1.60077e-321 1.28742e-222 2.95674e-14 3.12754e-152 7.35908e-204 3.03875e-162 1.45456e-97 3.02331e-31 5.33277e-204 2.82643e-209 1.69085e-104 6.31639e-62 1.70219e-161 1.07085e-192 2.85243e-115 1.49641e-40
1.97263e-13 9.10494e-111 3.70974e-95 1.59347e-55 0.236926 3.62349e-56 5.36338e-95 3.16429e-219 5.66282e-103 3.41545e-99 1.27013e-140 2.11644e-211 7.1564e-236 4.76281e-204 4.20198e-211 1.68712e-102 5.3015e-122 1.27109e-65 1.07488e-229 1.63878e-153 9.66079e-114 1.07136e-249 3.3354e-316 1.56271e-175 5.13239e-59 2.9137e-159 9.07609e-141 2.56523e-121 4.63971e-96
1.48081e-147 8.80015e-25 0.0441285 7.31728e-18 6.64854e-85 3.55552e-132 1.24359e-101 3.1505e-141 2.83843e-171 1.16203e-41 1.79134e-17 8.59398e-64 6.86001e-127 2.08002e-321 1.38545e-147 5.09187e-104 2.29539e-185 2.2672e-84 0.28758 8.71846e-232 5.34962e-42 3.08672e-45 8.05327e-322 2.12359e-27 2.00162e-73 2.17281e-143 0.157069 6.68115e-135 5.83761e-71
2.35214e-117 4.99504e-72 0.185933 2.23762e-279 1.50831e-49 4.01482e-94 4.49624e-77 1.73486e-113 6.59442e-260 9.05627e-191 1.63591e-90 1.04082e-191 1.71117e-285 1.48881e-304 2.52e-55 2.16382e-71 4.271e-219 2.54515e-222 3.11101e-87 2.34234e-133 7.92134e-09 2.21376e-283 7.86121e-297 2.29285e-136 2.06861e-149 3.86458e-26 1.22265e-60 2.0438e-165 3.19176e-107
6.6237e-144 6.21356e-119 3.79929e-77 8.86023e-241 0.121215 2.76265e-142 5.62748e-119 2.22978e-203 2.01817e-206 5.14617e-214 5.86541e-150 7.64911e-185 5.48934e-94 6.15511e-275 7.87508e-243 5.78504e-35 5.51495e-127 7.64108e-257 1.68564e-195 4.96973e-138 3.55499e-120 1.44045e-126 2.64496e-242 1.08245e-124 3.22617e-58 1.47868e-162 8.55643e-57 2.35545e-144 9.01924e-138
8.66336e-122 1.25254 5.75734e-16 0.274854 0.0511 1.60563e-111 4.38232e-35 2.00224e-153 9.72391e-211 4.29735e-31 0.137952 3.62949e-194 0.359688 4.10055e-260 6.00174e-128 8.29326e-13 3.00553e-260 2.81659e-193 2.20276e-164 6.8487e-52 9.14653e-108 1.22616e-23 2.37764e-243 1.13949e-111 0.473428 4.84968e-161 1.27764e-95 2.9278e-58 1.68608
2.54297e-94 1.03684e-29 5.59535e-37 2.49435e-199 7.45702e-36 2.52237e-121 0.620388 0.452889 2.05745 1.27833e-67 6.44145e-52 0.176165 1.31861e-140 0.623712 0.473457 7.83787e-27 0.891251 0.478107 3.3365e-75 0.330714 1.606e-13 0.259313 0.234338 2.39531e-143 1.48625e-61 5.17814 4.28862e-29 0.435982 2.02855e-81
0.0990844 7.42439e-104 7.11927e-30 2.3168e-176 7.37277e-29 1.18056e-106 1.00971e-158 4.95907e-235 1.44894e-242 7.01294e-237 7.09967e-129 9.40156e-67 8.1441e-297 1.63536e-321 1.60722e-82 1.26353e-39 4.46194e-110 9.82528e-131 2.14145e-238 1.96726e-246 0.000265332 3.21881e-203 9.24972e-276 0.347961 1.27551e-103 0.232199 0.0296737 3.11288e-89 1.47092e-33
