2.27395 0.213077
7.22731e-06 1.88731e-75 3.71538e-169 5.09184e-189 3.02883e-123 1.59041e-07 1.15352e-50 6.58973e-45 1.36062e-78 0.307538 0.397474 0.162985 1.2369e-88 0.0736149 4.14696e-26 2.92238e-182 2.89089e-133
7.40636e-68 9.49396e-96 3.28036e-165 9.79904e-174 3.1064e-60 2.48014e-120 1.60477e-09 3.90613e-36 1.65682e-80 1.82061e-23 1.41821e-35 6.85505e-282 6.09455e-70 4.31446e-42 1.67458e-89 9.02843e-111 0.171947
7.79174e-189 1.36483e-101 1.5394e-84 1.00727e-51 1.36222e-199 1.09735e-51 3.94993e-117 4.39509e-80 0.0338919 1.7872e-48 9.88536e-146 5.74284e-77 8.75256e-40 6.72502e-72 8.07345e-94 2.91019e-235 1.19109e-172
0.000149067 5.11538e-05 0.0099437 0.000295815 0.00358692 0.00137788 0.000326417 0.000803179 8.37235e-286 3.38881e-166 4.19398e-286 9.78031e-309 6.55942e-180 4.54325e-228 2.94179e-197 1.00755e-270 2.44785e-219
1.27977e-52 1.23177e-96 1.71804e-45 2.02405e-210 4.95631e-119 5.0816e-219 1.58947e-22 9.71817e-97 0.259083 1.48452e-92 2.32274e-12 4.91512e-123 0.159422 9.77652e-149 1.23632e-145 9.01447e-228 2.24398e-97
7.40323e-159 8.41727e-40 1.22405e-160 1.83907e-186 1.84646e-62 2.30987e-239 9.38758e-61 1.31518e-11 1.14477e-132 0.046005 7.78009e-74 4.89972e-151 0.135916 1.60243e-71 6.44745e-129 1.84963e-157 0.199014
8.08935e-81 3.07269e-151 2.17894e-76 2.59628e-54 4.06706e-187 4.07389e-80 9.48085e-08 4.71177e-84 4.0986e-69 6.57638e-122 3.37257e-260 6.57271e-136 2.80385e-105 0.908686 4.44594e-164 1.29546e-105 1.68233e-63
1.39049e-60 3.3849e-181 4.16505e-201 9.61217e-179 3.74191e-72 9.46742e-81 1.48076e-22 2.21596e-109 2.30139e-278 6.66199e-44 8.2814e-226 2.94746e-170 2.8331e-164 3.01025e-216 1.26264e-52 0.265875 2.43206e-100
3.91138e-63 1.06284e-73 5.41845e-90 1.86569e-200 1.03034e-113 1.45885e-38 4.76142e-77 2.64646e-181 3.62282e-56 0.113719 2.49236e-86 8.94769e-34 1.85232e-127 9.48814e-181 0.147026 1.45314e-176 2.12317e-183
0.000127748 7.41239e-09 0.0558412 0.00204574 0.0176933 6.92819e-07 3.48619e-06 1.10595e-05 1.74194e-283 1.32011e-159 3.61995e-280 2.33137e-305 4.46913e-173 9.37569e-220 2.00724e-189 1.1149e-269 9.67034e-215
6.72008e-20 6.04181e-142 2.17389e-320 1.7096e-35 3.62394e-24 8.8933e-167 7.72742e-128 1.03795e-201 6.75847e-223 6.16469e-155 8.82226e-256 2.07687e-89 3.04592e-93 2.82024e-61 7.50845e-149 7.41726e-68 0.142666
