2.8952e-38 3.02804e-61 2.53688e-12 3.79984e-70 3.25762e-140 1.81693e-53 5.17675e-82 2.58587e-07 7.3478e-107 4.91796e-109 0.0847372 0.272208 6.61508e-67 1.70638e-157 0.184748 0.354049 2.40329e-106
1.01488e-50 1.33441e-37 1.8606e-110 4.43255e-82 4.36162e-34 0.0207201 2.52366e-102 3.44472e-112 3.55606e-116 4.09099e-78 2.98873e-121 1.86627e-43 6.27136e-67 1.70179e-148 1.4529e-101 1.78732e-80 0.288466
8.08282e-37 2.05104e-29 1.67866e-29 2.43379e-75 1.91605e-89 5.34862e-05 6.52236e-111 3.2532e-43 1.6696e-154 6.64032e-115 1.47177e-74 3.89693e-50 2.37935e-57 9.2259e-101 3.57609e-111 8.01946e-138 0.10889
4.86693e-31 1.69628e-83 1.49929e-108 2.98381e-54 3.23455e-30 2.1152e-13 5.79997e-160 1.58118e-23 3.20111e-99 0.116377 3.56851e-168 1.06046e-57 1.10094e-46 5.65863e-99 1.3302e-58 1.13345e-50 1.35436e-89
0.383652 5.92718e-101 1.4779e-156 4.30195e-08 0.122484 9.31326e-15 2.4792e-86 2.6806e-84 0.350655 0.0432885 3.59657e-18 0.0225193 0.482389 2.88249e-130 3.66595e-18 1.74355e-115 2.35425e-28
1.76706e-58 3.1159e-64 5.65734e-34 6.86378e-56 3.12272e-65 1.0892e-51 1.14959e-105 4.43977e-86 9.12976e-113 1.12175e-61 1.5973e-144 1.8153e-31 1.50167e-73 2.92581e-54 0.138132 1.67648e-95 2.42588e-107
6.84286e-65 5.03315e-50 7.01639e-35 5.33434e-05 6.45379e-83 5.89114e-17 2.83845e-71 2.09122e-31 7.70308e-118 3.68217e-81 2.27111e-69 3.13518e-28 1.01631e-72 2.64154e-149 1.95736e-68 1.03161e-133 0.203934
1.88858e-45 5.71931e-111 2.65667e-39 5.68035e-44 6.30224e-51 4.73617e-36 8.62044e-112 3.91045e-67 0.201159 2.60607e-93 3.52769e-102 1.61746e-29 6.40229e-46 2.861e-79 2.14328e-17 2.34236e-92 5.88588e-91
6.34473e-58 0.000145868 8.74212e-47 2.48771e-66 1.04376e-37 6.11229e-28 3.96849e-80 3.86787e-44 1.16378e-71 6.66103e-108 1.07186e-171 1.04459e-33 1.20782e-33 2.79537e-30 0.210242 5.84163e-43 1.67849e-60
0.00072555 0.00286941 0.0210175 0.0389004 2.3378e-05 0.00831209 0.00222061 0.00297903 5.3113e-164 2.26879e-125 2.84575e-175 4.56401e-107 1.13322e-100 6.58083e-157 2.03777e-110 3.91184e-139 1.4481e-110
4.21346e-61 6.23613e-10 1.52756e-71 2.78748e-123 0.00197015 7.95547e-106 1.62656e-124 6.24875e-33 2.0971e-64 2.20945e-111 3.70202e-71 7.00679e-29 2.0479e-89 1.28903 1.35905e-60 0.145644 0.417305
