1.12647e-321 3.16202e-322 1.2406e-320 1.80334e-321 1.07212e-321 1.77632e-117 5.82997e-322 3.78839e-191 1.55138e-130 3.86853e-321 8.42382e-321 4.25123 7.29735e-321 3.95396 27.8687 1.0825e-320 4.03719e-233
2.18871e-321 5.2371e-322 4.3873e-321 8.10268e-322 1.53654e-321 2.54444e-321 1.01283e-321 2.07565e-244 5.5533e-321 4.45647e-321 7.18371e-321 7.87047e-321 9.26867e-321 0.368726 1.47269e-08 1.02354e-127 0.177597
8.84378e-322 5.13828e-322 4.69362e-321 1.2401e-321 1.19564e-321 1.96144e-321 1.06224e-321 4.82004e-174 4.29343e-321 4.28355e-321 0.157389 6.71929e-321 5.1521e-65 9.00682e-321 2.61184e-289 1.01382e-320 7.52956e-321
3.51063e-176 2.76677e-322 8.50341e-240 7.92683e-49 2.95669e-213 3.18089e-296 1.02352e-59 2.95105e-320 4.35766e-321 1.67488e-321 6.16594e-321 4.13039e-321 1.21436e-96 1.11115e-320 3.26203e-256 4.23908e-321 0.374648
4.87733e-189 2.71736e-322 1.18181e-320 6.62819e-114 2.39389e-46 2.06519e-321 1.38338e-321 1.01748e-262 9.85661e-321 9.28843e-321 3.42554 1.26481e-320 1.71209e-169 1.58496e-320 1.14959e-319 9.63428e-321 1.76628e-320
7.95446e-322 4.99006e-322 4.07604e-321 8.15208e-322 8.7062e-241 1.1907e-321 7.06514e-322 8.48755e-320 3.58313 2.88516 5.19607e-279 1.90462e-320 2.73852 2.123e-320 9.08142e-320 4.44157 1.06175e-320
8.79437e-322 6.32404e-322 6.72917e-321 1.16599e-321 2.07929e-129 8.15208e-322 1.66713e-187 2.94463e-320 3.29048e-321 3.31024e-321 0.0361546 9.1995e-321 5.97325e-321 4.80726e-321 3.96932e-320 4.96536e-321 7.02793e-76
9.0414e-322 1.12703e-144 3.86748e-206 2.1288e-208 1.22034e-321 9.09081e-322 3.47899e-249 9.76609e-150 4.2045e-321 1.86757e-321 5.86252e-314 7.42087e-321 5.43472e-321 4.01675e-321 3.69858e-320 5.26674e-321 1.25914
6.22523e-322 5.82997e-322 9.76274e-321 5.77003e-189 1.94662e-321 9.09081e-322 7.31217e-322 3.11805e-320 1.20641e-18 0.347196 4.04299e-240 2.32853e-320 2.65366e-279 1.27123e-320 8.4337e-320 7.03055e-321 1.51678e-320
6.54427e-15 2.11564e-12 0.000440854 0.0307766 0.00161567 2.77717e-08 0.0130168 3.54688e-06 2.2233e-322 1.33398e-322 3.11261e-322 3.40905e-322 3.0138e-322 3.40905e-322 2.82606e-321 2.86558e-322 3.26083e-322
0.00370303 0.00192682 0.0284151 5.7186e-16 0.00472308 0.00616323 0.000282613 0.148856 4.44659e-323 1.97626e-323 5.92879e-323 7.41098e-323 5.92879e-323 7.41098e-323 5.87938e-322 5.43472e-323 5.92879e-323
