6.45681e-28 2.62391e-44 3.2211e-85 6.87632e-65 1.93497e-127 5.87275e-36 2.23795e-61 0.196653 2.78424e-68 2.11309e-21 1.39787e-224 1.0511e-97 1.19617e-236 8.27327e-166 1.80658e-130 3.26146e-100 6.7731e-191 3.27266e-205 9.80853e-50 9.18149e-184 1.03934e-78 1.11968e-124
2.32468e-215 5.96952e-116 1.21314e-62 0.0655653 3.1455e-252 1.04876e-107 9.50091e-42 8.75692e-63 5.6738e-153 1.21945e-97 0.687054 0.35128 1.22648e-156 0.166087 6.08721e-22 1.14753e-89 4.26094e-157 3.63804e-209 2.07875e-117 2.70856e-152 1.87924e-89 0.0991771
0.0968225 0.0523447 3.22389e-29 1.23103e-117 9.68008e-132 3.22222e-110 1.0483e-07 3.88175e-76 6.33851e-24 5.32337e-27 1.48225e-97 1.73062e-25 1.8278e-47 5.64449e-131 1.30413e-20 2.53896e-171 4.04075e-232 4.85291e-114 1.57037e-85 6.89076e-224 5.46646e-68 7.20111e-47
5.24552e-95 0.0887054 6.9377e-100 4.46082e-94 4.18379e-268 1.96736e-142 1.59169e-33 9.92665e-100 5.30304e-180 1.51857e-140 5.79647e-194 2.91325e-174 8.93407e-111 9.97179e-130 6.48852e-148 9.4182e-191 1.16599e-321 1.52553e-90 6.24299e-134 1.19524e-99 0.0644437 2.02371e-28
2.38022e-78 8.23561e-07 5.62211e-51 0.142832 0.352157 1.8776 2.12261e-96 3.5875e-14 1.92702e-221 2.36468e-10 1.45373e-214 5.38341e-115 2.78299e-98 2.30239e-93 4.93448e-141 0.273327 0.400235 0.772017 3.99161e-165 0.674204 5.67739e-92 2.70954e-08
7.83918e-60 2.1154e-123 1.79573e-112 2.24585e-48 1.47533e-158 3.52974e-102 7.109e-53 7.08456e-187 5.23702e-188 1.20304e-110 9.21268e-135 6.03086e-181 2.6899e-236 7.98066e-134 0.0920961 1.43784e-155 1.35363e-297 1.98707e-26 3.28552e-64 1.03212e-262 0.023605 2.07277e-15
1.34687e-182 4.28534e-142 6.18439e-67 2.35894e-105 5.15483e-190 1.02093e-95 2.30073e-82 1.43185e-115 7.53777e-168 1.83212e-133 1.59133e-198 6.68833e-118 5.84146e-109 0.806143 1.5186e-55 6.88798e-81 3.02323e-180 3.241e-157 1.29508e-79 3.31302e-249 2.96936e-100 2.40343e-121
7.82572e-185 2.14914e-46 0.709132 2.24531e-19 2.34445e-256 6.63631e-69 0.161977 1.48065e-111 0.123906 0.0135785 4.83688e-126 1.41718e-124 1.39948e-76 1.07957e-58 1.44324e-96 6.23683e-190 5.5415e-283 4.36662e-50 7.76336e-146 1.47069e-221 5.25055e-59 3.34891e-47
2.91755e-66 7.08465e-50 0.0229914 3.14672e-116 1.95593e-267 3.44251e-153 3.38896e-72 6.35419e-112 6.34321e-80 1.126e-69 7.70525e-221 6.98467e-198 1.3252e-210 3.40033e-111 1.90138e-146 2.40787e-206 1.07706e-321 7.33115e-226 2.37539e-161 3.30695e-158 7.63482e-09 2.23089e-113
2.8875e-85 2.14673e-96 1.696e-129 2.10622e-119 1.58148e-299 2.49933e-166 6.11298e-100 1.80842e-190 4.32258e-180 2.14831e-121 1.48258e-252 7.6706e-144 9.64189e-219 2.65631e-37 0.0145731 5.7779e-148 5.80383e-238 2.26159e-192 4.09605e-54 2.63376e-250 8.11492e-98 1.86197e-83
4.37859e-84 5.26256e-75 1.05656e-122 2.48607e-116 6.07309e-272 6.98266e-112 3.73779e-64 8.66467e-178 3.71902e-231 7.55151e-127 4.87369e-91 1.9449e-158 2.79844e-199 7.96433e-47 0.00115656 2.1152e-114 5.9154e-229 1.08982e-125 2.48923e-143 3.19693e-208 1.47935e-54 1.31297e-45
2.70599e-121 0.217775 1.08709e-126 6.30444e-08 2.66688e-194 7.25019e-134 3.52111e-35 5.56074e-163 4.8275e-125 1.20991e-83 4.98218e-60 2.02857e-32 1.14372e-179 2.32439e-116 4.58496e-32 2.51854e-178 2.24797e-313 8.64137e-70 6.34209e-149 1.78602e-228 1.34849e-91 1.27433e-122
7.71275e-38 4.37596e-117 2.12561e-48 9.61537e-65 5.25171e-232 2.7736e-82 5.7077e-09 1.00382e-168 8.32586e-145 0.0628842 3.79092e-56 7.06422e-78 0.173935 1.50005e-124 6.11555e-19 6.23797e-130 1.27963e-321 1.38303e-30 0.031919 6.43868e-83 1.57455e-47 5.826e-39
3.25139e-216 5.84807e-54 3.13182e-115 5.95399e-76 8.08046e-268 4.22149e-140 0.0342588 1.23509e-71 1.30783e-66 3.48315e-132 3.45906e-100 1.70858e-107 3.32586e-238 1.93667e-104 1.44796e-145 5.27658e-84 9.7825e-322 1.385e-37 5.24729e-94 7.95323e-207 6.04472e-24 1.44722e-30
1.25638e-143 6.05746e-17 6.80056e-37 9.21402e-56 4.83594e-260 1.33318e-108 2.06132e-30 5.40943e-156 1.6105e-128 6.69413e-135 5.14459e-236 1.03814e-136 5.41659e-180 8.69456e-55 1.00754e-127 7.08982e-68 8.26135e-250 3.1925e-62 0.147883 1.3133e-197 0.00169856 2.22882e-67
6.74522e-116 2.28961e-137 0.172392 2.74269e-92 3.48538e-264 2.54853e-98 3.2276e-95 2.76667e-166 9.8381e-158 4.62387e-147 1.0746e-161 1.18685e-72 6.3879e-211 7.51633e-29 0.0327184 1.60479e-190 2.12145e-316 2.6422e-202 4.33459e-192 2.74725e-175 1.05919e-18 8.09591e-98
4.19788e-41 1.40092e-106 0.102566 2.22439e-18 3.91321e-312 1.06583e-114 1.11364e-69 6.45277e-22 2.49619e-101 4.54394e-102 5.6535e-156 5.93709e-43 3.25042e-199 8.33417e-80 2.84002e-38 6.23481e-112 2.01691e-300 4.73385e-226 4.08284e-97 1.20572e-150 1.55508e-102 2.66588e-101
3.75736e-192 2.66798e-108 0.425692 3.19977e-83 7.05253e-249 5.32886e-127 4.75723e-56 1.2141e-104 5.15292e-232 7.13891e-64 1.05293e-139 3.26032e-86 1.56186e-164 8.84787e-146 1.14119e-105 1.23543e-155 1.06875e-238 1.30164e-218 1.96118e-60 7.03588e-138 1.44035e-53 3.38027e-106
