6.60356e-11 2.37287e-11 1.84689e-09 3.93339e-16 3.50753e-11 1.17366e-08 1.44121e-09 1.4862e-10 1.72059e-06 1.06204e-12 9.50796e-09 0.000362161 7.04144e-18 0.0532899 8.04491e-14 2.4614e-10
5.97688e-07 1.9225e-10 0.00757779 1.24486e-19 3.59157e-07 3.26281e-09 0.00312643 5.40023e-16 3.53547e-07 2.05776e-08 6.67111e-13 0.357989 1.14601e-23 0.0657403 4.12944e-12 1.69415e-11
1.1873e-12 0.000151626 4.25566e-16 2.60422e-16 2.12305e-11 2.99569e-08 0.000401697 2.33077e-10 1.35246e-07 6.23185e-09 1.4856e-05 0.122828 1.34778e-15 5.87313e-06 0.00042281 0.00162331
4.0844e-12 3.36276e-12 2.70542e-06 1.29072e-19 1.41202e-07 5.95645e-06 1.11558e-05 2.16108e-13 1.10909e-10 4.91626e-13 5.37237e-07 0.0012778 6.01485e-20 0.238713 1.45055e-17 1.21062e-11
5.04761e-14 3.41342e-07 6.92574e-06 4.78068e-20 2.81129e-07 1.26557e-14 5.0635e-09 1.67777e-15 1.67424e-06 5.8535e-14 4.12234e-07 0.000477982 3.30476e-24 0.0462897 4.75395e-14 1.2566e-08
0.000268646 0.00633411 0.00192852 6.23505e-17 0.0276647 3.32263e-07 0.040388 2.35362e-07 1.60881e-05 1.28443e-11 0.0194 2.85942e-05 9.67479e-18 0.215321 5.57994e-08 1.73419e-09
3.55075e-09 5.19119e-12 3.01328e-12 7.1175e-21 3.08746e-11 5.38129e-08 0.000858676 2.55332e-13 2.71423e-09 8.20796e-16 1.04919e-06 2.2768e-07 9.78068e-24 0.268185 1.07154e-10 2.65841e-11
7.90546e-14 9.6984e-09 3.06058e-15 2.47084e-17 1.58035e-15 1.34834e-11 5.2336e-09 1.19447e-15 2.64464e-06 1.2387e-19 4.74428e-16 9.3801e-07 2.60634e-24 0.088968 2.1662e-16 7.1466e-08
2.92547e-08 9.54027e-08 3.79764e-16 5.65498e-19 1.63182e-05 9.98371e-11 0.0439362 0.00433476 3.55947e-05 0.028445 1.64487e-09 3.50601e-08 8.10217e-16 0.527547 7.95313e-05 0.00688265
3.73325e-12 1.61263e-08 8.1619e-13 9.46308e-19 6.46124e-10 2.25306e-09 3.50037e-06 9.51814e-14 1.17724e-11 2.42803e-14 4.04564e-13 0.00456627 7.20985e-24 0.393883 4.90325e-10 5.02801e-10
1.54655e-15 0.0142178 3.18364e-09 0.0372139 7.45488e-08 5.42455e-08 6.0245e-09 0.000887017 3.91908e-09 1.36e-16 2.55886e-10 1.09453e-08 0.0349743 0.41461 0.161531 2.95278e-07
1.03471e-10 2.47792e-13 1.09322e-07 7.71877e-16 2.27334e-15 2.63215e-06 7.12993e-09 1.85263e-15 4.7574e-10 4.27623e-15 1.34982e-12 0.0186529 4.8695e-21 0.0889686 3.38481e-14 3.73151e-11
5.78425e-13 7.35341e-11 1.58271e-07 1.56256e-19 2.15523e-12 3.43642e-06 5.03944e-08 2.51714e-15 9.63086e-05 3.66834e-18 1.09037e-06 1.56348e-06 1.15618e-13 0.268142 1.18055e-10 2.45557e-06
0.0346526 9.69152e-11 2.5827e-09 1.66989e-17 1.09869e-07 0.00680163 0.0545159 1.12248e-08 0.0978948 2.45203e-05 0.0101927 1.279 5.65129e-06 0.0173317 2.11249e-07 8.1917e-11
