9.77872e-09 2.92475e-76 2.77419e-63 3.62885e-71 4.09141e-17 1.66445e-35 5.83912e-48 1.1739e-77 6.49975e-61 1.66421e-54 4.1672e-107 4.82432e-57 0.156431 2.91475e-95 3.62052e-50 2.93976e-84 3.72194e-119 2.47279e-16 1.71511e-79 3.26777e-91
3.19074e-63 2.65659e-91 1.21275e-21 2.9116e-102 2.29808e-65 8.3156e-53 5.76864e-74 2.44048e-19 2.40566e-26 9.41594e-69 2.18833e-64 4.84674e-45 8.30356e-42 1.25862e-144 6.49373e-33 1.54531e-94 1.26032e-130 0.337174 2.47337e-85 0.271188
4.75585e-32 1.0134e-90 2.19631e-32 1.49261e-50 1.06515e-52 2.74766e-70 1.19147e-06 4.27191e-36 6.00724e-93 2.88988e-57 6.42687e-35 0.120896 1.79055e-07 1.91936e-68 2.3902e-25 1.34346e-19 2.00384e-72 2.66706e-109 1.69721e-105 0.000506116
5.91297e-42 3.2977e-17 1.22321e-11 6.81244e-60 9.69814e-44 3.52109e-114 4.46293e-54 1.08889e-82 9.06343e-73 8.02131e-114 4.06629e-80 1.92948e-29 8.95571e-79 8.68504e-55 2.24841e-53 3.3592e-20 4.3952e-69 0.377704 1.39375e-86 1.31779e-56
3.47924e-42 4.45397e-68 4.60972e-15 8.09201e-83 8.28967e-89 2.53729e-102 8.22252e-26 3.43181e-49 1.31549e-67 4.7662e-14 3.01031e-84 4.95382e-20 4.05701e-26 8.73847e-43 1.03695e-48 2.99977e-48 2.33389e-103 1.07633e-47 9.56957e-124 0.0846207
0.011096 0.00053352 0.0104425 0.00067559 0.00534026 0.0797877 0.000951303 0.00925 0.0165931 0.00275709 2.55347e-130 1.56214e-78 1.64151e-88 1.26346e-150 3.01047e-105 1.63144e-131 3.59306e-137 7.35121e-132 4.60608e-123 1.1927e-98
2.34875e-74 7.83933e-150 4.42527e-18 3.45515e-56 4.63507e-05 2.08907e-43 5.93015e-81 2.77775e-10 3.05642e-112 1.8268e-96 6.2645e-115 1.3774e-45 0.0959967 7.98767e-69 7.17645e-06 3.31856e-46 0.107875 4.89719e-108 4.15434e-111 2.2051e-17
5.5002e-74 7.68457e-139 5.36707e-50 1.51849e-138 5.51067e-105 6.67164e-133 1.04222e-126 6.83893e-75 2.09449e-50 9.87478e-74 7.77865e-92 0.00687062 1.47406e-86 1.69969e-63 0.013295 6.25808e-87 0.0762859 1.44479e-42 3.99535e-115 1.82352e-36
2.08081e-15 1.9121e-91 4.45223e-12 0.0312397 8.62277e-49 1.57173e-114 4.05583e-07 3.86938e-117 4.91806e-67 2.01706e-24 2.2309e-40 2.52153e-61 2.21068e-17 0.322703 0.145067 0.0504501 2.6633e-88 1.00335e-40 3.11402e-06 4.12404e-32
1.91166e-09 1.69055e-95 8.54084e-90 5.11124e-12 1.08946e-54 1.61964e-137 9.91577e-129 1.54478e-139 2.15702e-106 1.81712e-78 0.10241 1.99019e-24 0.0456169 1.33074e-80 9.48727e-63 4.39775e-117 3.93419e-59 1.19655e-111 0.129396 2.26047e-41
