1.11914e-83 0.201359 0.0522012 4.44098e-09 1.04657e-33 8.09525e-45 3.84154e-08 7.10707e-50 7.60221e-31 1.65151e-19 2.53016e-27 2.09796e-06 0.0135078 6.75763e-128 0.113438 2.93585e-12 1.18185e-32 6.08865e-93 0.0652539 6.3015e-20 3.40461e-66 0.0637697
2.65958e-124 1.76393e-54 4.84664e-79 7.98331e-47 7.03067e-13 0.127438 9.43295e-51 1.64755e-65 1.50752e-102 1.77431e-95 1.70926e-21 1.01384e-08 3.06336e-72 7.31807e-152 9.52549e-114 3.21759e-47 4.94342e-43 2.08316e-42 1.3278e-47 4.41308e-87 3.31901e-131 1.42689e-161
1.687e-162 4.38225e-18 8.81646e-33 0.0558561 2.33433e-41 8.58908e-97 0.00041018 1.06886e-22 0.0584687 1.04956e-60 0.106941 4.65243e-37 1.28797e-122 3.80506e-55 3.62655e-117 2.56048e-62 6.76596e-33 0.11973 1.48565e-98 0.177091 4.5662e-60 4.11035e-122
2.1585e-149 1.03265e-83 4.7793e-70 5.69054e-51 1.39774e-73 6.89701e-74 2.1582e-62 1.02656e-30 0.0716249 4.44484e-17 2.14187e-12 0.0770084 7.15012e-59 1.80795e-71 2.5854e-127 9.10446e-41 4.72523e-53 1.06737e-45 3.22992e-48 3.54642e-05 3.14204e-98 5.85109e-177
3.27659e-94 9.78513e-24 8.13621e-76 3.4695e-49 3.66152e-51 5.87324e-57 3.77322e-24 0.602177 4.05286e-75 0.149443 8.46317e-65 0.136764 3.43405e-23 2.5402e-12 3.79999e-107 2.68497e-43 1.63108e-10 2.16793e-105 1.06234e-18 6.40423e-44 4.62417e-64 1.50924e-85
2.17338e-119 6.96622e-51 1.88322e-47 2.63117e-16 0.080354 8.13447e-07 0.0702137 1.28231e-24 3.82407e-62 3.78034e-69 9.41432e-24 7.43131e-40 2.43394e-121 4.97956e-84 7.12759e-53 1.14958e-12 2.59393e-58 7.10847e-88 1.84197e-66 9.50638e-79 6.53761e-67 1.37588e-105
1.74405e-69 1.5414e-27 3.9954e-40 5.5105e-47 0.0436081 7.12203e-31 1.64637e-13 5.66938e-16 9.3903e-136 1.92773e-93 2.45298e-69 4.42036e-33 1.24237e-68 7.90717e-84 1.67225e-94 1.55852e-52 0.343667 2.1711e-46 7.07936e-81 1.03347e-114 1.53092e-72 7.37192e-65
0.139081 0.00187684 1.21248e-60 5.98893e-44 8.28766e-72 1.35871e-53 4.9397e-83 0.308425 3.74202e-133 6.15243e-56 6.32775e-39 4.87029e-11 0.0502817 0.257308 0.00498678 2.77588e-75 5.66106e-72 4.33658e-46 1.9202e-13 1.02893e-23 0.143406 4.41171e-19
3.43743e-41 0.0205729 1.22126e-62 6.58361e-29 5.61384e-38 6.70406e-69 2.13684e-87 1.16656e-32 3.70871e-117 6.78118e-15 0.109936 6.66508e-39 3.41722e-45 1.49924e-153 1.44264e-100 0.0492503 1.29306e-37 4.89062e-61 1.20838e-68 3.71125e-73 8.69436e-102 2.78856e-16
1.05703e-141 1.27206e-84 1.25796e-69 5.09376e-48 6.06006e-75 6.55881e-47 6.3944e-23 5.47896e-49 1.85037e-109 3.59709e-40 2.45586e-41 0.0481558 2.55534e-64 7.63722e-85 1.61067e-109 9.6907e-120 0.000259693 4.46836e-106 5.82224e-90 8.28082e-73 1.09402e-134 1.89948e-144
3.18997e-171 2.8372e-14 2.28278e-49 7.18905e-43 9.69633e-23 2.00544e-64 8.96012e-87 2.26456e-45 5.66597e-143 7.18937e-72 1.19917e-46 0.316664 3.68431e-106 2.37794e-51 2.17122e-85 4.6072e-39 4.37998e-73 1.92454e-48 3.32482e-89 2.56818e-34 4.85093e-62 2.63344e-130
