7.50766e-26 3.39763e-31 2.57371e-41 2.92307e-42 0.0963621 0.0541869 1.4854e-94 2.77806e-83 0.128908 2.10863e-43 4.41415e-39 0.085374 1.684e-60 1.92629e-74 1.53516e-78 0.100746 8.44703e-37 2.80794e-96 3.15907e-13 2.04634e-51 1.4134e-06 8.15161e-40
3.38569e-44 0.0735809 8.18048e-21 2.58445e-98 1.28602e-36 1.01593e-72 2.10869e-114 2.4956e-85 4.06048e-53 1.06591e-85 1.29095e-22 8.67628e-20 2.10456e-96 7.01011e-71 1.09212e-91 1.61998e-72 5.1749e-133 1.32319e-93 9.67766e-48 1.76823e-79 1.32103e-08 4.69122e-116
4.11366e-62 3.51442e-48 0.0204981 2.67872e-135 3.58522e-71 1.32346e-92 4.33032e-108 4.26605e-61 6.2112e-40 3.29278e-56 0.0221365 3.20242e-28 9.41931e-70 3.42091e-87 7.64522e-108 4.11577e-33 1.34883e-83 9.2544e-104 3.63039e-67 7.43363e-69 4.76614e-28 1.33015e-69
3.67333e-39 0.00846464 0.921745 8.9026e-125 2.09923e-43 2.24102e-51 9.3189e-76 2.55546e-66 8.26873e-16 6.09899e-60 0.328975 8.7e-30 3.28962e-93 9.23655e-42 8.80304e-93 1.41546e-34 2.87511e-108 6.89515e-67 4.6877e-59 1.34748e-48 0.652154 1.69289e-112
2.79895e-59 7.41476e-45 2.42219e-39 1.13523e-133 8.72424e-43 1.23464e-132 1.63583e-66 6.0315e-73 1.36638e-48 4.61426e-84 4.54282e-30 7.89747e-28 5.05658e-85 2.29071e-65 2.52266e-58 3.36737e-65 2.02197e-112 2.71789e-50 6.78809e-32 6.57858e-73 0.512955 1.26996e-85
8.43399e-82 2.07802e-34 1.2635e-22 7.7242e-102 1.97727e-60 2.81484e-78 1.31698e-109 7.97081e-53 9.15896e-51 7.04613e-75 1.91808e-47 1.69948e-45 3.37595e-91 3.01812e-83 2.19745e-108 4.56527e-73 5.72643e-108 9.87589e-67 4.82307e-45 1.09208e-73 0.166362 1.00079e-108
1.46083e-42 3.16348e-49 0.181121 1.34349e-137 4.28002e-41 7.05081e-106 2.21871e-104 1.48117e-75 1.6281e-48 2.35004e-51 2.81831e-36 1.28478e-49 4.84402e-30 2.33598e-56 2.51679e-90 2.46442e-74 1.88086e-91 1.88043e-94 2.54897e-76 1.09356e-64 1.16392e-24 6.63994e-69
0.592308 3.43154e-52 2.15903e-51 0.249842 3.24973e-20 5.03658e-33 1.0782e-39 1.60619e-70 6.04696e-30 0.0828475 1.53287e-37 1.1417e-14 1.12386e-19 5.28049e-06 0.292591 0.00285926 0.0835339 0.183784 0.166457 0.0886396 0.00227598 7.40175e-52
1.33584e-21 0.476062 2.48652e-21 1.9462e-127 1.33013e-31 2.8511e-55 1.59637e-77 2.21929e-36 3.18879e-40 3.25638e-77 7.14551e-51 3.43671e-17 3.3925e-63 5.48411e-94 3.60662e-81 1.54034e-62 5.19295e-80 3.54748e-80 1.88741e-37 1.43178e-48 1.41087e-39 7.67361e-110
1.53107e-49 2.41342e-43 3.31735e-49 3.9814e-113 1.08914e-23 3.94456e-52 3.68932e-115 6.0907e-37 4.05037e-64 1.6929e-30 0.00355844 4.9667e-07 0.136666 2.5339e-47 5.75976e-119 8.46771e-26 5.81522e-107 5.62524e-82 8.32149e-28 4.5346e-49 0.215166 3.8925e-50
1.71945e-07 0.00452579 6.83457e-49 2.66709e-122 2.10257e-35 6.21094e-79 0.0936934 0.175083 2.3108e-30 0.0112701 0.0560617 7.60728e-22 9.31148e-35 0.185531 8.70077e-46 1.1546e-17 4.95369e-108 0.0103517 1.39937e-38 0.000156708 6.05139e-15 0.0754984
