4.21385 0.236866
1.75771e-186 7.36064e-86 2.68289e-255 3.18837e-33 0.0179513 6.09422e-286 5.43964e-110 9.01843e-170 3.88848e-206 7.98553e-07 2.12028e-306 2.70032e-152 6.96589e-43 4.21755e-76 9.55279e-81 5.3197e-244 0.114528 3.01205e-66 1.40631e-226 2.66842e-236
1.86231e-107 1.82258e-131 2.75993e-272 4.82002e-189 3.90457e-131 7.16395e-322 2.94115e-183 7.82238e-90 3.23549e-108 0.0057605 4.26462e-215 8.58433e-197 0.230489 0.155402 0.418142 3.03706e-203 8.65322e-107 2.49552e-35 6.78643e-194 1.06709e-189
1.75061e-202 4.55279e-205 3.63204e-289 7.0779e-162 2.8418e-39 1.32626e-289 2.13189e-87 5.32657e-100 4.90082e-210 0.101413 1.76426e-179 1.95887e-107 9.28429e-149 1.17428e-196 9.41836e-138 7.87528e-236 3.86715e-42 1.82612e-51 2.9102e-104 2.75976e-174
1.42872e-51 4.5113e-172 2.98384e-109 7.33805e-195 1.55326e-145 4.70245e-185 0.288073 2.22001e-198 1.56744e-49 1.25525e-10 3.26602e-214 9.00551e-232 3.75658e-40 2.32692e-27 6.06092e-09 1.58266e-83 2.78888e-61 8.21314e-121 0.29151 4.83721e-70
2.03945e-124 1.10568e-206 1.2329e-33 1.5097e-118 5.66985e-98 3.8893e-248 1.1504 3.71025e-207 3.26475e-156 1.10928e-114 2.24923e-173 8.48218e-10 1.91543e-156 1.19337e-80 6.91965e-16 6.3879e-162 9.60816e-93 9.57008e-195 5.62669e-200 4.4335e-133
4.39639e-62 1.00587e-292 4.49607e-278 2.66572e-143 1.10095e-59 1.05109e-261 8.71752e-05 1.86314e-159 1.87478e-168 1.70868e-99 7.86796e-126 6.3225e-133 2.98853e-119 0.371844 4.15476e-46 4.31466e-225 1.88323e-125 1.43932e-200 1.35292e-43 1.55966e-166
6.01622e-202 3.57639e-180 2.33841e-94 9.67349e-227 0.117001 1.57935e-213 0.0306758 5.65879e-65 3.75095e-162 1.04952e-111 1.27336e-198 3.49102e-53 2.03254e-126 1.90479e-180 1.9091e-96 3.69801e-166 1.6686e-52 0.146608 1.90307e-125 3.68534e-211
1.09607e-86 1.79397e-304 3.37524e-259 6.28734e-74 0.138552 3.07935e-153 6.09691e-186 8.22785e-72 1.42134e-199 1.6209e-13 2.1111e-211 1.00956e-05 7.50808e-179 6.00236e-137 0.109361 5.79022e-149 6.27214e-159 1.11952e-140 1.03486e-116 3.09571e-204
0.00818016 3.59734e-118 2.20501e-192 2.98002e-165 3.01518e-30 0.19991 3.15044e-35 0.353608 0.17776 1.31801e-109 16.982 9.30957e-161 2.46612e-168 0.168305 2.40466e-73 1.46281 2.85961e-119 0.000469173 2.64254e-132 9.33646e-152
0.1422 0.417578 0.237016 5.66274e-69 1.47309e-48 2.16207e-186 1.99808e-53 1.70624e-96 7.9355e-256 0.115345 7.61013e-120 0.397614 5.02319e-108 6.09117e-104 7.02425e-22 3.8846e-249 2.23442e-114 1.02932e-115 3.02741e-204 0.370656
1.05303e-161 8.27493e-32 3.61927e-19 9.05744e-18 7.39088e-141 7.12663e-254 2.55761e-48 0.00330783 1.51842e-253 1.33697e-24 3.08527e-32 5.71163e-222 1.72276e-34 6.21037e-22 0.26599 4.22506e-273 9.68702e-154 2.21256e-147 8.43754e-69 3.34888e-281
2.09014e-122 1.0013e-293 1.33518e-223 0.259109 9.62218e-89 1.5465e-112 1.91478e-46 3.27422e-188 1.36278e-157 3.91804e-138 1.71481e-60 1.68375e-214 1.76616e-99 5.72814e-139 1.02149e-19 3.38026e-225 6.58945e-130 0.39829 1.34572e-211 2.19085e-109
