1.86565 0.197888
1.05464e-54 1.77814e-40 0.116236 5.57657e-71 1.1458e-16 3.00164e-23 3.91343e-70 1.16353e-74 1.45159e-126 2.97267e-149 1.37431e-26 0.384875 4.00894e-144 9.98771e-95 1.83947e-22 9.72241e-23 0.0471099 7.01357e-125 2.99043e-53 1.65992e-169
7.06151e-145 8.88069e-84 2.3149e-57 3.19019e-133 9.43655e-157 8.8304e-103 6.62727e-96 0.300294 2.35652e-166 7.402e-33 2.33192e-99 4.82205e-155 3.08499e-40 4.68907e-54 5.85186e-149 1.27367e-123 9.71394e-18 6.54067e-45 0.0171578 9.91154e-105
1.14437e-170 2.16095e-52 7.14214e-37 5.88946e-89 1.1918e-98 2.83417e-39 1.03593e-143 1.83069e-40 1.49223e-164 7.72999e-49 1.63079e-41 1.30344e-167 0.0223894 2.06215e-43 0.0820109 3.09153e-175 7.25118e-33 5.2672e-166 5.37516e-66 3.07369e-162
0.130649 5.70973e-66 3.45161e-100 0.0823516 1.43686e-46 6.53798e-116 2.25294e-95 2.03158e-90 1.44808e-23 9.68798e-21 8.11878e-61 2.15054e-19 7.54149e-63 1.02025e-64 2.73464e-185 1.79947e-45 1.02749e-33 4.85275e-145 2.45946e-47 0.22227
5.42812e-67 1.11632e-06 3.15115e-21 8.08194e-171 2.39397e-92 1.14844e-111 2.85386e-99 1.06212e-121 0.350372 2.08953e-37 2.78828e-33 2.44557e-79 1.97719e-99 3.77069e-102 5.80928e-56 0.192045 1.22614e-70 0.137627 0.124298 2.7699e-93
7.42748e-136 0.115466 2.25593e-92 3.0741e-23 1.35045e-68 5.12981e-46 4.9727e-89 3.94795e-101 2.44033e-171 0.419863 0.0971479 3.97842e-30 0.180856 0.188122 2.74566e-110 6.98184e-27 1.00217e-72 8.92722e-103 7.72793e-113 1.63757e-132
2.53835e-185 1.11033e-117 1.62464e-53 1.37546e-161 2.35013e-103 9.9859e-28 9.41104e-148 0.990744 1.63933e-98 2.01098e-138 2.39487e-136 0.000710418 2.35303e-130 2.26314e-51 0.112703 2.43473e-100 7.47573e-112 1.60802e-56 2.04949e-101 8.47515e-224
3.82685e-114 3.77738e-105 1.90188e-104 7.69356e-137 0.188288 0.278835 6.63012e-118 6.71953e-143 8.05545e-63 1.8643e-72 2.43841e-127 5.0042e-72 1.88324e-133 1.10475e-118 3.38352e-21 1.39948e-28 0.465912 7.77125e-31 1.7253e-45 7.99554e-125
7.72524e-107 2.80174e-49 0.320557 1.16619e-101 9.37373e-122 3.55121e-28 3.61837e-49 0.00607557 8.03407e-75 2.81464e-109 0.000338594 0.00372351 1.34385e-165 6.314e-89 3.46255e-99 5.40062e-80 5.49658e-13 4.39009e-106 1.7645e-94 4.65326e-134
4.0172e-117 1.54842e-104 2.12591e-55 8.00264e-09 9.8863e-169 4.07034e-118 2.99152e-108 3.47401e-34 0.267815 2.93098e-104 2.84664e-44 2.43111e-148 8.86486e-79 7.89976e-129 4.46723e-33 1.00648e-123 6.13258e-111 1.06353e-109 2.83438e-80 1.23944e-88
3.87008e-94 4.56664e-44 7.00544e-61 1.27344e-27 9.42175e-166 4.06664e-43 0.095116 1.35734e-45 3.40549e-134 2.0587e-38 6.55837e-97 0.259075 1.15844 1.1954e-86 3.11647e-44 1.73425e-124 9.16666e-121 4.85701e-170 3.92562e-68 3.75815e-222
9.24405e-139 7.56463e-37 6.86486e-51 8.43043e-104 3.36312e-56 3.67247e-10 4.56934e-59 2.31815e-154 6.6524e-77 7.56945e-137 1.79885e-124 0.0712855 1.10139e-164 4.85444e-88 7.6507e-68 1.41522e-105 7.5017e-129 1.71032e-184 2.4379e-117 7.95059e-71
