1.32183e-57 1.08084e-30 1.12554e-236 1.83817e-181 3.5675e-38 0.678931 4.57916e-61 4.93271e-81 1.02412e-91 1.5534e-196 3.4948e-112 1.34047e-108 2.48237e-136
9.45522e-136 0.0388905 1.69613e-134 7.28807e-137 2.91671e-68 9.13243e-66 2.51832e-22 1.39724e-171 1.65956e-214 5.25624e-223 4.55819e-95 1.35299e-87 1.33154e-83
6.07629e-133 9.89016e-169 1.0161e-82 8.38244e-76 9.65299e-76 3.15681e-30 2.48829e-54 0.0598173 3.59479e-145 7.04514e-98 1.47921e-175 5.3842e-189 3.08307e-72
2.93087e-49 8.01743e-86 8.56511e-270 3.45333e-95 0.130608 5.64064e-67 5.90822e-40 0.121256 3.62361e-173 1.24772e-57 2.25037e-111 3.61087e-180 4.89002e-106
1.4684e-112 1.47322e-70 9.64296e-318 2.9241e-280 1.28854e-206 2.30748e-65 3.13427e-44 1.04528e-118 1.24783e-83 3.48089e-251 0.144763 4.38544e-149 2.54482e-172
2.98999e-150 6.37596e-104 1.69971e-188 9.80851e-313 2.17397e-123 0.0829096 1.28745e-16 1.76992e-127 7.3906e-51 4.58385e-244 0.0320374 7.67502e-141 1.07746e-155
2.60109e-63 9.69651e-124 1.54486e-300 2.7812e-296 2.61793e-137 0.0846852 2.82795e-79 9.93056e-130 1.42416e-69 8.76394e-76 2.88564e-32 3.13133e-77 4.30418e-220
2.7902e-167 2.15809e-130 0.425166 0.518243 8.13684e-123 5.06741e-16 0.21995 9.83323e-43 0.979385 0.81255 0.231346 0.472987 2.25681e-71
0.708519 1.6609e-13 1.96742e-86 1.28369e-215 0.0736653 6.44366e-120 0.103599 2.99774e-95 4.56381e-211 8.93288e-37 5.34129e-109 8.62275e-62 0.17469
1.63687e-71 0.177004 3.99192e-182 5.51552e-115 1.16632e-197 0.449441 1.24812e-47 7.03505e-126 6.52233e-191 7.57338e-140 4.53998e-11 5.31714e-113 1.91146e-42
