5.33591e-321 3.40905e-322 6.02859e-320 4.05736e-264 8.39912e-322 2.54471e-170 1.27004 2.03176e-181 9.66133e-234 6.03843 5.27238e-185 4.67011e-91 4.42276e-107 3.04982 1.00765e-261 5.48672e-256 3.30011e-249 1.26648 1.27758
7.144e-222 3.11261e-322 0.00864961 1.51678e-74 2.22683e-122 3.19571e-230 1.39974e-307 3.01552e-181 1.57303e-216 1.18181e-320 4.30881e-234 1.80334e-321 1.09137e-105 1.33062 9.53127e-92 0.304353 1.63212e-50 4.49106e-321 1.61847e-125
1.17281e-250 3.99945e-290 9.69684e-298 2.83893e-32 3.75429e-251 2.35692e-118 1.62054e-321 7.14359e-74 9.66857e-112 1.27222e-320 2.26979e-237 1.37861e-296 4.75349e-213 2.57975e-278 4.23908e-321 3.33266e-217 0.251178 2.52962e-321 7.68447e-61
2.63601e-226 3.21143e-322 2.0917e-239 5.39714e-275 3.21162e-235 2.07616e-78 3.26577e-321 2.0215e-188 0.395552 1.3325e-320 6.11159e-321 1.62054e-321 1.03879e-257 4.62546e-163 1.2289 1.61703e-190 4.28791e-150 3.1953e-256 2.23032e-170
5.30627e-321 8.54064e-11 1.06262e-271 5.13409e-261 9.00926e-88 6.2812e-297 3.79442e-321 9.95928e-235 7.05448e-136 2.09681e-320 9.43532e-43 0.543497 2.65279e-99 0.00148103 6.53155e-321 1.97721e-43 1.57252e-40 3.55233e-321 0.700557
2.17928e-200 3.96895e-239 1.05995e-309 2.66798e-121 5.86969e-309 2.70652e-157 3.24601e-321 4.59142e-247 4.90159e-92 2.11879e-310 0.0685427 1.54643e-321 4.6127e-191 6.33097e-167 3.01324e-253 4.20182e-111 2.62886e-137 3.81913e-321 1.18363e-172
1.00815e-25 2.22573e-37 9.60807e-07 0.112309 1.83799e-16 2.32631e-12 2.42092e-322 3.07167e-245 5.217e-252 1.10671e-321 6.27463e-322 2.02567e-322 1.354e-275 1.84781e-321 5.2371e-322 9.94714e-264 3.899e-247 3.26083e-322 7.29385e-224
6.85849e-162 4.65445e-31 4.71335e-26 1.81308e-85 6.57107e-322 1.48192e-116 2.97428e-321 2.08833e-34 8.22618e-209 1.3325e-320 1.26341e-160 2.44721e-219 1.03389 9.71483e-154 6.38333e-321 1.05422 5.84342e-140 1.36044e-174 3.80747e-195
1.70515e-22 3.70549e-322 1.36586e-228 5.16132e-73 5.73116e-322 4.6444e-96 2.1762e-274 0.723609 0.263598 1.45848e-320 1.13973 2.04049e-321 8.61675e-293 8.5185e-35 1.14684e-298 9.07086e-211 1.46151e-214 8.18193e-181 1.15577e-28
1.09314e-201 5.06813e-306 5.83665e-307 5.21425e-223 5.9471e-21 7.15105e-44 1.65018e-321 0.613204 1.98106e-189 9.8072e-321 1.2288e-242 1.43279e-321 3.55391e-112 7.61895e-153 3.95747e-321 2.36793e-287 8.04181e-120 6.20112e-319 5.48845e-204
4.53245e-93 7.6889e-113 1.16254e-313 1.2564e-140 2.50284e-131 2.00837e-157 2.39128e-321 0.164815 1.3944e-147 9.20444e-321 1.52633e-98 6.15637e-164 3.37109e-227 1.20102e-218 2.10871e-159 1.02373e-285 0.0414861 2.41598e-321 1.225e-86
0.00655969 0.000527393 0.0616341 3.37388e-05 0.000721066 0.00896755 9.88131e-324 1.4649e-250 4.31788e-263 4.94066e-323 2.96439e-323 9.88131e-324 2.11232e-293 7.90505e-323 2.96439e-323 7.52667e-293 2.75985e-251 9.88131e-324 3.42648e-237
