1.23028e-06 2.52189e-13 2.04626e-35 9.57234e-15 2.93619e-72 3.75686e-19 1.45412e-211 5.92879e-322 1.28951e-321 9.23903e-322 1.3735e-321 4.79244e-322 5.2865e-322 8.00386e-322 7.5592e-322 7.31217e-322 1.13141e-321 4.82134e-39 1.11165e-321
3.7467e-52 1.31982e-102 2.62504e-37 2.5725e-13 2.67016e-68 2.19703e-153 9.61369e-258 6.07701e-322 1.6403e-321 3.42519e-289 1.50196e-321 5.13828e-322 5.2865e-322 7.80624e-322 8.15208e-322 7.65802e-322 3.85904e-309 0.251857 1.22034e-321
4.9128e-125 1.66681e-227 1.39023e-164 9.31424e-156 1.8314e-116 5.23787e-46 4.06678e-193 9.88131e-322 7.91324e-315 1.30756e-273 2.41598e-321 9.53547e-322 1.00295e-321 1.51184e-321 1.37844e-321 1.24505e-321 4.90013e-160 0.0772959 2.24306e-321
6.57435e-07 1.59574e-48 0.00330591 1.59451e-05 0.0453363 1.70497e-09 3.43879e-236 2.2727e-322 5.03947e-322 3.90312e-322 5.33591e-322 1.87745e-322 2.07508e-322 3.21143e-322 2.91499e-322 2.81617e-322 4.99006e-322 1.79594e-66 4.24896e-322
2.2239e-42 2.91464e-12 3.23593e-93 1.07516e-28 8.41248e-93 3.95383e-45 6.48466e-197 3.35965e-322 7.65802e-322 5.13828e-322 7.60861e-322 2.61855e-322 2.96439e-322 4.5454e-322 4.05134e-322 4.05134e-322 6.57107e-322 0.316266 5.97819e-322
1.41173e-215 8.89318e-322 1.67488e-321 2.3725e-288 3.38072e-195 6.28697e-149 7.39256e-185 1.63042e-321 3.60174e-321 4.79474e-170 3.86359e-321 1.46737e-321 1.34386e-321 8.85571e-308 2.18871e-321 1.74405e-321 0.6663 0.325846 4.15015e-321
4.62284e-99 1.58696e-78 1.87267e-92 7.12327e-70 2.12737e-60 4.59379e-117 2.83625e-206 3.65609e-322 7.65802e-322 5.33591e-322 8.39912e-322 3.11261e-322 3.11261e-322 5.03947e-322 4.64422e-322 4.34778e-322 4.18694e-303 0.431383 7.06514e-322
5.97072e-185 9.93281e-195 7.66008e-19 2.92392e-129 2.19693e-119 1.70164e-152 5.39947e-167 7.31217e-322 1.76876e-321 1.19276e-269 1.57607e-321 6.12641e-322 6.17582e-322 1.06718e-321 9.68369e-322 9.18962e-322 6.60709e-230 1.25285 1.44761e-321
1.32434e-07 3.04188e-108 0.0745357 1.7318e-14 6.98306e-90 3.52399e-16 3.35976e-260 2.91499e-322 6.17582e-322 4.99006e-322 6.86751e-322 2.37152e-322 2.66795e-322 4.10074e-322 3.70549e-322 3.60668e-322 1.90732e-317 1.0441e-17 5.48413e-322
0.000801256 0.00177736 1.01559e-07 0.00315115 8.14554e-06 0.000667352 2.13157e-269 1.4822e-323 2.47033e-323 1.97626e-323 2.47033e-323 9.88131e-324 1.4822e-323 1.4822e-323 1.97626e-323 1.4822e-323 2.47033e-323 1.15671e-95 1.97626e-323
7.60861e-322 2.18377e-321 2.747e-321 1.74405e-321 1.91203e-321 5.92879e-322 1.08018 6.33978 2.4495 2.7691 10.5762 3.38975 6.13728 3.49799 8.06446 6.48392 5.14787e-154 2.18432e-62 7.34306
3.90312e-322 1.26975e-321 5.42707e-275 1.87745e-321 6.39627e-243 1.19708e-182 0.0468875 4.40212e-321 0.943495 4.46497e-37 6.81317e-321 3.07309e-321 3.1719e-321 1.53053e-152 5.27168e-321 5.92385e-321 4.76964e-85 2.31544e-82 6.53881e-119
