1.9565e-321 1.55137e-321 2.61091e-170 1.9613e-23 1.88153e-131 3.34482e-321 2.96462e-256 0.0597003 1.07233e-175 7.91493e-321 4.50588e-321 4.03865e-289 2.42092e-321
8.24313e-93 5.01585e-156 0.143981 6.88682e-271 5.31931e-319 1.91697e-321 5.38512e-202 4.18983e-109 1.0573e-321 5.13828e-321 3.23119e-321 6.91198e-321 1.4822e-321
7.29275e-244 2.86479e-141 0.260761 1.76876e-321 9.49105e-258 1.98614e-321 6.36018e-168 1.64877e-70 9.33784e-322 9.37647e-251 2.97922e-321 5.11852e-321 1.55137e-321
2.03671e-66 2.50491e-321 2.47077e-146 1.56241 1.48473e-264 2.06986 0.340593 1.05207e-101 1.30695e-242 2.79753 1.98335 3.22109 0.818914
0.196936 8.45614e-153 1.32841e-170 1.46737e-321 8.4192e-278 1.28951e-321 1.76334e-252 0.201315 8.94259e-322 2.2082e-299 1.38338e-321 1.52984e-253 1.11165e-321
1.27889e-206 1.59852e-199 1.35662e-96 2.53456e-321 1.23737e-230 3.8883e-321 4.15409e-179 0.0290366 7.58616e-246 3.44449e-246 2.35175e-321 7.82604e-151 1.52172e-321
2.99898e-321 2.14424e-321 2.95871e-126 1.20334e-171 9.03367 6.744e-321 1.13616e-277 0.00515507 0.753739 2.11475e-11 8.08797e-188 8.72538e-142 0.169791
2.99877e-54 0.0853865 1.41528e-150 8.15208e-322 5.05635e-272 7.06514e-322 2.10541e-293 1.41686e-132 3.95253e-322 2.00591e-321 8.49793e-322 2.03061e-321 6.12641e-322
1.79346e-321 7.98677e-134 2.88915e-220 1.45373e-303 5.68502e-94 3.46834e-321 6.75278e-255 0.207946 1.88733e-321 4.67897e-229 2.79147e-321 5.27663e-313 1.87745e-321
2.59954e-241 2.85847e-229 0.475358 2.76261e-289 9.22931e-287 1.92686e-321 3.03075e-33 0.295105 4.1517e-306 5.37304e-298 2.15413e-321 1.49437e-253 1.89721e-321
3.07459e-22 1.4838e-263 4.8314e-11 2.99404e-321 3.63722e-179 2.86064e-321 9.458e-234 0.226714 1.45749e-321 5.4199e-321 3.00392e-321 1.09139e-176 1.55631e-321
