4.3718 0.271174
0.00156296 0.00261072 0.0079665 0.0191346 0.000921864 0.0508873 0.00127253 4.05775e-05 0.0127163 0.000829593 0.00245232 0.00280424 8.16008e-05 0.00178854 0.00252546 9.88131e-324 4.94066e-324 1.86849e-260 4.19252e-216 3.00822e-269 2.96439e-323 2.22871e-311 1.42191e-214 1.84373e-174 4.0282e-259 2.9358e-300 4.84657e-296 2.07117e-260 3.71128e-236 1.17077e-312
2.28565e-164 9.12025e-114 7.90889e-156 4.63093e-36 8.13236e-12 5.36454e-111 1.75552e-128 1.52172e-321 2.7668e-200 7.59576e-253 1.0901e-240 1.18119e-169 1.26577e-06 3.31541e-234 9.46399e-107 4.39865e-138 7.09394e-273 1.40624e-52 8.83789e-118 5.11664e-265 1.55344e-177 5.12843e-78 2.44915e-60 0.0660698 3.18622e-27 8.83855e-109 1.30663e-08 3.9879e-190 6.10677e-227 1.12413e-243
3.43517e-126 6.99765e-88 1.12465e-100 3.62885e-55 5.17588e-98 2.67477e-267 4.21997e-77 1.3102e-229 3.88678e-47 6.05274e-212 1.58523e-203 2.13954e-84 9.99013e-156 1.53044e-61 2.65694e-146 9.39429e-306 3.88753e-192 2.85762e-173 9.66377e-210 1.25257e-238 7.34162e-274 8.35698e-142 1.94769e-151 1.29533e-53 6.07283e-44 1.00432e-104 1.88094e-134 4.63878e-238 0.0676003 3.85203e-111
2.51067e-120 1.14614e-119 5.57755e-155 7.47146e-48 1.3993e-69 8.22246e-111 2.29771e-154 1.34827e-124 2.94635e-118 3.56265e-102 1.17557e-152 4.40969e-64 1.25812e-241 8.11509e-27 3.24346e-146 3.878e-187 1.84411e-38 3.60597e-109 6.87068e-171 1.55456e-82 3.25589e-321 0.132576 1.09446e-172 3.58348e-170 4.92087e-88 1.44452e-186 0.114952 1.81673e-147 0.297258 1.07008e-32
8.32953e-106 6.43394e-165 3.70883e-312 6.47776e-69 4.67539e-153 3.60068e-117 9.23953e-201 1.50196e-321 8.99463e-190 1.0021e-267 5.07245e-207 1.25285e-43 1.21395e-158 9.23903e-322 1.04578e-199 1.85788e-262 9.438e-293 4.48229e-185 7.76162e-203 8.12323e-214 0.190122 1.85826e-80 0.164602 1.69096e-115 2.25613e-130 9.59607e-80 2.39118e-217 3.08739e-25 2.68502e-147 1.20553e-45
5.30414e-74 1.95229e-14 5.49887e-215 6.37986e-228 4.87895e-72 1.1999e-212 1.4473e-133 3.01729e-211 3.04184e-06 1.19966e-263 4.97947e-213 6.07325e-116 3.14952e-101 1.66082e-59 5.64613e-198 1.04417e-22 1.50751e-189 3.85329e-113 1.36353e-188 2.53651e-150 7.49763e-185 5.64107e-189 1.26877e-27 1.92254e-143 5.92822e-22 1.15985e-108 1.07144e-44 3.50486e-196 0.072107 0.281288
7.13718e-251 0.148593 2.18802e-73 1.87374e-309 4.05501e-70 2.37961e-97 8.04018e-41 2.03356e-97 5.44382e-266 3.57044e-71 9.49448e-98 4.41597e-34 3.24265e-81 1.3423e-198 3.77197e-83 4.10284e-188 2.059e-271 1.59402e-197 8.95601e-126 2.0352e-188 0.773606 6.46055e-223 1.56551e-05 9.78691e-136 0.152642 1.51343e-61 6.97123e-256 3.83151e-98 2.7158e-162 1.54619e-290
5.56618e-108 1.46627e-93 1.78868e-169 9.50088e-321 8.20088e-46 1.06485e-106 2.46111e-237 7.12275e-256 6.29556e-194 9.31746e-192 2.37058e-169 4.77008e-54 6.90773e-294 1.06224e-321 6.79417e-238 9.33784e-322 0.128828 3.43658e-234 0.208837 1.15393e-152 6.85455e-157 1.17071e-36 1.4257e-129 0.185294 2.55825e-137 1.11831e-118 8.14466e-56 1.15794 3.62212e-105 4.51459e-306
2.23952e-32 4.37845e-24 8.06491e-148 6.0075e-87 9.87053e-05 2.40534e-126 2.90145e-58 4.88266e-300 3.42681e-08 2.15896e-139 3.14222e-31 1.76798e-150 1.23625e-244 6.60799e-294 2.69218e-179 2.30957e-89 1.2662e-152 4.96585e-98 2.31802e-108 2.35039e-153 3.36953e-321 7.41794e-190 0.415588 2.8679e-118 3.35552e-232 1.24224e-199 2.05958e-292 5.27078e-187 3.50185e-214 3.40244e-160
2.68306e-139 2.18525e-94 1.98576e-152 2.98872e-88 0.000730606 2.67915e-196 2.59761e-118 2.39303e-193 9.39431e-57 6.57352e-10 1.2129e-50 3.68088e-102 6.09846e-171 7.71534e-58 3.71707e-143 1.20601e-111 2.91377e-192 7.32912e-44 1.44311e-137 1.37667e-263 1.10406e-271 4.99553e-131 7.67647e-12 3.80809e-56 7.07837e-143 2.79745e-100 1.53241e-147 0.715178 2.08828e-138 3.06635e-282
2.2282e-273 1.45718e-172 5.09957e-263 1.83748e-184 8.08807e-21 9.40287e-287 1.69329e-112 9.50803e-24 4.20571e-17 2.27243e-277 1.31042e-108 4.82872e-74 4.16979e-39 8.79437e-322 2.4919e-111 7.44485e-308 1.12285e-191 5.80472e-73 2.09355e-30 7.465e-46 1.50678e-168 3.69833e-47 0.100486 1.36305e-170 1.04942e-252 3.73228e-46 4.73838e-189 0.00281131 8.94704e-119 1.60871e-310
1.25406e-38 1.17505e-178 1.35288e-56 1.66965e-96 1.13071e-170 3.6218e-207 3.73799e-214 1.00035e-06 2.74707e-186 3.88837e-46 1.31924e-153 0.000793643 1.56295e-91 1.6923e-289 1.24537e-105 4.94337e-99 7.02008e-142 2.76894e-38 4.93744e-48 3.64117e-235 1.64966e-62 0.264227 16.2258 5.50619e-116 1.28325e-159 1.02806e-190 2.9459e-272 1.06138e-24 4.33696e-62 6.81219e-280
6.97053e-46 2.12813e-10 3.41645e-22 1.7144e-68 6.32251e-99 3.26973e-320 5.52598e-123 1.18191e-14 8.54676e-176 2.70167e-161 5.83472e-106 4.12447e-74 4.76837e-46 5.30891e-05 3.84263e-154 0.210356 6.71929e-322 0.52347 4.1518e-136 0.221715 3.0781e-277 9.71215e-175 1.28406e-87 4.35912e-117 4.70635e-184 6.17809e-245 7.40628e-217 5.7317e-18 6.42684e-133 0.118736
6.77123e-184 5.17801e-176 6.37043e-25 3.07648e-110 7.37379e-47 1.33605e-234 6.96788e-09 7.72649e-96 4.10252e-91 1.60962e-106 2.64579e-161 1.86658e-153 1.45324e-129 2.91628e-192 6.1624e-75 5.0132e-214 7.75018e-293 1.88501e-106 1.84899e-115 1.72015e-155 3.01874e-321 5.99969e-156 1.71847e-174 6.12167e-115 2.72536e-133 2.12839e-268 2.0672e-264 0.370546 1.12559e-146 2.3037e-157
3.85724e-41 5.85305e-140 2.9506e-10 9.20518e-233 1.31712e-130 8.96042e-91 1.00683e-139 5.55514e-240 6.35864e-92 1.48591e-67 6.68348e-42 1.25453e-109 4.1736e-253 3.92574e-234 1.5239e-98 3.83438e-119 7.21196e-183 7.62857e-131 1.15979e-150 4.25411e-130 6.35426e-206 1.96708e-245 4.43884e-182 6.46162e-103 4.03017e-253 3.41132e-253 3.03703e-115 0.339753 2.38041e-228 3.78198e-180
1.15184e-181 0.017678 5.87999e-139 2.43173e-181 4.43146e-169 7.2639e-48 9.35286e-50 1.58248e-245 4.00493e-202 2.03891e-219 2.01937e-143 2.10296e-70 2.00697e-242 3.85319e-164 1.26737e-73 2.24277e-163 2.53218e-227 3.991e-41 9.26466e-193 1.60908e-138 2.45177e-143 3.82258e-250 8.21331e-22 5.61224e-169 9.29132e-122 2.18162e-189 5.37133e-247 0.750912 4.04196e-115 1.95517e-308
1.71566e-155 8.43424e-91 2.49717e-90 4.9398e-192 1.38428e-92 1.13063e-46 1.45042e-122 1.00116e-98 8.44364e-160 7.06292e-95 1.09411e-80 2.98852e-172 9.96017e-272 5.50409e-282 8.96157e-110 1.5174e-218 1.90088e-282 1.32191e-102 1.68685e-202 3.46573e-227 1.53759e-192 0.488289 3.65836e-147 5.01401e-136 3.66974e-178 5.34651e-96 3.46766e-164 6.10979e-142 1.23612e-182 6.11305e-205
3.45838e-176 2.50762e-195 6.24107e-15 9.93072e-321 2.94463e-39 4.8226e-155 3.5234e-59 0.350247 7.84471e-114 3.47629e-274 4.62355e-129 1.87331e-36 7.30147e-18 4.39029e-128 2.61573e-148 3.59715e-82 9.20368e-317 1.54316e-58 4.26517e-19 1.40547e-101 3.44485e-114 3.45746e-246 1.5203e-152 1.04963e-130 0.0142655 0.747284 0.165143 1.27202e-233 3.49826e-122 1.50159e-71
