1.55259e-44 2.10746e-69 7.97428e-101 1.7595e-100 8.95463e-87 3.31985e-76 7.63332e-09 3.12424e-48 4.94708e-89 2.8663e-44 7.5939e-91 1.60129e-32 1.4081e-10 1.83275e-133 1.47868e-88 2.20908e-11 6.02597e-147 0.178578 1.68122e-133 1.8693e-63 7.19125e-215 2.73838e-134 8.34531e-23 7.92184e-34 1.39321e-65 6.32638e-87 1.35715e-163 1.64878e-94 3.88669e-82 4.98252e-172
1.70311e-89 3.93195e-94 3.26794e-119 2.43129e-50 1.35493e-128 2.23634e-91 6.2504e-27 2.28948e-43 3.77736e-92 1.45383e-65 1.07398e-74 2.72766e-46 2.994e-56 4.83508e-55 4.6549e-113 3.31742e-52 3.34349e-111 7.69997e-15 6.90627e-85 9.06945e-115 3.81284e-226 4.9761e-66 1.83828e-42 1.98771e-96 1.34075e-40 8.19927e-166 2.8337e-131 0.154465 4.09834e-41 1.95378e-260
0.00329435 0.00661201 4.6304e-05 0.00155711 0.000647486 0.000714331 6.70348e-06 0.000306751 0.00260119 0.00677845 0.000259212 0.000372705 0.000461199 0.0153613 0.000133085 1.30812e-118 7.10075e-166 2.49056e-94 6.35214e-207 1.93143e-145 2.45232e-238 6.56469e-157 1.50309e-110 1.25091e-114 1.73451e-140 9.32215e-230 3.00378e-186 1.09192e-150 9.73648e-91 5.54751e-266
1.26455e-40 6.35877e-91 9.43766e-76 7.43318e-86 2.05172e-120 5.38674e-93 7.72938e-96 5.7385e-81 1.52654e-103 1.00258e-103 7.50048e-14 0.00274205 3.18444e-117 3.31792e-133 2.23494e-131 5.53856e-17 8.3976e-142 1.43792e-64 2.26939e-116 8.48842e-84 5.42597e-199 7.84493e-82 3.97105e-91 3.49647e-50 0.160835 9.54153e-68 7.27162e-54 3.41647e-31 0.296893 1.44366e-78
1.95954e-45 2.82608e-111 2.60099e-37 2.51201e-108 1.22511e-21 1.02647e-73 2.20166e-77 2.326e-24 2.31605e-10 9.04197e-10 3.05701e-95 6.2625e-55 1.32038e-65 1.96183e-12 5.04185e-25 0.108295 2.1925e-162 4.07731e-60 1.63438e-122 0.145904 1.04098e-198 1.23683e-70 3.42951e-14 1.30677e-15 8.1851e-72 1.86084e-110 1.29126e-163 1.70071e-37 7.10216e-50 1.88863e-203
7.99753e-44 9.12307e-112 5.86986e-46 3.60471e-136 4.50935e-57 9.65163e-50 2.73014e-105 2.53876e-37 1.62252e-90 2.778e-13 7.33368e-138 2.20548e-105 1.00867e-48 8.77861e-70 2.82265e-55 8.66127e-54 7.58894e-146 1.24369e-35 1.02152e-116 3.42321e-77 5.86078e-166 1.43054e-136 2.30802e-09 4.69816e-98 6.49063e-53 3.64475e-189 8.36678e-93 1.5228e-106 0.721634 8.60149e-116
0.000907066 0.0300522 1.75446e-05 0.00223595 2.62516e-07 0.0004657 0.00301853 0.00247444 7.62343e-05 3.92144e-05 0.00270883 1.18451e-05 1.78748e-05 0.00279963 0.00192825 1.09591e-117 4.64491e-164 2.47819e-93 4.9105e-205 1.35944e-143 4.20631e-240 7.59405e-158 1.13383e-111 1.76529e-115 3.03545e-139 1.67208e-226 5.49309e-187 1.49964e-148 5.45173e-89 1.43956e-264
4.47198e-63 8.7952e-122 1.28359e-62 5.06867e-35 1.84899e-114 6.60878e-41 2.93597e-36 0.00033987 3.02696e-79 9.39451e-17 5.47748e-43 4.14291e-41 6.39453e-97 1.24394e-66 2.85734e-15 4.60829e-31 1.4916e-114 3.15386e-87 1.80846e-45 1.84796e-63 2.70425e-209 2.36146e-59 2.22916e-82 3.6336e-19 2.94544e-95 1.13964e-138 2.6608e-149 0.288878 2.48009e-87 8.74832e-167
1.80533e-56 4.47146e-31 1.07549e-108 9.14973e-134 8.13486e-154 5.22486e-77 2.00152e-117 2.63555e-31 1.19337e-120 1.05423e-83 4.726e-104 4.33842e-68 9.02814e-83 1.33579e-131 3.30506e-49 8.24286e-113 3.01019e-156 0.119707 2.28627e-98 2.11277e-63 6.59558e-199 3.22873e-23 8.32003e-94 2.20327e-110 7.22658e-51 1.89621e-92 3.12797e-75 1.53863e-59 5.49206e-27 4.39712e-189
2.94916e-96 4.70374e-104 1.45308e-07 2.35314e-62 1.97744e-38 9.87979e-87 1.2543e-72 2.18962e-80 1.72124e-40 2.54045e-38 3.53668e-06 4.00878e-81 4.94588e-38 5.96369e-94 3.71151e-152 1.06401e-113 1.25943e-103 4.58579e-29 8.29883e-163 2.39076e-28 1.62536e-229 2.45713e-134 1.67042e-98 0.042468 3.07572e-120 4.89446e-210 2.26677e-98 0.199239 2.02775e-21 1.48654e-228
5.10929e-25 2.95785e-31 1.52663e-70 3.83457e-99 1.85693e-140 8.07616e-77 1.21828e-149 2.03032e-75 2.73078e-159 5.9033e-41 9.39322e-21 9.90449e-89 2.34062e-56 1.00358e-21 4.80392e-140 1.20974e-33 5.16352e-09 3.91406e-14 1.20938e-50 4.54419e-81 3.89842e-187 9.19597e-69 5.56422e-56 1.322e-46 2.03991e-99 4.85134e-179 2.50369e-178 9.32488e-28 0.577734 1.92705e-163
1.52771e-65 2.31541e-119 2.96016e-44 6.7091e-39 2.54904e-83 1.03369e-39 1.59423e-138 7.86745e-80 2.20853e-156 6.67761e-31 1.3399e-142 1.01953e-105 4.30184e-60 3.81986e-123 4.39918e-06 9.63383e-78 1.75419e-95 1.80942e-26 1.24621e-95 0.000778942 6.90537e-223 0.000352446 5.40018e-25 7.34035e-30 1.93362e-37 3.49128e-98 8.16663e-86 4.86544e-11 0.0590469 7.57647e-108
2.26659e-73 1.32994e-57 7.52185e-43 3.49229e-98 7.23598e-82 1.58376e-05 1.7869e-80 4.1464e-109 1.70333e-19 4.56273e-05 8.45725e-56 1.25479e-89 2.42332e-38 3.06551e-116 3.22885e-123 6.75017e-97 2.51525e-29 0.402084 1.38581e-153 1.18068e-115 2.6344e-214 7.32261e-139 8.01539e-57 1.01995e-110 2.35493e-125 5.35988e-185 9.43556e-74 0.260833 6.63469e-40 1.29312e-205
6.85087e-43 7.54348e-64 2.9644e-40 4.12612e-25 5.78679e-135 1.76713e-84 9.07339e-66 6.22767e-120 3.69324e-126 5.08831e-88 8.54095e-27 2.89166e-14 1.00349e-56 4.32113e-42 2.50626e-23 0.0132935 9.51041e-127 3.38925e-07 4.91437e-146 1.60409e-32 2.60321e-175 1.1276e-36 1.35545e-32 4.52841e-11 4.09212e-130 3.70666e-204 1.8763e-64 0.200133 2.43193e-17 3.64665e-108
4.40033e-84 2.11007e-41 8.46368e-169 3.67386e-65 1.28772e-168 8.26256e-89 7.73493e-68 5.7152e-44 1.27306e-209 3.49641e-128 1.558e-75 6.38054e-150 3.46761e-22 2.32375e-99 1.12495e-145 9.03688e-10 3.6496e-78 3.61093e-58 0.447699 5.34434e-125 2.8971e-132 0.985162 1.33248e-09 0.393667 2.64241e-101 1.2116e-114 7.61261e-09 7.01791e-43 1.64594e-19 9.88306e-182
1.16533e-37 2.30258e-21 7.76644e-139 9.37403e-168 1.37265e-94 7.58737e-68 1.56423e-108 6.18543e-23 7.70832e-189 1.82056e-94 3.4363e-11 3.82937e-12 2.89311e-89 5.18033e-19 1.13613e-12 3.71952e-60 1.3805e-60 9.78718e-46 4.43036e-85 3.84858e-140 8.4858e-228 0.290471 2.95237e-103 3.24455e-33 4.15015e-136 3.17311e-58 2.02544e-53 4.00248e-97 3.32941e-75 8.78111e-197
1.28036e-75 1.80088e-40 1.04525e-87 4.64641e-39 0.0462756 4.08196e-23 1.3349e-83 7.04588e-99 4.99259e-232 2.19403e-10 8.03814e-185 8.64052e-192 9.21791e-100 1.29646e-183 7.20859e-169 9.38682e-76 2.02127e-72 4.58923e-81 0.0207822 1.50331e-59 1.76141e-187 6.2585e-139 0.202569 3.12658e-30 7.83354e-126 0.424884 9.87209e-158 1.59297e-137 7.61838e-10 1.73303e-207
1.67795e-171 9.55016e-31 8.1447e-136 1.91639e-93 9.44697e-198 2.65042e-11 8.85485e-223 1.13695e-127 2.66584e-219 3.05312e-32 1.77293e-18 9.92612e-202 5.61207e-218 1.89506e-154 1.51492e-119 1.17124e-96 0.0395214 2.05823e-74 3.06949e-75 1.20392e-18 0.206123 1.85804e-122 0.584947 1.58221e-43 0.0700561 4.7948e-119 0.60909 9.54305e-95 2.33294e-59 1.02311
