2.39306 0.214723
1.52077e-148 5.76652e-86 6.80358e-135 9.45138e-219 6.62898e-98 2.10327e-31 1.48846e-226 6.8527e-155 1.29369e-119 2.64413e-155 1.88199e-95 7.00807e-183 1.12747e-48 1.09521e-176 9.84673e-321 3.49792e-94 1.27101e-189 1.8901e-47 4.61347e-290 0.153399 1.01851e-197 0.242148 3.36863e-125 1.44267e-321 1.95661e-226 3.43965e-148 9.83854e-129 1.1616e-42 3.05465e-214
1.19451e-70 6.64626e-81 6.94366e-10 9.10552e-172 5.89245e-105 1.66584e-181 2.43943e-181 2.10963e-110 4.89899e-201 2.64811e-139 5.25769e-180 2.78339e-111 8.9647e-45 1.77711e-65 8.85785e-266 3.39456e-62 2.66625e-21 0.587634 3.76176e-141 0.499038 7.7537e-123 4.37692e-154 8.86926e-76 7.67367e-302 3.59186e-321 0.367361 9.31467e-121 0.186959 5.20674e-152
8.26804e-29 6.09773e-145 6.05625e-12 2.91458e-193 2.29685e-132 1.17528e-109 2.9479e-11 1.46126e-07 2.26917e-152 6.46377e-89 7.27437e-200 2.66049e-99 1.26125e-158 1.42191e-65 2.60006e-191 8.07379e-95 4.90016e-160 1.5975e-122 1.98027e-120 2.38256e-143 9.64335e-177 2.06041e-77 0.0904818 2.71271e-110 3.57921e-319 3.32784e-205 0.120262 0.324628 1.25651e-111
1.35943e-69 8.03222e-254 3.09648e-244 7.61435e-166 1.07375e-135 9.85842e-255 2.89305e-215 9.80499e-36 3.7746e-191 5.757e-238 4.39288e-230 2.34238e-39 6.78914e-163 1.85835e-140 2.46739 4.07026e-215 8.46136e-206 3.12318e-77 2.81953e-51 6.45198e-86 9.8151e-85 8.43993e-157 2.86972e-134 6.00287e-82 0.942208 1.50883e-82 1.99985e-140 8.29405e-162 1.49177e-31
2.74277e-29 2.60421e-117 4.32934e-188 8.86664e-126 3.75398e-63 2.25556e-77 2.16869e-72 2.00864e-77 2.74776e-50 2.73584e-103 2.3583e-122 2.86548e-130 8.776e-63 1.29306e-13 1.09589e-236 9.20249e-252 1.77539e-208 8.35828e-121 1.85429e-253 0.144418 3.46317e-96 5.26404e-33 1.81921e-21 4.54956e-215 2.37646e-321 1.69031e-235 3.6645e-122 5.5142e-136 1.01308e-213
0.000924825 0.000102563 0.000389771 0.000996049 0.00227669 0.000532583 0.0012994 3.74946e-05 0.000220938 0.00115106 0.000164076 0.00207663 0.000425314 8.26681e-05 3.45846e-323 5.34121e-283 2.42652e-280 4.47298e-143 1.12089e-311 1.2865e-193 1.10676e-212 2.01931e-228 4.49616e-148 0 0 4.15099e-281 2.11174e-163 1.47126e-265 3.66831e-217
8.22873e-99 6.49389e-174 2.58268e-67 7.84093e-170 2.25203e-88 9.80685e-23 1.50314e-133 1.29277e-30 8.91314e-116 2.96106e-104 6.33071e-92 3.18445e-37 4.41315e-58 1.09451e-129 3.89186e-152 1.13424e-162 1.41956e-34 1.58833e-13 1.15055e-277 2.3907e-65 0.0819966 4.62077e-174 2.80815e-93 2.27692e-221 2.05029e-185 2.25534e-157 8.98781e-69 3.27069e-145 3.68894e-110
6.44854e-167 1.31576e-57 3.72917e-139 6.53788e-18 2.28163e-87 2.60299e-28 4.74411e-196 1.12943e-224 2.53802e-131 3.84988e-45 5.59422e-46 1.52784e-54 4.7194e-05 3.1239e-39 1.46987e-241 2.64344e-159 0.193092 1.07639e-140 1.80784e-262 2.07205e-37 0.0476599 2.34953e-208 8.81114e-105 5.75778e-306 9.48991e-205 1.17312e-38 2.48503e-16 5.93449e-05 0.97808
2.30776e-139 2.24911e-53 4.42389e-32 0.000719309 2.64538e-19 6.64483e-147 5.71854e-133 1.5965e-103 1.42902e-66 3.23791e-72 1.18391e-76 7.5846e-27 1.45911e-17 4.17837e-156 1.10494e-147 9.18828e-242 1.26263e-135 9.60095e-105 4.03388e-201 8.06006e-40 1.74731e-198 5.14691e-205 0.119129 1.9709e-145 2.52962e-321 6.85428e-92 1.22441e-50 1.65263e-218 2.89241e-197
5.41501e-30 2.66487e-225 2.65943e-116 4.11372e-193 1.64546e-200 4.58666e-144 1.08633e-38 3.79713e-136 6.86626e-155 1.1676e-103 4.57868e-181 1.41621e-160 6.5463e-19 1.48077e-101 3.52133e-247 0.555931 8.86889e-186 1.23486e-23 1.10226e-140 3.23874e-19 1.34504e-111 2.44069e-174 1.40875e-65 1.52666e-321 2.24969e-100 6.46802e-116 3.57216e-68 1.36483e-97 8.45705e-46
1.12867e-62 1.97221e-142 3.28703e-108 1.2702e-51 1.71109e-84 1.31611e-185 2.16144e-159 5.85717e-220 2.30926e-70 1.78974e-210 1.37089e-256 2.53386e-102 6.00958e-12 6.37632e-15 2.46477e-132 0.822114 4.38818e-34 5.5889e-89 0.172872 1.18432e-112 1.65114e-141 1.97403e-112 2.98845e-97 3.72746e-129 6.81129e-85 6.00315e-106 2.38118e-152 1.67124e-196 8.77007e-160
2.46097e-20 7.21965e-26 1.5312e-308 4.7986e-29 2.60131e-176 2.01814e-201 7.48579e-26 1.5028e-133 5.03925e-36 1.58338e-150 1.27869e-84 1.18846e-30 7.02479e-16 3.14301e-123 1.20679e-222 1.81916e-65 4.60307e-229 0.00254108 5.15994e-218 2.02773e-137 5.65853e-22 0.665189 5.12725e-127 1.56026e-275 4.95457e-131 1.56443e-68 2.72825e-82 9.11922e-71 2.89076e-122
6.89848e-87 0.00208876 4.82888e-176 5.71339e-78 8.62078e-150 6.99603e-133 0.425335 8.14912e-38 4.84557e-74 1.29615e-160 1.0727e-98 2.36797e-81 7.76611e-126 0.000295926 2.98658e-317 1.18404e-204 7.09652e-253 7.38508e-82 4.9043e-193 1.34201e-144 4.78744e-198 1.24432e-135 1.30402e-140 9.09081e-322 2.59233e-176 1.0613e-226 1.01904e-153 1.53516e-248 1.23061e-82
7.87583e-62 5.17984e-57 3.36911e-52 1.43978e-296 9.24257e-220 5.56126e-124 1.8955e-255 1.66419e-49 9.14456e-53 9.68426e-139 7.10053e-139 8.96949e-22 2.70246e-148 8.90314e-193 6.92858e-70 2.58392e-141 1.48026e-33 4.23988e-18 4.16515e-148 0.555215 1.62657e-125 1.23684e-50 7.02716e-79 0.427425 8.98025e-102 2.15885e-223 9.73735e-124 1.93051e-47 1.10645e-127
7.16135e-88 3.65199e-90 1.33496e-176 5.72778e-17 1.75045e-132 7.12699e-128 7.94115e-24 8.69996e-78 1.52981e-126 3.03144e-165 4.35587e-66 4.02103e-08 5.96797e-17 7.59528e-71 5.77228e-218 9.35456e-229 1.25731e-215 8.92877e-97 8.34053e-307 7.17268e-184 0.464417 3.50282e-205 1.43308e-82 3.32349e-248 1.14846e-301 1.7591e-235 2.26019e-13 7.88945e-61 1.15096e-47
8.37386e-06 6.10128e-08 0.00221936 5.61793e-07 0.00806893 0.000270862 2.60599e-06 0.00102969 1.09001e-06 6.53272e-06 0.0023165 0.0239536 0.000433047 1.13841e-06 1.43279e-322 1.81438e-280 1.12218e-275 1.25084e-140 2.96926e-307 7.10049e-191 8.05347e-210 3.71623e-224 4.87414e-145 1.97626e-323 5.43472e-323 1.00067e-276 3.35549e-160 3.15534e-265 9.29389e-216
1.72607e-124 1.1083e-138 1.31538e-115 2.50507e-69 1.07038e-26 2.72618e-75 4.89208e-43 9.52496e-26 7.19194e-108 3.98085e-201 1.29878e-08 6.0588e-63 7.98189e-66 5.99942e-41 6.1718e-120 7.98358e-217 2.11142e-42 2.89053e-75 1.64319e-124 8.96139e-06 2.04793e-159 1.35617e-97 0.0361391 2.50851e-147 4.39642e-292 1.35519e-174 1.86167e-102 2.15236e-123 4.67386e-120
3.26603e-09 8.81e-24 7.71964e-16 1.2223e-21 4.61306e-15 1.05994e-21 1.09042e-12 1.21441e-05 0.00575136 1.72997e-09 0.0273715 5.66385e-19 0.0005287 1.98753e-10 4.63744e-311 1.48963e-278 6.09692e-252 6.38146e-140 1.413e-285 6.69332e-191 1.07426e-209 2.96509e-198 2.90706e-136 2.2727e-322 5.13828e-322 7.27625e-254 4.2685e-146 3.22406e-258 5.59116e-213
