2.05121e-245 4.08676e-31 1.76443e-264 1.62662e-201 2.3949e-296 1.86082e-209 1.69679e-195 7.18506e-252 2.80625e-104 5.45698e-287 7.40901e-54 3.41399e-321 1.12647e-321 1.09151e-268 0.511206 5.00777e-65 2.42068e-67 5.2812e-132 2.93929e-39 1.09134e-211 5.73142e-96 1.2981e-103 1.96246e-90 0.39752 2.17746e-78 1.52143e-142 1.51278e-07 1.57449e-05 2.63066e-49
8.97769e-26 1.1034e-187 6.71113e-65 3.14627e-193 1.57345e-192 4.99932e-244 5.50717e-187 1.79783e-190 8.54742e-87 1.39628e-318 5.57016e-10 1.32061e-240 8.31456e-167 2.71935e-115 2.683e-173 0.764812 9.70247e-262 5.97523e-174 3.28693e-122 1.82429e-30 0.316023 9.28898e-131 1.59405 0.206766 5.45864e-272 2.28882 2.59164e-14 4.78921e-118 1.88877e-22
8.99348e-283 1.96098e-252 6.31589e-291 3.66767e-181 1.72288e-93 1.15755e-181 5.55755e-60 1.2516e-135 2.47525e-70 6.36061e-17 2.26589e-220 3.57835e-279 4.62372e-57 7.74227e-301 1.73891e-65 1.66904e-144 0.428544 4.39343e-80 9.67409e-68 6.51749e-26 1.21296e-105 0.503932 1.38397e-215 5.49067e-25 0.342261 2.69809e-116 3.24835e-143 4.12723e-115 7.74139e-14
4.48465e-22 5.50552e-158 9.08483e-106 2.72178e-68 2.42663e-80 1.57268e-176 4.2637e-07 1.23698e-20 1.1122e-23 2.76019e-115 1.0777e-49 1.14193e-185 7.57743e-281 1.18226e-14 1.42291e-321 7.63366e-201 5.49876e-256 5.23682e-250 3.95334e-16 3.44581e-213 7.18374e-82 1.45499e-54 1.69889e-106 2.28022e-188 5.22489e-272 1.64037e-34 0.183065 4.19983e-09 7.86228e-24
4.81918e-205 6.23698e-24 1.36748e-193 6.88619e-147 3.43769e-207 1.82959e-138 1.50048e-140 2.08208e-149 8.36988e-157 7.45612e-124 6.56913e-167 8.54112e-177 1.4878e-157 1.99584e-241 4.20326e-224 0.00798467 9.42072e-277 1.83788e-135 1.49845e-230 4.75197e-18 8.64557e-82 4.94841e-43 5.67395e-209 1.96512e-42 1.19618e-240 8.12802e-117 3.31988e-106 0.156074 3.95795e-138
0.0369277 1.37862e-109 1.04866e-08 3.03184e-173 1.80418e-179 1.63816e-24 5.63932e-69 7.27073e-111 2.45178e-125 2.70267e-247 3.87809e-271 9.77117e-194 5.97217e-175 1.09453e-173 1.3241e-321 3.55904e-81 3.43164e-259 2.04084e-258 0.536872 0.481078 7.26928e-29 8.13174e-155 1.0559e-219 3.32638e-99 3.96046e-89 1.05663e-126 2.52733e-44 1.42966e-32 1.05324
3.70668e-38 4.29845e-17 0.0349654 5.46593e-26 3.24089e-09 9.40549e-29 3.8854e-25 3.72672e-07 5.85054e-31 6.65133e-20 9.59295e-13 4.36117e-39 3.67474e-28 1.74798e-33 1.07212e-321 5.56805e-179 1.25493e-321 5.14389e-260 1.64598e-214 2.07625e-213 6.70312e-137 3.01864e-262 1.30422e-268 1.06007e-256 1.2151e-264 4.14813e-187 3.66794e-135 2.57314e-139 9.6688e-299
1.23672e-116 1.36241e-09 7.20654e-190 3.19341e-88 1.43711e-77 7.6143e-68 2.50267e-53 4.17925e-121 8.16252e-172 5.64244e-42 2.59443e-255 1.40121e-220 1.20537e-210 6.53226e-145 1.54643e-321 1.69719e-73 2.95264e-195 9.61902e-81 4.19394e-163 4.33e-109 7.08556e-135 0.123874 1.03475e-250 0.00558036 7.46462e-43 0.393214 5.26759e-134 4.30451e-92 2.24044e-248
0.000522363 0.000558764 0.000698483 0.000230438 6.87693e-05 0.000241474 1.53168e-05 5.63692e-05 0.00210512 0.000318107 0.000377876 0.00194673 0.00107908 0.00499662 4.94066e-324 9.41993e-204 4.94066e-324 4.43461e-290 4.96506e-260 5.10327e-222 1.22493e-155 5.40449e-293 5.67622e-270 1.80432e-275 6.193e-291 1.34898e-200 1.70139e-151 8.8073e-159 6.03702e-301
6.51611e-05 0.000410346 0.00013159 5.84306e-05 0.00181454 0.00108714 6.13769e-05 0.000152654 0.00115514 0.0209611 0.000514553 0.000853529 6.64536e-05 0.000666461 4.94066e-324 1.38597e-204 4.94066e-324 7.89785e-291 6.70009e-260 3.24238e-223 2.14124e-155 2.6093e-292 2.2301e-270 1.85159e-277 3.33038e-290 5.50553e-201 4.34181e-152 1.3801e-158 1.1983e-300
8.98779e-129 3.08632e-130 3.33951e-120 5.24017e-142 2.38986e-82 2.33334e-107 2.77902e-186 9.59346e-26 1.63566e-111 7.65294e-133 2.54791e-272 1.44375e-217 4.59636e-256 6.39252e-47 1.96025e-246 2.38987e-194 9.58116e-270 2.20704e-265 3.9509e-183 0.250123 0.00242882 2.43005e-83 7.46445e-246 8.25253e-185 1.50809e-132 5.34841e-143 6.84113e-112 1.0079e-127 2.65073e-277
4.02765e-271 0.0317437 2.88687e-101 1.04874e-51 2.11657e-185 1.69823e-61 9.12357e-12 2.83545e-55 1.23309e-92 2.70456e-82 2.9887e-141 3.07309e-321 7.94929e-217 7.53502e-264 1.69465e-321 1.10722e-176 5.41257e-09 0.0470472 3.53499e-59 1.71518e-158 9.07646e-96 7.35019e-278 1.08799e-260 1.79302e-69 8.64033e-59 4.63597e-135 2.22022 1.25509e-143 3.84958e-68
1.64084e-40 2.9901e-72 6.60535e-58 8.23888e-20 0.137684 9.16959e-51 1.45554e-42 1.25713e-66 1.96051e-15 2.17812e-128 7.58997e-93 4.51459e-61 4.16433e-88 6.85759e-111 4.74303e-322 1.29684e-187 5.18769e-322 3.9317e-272 9.14482e-234 9.32882e-220 3.79723e-91 9.62928e-173 1.45685e-199 3.68506e-227 1.14589e-235 8.84214e-133 3.17807e-69 4.27503e-151 8.30437e-206
2.80667e-158 2.90738e-87 2.31887e-35 1.03764e-100 2.71639e-117 2.0846e-11 1.53939e-159 2.81067e-122 8.52762e-152 2.08958e-39 2.86509e-236 1.37247e-181 8.37386e-65 3.18294e-182 1.22034e-321 4.32048e-107 1.28843e-235 8.60399e-213 9.40315e-176 1.63064e-188 3.82035e-95 6.88287e-199 1.14252e-33 0.358773 1.53216e-215 2.94612e-37 2.86567e-29 2.69336e-42 4.97643e-162
1.25531e-180 0.000583193 7.10316e-109 6.56215e-136 1.67621e-162 5.75852e-142 1.96904e-155 7.17998e-07 9.57231e-50 1.8983e-221 1.23773e-210 1.76632e-199 3.25558e-136 9.32025e-168 1.13245e-299 1.94419e-48 4.14927e-268 1.01895e-164 6.29672e-203 0.213258 3.50488e-102 5.10842e-109 3.41344e-223 5.81235e-215 4.86804e-96 1.83523e-153 1.22881e-134 6.65066e-146 3.34607e-143
3.07034e-60 4.33144e-203 1.7741e-192 4.00889e-106 0.115028 1.4582e-183 6.39735e-56 6.88806e-165 1.43242e-160 1.19161e-283 8.1042e-223 4.07698e-104 1.83916e-319 1.4996e-273 1.97162e-147 1.07561e-52 1.36237e-77 0.146043 8.4028e-59 7.76164e-168 1.69591e-144 6.44281e-227 3.40631e-244 7.47491e-188 1.39338e-74 1.87233e-92 8.65655e-67 0.000381454 1.19502e-246
4.20965e-154 2.79798e-179 9.74885e-93 3.90719e-86 2.10341e-37 7.7631e-92 4.85065e-167 7.56491e-23 1.07005e-72 4.27336e-22 1.8043e-44 3.33405e-57 9.95321e-250 7.99581e-26 1.25618e-258 1.49348e-53 9.0512e-187 7.51075e-138 1.33354e-57 9.08662e-121 3.03773e-59 5.21243e-177 2.20195e-32 0.0180756 2.7708e-222 5.33924e-84 4.82989e-102 8.7513e-105 1.31867e-199
6.25364e-46 1.13239e-160 1.18554e-169 3.89218e-93 9.55767e-172 3.44184e-37 4.18121e-53 3.86968e-165 2.55999e-30 5.45087e-135 4.97411e-232 1.80678e-203 1.55073e-38 5.78659e-42 1.23022e-321 1.13477e-121 5.81295e-111 6.36062e-250 1.00648e-242 0.742056 1.50104e-57 4.63146e-139 1.01528e-222 5.46314e-05 8.19388e-57 6.31975e-74 1.56576e-48 7.92959e-109 6.74418e-203
