1.12761e-147 1.33105e-66 1.94352e-195 1.64689e-145 5.35877e-67 1.93495e-177 9.1896e-55 7.39322e-80 6.07784e-23 2.15846e-06 4.32305e-44 1.43721e-185 7.05288e-54 2.30699e-90 2.59211e-51 0.0870649 6.1539e-114 0.271671 1.85535e-108 0.0709007 6.69175e-49 2.13339e-56 5.24755e-83 9.3637e-26 3.47599e-70 0.161818 3.97783e-44 1.63452e-11 0.174625
0.0103077 0.00121908 0.000512611 2.28254e-05 0.00360425 1.14671e-05 0.000724665 0.000395477 0.000989637 0.000221491 0.000555559 2.4026e-05 1.28147e-05 0.0037627 5.0149e-86 6.30458e-153 5.98649e-161 6.88004e-170 4.36858e-138 1.22507e-136 8.89514e-102 1.60755e-113 6.7749e-106 3.41323e-87 1.18223e-84 6.69679e-122 4.43811e-72 4.45743e-123 1.77663e-116
1.71062e-68 3.89205e-20 2.77345e-25 4.16444e-21 3.01891e-37 4.02401e-66 1.01131e-67 1.7171e-39 1.65324e-54 2.6304e-52 6.13689e-41 1.62296e-85 2.03027e-14 1.08233e-20 0.145121 1.16687e-137 1.60301e-97 1.94055e-101 6.05028e-106 1.85976e-112 1.69569e-71 1.05781e-40 3.1193e-43 4.91479e-49 1.86416e-49 1.20043e-74 2.73417e-52 8.69171e-81 7.22505e-113
4.77832e-52 1.2237e-49 2.19842e-18 3.25057e-27 6.77826e-39 2.6589e-28 5.27928e-70 1.80299e-25 5.20043e-84 0.0067946 2.15228e-12 5.98635e-08 2.09961e-60 6.1166e-16 4.78564e-40 4.91831e-61 1.31481e-122 6.42646e-143 8.3626e-74 2.22401e-105 5.89036e-32 7.84525e-102 2.44463e-97 7.03071e-41 0.103141 2.9174e-118 0.0697033 4.37005e-81 3.62238e-100
8.21526e-82 6.50557e-46 1.1223e-88 4.21779e-29 7.37243e-35 1.48076e-25 2.43687e-14 1.51028e-31 7.96695e-54 2.34253e-44 1.66455e-45 4.94227e-32 9.61518e-27 1.95798e-34 1.17291 1.36428e-64 1.14197e-98 3.11998e-106 1.48784e-109 6.22161e-112 3.17283e-52 1.14479e-50 1.90447e-102 1.51301e-73 1.22174e-26 2.31806e-75 1.29333e-69 2.14776e-105 1.88791e-68
7.20616e-18 1.61938e-89 2.35714e-34 1.60966e-55 1.09242e-32 1.05669e-49 1.63732e-89 6.75005e-33 3.12653e-73 3.43669e-58 0.0268364 3.29522e-22 1.00678e-50 2.74373e-52 0.420933 4.26145e-153 2.64732e-159 5.94435e-124 1.98357e-127 3.01427e-81 4.82984e-90 2.49467e-105 9.05477e-93 5.06036e-40 1.8969e-08 5.87122e-64 0.000148519 2.31382e-117 7.96531e-70
3.79138e-72 3.48911e-22 5.0288e-05 4.99756e-15 2.17385e-19 5.90352e-44 1.12768e-62 1.3432e-23 5.46072e-53 1.94634e-56 5.41779e-16 1.50707e-75 4.82432e-22 1.25171e-34 0.162595 9.5642e-89 1.00868e-84 1.06949e-165 8.93363e-131 8.72979e-133 5.14806e-82 5.26995e-65 3.19955e-85 3.25061e-83 8.43491e-36 1.87932e-64 8.32409e-70 1.41351e-103 1.61851e-78
2.56311e-14 3.87773e-87 1.62785e-49 1.56559e-70 3.02185e-46 5.30886e-30 1.27237e-51 4.96229e-42 3.53839e-57 2.73283e-76 1.1015e-41 1.11506e-40 7.43267e-70 1.91364e-69 0.152253 1.18973e-149 1.51866e-85 2.37056e-128 7.77399e-125 9.04453e-88 9.67425e-71 4.44391e-24 1.02766e-76 3.31535e-58 5.29111e-73 1.47676e-85 1.17524e-20 1.37141e-68 3.84171e-61
1.49395e-133 9.96442e-11 1.56988e-158 9.16191e-141 3.08151e-136 1.74614e-159 5.56205e-88 6.46531e-07 6.70442e-164 2.4571e-69 1.67535e-41 1.37072e-72 5.55915e-45 1.03776e-30 2.39929e-25 2.25077e-135 0.169881 1.39956e-115 0.0868878 4.15441e-15 1.09883e-94 1.16769e-61 0.226844 4.58226e-49 0.0126772 0.48792 2.62483e-67 0.513549 1.22244e-63
1.82055e-101 1.02412e-137 2.19457e-58 2.92264e-21 7.83923e-22 4.51713e-45 6.99212e-124 3.05573e-37 1.9495e-42 1.63518e-56 1.20915e-84 5.19923e-156 1.0275e-32 3.88642e-106 1.496e-66 2.56122e-141 2.10074e-137 5.59867e-37 1.05924e-95 1.39488e-75 0.242699 9.98284e-59 6.01187e-89 0.538757 5.45285e-43 4.87566e-24 2.98142e-58 3.23126e-105 3.4501e-91
3.78713e-31 8.44457e-77 2.0797e-19 9.52123e-29 9.34999e-35 8.94475e-58 3.18666e-65 2.73145e-20 6.92349e-39 8.90195e-45 3.21741e-27 8.00659e-40 1.42107e-35 5.69072e-24 0.813691 2.89337e-124 1.17342e-120 7.75913e-166 3.21885e-136 3.415e-110 5.59633e-73 4.72472e-100 6.89135e-40 1.25224e-81 8.97688e-22 5.23131e-81 2.38949e-38 4.33251e-89 4.70968e-54
5.07713e-30 7.91605e-62 1.22557e-122 5.99981e-42 8.17393e-07 5.41091e-108 3.57214e-112 4.14089e-45 3.94522e-98 6.4169e-56 8.8951e-29 1.16107e-09 9.06905e-13 7.30577e-61 8.14476e-15 2.44466e-75 3.4794e-81 8.29726e-82 8.7077e-126 4.82874e-60 1.9548e-13 2.87302e-42 1.00274e-63 8.13872e-40 0.0598773 5.85057e-80 5.90338e-15 3.99172e-118 1.44941e-32
1.82285e-102 5.34155e-48 2.02073e-143 9.68306e-69 1.08606e-59 0.027245 7.21873e-89 1.25772e-78 1.10348e-103 9.69056e-92 2.6352e-39 3.73453e-21 1.07723e-75 1.01226e-61 0.827285 3.21478e-119 1.71851e-36 1.93026e-93 4.60749e-61 4.45253e-76 4.16233e-24 0.136964 1.31739e-39 7.52739e-38 4.37287e-57 0.185986 3.21428e-07 6.85332e-74 2.48439e-103
0.00111311 0.000222106 0.000410658 0.00150984 0.00094911 7.65519e-05 0.0037713 0.000832765 0.00054031 0.000599647 0.000115152 0.000171145 5.08544e-05 0.00131136 4.21034e-87 1.44769e-154 3.68151e-162 1.34785e-169 3.58559e-139 1.18841e-136 9.37192e-103 3.94943e-115 6.03945e-108 4.2892e-88 8.23417e-85 2.68835e-123 1.65973e-73 9.70608e-124 5.06235e-117
6.46945e-45 9.45062e-26 8.95222e-77 1.51922e-27 1.4174e-57 9.89045e-10 3.33151e-75 4.56304e-32 6.25908e-25 8.4885e-54 2.40213e-27 1.86313e-56 2.38047e-39 1.80975e-61 0.153625 1.6362e-97 6.66374e-124 2.0364e-146 8.59838e-87 2.14921e-121 2.51112e-48 5.51579e-47 1.35256e-79 3.65889e-77 2.40508e-41 8.59726e-80 2.94267e-67 1.51593e-91 2.63372e-52
5.26471e-20 3.40865e-119 2.28738e-89 8.25618e-55 2.13763e-13 1.90866e-80 1.34622e-19 1.08818e-25 8.90204e-17 7.40315e-56 3.47554e-11 9.2701e-111 1.26456e-37 7.0833e-44 0.394477 1.31974e-47 2.95644e-53 4.67401e-107 1.11866e-60 1.52553e-128 3.4157e-23 1.81684e-55 6.40474e-84 2.98262e-46 1.56846e-45 1.6123e-56 5.22881e-13 3.56488e-47 7.76094e-54
4.32071e-86 8.34097e-99 3.89771e-16 3.48757e-35 8.12297e-11 3.60807e-26 2.08496e-121 7.50119e-13 1.44806e-28 1.89495e-18 1.30124e-53 3.79272e-17 2.35729e-82 1.11031e-63 1.28592 3.81173e-142 1.81506e-151 2.68766e-77 5.95988e-124 3.46513e-105 1.51692e-23 2.509e-80 2.90355e-91 2.3865e-53 2.84609e-05 5.8835e-86 9.19579e-20 6.50901e-56 5.44025e-89
8.92942e-57 5.17626e-18 7.21814e-34 7.45364e-42 3.76456e-18 2.3699e-58 5.21494e-54 4.85825e-26 9.92472e-64 3.47838e-36 5.60776e-32 1.3382e-25 2.51359e-23 2.55485e-18 0.234328 2.46434e-148 1.90123e-135 9.3111e-125 3.52985e-113 9.34238e-129 1.4235e-64 4.22703e-53 1.84262e-91 5.23466e-51 1.62167e-53 1.45945e-114 7.56238e-51 2.35968e-76 3.20982e-57
