4.26121e-134 5.80297e-82 1.23462e-83 3.75255e-104 5.45782e-121 7.80554e-127 3.94276e-41 1.46731e-122 3.3482e-51 4.54141e-127 5.20548e-51 6.27614e-110 9.02928e-49 1.12181e-80 1.80883e-30 6.92451e-115 5.7025e-29 1.09638e-45 3.87424e-56 0.0539467 5.50015e-93 7.74553e-93 1.74307e-45 2.38263e-48 1.29366e-12
3.36888e-137 3.20349e-71 2.32862e-66 3.2679e-106 3.48815e-107 6.29345e-18 3.98333e-73 4.79951e-83 7.78725e-22 6.25271e-77 3.95506e-43 2.11431e-89 6.78255e-149 3.71494e-133 0.0969525 1.19194e-45 1.48424e-75 5.63324e-24 2.41687e-93 1.94151e-23 1.05233e-26 5.86393e-89 1.00267e-18 4.20242e-46 8.85247e-98
0.0477225 0.18777 9.48933e-06 1.67991e-29 8.15209e-42 2.32196e-49 1.9385e-120 0.123251 0.6056 2.41302e-61 0.481659 3.90129e-29 1.09514e-21 6.94062e-158 3.37432e-91 0.00147259 1.20669e-13 1.32437e-08 4.67723e-107 0.184269 1.42836e-79 0.363914 1.75775e-14 0.00085603 6.48263e-08
1.50122e-146 2.00374e-86 4.24344e-55 2.66537e-62 2.89169e-53 2.25438e-33 2.03764e-109 3.37867e-42 5.79903e-35 1.15527e-55 3.10261e-73 0.273555 9.24051e-67 1.22352e-74 1.0157e-102 2.13888e-05 2.00892e-37 6.58874e-26 2.97103e-131 6.97442e-100 4.13715e-44 9.57332e-96 5.41565e-97 9.00844e-52 2.8093e-116
1.18691e-68 2.44599e-125 4.69436e-51 2.91607e-35 4.31622e-95 1.66903e-49 2.64983e-93 2.07084e-46 1.76005e-72 7.42395e-105 2.78561e-93 0.065975 1.44462e-40 1.41973e-94 1.71556e-88 1.03208e-58 2.66812e-79 0.0643677 2.69339e-141 2.48501e-102 1.13425e-39 1.61843e-49 2.66268e-59 1.52792e-48 1.98846e-100
5.90226e-113 1.36249e-74 0.193916 1.18869e-83 4.89457e-67 5.54623e-44 1.14146e-115 2.35039e-63 7.16123e-76 9.01298e-98 0.426983 7.52752e-96 1.24836e-121 5.74426e-123 6.60202e-72 1.46156e-103 1.02349e-74 5.11028e-36 2.35082e-133 2.78993e-91 3.17625e-27 6.39264e-117 1.68423e-56 4.03006e-46 0.000169756
2.42121e-164 7.29093e-108 5.1709e-36 0.333827 7.18324e-34 5.18312e-150 0.15474 2.52093e-129 9.21919e-56 2.41112e-114 0.435357 6.4822e-82 1.98773e-43 0.150577 1.31854e-25 4.15099e-09 0.0147637 1.06417e-67 9.30424e-13 7.64038e-75 1.28309e-38 1.00605e-85 1.25494e-76 2.89417e-85 1.5233e-21
1.2489e-167 4.88966e-26 3.94972e-147 9.0726e-103 1.08269e-40 5.96903e-71 5.68922e-72 5.79401e-65 4.9908e-83 1.83993e-124 0.134431 1.88259e-29 2.20289e-34 1.7034e-07 7.73326e-11 1.8841e-18 2.46944e-26 1.08152e-51 3.6069e-22 3.05509e-92 1.36409e-32 3.97233e-124 3.59335e-46 1.12218e-52 0.170371
3.94566e-90 1.11059e-07 2.45062e-27 2.87087e-59 2.94531e-99 5.13519e-36 4.03317e-49 2.91348e-46 8.80454e-69 4.42935e-55 3.84616e-104 2.60716e-99 0.651577 2.1378e-75 5.88095e-101 3.96912e-55 6.64067e-65 2.69975e-41 2.09689e-48 3.79496e-61 9.43797e-52 2.51839e-67 8.52222e-52 0.00774676 0.216688
4.63142e-164 2.30415e-19 6.13731e-124 1.53205e-31 0.189651 0.28868 1.61314e-136 8.55784e-128 6.85591e-15 6.59366e-16 1.18388e-99 0.698108 3.35588e-94 6.48228e-87 2.32613e-109 3.16549e-08 3.37871e-94 8.66265e-13 0.0521342 6.5163e-76 0.0872008 5.04871e-37 1.14824e-26 5.29778e-104 2.5712e-28
2.08747e-172 7.56706e-65 2.56787e-44 1.33227e-43 2.28099e-57 2.13139e-40 8.36582e-89 1.07357e-104 6.29621e-33 4.36663e-118 6.23246e-87 6.7375e-110 1.15559e-114 2.82352e-17 1.96177e-25 0.0646415 1.59817e-75 1.6553e-47 4.27523e-75 3.90903e-24 3.04813e-57 1.06368e-31 2.70868e-58 4.73688e-13 5.10235e-13
2.63648e-52 1.72384e-78 8.63229e-115 3.45158e-24 3.79327e-142 5.46186e-92 1.68703e-129 6.26813e-70 9.75953e-46 1.19668e-43 0.312484 6.91821e-85 3.77085e-138 5.33709e-99 2.98016e-58 6.80647e-82 1.01746e-27 1.41183e-61 2.49773e-57 7.2309e-83 3.6047e-26 2.55319e-75 6.72222e-107 8.48546e-58 9.73861e-53
3.21658e-67 3.67775e-109 1.15047e-83 2.51833e-22 0.0440771 3.29545e-25 1.08232e-64 7.23672e-130 1.33966e-53 3.93987e-51 4.57476e-98 1.1456e-95 4.35772e-22 6.27038e-141 1.07534e-71 6.1625e-81 1.3239e-49 3.12937e-47 8.41865e-152 1.15007e-49 4.71304e-29 5.45463e-106 2.28046e-13 3.77179e-81 0.33082
1.55241e-131 3.73445e-112 1.09577e-34 6.16815e-38 4.93452e-64 1.27984e-27 6.16746e-131 5.37849e-47 2.25951e-17 0.07519 7.85275e-58 1.80953e-84 9.76218e-125 1.04048e-25 0.00274601 4.08545e-18 0.176681 0.00228002 4.94397e-59 2.03781e-64 5.06525e-22 1.78494e-30 0.0292436 1.56895e-91 7.49107e-87
2.96166e-84 3.56243e-102 2.69974e-16 8.6202e-27 9.67095e-88 8.7135e-110 1.13183e-80 3.60088e-88 5.59044e-31 2.56803e-58 1.04585e-107 0.0708859 2.77002e-39 8.76545e-73 7.75754e-109 2.64111e-29 8.92034e-109 1.07197e-49 3.63908e-66 6.03826e-38 3.00125e-52 2.51231e-42 1.5325e-91 9.34959e-18 2.36616e-28
3.47115e-142 4.32483e-114 4.28621e-12 1.26947e-21 7.87709e-133 7.08064e-28 1.15077e-124 9.34053e-83 9.97377e-58 2.70286e-79 3.20795e-12 5.81547e-23 2.46582e-47 4.74937e-81 2.58083e-67 2.65122e-28 1.85106e-83 3.64205e-36 1.79962e-145 3.27954e-97 1.75674e-25 7.1266e-95 2.21658e-64 0.0601442 5.60669e-45
1.01059e-87 0.0145042 6.71861e-141 7.66528e-80 6.43404e-50 1.68408e-58 8.9709e-110 2.34576e-84 3.77047e-62 5.75847e-114 4.23312e-19 2.95949e-72 5.0294e-72 4.83279e-128 9.85761e-10 3.45123e-62 7.37722e-121 8.50543e-55 4.64648e-31 1.68245e-17 4.90122e-54 1.42235e-52 2.56433e-105 3.78815e-106 3.17484e-96
