5.38689e-129 1.97935e-98 1.04956e-52 8.03489e-62 1.71901e-16 4.61981e-82 1.75591e-86 4.64204e-17 3.50234e-133 8.35003e-81 1.23831e-29 4.10373e-25 4.758e-130 1.96911e-34 0.183741 1.41779e-106 2.05345e-57 9.40383e-115 5.67518e-13 1.16283e-93 2.59906e-56 1.23611e-147 3.7032e-152 3.42889e-91 5.6886e-78
2.05239e-40 8.16531e-79 2.28002e-115 4.80183e-95 2.47484e-45 1.9992e-69 1.08913e-153 3.64828e-57 6.1845e-109 0.417994 5.79166e-110 1.40331e-35 8.21569e-101 7.84394e-42 3.15889e-60 1.93437e-75 9.12853e-150 5.19274e-57 3.36932e-115 3.80028e-112 6.19944e-66 2.18148e-143 1.08104e-66 2.6272e-170 1.6034e-115
0.0134545 1.98401e-69 1.12546e-124 2.24508e-122 8.06364e-32 7.37273e-49 1.28507e-60 0.318685 2.55784e-62 5.86189e-56 2.1397e-93 7.31119e-131 7.97988e-32 1.22894e-27 3.82985e-48 2.05865e-82 1.11572e-58 4.58218e-60 4.46292e-14 9.42154e-101 9.74149e-114 9.13158e-114 1.86311e-80 8.99887e-49 1.48471e-118
3.60615e-78 1.69029e-31 2.43472e-76 9.55549e-68 3.77676e-62 1.86254e-78 8.35065e-102 1.14674e-49 1.00277e-55 3.74815e-39 3.75414e-70 2.7153e-89 4.45146e-89 7.57227e-74 0.251333 9.33796e-145 4.17014e-75 4.30921e-112 4.13688e-111 3.50722e-65 9.12943e-113 2.08236e-119 3.89186e-98 1.81614e-201 1.76771e-49
1.92244e-106 7.78106e-117 1.53863e-76 5.7249e-41 3.40764e-49 5.9112e-24 1.60063e-118 5.49218e-35 1.00295e-52 4.87542e-45 1.73124e-127 2.02218e-74 1.46752e-83 1.11937e-147 1.26996e-05 4.25638e-54 4.21695e-32 2.49846e-31 1.32895e-52 2.44279e-68 4.82787e-92 1.33865e-53 2.00469e-88 1.48112e-172 0.0208741
1.50556e-58 1.79274e-87 1.14314e-95 1.77652e-90 0.000141944 9.39878e-14 6.04331e-57 8.60612e-24 8.7534e-31 7.27333e-72 1.83561e-41 2.61405e-78 9.49248e-26 1.01118e-101 1.34591e-25 3.09158e-39 8.17532e-80 2.83791e-104 0.404471 2.79586e-100 2.40217e-106 1.34469e-100 3.79184e-94 6.33224e-200 2.51065e-69
5.63309e-108 2.32345e-11 0.246433 0.0555385 2.00357e-27 0.276862 4.40754e-95 1.84033e-63 0.4664 4.15551e-20 9.26687e-43 4.52422e-05 3.04717e-86 0.0563442 0.734513 1.50747e-27 1.92471e-110 6.50473e-80 2.21308e-32 1.98969e-57 1.43474e-114 5.17272e-05 4.22693e-106 1.0302e-32 6.77732e-42
5.85405e-83 7.54832e-122 2.77864e-47 9.4319e-60 3.73821e-19 3.17339e-22 1.22132e-133 1.43444e-51 3.99403e-44 2.53704e-16 1.67878e-22 6.19457e-13 0.0915838 1.92203e-119 0.384091 2.1871e-109 0.014577 1.51356e-93 1.03738e-16 3.83498e-72 1.9154e-86 1.07275e-88 6.79875e-120 3.20583e-115 1.19315e-51
0.0444012 1.44389e-11 2.37897e-21 1.70762e-28 9.11123e-90 2.83355e-34 0.12371 1.09446e-90 8.12052e-107 0.000559427 4.07226e-16 0.15686 1.10127e-31 7.50386e-31 3.50724e-27 1.55685e-124 7.60189e-72 1.32843e-90 1.44122e-51 1.22406e-27 2.67403e-42 4.21948e-12 1.02676e-39 1.19668e-112 7.57644e-90
5.01457e-12 0.182651 1.01191e-81 2.79718e-94 2.48122e-86 2.12363e-32 1.01072e-119 5.05476e-86 2.23638e-139 4.28145e-97 4.06592e-97 4.72248e-47 1.89008e-55 1.15495e-131 0.0339234 5.70349e-89 8.36717e-123 5.41814e-38 3.41379e-55 2.9709e-94 1.97466e-59 1.17502e-21 7.19886e-159 2.36143e-197 9.7216e-103
3.70489e-107 8.47296e-23 7.27947e-20 1.01526e-146 4.68274e-22 3.57379e-76 2.1181e-125 0.0946706 9.5615e-145 2.71045e-38 2.08703e-22 6.83283e-57 3.90008e-106 2.53406e-73 2.08284e-11 0.100374 8.49072e-84 1.06788e-63 2.43092e-95 5.16284e-86 5.69502e-58 4.17483e-141 4.91614e-62 1.6883e-32 1.22082e-56
1.36045e-122 8.52468e-81 2.32499e-94 9.08301e-38 0.067159 4.12212e-32 5.48066e-18 0.0205643 2.44642e-104 0.00628914 2.43561e-129 5.25203e-121 1.38216e-107 8.73565e-134 3.74862e-31 3.33199e-143 9.19257e-114 1.91167e-54 1.05135e-52 0.394322 0.197604 0.162448 4.75949e-91 2.5716e-44 1.01653e-68
1.32114e-58 7.52496e-42 1.14705e-173 6.92291e-136 1.74958e-84 7.64464e-53 9.07132e-54 2.8212e-36 1.09165e-121 7.10466e-58 5.01199e-120 9.7364e-87 3.03634e-149 4.63135e-92 5.92332e-60 0.210292 2.90584e-33 2.55522e-79 1.1906e-37 2.76372e-96 6.4811e-53 1.16136e-128 7.4896e-75 2.31411e-45 1.00366e-112
7.90418e-53 2.05831e-39 5.95735e-151 3.4597e-132 1.01914e-93 2.94573e-35 1.70662e-20 6.88978e-34 7.6945e-108 1.53424e-62 0.226642 1.21874e-103 0.304936 2.70299e-10 5.679e-39 2.21615e-31 2.13311e-105 0.0898683 1.23447e-116 6.66924e-49 1.83192e-29 2.21403e-89 0.0837596 0.203544 5.32299e-29
2.67192e-50 3.25389e-134 1.35268e-50 6.97318e-92 2.55574e-85 9.85857e-34 1.01734e-101 9.84605e-43 1.63141e-39 1.46393e-06 2.35038e-85 2.0071e-94 1.96097e-147 1.76327e-152 0.336162 6.80688e-113 1.03017e-82 4.89436e-97 1.58125e-114 2.20321e-134 2.86033e-99 4.14229e-111 2.18661e-55 2.08595e-76 7.02635e-107
0.0236861 1.14307e-129 5.22632e-48 9.56414e-159 1.1652e-58 2.85946e-16 1.07173e-35 9.30787e-59 8.42568e-123 8.13448e-08 5.39156e-82 1.15128e-107 2.70786e-08 3.27094e-07 1.59651e-44 1.80992e-69 0.0994931 2.28227e-07 1.00842e-20 3.47046e-51 2.54441e-88 1.23711e-89 4.74748e-107 4.87442e-116 0.314332
1.69071e-113 2.09885e-97 5.25606e-89 5.615e-96 1.00585e-64 1.74595e-44 6.47816e-139 3.15358e-71 2.82529e-71 8.30293e-53 3.17495e-49 9.22506e-108 1.5812e-96 8.33466e-134 0.12961 7.75966e-54 8.1725e-71 3.05935e-122 3.74305e-50 9.46476e-136 1.16062e-119 1.57798e-121 2.87309e-89 1.34398e-182 8.74707e-122
