2.24931e-109 2.34805e-16 6.56257e-06 0.0949411 2.18198e-87 1.99753e-78 1.66759e-62 2.67982e-80 2.12542e-56 2.96894e-37 2.10614e-101 1.01155e-88 3.23895e-93 1.51837e-93 3.22361e-235 5.09604e-197 2.5509e-113 2.51063e-81 2.65365e-104 2.70135e-31 1.55151e-41 7.8244e-112 3.19038e-100 3.8365e-132 8.43704e-244
1.17384e-108 4.23784e-138 1.98258e-08 4.30205e-50 8.57448e-116 5.02623e-36 1.50325e-73 2.50946e-57 2.61751e-156 5.21526e-99 1.00493e-115 1.10986e-101 1.78283e-08 1.27435e-131 7.76711e-165 1.24647e-121 6.32683e-83 0.104198 2.05846e-69 2.88568e-33 1.16438e-107 2.98554e-120 1.68965e-107 1.04187e-83 1.69766e-92
3.87894e-23 9.89316e-138 2.03906e-80 7.93868e-157 2.03979e-21 8.59643e-33 3.24957e-29 1.22665e-157 8.14951e-50 3.25615e-191 2.22605e-14 4.83877e-155 1.27933e-34 4.0361e-38 7.97119e-137 1.13316e-47 1.55679e-65 1.13955e-79 4.23775e-24 4.86683e-74 4.61465e-162 0.223447 6.88903e-87 5.91706e-101 4.29346e-210
4.16527e-64 6.29474e-222 2.59249e-49 2.05034e-38 8.66274e-165 4.45519e-65 4.20759e-42 3.57215e-108 2.5592e-154 4.97106e-16 9.69957e-128 3.84687e-64 6.08445e-27 7.34105e-53 8.02314e-123 9.48716e-130 8.07896e-80 1.44495e-100 4.43897e-178 7.23517e-165 0.27422 1.45021e-17 1.02658e-74 2.49801e-131 4.51291e-153
3.89693e-75 5.81005e-85 2.92489e-80 1.62063e-18 4.46921e-127 2.67821e-30 3.58262e-18 3.68985e-107 9.37774e-38 2.74869e-152 1.57244e-17 9.39972e-99 0.269777 4.7802e-123 1.7082e-133 5.9228e-143 2.59045e-74 1.04056e-19 3.27148e-150 4.0834e-120 1.05964e-103 1.40783e-124 4.16664e-130 9.4919e-144 3.50748e-37
4.46052e-18 6.98519e-188 0.359188 3.59266e-64 4.7737e-39 9.62704e-35 1.61874e-34 1.24469e-70 3.67045e-119 1.27526e-208 1.73685e-272 3.56014e-71 1.20858e-85 9.76684e-111 7.6611e-176 6.74053e-161 0.347528 7.77528e-106 1.42813e-79 6.94104e-122 0.00199634 6.50249e-95 6.70566e-136 9.265e-177 4.2038e-123
1.01798e-71 3.16713e-14 1.58808e-09 4.91685e-179 6.21938e-11 6.2043e-17 5.48359e-61 1.41087e-58 5.64692e-196 2.4758e-81 1.57463e-43 2.07619e-17 1.03265e-90 4.69896e-137 3.33042e-82 9.7329e-147 1.17299e-53 1.7526e-56 0.380317 2.03076e-164 2.88009e-94 5.88849e-130 1.68521e-08 1.34755e-78 4.07675e-189
6.86893e-05 2.91164e-11 9.84124e-05 0.000324793 9.38917e-05 0.000359569 0.000622922 0.11821 2.18976e-12 1.43423e-09 3.23488e-08 2.29125e-05 2.49972e-93 3.2053e-145 9.93672e-253 1.18385e-204 7.50505e-154 2.59785e-122 2.32366e-199 2.20393e-174 1.72506e-172 6.10373e-148 3.34521e-185 1.86513e-198 7.89008e-252
2.84373e-05 0.00267132 0.000517009 0.000189644 0.00238476 0.00181952 0.000723884 0.0275972 5.88858e-05 0.00144638 0.000158437 0.00120069 7.85107e-99 2.91786e-149 2.94351e-257 3.41155e-207 1.70962e-155 1.0116e-124 1.17715e-200 7.61438e-184 1.90335e-178 9.34262e-152 3.43893e-189 5.28123e-200 6.80081e-258
1.76339e-08 6.72606e-144 8.78808e-102 3.34502e-140 2.72627e-118 3.09606e-181 2.62097e-139 2.12395e-89 7.18995e-171 5.07893e-113 1.33346e-104 7.9012e-176 2.61795e-77 6.97276e-25 4.03799e-139 0.158179 4.64212e-128 2.29049e-99 5.16951e-08 0.0688067 2.25065e-09 3.63591e-52 3.74091e-31 1.60824e-137 9.11845e-81
2.88078e-104 1.60298e-42 3.4457e-29 2.51961e-65 1.18305e-70 7.57276e-128 2.96619e-55 2.25168e-13 8.1462e-75 1.20698e-24 7.33788e-201 1.64928e-16 4.70471e-06 8.76794e-55 2.0875e-190 7.75119e-124 4.54753e-93 0.367334 8.87594e-94 1.18195e-62 2.39486e-89 3.37612e-49 6.05696e-161 3.55799e-43 1.66328e-198
1.97627e-126 2.46642e-177 6.30374e-126 1.0074e-106 7.94497e-161 6.1267e-119 6.69101e-44 4.07244e-19 4.71655e-23 1.71309e-07 1.13725e-108 8.62614e-124 1.82533e-95 0.357585 8.91065e-184 4.38888e-117 6.90453e-125 0.0421641 2.76184e-114 1.02788e-13 2.0342e-140 1.10959e-28 1.43645e-162 0.344079 0.192915
4.89533e-13 1.03992e-204 4.33038e-58 2.72645e-136 1.11531e-99 9.44923e-80 1.40104e-102 3.99149e-148 0.00360102 2.59251e-52 2.91969e-156 5.12559e-11 0.07735 3.99448e-67 8.66118e-94 3.93352e-73 1.97972e-59 0.103518 2.58851e-134 5.11276e-76 6.45421e-43 4.09176e-83 4.64831e-102 3.26456e-198 2.92469e-240
3.31924e-145 3.73276e-61 1.32298e-73 5.83163e-43 2.37011e-86 9.23418e-38 2.4177e-75 7.35591e-24 1.22092e-113 4.69162e-72 1.2613e-178 8.44436e-53 2.4936e-41 1.94907e-46 7.5724e-181 2.21438e-144 1.73502e-104 2.22018e-71 1.17926e-169 0.0616732 2.98124e-10 1.15263e-66 0.0260503 1.18592e-94 7.9462e-80
7.37487e-136 3.05802e-304 4.99136e-169 1.41956e-183 4.73034e-180 1.11829e-194 0.0523689 1.90854e-115 6.91305e-284 8.00741e-88 1.47451e-101 1.31193e-202 6.03868e-11 5.91195e-99 0.100026 2.94141e-183 6.17998e-55 5.64393e-83 0.272348 2.19832e-47 0.315914 3.76269e-103 0.630477 3.34811e-156 1.40713e-84
4.78577e-57 1.69826e-31 6.08916e-39 5.7663e-08 5.66812e-108 4.61265e-104 1.29005e-80 7.26744e-94 6.82802e-158 5.55562e-123 2.00086e-170 1.53057e-69 8.52782e-37 2.86401e-51 2.29922e-240 2.52165e-117 1.29096e-126 7.19275e-71 2.60932e-189 2.65107e-180 0.653413 2.00221e-59 1.95716e-91 5.65172e-174 3.66446e-109
