8.15578e-26 0.424127 5.57261e-145 9.23812e-23 7.11739e-42 2.81607e-06 1.24951e-09 1.10634e-111 2.57132e-160 4.23155e-99 4.52692 0.0465334 0.917022 8.75174e-184 1.51903e-157
1.83399e-79 4.4978e-104 9.67671e-49 0.590097 5.31416e-144 6.7072e-110 8.82081e-121 1.68556e-207 3.81077e-163 1.01922e-194 4.46811e-55 1.74253e-236 8.44208e-201 2.37848e-201 1.92014e-73
5.52599e-107 1.42795e-76 1.26952e-129 7.13536e-112 1.23284e-143 0.178449 8.21556e-111 0.0721614 1.66782e-195 8.14611e-41 5.66896e-210 4.62625e-151 2.06172e-187 1.56249e-144 0.358357
2.41264e-13 2.74987e-08 4.27703e-118 8.13409e-156 9.02408e-179 1.27804e-101 3.90566e-37 1.8161e-80 7.17474e-192 0.111212 2.80967e-123 4.44504e-26 5.32838e-111 9.14186e-168 2.78708e-172
1.47691e-126 2.09837e-124 4.69488e-147 3.80374e-42 2.28818e-122 3.59894e-26 0.00352831 8.17294e-78 1.19817e-203 2.63432e-122 1.18274e-235 2.00598e-28 0.0379778 4.26039e-135 4.90261e-111
0.135302 5.69021e-33 2.74957e-101 0.0350803 3.4917e-143 3.37073e-156 5.14893e-17 1.63767e-118 1.33464e-18 1.20121e-41 2.28775e-192 0.0014719 1.62111e-66 0.470973 1.36449e-30
1.88769e-136 1.16373e-22 2.00338e-88 4.47664e-31 2.64093e-33 6.50057e-83 0.334072 9.4104e-188 1.09639e-170 1.43551e-186 6.13877e-237 2.29968e-28 3.36723e-126 2.99655e-57 0.0958083
3.78672e-67 1.17953e-13 2.41447e-67 1.21149e-61 1.80353e-08 3.82427e-34 3.05508e-61 1.27558e-185 3.2774e-195 6.99804e-23 0.00454343 3.55984e-209 5.08035e-49 1.7299e-66 6.93589e-173
7.41453e-25 3.45729e-12 0.204983 0.000961576 2.98046e-86 1.32908e-91 3.9584e-69 1.10945e-167 5.45638e-197 1.8953e-26 2.27584e-78 2.29183e-158 3.33763e-43 4.61485e-226 5.14421e-34
1.97007e-86 5.21615e-130 0.0910169 1.21244e-142 2.87653e-199 4.46543e-83 1.68305e-97 7.01978e-49 4.35132e-22 4.54e-56 1.20004e-104 0.0482917 1.4266e-77 7.20811e-41 7.45789e-133
5.51263e-104 9.69199e-100 3.17333e-63 0.234422 2.30061e-107 1.54925e-122 9.70287e-104 1.9637e-78 1.81528e-209 1.90182e-50 5.319e-129 2.89266e-216 9.84779e-72 6.31813e-177 1.43679e-41
2.47276e-114 2.42935e-56 5.8554e-76 6.19833e-124 2.65038e-119 5.01157e-123 3.93816e-09 1.31628e-215 2.84636e-233 1.91923e-57 1.78263e-74 0.101889 2.19471e-114 6.60763e-121 5.79275e-15
4.37843e-122 9.74628e-54 5.40064e-52 3.28398e-92 3.19553e-158 0.0679593 3.70396e-151 4.0634e-168 2.29251e-140 1.23576e-35 8.09695e-262 7.12713e-124 0.0150145 4.01544e-179 3.56303e-117
2.63541e-164 0.615311 5.7416e-68 3.73784e-76 0.0848773 2.03792e-38 8.6755e-21 3.04714e-06 0.383454 0.1594 6.75615e-175 5.79819e-227 2.27276e-46 4.20472e-188 4.92399e-54
1.85614e-173 0.152788 7.81503e-09 7.41007e-175 4.01925e-151 1.57571e-80 3.11199e-72 2.38818e-154 2.61096e-217 1.4335e-56 1.58269e-98 3.71387e-235 1.66805e-125 1.98282e-179 1.91198e-145
