1.1788e-250 1.79718e-74 3.84825e-99 1.09471e-27 4.17785e-141 3.43096e-132 2.97473e-26 2.62351e-136 2.29909e-66 8.47326e-91 3.14451e-21 4.07798e-198 1.32833e-124 0.176395 4.17419e-77
4.44703e-189 9.79729e-23 1.62654e-133 1.43643e-50 2.68875e-141 4.72622e-111 1.15886e-47 1.14059e-127 4.48906e-24 5.66553e-103 1.76675e-37 4.36741e-207 8.53675e-76 0.065856 1.46309e-110
1.24608e-250 0.474695 1.36381e-139 1.02196e-85 1.56468e-90 2.88991e-50 4.83218e-06 1.5073e-177 0.116904 2.00861e-71 7.95308e-49 6.23589e-298 4.2873e-91 2.38391e-73 8.15049e-23
1.21343e-158 0.0808986 3.94782e-73 4.02559e-80 3.04807e-63 0.119209 3.67041e-32 1.95786e-148 2.12761e-32 7.3976e-119 0.341872 4.58182e-161 1.11273e-59 3.54294e-46 1.184e-34
5.48262e-186 7.42102e-46 5.13926e-106 1.26246e-74 6.01999e-147 2.10451e-111 0.125406 2.63087e-165 1.63387e-57 1.62826e-95 1.09184e-51 4.09132e-281 3.19347e-72 0.00861186 1.05835e-116
2.04429e-230 0.375573 7.1365e-133 2.12135e-94 1.06573e-123 1.29922e-68 4.91027e-55 1.25309e-202 8.24313e-42 2.24571e-107 1.61809e-100 2.90064e-235 4.70276e-127 2.39935e-31 1.40907e-52
1.50585e-199 4.66455e-46 9.78994e-96 1.24182e-95 6.2987e-68 5.89362e-27 0.286743 3.89982e-150 3.11389e-54 3.16508e-28 5.04889e-95 1.38233e-213 3.25203e-82 2.18065e-30 2.69777e-32
2.36979e-223 4.90666 1.72288e-121 2.86923e-27 1.52584e-100 9.05463e-120 6.99676e-48 4.60644e-196 1.91599e-63 1.69385e-93 1.119e-105 9.35687e-290 6.03675e-145 2.5824e-63 4.25242e-139
2.3499e-229 0.412025 2.22292e-163 1.4865e-75 1.98292e-84 7.79311e-72 1.43728e-40 4.56538e-148 5.87826e-44 1.92314e-66 4.23992e-27 6.96814e-234 7.79133e-85 8.57931e-22 5.28414e-23
2.61092e-238 0.241068 1.3797e-122 2.37456e-93 7.78867e-147 3.61578e-97 1.98255e-17 2.14652e-138 8.51662e-53 2.35652e-85 1.16298e-41 1.19275e-214 3.28161e-129 0.000123355 4.6671e-105
3.97778e-230 3.04051e-29 0.0548949 1.27894e-87 3.34747e-18 1.49558e-155 1.01213e-45 1.91248e-72 3.07374e-66 2.56435e-83 3.86529e-47 2.88845e-262 0.312423 2.20846e-42 4.81935e-90
3.35608e-149 4.78491e-14 6.6512e-180 0.229212 0.222883 2.76512e-45 2.28507e-40 1.11966e-96 5.34674e-11 1.54365e-123 1.23167e-08 7.9516e-292 1.17066e-88 7.48929e-77 7.69888e-104
1.01518e-214 3.55041e-31 1.15152e-162 1.46222e-15 4.4854e-100 6.93646e-73 0.0302113 1.26252e-168 7.3054e-21 1.4862e-61 3.6021e-22 1.60225e-243 2.28008e-60 4.42471e-30 2.3939e-25
3.38884e-240 0.487848 4.16003e-146 1.13001e-37 2.78935e-114 1.16671e-148 2.45484e-18 4.47076e-137 9.86165e-45 1.10333e-113 1.03663e-79 2.12519e-247 3.84937e-124 7.45275e-75 1.73137e-74
1.76434 1.10203e-51 0.546662 6.61775e-43 1.57069e-80 2.45502e-101 1.59256e-42 0.274798 2.99729e-42 0.25259 3.28138e-16 0.382185 2.43213e-56 7.47829e-46 0.499628
