2.19653e-65 1.50126e-238 1.18224e-188 7.56768e-146 3.45026e-193 2.1357e-15 3.17471e-158 1.1533 4.96074e-120 4.57045e-52 0.309783 3.76603e-117 8.89203e-106 0.0250457 1.79496e-169 3.12198e-79 0.537425 6.43864e-198 2.50066e-98 7.26079e-230 1.82121e-09 3.83216e-152
2.3688e-146 0.00053672 1.7872e-52 1.2545e-175 1.58525e-37 3.21125e-80 2.10881e-57 9.67435e-215 1.80717e-88 5.52459e-210 2.23919e-137 2.75967e-217 0.228806 7.58912e-97 3.20798e-21 0.147323 5.35076e-106 1.96398e-182 1.53521e-143 9.63107e-75 4.18062e-199 1.2008e-06
3.71401e-50 4.54845e-64 4.64204e-152 2.78082e-72 2.33435e-166 2.3182e-114 1.71745e-110 2.27112e-219 4.62977e-58 2.65899 9.85249e-140 1.46507e-77 4.15336e-45 1.73914e-196 1.91907e-78 9.87658e-53 1.51498e-131 3.97772e-69 1.19275e-94 6.77415e-169 7.53387e-30 3.45033e-106
7.55929e-09 0.08605 7.47834e-32 5.6086e-35 4.19959e-37 5.76528e-45 1.17377e-08 1.45297e-259 4.26404e-106 2.27614e-161 4.87098e-167 6.69833e-139 1.182e-72 2.12285e-125 1.90005e-199 7.86336e-148 8.99614e-143 2.62134e-189 8.08208e-254 8.86962e-249 1.02522e-200 1.73446e-192
3.7408e-36 1.58118e-223 7.33867e-195 1.14069e-119 2.60958e-185 1.42482e-222 6.10688e-83 1.13814e-137 1.54641e-81 2.71167e-209 5.16517e-27 6.66467e-238 4.61413e-14 0.0969154 2.13778e-15 5.67057e-113 1.22854e-45 4.154e-124 9.58221e-102 1.06236e-248 1.19804e-169 0.164598
4.17307e-07 1.12274e-17 6.47362e-05 0.0993793 9.15057e-07 0.0408586 1.97394e-06 9.13569e-235 8.03196e-102 5.91629e-199 6.40152e-159 3.48725e-233 7.39275e-138 3.52058e-208 3.77624e-219 1.16908e-157 1.17125e-165 3.02458e-196 3.81268e-252 2.53677e-249 8.06953e-196 2.15651e-202
6.15103e-50 1.50375e-77 0.115235 8.22465e-72 3.25959e-123 3.33323e-30 0.00826845 2.89747e-70 2.68581e-24 4.57731e-56 1.55248e-132 1.0608e-161 8.10304e-30 1.68139e-24 2.36829e-117 3.17271e-107 4.58845e-55 4.15813e-99 1.64123e-200 1.62393e-252 1.85422e-123 1.14815e-49
3.20977e-99 1.23521e-17 1.3474e-179 1.02904e-117 1.00078e-83 4.01011e-32 2.07693e-20 2.875e-137 4.37768e-85 3.64552e-133 2.80555e-164 2.41029e-196 0.486956 1.88107e-136 3.76915e-60 3.73833e-59 1.76379e-122 4.61953e-137 7.26535e-175 3.41502e-240 1.94053e-91 6.51185e-200
5.97622e-32 3.43279e-263 2.75146e-75 6.39288e-51 2.13808e-61 5.45091e-07 3.16317e-43 4.52652e-202 6.32509e-84 5.21611e-199 1.79876e-138 0.206058 1.21883e-116 4.75956e-05 6.01385e-230 8.58291e-134 2.33805e-07 0.280477 0.245543 0.416407 0.341419 7.56779e-101
4.77803e-97 1.91628e-112 2.96308e-126 2.15306e-18 1.09747e-88 1.91753e-121 3.80176e-34 3.66803e-243 0.508994 9.64668e-69 2.55083e-66 3.45225e-104 3.13386e-84 1.96129e-63 1.81476e-98 2.22433e-67 1.38374e-86 2.05284e-118 5.87455e-187 9.72934e-184 1.47917e-80 6.75032e-104
2.47482e-43 1.22524e-82 4.85851e-154 1.9786e-62 2.38873e-07 2.5826e-67 5.52372e-79 1.12488e-208 0.325403 8.61288e-109 2.9218e-117 3.24791e-182 6.81396e-40 2.394e-119 7.00623e-144 1.37516e-98 1.04259e-133 1.32485e-144 3.20205e-123 4.12565e-154 1.28454e-94 7.75687e-136
7.05939e-21 5.13508e-54 3.36567e-192 8.15958e-48 4.23157e-93 1.29262e-05 2.22071e-129 4.18807e-215 3.26563e-20 4.29064e-100 6.90472e-119 2.5078e-227 0.395801 7.5952e-78 2.57087e-162 1.58371e-32 8.49143e-66 2.92818e-90 6.32716e-183 3.83604e-182 1.18648e-155 6.76321e-64
5.01255e-74 1.44065e-57 3.91863e-35 4.98368e-141 4.97884e-61 1.32184e-07 8.65039e-133 9.66737e-13 7.36596e-115 3.26717e-123 8.39133e-62 2.15948e-30 1.28315e-08 6.64801e-190 0.75471 8.34816e-56 1.24642e-11 3.49884e-151 1.22398e-98 1.53052e-192 6.87209e-84 8.92289e-142
1.40754e-86 1.62708e-23 4.01813e-114 6.35936e-21 0.0441583 2.00198e-58 2.20446e-87 5.09018e-230 0.139907 1.03776e-197 6.5285e-157 2.91716e-238 8.22963e-104 2.53098e-64 7.0446e-212 2.2811e-101 1.33356e-91 7.64969e-200 6.55659e-256 5.00729e-162 2.40143e-104 2.92392e-200
0.000314495 2.76014e-62 1.11278e-62 3.71392e-23 2.29544e-97 2.29628e-32 3.52572e-45 8.9972e-181 0.143425 1.59242e-203 4.95606e-149 1.92048e-133 7.60256e-32 1.23344e-155 2.07233e-190 4.17969e-147 3.98985e-101 3.08107e-138 1.09338e-202 8.01697e-193 5.07973e-165 4.37201e-81
5.36036e-145 6.35258e-45 1.17865e-260 2.06948e-86 4.00545e-145 2.29355e-203 3.82578e-109 7.28476e-13 4.80403e-37 8.77908e-148 1.24131e-46 2.33872e-161 2.31472 1.56497e-11 1.36085e-101 2.09691e-85 7.08931e-111 5.50069e-70 9.28881e-214 4.60294e-210 9.9042e-191 9.63687e-115
3.82048e-101 1.30024e-57 4.66651e-59 1.46217e-25 3.32473e-23 6.03486e-80 6.06621e-25 8.05401e-232 0.083434 1.31989e-165 5.32841e-121 1.19813e-217 0.80251 7.01253e-113 3.91874e-229 4.32687e-145 1.36721e-122 2.29886e-186 5.14552e-208 6.75117e-154 6.40446e-64 4.39493e-132
