2.39128e-321 2.79196e-94 8.69397e-71 2.64325e-321 7.90505e-323 1.06718e-321 5.42821e-219 1.54951e-171 5.96337e-321 2.36163e-321 1.17183e-273 0.0940515 3.03356e-321 2.55926e-321 1.88863e-138 7.05526e-321 9.64416e-321 1.68921e-320 4.57999e-321 7.20644e-320 2.92981e-321 1.20404e-320
2.2233e-321 5.63235e-321 1.72621e-250 1.86193e-93 1.92686e-322 7.26276e-322 6.33902e-243 2.14375e-320 1.31471e-320 3.26577e-321 1.18675e-320 0.522881 9.86155e-321 4.00687e-321 5.9777e-320 1.22726e-320 7.17877e-321 4.39076e-320 8.66097e-321 6.36011e-320 6.55625e-321 1.1986e-320
1.54263e-179 5.19757e-321 3.63311e-218 1.97192e-78 1.25213e-234 9.7825e-322 3.25589e-321 3.98662e-320 7.15407e-321 3.28554e-321 7.86058e-321 0.00884614 5.61753e-321 3.86359e-321 1.13042e-320 8.04833e-321 7.15407e-321 1.44811e-320 5.47425e-321 5.2949e-320 2.46539e-321 1.45776e-285
1.72909e-233 3.98711e-321 2.64325e-321 3.99122e-158 1.72923e-322 6.32404e-322 1.78852e-321 5.43088e-52 4.18177e-320 9.81214e-321 5.64939e-139 1.85028e-320 6.43025 8.69441 3.54146e-320 3.39127e-320 13.089 3.35322e-320 24.5521 1.65117e-319 8.26639 15.4818
3.9377e-321 4.63928e-321 1.45255e-321 2.87546e-321 4.75557e-167 8.05327e-322 1.72429e-321 1.33497e-320 6.30922e-321 2.68772e-321 8.15702e-321 0.0582538 2.72724e-321 2.33693e-321 1.87664e-58 6.57601e-321 5.74104e-321 1.16007e-320 6.01278e-321 5.54589e-320 2.52468e-321 7.80624e-321
1.94662e-321 4.0711e-321 3.00443e-152 3.04344e-321 7.90505e-323 6.91692e-322 9.71632e-279 3.01503e-122 7.44557e-321 2.53456e-321 1.85749e-262 3.41226e-238 2.93969e-321 3.05333e-321 0.130274 6.41791e-321 6.36357e-321 9.60958e-321 5.74598e-321 4.79392e-320 2.34187e-321 7.19854e-321
2.23812e-321 3.58198e-321 3.5968e-321 1.24473e-60 7.41098e-323 2.25294e-321 2.47033e-321 4.84431e-320 3.96735e-320 4.60963e-321 1.9728e-320 1.04693e-320 4.52564e-321 1.99454e-320 2.13993e-39 1.80927e-320 8.97223e-321 2.05334e-320 1.23418e-320 8.2089e-320 5.46931e-321 0.23037
1.13383e-256 2.4308e-321 2.14919e-321 2.50985e-321 4.36016e-269 1.41797e-321 1.72429e-321 1.52913e-320 7.71236e-321 2.62843e-321 1.15364e-320 1.67891e-45 3.5968e-321 2.57408e-321 0.426572 8.64615e-321 1.05779e-320 1.62597e-320 5.07405e-321 5.8275e-320 2.5395e-321 1.07953e-320
1.51678e-321 1.00694e-102 1.4822e-321 4.80232e-321 5.83842e-123 6.57107e-322 2.34681e-321 1.13055e-104 2.37448e-320 3.18672e-321 1.49554e-320 9.20444e-321 3.05827e-321 7.77165e-321 0.366604 9.72321e-321 9.21432e-321 2.25245e-320 9.73803e-321 6.86158e-320 3.53751e-321 3.10963e-69
5.47565e-49 1.28954e-126 1.7654e-195 0.511401 9.88131e-323 6.32404e-322 1.87745e-321 1.21985e-320 5.24698e-321 2.09484e-321 5.70646e-321 4.54046e-321 3.12744e-321 1.87745e-321 0.432271 7.49004e-321 3.7549e-321 1.08793e-320 4.44165e-321 3.9792e-320 1.81322e-321 7.05032e-321
5.16781e-288 2.92981e-321 2.70571e-11 8.69091e-23 1.13635e-322 1.01778e-321 1.98883e-235 1.10078e-320 4.74303e-321 1.99603e-321 1.01827e-320 2.75813e-273 2.78653e-321 1.71441e-321 0.748522 6.09677e-321 4.57011e-321 1.26184e-320 3.94758e-321 4.16695e-320 1.75393e-321 1.08546e-320
1.82804e-321 2.21341e-321 2.02851e-280 3.12744e-321 4.96329e-80 6.96633e-322 4.36469e-80 1.08744e-320 9.24891e-321 2.62843e-321 6.4525e-321 0.854416 3.65609e-321 2.40116e-321 8.58192e-321 6.25487e-321 4.80726e-321 1.39277e-320 5.42978e-321 4.54293e-320 2.07014e-321 1.71194e-320
0.000692381 0.000927627 0.000365743 0.000210382 2.39689e-05 0.000323893 0.00057009 0 0 0 0 0 0 0 0 0 0 0 0 0 0 0
2.36163e-321 2.03061e-321 7.74804e-211 2.68278e-321 2.46848e-202 7.46039e-322 2.02421e-215 8.48805e-321 4.26873e-321 1.99603e-321 4.31319e-321 3.35471e-321 1.63536e-321 2.00097e-321 2.96578e-52 5.93867e-321 3.15708e-321 7.45051e-321 2.96439e-321 3.19562e-320 1.69465e-321 5.01971e-321
3.48316e-321 4.61951e-321 5.33591e-321 2.52468e-321 7.41098e-323 1.11165e-321 2.37152e-321 18.4379 11.2841 8.17681 7.78542 1.24159e-320 5.4446e-321 2.18673e-320 2.00597e-155 16.9672 1.37844e-320 18.0282 1.28358e-320 133.407 8.99199e-321 3.05283e-320
1.39524e-60 4.48987e-315 2.05037e-321 3.2806e-321 1.08694e-322 7.36158e-322 4.31319e-321 0.223982 8.82401e-321 7.98904e-321 2.16302e-320 7.97422e-321 3.69067e-321 1.17439e-320 1.51085e-320 1.16352e-320 8.71038e-321 5.1699e-320 8.48311e-321 1.05898e-319 4.21438e-321 2.91353e-73
1.56125e-321 2.15413e-321 9.05252e-49 2.62843e-321 2.74749e-99 8.72627e-270 1.81816e-321 1.998e-320 8.56216e-321 3.35965e-321 1.29099e-320 3.74008e-321 2.62349e-321 4.13039e-321 0.322044 8.48805e-321 5.31121e-321 1.16007e-320 5.29638e-321 6.64222e-320 3.32506e-321 1.32014e-320
