1.99752e-24 1.04366e-100 4.86497e-144 5.34688e-28 6.66429e-70 1.23655e-59 3.00725e-46 1.15349e-90 5.77523e-21 1.05645e-105 5.80481e-131 0.271497 2.37992e-44 5.45304e-20 1.53128e-138 2.43195e-176 2.47198e-131 5.55373e-59 6.39747e-60 8.53572e-46 6.38844e-181 3.31893e-106 1.60922e-121 2.23875e-158
9.23232e-40 8.55189e-09 0.0817402 9.63898e-10 7.59181e-100 6.44215e-80 5.19954e-34 4.02116e-113 2.16438e-55 1.52529e-113 5.5005e-73 6.48382e-85 1.38886e-133 0.182499 1.31306e-101 1.7681e-191 1.73921e-227 1.80418e-128 6.15173e-150 5.69608e-53 2.07625e-317 1.65579e-63 1.4591e-194 3.52336e-129
0.0166271 0.000489613 1.96588e-06 0.0130958 0.00367413 0.00823118 0.00123408 0.000359031 5.19232e-120 6.72376e-216 1.54234e-165 8.38147e-109 8.43371e-210 2.13938e-122 3.29625e-173 4.76265e-208 2.93523e-245 8.45751e-202 3.64029e-223 1.37477e-135 4.94066e-324 3.18792e-136 1.13316e-273 6.85626e-184
1.79001e-21 2.14692e-78 2.59718e-104 1.2615e-77 9.04151e-118 1.25797e-69 8.01954e-81 3.37061e-34 4.37111e-37 8.43613e-142 1.23098e-80 1.74357e-71 9.54964e-82 0.661359 4.49339e-107 3.97883e-179 2.03141e-176 3.54408e-147 1.3611e-26 1.31739e-92 1.45978e-134 3.99762e-07 1.86277e-66 2.02805e-101
7.93853e-61 5.43965e-210 3.90725e-92 6.8557e-139 6.30591e-35 5.43251e-132 4.7245e-64 1.00572e-144 3.69428e-29 0.165995 1.09978e-79 1.59144e-91 4.9547e-40 7.39445e-81 4.66833e-67 3.54784e-174 1.32746e-17 0.696725 2.20199e-121 0.328758 1.10971e-104 4.63781e-32 5.3461e-25 3.26361e-145
5.03218e-169 9.90579e-179 1.4385e-35 1.37125e-207 3.59249e-134 2.73494e-120 1.88574e-17 1.68476e-180 3.35695e-102 2.45473e-95 9.10092e-79 3.2306e-104 0.0315385 7.3893e-115 3.2576e-142 1.39308e-197 3.91955e-203 8.22387e-62 8.22276e-115 4.91873e-129 1.71457e-216 1.7968e-103 5.83354e-76 9.44258e-57
2.5903e-137 2.90142e-231 4.24906e-223 6.14944e-273 1.76645e-169 1.0275e-24 9.25105e-72 2.94514e-137 0.605455 8.91914e-48 1.83292e-76 4.75223e-27 1.99887e-39 0.0038794 7.69146e-140 1.12942e-101 1.35958e-211 1.44261e-13 2.17627e-66 3.78078e-113 3.25338e-259 2.8985e-37 1.17458e-258 0.168488
1.06958e-192 2.84385e-78 1.89316e-127 6.6288e-71 1.32799e-52 2.30474e-94 1.50898e-108 2.87599e-270 5.47897e-68 0.145528 0.668244 1.69519e-49 8.10274e-186 5.28842e-120 9.0036e-118 4.78917e-120 5.23591e-235 1.85799e-157 0.300803 4.28494e-109 7.87461e-43 2.00185e-119 4.18608e-193 2.32832e-07
1.29092e-150 6.41889e-40 6.23764e-161 4.31884e-235 1.56558e-06 1.27742e-146 4.80813e-117 6.23898e-178 1.80668e-49 1.28499e-140 2.19839e-53 2.00514e-67 7.09975e-155 2.2164e-30 0.501595 0.610009 1.09644e-48 2.17956e-198 0.0714459 2.48287e-24 0.1199 1.34012e-59 0.570727 1.80275e-128
1.44877e-169 6.35095e-17 1.7503e-40 4.02764e-211 7.19662e-123 1.15045e-93 0.0249327 6.28639e-155 5.46586e-115 2.78658e-207 4.22139e-65 1.00922e-37 8.28718e-164 0.132301 1.27355e-106 1.81415e-82 5.68043e-84 1.20457e-175 5.7117e-92 3.78251e-10 9.55953e-204 3.39122e-39 1.58237e-50 3.32463e-80
8.22031e-69 1.16605e-72 4.45443e-193 2.72074e-239 2.26476e-41 1.72639e-95 6.66437e-99 2.14145e-38 1.51116e-45 3.08921e-116 1.48591e-92 1.53949e-29 0.107242 1.06607e-71 1.11327e-82 7.18376e-70 4.58241e-243 6.78036e-144 2.41805e-47 1.83755e-27 2.30892e-248 3.1683e-41 5.45848e-166 1.058e-134
4.04035e-65 1.29223e-250 4.05025e-214 4.7829e-131 6.75746e-115 3.91006e-105 4.36963e-122 3.99458e-116 8.00798e-58 2.7191e-199 0.205852 3.5448e-09 4.24633e-104 0.0787174 1.15791e-49 9.23241e-189 0.343042 1.47386e-39 4.05807e-81 1.02583e-53 1.60742e-148 6.87323e-88 1.71112e-77 9.93888e-180
1.73203e-83 4.90454e-144 9.87421e-231 1.25685e-109 5.29993e-139 4.04447e-49 2.3208e-111 1.47505e-95 0.292484 4.33762e-146 6.77715e-27 3.97645e-94 1.33158e-115 7.8066e-16 6.46439e-113 3.7675e-112 1.04741e-218 6.39217e-45 4.39717e-20 5.88183e-46 2.12175e-312 0.34461 1.53342e-213 1.55875e-104
