2.86708e-30 1.14028e-16 2.38108e-86 4.21997e-79 6.07111e-82 7.07295e-07 0.131879 1.84322e-21 2.3502e-80 9.98557e-64 0.116441 8.17566e-20 1.19445e-61 3.75999e-55 5.46461e-13 7.04787e-91 8.41633e-119 3.94155e-51 1.69175e-71 1.44699e-85 2.76649e-182 1.18679e-79 5.69368e-57 1.74036e-95
8.73715e-08 1.45871e-132 2.62071e-164 3.36838e-129 1.66102e-112 1.98776e-60 1.06312e-21 1.69744e-102 4.34923e-22 1.23557e-72 1.06446e-76 0.0714961 3.7965e-33 6.17202e-51 2.08036e-73 3.44201e-23 7.94668e-119 3.86062e-12 3.10304e-11 3.93813e-07 9.90938e-45 1.83616e-40 7.16576e-137 0.209854
8.9333e-05 1.07026e-19 0.892382 2.30479e-09 0.0420485 6.77098e-22 2.25247e-17 7.05955e-18 7.67209e-56 8.04177e-74 1.78492e-72 1.00467e-100 2.39767e-81 1.14662e-117 6.63094e-103 3.97741e-104 1.11796e-121 2.94935e-100 2.39658e-122 1.07411e-107 5.47602e-193 6.78799e-104 9.05972e-138 1.29338e-136
0.0242124 0.128581 8.5875e-48 2.56598e-51 5.1371e-21 0.0199011 1.9194e-15 3.69179e-37 5.15701e-69 1.62787e-68 5.63217e-95 8.28553e-98 8.39824e-76 4.98788e-111 1.25704e-100 1.07703e-110 2.49764e-128 7.19063e-111 9.61982e-99 6.99099e-139 1.21116e-143 4.52109e-78 1.64195e-170 2.70181e-123
1.75907e-139 6.046e-97 2.59102e-154 1.00543e-104 5.89376e-32 5.03972e-84 2.61706e-66 6.03956e-94 5.88396e-84 4.93254e-88 3.49302e-66 2.83195e-22 0.000810729 4.17013e-86 1.29948e-87 2.51867e-73 4.07684e-33 0.0234119 5.41195e-75 0.0735538 3.58569e-160 2.5845e-122 7.90824e-42 7.16544e-90
2.3842e-34 4.70165e-145 1.22327e-122 1.81795e-43 7.42192e-114 2.84689e-38 2.15006e-11 1.39243e-97 1.40575e-33 1.71993e-103 0.0456997 0.000258324 2.35618e-32 1.40612e-64 3.74384e-100 7.51192e-35 1.04237e-59 1.07504e-93 0.0844951 1.74294e-127 2.17684e-119 0.238214 2.11529e-125 1.17854e-126
7.74386e-12 1.40912e-14 7.67914e-47 3.10078e-07 9.02618e-55 6.3988e-20 6.71774e-12 4.46502e-07 2.56914e-17 4.13357e-18 1.53839e-106 1.42375 5.19644e-19 2.53886e-110 1.39053e-89 2.08272e-71 3.14616e-88 2.41935e-27 5.54259e-119 9.3422e-128 3.62854e-157 0.258576 5.02366e-97 2.33754e-80
4.65332e-13 1.19496e-37 1.35975e-111 4.15264e-104 1.03433e-41 3.7592e-27 0.00346013 7.31871e-88 4.56686e-16 2.69919e-54 3.71931e-68 6.73137e-61 0.193568 0.000100585 2.53293e-16 1.53485e-31 7.45945e-76 1.7059e-126 6.94986e-69 0.331018 3.11392e-96 5.31961e-31 1.53618e-185 1.15993e-96
4.92976e-95 5.27989e-131 4.25641e-141 3.54489e-97 3.11265e-97 2.57636e-104 2.96459e-47 2.39996e-89 2.37339e-06 2.81327e-107 2.99347e-57 2.55099e-105 1.51374e-50 0.144325 2.07344e-61 9.10999e-71 5.20764e-76 3.20846e-64 5.82656e-147 2.38918e-74 5.48398e-195 0.0922456 2.28061e-89 3.34875e-49
4.94411e-26 1.99325e-47 2.64187e-34 0.0394249 1.78631e-33 1.16922e-13 2.45365e-05 0.0800611 2.29699e-82 2.49198e-86 2.07114e-84 3.78791e-94 1.88684e-60 1.01867e-97 5.3276e-84 1.17393e-93 8.13316e-109 3.36111e-119 1.58511e-101 1.58154e-95 8.24292e-182 1.44996e-109 7.31733e-173 1.60279e-137
3.53094e-174 2.50975e-156 9.45045e-106 9.16183e-129 2.89585e-55 1.22777e-98 5.48806e-35 6.97812e-19 4.39808e-60 3.50222e-73 6.63169e-96 1.93036e-06 3.94862e-54 3.11427e-53 9.1974e-20 1.24569e-54 0.228544 5.62708e-99 8.09066e-116 3.04825e-74 0.150099 0.403041 6.5904e-163 1.11999e-111
2.86301e-57 1.4927e-93 8.85561e-43 1.59492e-102 2.52215e-75 1.40574e-46 1.10225e-28 3.43082e-23 5.56628e-25 0.0516727 4.35673e-53 6.87667e-107 1.39278e-94 9.46501e-61 2.84553e-66 9.01764e-111 1.21195e-102 1.10064e-83 7.0416e-32 4.32577e-13 3.45963e-199 0.156805 3.17559e-109 2.65076e-86
9.86001e-107 3.18248e-109 5.76508e-130 1.23621e-47 1.34318e-55 7.56731e-144 4.00551e-22 5.54746e-68 0.174799 1.14758e-77 1.07791e-08 1.44179 3.1968e-76 1.53944e-15 0.171097 0.155717 3.41258e-42 3.12332e-36 1.85885e-77 0.377073 2.79198e-18 3.37871e-80 0.198241 7.99871e-73
