1.59285e-91 2.28407e-80 2.30537e-42 1.24693e-151 2.67611e-182 2.79291e-99 1.97873 0.935672 0.309021 9.88547e-81 0.878049 6.88658e-237 6.26969e-321 0.658453
1.65512e-321 4.51904e-235 1.0204e-70 5.51105e-227 0.365219 3.96884e-14 4.27877e-218 1.65466e-234 2.1947e-276 5.61314e-186 1.02457e-152 0.677476 1.31128e-99 1.80186e-166
5.45994e-244 2.15556e-242 1.75887e-321 9.10316e-157 3.92674e-280 2.0741e-184 4.18474e-321 1.16971e-295 2.91653e-98 0.182105 1.81592 1.70558e-114 4.98717e-113 2.87469e-54
1.64524e-321 1.82724e-228 2.86563e-315 3.72483e-10 1.66994e-321 7.26308e-49 7.68766e-321 4.12545e-321 2.44423e-230 3.55703e-134 0.13984 3.21637e-321 4.1481e-246 2.09978e-321
6.79494e-292 7.51437e-133 5.09486e-247 3.85409e-178 4.55532e-168 4.65668e-236 8.81771e-301 4.77613e-294 1.31567e-294 3.88824e-261 0.189394 1.47232e-321 5.2093e-311 1.48714e-321
7.10139e-49 1.30321e-28 4.58529e-200 1.8379e-38 4.01243e-276 4.496e-322 2.08496e-321 1.26481e-321 2.23318e-321 5.11019e-257 0.0775361 2.95396e-289 4.48563e-248 8.44852e-322
9.63009e-19 7.74163e-93 4.90804e-07 4.17943e-62 5.32967e-237 8.65453e-252 2.8557e-321 2.11954e-321 3.04839e-321 3.38317e-273 0.401071 1.49208e-321 5.57234e-222 1.45338e-306
1.67488e-321 1.8995e-72 1.98964e-38 6.58467e-315 1.21642e-162 2.26662e-54 7.18008e-190 7.64693e-213 0.424584 3.89362e-126 1.12217e-45 6.59401e-181 2.28237e-207 1.19445e-311
9.94585e-21 7.86048e-210 5.04962e-28 9.49813e-214 1.13074e-86 0.285352 5.29638e-321 4.97046e-262 5.08888e-321 0.057279 1.13092e-07 1.06913e-66 3.61049e-168 5.43271e-132
6.91168e-300 1.4081e-66 1.41344e-110 1.07681e-98 1.4131e-102 8.76325e-79 1.10418e-177 3.12318e-222 6.17088e-321 1.40554 1.24342e-12 0.0273529 1.08722 2.32211e-321
3.73992e-76 1.51143e-109 8.15746e-229 1.23268e-134 1.9191e-293 9.54831e-228 1.91697e-321 1.26975e-321 2.28752e-321 1.3241e-293 0.00513004 2.31126e-251 3.04871e-265 7.5098e-322
1.65385e-12 6.74361e-97 1.09722e-245 1.10326e-09 7.26276e-322 9.54368e-163 3.27566e-321 1.54148e-321 1.46584e-310 1.56686e-176 0.350954 7.12222e-278 2.68772e-321 2.25229e-286
6.57323e-07 2.70489e-07 0.0297181 3.49736e-11 5.92879e-323 5.92879e-323 2.02567e-322 1.38338e-322 2.32211e-322 3.35965e-322 1.09784e-165 1.13635e-322 2.2727e-322 8.39912e-323
0.156552 0.174204 4.55926e-152 1.05322e-101 1.13789e-313 3.80431e-322 1.57607e-321 8.89318e-322 1.08479e-308 2.03061e-321 3.91965e-35 8.10268e-322 1.3995e-272 5.33591e-322
2.63831e-321 5.93784e-186 2.03061e-321 1.83039e-260 1.60571e-321 1.51184e-321 5.47919e-321 8.86266e-178 0.650967 1.02694e-106 5.09018e-153 2.91993e-321 5.33097e-321 2.46045e-321
1.88239e-321 9.33135e-262 2.09978e-321 0.254034 1.0164e-167 4.33311e-112 5.40508e-321 1.20319e-267 7.00413e-30 3.59507e-307 1.379e-17 3.78916e-276 1.08382e-106 2.12448e-321
3.12207e-23 1.90422e-114 1.26425e-150 7.28938e-122 4.69362e-322 5.68175e-322 1.63536e-321 1.03754e-321 1.72923e-321 3.66776e-212 0.304482 8.84378e-322 3.80148e-284 6.05151e-287
