1.54899e-107 1.38853e-18 6.58396e-48 8.24007e-224 3.29704e-173 7.94772e-194 3.42856e-155 2.9878e-163 3.47979e-93 3.75896e-24 0.424495 5.97197e-33 7.63932e-134 3.79156e-75
2.74319e-46 9.66169e-198 3.50319e-125 6.92373e-19 1.14836e-209 4.32158e-155 9.1294e-11 2.0699e-148 0.0233084 1.95639e-62 3.83321e-61 0.135661 1.55505e-27 3.13446e-260
1.97493e-118 2.03979e-40 8.54113e-94 4.61655e-132 6.78147e-239 0.0319447 7.40863e-107 2.38198e-86 1.06831e-39 1.50446e-128 1.27546e-21 2.40837e-99 3.07224e-115 7.29191e-199
1.84211e-45 8.18756e-316 2.85346e-18 5.21851e-126 1.04477e-152 1.98217e-29 6.2498e-14 1.78516e-120 2.68436e-158 3.73661e-48 4.20084 4.45202e-25 1.02668e-102 3.93826e-100
2.17273e-195 9.35978e-30 2.6287e-150 8.90556e-263 9.7213e-138 1.21602e-29 1.91975 0.0624339 0.162889 5.34713e-130 1.2461e-05 5.87357e-60 1.04939e-41 0.0611342
5.56311e-190 4.87813e-21 3.333e-20 4.1099e-200 0.202247 3.54195e-169 2.84505e-44 0.416807 3.98162e-139 0.102935 5.3324e-05 9.8864e-90 3.70531e-189 5.12505e-184
4.28917e-12 3.58226e-295 2.23455e-136 2.90776e-75 1.53768e-194 5.97963e-28 7.85973e-142 4.67435e-73 0.15526 5.051e-65 2.4492e-91 1.89047e-75 0.33308 8.166e-150
2.36273e-105 7.34637e-187 3.88908e-108 1.98419e-46 1.64819e-272 0.0854345 1.81657e-164 0.00446635 1.3754e-115 8.98124e-96 2.98391e-133 1.30275e-85 1.40307e-165 6.06585e-78
1.69883e-05 0.00798227 0.0123727 0.00396272 3.77153e-270 9.88088e-195 2.61361e-164 9.90441e-167 2.82753e-193 9.80317e-149 2.56831e-158 1.58285e-190 4.77682e-193 7.2635e-281
1.19862e-233 3.52307e-135 5.87066e-38 8.91275e-50 3.69742e-99 2.47553e-151 7.37123e-35 9.53373e-169 1.62816e-194 1.41965e-09 1.71459e-35 0.257568 7.00024e-163 1.76011e-226
8.59754e-142 4.03489e-127 8.02569e-54 1.20119e-50 1.99848e-239 6.24799e-34 7.66351e-30 9.67155e-92 5.68278e-169 2.01113e-13 2.2788e-56 2.37264e-90 7.20579e-190 0.0213069
9.10393e-210 1.81025e-105 9.00707e-137 3.16449e-320 5.01748e-135 1.27958e-78 6.47625e-149 5.69647e-81 5.12148e-53 8.57262e-82 1.10083e-147 1.08204e-187 2.88881e-34 0.251577
1.3923e-14 6.33149e-183 7.37084e-133 1.53872e-318 3.29173e-40 5.24748e-93 1.44765e-129 1.80447e-167 1.11892e-94 7.83113e-137 0.197844 3.1435e-124 1.57243e-143 7.2376e-198
2.72962e-162 1.34726e-54 1.95154e-25 4.3028e-181 2.81127e-216 8.90454e-153 1.1086e-142 1.30941e-45 2.01073e-104 0.607719 5.81698e-71 5.83743e-122 2.15605e-49 3.81059e-125
8.02993e-18 3.28824e-48 4.09137e-113 3.48132e-14 3.35486e-253 0.0790528 4.61242e-162 4.50238e-78 2.11433e-86 3.71941e-124 1.59008e-61 1.26204e-151 3.07152e-110 1.5491e-140
0.0399169 9.08636e-35 4.22519e-82 3.81482e-214 2.44479e-160 0.277048 2.63383e-153 1.73411e-108 3.43885e-43 0.00253863 3.87072e-102 4.04796e-104 9.37435e-61 9.2859e-260
2.19537e-224 1.33978e-33 1.45497e-79 3.7838e-51 7.37968e-185 0.143537 5.67543e-51 1.67433e-38 2.32274e-54 5.25717e-109 6.50675e-60 3.47473e-178 1.6069e-189 3.75608e-47
