3.43513e-117 3.20314e-119 9.61317e-08 5.5485e-82 1.07425e-195 8.8039e-137 1.07466e-157 6.98037e-252 1.38078e-187 0.0789966 1.84551e-312 3.11349e-213 2.9005e-188 5.40098e-07
2.28853e-239 2.50963e-52 1.44364e-124 1.54506e-08 1.17766e-78 0.178428 1.85759e-24 1.51678e-321 5.88264e-135 4.54226e-75 2.98184e-95 1.4044e-120 4.37173e-80 3.97909e-134
1.22912e-119 1.72556e-85 0.000267744 7.73346e-48 6.12153e-204 0.429812 1.59627e-94 3.96186e-212 4.40996e-134 0.0257108 7.48927e-251 6.03359e-211 8.43818e-260 6.79265e-136
8.30901e-163 4.88168e-77 4.42413e-15 4.37984e-48 1.05366e-144 1.14841e-170 0.170194 3.5568e-245 6.6047e-244 1.06647e-71 7.57778e-250 9.57651e-244 3.71537e-321 1.31033e-155
4.98369e-141 2.19758e-90 3.31874e-100 1.0507e-16 1.68852e-150 0.150545 4.41077e-25 2.72703e-205 2.08565e-179 7.32134e-151 2.32659e-251 1.03295e-185 3.30167e-273 1.53493e-147
2.19782e-31 7.29426e-43 2.66129e-143 1.03026e-123 4.44738e-191 1.16316 2.95039e-07 3.07723e-164 4.62119e-219 0.000111875 1.39813e-302 1.71304e-109 4.15089e-319 1.33987e-126
3.0343e-54 8.07124e-156 9.75136e-82 3.0308e-60 6.33365e-94 1.52025e-118 1.77837e-175 3.17912e-171 3.11362e-179 1.19926e-70 2.30235e-321 3.41527e-120 3.26858e-248 0.145301
4.76748e-185 4.23717e-176 4.59268e-147 1.01219e-51 6.43576e-126 4.64056e-132 4.09245e-114 7.08849e-294 1.85e-131 2.56115e-21 2.01085e-321 8.58547e-192 6.24416e-304 0.120798
2.66773e-152 2.65378e-50 4.29641e-113 1.00251e-07 2.40835e-201 1.13676 1.4696e-92 2.39808e-113 9.12041e-37 2.41036e-60 0.742289 0.148995 3.5025e-248 5.16119e-16
1.3065e-66 5.1521e-252 3.27291e-17 1.53822e-181 5.02676e-197 1.65155e-17 3.88038e-83 0.420301 0.486381 4.0064e-15 2.85242e-271 5.56396e-260 1.29891e-216 5.13049e-98
2.20069e-117 3.31142e-252 9.0359e-194 2.69106e-36 4.69022e-142 1.2155 3.47478e-147 1.55171e-163 1.02654e-120 2.39313e-29 5.07211e-189 2.22799e-246 1.04663e-98 1.32213e-07
0.000878361 0.00731357 0.0160682 0.0142105 1.19903e-226 1.0646e-170 9.39534e-166 5.43472e-323 2.69907e-264 1.72796e-142 9.88131e-323 2.06067e-270 7.28286e-314 7.12354e-167
5.98167e-80 7.04452e-117 1.14128e-84 1.10045e-53 1.9901e-167 7.48643e-78 0.0570061 1.9777e-191 2.02344e-241 0.0536626 2.60828e-193 2.23321e-125 4.42075e-189 1.26326e-119
8.14174e-116 1.44277e-50 9.75406e-184 2.39146e-19 3.12646e-219 3.39097 1.7146e-73 1.05769e-308 2.67001e-187 6.47374e-05 5.7037e-175 7.246e-141 3.93016e-290 0.022394
9.99139e-78 3.55744e-111 1.67945e-143 2.7118e-153 2.53304e-95 1.49913e-132 4.16159e-29 1.33085e-205 3.4611e-99 1.30038e-11 7.7266e-218 0.142503 2.65804e-180 2.46679e-146
2.53368e-292 1.51928e-298 4.31075e-28 4.38304e-134 1.96922 0.378656 3.69825e-125 8.16326e-33 5.94386e-264 1.31244e-144 9.7519e-127 8.7323e-163 1.46871 2.35955e-70
6.23507e-179 2.4537e-73 4.13352e-70 2.0243e-47 5.33332e-216 2.28418 4.92541e-141 3.7209e-284 2.06569e-169 1.02786e-65 5.19078e-125 1.17146e-231 3.86986e-167 0.364294
