2.9958e-11 2.62207e-65 8.07974e-96 2.58962e-36 0.422461 2.38037e-259 1.98615e-142 4.98475e-246 6.51144e-80 1.12064e-174 6.74445e-129 3.87209e-271 9.48606e-322 8.60539e-181
1.44153e-28 4.20516e-120 1.23135e-51 8.26568e-16 0.240557 2.65567e-250 2.04845e-175 4.76703e-144 5.1371e-94 2.47041e-118 2.49759e-126 4.65141e-280 3.94368e-306 1.03239e-108
7.6985e-48 1.33399e-49 7.48247e-47 9.80475e-06 1.68803 3.37389e-178 2.10452e-68 5.89179e-199 1.45836e-102 1.87892e-77 1.28593e-122 7.92085e-190 2.73712e-321 1.40693e-126
6.91292e-82 4.0482e-76 1.19779e-30 1.39314e-204 7.79468e-101 4.90307e-123 1.27368e-166 1.07735e-32 6.92489e-111 1.81547e-92 0.0829631 2.45509e-181 9.39833e-282 9.27281e-141
1.44584e-129 1.29307e-104 7.29809e-70 2.09484e-321 1.68347e-26 0.589092 2.49544e-205 2.11426e-145 0.652451 7.17342e-134 2.66465e-136 0.559374 3.74502e-321 3.70683e-76
1.28024e-124 5.74113e-232 1.84231e-194 2.80822e-114 1.63867e-37 2.33852e-52 8.90331e-99 5.26659e-245 1.5658e-62 1.38106e-140 0.193794 1.69957e-90 0.709358 2.35346e-127
1.48457e-29 1.57261e-140 4.50284e-68 1.04945e-153 5.07836e-84 1.07762e-215 0.522706 7.14678e-97 0.229068 0.298102 2.08701e-110 2.41059e-128 6.89336e-278 3.86521e-112
7.56754e-47 2.73004e-79 3.15513e-76 6.4902e-91 0.068275 5.07591e-260 2.69067e-123 5.47853e-168 2.80775e-149 2.29674e-125 3.63396e-124 9.05352e-247 4.06532e-318 2.52878e-176
8.84263e-28 1.03117e-48 2.46491e-79 2.10262e-112 0.546438 6.33178e-219 7.71205e-184 2.96183e-167 6.74267e-117 7.85558e-182 1.26788e-82 9.8582e-287 2.95339e-311 7.43153e-151
1.87311e-66 7.81274e-30 5.92432e-102 2.90544e-134 0.288894 6.72025e-134 1.18562e-56 3.81378e-214 1.18082e-135 9.50065e-129 2.20055e-144 1.29388e-106 1.47726e-321 3.38011e-167
3.64927e-70 2.72986e-76 6.68331e-121 5.71212e-82 8.98105e-33 2.68895e-202 1.69032e-75 0.142104 1.56564e-99 1.61961e-190 1.59404e-177 1.16113e-246 9.8905e-183 3.25436e-41
6.40557e-47 3.26557e-126 5.41901e-07 7.08026e-133 0.0751171 8.57918e-168 2.95019e-201 1.84197e-138 2.66387e-96 2.00769e-173 3.93139e-58 3.94775e-215 2.59356e-286 2.21262e-147
9.24266e-21 2.25656e-182 1.6313e-139 6.20766e-66 0.421217 2.33228e-160 7.32619e-232 1.14825e-59 2.15186e-53 7.72046e-147 0.132099 2.93543e-93 8.1599e-273 2.67945e-107
0.0200588 6.73295e-22 2.45457e-14 1.67475e-61 7.80199 3.76051e-191 3.99033e-140 1.46782e-211 3.4774e-76 7.36263e-187 7.56345e-93 6.95877e-220 2.14494e-289 1.23594e-110
2.08688e-22 4.24832e-49 9.48908e-09 1.23414e-81 0.253262 7.43615e-225 4.9401e-126 4.33224e-253 1.67845e-135 1.90468e-182 8.54268e-145 1.75547e-207 1.00789e-321 1.31019e-102
0.00488949 0.0072166 0.000220976 0.00141779 6.69535e-118 1.92143e-266 3.22375e-235 1.07931e-268 5.19566e-154 1.05196e-213 1.13113e-200 2.81237e-298 9.88131e-324 1.70174e-183
5.21035e-100 2.12519e-92 6.10183e-191 6.54833e-274 1.87309e-17 1.09596e-253 2.1583e-229 0.213272 5.27872e-104 1.31891e-97 1.20053e-80 4.30063e-32 9.22227e-250 0.555355
