3.22859e-41 3.52785e-23 1.70532e-74 9.56865e-39 3.86865e-65 3.42097e-43 1.20131e-20 6.30641e-95 1.39128e-12 1.92554e-18 1.2529e-109 1.40439e-24 1.91224e-11 5.33675e-35 8.50681e-05 0.100378 0.116932 4.70176e-80 6.12981e-92 0.137477 2.34205e-38 1.85613e-51 9.83482e-30 1.5582e-51 3.4764e-25 0.0438656 3.0561e-36 2.15858e-63 4.4512e-26
1.26881e-105 7.61362e-30 1.18309e-76 4.93265e-93 1.99541e-11 4.48197e-48 6.13177e-49 9.28842e-07 3.52386e-31 2.41196e-15 8.58514e-53 8.43671e-42 6.11226e-75 7.93222e-60 4.30523e-09 2.2521e-90 3.52479e-38 1.33427e-31 1.78668e-79 1.59674e-10 0.0385115 2.43409e-77 9.00321e-29 3.09033e-68 3.47501e-06 3.93616e-55 0.251806 6.72356e-06 9.97399e-55
4.15686e-78 4.53206e-34 1.274e-16 7.29071e-68 6.67231e-68 6.23426e-69 1.34756e-11 7.66144e-09 3.2153e-09 4.36783e-53 7.76253e-05 2.63073e-45 6.53395e-36 8.27292e-26 0.411552 1.25658e-69 2.21905e-15 1.88192e-85 1.34781e-85 1.2055e-55 1.08238e-44 1.47809e-53 1.07441e-43 6.07533e-26 2.00713e-33 2.92134e-51 2.071e-33 7.06594e-44 1.38076e-38
6.28739e-31 1.06111e-35 3.60462e-63 1.64518e-78 1.27795e-20 2.71544e-67 2.67049e-59 2.00551e-37 2.08221e-52 4.6818e-07 0.00459963 6.2453e-42 3.33272e-19 1.41497e-39 1.80261 2.43635e-100 2.66483e-83 5.66099e-44 0.119812 5.19773e-28 2.06267e-22 9.25829e-71 0.00901696 0.462534 1.69262e-47 3.77458e-62 0.0436944 7.48671e-25 0.0738239
1.84213e-35 0.000239073 8.36037e-20 1.87312e-15 2.6421e-27 4.31982e-19 7.67516e-31 3.86522e-11 0.0253953 0.0165304 1.12527e-31 2.15068e-16 4.9331e-19 0.0176959 0.992123 2.66771e-96 2.09642e-64 1.49201e-60 8.87656e-65 1.62116e-29 1.70678e-57 2.35432e-59 1.13647e-53 5.8124e-56 2.08073e-47 5.61789e-83 6.74813e-58 1.4454e-57 8.41622e-48
0.00157029 0.000288315 0.780984 1.59158e-47 0.00373236 6.06221e-41 5.09584e-56 5.13081e-69 7.53633e-30 0.00136447 5.82216e-54 2.02072e-17 8.37953e-29 3.10729e-22 0.0005857 1.70624e-62 1.03079e-28 7.70591e-19 1.02926e-49 6.98039e-08 6.31614e-21 1.7992e-71 2.75026e-23 1.2628e-56 6.9189e-24 1.2174e-45 6.36784e-39 1.86828e-73 5.00781e-47
3.42692e-24 1.395e-11 2.09465e-51 2.02604e-85 2.71256e-94 8.16965e-59 1.27109e-52 6.104e-33 9.72784e-28 2.64513e-32 1.42267e-11 1.37583e-08 0.493207 6.33068e-46 2.22455e-09 3.28379e-95 1.27225e-56 0.0547593 1.92755e-08 4.72938e-21 3.13686e-48 2.05123e-63 6.79668e-59 3.30325e-69 7.53574e-40 1.30386e-93 1.35633e-41 3.71536e-68 4.97468e-35
2.84844e-08 1.30543e-20 7.55216e-28 5.28993e-66 7.45478e-85 6.82396e-89 2.53645e-48 4.02097e-65 6.75096e-19 3.25146e-25 1.8175e-25 1.94494e-25 5.61077e-47 1.24653e-55 3.15257e-07 2.7528e-98 2.51186e-18 5.73725e-38 1.66512e-17 0.106016 1.20785e-38 0.0783133 8.03417e-14 3.85189e-47 1.87293e-56 5.25216e-66 8.81082e-11 0.271335 8.34214e-19
0.000682125 0.0348597 0.0407651 0.0111884 1.69515e-06 0.00691207 0.0043778 0.0112176 8.55137e-06 2.40816e-11 0.123419 0.137534 1.58467e-10 0.000186085 3.32579e-09 4.00829e-102 1.69064e-75 3.13596e-84 3.69658e-101 2.99191e-61 1.68824e-54 2.25284e-96 1.10399e-74 1.88719e-76 1.15983e-49 7.15547e-98 3.89426e-53 1.53122e-63 3.68315e-63
2.77591e-08 1.14536e-42 5.23415e-43 9.63232e-46 2.45497e-27 1.34189e-23 8.32401e-27 8.94684e-07 2.66999e-44 3.02592e-51 1.27034e-55 4.13399e-57 0.118222 1.20573e-23 0.311514 5.88118e-99 8.24705e-78 1.80479e-41 1.41557e-80 6.73069e-58 2.7771e-54 1.19281e-43 3.89557e-53 4.575e-33 0.0321305 5.14639e-58 3.25242e-34 1.42562e-40 1.89414e-49
