7.91528e-96 9.68617e-194 5.27647e-268 0.000336024 1.43874e-271 6.98565e-160 5.80408e-93 3.73e-265 2.18629e-91 4.8573e-141 1.23516e-321 5.74141e-52 2.79779e-125 2.03538e-198 2.45881e-206 5.14143e-43 2.23714e-19 8.57043e-16 0.243989 0.037396 0.000331817 8.2207e-80 0.226068 1.07645e-61 7.92786e-114 3.94618e-55 3.37787 0.379537 0.146933
1.89437e-124 3.16377e-118 5.78632e-147 7.04642e-78 6.98387e-28 1.91334e-76 3.19364e-175 1.00198e-230 3.93577e-84 4.66387e-137 4.56764e-40 5.50363e-35 6.70456e-59 1.41618e-36 0.244523 1.43166e-194 4.24716e-143 1.91486e-27 5.99928e-98 0.381226 4.84184e-322 9.60684e-166 2.48571e-177 7.69228e-89 4.84356e-54 9.08262e-163 2.88459e-118 5.05682e-11 1.37438e-34
1.66316e-111 4.17482e-69 1.58292e-17 0.123596 5.68544e-101 3.62958e-143 6.37459e-231 1.30735e-197 1.10917e-121 5.84873e-88 4.26817e-254 2.25814e-123 7.2948e-110 3.32093e-09 5.3588e-161 1.7403e-129 0.00104737 1.9697e-43 7.15301e-161 4.38661e-11 1.19466e-134 7.78681e-196 9.40457e-66 6.55677e-93 0.00831041 1.8753e-94 0.596075 8.88629e-190 3.23459e-55
3.15867e-05 0.00142062 0.00103462 0.00211183 0.00321881 0.00181981 0.00145532 0.000182588 0.0010094 0.00216634 0.00116738 0.00984501 0.000308756 0.00362695 2.5507e-236 1.09481e-261 2.24214e-167 3.82741e-153 1.83905e-226 1.74947e-133 0 5.50275e-285 7.21691e-221 1.8908e-99 6.89012e-173 4.0211e-210 2.1403e-168 1.73188e-260 5.81223e-123
1.39397e-49 1.47232e-321 7.73326e-311 1.73707e-127 3.26037e-282 2.31799e-30 6.78237e-153 6.58956e-143 1.99411e-182 9.83809e-152 2.92793e-81 1.90417e-165 1.35045e-23 6.17189e-230 1.94098e-201 9.24089e-141 1.71785e-124 1.53394e-26 8.8482e-15 8.83676e-50 0.135709 3.68224e-159 9.43909e-122 0.0273996 0.147871 2.80292e-05 6.38842e-162 9.58124e-79 6.55976e-61
6.17515e-150 1.93998e-169 2.11217e-163 2.30731e-137 2.42814e-12 5.71237e-107 4.34934e-200 3.4698e-195 1.66818e-05 8.03755e-22 4.51821e-17 2.50929e-50 2.48319e-127 7.37687e-114 1.13647e-133 2.31867e-35 7.52502e-53 8.08992e-86 4.21742e-173 7.47702e-62 5.89467e-200 3.46007e-11 2.55267e-180 0.0990467 6.81296e-152 1.72619e-46 0.128026 5.41687e-125 5.03043e-34
2.98869e-33 4.76893e-167 5.37864e-87 8.98475e-47 1.4287e-185 1.52144e-75 9.65361e-269 1.34848e-13 1.95359e-50 2.57727e-102 6.80644e-98 6.56345e-105 7.64903e-29 1.50727e-131 6.03831e-56 3.39807e-43 0.302064 3.23811e-48 4.48293e-91 2.30931e-87 3.46626e-151 2.77296e-109 4.73842e-214 8.0309e-36 1.22547e-33 2.44195e-160 1.28142e-154 9.10417e-39 0.107664
1.40644e-213 2.17802e-54 9.92154e-20 3.68215e-162 4.46645e-32 6.08456e-06 7.2952e-30 3.09284e-87 1.94344e-77 2.15746e-161 1.13382e-117 1.34467e-155 2.23246e-52 5.93726e-11 1.25682e-202 0.608998 1.04578e-154 0.348994 1.59477e-112 1.76367e-33 1.60372e-93 6.47665e-179 2.15935e-98 2.97347e-40 1.71443e-65 0.580765 3.32488e-84 4.42811e-40 0.0292754
7.89774e-20 2.20029e-261 2.50327e-212 1.14955e-110 8.0584e-99 4.93316e-134 8.19416e-93 2.02855e-32 6.9937e-198 1.85145e-48 1.54062e-94 7.41869e-61 2.09706e-99 5.71866e-106 1.2741e-54 9.86268e-260 1.13156e-66 5.56418e-71 3.23411e-61 2.55295e-71 1.1292e-284 0.104539 1.6719e-49 0.302812 1.52463e-34 8.83252e-171 2.81841e-44 2.20222e-11 1.02668e-39
3.03923e-32 1.21207e-139 1.47082e-89 5.97469e-23 0.489244 5.92829e-74 5.52093e-52 2.11138e-125 4.92206e-50 2.41902e-64 3.04563e-123 1.93383e-07 1.55618e-46 3.47632e-91 7.48556e-111 6.92739e-152 6.08069e-101 1.27799e-128 1.41238e-161 2.71085e-42 2.99508e-186 1.35382e-119 8.03335e-218 1.16799e-46 1.45676e-85 2.69656e-125 1.30457e-59 2.96169e-258 2.56009e-75
