5.97595 0.0737666
4.66491e-66 8.71385e-61 0.053303 1.51734e-81 1.13692e-17 0.0101773 1.78847 2.92162e-47 1.25005e-98 7.62494e-82 4.7366e-26 8.07654e-57 1.28073e-10 3.82914e-09 4.85284e-43 6.90051e-12 9.38532e-60 0.0826172
1.38354e-50 1.05549e-36 1.07692e-15 1.63774e-78 4.11187e-53 3.58029e-37 1.70064e-18 0.760731 2.19171e-103 9.34357e-72 8.83027e-54 5.11428e-20 1.49336e-56 2.39605e-26 1.55174e-51 9.62657e-29 3.92302e-45 1.76084e-51
4.85151e-42 1.07755e-26 4.4927e-40 6.36081e-68 4.20003e-32 1.00236e-37 0.00924301 6.90094e-29 5.83622e-77 1.3379e-88 2.00114e-40 1.73443e-43 2.90893e-68 3.29837e-64 3.03937e-59 0.0265279 2.99491e-29 1.40215e-30
5.31097e-23 9.12181e-46 2.25177e-67 1.52334e-78 1.1095e-05 0.0629345 1.61755e-20 4.71423e-33 1.67933e-102 5.32464e-69 2.38896e-58 0.0718899 2.06977e-40 3.71864e-42 2.30845e-13 3.80286e-20 1.00925e-27 2.46776e-39
6.80823e-31 5.84682e-48 1.40235e-13 5.55529e-41 3.59408e-21 1.78821e-58 9.06243e-52 0.300835 1.04559e-74 2.2345e-108 1.7017e-47 3.90371e-32 1.19615e-65 1.93093e-61 4.58853e-30 6.43236e-36 1.83436e-42 3.0274e-20
0.0944091 1.28582e-49 2.64393e-45 3.24942e-116 1.37879e-43 2.85236e-51 0.299578 1.61994e-42 6.51263e-33 1.00582e-81 2.2007e-35 0.000219629 2.42879e-24 0.0240679 0.0938468 2.70164e-36 2.19245e-36 0.000722792
1.36465e-37 2.96774e-29 5.84696e-09 1.36226e-82 2.09702e-28 1.81347e-25 0.0296541 5.73363e-36 6.14248e-52 8.21757e-35 8.1442e-19 2.23639e-51 1.35138e-41 2.04134e-40 5.94572e-68 0.112714 1.2412e-43 7.72054e-43
1.35099e-64 0.0113673 8.85683e-43 2.72952e-106 3.28871e-22 5.24099e-06 3.35089e-06 4.49526e-26 1.78953e-55 3.71346e-13 0.0629206 8.75114e-10 0.200866 3.4472e-46 0.0297828 1.14174e-41 0.126031 7.45175e-23
1.81581e-46 1.95264e-57 1.56668e-76 4.37136e-80 2.43752e-52 1.00325e-37 3.87322e-69 0.745906 4.80798e-89 2.80236e-56 6.1301e-26 1.18986e-37 1.41917e-32 6.28554e-35 9.34497e-86 8.21851e-17 3.1323e-55 2.79766e-35
1.64506e-40 0.52283 4.21706e-47 0.0600007 0.0326562 0.0952717 4.85105e-66 0.162114 0.785662 0.113924 1.82746e-51 0.00985221 3.61232e-62 7.20252e-11 1.8587e-64 5.09923e-05 1.475e-31 1.01586e-08
6.87235e-50 2.76844e-53 1.94851e-07 1.06011e-56 3.97446e-20 1.1278e-08 5.79113e-20 6.94607e-28 4.0331e-68 2.11238e-85 8.87922e-17 2.68755e-39 9.86426e-63 0.0588964 1.25111e-09 1.95592e-25 5.24488e-13 7.52711e-45
3.09912e-68 8.77524e-56 4.78696e-77 6.77985e-73 6.61167e-41 6.36183e-41 0.0687392 0.794111 5.77401e-91 9.97313e-51 1.17263e-61 5.82702e-53 4.31324e-17 4.21041e-64 2.72476e-62 6.86015e-09 1.2923e-59 3.51515e-30
