2.97213e-106 1.52009e-98 1.37681e-114 1.39134e-81 1.08125e-117 1.97571e-36 1.94841e-270 3.42191e-91 3.48601e-288 6.497e-92 8.64615e-322 4.1675e-194 5.33511e-66 0.202558 9.93342e-68 6.67866e-21 0.294785 7.15199e-229
1.14985e-45 7.45832e-86 5.56506e-53 1.05877e-140 1.23876e-225 3.15746e-95 2.18581e-191 1.02888 1.01033e-171 1.63856e-133 6.52167e-322 9.11609e-117 5.12754e-35 7.92461e-110 2.56904e-18 8.39259e-134 4.04163e-123 3.37814e-223
7.04957e-64 1.86396e-37 0.104734 2.48807e-217 1.55658e-175 7.77084e-62 2.3973e-191 5.59935e-115 7.47826e-164 2.25263e-128 8.23798e-217 5.42912e-186 8.72283e-35 1.46492e-06 4.57724e-64 0.0176782 0.1829 1.62053e-272
1.10954e-65 6.0447e-167 2.70129e-128 3.28684e-126 6.23137e-165 1.67894e-132 7.44538e-246 1.55753e-154 1.69948e-258 6.17639e-145 6.07813e-284 2.87651e-132 0.0341358 7.15723e-96 1.28315e-85 6.25441e-136 4.60776e-111 1.082e-321
1.4583e-25 4.17771e-07 1.98948e-69 1.53507e-90 5.40463e-279 1.75422e-40 1.11028e-245 6.56231e-74 7.09545e-284 0.430031 2.01839e-301 6.79147e-61 0.0721527 5.1539e-64 6.5709e-45 0.284831 4.56667e-71 1.28405e-297
0.236064 1.94072e-83 1.00915e-73 1.78382e-32 0.396148 2.23266e-130 0.267172 3.05325e-28 0.258671 1.55556e-109 0.438986 0.413257 2.8554e-87 4.26953e-40 0.261733 8.16331e-111 0.0200996 0.68823
1.76263e-82 3.92281e-189 0.00883901 1.24609e-14 1.53294e-158 9.37902e-46 2.60625e-123 1.30212e-155 8.15357e-137 4.7917e-201 1.59959e-319 2.18382e-167 0.124426 2.3431e-125 1.49873e-107 7.04367e-81 9.3267e-12 2.52594e-177
2.56035e-85 9.91329e-124 8.5186e-78 1.68309e-83 8.31642e-184 8.15616e-117 1.0983e-274 0.121171 3.66425e-230 5.38581e-89 8.15208e-322 3.63731e-178 2.09643e-91 6.21571e-51 1.6086e-96 1.85851e-77 1.07076e-137 1.28951e-321
6.87655e-91 7.0154e-181 1.86989e-112 2.04649e-179 7.62578e-272 1.59217e-81 4.54344e-227 0.0946743 6.86694e-187 1.3074e-138 6.81811e-322 2.22913e-162 1.24259e-41 4.6398e-103 1.6231e-92 1.83568e-114 3.87165e-148 5.58372e-239
3.15161e-26 1.18776e-195 0.0863807 6.20509e-55 3.91152e-117 3.12155e-77 1.19668e-136 4.07012e-26 5.06495e-133 3.76188e-134 3.27198e-202 2.1494e-120 7.95363e-09 1.60443e-17 5.9526e-94 4.95207e-33 8.24699e-34 2.63285e-217
8.60761e-97 1.73321e-184 6.95743e-134 0.0714962 1.58855e-174 5.6673e-133 4.45587e-206 1.26915e-20 4.01192e-92 2.21219e-171 2.01771e-228 2.59729e-113 4.17097e-88 1.92152e-34 2.37735e-89 7.42139e-104 4.58297e-104 1.03497e-165
2.07343e-97 0.0775636 7.33136e-42 0.183246 1.9432e-140 0.358617 1.70144e-243 4.97813e-80 8.59419e-112 9.08171e-156 1.69366e-223 3.05409e-107 1.41741e-26 2.04275e-54 1.17829e-10 1.66676e-07 1.12437e-40 5.91335e-136
