2.74254e-88 8.27408e-172 4.02888e-09 4.44322e-160 5.61991e-202 9.33924e-167 3.6797e-38 1.28865e-300 2.60572e-224 1.71832e-183 4.57219 1.15442e-294 1.66049e-176 2.01787e-77 1.36611e-60 3.76482e-178 3.02931e-50 1.46005e-132 4.26292e-76 1.34646e-70 3.17104e-136 5.87192e-165 1.17559e-163 3.6563e-86 5.04705e-109 1.51088e-29
1.12907e-101 1.07499e-187 2.61354e-188 9.74078e-207 5.35282e-77 3.71239e-225 0.0354455 3.44067e-320 2.52426e-181 4.37429e-150 1.09622e-200 2.17883e-321 1.83996e-88 5.22168e-233 1.55393e-108 5.40754e-62 1.63095e-38 2.45962e-88 1.35574e-161 5.48534e-217 1.02038e-197 1.43958e-304 6.80046e-23 2.12518e-49 0.046315 5.96697e-65
1.0048e-157 8.89898e-106 6.51597e-191 6.866e-153 2.41901e-313 7.13744e-201 0.023224 1.72923e-321 1.23299e-52 3.17789e-139 1.08004e-151 4.71751e-90 1.23521e-160 1.24917e-109 5.59067e-167 1.93428e-91 5.11199e-93 2.98829e-105 0.00644062 1.10098e-248 3.63611e-91 5.93429e-159 5.14726e-136 0.00181101 4.15023e-37 1.13564e-88
6.08122e-141 1.52899e-50 8.9239e-122 5.36235e-125 1.46751e-236 1.59049e-254 2.82837e-171 1.93535e-102 3.18288e-293 2.18526e-80 1.67658e-65 1.90215e-321 3.31147e-41 1.11271e-261 6.16188e-64 1.17185e-104 0.186765 6.02488e-181 2.22168e-74 2.27935e-74 4.50431e-168 3.17336e-214 8.67743e-140 8.69312e-87 6.44601e-41 8.72832e-136
0.129913 0.105373 4.0386e-113 1.51546e-119 2.13739e-36 1.59728e-193 9.25382e-145 2.07026e-265 1.78195e-251 1.81843e-172 3.7385e-38 1.52753e-305 1.09443e-70 4.85301e-106 4.13121e-118 7.09955e-180 4.05037e-63 6.21242e-173 6.57045e-167 1.3426e-61 7.39877e-79 7.34544e-234 3.69993e-170 8.69977e-36 4.46447e-100 4.64148e-98
2.77162e-142 3.57139e-166 6.87424e-10 9.39657e-154 4.18014e-90 2.08669e-172 0.086646 1.66124e-269 7.48751e-182 1.00202e-36 1.32017e-141 8.43012e-100 1.82259e-69 8.15928e-119 2.54075e-180 1.08542e-123 4.01326e-145 1.34213e-262 5.42571e-124 8.06561e-135 1.45045e-248 3.64116e-79 9.54008e-293 4.66386e-47 8.89333e-07 6.80499e-170
1.40522e-45 5.3023e-81 7.4149e-89 2.03288e-166 6.60548e-278 2.35451e-188 0.154946 1.55631e-321 3.13142e-189 1.43437e-35 1.95709e-178 2.1791e-312 2.7812e-133 2.92476e-95 4.66185e-107 1.71406e-94 2.77138e-203 5.53058e-279 1.53551e-160 1.56695e-214 9.07008e-174 4.01206e-259 4.00638e-61 2.44702e-46 7.37633e-101 4.56844e-115
4.53725e-105 1.34455e-54 3.02041e-128 1.39943e-206 6.61925e-31 6.76577e-246 1.30828e-39 7.53168e-298 8.20994e-220 1.74351e-40 2.51137e-78 2.18871e-321 2.29133e-124 4.4427e-136 2.21741e-118 4.34595e-49 3.38987e-146 6.97621e-321 1.98381e-07 5.70734e-221 1.14677e-141 1.61065e-321 6.70618e-96 0.0215627 1.76323e-177 3.79807e-170
1.58712e-36 8.43923e-05 6.03252e-120 1.22687 2.85322e-104 1.34679e-55 1.69653e-77 0.478548 1.55601 5.57598e-182 3.13644e-138 0.610646 5.48751e-67 1.48885e-157 5.77342e-17 3.1811e-142 0.154682 1.95391 2.96031e-10 7.02865e-17 2.47771 7.36078e-64 1.1186e-161 2.38444 1.25612e-107 7.31992e-156
3.29991e-182 1.654e-61 6.37999e-81 9.40074e-54 3.8077e-168 3.38415e-209 2.68144e-159 9.7401e-86 1.24353e-106 1.16591e-120 3.28148e-110 1.93032e-268 4.94373e-79 1.08582 6.69632e-48 6.21662e-84 1.40035e-09 2.21084e-243 1.12907e-27 9.26493e-108 3.39284e-157 0.376586 2.40764e-30 0.001717 1.0071e-204 2.15255e-107
3.86491e-179 1.28152e-136 1.52111e-50 3.37101e-76 2.43714e-265 2.20399e-71 1.66921e-153 1.03311e-154 3.79558e-274 0.10317 2.82695e-38 2.51973e-321 9.1424e-53 6.54016e-235 8.49643e-130 2.11233e-137 6.54246e-220 2.24743e-157 5.35287e-161 2.6862e-77 7.50433e-50 1.75389e-223 1.92951e-10 8.27873e-37 1.24881e-34 0.383978
1.61385e-111 7.41022e-128 3.70509e-158 2.78624e-196 2.39758e-293 1.67106e-219 8.66468e-13 1.80749e-271 7.36569e-270 8.05591e-79 4.79409e-109 5.2437e-179 2.86393e-133 2.80832e-191 2.37553e-64 2.71305e-111 1.40489e-84 3.36177e-218 1.05704e-120 1.96906e-150 2.56059e-144 1.27963e-321 5.93149e-217 2.07926e-79 0.0864533 8.32782e-158
2.84978e-125 1.93609e-108 4.5504e-134 2.28218e-128 6.35952e-192 3.42687e-245 1.56395e-194 3.33278e-191 6.08474e-139 0.139632 7.74235e-180 3.52858e-181 0.00632247 2.58914e-33 6.09114e-104 3.62093e-198 1.80021e-209 5.12728e-251 1.13209e-34 6.66628e-106 5.56093e-204 3.96856e-300 1.1418e-273 1.35616 0.147638 2.36986e-94
6.98693e-93 2.26173e-55 2.33923e-187 3.64283e-127 9.39255e-278 0.173823 3.60638e-55 1.1956e-149 2.02449e-211 6.56591e-114 3.82195e-68 7.04988e-277 2.4851e-44 0.455343 0.107731 5.3506e-127 2.76163e-172 4.57469e-143 6.16162e-60 0.0402885 3.10896e-86 2.48791e-67 0.248371 0.378133 6.51079e-40 1.59011e-127
1.05895e-09 1.49929 0.570591 3.07334e-96 0.801138 4.83851e-186 6.16051e-194 5.54685e-75 6.40096e-40 8.69597e-67 3.5488e-181 3.44823e-277 3.53095e-175 9.95599e-228 1.98512e-48 2.66882 2.67204e-78 3.64121e-303 4.63644e-98 4.14629 2.03163e-16 3.66541e-134 1.23518e-234 3.08376e-134 6.14921e-14 4.22878e-22
1.16222e-28 2.36413 3.94818e-26 2.66993e-136 1.93e-115 2.04265e-196 1.58917e-106 5.73713e-218 7.11595e-106 7.23399e-196 1.22973e-94 4.31668e-94 9.0229e-151 3.76926e-75 1.39518e-08 8.65573e-101 1.66974e-166 3.95168e-208 0.202583 2.04166e-105 1.11753e-51 3.88235e-78 6.49385e-36 6.63124e-160 8.12399e-60 1.82528e-19
9.87618e-164 1.16881e-32 7.09329e-119 2.31917e-188 1.07507e-166 2.05778e-252 2.00036e-121 1.30082e-242 5.39533e-234 1.94077e-16 9.13253e-87 9.9447e-141 0.214187 5.44632e-224 4.06e-29 1.1969e-109 2.32447e-200 4.78333e-154 4.55625e-136 3.59103e-78 2.68696e-99 1.65018e-321 4.45352e-191 2.98833e-159 2.27319e-22 2.11484e-77
