7.02257e-34 3.53347e-81 0.133683 7.90374e-43 7.39283e-43 7.28191e-33 1.6676e-36 5.25844e-34 3.98149e-15 0.818415 1.76097e-06 6.94561e-77 2.64527e-08 7.8638e-27 7.36595e-26 7.44063e-14 4.49691e-37 3.67696e-67 1.01921e-14 6.15918e-59 7.01793e-37 1.48956e-22 6.99503e-25 8.31512e-29 2.4827e-14 6.20084e-11
7.63684e-47 5.14315e-88 0.361619 9.5596e-53 2.04603e-28 5.36212e-60 2.10283e-42 1.0109e-43 1.03038e-47 6.99975e-22 3.33937e-56 6.76861e-66 6.05174e-20 4.04053e-39 7.23158e-26 1.64171e-13 1.06985e-30 0.040543 1.87725e-33 2.69669e-62 0.0598875 2.62939e-27 1.89048e-15 5.65485e-52 2.94437e-54 4.74713e-48
3.32494e-15 1.25256e-77 9.20333e-27 1.73007e-37 1.45473e-56 2.20153e-25 5.58758e-44 0.137845 1.04703e-44 9.33913e-33 1.80372e-38 2.08721e-55 2.94817e-49 4.20147e-45 1.43724e-55 5.72093e-23 2.64699e-43 5.17533e-22 1.06955e-52 0.0540269 7.20971e-41 9.57138e-23 1.03843e-29 2.46438e-21 1.20075e-43 2.18482e-17
5.40899e-54 1.78417e-92 1.49834e-09 2.22037e-35 0.0357251 1.81358e-36 2.38064e-47 1.19475e-08 1.35945e-15 1.92133e-56 2.09228e-39 3.14704e-41 1.05038e-45 0.0505396 6.92241e-29 1.1527e-11 1.12888e-62 1.81952e-11 9.9568e-21 5.30795e-10 7.04953e-10 7.20875e-65 8.03865e-48 6.4675e-48 4.9024e-42 8.96721e-42
1.43628e-54 9.62779e-94 1.10621e-16 3.53475e-59 1.56634e-36 4.22669e-70 2.44081e-48 0.192824 1.02695e-29 9.47406e-53 3.2098e-18 7.85849e-42 1.11862e-28 2.4894e-63 1.00599e-17 4.87722e-09 4.96825e-27 1.77348e-27 3.67981e-51 1.17259e-10 6.93256e-06 3.52631e-30 5.50225e-37 3.50083e-23 2.49795e-15 4.85587e-29
5.27828e-18 1.08188e-63 1.69173e-13 6.26904e-26 8.04296e-54 1.82236e-22 3.06295e-11 0.187071 3.45671e-45 1.03207e-30 3.81866e-52 1.05909e-25 3.6908e-19 7.12186e-05 3.27708e-44 9.7273e-09 3.2009e-55 2.48173e-20 1.9808e-35 5.90568e-20 1.74526e-38 9.59788e-29 2.02342e-16 1.21362e-19 1.64098e-36 6.32503e-43
1.21518e-49 2.1688e-76 1.37935e-15 1.17766e-32 2.72963e-26 6.10445e-71 7.5218e-05 1.01434e-15 1.56935e-36 0.173206 1.85241e-57 1.33839e-30 3.97733e-11 7.00326e-42 5.90474e-17 1.03387e-29 4.60168e-36 9.60903e-33 6.99728e-40 0.000370833 0.000151867 7.08898e-33 2.25078e-14 1.61378e-30 3.2618e-42 2.40516e-63
1.42826e-38 0.0480519 4.12998e-20 0.428999 2.9868e-25 9.89935e-08 8.08705e-21 2.38452e-31 0.0878562 2.87431 5.05462e-32 1.33453e-59 5.29474e-30 1.18123e-64 3.27175e-14 1.61556e-25 1.79945e-68 8.3824e-26 3.56798e-25 1.05678e-18 1.55442e-10 3.07123e-41 1.9558e-44 5.31782e-24 0.000287978 0.00117663
1.16654e-44 3.22865e-95 1.68134e-40 1.04347e-49 9.93302e-09 2.46115e-20 3.13498e-41 1.26919e-10 3.73061e-69 0.176057 1.95006e-29 8.09849e-55 3.00668e-28 3.72735e-61 1.29805e-52 1.90072e-12 4.98418e-56 2.57655e-56 8.08174e-52 4.88796e-07 1.92611e-50 1.13478e-25 3.17516e-64 8.83304e-25 2.95485e-41 3.58121e-64
0.03758 1.24039e-76 2.47416e-30 8.4699e-32 5.84487e-54 1.60456e-14 7.24041e-16 5.18691e-26 1.0966e-49 4.46324e-32 1.02511e-46 5.84766e-09 9.40873e-22 2.16161e-56 4.32852e-29 6.88204e-25 3.57242e-69 1.58487e-05 2.3015e-33 5.393e-23 1.20484e-23 0.000748372 5.25622e-19 0.000191331 1.04525e-44 0.0280842
6.4784e-36 6.58569e-61 0.00461471 2.41872e-25 2.13247e-38 1.20464e-45 3.59834e-26 8.99461e-09 1.87038e-50 2.30367e-58 2.54695e-14 0.104022 0.0705013 1.6449e-23 0.0571519 1.41452e-05 0.0502718 1.59917e-12 4.98165e-28 7.91157e-24 2.24669e-21 0.0474378 0.0507888 0.0713318 3.04415e-28 1.12416e-51
0.0285641 1.35386e-81 1.96335e-05 1.20251e-10 4.90077e-06 9.48108e-28 1.0112e-19 1.83995e-22 6.12201e-10 6.46138e-08 0.0633422 4.10377e-45 2.63535e-26 2.66068e-36 6.17607e-38 3.16755e-13 2.13589e-60 6.81844e-46 0.0510492 6.09053e-17 5.75051e-17 1.86285e-54 3.78579e-53 0.655825 3.25677e-21 2.40365e-44
1.48886e-43 6.80215e-106 7.03643e-12 6.41784e-61 9.4157e-47 5.59339e-53 1.95289e-50 1.80771e-25 2.70215e-55 0.0620394 8.92157e-16 1.70958e-57 1.37202e-22 9.49182e-27 1.07521e-39 1.83072e-25 7.9488e-32 1.49941e-68 2.2383e-50 3.7442e-37 1.59638e-58 5.00007e-55 5.52536e-19 2.04619e-36 4.14243e-36 2.86652e-22
6.11289e-15 1.32264e-53 0.0335232 8.48477e-20 1.69401e-56 4.92752e-21 0.0887952 0.0977778 2.42998e-40 1.8177e-29 6.57728e-19 2.81473e-65 1.5265e-57 4.17521e-47 7.32093e-27 2.88615e-18 3.14388e-48 3.03355e-16 1.73807e-16 2.8248e-47 4.24656e-19 9.88172e-49 8.25373e-38 6.01119e-28 1.50973e-12 0.00425166
2.87195e-32 5.70188e-100 2.40357e-27 2.98042e-28 1.77088e-12 1.62903e-39 3.1545e-24 1.51861e-19 1.15225e-58 8.56294e-21 9.61813e-36 3.5914e-85 1.11401e-45 4.8021e-51 2.03262e-42 0.0235753 1.35735e-17 6.59902e-39 2.87259e-38 5.16415e-23 5.76425e-38 5.7151e-32 2.13886e-57 7.02334e-46 5.7646e-51 3.29268e-20
2.92959e-10 1.0428e-90 3.77951e-36 8.94857e-16 3.06838e-09 1.96653e-74 4.70682e-25 8.11185e-21 4.71193e-70 0.0116589 1.8288e-07 2.26379e-33 1.37111e-36 2.3415e-17 8.57859e-26 2.26995e-15 6.21091e-51 4.02745e-39 4.70036e-34 0.00617076 2.20817e-31 0.0313576 1.08592e-47 5.9092e-05 0.056259 0.0324695
7.03928e-62 3.08089e-114 1.31735e-21 7.25488e-57 3.16389e-49 0.0794927 7.6522e-14 1.73171e-42 1.12123e-69 8.64463e-32 1.23045e-29 2.7668e-50 6.50913e-16 4.62468e-22 4.4138e-09 0.225064 8.69388e-66 2.21253e-32 1.12633e-27 3.44974e-19 8.49288e-47 2.59614e-15 2.26045e-60 3.75309e-09 0.0322139 5.51189e-12
