3.11455e-79 4.89952e-80 0.0315437 3.74339e-183 0.0242138 1.27689e-209 8.53297e-236 9.90251e-153 1.46032e-73 2.10873e-58 1.25331e-22 1.41499e-41 8.91478e-86 1.72292e-98 3.24774e-103 1.04973e-105 1.31358e-156 9.97094e-146 3.09476e-119 8.78137e-180 0.124431 9.07883e-41 2.93606e-224 4.05541e-123 3.13658e-63 0.407785 0.175351 7.20265e-65
1.0241e-150 9.24176e-13 0.0710407 2.70912e-233 1.96422e-24 6.95392e-50 1.09156e-155 5.30651e-205 6.82e-108 4.04221e-148 1.96604e-119 6.28397e-47 2.17464e-143 6.68801e-77 4.81991e-79 6.77901e-73 1.48702e-94 1.05748e-83 2.1782e-67 1.11871e-197 3.55443e-22 1.31835e-62 4.00393e-169 3.25987e-13 9.10155e-19 1.28689e-76 1.81544e-64 5.13633e-102
1.72208e-172 3.86087e-69 1.76326e-155 2.69601e-200 4.74174e-69 9.72849e-93 4.85365e-254 5.78718e-129 1.00378e-47 5.10305e-93 6.70237e-152 6.37195e-87 8.98088e-121 4.42038e-14 0.030365 4.296e-156 1.77548e-42 1.19639e-164 3.46398e-67 2.07638e-274 2.33146e-41 8.70649e-48 6.24084e-154 7.85972e-13 1.1566e-59 2.38688e-43 1.83095e-80 5.58746e-44
0.257616 3.86837e-92 9.58474e-143 1.4053e-205 1.62993e-83 4.33408e-98 0.411677 0.584925 1.21764e-112 1.36625e-113 2.73338e-88 8.01558e-37 1.49562e-57 9.63897e-84 3.16916e-88 9.57056e-147 0.225229 0.330442 0.153642 0.254707 1.33438e-42 4.53486e-73 0.253157 5.12e-102 0.141101 0.0891779 9.85134e-35 8.87869e-110
5.05833e-169 2.99834e-168 7.68427e-35 7.27735e-92 4.13165e-53 6.0197e-220 7.16983e-211 2.37714e-220 0.0822584 5.27944e-70 1.00515e-144 1.68087e-58 1.50688e-132 6.008e-94 3.96851e-106 8.44391e-65 6.28279e-68 2.59288e-139 2.37429e-135 5.34354e-243 4.55636e-44 1.20335e-19 9.01972e-231 7.23346e-175 5.77359e-76 7.47911e-48 9.89137e-86 6.33445e-78
4.66781e-93 1.7731e-131 1.76973e-153 1.84374e-122 1.46429e-35 7.26135e-101 9.44039e-130 1.51529e-124 6.69727e-76 3.69639e-49 3.07206e-21 2.62902e-125 5.87181e-62 1.78831e-83 1.00598e-70 6.25004e-137 1.47313e-158 5.97365e-73 1.7032e-98 7.39985e-214 6.34655e-161 0.484944 1.47557e-223 3.31213e-104 3.24906e-88 3.19903e-107 2.15652e-94 0.0408456
4.77496e-123 2.7052e-107 1.26576e-107 6.24516e-164 4.76232e-121 0.446426 1.81232e-177 5.94592e-147 9.04137e-56 8.7346e-125 9.62753e-54 8.01117e-86 0.0889043 0.300514 1.66645e-20 4.84519e-71 2.93092e-44 8.00882e-201 1.84818e-110 1.80998e-282 2.85324e-94 1.96195e-13 4.47342e-183 1.25442e-27 1.64205e-109 3.7047e-86 1.20239e-107 6.32616e-21
4.96907e-118 2.65805e-17 1.67683e-52 1.06593e-230 1.42839e-67 3.96231e-227 9.42623e-200 3.41611e-170 5.18316e-09 4.79048e-112 5.18147e-160 2.06633e-134 2.06758e-59 1.52527e-98 4.6564e-78 1.61527e-49 4.79577e-109 1.06046e-60 7.51711e-51 1.22007e-297 0.000193703 1.91532e-14 2.38668e-203 8.39161e-159 6.08778e-09 5.45482e-13 3.30062e-78 0.00992292
8.80393e-116 1.15811e-92 1.8097e-110 9.04349e-86 3.79499e-155 3.03237e-111 1.31837e-158 4.79555e-98 0.0420598 2.71064e-145 6.00555e-125 1.30203e-141 1.07702e-61 3.64331e-54 1.75473e-127 3.35755e-182 6.90903e-126 3.87313e-206 1.99428e-102 3.75423e-201 2.67734e-53 7.6964e-43 2.46703e-142 2.54228e-156 3.77914e-15 1.88909e-08 1.08503e-214 4.8562e-86
5.28553e-208 6.67961e-153 0.0253385 1.40756e-152 1.57768e-73 2.31169e-70 4.04813e-149 2.05048e-167 2.36419e-117 1.2024e-45 4.99698e-52 6.43087e-77 3.56475e-61 0.277964 1.21142e-114 1.46676e-132 8.24408e-60 9.64155e-167 3.15843e-130 5.24862e-270 6.49896e-184 9.79264e-79 9.98624e-186 6.00016e-124 7.96997e-53 8.71992e-42 3.33959e-181 4.37047e-24
6.53899e-125 1.09633e-52 2.76157e-157 6.79273e-226 1.06365e-157 8.86413e-134 2.60504e-243 6.17306e-201 8.46058e-08 6.77866e-73 0.377328 1.09687e-64 1.0576e-119 1.26253e-50 1.00259e-74 4.35478e-186 1.28776e-162 6.48217e-156 1.33736e-72 1.28209e-161 1.32802e-110 1.11258e-19 1.79801e-239 5.48339e-97 5.89731e-149 4.22058e-84 6.81093e-73 1.44553e-112
9.49573e-177 2.20564e-39 1.09512e-83 4.70092e-165 0.158646 1.8746e-205 1.9783e-223 3.19405e-192 1.11705e-81 1.31956e-138 0.14275 1.40076e-44 1.01495e-93 2.38636e-35 0.0497478 2.31003e-63 2.21925e-47 2.67658e-188 2.82784e-76 7.5098e-322 4.26257e-149 1.62114e-55 1.28516e-78 1.11597e-54 1.81944e-22 6.14206e-50 3.1393e-111 6.63782e-91
1.304e-173 0.363615 1.40864e-133 0.448576 4.40289e-29 6.63045e-208 3.22493e-129 2.56854e-193 0.000369161 0.959314 6.78231e-116 0.23444 3.74595e-106 2.10047e-122 0.000228121 0.697452 2.99462e-45 6.82253e-25 8.86996e-173 2.20389e-74 1.5743e-117 2.45765e-75 7.03724e-117 0.30578 1.35471e-113 1.0552e-68 9.46978e-14 0.503462
