7.31802e-33 1.70168e-45 6.79589e-15 8.1175e-21 5.52264e-34 5.96142e-26 6.80798e-18 0.0968523 0.0477073 1.1179e-67 8.92243e-28 1.28863e-91 1.65525e-32 2.40076e-29 1.1071e-33 3.52574e-50 1.36019e-49 2.99879e-94 3.97358e-40 2.08437e-42 0.0414936 6.44958e-18 6.85343e-67 6.92979e-55 9.13233e-80 4.43184e-29 1.90577e-71 1.89732e-61
1.26452e-106 1.34763e-86 7.08209e-41 3.38495e-57 6.05396e-57 4.20361e-13 3.62446e-60 5.78314e-25 1.57102e-50 1.18749e-58 4.20326e-56 5.19821e-58 1.91418e-66 1.01179e-21 1.07259e-110 0.034136 6.12531e-16 1.00056e-72 3.67647e-32 2.93236e-75 3.34564e-63 1.60773e-79 2.80299e-52 2.10561e-69 3.46899e-84 6.17047e-31 6.50682e-69 4.40859e-49
1.93426e-115 4.47989e-64 5.51785e-47 0.0682768 1.36373e-25 8.87977e-59 0.220602 9.4013e-10 2.0231e-52 0.308302 6.8813e-05 0.308706 0.0550241 1.73674e-54 0.294108 2.47769e-33 4.38036e-34 4.33454e-63 0.00194833 5.086e-55 1.22852e-51 2.40074e-94 0.137904 5.9438e-56 0.0924493 7.17737e-76 0.293709 6.78492e-41
5.61434e-95 1.42343e-100 7.80238e-46 1.73029e-65 6.5648e-90 1.62634e-16 8.30799e-71 0.239867 9.14804e-69 8.08176e-37 5.21866e-60 8.30153e-62 4.15716e-45 4.58851e-37 3.52753e-111 4.25715e-25 4.87838e-87 4.6178e-34 1.23371e-49 2.16949e-43 1.71612e-20 7.39441e-79 3.91679e-87 3.48057e-48 8.92734e-85 2.27342e-50 6.58826e-72 1.40797e-54
3.7999e-113 3.47535e-96 1.12597e-33 7.28925e-83 5.92567e-61 2.62031e-40 2.1945e-71 0.103137 8.51947e-51 1.72996e-50 1.09852e-58 5.60072e-58 2.49193e-63 2.31407e-32 5.67816e-71 6.94498e-46 6.43889e-55 2.42433e-83 1.41645e-38 1.33658e-64 6.82657e-46 8.32786e-85 6.49077e-98 7.96931e-49 2.31239e-111 2.44405e-75 7.777e-116 1.31618e-45
2.52918e-65 1.83864e-49 1.75852e-12 7.63159e-44 6.18037e-24 0.0600772 4.48246e-87 2.65535e-28 7.76288e-63 6.96407e-40 2.26486e-19 1.5717e-89 0.064959 4.40767e-32 1.81758e-77 7.78142e-54 0.199699 1.77787e-21 1.18427e-40 1.65645e-41 0.0560574 4.03736e-115 2.49849e-29 3.5108e-71 9.92949e-43 0.0764341 3.70465e-81 0.0132106
4.39755e-61 8.41069e-53 7.54195e-43 1.12564e-86 1.56159e-50 1.10098e-59 5.6667e-88 0.807737 1.14222e-44 6.3707e-48 5.44751e-56 4.27361e-97 3.39698e-55 3.01096e-34 6.53601e-86 4.52231e-05 4.31907e-72 3.39145e-51 1.14568e-41 3.96748e-54 2.43522e-40 1.10452e-77 2.21546e-54 6.19539e-46 5.01539e-94 2.24168e-30 2.83178e-75 4.53796e-63
5.96749e-80 1.99329e-88 5.77704e-23 4.61513e-89 1.71866e-61 1.42126e-30 1.03867e-48 9.2022e-19 3.38169e-20 2.11054e-47 1.20236e-52 5.63162e-81 1.39268e-39 3.88114e-45 3.55384e-105 0.0679998 1.65029e-43 9.46543e-53 1.56459e-37 1.75646e-98 6.59983e-45 1.84681e-100 1.62744e-85 4.73291e-52 1.00009e-90 3.94305e-35 1.3314e-117 1.57395e-62
0.640422 0.146868 7.487e-38 2.62026e-34 9.30402e-39 2.63996e-49 2.49922e-26 7.55447e-26 7.29367e-29 3.64428e-47 0.109833 1.95606e-36 1.20582e-51 7.42373e-30 2.33615e-09 2.78188e-52 3.46769e-23 0.0200571 1.66417 1.20199 1.79187e-51 0.309851 6.95278e-103 0.0679256 3.34512e-40 3.06677e-13 6.63649e-41 2.12242e-21
1.88706e-74 2.60764e-70 1.8182e-17 1.67263e-72 2.76735e-76 1.80487e-46 1.43103e-56 0.0475624 8.763e-75 8.35957e-55 5.54539e-95 7.00739e-46 3.29593e-60 6.48656e-45 3.18166e-72 4.54653e-05 1.22211e-78 4.7192e-90 2.08169e-64 3.76551e-56 1.49049e-29 1.63088e-126 1.96518e-35 1.43591e-48 3.57813e-79 2.42647e-45 2.07896e-77 2.01369e-21
8.94069e-69 5.12512e-67 0.039129 3.00726e-81 6.10879e-63 0.00037557 1.0488e-62 2.22128e-27 0.0296516 4.76446e-16 1.78709e-101 1.48867e-18 2.66897e-62 0.00315882 2.89631e-51 7.99045e-46 3.31851e-40 2.20159e-22 2.38179e-23 1.87218e-74 2.47902e-10 2.24351e-75 1.35616e-53 2.01345e-58 1.54196e-36 1.911e-07 1.99621e-116 4.2387e-63
3.60365e-110 6.39878e-60 1.18515e-45 2.62101e-75 1.07943e-78 1.19887e-49 2.50555e-56 0.80412 8.08899e-36 3.83979e-56 1.14868e-98 6.15743e-77 2.79487e-62 1.3386e-61 1.95721e-83 2.48386e-36 2.86764e-44 1.98459e-84 5.73044e-57 2.02904e-84 9.43994e-50 4.37915e-101 1.23664e-108 1.45069e-57 3.30554e-118 9.46691e-54 4.97067e-102 5.78554e-61
4.8438e-25 7.82385e-105 1.49392e-49 1.13615e-33 0.116314 4.70621e-13 5.14325e-84 0.00197827 1.49985e-06 3.17261e-56 9.03377e-59 7.01345e-32 5.17596e-12 0.0103428 8.19706e-47 0.0928159 3.63767e-16 0.000428625 2.96291e-46 0.66741 9.5212e-29 1.76227e-61 1.81288e-14 5.42763e-61 6.33523e-102 3.33397e-62 9.13295e-93 3.17656e-52
