2.27685e-31 0.147707 1.32883e-21 3.41299e-38 7.76701e-64 0.0105272 4.42755e-73 4.55211e-29 2.9898e-60 7.51053e-62 3.65743e-105 0.0443119 7.35954e-26 8.61348e-26 0.0958945 1.93769e-67 0.249735 5.28586e-45 1.69842e-31 6.33238e-18 2.36122e-15 3.32258e-56 2.04286e-07 2.40414e-24 3.55422e-14 3.8138e-09 2.97925e-55 2.12178e-52
2.29805e-30 4.05137e-47 5.51758e-50 6.20008e-86 0.000813985 2.7172e-33 1.77222e-33 3.96955e-56 3.12868e-25 7.95016e-69 3.37243e-38 7.50528e-20 8.15176e-90 3.4938e-75 4.22627e-68 3.23236e-66 0.0335829 2.41349e-73 2.68174e-15 3.54579e-63 2.57119e-50 3.85529e-80 0.0599835 4.4097e-69 3.6912e-82 7.03308e-34 0.150057 2.69267e-71
0.0801494 7.48239e-45 5.50062e-09 5.15109e-77 0.030987 7.21317e-12 2.34995e-80 3.57843e-41 0.0624845 9.79936e-83 3.62611e-99 9.14385e-41 4.77945e-19 2.1184e-71 2.12216e-59 2.05278e-33 8.3756e-59 1.41442e-45 1.5093e-68 6.24874e-55 1.78188e-69 1.82878e-62 6.11734e-48 4.94851e-27 3.22395e-12 0.0123838 4.47188e-62 3.55392e-73
8.79927e-43 1.82608e-28 8.56062e-41 1.12629e-69 0.0115071 7.66234e-28 2.96646e-44 6.0897e-54 2.99551e-28 8.52788e-90 1.91377e-50 4.72298e-77 2.12612e-61 1.2373e-05 2.08601e-60 4.32265e-24 1.34421e-50 2.57833e-86 8.74588e-22 6.36183e-62 3.23896e-103 1.00166e-90 2.90492e-31 2.04248e-52 2.32528e-50 6.51571e-24 6.17843e-25 7.66193e-36
1.42936e-53 1.32318e-10 1.7715e-17 1.00061e-25 6.10406e-76 3.03738e-73 2.17214e-31 1.04788e-28 8.59657e-80 1.18461e-84 1.04903e-111 1.38498e-46 0.0646893 7.59825e-58 5.55079e-72 5.725e-22 0.0409024 6.19732e-63 1.51756e-49 2.22031e-49 9.73333e-97 5.18846e-30 1.18589e-33 7.61777e-70 2.14093e-73 3.63962e-26 1.802e-66 0.0492119
3.0053e-13 9.95802e-26 1.06063e-18 0.0315564 7.17592e-51 1.38915e-50 4.74587e-86 0.148065 1.46567e-61 0.129643 0.108757 5.49875e-58 1.34314e-47 0.289875 2.14557e-30 2.80434e-51 7.60155e-85 2.78238e-30 4.06814e-49 6.88119e-29 0.105508 0.0558196 4.59837e-40 8.55205e-68 0.122168 7.7716e-10 4.55072e-72 1.38803e-49
4.58117e-10 4.38647e-61 7.17303e-26 9.95182e-79 4.07341e-63 3.00794e-75 7.36159e-84 1.84392e-64 3.56457e-41 4.61211e-110 3.80558e-70 5.91083e-51 1.82649e-48 0.108639 6.18034e-34 1.67521e-55 2.53535e-19 6.63527e-57 8.35674e-89 2.62604e-39 9.42973e-104 1.57323e-73 3.32504e-74 2.36809e-54 2.41771e-75 2.17178e-71 1.53677 7.83099e-18
8.72673e-43 1.13446e-06 3.9136e-48 7.70895e-81 1.37949e-47 7.67769e-86 6.03681e-75 9.76409e-82 1.21618e-77 4.85017e-45 1.5765e-66 1.12807e-37 2.2257e-39 4.91219e-73 2.81732e-32 2.81671e-33 1.02516e-76 1.51944e-37 7.47425e-86 8.77728e-70 8.46527e-48 8.76691e-62 6.95749e-65 4.86813e-35 2.16033e-09 2.72117e-63 0.144325 8.90538e-72
2.29779e-43 1.58684e-21 4.78242e-37 4.46973e-43 1.94993e-72 1.5487e-41 3.3652e-55 6.28778e-63 3.99441e-80 9.79844e-122 1.69505e-68 5.13522e-78 6.89772e-26 0.0527431 3.71187e-91 1.0392e-55 5.52059e-75 1.90657e-89 1.0654e-59 9.13467e-37 3.13521e-94 1.37458e-82 9.68408e-78 5.18215e-37 1.51111e-45 1.4102e-32 3.11554e-11 1.13385e-32
2.11224e-40 3.59667e-58 0.0451477 2.9203e-79 8.00603e-70 1.9809e-53 0.579683 4.50177e-57 2.29366e-48 7.06872e-120 4.48113e-26 5.06044e-49 2.60451e-81 8.73165e-62 1.41421e-57 0.149979 0.142499 0.0402734 0.36779 0.0178729 1.00406e-56 1.22915e-57 3.36669e-52 2.25028e-16 1.95701e-35 3.89881e-59 3.36241e-81 2.34148e-21
1.80904e-06 1.04134e-10 9.28833e-50 6.63897e-65 1.25384e-38 1.54792e-57 5.55751e-15 3.20153e-53 3.10573e-77 1.05335e-26 6.69444e-108 1.49261e-56 1.02863e-68 3.30287e-76 3.39953e-83 7.56783e-67 1.85696e-68 2.95393e-87 1.24827e-13 2.6125e-48 1.18293e-65 1.56145e-86 1.23718e-72 0.221085 5.79385e-78 0.0888582 3.00801e-52 6.27913e-35
4.14908e-14 1.42233e-46 1.03011e-19 1.01538e-77 2.08943e-59 6.70144e-36 5.47466e-92 1.82598e-88 5.12555e-81 1.86977e-45 5.59023e-62 1.35016e-62 0.0121114 2.59231e-45 1.75333e-83 6.11221e-68 9.48107e-76 3.78636e-69 1.19526e-18 9.17516e-70 5.16791e-119 2.49238e-38 1.9415e-30 5.90494e-42 1.87473e-05 4.6179e-11 0.703812 9.20438e-94
1.44228e-11 2.16518e-41 1.85154e-47 3.37498e-75 4.42972e-78 9.22879e-82 3.676e-61 6.64306e-72 2.11989e-38 4.61941e-89 1.66955e-92 8.03302e-66 1.32863e-71 1.01552e-19 7.12956e-88 6.37461e-32 1.98065e-32 4.31106e-62 2.1149e-37 4.57385e-70 4.3929e-111 2.72154e-59 3.37245e-39 3.38667e-23 2.42446e-30 1.50937e-57 1.75662 1.06716e-32
