4.21735e-66 3.12105e-51 2.24966e-102 1.18927e-127 8.49817e-150 2.47295e-80 6.29324e-86 2.09537e-91 0.150527 5.3421e-95 3.50359e-92 2.88103e-106 1.90893e-64 1.71901e-95 1.33889e-137 2.22027e-102 2.24991e-183 2.22737e-55
0.615345 2.46915e-41 7.08765e-49 1.21533e-95 1.04057e-132 2.13987e-35 7.7104e-98 2.60034e-21 3.8311e-34 4.14566e-48 2.05e-60 5.64214e-78 2.71948e-83 2.05591e-91 4.86764e-128 6.94706e-33 3.01883e-208 5.46611e-69
0.0313895 1.69341e-98 9.7681e-116 3.54731e-132 4.39369e-145 1.36066e-118 1.13356e-34 2.41015e-90 3.40417e-46 8.35764e-57 4.37122e-72 3.89358e-130 3.10436e-53 1.43454e-29 4.04966e-98 1.1371e-143 2.27363e-137 8.1364e-47
1.51166e-42 0.281943 0.202745 7.63997e-69 0.0519463 1.18128e-39 4.95911e-05 1.12591 1.99117e-13 0.18771 2.41153e-128 6.3248e-19 1.48978e-27 3.40861e-105 4.15398e-158 0.0670439 1.23317e-137 4.61608e-97
0.0936447 2.03746e-68 0.0542477 3.89439e-71 8.66889e-180 9.15931e-107 4.14988e-59 1.53764e-49 2.76976e-12 1.91141e-49 8.75826e-110 1.7079e-48 1.43205e-95 1.56387e-14 2.64223e-50 1.48811e-61 7.41708e-217 1.64793e-58
5.27028e-16 4.23478e-08 0.00723251 5.77697e-34 2.64632e-64 1.97849e-55 2.65666e-75 1.61382e-31 0.238782 4.0844e-19 0.150252 0.158303 0.0899104 1.12153e-29 0.22642 6.97682e-88 1.69012e-70 4.96286e-67
1.45517e-39 7.45291e-42 1.31701e-58 5.02812e-143 1.57972e-128 2.26665e-33 4.20704e-25 2.60907e-57 1.50252 1.87171e-82 4.02185e-87 9.2636e-53 5.34469e-36 7.20265e-59 1.96154e-120 7.93047e-74 1.83035e-111 1.84445e-99
3.84586e-59 1.44383e-75 5.31458e-116 1.60028e-71 4.42954e-172 1.94809e-41 2.28099e-78 6.65564e-46 0.35917 1.07116e-88 6.29824e-130 1.71829e-132 1.45496e-115 1.32641e-32 6.67051e-94 3.77563e-66 1.42815e-175 4.46544e-39
6.60767e-34 1.29527e-46 2.55562e-106 9.69656e-112 3.65037e-140 6.12195e-99 4.93456e-111 3.14533e-47 0.482068 3.14048e-122 4.77371e-78 4.79844e-136 4.60674e-64 2.99018e-39 5.74723e-162 1.31362e-149 5.85437e-229 6.30327e-50
1.32265e-28 7.56898e-106 1.07095e-81 5.86121e-103 6.01634e-173 5.61353e-11 7.32953e-25 5.05005e-66 0.13099 9.76539e-92 7.64608e-63 6.537e-77 6.89322e-44 1.35646e-96 4.8661e-49 6.58318e-132 1.24081e-202 1.24504e-52
1.21878e-26 1.17396e-61 4.69439e-105 2.95887e-43 1.42308e-160 0.397034 3.06486e-107 1.52806e-09 7.85745e-42 8.66894e-86 6.62416e-131 8.7526e-119 2.81058e-57 0.338827 3.40623e-104 1.00515e-127 1.63581e-121 1.07381e-77
2.62393e-45 4.40133e-33 2.71459e-32 1.22147e-115 1.5089e-87 0.0271423 7.57265e-72 1.77285e-113 0.00183741 1.97522e-81 1.39764e-49 3.93995e-74 3.06274e-58 1.42301e-21 3.62384e-91 3.03062e-146 4.22857e-172 1.15165e-53
8.56338e-05 1.83918e-18 6.35327e-41 8.21709e-65 0.0228086 0.0313657 7.95396e-31 2.5385e-73 3.85473e-50 6.91133e-101 7.35573e-80 4.76396e-23 1.831e-20 8.35003e-17 5.45114e-157 3.39196e-31 0.157047 8.32087e-29
1.0838e-48 6.13227e-29 3.94342e-63 9.06183e-131 5.18492e-137 7.11236e-58 1.41389e-89 4.61756e-74 0.497368 4.60351e-37 1.72239e-132 4.27707e-119 6.63109e-61 2.37078e-59 1.14856e-58 6.56944e-134 2.45806e-213 2.47815e-106
1.736e-14 3.72247e-68 1.95009e-55 5.48523e-121 5.92701e-138 3.03215e-43 1.13222e-57 1.60135e-52 2.51498 1.66792e-77 1.82781e-78 1.10967e-105 9.66862e-50 2.65188e-96 2.01968e-135 9.90413e-140 1.14856e-133 7.3889e-61
1.07075e-57 9.90744e-65 3.97597e-121 9.40052e-113 1.30146e-154 3.703e-29 7.15794e-71 0.18806 1.70398e-32 7.46547e-92 1.25824e-92 6.95987e-61 5.4788e-65 9.83012e-101 1.27723e-159 4.43977e-88 8.46265e-64 5.55394e-53
0.396718 1.8978e-09 5.50288e-53 2.63969e-104 1.47742e-181 1.6129e-32 2.4195e-30 2.27476e-45 3.65695e-45 6.01528e-63 4.33628e-56 1.609e-122 1.2505e-59 4.41635e-101 3.57805e-32 1.521e-66 5.08502e-158 0.0325042
1.58332e-20 4.75885e-10 6.66414e-20 0.0881779 8.55382e-173 1.38946e-87 0.0944546 1.51484e-50 0.142327 7.62762e-25 4.53023e-36 7.33163e-123 2.26536e-55 1.44195e-63 8.90083e-23 1.89435e-10 1.18599e-173 4.53802e-100
