2.02378e-82 1.34286e-20 7.69817e-30 2.25485e-52 0.204556 3.65219e-108 5.27298e-15 6.49723e-184 1.5247e-62 3.88208e-185 9.00801e-94 1.71436e-177 1.20417e-117 1.17815e-131 8.95686e-181 1.92254e-267 0.0154219 4.47257e-154
1.65692e-120 6.28963e-109 4.47213e-123 7.14e-140 5.10081e-57 8.71956e-104 1.13525e-103 5.70162e-149 3.44852e-103 1.10853e-186 2.58684e-133 6.17284e-237 2.99903e-129 9.7969e-180 1.4403e-268 1.77746e-190 0.675908 3.73973e-170
9.3359e-30 7.5884e-12 7.2331e-114 3.36617e-32 4.29725e-37 1.19096e-131 6.61912e-05 1.16728e-112 0.0599076 3.27993e-179 1.58812e-139 2.50878e-235 1.22718e-77 3.50781e-181 6.37957e-290 2.17022e-141 1.44528e-37 6.80527e-151
6.19425e-76 1.39196e-114 0.0875353 2.51434e-63 0.654336 1.00284e-129 9.52599e-17 1.25779e-151 1.48122e-58 3.83931e-102 3.11866e-142 9.19772e-124 6.14754e-52 3.71684e-59 7.78872e-116 8.81261e-254 7.92852e-32 3.54736e-163
2.83971e-122 3.63258e-28 9.09661e-120 4.16792e-204 2.1943e-100 0.275797 1.50123e-136 1.35224e-102 3.90186e-13 1.24617e-206 9.63913e-89 1.3737e-74 2.45247e-71 6.6305e-153 3.71266e-183 2.98768e-124 1.42846e-05 3.97591e-50
0.645547 1.32951e-60 1.15927e-36 0.0757253 2.70861e-37 0.973155 6.45992e-126 0.70039 2.64908e-65 0.538598 0.617817 1.20159e-248 4.98116e-122 2.98783e-164 0.296865 0.125185 9.54318e-21 1.57782e-67
4.772e-105 1.66331e-108 3.15833e-55 0.710176 2.64546e-50 4.24171e-32 9.48543e-09 1.65676e-37 0.225205 1.09602e-102 2.05217e-70 0.311725 0.0463823 3.1391e-135 1.77822e-151 5.25555e-247 1.90904e-33 0.270777
6.95867e-113 2.08339e-47 2.7669e-91 3.03236e-196 5.17032e-49 2.33031e-134 1.01325e-109 5.183e-184 1.92731e-30 2.53507e-234 1.57063e-135 1.446e-189 3.74102e-118 1.18223e-102 7.8751e-294 3.12023e-233 0.691503 6.27558e-127
3.51751e-118 2.28597e-55 8.62274e-35 3.06369e-64 0.0211899 3.49322e-58 2.3744e-140 4.01047e-159 2.80349e-11 1.25552e-136 2.0804e-104 2.25288e-216 4.82966e-86 7.73649e-180 3.45625e-218 1.38438e-232 2.32191e-25 5.08712e-115
9.8348e-115 1.69974 1.05788e-101 5.54618e-170 1.0937 2.1823e-105 9.61704e-63 6.59885e-55 3.22925e-60 5.48144e-100 1.66536e-135 1.36057e-43 1.29026e-134 0.170915 1.43011e-162 1.69618e-144 8.94233e-40 1.90261e-112
1.63367e-126 7.13155e-83 8.33754e-86 2.71695e-183 4.31106e-41 4.73387e-135 2.24329e-47 7.06763e-140 2.40519e-81 2.86938e-245 8.32484e-114 8.54713e-145 0.0354273 7.4241e-75 1.39492e-194 3.66328e-256 0.0240163 1.86209e-160
5.31721e-60 1.76997e-99 1.58793e-34 6.77216e-81 8.92354e-19 6.49184e-25 1.78769e-15 3.59554e-91 3.72545e-95 9.78046e-150 8.56537e-136 4.4593e-229 3.96707e-68 3.72484e-179 9.36222e-251 8.59953e-208 0.104037 7.01818e-140
6.44732e-143 9.84834e-69 1.22733e-76 1.09625e-179 3.79479e-55 4.95725e-92 3.06634e-131 2.50669e-156 4.89836e-54 1.54606e-176 3.86544e-136 1.51952e-243 2.03304e-77 1.896e-112 1.54293e-263 3.34857e-228 1.21184 7.92098e-141
9.80962e-115 1.73187e-105 1.81565e-136 5.00657e-111 7.56595e-23 1.35726e-62 3.7675e-100 2.96294e-119 9.20137e-62 3.29728e-217 7.83275e-103 6.72011e-104 0.0343212 4.17038e-121 1.38007e-319 2.34273e-211 3.17313e-22 1.01245e-79
3.33029e-76 1.26427e-111 1.58527e-85 1.51396e-185 1.01924e-120 6.9514e-139 3.85925e-104 7.82121e-134 9.05484e-43 1.67949e-234 4.17595e-110 1.90997e-120 9.52112e-96 3.7987e-177 1.45997e-290 5.79135e-156 0.33667 6.72951e-130
4.92559e-42 5.10141e-127 9.29826e-12 4.94012e-82 1.36812e-74 1.70557e-115 0.220712 7.31986e-144 1.49181e-68 3.53132e-231 4.56607e-156 1.12838e-118 6.88596e-80 5.40334e-11 2.20364e-217 1.72159e-189 0.000494852 8.00624e-162
1.173e-143 9.38314e-89 7.61194e-136 8.45763e-157 4.07536e-55 1.44109e-107 2.30724e-86 2.30953e-136 4.04266e-22 3.49116e-239 3.04538e-71 4.3229e-150 1.78386e-35 7.8588e-166 1.45009e-187 7.2025e-140 0.590743 6.87285e-87
5.11233e-137 5.40607e-98 2.80918e-97 6.84353e-208 1.19539e-108 1.16001e-78 9.19258e-162 1.57339e-179 2.47502e-59 5.78343e-213 2.48685e-111 9.67534e-225 1.36168e-53 7.21994e-176 7.31127e-301 5.58039e-264 0.348095 1.24858e-141
