6.17135 0.059871
2.00698e-53 0.0329819 3.60444e-59 3.45105e-10 0.15507 2.30358e-67 0.054857 1.94251e-30 1.11951e-10 0.0274225 1.28153e-13 0.0434105 4.29252e-41 9.02429e-24 2.38503e-16 5.69376e-09 1.81696e-12 2.08027e-44
0.0320522 3.68557e-91 3.72449e-05 7.23945e-49 7.61119e-69 2.33449e-32 1.87451e-85 1.73783e-38 1.74495e-47 2.49313e-36 0.0009085 3.77123e-83 4.87647e-10 1.83741e-25 1.21895e-63 0.0560225 0.00609114 7.04903e-39
2.36842e-23 9.6737e-93 6.55624e-60 8.42048e-53 4.34734e-82 2.64753e-33 5.13715e-99 7.77688e-08 6.19942e-24 7.9568e-12 0.742384 6.23748e-77 1.14026e-23 5.8151e-47 1.41932e-34 2.26613e-20 1.07164e-25 0.0731287
4.94019e-48 6.37283e-77 1.17685e-72 3.2883e-18 1.88326e-70 3.33613e-32 1.79057e-98 0.0947545 6.12553e-44 5.35094e-42 0.0444534 4.59246e-88 5.74047e-21 5.61734e-44 1.48225e-36 1.17964e-20 1.07364e-43 4.31505e-12
1.17884e-38 4.67573e-57 7.64877e-53 1.15242e-34 1.59451e-57 1.45354e-52 2.74837e-95 4.83666e-21 2.35742e-35 6.38875e-35 0.270051 7.95432e-58 1.8254e-34 2.32649e-35 7.35274e-59 9.71813e-34 3.8988e-42 2.09014e-47
1.85706e-50 2.37449e-47 7.15671e-50 1.07898e-27 2.07655e-96 3.98982e-39 2.75647e-85 2.7234e-12 8.80967e-43 6.94803e-28 0.392439 7.27983e-83 1.71251e-54 7.57159e-53 2.49103e-55 8.39569e-17 3.06602e-38 2.22108e-50
1.83892e-21 1.44945e-87 1.54347e-57 5.701e-22 1.69332e-62 1.09947e-54 1.95832e-95 6.49114e-36 1.07748e-40 2.22913e-51 0.260676 2.83116e-45 2.56093e-23 2.30365e-45 2.67142e-49 4.25556e-44 1.80311e-11 6.32245e-14
7.12831e-48 4.49844e-73 5.40873e-34 1.98776e-40 1.77834e-17 2.46801e-17 7.79255e-68 4.04127e-30 7.06032e-62 2.18142e-40 0.45199 1.23514e-77 1.37479e-13 2.13275e-46 1.05521e-24 2.89393e-44 0.0117693 1.81364e-32
2.15661e-36 1.18978e-89 2.02336e-57 3.75915e-53 9.99202e-75 2.28133e-36 5.18369e-86 2.15223e-28 9.97205e-43 1.56572e-50 0.414631 6.26478e-83 1.69892e-47 5.43703e-30 6.69213e-44 2.12475e-20 5.10643e-27 3.93502e-33
0.000244699 1.57427e-31 3.12553e-68 6.14317e-06 1.15016e-33 0.0636955 1.85058e-83 1.88045e-28 3.73139e-19 1.0813e-23 2.70213e-07 5.79382e-52 0.0869779 0.0428272 5.49297e-33 9.48655e-13 2.94235e-22 2.8266e-07
4.79274e-30 8.06741e-30 0.0662355 0.148434 3.77721e-43 4.88539e-53 3.04585e-13 1.78294e-38 0.225931 0.130654 2.72899 1.55499e-81 1.98147e-43 4.6743e-28 0.3342 1.70096e-12 2.35799e-25 8.50148e-19
