2.43974 0.0678639
4.0874e-28 2.64311e-45 0.0151809 3.04521e-59 8.56451e-62 1.06413e-67 0.0351367 1.19825e-20 6.29314e-58 0.0282479 1.07293e-17 2.0795e-06 0.203616 2.7372e-58 3.16029e-26 5.17417e-20 6.87422e-46 2.17249e-26
1.70455e-52 3.75765e-33 1.58498e-24 2.34142e-62 1.68623e-16 2.4551e-80 2.22223e-13 0.0373122 7.27185e-42 2.00716e-42 0.0191019 0.27146 8.04831e-41 0.0133585 2.33103e-12 1.89582e-53 2.46221e-06 1.10901e-32
0.0241095 1.52705e-71 4.62312e-40 6.24309e-43 1.58207e-45 1.20222e-69 7.76789e-18 9.7037e-52 1.51467e-17 1.94286e-69 7.8837e-53 4.49716e-27 2.21181e-19 0.0182561 7.50101e-39 5.47142e-34 3.91418e-20 1.43968e-39
2.80265e-22 6.99439e-68 0.000895781 0.0667942 4.96281e-24 6.90088e-63 1.70756e-26 1.35175e-18 0.0120753 1.79096e-11 2.35421e-24 4.97167e-52 2.23145e-53 1.3584e-53 1.40628e-34 0.058652 1.39655e-21 5.59946e-69
2.86655e-44 0.0762138 0.00657685 8.9829e-27 0.0488757 0.0931806 9.51445e-31 1.96975e-28 1.8953e-33 1.79464e-21 5.24046e-10 5.66998e-57 8.96471e-57 7.65948e-52 0.173184 3.05592e-34 1.01644e-43 2.36119e-06
2.52976e-50 3.03646e-35 1.39317e-08 4.59933e-38 4.68904e-29 5.61179e-51 1.61101e-25 8.68386e-57 1.30568e-43 1.38736e-62 6.67518e-19 1.09476e-28 2.25843e-09 1.86983e-33 1.32057e-55 2.63423e-48 1.30672e-13 0.00967835
1.64108e-18 3.0941e-38 2.60461e-39 2.31485e-50 4.01799e-07 9.49092e-54 0.797736 1.26775e-31 0.0215213 1.86516e-36 2.06612e-58 0.00298293 7.01172e-22 1.5475e-22 4.07569e-53 1.001e-44 0.00572256 5.78387e-74
5.49353e-06 2.69882e-53 7.70863e-25 9.39194e-42 5.28037e-46 3.75135e-81 0.10371 1.79645e-42 8.96792e-46 9.42389e-37 6.7535e-19 1.49807e-62 9.69528e-41 1.19692e-15 2.29036e-35 1.46198e-18 2.22737e-08 8.09852e-73
0.0109749 5.51065e-35 6.6422e-34 7.82082e-28 1.16685e-10 3.42965e-15 0.000132624 0.377576 1.07064e-12 1.86722e-43 3.0407e-39 2.10075e-65 0.00153353 4.96421e-55 2.62098e-46 3.83966e-09 1.23754e-16 1.33476e-56
4.39779e-37 5.46298e-53 1.38274e-27 1.30094e-52 5.53925e-58 2.68774e-30 0.193548 2.15405e-35 5.02984e-56 1.16137e-38 3.50276e-55 2.13759e-19 1.40779e-64 1.22361e-58 2.76591e-46 1.07937e-21 6.64084e-44 2.35996e-40
3.53419e-32 5.12399e-57 1.36866e-20 2.02479e-14 1.00398e-16 4.40283e-79 7.79509e-39 6.94054e-49 2.19801e-64 2.65814e-55 3.1876e-24 0.134259 0.100468 8.78628e-42 4.88685e-14 1.56653e-11 3.78507e-37 0.0190257
