2.82461e-53 7.1457e-62 1.61184e-189 7.89814e-92 0.578131 6.25133e-81 1.6692e-66 3.87019e-191 9.03605e-92 6.91078e-87 3.83245e-192 2.579e-128 1.42127e-106 0.544736 2.37831e-52 2.14087e-189 1.45277e-196 5.78981e-109
6.91767e-47 1.16437e-82 1.04236e-158 0.212126 6.42393e-25 8.48596e-81 0.339289 0.406991 6.44618e-16 4.51805e-92 1.60975e-174 8.08589e-132 3.60415e-118 4.87967e-35 5.27892e-67 1.14313e-20 4.73749e-38 8.92236e-40
1.36677e-126 3.09322e-109 2.76634e-105 1.12848e-79 1.33037e-41 3.40158e-26 3.41484e-99 1.25116e-130 0.0155702 0.92345 8.56292e-131 2.58798e-71 2.71922e-96 4.72243e-122 0.364514 3.16482e-76 6.87653e-142 1.34304e-22
9.01417e-87 1.54152e-37 1.11401e-50 6.43435e-74 1.02868e-82 5.20509e-119 3.44201e-143 5.75019e-33 9.48725e-43 1.6241e-127 5.86529e-196 1.09659e-75 1.49522e-81 0.0525667 8.97991e-48 1.07356e-102 1.70889e-119 3.27445e-129
1.26212e-55 0.912245 2.32963 3.32453e-94 2.06949e-71 0.143417 5.11655e-85 0.155971 2.92167e-18 8.79584e-61 0.120672 0.0460661 0.00379794 6.28613e-74 1.95487e-84 0.144665 7.27512e-123 0.0742307
5.104e-54 2.53023e-22 2.45863e-37 3.4941e-136 6.32589e-90 1.32305e-64 1.37183e-35 1.23614e-56 1.22602e-93 0.423792 5.63239e-95 1.57271e-59 0.20715 1.23387e-137 5.22549e-124 2.03605e-157 3.18451e-31 2.22943e-07
0.214229 4.37699e-77 0.0473271 1.43124e-107 0.0988115 1.08836e-102 1.22183e-17 4.16567e-59 9.33008e-47 8.43448e-66 9.11881e-150 8.67239e-150 9.20268e-106 8.96495e-67 1.71753e-73 5.16708e-181 1.62159e-124 2.78704e-77
1.11983e-114 1.52293e-87 1.86506e-122 1.10535e-127 1.66814e-85 2.12635e-90 2.67364e-109 1.17788e-164 2.74116e-65 2.23401e-101 6.27221e-182 4.7259e-158 2.98987e-79 2.10084e-73 3.70115e-115 1.81172e-177 8.55951e-218 1.6597e-92
3.18276e-76 3.21378e-92 1.90457e-161 9.40144e-142 0.368708 5.27026e-98 9.00301e-100 7.83196e-115 2.92021e-86 1.14537e-100 4.05177e-99 3.57936e-93 3.05823e-57 2.04471e-79 1.11973e-110 1.89146e-133 2.94411e-171 2.49571e-64
6.89961e-32 4.0174e-08 8.43113e-90 5.1842e-32 6.29127e-49 4.72582e-63 3.3889e-67 5.13809e-95 1.48529e-47 1.35277e-66 3.64543e-80 0.0670979 1.08213e-135 0.0012083 6.25636e-96 2.23306e-194 0.0916033 7.2445e-42
1.97445e-107 4.82148e-50 1.8425e-139 6.09549e-99 2.66379e-32 1.99507e-116 9.77539e-130 1.69047e-124 0.207638 8.68197e-99 1.43567e-38 1.90917e-147 2.54912e-19 9.72734e-96 4.89841e-105 5.0333e-199 8.66e-211 3.41595e-59
