0.0692844 1.71059e-12 9.87561e-26 1.02858e-59 4.10074e-322 3.60668e-322 1.31027e-128 1.09683e-321 4.74303e-322 3.21143e-322 5.93867e-321 1.64876e-204 2.91499e-322
5.13101e-62 1.06673e-107 1.41701e-302 3.33367e-217 1.52172e-321 6.73619e-268 0.839666 5.13334e-321 1.20583e-210 2.0761e-289 3.3115e-293 9.56721e-117 1.5069e-321
3.6462e-321 9.76311e-65 1.4595e-283 1.85275e-321 1.23333e-266 2.73102e-288 1.31541e-62 9.07105e-321 0.159573 2.40161e-140 8.45536e-276 4.24723e-207 2.86558e-321
4.50797e-246 1.1132e-258 9.34061e-239 1.54643e-321 2.59879e-321 5.75556e-153 1.05695e-144 2.33885e-246 3.10733e-311 4.62202e-238 0.542671 5.17397e-177 1.27963e-321
3.5968e-321 5.01286e-119 5.22137e-287 3.05827e-321 5.55824e-321 2.8804e-321 1.32661e-76 1.4486e-320 0.0532977 7.69001e-131 2.33386e-148 2.87798e-40 2.95945e-321
4.03164e-43 4.36245e-87 1.02336e-183 0.000914112 2.07133e-303 0.766709 3.26582e-156 7.05032e-321 3.31406e-150 2.43574e-321 1.05328e-148 0.734937 3.34482e-321
0.0011778 0.00863569 0.000276377 0.0021879 9.88131e-324 4.94066e-324 2.41263e-172 2.47033e-323 4.94066e-324 4.94066e-324 1.43279e-322 4.22917e-246 4.94066e-324
2.0141e-33 6.09576e-76 5.33372e-193 5.01031e-17 1.38338e-321 2.37981e-283 0.12071 4.03652e-321 1.97132e-321 1.58595e-321 1.07285e-251 1.42497e-44 1.46243e-321
4.10915e-89 9.56008e-218 2.47033e-322 2.5314e-136 7.07735e-210 9.60326e-180 4.9407e-95 0.250372 2.19001e-06 4.00687e-321 4.94955e-320 1.39149e-43 5.48982e-120
2.79857e-77 2.11202e-223 3.72734e-114 9.74591e-299 1.87745e-321 8.81409e-279 0.0303948 4.16497e-321 1.94168e-321 1.72429e-321 2.0647e-320 2.1182e-132 1.01283e-321
8.69596e-132 6.62214e-151 4.5454e-322 1.51248e-119 0.283021 1.35281e-294 9.43715e-129 1.03457e-320 4.22316e-83 0.832686 1.11006e-191 1.04482e-237 3.61162e-321
1.81009e-215 1.86168e-163 1.04827e-115 1.26676e-23 1.00473 7.9354e-126 1.17971e-41 3.38754 6.59147e-206 3.53086e-90 0.819019 8.6323e-54 1.03485
2.46255e-16 1.53489e-29 1.15373e-60 3.18496e-142 1.9318e-321 2.21918e-283 0.619845 6.15606e-321 1.92192e-321 1.31916e-321 3.83364 7.30143e-155 1.92686e-321
1.84964e-155 1.45107e-320 3.90312e-322 5.98597e-288 6.4385e-162 9.24822e-271 1.79291 1.15463e-320 0.680361 3.36459e-321 3.4397e-102 6.79691e-124 3.49798e-321
5.41796e-201 2.22857e-195 3.61277e-209 4.87317e-25 3.50787e-321 2.23812e-321 6.96738e-74 6.41297e-321 1.5986e-314 2.45551e-321 5.4855e-306 1.99769e-14 2.52468e-321
4.44204e-223 4.5461e-305 3.11261e-322 2.71736e-321 2.81123e-321 3.07309e-321 5.72174e-07 1.57702e-97 6.08696e-299 2.41183e-319 4.84444e-54 0.843036 1.74405e-321
