4.81186 0.170315
4.03026e-34 4.0747e-29 2.62007e-80 6.06063e-227 2.60127e-66 6.06999e-132 1.22493e-118 1.93263e-182 8.36193e-141 3.83363e-134 7.16636e-108 2.91537e-41 0.0549077 5.95259e-101 5.1932e-211 1.50632e-59 7.34551e-134 3.89569e-74
1.34901e-154 1.03302e-113 7.17237e-73 2.6082e-127 1.33984e-21 1.49373e-115 5.82435e-66 0.183083 2.45484e-100 4.2979e-137 1.04348e-266 2.70047e-147 1.19355e-98 3.03976e-171 3.2854e-61 2.98743e-118 3.1182e-92 4.54268e-104
3.60605e-62 3.19529e-15 3.37511e-86 1.15823e-203 7.71197e-15 4.4196e-10 2.95726e-111 1.01295e-69 0.448489 0.0984763 1.3467e-152 8.41342e-135 0.000118773 1.42036e-122 6.12877e-109 2.41001e-18 1.91825e-121 2.12017e-53
8.58527e-73 8.94323e-126 6.66796e-56 1.97626e-321 9.1249e-213 6.95141e-270 4.9303e-169 4.45983e-49 5.644e-147 5.28428e-07 0.131602 0.207299 1.62781 0.41175 0.211776 3.26483e-25 3.0213e-80 0.0603095
5.47484e-05 0.0260711 0.00513808 0.011504 0.000196916 0.015169 3.0881e-174 3.67431e-199 1.66557e-149 6.12788e-147 2.01523e-286 2.44516e-158 1.35245e-151 5.60863e-176 2.97413e-319 1.5278e-136 8.62707e-137 1.58655e-129
5.58643e-13 1.0403e-198 1.3352e-147 2.08169e-102 2.46414e-165 5.03452e-172 0.552892 1.00969e-195 8.7361e-122 2.02958e-18 3.72197e-103 7.57334e-109 2.38645e-70 2.94933e-41 5.443e-193 0.573365 5.58442e-47 3.34488e-27
5.57606e-36 1.26898e-120 1.00166e-55 4.35293e-64 6.44435e-28 3.56113e-176 1.00209e-14 2.44055e-158 5.42024e-07 1.03843e-82 1.76827e-205 0.352775 5.91575e-107 3.35192e-84 2.16802e-277 5.34203e-40 2.51009e-14 2.41576e-83
5.44954e-37 2.01899e-77 5.80677e-49 8.51749e-107 2.05675e-51 7.6882e-128 1.66126e-115 1.72097e-146 1.3916e-107 5.72465e-143 6.48468e-241 1.10587e-76 0.0583531 5.46023e-135 4.99038e-254 2.36133e-82 1.69399e-128 6.31658e-112
0.06855 0.229743 9.48147e-10 4.97355e-06 0.000448079 0.000168186 1.29623e-167 4.29373e-195 2.32581e-147 1.6849e-149 1.69931e-277 3.41831e-159 1.09767e-155 8.24273e-173 1.8231e-321 9.38879e-129 7.66322e-137 2.12591e-130
3.78262e-96 2.99465e-90 3.1421e-67 1.91499e-07 1.57001e-10 1.59531e-44 5.63215e-44 4.85979e-178 4.05258e-123 4.64722e-110 2.67812e-157 5.66279e-83 0.138063 7.60383e-98 2.27439e-289 8.3303e-104 1.29135e-133 3.61662e-94
4.72595e-108 1.42585e-144 3.6413e-67 8.53083e-148 5.69609e-50 0.00012216 2.77453e-61 6.08468e-144 2.19692e-31 4.22748e-108 5.49217e-242 0.147421 1.53838e-118 7.06352e-88 1.17346e-169 1.30373e-66 1.73482e-34 1.14813e-24
9.03046e-23 1.87073e-167 2.31101e-110 5.86207e-228 2.38082e-144 3.01733e-57 1.11271e-47 1.21969e-104 6.9082e-66 1.35572e-124 3.18128e-165 2.4817e-77 3.83884e-147 1.19419e-125 2.43757e-256 0.635943 5.15129e-70 0.902646
4.82321e-82 7.56644e-185 6.39437e-69 1.04745e-74 5.76015e-76 1.3845e-228 2.29865e-27 4.55595e-153 7.07402e-75 0.0323468 1.35343e-189 1.57481e-80 9.54094e-34 2.17165e-37 5.91012e-101 1.17005e-81 0.204112 0.463864
