0.0068251 5.18102e-09 5.12922e-11 5.91433e-13 0.227956 0.0104316 4.44659e-323 4.44659e-322 5.43472e-323 3.95253e-323 3.95253e-323 2.47033e-323 1.03754e-322 5.92879e-323 3.95253e-323 1.23516e-322 2.47033e-323 2.39174e-272
8.63962e-21 1.08036e-196 3.39259e-139 5.73844e-181 1.17021e-237 2.48758e-81 0.136509 2.45205e-320 2.76232e-275 2.26776e-321 1.76381e-321 3.5753e-259 6.33886e-321 3.20649e-321 0.153099 5.50389e-321 1.33892e-321 0.0022089
4.47921e-145 1.3471e-204 7.47019e-28 5.10946e-227 8.9644e-167 4.17397e-160 2.63591e-296 3.48366e-320 2.3814e-321 2.25788e-321 2.57902e-321 2.17107e-125 6.56613e-321 2.95945e-321 7.51076e-193 5.80033e-321 5.49977e-269 0.176097
1.49702e-321 1.25424e-286 8.05327e-321 7.08885e-320 1.19726e-20 1.73231e-224 9.63436e-36 7.24448e-320 1.36921 8.71258e-256 0.750907 0.57243 4.40872e-24 6.3438e-321 4.0711e-321 3.87837 0.669145 2.09143e-98
5.74096e-118 6.77941e-239 3.47771e-139 4.84513e-288 1.46153e-315 4.32896e-79 2.02073e-321 2.62264e-291 2.13436e-321 1.62335e-138 3.10767e-321 3.10232e-315 4.51082e-321 2.8804e-321 1.9812e-321 6.68965e-321 1.42291e-321 0.181432
5.7567e-68 3.7626e-64 4.54559e-09 5.23068e-94 7.29222e-10 3.41068e-76 5.9744e-309 3.66103e-321 4.00193e-322 3.7549e-322 3.35965e-322 1.92686e-322 9.14021e-322 4.34778e-322 3.21143e-322 9.93072e-322 1.82804e-322 1.32295e-249
5.23764e-16 3.71537e-26 9.09306e-17 2.91033e-18 0.390753 4.99176e-17 1.08694e-322 1.22034e-321 1.33398e-322 1.13635e-322 1.13635e-322 6.42285e-323 2.76677e-322 1.5316e-322 1.08694e-322 3.21143e-322 6.42285e-323 2.88693e-272
7.30127e-197 1.00295e-321 4.19795e-283 0.000306031 3.65777e-11 1.71845e-142 2.07725e-211 14.0983 6.07554e-285 0.887566 0.679981 4.3751e-101 3.22124 1.49297 0.495867 1.96603e-301 5.28095e-216 2.64337e-50
3.38048e-294 1.51817e-285 4.47018e-286 6.28155e-320 6.47325e-320 2.10966e-321 0.197265 1.81685e-201 3.31518e-321 2.87052e-321 3.61162e-321 3.58146e-288 8.0088e-321 4.07604e-321 3.22986e-34 7.8517e-318 1.5316e-321 4.26342e-36
1.22282e-143 1.02542e-253 1.78783e-178 4.26543e-217 2.71129e-249 2.19317e-108 5.70202e-289 2.23021e-320 1.73911e-321 1.80828e-321 2.42586e-321 2.32774e-290 6.46238e-321 2.37152e-321 1.73056e-158 4.85667e-321 1.12153e-321 0.228998
2.33045e-110 1.07404e-169 1.12629e-155 6.90588e-201 1.73665e-176 2.25888e-60 0.18731 3.0769e-291 1.35308e-258 2.75112e-139 2.59792e-318 1.2401e-321 5.67681e-321 2.07106e-201 1.63042e-321 5.72622e-321 1.49208e-321 1.37314e-192
6.35751e-06 0.00522118 0.019407 0.211542 0.000317407 2.98254e-08 3.45846e-323 3.31024e-322 4.44659e-323 3.45846e-323 2.96439e-323 1.97626e-323 7.41098e-323 4.94066e-323 2.96439e-323 9.88131e-323 1.4822e-323 1.12037e-279
3.26719e-270 1.13141e-321 2.13118e-06 5.43376e-246 1.1257e-231 2.32008e-163 1.71448e-293 2.41845e-320 3.13582e-256 4.41041e-90 3.27566e-321 1.36362e-321 6.03254e-321 2.53913e-279 6.34675e-152 1.66832e-266 1.09564e-292 0.126258
