5.93401 0.0186908
3.10318e-16 3.71097e-18 2.79533e-16 0.0020329 7.94777e-11 5.66427e-16 5.29333e-07 8.13921e-19 0.022379 0.000156966 7.76817e-18 5.64745e-07 1.46302e-09 0.0210527 1.20723e-08 4.53538e-06 3.09856e-12 1.80812e-11 0.00290244 4.34112e-07 2.90812e-13 1.14972e-18 0.0229518 1.85307e-11 0.00943185 5.97687e-28 2.02099e-21 1.06748e-10
7.85503e-11 8.699e-17 0.00561657 6.04396e-09 1.04061e-17 6.62228e-14 3.53513e-13 3.56043e-21 1.64353e-05 7.11999e-15 1.23517e-15 8.30632e-09 2.93507e-25 3.50833e-06 1.08006e-05 1.51249e-09 6.46923e-17 4.23021e-07 5.09331e-07 2.52447e-14 0.00544164 6.84451e-09 0.0732455 3.48272e-12 9.02614e-14 3.60588e-12 3.51425e-14 1.01906e-09
1.74888e-06 1.02261e-07 1.36768e-10 4.665e-05 4.8507e-15 3.61778e-21 3.79908e-10 1.85329e-12 5.79493e-13 3.74348e-10 4.95264e-11 2.72547e-12 1.20354e-15 9.84969e-07 9.8796e-14 2.59318e-19 3.23054e-19 2.61465e-14 5.87626e-05 5.15559e-09 0.0697193 4.79777e-20 9.5094e-11 9.64795e-18 3.34962e-10 1.10246e-14 1.97033e-18 3.41814e-17
5.4148e-08 1.10305e-15 4.91888e-10 6.23901e-17 4.95128e-08 1.03283e-06 0.0187653 3.32364e-06 1.91228e-08 0.0164143 0.000512675 9.4334e-11 3.41793e-17 3.69836e-15 0.0100666 6.42408e-08 3.09883e-23 1.18803e-05 8.80805e-18 2.12241e-12 0.238197 4.35202e-20 0.00411068 3.16121e-16 7.03546e-13 1.11036e-24 3.58125e-17 5.37809e-12
9.65484e-11 3.7794e-10 0.000889461 1.19783e-12 3.58298e-14 2.22429e-21 6.99978e-11 1.44841e-23 1.7541e-09 6.98542e-13 2.85017e-18 5.20054e-14 1.32778e-25 8.40103e-13 0.0101056 2.11768e-11 1.66321e-18 5.32499e-12 1.93138e-13 8.91448e-08 0.0711989 7.98179e-15 6.20073e-12 1.10705e-09 1.11203e-13 2.88253e-27 2.32528e-15 7.63772e-18
1.12756e-14 2.23341e-28 0.0172431 0.000282881 0.0359987 3.80747e-08 5.52791e-08 1.87685e-13 9.6747e-08 0.00279062 3.20076e-09 0.0132831 3.21759e-12 6.51017e-06 3.26846e-09 0.00828372 2.82389e-06 8.78361e-10 1.52142e-05 5.32664e-14 1.0444 0.000407265 0.00228978 0.000106156 1.44143e-14 0.0399554 2.79427e-09 0.0211941
0.0271063 3.7923e-12 1.99716e-10 5.85119e-12 5.03374e-10 1.99125e-05 3.02356e-09 8.2987e-18 1.91294e-11 6.81559e-16 0.00596758 3.61227e-10 2.21056e-26 0.000219409 0.000560436 8.12271e-18 1.70233e-10 0.00484211 2.40983e-13 1.0357e-05 0.729597 0.0308182 0.0776881 0.00186041 3.8008e-11 2.02112e-17 0.00728348 7.99939e-19
7.61129e-09 0.00134543 6.87322e-08 1.45172e-10 1.16159e-14 1.21363e-15 5.20175e-07 2.44042e-11 2.45131e-08 2.72415e-08 2.18336e-18 3.99292e-11 3.72057e-13 2.68575e-15 0.134528 3.54101e-15 3.02558e-18 1.52439e-17 3.2897e-15 7.58613e-10 1.54908e-07 5.51732e-14 7.9612e-08 2.12974e-17 1.34919e-13 6.89092e-22 6.43831e-20 3.1563e-19
1.25037e-06 2.7325e-12 5.389e-11 5.78973e-21 6.97894e-08 1.70174e-19 4.06015e-10 2.22453e-17 0.0110201 0.000734353 1.13336e-16 4.31036e-13 0.00874341 2.15389e-09 0.0544577 4.08733e-10 0.000976441 2.42536e-16 5.95659e-20 0.0184475 6.06201e-07 9.47501e-19 0.44958 6.934e-18 4.24916e-13 2.36773e-27 1.25976e-16 0.00158897
6.74693e-13 4.42721e-16 6.9813e-16 2.62142e-06 4.64056e-14 0.180101 0.00930779 0.0132165 1.48374e-10 8.27115e-18 2.33845e-09 1.56388e-13 0.0249899 2.30051e-14 1.1257e-05 1.29368e-12 1.27425e-11 8.51235e-05 1.29659e-14 2.04791e-12 1.19124e-07 0.0135482 2.54294e-09 0.000141726 0.00378289 8.64294e-11 3.47869e-20 0.00328328
