6.76981e-80 0.110026 2.32812e-43 0.0562265 5.47779e-92 1.0282e-30 1.58843e-99 1.00755e-14 2.68884e-28 2.35243e-49 0.000212528 2.58954e-91 9.42098e-85 0.361405 1.81458e-81 7.32519e-09 5.2207e-63 5.66579e-97 1.23661e-28 0.193936 2.20404e-43 1.34798e-58 4.34142e-81 6.20853e-78 2.48954e-43 5.86355e-60 2.05932e-74 5.88152e-95
4.64962e-52 2.29249e-106 1.05159e-11 1.0254e-30 1.24819e-69 1.12034e-31 1.42291e-85 3.08856e-54 0.00474148 0.214871 5.8487e-28 4.95263e-44 1.64785e-101 7.75985e-36 3.44172e-106 4.47474e-36 3.33434e-60 0.0752346 9.28358e-39 3.99485e-51 1.07542e-11 8.15969e-47 5.10195e-83 1.81906e-35 2.51479e-30 7.53498e-78 1.41397e-37 2.69837e-50
1.01454e-84 6.59853e-34 2.42086e-22 8.13123e-70 9.64931e-45 1.41452e-72 1.9055e-110 1.33894e-24 2.30063e-31 6.04077e-21 7.65836e-55 2.49544e-54 8.38674e-21 0.0517204 3.57805e-36 2.6293e-41 2.9711e-20 1.4077e-73 4.07601e-21 2.31672e-23 2.3552e-50 1.40156e-45 0.405691 7.2779e-08 4.8019e-50 1.40256e-56 1.71508e-57 1.53132e-84
0.400852 7.99245e-08 1.21446e-33 5.90504e-30 2.59049e-108 8.99373e-91 9.4021e-95 3.53243e-50 1.40542e-40 4.92513e-47 1.27617e-56 6.00069e-55 9.23384e-91 2.88791e-22 5.2876e-73 7.13884e-34 6.23721e-53 1.37749e-74 9.41274e-63 6.37833e-52 4.58732e-72 8.37634e-89 1.77962e-65 1.31514e-37 3.58231e-65 1.05093e-79 8.29328e-75 2.65335e-56
1.04146e-115 3.44267e-60 3.70527e-17 3.18423e-93 5.05142e-87 7.4809e-62 2.42991e-20 8.26255e-77 6.41294e-74 2.52012e-96 1.58185e-68 4.75473e-08 6.90838e-26 9.37027e-07 1.01079e-49 4.42391e-34 4.17738e-45 9.86128e-37 6.53488e-14 1.18246e-29 1.95635e-58 3.14471e-16 0.000330445 1.22853e-26 9.61039e-10 0.280809 1.0578e-33 2.20431e-64
1.26003e-14 1.90883e-10 0.00369924 7.68141e-06 5.01075e-95 2.44843e-40 1.02618e-56 3.95346e-14 0.417909 4.62388e-76 0.159656 1.49511e-44 6.99671e-40 0.35276 0.0179199 0.0205391 6.4888e-18 6.936e-09 6.29615e-50 2.09744e-08 1.34533e-44 4.57766e-87 2.83447e-36 2.5108e-07 0.0780646 1.55611e-78 5.66913e-86 1.27842e-25
8.9678e-17 5.15473e-17 7.54308e-28 3.01898e-64 0.000320502 1.10417e-07 9.5879e-117 0.115851 1.71046e-54 8.68112e-61 1.44233e-27 6.79989e-27 2.07644e-19 9.20453 5.57636e-52 1.31528e-30 0.206958 1.7146e-105 3.98248e-81 2.11882e-36 0.168172 0.164409 1.57175e-50 7.63901e-43 6.20471e-35 6.57148e-65 5.6919e-25 2.68244e-21
7.887e-67 1.59902e-67 1.73667e-27 5.00402e-67 0.272467 1.40016e-47 8.89593e-34 2.75529e-52 4.07246e-41 7.92703e-43 3.58285e-49 7.91451e-59 1.59054e-81 2.39248e-27 1.46801e-80 1.32029e-08 1.07112e-37 1.19149e-98 6.55617e-54 4.06303e-19 2.34763e-62 6.69763e-53 0.662456 3.44674e-32 1.42486e-46 1.39797e-07 2.99414e-32 0.0320042
1.60178e-11 1.57559e-18 1.18822e-43 5.03444e-105 3.99902e-33 1.90649e-34 0.0937591 7.39958e-76 6.15956e-41 8.52687e-49 2.08271e-49 0.435893 0.152373 3.37005e-23 5.99763e-52 3.96171e-28 4.94384e-13 2.92024e-59 0.0785256 3.18769e-35 6.67302e-09 3.4999e-31 1.29891e-45 0.0863586 2.85525e-26 4.93225e-93 0.18094 3.01589e-30
1.42808e-33 4.26837e-37 0.101281 6.61765e-54 1.84348e-106 0.08615 2.38011e-36 1.76677e-09 8.63245e-33 3.88419e-98 1.85806e-41 1.85034e-67 7.89043e-97 3.24471e-16 1.21213e-42 2.02263e-30 2.15264e-70 1.34909e-76 1.67989e-33 5.2421e-29 3.53057e-43 5.73769e-93 2.83515e-10 0.00021639 1.27507e-29 6.98038e-71 1.8352e-38 1.26697e-69
