1.81244e-94 4.76604e-115 2.252e-117 4.34844e-57 6.01069e-63 5.84842e-38 5.1376e-70 3.31776e-102 4.05403e-37 2.70751e-36 1.91651e-94 7.34072e-71 8.56281e-44 5.4973e-114 7.25729e-77 1.5023e-147 1.04644e-24 0.0206977 3.58261e-183 2.03345e-141 4.84626e-59 2.45901e-126 0.146166 2.75094e-239 1.42393e-100 4.67297e-136
2.25265e-67 1.33419e-93 5.53864e-47 8.01139e-98 6.67639e-160 6.46995e-123 1.93591e-17 1.39504e-41 1.59735e-100 3.05457e-55 5.35916e-75 1.41062e-128 7.51786e-21 6.69571e-11 0.000557063 1.04422e-115 2.94439e-134 1.16735e-68 6.22699e-222 9.7385e-103 3.65372e-61 7.33179e-93 0.0525941 9.07568e-194 6.34489e-77 1.78887e-84
1.68039e-94 1.25036e-52 4.39469e-20 8.40234e-27 3.8832e-08 2.95303e-92 2.25014e-83 7.53522e-22 1.72616e-57 3.63756e-66 3.03564e-116 1.76249e-41 6.63247e-121 4.6754e-129 8.3431e-64 2.04315e-58 6.06585e-101 0.0573685 5.02984e-222 5.93354e-165 6.36313e-30 4.82014e-48 2.30089e-89 2.08095e-204 1.77008e-69 1.7234e-108
4.45769e-30 0.0254861 5.75972e-32 1.72903e-29 0.0377263 3.39695e-31 2.98791e-32 1.46411e-07 8.63564e-36 1.46544e-35 8.10073e-40 2.86113e-05 2.79557e-44 1.28018e-144 7.41965e-92 1.19237e-141 1.15104e-119 2.70857e-118 2.56653e-181 5.09962e-185 2.01917e-99 1.36207e-146 8.87579e-86 4.04755e-197 7.83916e-114 8.37658e-108
5.5158e-38 7.35917e-105 5.89269e-91 7.21351e-95 6.46557e-123 3.43703e-46 1.38968e-79 1.85785e-31 2.82762e-122 3.74748e-31 5.35622e-54 1.9161e-115 2.36689e-82 7.9261e-15 3.32911e-36 5.75501e-37 2.12588e-131 1.60761e-35 4.40236e-78 2.63733e-169 0.10351 6.70257e-150 7.67729e-38 2.47292e-141 7.21265e-94 3.32886e-128
4.36177e-24 0.00247799 1.23366e-28 5.75204e-11 9.61311e-20 4.45102e-136 0.000110101 5.60194e-26 1.17517e-49 2.22161e-129 2.2851e-116 2.77538e-42 4.38031e-185 0.208103 3.17682e-35 0.0525512 5.41694e-28 2.28698e-94 4.58562e-189 3.18332e-152 1.53272e-40 4.02566e-64 1.83648e-75 3.10327e-21 3.19437e-135 4.87907e-14
2.02814e-11 1.46412e-07 1.86544e-10 3.62216e-11 4.42824e-21 5.23135e-17 1.14605e-13 7.27375e-14 0.000897641 0.00041104 0.017737 7.31482e-25 5.09571e-07 3.62715e-132 1.14829e-88 2.05176e-136 3.01947e-132 1.21339e-134 7.83918e-219 1.36258e-213 4.33627e-120 5.09838e-169 1.12937e-89 3.78788e-245 7.23186e-131 7.55677e-132
6.87084e-119 6.46746e-134 4.627e-23 1.88717e-62 2.27519e-130 4.62108e-111 1.9803e-90 3.11618e-77 1.85948e-104 7.28484e-65 4.33455e-139 2.84242e-149 2.3484e-35 3.36078e-05 0.126536 1.53552e-121 8.48071e-57 4.01285e-93 9.55444e-203 8.75913e-40 1.45435e-113 1.28054e-21 2.47881e-95 1.26247e-56 3.29299e-112 0.064875
0.00129114 0.000159059 0.000635767 0.00148647 4.3289e-05 0.00205127 0.00333713 0.00827209 0.000171519 0.000125547 0.000490321 0.00114083 0.00463257 1.7186e-152 1.44857e-97 2.15394e-158 6.93189e-146 2.08039e-149 1.93202e-228 4.40089e-216 8.42294e-124 4.6868e-173 2.67048e-104 1.30427e-253 2.78424e-141 2.46925e-138
2.3666e-115 1.78387e-67 3.37568e-63 4.54819e-42 2.09541e-36 5.03545e-90 9.11861e-28 3.93206e-18 4.81118e-08 8.7623e-10 2.01525e-98 1.94861e-06 8.09287e-41 1.53553e-137 2.91526e-09 4.22166e-87 1.51324e-129 0.11455 4.61398e-111 7.77759e-119 4.18082e-99 1.74495e-146 2.50258e-96 5.2501e-127 3.94535e-70 2.06251e-69
6.70877e-85 2.42023e-131 1.33014e-167 3.22848e-22 5.77024e-148 4.80896e-117 3.9339e-139 5.33334e-62 3.02452e-95 2.51734e-65 1.23712e-88 6.99705e-09 3.87873e-69 4.61242e-53 8.36693e-54 0.583445 1.74804e-96 7.30042e-39 0.135137 1.57645e-44 1.37671e-102 7.53962e-17 4.45185e-57 0.333056 5.28749e-15 0.100261
5.65927e-118 2.38962e-60 7.52672e-67 2.93976e-61 3.76816e-93 1.40464e-43 4.61625e-10 6.79664e-86 6.05463e-70 1.64424e-43 6.32711e-45 1.66084e-62 4.07575e-107 8.64293e-28 0.00525131 3.61963e-148 3.38781e-74 0.250187 1.4656e-192 3.02941e-204 1.73148e-42 1.05756e-113 3.11316e-97 5.44253e-158 7.30276e-61 7.24533e-127
3.60083e-72 2.26982e-63 5.63742e-176 7.45584e-81 4.38189e-182 7.266e-93 1.09938e-24 1.72685e-59 3.53661e-19 2.83396e-95 1.41499e-118 1.89395e-37 7.95673e-63 1.52918e-96 4.84891e-85 0.00747137 1.832e-144 1.12191e-34 7.22528e-88 0.193588 1.2517e-57 1.68567e-32 3.7144e-30 2.15587e-137 2.00186e-59 3.6047e-98
2.52531e-42 9.82241e-45 2.30214e-55 4.88657e-86 6.85997e-137 8.4111e-148 3.33039e-67 1.62807e-78 4.49303e-137 1.33203e-131 3.36845e-50 1.32803e-130 1.37688e-147 2.08179e-97 5.07492e-85 2.61619 0.125408 7.93186e-56 1.96586e-189 9.79039e-87 0.411774 0.282032 2.2358e-90 8.71048e-192 9.62208e-139 6.82441e-76
1.41096e-33 6.93949e-69 3.34336e-124 1.33453e-18 3.40053e-25 3.79931e-90 9.12403e-78 5.67213e-59 5.1619e-61 2.86052e-34 1.05685e-69 3.07351e-119 8.38808e-102 1.3271e-40 3.13166e-77 6.19792e-57 8.72615e-137 0.0736435 9.76586e-123 3.29586e-151 2.24997e-65 9.5689e-56 4.14965e-84 1.89525e-193 2.21011e-121 1.59809e-93
3.7486e-37 1.06894e-69 1.24016e-88 5.06578e-140 4.09755e-12 3.8394e-79 2.19189e-125 2.48781e-47 4.57399e-85 1.20466e-145 3.47718e-140 7.86508e-201 1.35415e-154 3.16942e-148 5.69434e-54 5.03657e-133 1.96278e-126 1.65492e-131 1.52987e-195 2.85127e-168 1.42537e-48 6.78807e-38 0.0544976 0.000553002 0.120435 2.24169e-122
2.20324e-149 8.19872e-136 4.257e-149 9.92971e-125 9.60576e-189 1.2671e-124 1.25769e-126 5.77528e-24 2.31731e-18 1.42682e-10 3.21465e-68 4.04073e-74 3.0947e-203 3.48601e-25 2.14319e-75 0.518643 2.52068e-103 2.01553e-93 7.79595e-107 1.09198e-143 1.62873e-85 1.10948e-131 5.14764e-87 1.72978e-85 9.46805e-35 5.15237e-102
