10.0515 0.0492706
5.07347e-61 3.06434e-26 0.000100974 2.93622e-11 1.97646e-30 3.02025e-35 1.78221e-28 2.14384e-15 6.54631e-27 3.36314e-56 1.59041e-21 4.93711e-60 1.04779e-32 0.165137 8.07362e-35 1.04389e-19 1.95154e-27 0.235132 1.21005e-53 2.74587e-84 1.25715e-29 0.191884 1.13191e-54 7.14224e-14 2.48062e-17 7.26039e-53
3.90406e-50 0.000971372 1.661e-18 2.82937e-27 1.21917e-11 2.18002e-28 4.83584e-34 1.38509e-35 6.77247e-31 3.97198e-25 0.0354842 3.26335e-16 6.72532e-33 5.31517e-72 9.06801e-22 2.63944e-28 1.09023e-07 2.35587e-53 9.3655e-72 6.32632e-56 6.35266e-33 3.50226e-43 5.1634e-45 0.626239 2.2693e-57 1.01448e-42
1.87881e-52 1.25201e-31 2.25629e-50 5.06584e-42 2.16626e-36 3.87892e-30 5.12555e-25 6.17172e-26 4.90269e-20 0.0448962 4.48814e-12 1.601e-33 1.15709e-36 2.09873e-69 7.37179e-43 1.55084e-35 7.67305e-10 4.44246e-49 2.84675e-77 3.57077e-85 2.48769e-47 1.77388e-72 6.36184e-28 0.408598 2.60548e-88 3.28053e-33
1.78784e-37 0.037157 6.38449e-21 1.17064e-50 9.39526e-19 2.55376e-34 3.18122e-28 0.000102101 8.74113e-06 2.28268e-11 7.10037e-43 1.10494e-26 2.48961e-08 4.19413e-12 9.32276e-40 0.0816147 4.92964e-15 4.92443e-71 3.68748e-72 3.72883e-78 3.90141e-13 2.13117e-31 1.1113e-44 1.56062e-07 6.48528e-59 2.55182e-28
1.94478e-41 7.46875e-72 7.88024e-71 5.62185e-36 3.92328e-37 1.40916e-50 1.62386e-47 3.21858e-67 6.34987e-07 1.4181e-25 1.02743e-40 6.34057e-67 3.34707e-49 1.53403e-62 1.11347e-38 0.589441 8.99043e-09 1.20026e-73 0.0365538 0.0323524 0.13346 0.0120487 3.87947e-29 2.69118e-12 6.37396e-76 1.56883e-38
0.268832 1.5639e-33 4.01084e-46 4.10566e-51 4.64366e-51 1.77249e-49 3.8478e-05 3.61183e-29 5.166e-14 3.58578e-23 0.0164178 1.42715e-05 6.68225e-07 3.20366e-62 5.39056e-07 1.47858e-15 1.50199e-22 4.63668e-43 1.7807e-20 3.30629e-35 9.00902e-06 1.54589e-50 0.0653543 3.92581e-20 0.528205 1.24447e-09
4.57104e-45 2.62866e-58 1.04902e-28 1.19971e-36 1.06543e-10 8.50549e-05 1.14187e-20 3.02193e-34 8.74335e-61 3.34744e-12 1.44081e-15 1.24086e-80 3.75621e-19 5.83202e-72 8.3834e-12 8.54927e-12 1.31168e-05 9.17863e-17 1.23119e-28 2.04069e-91 9.48546e-53 0.557811 6.69803e-27 3.23395e-21 6.8193e-64 9.63392e-28
5.87475e-22 4.43981e-14 0.000312689 1.33954e-05 3.68449e-19 7.8614e-06 0.00877126 3.62109e-13 0.029145 1.2937e-12 1.37921e-13 9.95546e-39 3.68188e-05 7.40506e-38 1.81414e-28 8.61981e-19 4.8209e-29 2.2466e-88 1.61448e-79 8.6305e-58 1.84377e-31 1.68774e-70 1.50825e-56 0.617272 1.44852e-90 2.71075e-36
8.35268e-07 0.000787995 1.9817e-05 0.000755538 0.00350501 2.84787e-05 0.0236 7.9021e-06 7.14101e-06 0.0175668 1.05423e-08 0.00633934 0.00610502 1.93004e-75 6.59231e-62 2.70092e-36 2.96799e-41 9.53371e-86 1.73636e-95 5.98121e-95 6.94253e-57 7.53077e-83 2.71586e-59 5.80428e-20 5.63626e-100 2.18832e-64
1.76357e-17 2.78974e-11 0.138265 0.0027139 2.12131e-16 1.27972e-17 8.45185e-07 1.69571e-22 0.00334468 6.80053e-14 1.09884e-09 5.79125e-28 1.86076e-17 2.35723e-74 4.93631e-41 1.5965e-33 7.35151e-26 9.51047e-91 2.1718e-80 1.09068e-80 4.04737e-42 3.90488e-60 1.84385e-51 0.190692 8.54058e-97 1.20622e-61
5.55286e-66 1.00473e-61 1.28897e-27 6.29003e-10 2.47454e-47 6.07543e-14 5.91521e-31 4.88873e-52 3.20858e-07 5.61447e-60 4.98902e-68 7.28986e-45 6.74406e-37 1.06685e-32 1.19688e-07 0.158511 0.0997617 0.298603 6.65984e-26 1.48116e-58 0.0216229 4.00262e-67 8.83209e-26 1.76556e-12 1.88454e-97 0.0342995
1.90562e-08 7.69407e-07 5.35262e-27 0.00272293 1.37592e-23 3.74405e-16 0.00157937 6.52079e-05 1.07291e-25 2.28516e-11 4.75835e-08 1.17625e-28 1.33833e-13 1.41198e-63 2.46664e-61 5.43505e-18 7.30612e-26 2.83521e-63 3.22159e-69 1.01141e-92 4.6794e-59 6.24989e-82 5.49447e-60 0.263311 1.82159e-82 2.93781e-42
1.43166e-25 3.00604e-06 2.76883e-15 1.49699e-21 7.31832e-12 1.00951e-11 5.63675e-20 0.00843216 3.94419e-21 0.0071919 1.07924e-25 1.01132e-10 1.34313e-13 1.01047e-75 5.82236e-40 1.45559e-21 2.94133e-16 5.66319e-59 1.40212e-75 1.76206e-74 7.77111e-57 9.03321e-69 5.56538e-38 0.667494 3.77845e-90 2.73404e-61
1.37939e-30 5.21251e-45 0.243073 8.66488e-35 2.08089e-36 4.47822e-30 1.73188e-11 0.0211958 8.97603e-46 1.22532e-12 1.20745e-14 3.04546e-18 6.03098e-11 2.02723e-05 0.128294 3.48589e-25 1.49055e-24 9.43781e-86 5.62771e-98 2.16078e-62 1.07318e-39 2.14787e-74 7.79788e-16 1.04421 3.32495e-56 9.24011e-63
4.1681e-33 2.6635e-18 1.58828e-36 1.5189e-26 5.38983e-27 9.06063e-35 2.62015e-25 2.85879e-28 1.2325e-21 1.74764e-09 4.05821e-45 1.70111e-20 7.29143e-40 2.25768e-76 5.64158e-50 1.16273 1.21928e-19 1.31675e-44 3.73897e-85 7.4643e-55 8.79297e-14 1.78186e-49 1.90911e-54 1.05779e-18 2.30788e-69 6.30722e-52
4.48363e-48 4.46363e-18 1.96333e-50 2.76164e-30 4.41126e-18 4.16612e-22 0.00388451 3.43967e-13 6.96911e-17 1.34426e-17 6.22681e-24 7.02926e-45 3.82907e-22 5.18194e-51 3.64807e-52 2.47429 2.12476e-14 1.08522e-37 8.75803e-63 9.79132e-93 3.67147e-28 1.4308e-64 9.76905e-48 3.76911e-06 1.2792e-90 6.21055e-57
1.96572e-09 4.018e-15 5.58327e-23 6.64099e-20 3.14444e-17 0.0225955 8.2497e-13 4.56654e-05 1.04212e-15 1.32108e-16 1.27366e-16 7.06744e-10 4.46152e-19 8.82478e-64 2.5939e-54 3.43917e-18 1.96454e-19 9.8272e-77 9.39712e-71 3.45935e-76 3.79969e-59 1.11315e-64 1.79836e-54 0.119482 7.40286e-78 5.71858e-46
