0.000259368 4.35378e-05 0.0320737 4.13063e-05 0.00235781 6.23825e-05 0.000362274 0.000380399 0.000200486 7.55419e-06 8.09496e-06 0.000368815 0.0016895 3.48818e-226 4.94066e-324 4.94066e-324 4.08793e-295 1.09921e-289 1.22043e-285 7.78438e-261 9.88701e-289 1.78968e-308 2.96439e-323 9.88131e-324 4.69402e-126 4.94066e-324
1.28142e-232 1.68912e-295 8.54536e-320 5.39406e-128 2.12035e-67 2.86925e-182 8.46911e-231 0.00515631 2.24122e-129 2.71526e-90 1.21267e-155 6.37905e-214 2.29218e-256 3.56708e-21 4.37452e-255 4.21438e-321 1.38683e-12 0.397261 0.19479 2.48596e-187 7.10366e-49 4.5881e-146 4.41201e-321 1.50723e-140 1.22721 1.80024e-186
7.36171e-27 5.38759e-198 6.72008e-239 5.06993e-60 2.40879e-115 8.6486e-129 1.0185e-53 3.49295e-102 1.10854e-51 8.04894e-70 4.39531e-167 5.35168e-241 2.79881e-38 4.37682e-80 3.60577e-162 1.8801e-295 0.0632942 4.46491e-69 9.44372e-117 2.94204e-33 1.48054e-43 2.48736e-256 3.11261e-321 3.60549e-292 7.90821e-59 3.87284e-279
1.15301e-105 1.29124e-79 2.51531e-232 2.7498e-148 3.61e-43 2.91511e-284 4.14026e-27 1.93546e-180 2.03323e-35 6.8796e-168 5.38074e-135 8.76787e-311 1.87076e-149 0.355884 0.0601071 1.27993e-316 7.07481e-216 1.78222e-70 3.39706e-130 2.20921 0.300147 1.57917e-28 1.38016e-149 9.7825e-322 0.00216857 5.97819e-322
5.56769e-80 2.48873e-76 1.88206e-141 5.85358e-139 2.1978e-141 7.92049e-179 1.05501e-39 1.0082e-121 1.09396e-27 1.18385e-203 1.12114e-216 0.0147039 3.20517e-69 2.01532e-205 1.88911e-295 9.72406e-123 1.4784e-237 1.58251e-213 1.614e-233 2.05802e-220 5.73712e-155 1.77401e-279 2.87546e-321 8.28344e-125 0.181088 4.74303e-322
1.5672e-75 2.99518e-103 2.6746e-18 8.95867e-168 5.06251e-199 3.84922e-40 1.22336e-45 1.37524e-26 9.3881e-144 1.47525e-124 1.74438e-115 1.8147e-227 4.34929e-134 1.67315e-171 6.87648e-82 7.5592e-322 1.19461e-122 2.58487e-214 3.70317e-88 0.489512 2.02846e-52 4.55014e-41 1.48635e-262 1.00295e-321 1.39227e-124 2.4857e-203
1.89097e-69 2.19738e-109 2.23542e-221 9.1241e-52 1.79792e-25 7.61924e-280 1.37154e-53 3.01578e-156 6.88e-167 1.63077e-197 2.98266e-158 7.39877e-181 4.06685e-134 0.122108 5.22017e-236 7.75683e-322 1.96331e-284 2.47419e-223 4.77648e-147 7.04856e-151 2.86769e-153 3.66025e-126 3.63632e-321 1.66326e-242 8.38112e-47 3.26583e-120
6.36546e-135 6.4702e-122 6.83157e-236 1.96338e-109 1.67495e-97 2.54846e-237 2.51402e-35 6.94035e-147 4.83225e-127 3.90137e-218 1.15611e-321 6.74716e-78 0.00086677 1.82583e-167 1.0573e-321 2.23894e-51 0.644466 2.79342e-28 0.00397978 2.48471e-185 4.37002e-35 6.02126e-267 1.57158e-262 1.08051e-168 3.46199e-22 1.55364e-82
7.37311e-247 6.24694e-72 7.45547e-169 3.8414e-47 8.27143e-83 2.77052e-161 7.07718e-44 1.17641e-107 2.43429e-39 4.45042e-283 5.31656e-187 1.88668e-201 5.61996e-196 1.48873e-69 0.163256 0.238854 6.61056e-127 8.63316e-186 1.03206e-09 7.73269e-90 1.65515e-223 1.12589e-267 4.79244e-321 1.88146e-275 5.9215e-53 0.156698
5.17313e-286 1.62548e-321 1.053e-138 9.35579e-306 5.02812e-176 2.65313e-321 2.53819e-68 2.50046e-102 8.05413e-121 1.02128e-167 4.97882e-299 3.08995e-233 1.7839e-31 1.60138e-105 6.23763e-287 1.80326e-142 2.19506e-199 6.00774e-239 0.0377711 1.57666e-109 5.11295e-63 1.17754e-253 1.41288 1.07381e-200 2.06407e-41 1.99427e-232
2.54801e-19 5.22156e-148 4.47249e-31 2.49656e-33 7.80295e-38 2.29614e-63 1.83922e-16 2.42648e-111 1.45112e-10 1.2547e-112 2.62783e-91 1.03854e-88 2.2108e-100 2.15751e-198 3.79069e-128 9.18371e-205 2.36764e-72 8.29159e-149 2.30789e-224 3.16858e-139 3.78941e-121 7.67746e-111 2.63831e-321 7.61754e-147 0.263131 9.86065e-224
8.37661e-05 0.000218087 0.00456014 0.000393013 0.000546557 0.000143817 0.000321797 0.000298314 0.000225224 4.14382e-05 0.000120063 2.90085e-05 0.000168606 3.32698e-228 0 0 1.17762e-295 1.35817e-291 4.87061e-287 3.69723e-264 1.57921e-291 7.12951e-312 0 0 2.96673e-128 0
4.47044e-149 2.88914e-261 1.17601e-235 3.5024e-179 2.37161e-140 1.65018e-321 2.29515e-253 5.44007e-186 6.16975e-92 5.05472e-231 9.63181e-320 5.58294e-322 3.39257e-243 1.36506e-81 3.58705e-237 1.49636e-09 7.43145e-148 1.28837e-163 4.41193e-09 7.71773e-200 5.208e-243 0.177161 1.74523e-208 1.19564e-321 0.142083 7.89881e-305
6.55511e-90 1.49259e-90 4.06384e-215 7.99128e-56 3.12761e-162 3.17436e-124 5.31834e-139 1.13384e-102 2.84983e-112 3.85689e-201 7.46387e-42 8.11955e-168 1.07183e-14 7.59921e-117 8.43058e-315 4.9541e-221 1.30386e-256 7.79761e-97 4.28136e-156 5.82932e-49 5.34207e-68 1.48356e-282 3.22625e-321 7.46039e-322 0.140141 1.49801e-320
2.75664e-117 3.61082e-201 3.39757e-214 4.26148e-102 2.40619e-77 1.26314e-223 2.28353e-165 2.4148e-11 5.44563e-134 2.21186e-08 1.0879e-77 2.03542e-71 1.08025e-178 7.25291e-77 8.6019e-219 1.69861e-154 1.60755e-57 7.26764e-206 4.4422e-220 2.49784e-196 4.20243e-179 1.70791e-63 3.39282e-261 4.19048e-102 0.43776 4.74303e-322
3.15653e-105 2.87729e-37 1.49404e-185 4.97797e-16 2.83272e-176 3.65205e-108 1.06413e-174 1.52533e-106 2.02041e-147 1.96263e-119 2.23025e-155 3.43776e-14 2.72621e-257 1.44194e-54 1.12205e-248 1.59164e-155 1.32372e-25 1.23707e-246 1.33588e-167 0.163767 1.96847e-17 7.10087e-283 4.00193e-321 0.283069 1.88838e-78 1.24862e-136
2.91034e-05 0.000241556 0.0270054 6.24535e-05 0.00127927 0.00081419 0.000147952 0.000276463 0.000105221 0.000138659 0.00038227 1.22568e-05 7.14126e-05 1.40762e-226 4.94066e-324 4.94066e-324 2.08755e-295 2.11665e-290 1.43994e-286 5.40903e-263 5.93628e-290 1.49996e-310 1.4822e-323 4.94066e-324 5.77343e-128 0
