2.51753e-289 1.90907e-320 4.46403e-63 1.87675e-28 3.00886e-321 5.89074e-93 9.22156e-42 1.88239e-321 3.53751e-321 1.67024e-319 1.2668e-273 2.99404e-321 3.17009e-47 1.88348e-129 2.1393e-321 5.8695e-321 6.2944e-321 0.31965 4.11557e-321 1.96638e-321 0.211408
2.40225e-173 3.74749e-320 3.0019e-250 1.2562e-176 3.46834e-321 3.07383e-31 6.10345e-162 2.50491e-321 4.56023e-321 5.42077e-250 7.1571e-85 3.47822e-321 1.67946e-91 2.03555e-321 4.21438e-321 1.44602e-74 6.1363e-321 8.7537e-286 0.250894 2.28752e-321 9.0864e-114
0.215758 1.66846e-320 2.74782 1.22535e-191 2.39622e-321 9.26635e-171 2.45255e-234 1.52172e-321 3.49304e-321 5.70395e-300 2.0573e-301 2.60867e-321 1.70986e-183 1.57607e-321 2.09978e-321 4.7566e-192 4.54046e-321 8.28488e-100 1.58593e-208 1.9318e-321 4.08627e-114
6.78254e-51 1.91846e-320 3.6995e-267 5.25597e-159 2.50985e-321 3.45771e-76 1.4204e-22 1.63536e-321 1.33207e-121 1.20713e-291 1.65685e-306 1.68476e-321 5.01244e-132 1.05197e-143 2.53456e-321 9.97442e-121 5.30627e-321 8.12928e-51 6.33987e-276 1.90215e-321 0.00931555
1.0435e-221 2.19464e-320 1.82094e-199 0.086815 3.74502e-321 2.48184e-110 1.29282e-16 1.51184e-321 1.60351e-182 9.39564e-203 7.25114e-311 3.00392e-321 3.18265e-38 2.40716e-143 2.59384e-321 7.79402e-80 6.55131e-321 1.50455e-66 1.95353e-73 1.91203e-321 1.64691e-179
0.14089 1.50789e-320 1.33324e-14 2.15186e-174 2.63831e-321 1.90822e-226 9.85393e-235 1.41303e-321 6.41755e-302 4.16003e-321 1.60341e-86 2.26776e-321 1.83816e-05 2.73013e-49 2.73218e-321 7.243e-321 5.49895e-321 2.15358e-68 1.06948e-312 1.84781e-321 1.91651e-64
4.95611e-296 1.60621e-320 1.14461e-90 0.201651 3.04344e-321 4.92225e-60 8.4488e-208 1.25493e-321 3.12249e-321 6.02266e-321 3.54142e-151 2.40116e-321 5.6808e-89 1.7737e-321 1.95156e-321 5.84974e-321 4.44165e-321 3.6579e-229 4.16003e-321 2.46045e-321 1.57466e-217
0.60684 3.2386e-320 2.80334e-91 1.03475e-185 4.37248e-321 1.28219e-128 6.09165e-64 2.79147e-321 8.39008e-193 5.00641e-61 2.13318e-198 2.66301e-321 2.43156e-129 9.36659e-186 2.67784e-321 3.4821e-71 7.60861e-321 7.00807e-127 5.77069e-321 3.00886e-321 3.92255e-27
1.20317e-71 1.47232e-320 2.7885e-242 4.56008e-129 2.30729e-321 2.13528e-183 2.03254e-277 1.22528e-321 3.03822e-188 5.58788e-321 2.04668e-300 2.07508e-321 0.0453905 1.43279e-321 1.81816e-321 5.80527e-321 4.72821e-321 4.25905e-126 2.99898e-321 2.11954e-321 1.37039e-154
9.64125e-136 1.50789e-320 4.35729e-139 8.58941e-45 2.01085e-321 2.3937e-254 8.08472e-255 1.25987e-321 1.36312e-195 5.00488e-321 1.573e-167 1.99603e-321 1.12542e-154 1.1907e-321 1.87745e-321 4.34778e-321 3.48316e-321 3.34547e-167 3.79409e-293 1.59089e-321 6.70508e-227
1.09126e-209 19.5446 1.0906e-248 2.40372e-157 4.04116 2.33961 1.01677e-148 2.03297 2.53415 4.74489 3.39378 2.1226 4.26646e-41 1.20251 2.27446 4.62533 7.00146 9.43721e-92 2.66617 2.00325 2.8126e-197
1.60579e-238 1.48121e-320 9.16373e-79 5.49641e-72 3.42882e-321 5.80977e-180 6.80765e-250 1.45749e-321 3.38929e-321 4.02664e-321 5.77727e-259 2.27764e-321 2.74686e-114 1.37215e-233 2.61855e-321 2.51754e-199 5.49895e-321 2.7204e-124 1.53343e-171 1.62054e-321 0.104222
0.200118 1.65957e-320 2.45573e-186 9.34881e-128 3.41399e-321 7.03027e-91 1.67973e-259 1.83792e-321 3.18178e-321 4.96042e-321 1.18946e-195 2.63337e-321 1.50767e-144 1.76259e-279 2.9891e-321 4.05936e-192 6.70941e-321 1.30546e-164 3.35471e-321 2.71736e-321 1.90533e-88
8.11761e-77 3.13139e-320 5.74725e-164 0.118075 4.2045e-321 5.53787e-275 0.284399 1.5316e-321 2.8402e-129 6.24005e-321 4.70145e-239 3.40905e-321 3.49256e-179 7.82941e-269 2.11954e-321 8.06809e-321 5.84974e-321 7.08459e-138 1.06207e-174 1.85769e-321 3.44902e-172
0.0553851 1.38289e-320 3.5295e-219 0.324215 2.80629e-321 2.725e-236 2.99581e-126 1.6897e-321 1.44907e-277 1.03947e-295 1.30162e-226 2.18871e-321 3.54637e-103 5.04569e-129 1.94168e-321 5.59774e-209 6.07207e-321 1.64524e-321 3.57704e-321 2.89028e-321 8.08942e-15
1.18514e-225 2.39128e-320 1.22884 2.36119e-47 3.69067e-321 2.32721 0.084392 2.85076e-321 2.75163e-181 2.91923e-184 1.07934e-182 3.07309e-321 0.135142 4.07654e-57 3.02368e-321 7.93963e-321 5.87938e-321 1.63551e-217 6.38152e-28 3.21143e-321 1.48659e-49
