2.57207 0.0830297
1.43538e-54 1.42658e-17 1.15818e-30 8.51279e-26 2.04205e-20 1.555e-31 5.94268e-28 0.107023 1.94004e-78 0.057384 4.7645e-43 0.105168 7.2974e-38 1.16639e-22 5.89375e-40 0.00256183 0.102609 4.72832e-60 3.82107e-56 3.84001e-50 1.87108e-43 3.14243e-37 1.62931e-09 0.0644342 4.38523e-62
1.59743e-33 3.87518e-88 1.13301e-29 0.0302233 5.01007e-38 1.10077e-49 0.00382178 1.30504e-93 7.07103e-22 1.29571e-45 0.616704 0.000452165 0.0958869 0.368627 2.54252e-11 8.50056e-08 1.59483e-38 2.04145e-08 1.65007e-06 4.49654e-15 2.86706e-16 0.00918959 1.54315e-44 6.78459e-36 1.08323e-58
4.29998e-60 1.24201e-44 1.99786e-42 2.53541e-39 4.93479e-23 8.40389e-55 4.5864e-26 1.94095e-88 6.5564e-57 4.54016e-14 3.25291e-14 2.10974e-22 1.96246e-33 2.98816e-17 0.147302 1.65917e-07 7.19372e-22 4.52959e-45 0.000479746 2.5081e-18 9.15991e-59 6.62612e-08 2.04535e-74 2.13934e-53 0.145215
1.43399e-23 6.37143e-40 9.32727e-40 1.88512e-13 6.19594e-21 1.79669e-08 0.137716 4.14525e-83 1.07848e-80 1.03037e-24 1.74829e-66 5.2547e-71 3.40841e-87 1.22914e-38 1.11544e-41 4.59531e-33 1.14848e-09 6.37547e-55 3.04441e-27 7.40728e-30 7.7601e-51 2.23255e-57 2.13096e-09 9.24932e-41 6.48989e-21
0.134542 0.834208 0.0177336 5.15443e-24 3.67713e-31 2.86752e-58 7.78745e-56 6.42967e-79 6.16547e-09 1.43818e-16 3.75785e-36 2.59002e-57 3.97461e-45 5.42499e-26 1.50219e-46 7.60671e-54 0.00123028 1.49264e-48 5.53477e-36 0.191349 6.68973e-31 4.67233e-06 0.107321 8.24557e-08 0.0127693
2.6584e-89 0.0311315 2.00513e-47 8.76477e-38 5.09429e-58 2.08595e-37 2.27611e-08 5.43155e-69 0.0596939 3.04494e-38 1.04369e-22 8.69166e-31 1.65922e-78 6.84635e-14 2.47308e-59 6.27918e-49 3.88718e-65 3.28345e-77 1.10274e-35 3.09788e-76 0.252375 0.0680392 6.9245e-15 0.178744 0.000188949
1.12428e-22 4.14453e-52 1.39203e-10 1.38424e-39 1.22756e-32 0.103907 0.0592121 5.32429e-14 2.65282e-75 4.75581e-25 2.41823e-07 3.85198e-17 2.21057e-77 0.103724 5.81545e-97 8.97081e-12 0.00293343 5.39908e-80 0.0903724 9.70841e-57 2.55452e-63 3.07693e-08 8.08938e-62 2.63673e-24 4.3593e-05
1.30131e-72 2.1978e-80 5.28889e-56 6.98515e-12 0.0281548 0.125368 1.08333e-47 3.38225e-51 8.13301e-23 2.86965e-36 1.31477e-09 5.85711e-24 2.52985e-86 1.94367e-57 5.81634e-14 1.58264e-18 1.98105e-30 2.59741e-72 1.01324e-44 1.23277e-70 0.066158 6.90652e-28 6.53002e-08 1.34025e-35 1.66002e-67
1.26401e-47 8.20323e-69 1.83599e-39 4.29401e-44 3.82689e-20 0.571574 3.10148e-10 2.26488e-57 5.95478e-40 2.73188e-11 3.71709e-46 4.33864e-57 6.24579e-68 2.78778e-60 1.60542e-99 0.232356 7.19025e-15 2.39762e-49 4.48565e-29 1.3308e-68 1.40761e-25 1.16187e-15 1.53526e-59 1.25721e-51 4.95175e-47
3.26219e-64 3.1723e-23 1.3203e-08 1.02598e-06 8.53161e-37 5.125e-24 1.22481e-49 8.2705e-33 9.48351e-53 2.75312e-27 3.87327e-35 2.31997e-15 1.93692e-75 2.9214e-38 1.82411e-43 4.6153e-15 2.28596e-65 0.0244444 3.74176e-20 1.03435e-73 1.02583e-79 0.0456028 8.91531e-27 5.04013e-18 5.22721e-93
