3.61918e-07 2.50468e-67 0.134838 2.93906e-76 2.03873e-212 3.18156e-126 1.21047e-112 1.92952e-257 1.0343e-88 3.75348e-93 0.347345 6.06916e-179 4.26198e-200 1.45255e-321 1.22744e-269 2.37525e-186
8.41476e-73 8.46521e-232 1.53995e-253 7.39375e-237 5.0289e-133 4.7385e-27 1.3056e-143 7.47145e-178 8.85378e-153 0.0380499 1.05846e-71 7.15745e-157 2.68011e-212 1.27792e-296 1.42417e-153 2.76639e-168
6.16641e-156 2.19936e-141 1.46878e-28 0.551016 5.02255e-170 3.25983e-120 9.14718e-157 0.634422 2.23139e-77 3.14847 8.20128e-124 8.05959e-217 0.773309 0.499035 6.87552 4.47106e-158
5.37832e-280 5.12525e-58 9.57406e-193 1.22334e-161 1.88328e-225 2.66795e-85 3.02626e-71 1.03634e-302 2.23667e-299 0.175538 1.10359e-37 1.19127e-123 1.32955e-244 1.18082e-321 3.3577e-308 7.98328e-259
0.316278 0.260469 3.61528e-20 2.05387e-210 1.5129e-281 9.36054e-153 1.33951e-95 3.04804e-179 5.80033e-321 7.62457e-56 1.61931e-22 2.06109e-105 2.01482e-86 1.04322e-181 2.39531e-282 7.06403e-132
5.39331e-172 1.35438e-102 7.06139e-236 6.7741e-131 5.89837e-234 3.90355e-42 9.17054e-157 2.17928e-296 2.06006e-146 1.16378e-12 0.171974 1.44996e-275 1.12808e-182 1.07212e-321 1.40117e-320 1.88216e-109
9.95456e-124 1.32423e-05 1.06086e-252 1.28915e-163 1.37206 7.83679e-68 8.32422e-78 6.28034e-205 1.90459e-305 2.64639e-39 1.92045e-62 2.29587e-180 2.57188e-184 1.80479e-160 5.86556e-84 1.81218e-58
2.89426e-158 0.0254465 4.33977e-49 1.582e-146 1.20636e-115 1.36131e-72 2.93369e-139 6.5706e-146 3.71837e-74 6.21997e-17 6.69844e-45 3.38102e-152 1.52672e-259 1.62548e-321 4.08655e-127 0.156434
4.75847e-47 1.49115e-11 8.51203e-16 6.68559e-81 7.91702e-66 0.126836 7.30103e-23 2.23673e-310 2.13091e-74 2.68292 9.42323e-139 5.42395e-315 4.76496e-111 1.25987e-321 3.9114e-128 1.02828e-224
2.59713e-16 4.55551e-117 4.33058e-198 1.3059e-268 2.58514e-138 0.0837811 7.37613e-31 1.9812e-321 3.86922e-251 1.5952e-118 2.24629e-30 1.40899e-284 1.28834e-79 1.22034e-321 6.35451e-287 4.73723e-51
6.33349e-177 0.415954 4.32792e-22 5.78551e-56 1.83041e-51 9.01383e-82 2.37701e-137 1.33893e-136 1.27029e-59 2.74186e-165 1.24665e-84 0.245736 6.15446e-166 8.7327e-291 3.21376e-266 1.82553e-57
1.86141e-281 6.16002e-111 1.08916e-88 3.76242e-203 5.0993e-176 0.360117 2.93919e-35 2.25142e-219 1.82693e-143 9.21686e-78 1.66699e-124 1.44567e-292 7.08465e-166 2.38324e-304 3.5877e-287 1.77621e-259
3.71112e-168 6.85967e-22 4.8028e-10 2.62631e-171 2.00684e-284 1.07146e-31 0.492109 1.36103e-220 9.15082e-76 1.67077e-53 1.05861e-128 1.15717e-21 1.47247e-222 3.62616e-216 2.1561e-320 4.45961e-140
2.67289e-142 5.42204e-56 3.25311e-153 4.81826e-247 4.37636e-181 5.16156e-129 1.58013e-127 4.43365e-219 5.9081e-186 8.9446e-112 0.356346 4.00147e-226 9.37658e-210 9.38725e-322 9.00513e-128 1.56223e-207
1.36017e-101 8.10663e-57 2.43289e-229 5.70714e-128 8.67891e-287 7.79333e-161 2.52431e-168 2.70408e-250 2.36768e-124 1.31788e-42 0.0776627 4.11289e-173 1.82499e-152 1.11165e-321 1.50937e-320 3.19834e-149
2.19819e-109 9.56963e-114 1.33749e-209 2.63386e-112 1.40058e-286 0.0511523 4.04825e-56 4.39583e-88 0.261047 0.106071 0.451083 4.77306e-304 1.40822e-277 1.49702e-321 1.83902e-133 6.24393e-127
