7.3812e-120 1.79455e-275 4.38236e-321 2.35477e-42 4.24304e-136 8.02965e-178 1.64165e-166 0.0682665 1.84825e-310 9.65411e-30 1.89968e-320 1.43773e-321 6.64518e-321 8.02857e-321 9.55997e-219 1.73711e-40
1.80333e-234 5.16292e-10 4.13039e-321 2.28124e-100 1.44839e-142 3.31832e-91 2.11056e-316 4.85896e-87 0.506885 4.31547e-171 1.93773e-320 1.61065e-321 4.88137e-321 7.92975e-321 0.172117 1.11955e-320
1.15481e-297 1.05227e-147 8.10665e-304 5.3853e-184 1.57607e-321 0.872981 0.305658 5.79807e-71 8.83991e-275 1.04288e-171 1.12054e-320 7.19653e-209 4.25391e-321 1.02321e-320 7.09946e-95 8.46776e-310
1.97675e-43 5.19506e-177 3.3053e-321 9.115e-44 3.44889e-283 2.11962e-190 0.205126 1.50906e-227 1.95156e-321 3.63594e-224 8.93271e-321 2.39691e-137 2.05576e-291 6.43342e-196 1.64889e-138 1.81209e-212
2.90657e-278 2.0198e-31 4.94279e-147 6.82621e-27 2.32184e-125 8.09628e-52 4.44165e-321 1.87712e-298 2.17389e-321 3.84103e-161 2.01381e-320 4.5141e-300 3.97017e-201 8.00386e-321 0.5803 6.53637e-71
8.77299e-154 1.12332e-229 4.12545e-321 4.78686e-236 2.55432e-321 4.7481e-199 3.31421e-276 1.44618e-106 3.73675e-311 1.12161 1.0657e-320 1.23208e-127 4.26873e-321 9.10563e-321 1.86934e-200 1.05888
1.54465e-120 9.81694e-82 1.42813e-277 6.53155e-321 1.70947e-321 9.94205e-214 0.233318 5.7657e-311 1.25987e-321 5.59938e-106 8.97223e-321 8.63477e-155 3.33988e-321 1.3803e-262 2.6729e-321 6.6353e-321
6.34309e-263 9.58741e-149 3.91794e-321 4.74386e-40 2.12942e-321 3.8035e-182 1.70539e-258 0.382021 1.47726e-321 1.77331e-36 8.50781e-321 1.82833e-73 2.94686e-161 9.18781e-188 1.00954e-228 4.46601e-283
1.23561e-183 1.44742e-171 1.39798e-253 0.214676 1.70947e-321 2.41314e-181 1.06546e-254 1.94952e-168 1.01283e-321 2.68804e-115 6.35862e-321 5.45997e-137 3.35471e-321 5.75092e-321 1.05712e-213 1.51105e-227
4.96933e-62 9.20611e-263 8.2844e-31 7.43569e-321 2.44068e-321 0.779352 1.99729e-100 1.05411e-206 1.34386e-321 3.30279e-300 1.82804e-320 0.00833544 4.62445e-321 8.05567e-228 2.6729e-321 6.04473e-220
0.36217 2.03646e-24 2.62576e-63 6.98411e-319 1.68133e-299 1.76134e-250 9.98001e-193 1.76718e-151 1.00799e-227 1.12455e-263 9.73309e-321 1.21545e-204 3.92165e-314 8.72026e-321 1.70253e-253 8.60168e-321
1.77611e-93 1.67763e-297 3.988e-160 0.508536 2.14771e-286 7.47387e-136 9.92737e-94 6.66335e-105 1.99242e-209 2.12461e-142 1.20898e-320 2.04434e-184 5.54342e-321 7.49992e-321 3.15708e-321 2.63727e-254
1.34841e-171 1.16731e-219 1.27874 1.54821e-18 0.926256 1.26284e-249 2.0547e-216 1.39224e-129 4.51762e-47 4.41248e-171 6.7266 0.469265 2.70591 3.82585 6.76061e-20 2.00108
2.66834e-103 1.43705 1.24751e-159 0.606119 1.67982e-321 1.74804e-115 1.27127e-171 1.70947e-321 4.4033e-173 3.81783e-229 1.12894e-320 1.03211e-216 3.98217e-321 1.50264e-224 2.13926e-58 5.53354e-321
7.07443e-137 1.80207e-241 2.27258e-118 0.105722 1.85769e-321 1.29235e-47 2.16675e-84 1.85732e-23 1.63536e-321 3.07293e-69 8.46829e-321 1.25493e-321 4.64422e-321 9.77253e-171 2.73822e-242 1.51558e-62
6.10511e-121 2.57159e-312 3.32487e-303 0.224977 1.11998e-192 1.52255e-56 9.45388e-217 1.62281e-129 1.75291e-179 8.49358e-193 8.33983e-321 2.4894e-11 3.39723e-145 8.17185e-321 2.61743e-256 8.84872e-321
