3.53792 0.135691
2.71426e-31 3.538e-43 1.00802e-25 2.13134e-28 6.36228e-65 7.85634e-30 4.68731e-49 8.86406e-52 1.45565e-43 1.37903e-23 1.62188e-63 4.92904e-48 2.15766e-74 4.65579e-186 7.74367e-83 1.28677e-64 0.170219 5.87751e-167 5.44652e-249 2.88605e-79 2.10134e-108 4.26257e-129 1.53583e-152
7.92424e-20 1.2341e-169 2.71184e-114 1.57006e-35 2.22676e-06 8.46077e-114 9.67673e-50 2.43813e-33 1.93074e-108 8.72385e-55 3.54256e-128 0.0677832 0.685645 2.20351e-247 1.05176e-114 1.49738e-87 1.08266 1.35486e-174 1.92535e-151 4.902e-33 4.56405e-152 1.75117e-107 1.08756e-108
1.64428e-35 0.00132475 4.92618e-40 7.14938e-67 3.44856e-56 1.27681e-24 6.43561e-18 8.14391e-20 2.00863e-47 5.08433e-40 1.10516e-36 1.81256e-84 2.64482e-70 2.20683e-247 1.2438e-124 8.64691e-76 0.269278 7.78649e-132 1.23411e-198 1.41291e-130 2.29229e-140 5.40361e-133 2.33378e-164
3.09261e-288 2.07968e-224 2.05695e-92 1.06062e-60 2.29754e-252 1.21224e-187 2.2349e-118 4.00152e-56 4.25305e-99 6.7908e-39 1.68741e-152 7.39999e-17 5.82451e-46 0.396723 2.85406e-52 0.587001 4.2039 0.0985717 0.253438 3.32708e-12 3.35697e-149 0.751574 0.203433
4.75851e-165 1.92697e-203 3.7385e-64 6.21436e-132 2.08502e-64 2.32965e-54 0.00452543 0.0794441 7.63625e-14 4.15576e-182 7.79353e-71 4.8763e-81 1.28117e-27 3.48332e-206 3.45917e-79 3.35481e-99 4.52146e-33 6.058e-71 6.29789e-71 1.19559e-126 0.582584 6.23876e-164 2.11203e-90
2.58327e-149 8.00769e-167 1.04062e-09 3.90847e-151 4.95436e-100 6.41797e-143 5.33703e-89 1.58776e-30 1.31624e-23 1.57507e-132 2.13759e-44 1.76697e-14 8.21077e-33 1.49516e-191 0.100541 1.28211e-103 2.52553e-13 2.15447e-138 7.7196e-186 0.173066 2.57715e-60 2.3109e-81 9.85533e-123
2.53597e-199 4.58504e-37 5.50139e-61 5.71212e-172 1.93117e-40 1.3227e-125 7.18504e-82 4.71612e-136 2.4137e-124 2.48146e-219 1.97569e-45 1.56478e-74 3.68306e-76 3.8302e-21 1.31765e-42 1.87743e-83 4.47806e-40 0.172931 4.35932e-254 1.32038e-12 5.15603e-74 1.36385e-17 1.07961e-118
6.64558e-93 0.00293598 1.82861e-65 1.22547e-72 3.33549e-59 6.81434e-65 1.92791e-74 1.08049e-41 1.42016e-40 4.38048e-51 6.12414e-10 4.00721e-63 2.96503e-109 2.91684e-138 2.96948e-120 1.49035e-106 0.676838 6.50113e-128 5.23531e-163 1.1166e-105 5.0364e-125 1.86826e-125 3.63731e-116
1.06959e-97 2.4462e-113 4.90865e-106 3.26117e-90 6.83357e-111 4.99389e-124 6.34238e-82 3.88953e-113 3.40239e-88 3.5411e-62 3.12883e-223 1.81269e-23 3.46479e-51 2.76079e-36 2.82794e-40 4.19252e-100 1.37397e-38 9.35983e-157 2.27731e-229 2.3993e-80 1.72527e-97 0.118153 3.13265e-35
2.17066e-36 2.20418e-13 2.88352e-38 3.59233e-09 4.8729e-27 3.35039e-20 0.0874686 1.3253e-55 4.22093e-40 1.71302e-30 2.22177e-07 6.7105e-80 4.54778e-103 1.4653e-207 8.89376e-84 1.34818e-104 0.546639 9.31514e-161 2.0896e-228 2.15898e-98 1.29705e-145 1.7333e-174 1.29816e-153
8.06883e-89 4.88841e-48 4.69652e-73 3.45618e-51 6.8133e-65 3.17455e-21 1.65375e-90 4.69476e-159 3.94237e-110 5.84058e-176 2.14758e-20 6.42907e-34 9.86203e-24 8.74123e-101 2.61919e-119 0.0920749 8.45335e-47 1.04092e-122 2.53814e-206 5.8118e-40 4.15469e-108 8.91796e-136 3.83471e-130
8.56195e-05 0.00112712 0.000649134 0.00251973 0.00118282 0.00155516 0.00204239 0.00110169 0.00303113 0.000425626 0.00428763 7.78607e-94 5.60393e-113 2.38082e-249 4.64821e-125 1.19956e-125 1.05691e-52 2.16249e-182 3.00339e-258 3.08582e-145 6.25585e-157 1.35157e-178 7.88578e-172
