3.81483e-95 1.07834e-49 1.7326e-67 1.96403e-31 8.13889e-48 5.70415e-56 1.03563e-29 2.34841e-23 1.64425e-53 0.000172042 8.65554e-36 9.11122e-64 2.64727e-20 6.83986e-56 3.12738e-94 0.0369198 2.70528e-33 5.74196e-61 0.345549 2.98706e-48 9.52657e-29 0.000116154 2.00119e-43 0.000119261 2.11969e-42 5.9876e-44 1.64465e-35
3.91192e-52 1.05459e-10 1.58904e-45 8.51475e-60 1.57404e-34 1.8656e-19 0.0009541 5.90255e-80 2.47186e-72 6.72711e-18 2.40235e-24 2.0484e-15 1.49117e-36 1.58235e-72 4.6749e-21 5.89693e-55 2.58653e-25 7.33836e-49 2.37453e-56 5.98096e-23 4.96834e-70 0.000211775 0.0247522 1.79624e-45 4.6872e-20 4.0936e-64 4.58123e-08
5.05012e-72 7.69803e-45 2.67649e-60 7.87808e-57 0.0584443 3.98386e-54 0.0996687 2.53453e-53 3.45661e-56 6.09119e-55 3.90798e-67 2.13571e-20 1.94347e-09 3.93606e-06 8.58899e-19 2.80016e-65 5.73112e-21 2.30638e-07 2.08492e-25 5.76091e-68 3.74596e-69 2.83636e-45 2.15494e-14 2.41181e-07 2.50411e-33 5.81692e-64 2.15863e-45
0.00251344 6.20702e-30 3.31375e-83 4.88094e-22 1.45077e-33 2.86089e-81 2.95971e-23 3.73937e-62 7.53814e-63 0.0523054 1.97032e-12 4.34525e-41 4.27511e-46 1.45283e-36 6.63918e-44 1.96894e-11 0.0398838 2.03152e-37 5.41448e-59 3.80186e-40 4.74212e-43 4.75435e-60 1.10554e-24 9.55283e-37 1.13962e-23 6.10365e-30 8.35547e-46
4.07556e-54 1.84047e-60 4.95337e-21 1.46148e-40 1.23847e-69 1.61112e-60 6.14564e-08 4.86119e-87 9.51749e-30 2.86103e-15 5.72412e-84 3.46118e-21 6.86278e-33 1.0426e-30 4.83191e-60 3.96853e-21 3.31499e-38 1.55744e-51 2.63144e-33 2.00119e-76 5.0111e-21 7.36831e-10 2.20246e-52 0.0681424 2.42341e-32 0.0431235 6.38218e-52
1.30863e-32 9.91898e-35 0.000472781 4.50042e-49 4.95659e-71 3.65194e-36 1.78239e-37 1.50829e-11 6.31314e-73 2.24178e-51 2.22544e-86 3.89784e-42 0.0624517 3.81574e-70 0.271484 1.16295e-25 1.38196e-25 0.0981337 1.99458e-36 1.83356e-91 1.7269e-54 1.19303e-06 2.83411e-44 5.21964e-63 0.0979173 1.16607e-68 6.26478e-51
1.41072e-53 0.0879565 2.35847e-33 0.000616286 4.5405e-38 4.84666e-26 1.04234e-07 9.1093e-25 6.9862e-36 3.62971e-40 2.10929e-96 6.56472e-78 7.89831e-29 0.0486473 1.45538e-71 2.75675e-11 5.9377e-18 6.11441e-19 8.71581e-55 7.56302e-17 2.51634e-07 1.89247e-36 1.70958e-06 9.36398e-17 3.32893e-29 1.22043e-73 1.66411e-52
3.36763e-56 5.28132e-22 2.28873e-87 0.224547 2.14602e-82 1.37118e-32 4.60939e-34 1.11455e-49 1.75171e-62 2.46159e-18 2.71752e-56 8.1234e-79 4.14746e-46 3.32806e-43 7.59177e-61 1.24761e-32 1.33489e-38 1.89652e-21 3.91095e-14 4.63374e-77 2.79214e-60 6.68137e-38 8.25223e-35 4.02181e-63 3.35525e-33 4.83412e-50 1.13555e-48
4.80875e-82 8.57354e-50 1.19025e-36 0.149867 9.40248e-71 1.82327e-60 4.33152e-18 2.1269e-31 4.1507e-16 5.56181e-09 4.87236e-39 9.08165e-32 2.61358e-12 6.26691e-48 2.89058e-54 9.73111e-52 6.35225e-15 1.54062e-42 1.05138e-44 6.99041e-67 5.2318e-62 0.141581 0.0251442 1.8296e-55 3.83556e-32 1.44822e-68 2.20721e-17
4.95218e-21 1.53877e-64 1.44867e-09 0.0170956 7.15293e-35 1.08039e-69 1.16968e-38 1.39841e-43 2.42209e-48 9.73223e-34 1.12506e-35 2.05813e-38 6.8718e-33 1.45373e-81 3.66762e-38 7.49358e-55 5.52986e-46 4.33811e-19 7.84833e-37 1.40579e-92 2.44804e-26 3.62839e-54 2.54788e-41 1.59813e-61 8.79289e-05 6.85851e-39 4.82392e-24
5.44914e-66 1.03953e-21 4.79181e-17 5.67351e-38 3.14488e-34 4.78431e-85 0.606473 5.75254e-44 8.56238e-08 5.27575e-51 1.59862e-27 7.018e-53 6.41324e-61 2.6899e-65 2.91936e-65 6.72281e-10 6.431e-16 6.90745e-79 4.13985e-43 3.5317e-61 5.79864e-12 0.00456233 0.00158429 1.29429e-29 1.96258e-23 3.0007e-20 0.0674531
1.57901e-72 2.24764e-29 5.45344e-67 2.14028e-14 6.96079e-67 2.80271e-50 2.71889e-33 1.77411e-85 5.67218e-33 3.95845e-17 0.0642748 6.07893e-36 6.54271e-61 0.0743952 1.36219e-75 8.50768e-24 6.96193e-34 0.0702413 6.16453e-17 8.82011e-58 0.0446266 1.77507e-25 2.01915e-43 1.60996e-54 2.49077e-46 0.00935301 4.9233e-44
1.75082e-47 1.93525e-59 0.0676669 7.96995e-47 3.80157e-14 2.23278e-32 4.9631e-11 8.66733e-21 0.0239746 5.81485e-15 1.13773e-31 1.40002e-36 8.33464e-57 9.64083e-27 3.79747e-65 7.71099e-60 2.23132e-22 4.14447e-54 1.18211e-30 6.02493e-11 1.80386e-52 8.32916e-21 2.14607e-52 2.96401e-21 8.15159e-36 1.86533e-36 2.29014e-33
0.238321 1.32392e-61 1.04894e-53 7.73926e-08 8.56e-55 0.0650068 0.0122126 0.00995449 2.16486e-73 5.4326e-27 4.91198e-75 0.0612734 2.1621e-09 8.14364e-67 0.0646194 0.0790946 7.81471e-40 8.52369e-70 1.37889e-56 0.367208 1.06297e-62 6.29204e-49 1.11029e-42 5.83995e-25 2.35781e-17 1.20987e-53 0.0227813
8.13696e-31 7.29509e-49 9.76102e-80 0.758454 7.27748e-60 2.11758e-33 9.13613e-46 3.81661e-28 8.17217e-37 1.56505e-33 1.66655e-15 6.23212e-26 3.22171e-67 1.46144e-76 5.23181e-13 2.20476e-63 2.07034e-49 2.99498e-63 1.68991e-56 2.32698e-49 4.98872e-50 5.08787e-24 1.15232e-31 1.69367e-45 5.18707e-30 3.96143e-27 9.80702e-32
