2.26298 0.116683
1.66268e-76 1.81776e-22 8.05149e-22 3.13067e-65 8.33068e-54 3.32714e-05 4.80683e-42 1.0489e-88 2.02976e-90 1.33803e-54 4.62199e-163 7.89165e-18 2.86616e-102 0.0672525 1.10298e-45 1.62206e-102 1.79687e-68 3.57519e-66 1.91482e-49 4.69188e-05 8.62165e-98 8.13434e-31 3.62185e-109 1.08225e-51 0.00382043 5.42403e-13 0.171603 9.36406e-05 1.74258e-48 5.37228e-94
6.73061e-06 3.03384e-51 8.72236e-106 1.43587e-50 6.78604e-81 2.92332e-43 1.10132e-46 2.44901e-66 3.20035e-47 2.68855e-63 1.33664e-88 9.81263e-106 3.33849e-100 2.3645e-13 4.28372e-71 2.07601e-74 4.57627e-28 3.81768e-31 4.4179e-100 2.57271e-82 2.40407e-28 3.05067e-130 3.11172e-108 1.09546e-159 5.55588e-64 0.197959 9.00671e-87 6.5078e-30 3.8522e-57 1.55562e-82
2.25231e-25 2.63051e-08 3.04581e-99 6.61459e-95 6.53551e-120 1.4959e-16 1.88054e-35 5.54483e-82 0.132647 1.37172e-120 3.56397e-53 1.34822e-68 1.7876e-114 2.38908e-29 1.75665e-67 0.0855316 8.90942e-109 1.65836e-96 3.94388e-86 1.73176e-67 1.13771e-108 3.35558e-151 5.92732e-112 0.05369 3.77422e-80 0.164133 9.18037e-73 4.1542e-75 9.30879e-09 3.13701e-34
2.92852e-44 4.39749e-28 5.66159e-45 5.5477e-59 4.43834e-57 1.93889e-81 0.00788801 1.99011e-09 2.3322e-23 3.93586e-112 1.1101e-53 5.17747e-104 2.23316e-83 2.9524e-51 1.61467e-54 1.31775e-60 1.99597e-102 5.75367e-54 4.69551e-28 1.58168e-74 1.06652e-97 4.78809e-167 6.74465e-62 6.0084e-109 1.28754e-54 0.0232705 9.76658e-65 2.07093e-54 1.56097e-62 1.10241e-55
6.60855e-67 9.58368e-29 6.6666e-150 3.7768e-17 1.43249e-59 2.03312e-50 1.34889e-34 5.97617e-70 5.83911e-82 8.07933e-98 2.61448e-57 1.41928e-139 0.134733 1.38039e-96 2.93484e-79 9.66253e-83 2.37733e-53 2.68318e-97 8.36884e-74 4.09604e-45 2.48991e-30 1.21344e-75 0.107655 6.00729e-137 7.52138e-15 3.23917e-43 0.000808068 7.27388e-76 8.5676e-22 2.23517e-24
0.00157411 5.59376e-05 0.000106724 0.00231713 0.00313864 1.25822e-87 1.3992e-85 1.64835e-98 7.60207e-98 2.60051e-123 1.1866e-171 6.92319e-150 1.35267e-136 7.67169e-132 3.09752e-109 2.63816e-110 6.93349e-111 5.26742e-114 1.41469e-112 1.13576e-95 8.87932e-129 1.51322e-186 2.22578e-114 1.02179e-165 1.16787e-89 1.50701e-47 2.67988e-105 7.81133e-80 3.70073e-91 6.16137e-107
1.52931e-102 1.63928e-59 7.21164e-50 5.85064e-18 3.07926e-51 0.0237694 3.81195e-33 9.59237e-16 6.51722e-44 7.49828e-76 0.0984151 0.0730421 1.43419e-124 2.39384e-95 1.43953e-60 2.53286e-66 6.71492e-54 1.86991e-07 0.21501 0.0599536 1.6289e-84 7.33282e-181 6.7635e-29 4.91427e-86 0.00171109 2.5347e-26 1.68778e-39 3.18286e-42 0.000106827 1.09078e-94
1.12825e-05 7.48068e-53 4.82121e-139 1.31395e-101 5.26818e-06 0.00879312 2.16581e-68 1.21376e-72 4.77008e-06 1.24958e-66 1.95573e-135 7.00902e-45 4.32434e-48 2.34744e-45 0.109023 8.23098e-95 4.75315e-71 1.22443e-14 3.28067e-64 3.04963e-23 1.33649e-24 0.0807167 1.34776e-07 4.67186e-146 0.0527259 6.74102e-38 2.60512e-100 5.86555e-57 3.05232e-23 9.76018e-15
1.69118e-81 3.13239e-35 2.9588e-66 2.01913e-52 3.88699e-90 3.46834e-76 8.01228e-33 3.71831e-38 3.03631e-24 4.09822e-36 8.54605e-151 3.3797e-43 3.69405e-132 5.177e-122 1.16276e-75 3.60114e-77 8.09506e-20 1.00293e-109 1.98444e-105 8.40263e-13 7.92457e-29 1.45971e-154 5.70626e-102 7.97151e-29 3.87045e-73 3.26955e-45 0.00974818 1.66138e-56 1.01737e-86 5.46565e-55
4.3771e-11 1.01356e-38 1.54432e-46 2.19962e-49 1.12029e-72 2.71444e-74 1.70697e-25 0.150817 5.783e-21 2.59132e-66 4.10737e-116 2.4041e-89 1.56849e-38 4.11703e-60 1.35374e-17 5.66041e-69 3.2112e-48 5.8903e-58 9.46963e-106 9.6481e-27 2.48934e-78 7.78468e-69 5.98063e-29 5.1104e-117 0.227281 5.19693e-08 4.6935e-102 8.44702e-28 2.38098e-14 8.36695e-68
3.15682e-29 9.28776e-17 3.26833e-24 1.18341e-68 1.12864e-81 5.15303e-83 1.15307e-05 1.07044e-46 7.0391e-56 0.111681 2.73741e-114 8.7356e-128 0.304001 1.66888e-106 6.91836e-97 6.10997e-17 0.208099 1.33377e-08 2.61544e-94 4.72149e-85 5.49048e-92 6.56629e-155 1.32591e-49 7.87939e-139 2.23422e-49 4.29711e-29 6.35242e-95 0.687452 0.171781 0.0473289
1.35617e-34 2.58754e-28 2.76091e-15 6.31205e-28 2.94917e-16 2.4654e-36 2.6084e-33 6.3777e-89 2.48837e-95 5.42334e-95 2.20168e-169 2.39062e-141 6.57376e-123 1.64063e-100 1.21706e-61 7.43933e-75 1.22196e-94 5.9031e-95 2.99747e-61 5.51379e-42 1.90386e-94 4.71425e-103 3.32242e-103 2.88286e-162 2.85714e-51 1.22797 1.58074e-72 3.73291e-61 1.57688e-38 3.25705e-96
1.27628e-62 1.22684e-125 3.55456e-166 6.43395e-18 4.35409e-146 2.40029e-21 5.83835e-35 4.48451e-92 7.63802e-94 4.14008e-100 6.49691e-160 5.30974e-73 2.15921e-106 0.106069 9.62999e-13 9.73778e-66 4.66179e-60 0.223135 2.18954e-15 3.03869e-64 6.00275e-33 1.43429e-26 0.841768 0.0356856 4.37937e-61 0.000757955 1.08254e-85 4.49648e-73 8.69339e-53 9.26393e-102
0.000420941 2.57427e-42 1.60861e-54 9.96747e-27 1.0196e-09 1.16028e-61 6.04381e-84 1.049e-69 2.20443e-61 1.92687e-112 2.61498e-115 4.09392e-113 9.63636e-88 5.57998e-106 1.95701e-88 1.87213e-98 2.97524e-78 1.66897e-107 8.15514e-84 1.30034e-88 2.54541e-118 4.81392e-129 4.8886e-70 4.3211e-140 7.75339e-45 0.258618 1.27723e-84 2.18183e-69 6.61273e-80 7.58181e-91
1.68622e-34 1.47315e-104 2.75809e-106 6.01764e-26 6.64006e-32 3.5705e-08 0.124974 5.63236e-36 8.42469e-58 2.09889e-40 4.37782e-116 6.88047e-44 1.87996e-94 2.73565e-28 3.77674e-92 3.89662e-96 2.35644e-35 1.95095e-101 3.50964e-56 4.07929e-22 0.618082 1.561e-141 4.01692e-66 3.03538e-72 5.58153e-37 1.29211e-33 1.61152e-84 1.03214e-24 2.1452e-78 3.85674e-28
