2.63321 0.06567
9.70196e-19 3.19646e-11 2.03453e-43 3.13933e-24 2.82077e-79 2.80106e-17 3.94574e-41 3.40605e-28 1.77786e-56 4.92693e-45 9.13598e-18 1.40274e-19 2.67081e-48 0.0344636 0.0944943 2.01262e-13 0.195591 2.81112e-34 8.8601e-38 1.56701e-69 3.05796e-28 0.187536 2.1252e-69 1.75637e-09 2.04578e-85 4.31365e-20 1.8697e-44 1.0512e-53 6.21188e-64 5.04879e-24
0.0315503 9.12898e-57 9.11622e-27 4.09826e-26 5.02353e-06 4.08404e-53 3.76535e-37 0.0262524 4.59711e-07 0.000406839 0.00176919 5.19628e-26 4.32442e-50 1.37397e-41 1.27809e-39 0.00473271 2.27213e-43 2.46021e-41 0.158276 1.58227e-61 1.45571e-49 4.10127e-55 2.27487e-37 8.14063e-20 1.14957e-30 8.00839e-35 1.66094e-21 4.78101e-07 1.22454e-54 0.00633242
2.02435e-30 1.14242e-44 2.62975e-20 1.12282e-56 1.76474e-28 5.32012e-81 2.94942e-63 8.58177e-47 1.95706e-52 1.96905e-16 1.17359e-29 0.000260364 4.50616e-37 5.72708e-29 3.91631e-51 1.24744e-68 2.28058e-25 1.31999e-21 2.42565e-55 4.04759e-77 1.74083e-69 2.43246e-46 5.8362e-55 0.160548 1.47438e-40 2.69107e-54 0.0734093 5.48651e-55 2.40504e-35 1.83711e-48
2.2751e-05 0.00638877 0.0485425 0.0105687 0.00519959 8.8082e-95 3.72933e-63 4.79791e-64 1.8108e-56 3.82426e-48 1.38813e-65 1.96908e-31 1.15594e-58 4.34633e-46 1.16223e-78 7.23914e-86 1.99741e-59 4.684e-51 7.73407e-74 1.90765e-83 1.25487e-70 4.9934e-62 3.22125e-75 2.42608e-36 3.04282e-93 9.92152e-79 2.45949e-44 2.7624e-55 3.47685e-70 2.25747e-53
4.0679e-72 5.50241e-47 4.05698e-64 2.70977e-11 3.66919e-58 4.66329e-48 1.43893e-47 2.91484e-37 1.64154e-42 0.0428058 7.48173e-31 6.87334e-31 1.16119e-31 1.38584e-14 1.7232e-37 6.03519e-22 8.60354e-53 3.21189e-05 4.13934e-38 2.52447e-52 1.09329e-67 4.79201e-49 2.66307e-49 4.49201e-27 1.35427e-73 2.44501e-32 2.10822e-37 4.57174e-20 2.29956e-57 8.20794e-28
8.58388e-26 2.52464e-17 2.31709e-37 1.31626e-29 5.69238e-14 1.83381e-69 4.33423e-55 7.5344e-29 2.47886e-25 0.0236251 3.30745e-44 1.98543e-17 2.08709e-42 1.3915e-26 1.66996e-53 8.96803e-56 6.3934e-56 6.31637e-05 4.08226e-46 8.17737e-33 6.12417e-70 7.00031e-39 1.00807e-67 1.17057e-37 7.27431e-54 2.70412e-27 3.87238e-14 5.2312e-46 1.84485e-08 0.0136495
1.50186e-08 1.47195e-71 8.15374e-80 2.1127e-35 1.16454e-18 3.49526e-45 5.51378e-16 2.38544e-10 2.45902e-12 3.84292e-24 1.09042e-40 3.28418e-25 6.86944e-12 3.83804e-15 1.57105e-60 9.09163e-75 4.3236e-44 7.16169e-30 1.67798e-64 6.71925e-17 3.51868e-27 1.1308e-14 0.0246404 0.167617 2.55567e-73 6.71897e-18 1.41221e-41 2.09966e-19 1.66001e-38 5.07252e-32
4.68486e-18 3.87079e-27 2.72841e-62 0.000123435 6.82482e-07 0.0306122 6.82857e-46 5.57881e-50 0.063964 1.17516e-21 5.55585e-61 1.28435e-14 0.140564 3.74398e-14 1.02042e-75 0.18389 0.387998 2.2584e-16 2.69659e-30 6.21145e-17 1.02063e-08 1.74438e-55 1.1047e-67 0.0748094 9.3917e-35 0.102542 5.9705e-28 1.9495e-12 4.66667e-62 0.00484674
0.000111332 1.19131e-12 3.09409e-43 7.07588e-21 7.71115e-35 6.96413e-63 2.61652e-53 1.94437e-40 7.39942e-26 4.66576e-42 1.62467e-39 0.0272397 6.04656e-42 1.82512e-11 3.2404e-71 1.30221e-45 9.70061e-55 2.72929e-40 1.67757e-55 3.05831e-50 1.07127e-50 6.63363e-56 7.71734e-75 4.84621e-07 3.87535e-44 2.13859e-63 1.05424e-23 2.6919e-12 6.42279e-49 5.38026e-41
2.65613e-65 2.19878e-21 3.69476e-74 3.45301e-12 6.22034e-66 2.14842e-98 4.57788e-26 0.00119916 1.64014e-51 2.99065e-08 2.55842e-20 3.70431e-07 9.86357e-12 6.42182e-16 5.92128e-77 3.87934e-41 9.35342e-52 1.28013e-14 3.4278e-21 3.21705e-10 1.76856e-52 1.97118e-49 1.42453e-27 0.0834816 3.71699e-56 3.73537e-53 6.28022e-16 1.26155e-41 0.0649252 1.38963e-48
1.67074e-79 1.19182e-27 2.08578e-08 7.39843e-27 0.000761832 1.89521e-82 1.5706e-51 2.29902e-47 3.0852e-31 7.10541e-18 1.66262e-41 3.67487e-08 1.08797e-13 6.42412e-28 1.15941e-53 3.68987e-29 5.20639e-60 2.26044e-42 1.13395e-41 1.62051e-73 1.66308e-57 1.08511e-25 1.53233e-34 0.145646 3.44392e-37 2.11023e-66 2.92736e-27 4.80049e-18 1.0879e-41 8.03963e-22
0.0124641 1.4526e-06 1.41484e-34 2.44794e-07 5.71726e-57 1.84256e-55 2.30701e-50 3.9037e-55 3.85766e-19 3.77846e-37 2.16088e-06 0.402802 8.84579e-33 0.0892968 6.44297e-49 1.43219e-75 0.00634733 0.27678 6.36268e-37 3.4696e-62 1.757e-37 4.64436e-37 5.99282e-40 8.78748e-37 3.02123e-67 9.08119e-40 7.8442e-33 2.48927e-18 3.34184e-62 2.28125e-11
3.27241e-20 3.66879e-41 1.07597e-35 1.78693e-29 3.29885e-25 2.22253e-81 8.28005e-41 6.79945e-21 2.76897e-45 2.39697e-06 4.68787e-32 0.0119933 3.69849e-46 3.40782e-15 8.58979e-45 2.10137e-43 3.55152e-54 1.16677e-12 1.91732e-34 3.51202e-56 1.26798e-69 1.86103e-49 8.53534e-64 7.89942e-24 7.43182e-79 1.84864e-80 5.3509e-33 0.0548134 8.62334e-42 3.19463e-52
2.65352e-69 1.51923e-49 2.16943e-83 2.54488e-80 0.127273 1.7631e-72 0.140238 1.36208e-11 1.04247e-36 7.34683e-49 0.118738 2.8227e-29 8.58451e-44 1.64921e-10 0.0231813 4.65382e-61 2.49258e-41 0.517352 1.67693e-28 0.129624 0.0902755 6.16824e-30 1.53603e-37 4.45019e-29 0.0610303 9.31047e-78 1.68845e-19 2.31922e-30 1.73607e-28 1.09153e-12
5.14591e-14 8.07249e-32 3.8019e-26 6.62451e-09 1.51389e-50 4.79287e-42 3.65292e-63 1.69009e-18 1.79836e-47 0.0824381 7.92173e-58 1.76613e-14 9.37298e-46 3.93691e-38 5.74292e-44 3.93524e-23 1.12052e-25 9.31037e-23 3.01823e-32 9.52522e-80 1.6629e-37 5.08012e-30 4.39895e-69 1.01743e-18 7.41407e-28 4.94479e-30 3.67785e-24 5.68263e-41 1.18956e-60 1.16006e-09
