1.23846e-277 4.27188e-247 1.12118e-43 7.73527e-169 5.09717e-77 1.53594e-221 5.19602e-67 6.42529e-139 7.32512e-166 8.82751e-120 1.90923e-92 3.69852e-122 3.24275e-139 8.21459e-63 5.71358e-180 1.64514e-220 7.21102e-67 3.32619e-87 8.30238e-51 4.77262e-185 4.49786e-300 7.43794e-103 0.19097 3.49184e-126 9.4218e-222 6.40195e-143 1.11465e-161 1.26248e-92 1.00299e-91 4.32398e-202
1.50157e-70 3.25964e-102 7.17656e-08 1.43925e-102 4.71542e-149 7.1314e-117 1.16599e-321 4.53987e-154 1.00976e-284 6.76769e-317 5.79468e-222 6.9886e-95 2.73778e-119 5.44031e-115 2.37603e-308 3.57677e-180 4.82724e-160 4.20908e-223 2.30701 1.33321e-316 2.09672e-212 4.96545e-120 1.55594e-75 1.2592e-94 5.39783e-136 2.81344e-199 1.13981e-157 3.9539e-131 3.06711e-119 2.00273e-101
1.70242e-191 1.00684e-57 5.92372e-133 9.70558e-22 1.00184e-298 0.30071 1.4262e-11 2.80556e-107 7.46867e-291 1.08395 0.16771 2.88032e-206 5.21746e-130 2.50645e-149 3.82987e-49 1.85899e-139 2.70957e-80 7.96466e-217 2.68488e-09 0.175202 3.0385e-321 0.512677 2.61325e-202 1.79292e-72 2.58547e-84 5.51904e-132 0.0639126 4.98023e-71 1.16625e-67 9.26878e-154
1.56459e-178 4.56042e-107 7.8148e-51 3.53051e-114 4.4358e-197 0.38177 0.423852 2.06347e-81 1.9318e-321 1.71868e-298 2.82649e-142 0.219722 1.16833e-32 3.8826e-57 1.26793e-272 5.62755e-44 8.23862e-39 0.547269 9.38963e-26 5.56663e-44 2.20942e-99 2.22732e-78 0.129524 1.22203e-149 3.39255e-286 8.58981e-20 1.11911e-81 1.13899e-198 5.73116e-321 6.80079e-137
0.00887122 0.0179447 2.42827e-07 0.0150771 0.00230247 1.49448e-243 5.43472e-323 3.22815e-314 5.92879e-323 4.6445e-316 2.47033e-323 3.91938e-234 2.067e-200 1.15567e-197 1.15174e-306 5.42131e-228 3.21617e-161 5.55176e-265 3.12396e-120 2.47033e-323 1.03754e-322 6.25487e-239 1.05498e-211 5.3328e-217 5.04599e-302 1.51163e-200 2.79973e-210 8.92866e-219 7.41098e-323 7.61959e-203
4.2507e-177 6.16332e-36 2.40567e-92 1.38516e-63 1.2731e-52 1.43185e-216 7.15868e-292 2.08361e-235 9.88131e-322 1.90343e-268 5.19438e-289 3.81112e-164 2.1436e-154 2.21669e-193 6.92646e-176 1.51132e-167 2.30535e-75 1.91944e-260 0.456379 3.45218e-197 9.60149e-287 1.84996e-199 1.40261e-52 7.80965e-130 1.04214e-241 2.62884e-159 2.84552e-169 1.09287e-141 4.7517e-156 2.97007e-142
5.88803e-44 8.13266e-142 2.95493e-14 6.08231e-49 7.51393e-249 2.06068e-49 8.62543e-202 9.10583e-259 1.54159e-65 1.96296e-168 1.59752e-48 2.25323e-44 9.62305e-27 5.41515e-27 3.69211e-286 1.25362e-109 1.05354e-81 1.79461e-159 4.71508e-49 6.81103e-07 2.36913e-235 3.74918e-129 0.242233 7.07804e-114 2.9857e-286 8.25878e-141 4.98155e-102 1.88029e-191 3.23886e-305 1.89459e-102
6.45078e-128 9.83274e-251 5.23812e-132 2.02607e-139 2.91508e-205 8.08441e-55 3.44521e-117 8.96035e-58 9.61339e-112 3.37023e-107 5.58895e-285 3.64883e-152 1.65303e-92 0.0287021 9.82786e-35 8.58658e-104 5.02645e-37 3.40502e-173 1.15914e-83 1.65003e-13 5.82753e-275 8.13839e-158 9.54026e-214 4.41375e-181 6.16109e-69 4.18539e-23 1.6426e-162 8.1953e-36 9.80812e-09 1.42303e-71
4.34873e-153 4.55408e-117 9.72751e-07 8.1005e-120 2.39379e-102 1.09839e-147 1.06718e-321 1.1419e-309 3.12123e-226 9.815e-267 7.77328e-194 1.11246e-232 0.230784 2.00248e-202 7.07931e-178 2.89725e-68 6.52025e-116 1.59055e-215 6.50166e-25 2.01161e-265 5.07819e-162 1.39174e-91 0.0621841 2.1489e-85 9.6426e-129 3.44516e-66 3.74672e-53 1.67208e-64 1.54643e-321 4.90984e-121
0.00266219 1.56478e-18 0.0294469 5.04838e-09 1.59548e-14 9.3707e-253 7.90505e-323 5.62108e-311 7.90505e-323 6.37584e-312 2.96439e-323 4.82987e-230 5.36928e-205 2.75213e-197 1.10888e-308 9.40753e-216 1.04976e-154 1.03962e-252 8.58792e-113 3.45846e-323 1.33398e-322 4.45862e-240 8.45086e-218 4.51902e-221 3.02243e-301 1.95282e-195 4.59373e-204 4.08825e-225 1.03754e-322 1.07103e-193
3.92952e-240 1.51526e-94 2.53587e-87 5.17388e-60 4.42814e-201 5.89687e-125 2.93705e-234 9.11346e-120 1.60077e-321 4.74241e-310 6.32404e-322 8.84227e-90 3.94609e-15 4.4327e-119 1.25883e-90 1.50186e-74 3.78183e-95 1.46985e-64 0.989819 1.33364e-140 3.31124e-224 1.6121e-146 3.83141e-151 4.019e-210 4.85887e-78 0.0991001 5.51419e-108 4.93464e-96 3.34698e-88 3.24558e-67
6.51653e-199 2.43434e-71 8.6238e-143 1.73517e-178 2.58362e-108 3.11395e-165 1.65018e-321 3.1013e-281 3.01825e-203 6.62537e-237 3.04099e-186 1.09135e-82 2.02177e-108 1.47494e-91 3.38376e-194 1.17486e-102 6.20048e-56 1.64665e-198 7.91775e-08 2.2902e-223 2.69946e-291 7.26368e-107 1.56216e-159 3.94351e-22 2.95219e-102 4.86547e-15 7.78257e-210 9.57741e-58 0.193099 4.19176e-197
4.43985e-62 3.68313e-72 6.25066e-137 1.038e-170 5.83854e-69 2.24678e-140 6.86207e-93 0.371287 4.29239e-38 2.01614e-210 5.66672e-73 6.67689e-137 3.70727e-67 1.72428e-80 0.000167323 2.44955e-45 3.59412e-106 2.59629e-114 4.73336e-44 8.05327e-322 5.07623e-144 2.36824e-43 1.25941e-62 6.66893e-142 0.30664 9.42625e-114 6.1467e-16 0.263968 0.281523 0.405354
5.7563e-103 2.31821e-178 1.34139e-181 1.41086e-108 2.26822e-39 5.59926e-57 1.83614e-250 1.37542e-284 3.00303e-73 2.32477e-148 5.13766e-149 2.38638e-41 7.78632e-106 0.576292 1.80147e-133 0.376853 2.68352e-41 1.69143e-127 3.04445e-58 2.82937e-139 4.9333e-310 6.10951e-68 1.02165e-161 1.54787e-167 3.30651e-293 0.318888 4.19602e-55 2.8215e-206 7.34808e-201 4.01916e-198
1.46486e-215 1.63681e-136 6.63029e-191 8.9743e-214 9.50915e-13 1.23664e-195 1.83298e-321 7.94847e-14 0.424169 5.47008e-48 5.35321e-132 1.86498e-183 4.02363e-103 5.38996e-105 0.926346 2.70999e-198 0.894953 1.01828e-111 7.90889e-48 8.52669e-190 0.705787 2.56423e-36 2.22106e-161 0.706326 5.2558e-09 1.62408e-183 0.486544 0.278502 8.13772e-35 4.41137e-158
