1.3251e-263 7.5098e-322 1.02195e-78 1.59633e-78 3.86323e-292 1.24948e-76 1.12752e-92 1.85031e-226 1.64495e-234 4.66567e-197 9.40195e-58 4.4257e-249 1.01405e-133 3.50335e-16 1.1989e-131 6.97621e-321 8.35823e-201 7.3226e-101 1.93566e-235 1.50789e-320 1.51392e-251 2.10651e-87 1.25556e-191 5.7149e-85 1.3298e-309 3.76862e-69 1.03241e-105 0.0901993 9.90471e-194 2.16668e-193
0.00799484 5.57328e-06 0.00111268 1.18298e-05 0.000548631 8.96415e-05 0.00330454 4.90381e-05 2.46246e-05 8.98253e-08 2.15778e-05 2.92378e-06 9.53742e-05 0.00610222 2.23021e-05 1.08694e-322 4.25409e-266 5.92879e-323 9.88131e-323 1.77864e-322 8.39912e-323 4.00092e-287 1.83263e-268 3.5194e-220 8.39912e-323 1.97626e-323 6.91692e-323 2.96439e-323 2.47033e-323 4.75498e-238
5.47462e-151 2.73872e-289 4.45919e-71 3.08509e-82 4.89152e-70 1.47726e-321 1.11529e-306 1.00007e-204 4.15143e-111 4.47113e-120 1.85564e-71 6.67953e-297 4.67378e-117 8.6437e-207 3.8243e-111 6.19362e-287 2.07157e-130 2.42092e-321 4.82702e-321 2.79144e-294 7.91685e-268 4.85713e-181 0.053278 7.04578e-115 4.77765e-149 8.15208e-322 2.75195e-321 1.22528e-321 2.39916e-191 1.525e-137
1.83323e-163 1.32874e-44 6.16845e-20 7.93756e-80 6.0917e-32 1.1746e-270 3.91911e-18 1.17175e-25 2.44832e-24 3.6188e-179 1.9296e-290 7.98879e-139 1.26655e-318 5.50566e-279 2.47566e-70 2.41516e-266 0.418341 2.55264e-304 8.32909e-301 1.44096e-79 6.01278e-321 2.40187e-64 1.34377e-133 3.51625e-43 2.00765e-85 7.63019e-219 3.24347e-142 2.24758e-291 1.71935e-321 8.92662e-125
2.85044e-11 8.99199e-322 6.91692e-322 1.44267e-321 1.22241e-196 1.665e-321 4.27456e-152 6.93701e-127 6.75683e-31 2.29741e-321 2.99839e-316 2.61855e-322 1.72429e-321 1.2623e-296 1.6403e-321 1.06866e-86 2.10047e-27 4.91677e-151 1.80115 5.64653e-59 2.48126e-52 1.80034e-100 3.16321e-244 1.30319e-81 7.83545e-234 0.099892 1.06329 6.7051e-71 2.25788e-321 6.23707e-194
1.12361e-295 7.90505e-322 1.57814e-34 2.00797e-177 7.97906e-245 2.80521e-186 1.14129e-321 1.15923e-170 1.00837e-56 1.77864e-321 3.47822e-321 3.68399e-68 1.48308e-130 2.59384e-321 1.44761e-321 1.39855e-295 0.559625 2.16691e-199 6.3191e-321 1.11e-36 5.82997e-321 0.100256 1.06421e-259 7.76217e-125 2.14143e-127 1.32039e-36 1.23959e-182 3.94531e-76 1.60003e-178 6.06837e-53
1.9842e-49 8.05327e-322 9.25754e-35 9.34896e-245 9.65196e-75 6.20003e-56 1.73668e-189 1.80399e-91 2.38181e-270 6.43785e-172 1.1793e-232 9.00078e-186 3.62698e-305 9.23609e-14 1.22528e-321 2.10019e-222 8.05724e-50 6.67012e-126 6.05724e-321 2.1542e-188 2.34497e-229 0.198397 0.136738 6.89627e-39 4.90744e-120 2.72419e-151 3.53751e-321 0.203489 1.14011e-296 3.25999e-77
1.11458e-305 8.54734e-322 8.49793e-322 1.97333e-37 5.45595e-251 4.16522e-305 2.58987e-113 6.17582e-322 1.16007e-320 5.35426e-264 2.96933e-321 3.26083e-322 1.35374e-321 3.08791e-321 5.13624e-122 2.76783 5.20844e-244 1.11751 8.87836e-321 4.28376 2.16765 6.53357e-254 6.09827e-200 1.63255e-68 2.35887e-184 0.334354 1.06052e-58 2.35224e-87 0.655517 2.12987e-124
6.12508e-30 6.37598e-146 9.89195e-95 3.12656e-192 1.21844e-198 4.09636e-112 2.75387e-111 3.27746e-90 7.59541e-236 5.62287e-180 7.68836e-235 3.14974e-300 1.76747e-318 5.58653e-59 9.63887e-32 4.13039e-321 3.74186e-64 3.29804e-247 6.5766e-210 5.46622e-241 1.37818e-224 3.31876e-210 0.140427 3.91968e-16 1.07839e-264 8.3003e-322 7.17443e-277 1.18918e-218 1.0364e-213 1.65772e-156
1.51561e-231 1.15611e-321 1.19532e-80 1.55638e-310 1.52666e-321 9.88955e-77 1.592e-229 6.12641e-322 7.49004e-321 2.11954e-321 1.77247e-08 2.17389e-322 9.03115e-316 1.66736e-312 0.0066103 1.19265e-170 3.07472e-139 8.09554e-236 7.49992e-321 0.269849 2.19649e-184 1.76023e-200 1.36786e-64 0.000265333 8.82585e-220 4.06112e-41 3.19284e-35 1.3527e-143 4.82054e-286 0.62651
1.00575e-82 7.5098e-322 9.34829e-229 3.14718e-252 2.76068e-179 0.0198294 5.01859e-123 3.692e-67 6.96324e-142 7.66611e-83 1.05886e-40 3.8687e-64 1.17588e-321 2.80068e-43 3.71175e-235 5.86456e-321 1.4673e-108 2.79641e-321 4.71339e-321 7.17246e-297 4.58987e-321 5.48775e-119 7.19367e-223 0.640015 2.99307e-264 4.82609e-144 2.2461e-226 1.40809e-321 1.90102e-275 2.566e-80
2.02718e-261 6.17582e-322 4.95121e-51 1.07553e-232 1.68781e-270 2.21782e-174 2.87549e-115 6.67417e-129 2.29157e-26 1.48693e-300 1.40351e-217 2.84756e-14 5.27025e-201 4.95968e-261 2.4766e-300 4.68374e-321 5.23675e-39 5.70586e-194 1.7605e-163 7.84082e-321 2.69649e-227 5.34822e-276 0.315378 6.83211e-178 1.24232e-16 1.83442e-214 3.20547e-232 1.44931e-159 1.37844e-321 2.77067e-207
0.00204964 5.15233e-08 0.000530226 0.00201823 0.00202046 0.00351911 0.000435901 0.000923972 0.0143497 0.00291905 0.0069546 0.000410181 0.0025359 0.00199363 0.0022529 4.44659e-323 5.23538e-270 2.47033e-323 4.94066e-323 6.91692e-323 3.45846e-323 1.78758e-285 2.35482e-269 2.98719e-218 3.45846e-323 9.88131e-324 2.96439e-323 1.4822e-323 9.88131e-324 1.9831e-241
2.84551e-266 0.178271 1.55133e-63 1.72497e-210 6.41873e-146 4.15495e-265 1.18894e-300 1.12707e-147 6.96432e-318 2.81093e-315 2.45531e-132 1.84979e-306 4.6715e-221 3.64827e-63 5.26938e-44 5.6449e-244 1.51849e-73 7.65223e-230 5.7361e-321 8.94753e-321 4.45647e-321 4.36808e-57 1.81916e-231 1.78245e-34 0.249362 1.18952e-272 1.91003e-203 4.55398e-88 3.05447e-222 1.9069e-222
1.9548e-180 3.95258e-124 1.43514e-78 1.79412e-89 3.15563e-240 1.51678e-321 1.2133e-63 4.43316e-204 1.71151e-71 4.24263e-22 2.69328e-267 2.35049e-180 1.07518e-250 2.66369e-142 9.91714e-216 5.09382e-321 3.39821e-144 6.97394e-239 4.68374e-321 9.13221e-306 5.42978e-321 9.12482e-71 1.12019e-06 0.143269 1.44227e-291 9.0414e-322 6.77784e-217 0.0559879 2.3968e-186 1.52022e-104
2.21629e-119 2.50756e-79 1.11137e-53 3.52175e-95 1.06718e-321 9.0845e-295 1.44105e-36 1.31608e-44 2.82105e-125 1.09359e-103 1.52361e-24 2.17386e-257 7.19242e-06 6.35978e-19 1.42255e-195 4.8369e-321 1.69072e-90 8.5061e-204 4.69856e-321 4.05238e-259 1.64552e-314 1.71169e-137 4.30342e-102 5.44711e-75 0.593595 2.62328e-278 9.40204e-124 3.94963e-315 1.46737e-321 1.40122e-208
