1.2449e-31 8.89559e-77 1.67805e-52 6.94988e-13 1.90705e-08 4.09297e-40 5.02848e-25 1.09986e-05 4.46507e-19 1.99691e-37 2.64189e-22 6.77752e-41 9.34962e-50 1.11817e-52 1.00165e-22 1.12698e-36 0.11147 0.0101725 6.6475e-29 0.000284797 9.4178e-56 2.33339e-43 2.53829e-26 0.000518121 6.33723e-10 0.00101353
4.25456e-21 8.10385e-22 2.48834e-56 3.61126e-14 3.44472e-21 0.194859 0.00680679 3.29431e-41 2.65327e-27 7.43876e-70 5.71094e-55 2.30712e-18 0.0538898 6.98357e-44 1.04282e-27 6.73902e-46 0.0118397 3.43508e-26 4.04245e-11 1.41172e-22 6.25298e-40 1.14344e-69 0.000100009 1.11098e-47 1.37161e-06 0.00051948
1.56763e-38 4.04009e-45 1.65736e-06 2.55542e-29 9.22242e-20 6.01039e-38 0.00198352 1.97065e-26 1.60217e-30 1.64267e-17 0.00944716 1.01974e-45 8.12319e-05 6.08173e-34 2.34051e-28 2.43607e-23 2.00525e-35 0.141919 3.33368e-29 3.22465e-22 0.165494 3.57913e-34 3.97837e-43 9.73507e-05 1.01285e-30 4.55396e-14
2.11271e-43 8.40598e-38 3.98007e-51 2.26405e-32 0.000123856 2.40991e-39 3.00537e-29 3.52795e-36 9.6398e-26 8.33435e-26 0.0726631 1.38236e-08 0.0106506 3.24623e-38 7.79453e-29 1.19286e-17 8.31628e-30 4.02114e-16 8.65828e-27 0.0317218 2.89282e-19 1.74959e-12 5.44862e-31 0.0771999 1.18012e-44 3.57518e-49
8.54168e-10 2.7127e-41 6.07733e-30 3.62282e-25 2.46109e-07 1.88316e-14 1.45986e-27 1.81757e-10 1.46654e-20 3.03894e-63 6.53711e-48 4.46756e-54 6.04665e-08 1.13665e-22 3.86851e-05 3.64123e-35 0.000929708 0.000153733 8.19617e-17 0.000238493 5.59967e-48 5.53752e-52 8.10931e-45 1.07096e-29 0.102435 7.32577e-30
0.0239933 3.45689e-26 7.23878e-11 0.515801 2.32396e-20 2.83588e-14 6.10619e-33 0.0729446 1.7074e-09 4.64239e-16 6.84631e-24 8.3627e-22 2.28533e-61 0.0326724 4.28433e-07 8.46053e-06 6.9523e-28 1.53548e-13 1.12667e-23 1.18073e-18 4.96015e-17 8.28305e-17 4.47e-25 3.82236e-46 0.0165804 2.23028e-30
3.45094e-53 0.168264 3.9319e-27 1.34337e-18 1.05321e-28 3.46305e-13 0.727776 9.42338e-38 6.56895e-20 2.38536e-33 7.39699e-55 0.106323 3.02673e-25 1.69103e-28 0.123868 2.31701e-13 6.60214e-24 2.50018e-12 0.125123 1.31148e-38 1.49967e-48 2.45835e-17 1.02739e-24 1.23396e-42 2.81808e-25 3.14043e-15
5.49259e-55 5.93389e-80 8.23087e-65 3.57308e-07 0.061389 2.74736e-37 7.22358e-13 5.12978e-32 1.55064e-37 1.51204e-61 4.27803e-56 0.000940558 1.23404e-29 4.4666e-31 6.74462e-35 0.082051 2.09793e-33 1.14082e-26 5.86744e-15 3.16059e-41 2.05363e-23 0.0142205 5.37568e-12 7.01325e-41 9.07905e-47 0.065668
4.40915e-15 4.55648e-13 0.0261121 0.104425 0.029821 6.05486e-19 3.69222e-11 1.02341e-45 0.177949 0.0577543 0.516703 3.70093e-29 1.93434e-27 0.000153764 2.10658e-33 4.61021e-42 2.97799e-26 7.12557e-17 6.503e-07 1.55046e-50 5.7714e-16 8.25976e-64 0.0998792 2.28905e-18 8.98143e-06 3.15692e-11
3.96206e-28 7.43623e-67 4.45623e-33 1.32528e-35 2.66961e-07 3.68295e-26 0.0262413 1.39877e-20 3.96877e-14 3.83754e-26 3.01516e-14 2.07571e-24 4.80998e-56 1.51466e-29 8.80721e-31 2.41929e-24 9.56088e-47 3.72259e-06 6.69072e-14 7.38766e-06 4.26114e-58 1.58027e-50 1.81042e-05 1.25606e-09 1.18508e-28 1.80491e-11
