2.02256 0.102645
2.58349e-71 1.91855e-48 3.63913e-50 6.31375e-49 8.45923e-75 6.3234e-27 1.9054e-74 0.0139594 4.89297e-34 1.41668e-44 2.67665e-66 7.21574e-104 3.68338e-41 0.100745 1.98862e-21 9.75484e-33 1.56228e-12 0.352982 9.28374e-27 4.31429e-69 1.98881e-74 8.47921e-08 1.78098e-68 6.9964e-73 7.51756e-83 6.03581e-92
3.28922e-14 1.29328e-15 4.62213e-42 2.70396e-80 7.98919e-27 1.03863e-05 1.7424e-76 1.72775e-06 0.102274 1.83569e-73 0.440508 4.35402e-34 0.0515433 2.88753e-07 8.59758e-50 1.15033e-38 3.74123e-07 0.0440483 1.00041e-101 0.26411 7.47947e-107 0.212477 2.3605e-114 0.512898 1.19805e-72 0.11585
1.23592e-60 3.81971e-59 0.0487421 0.126092 0.263361 0.106451 0.0558983 0.0302501 7.6589e-14 0.167233 9.51164e-54 1.61456e-82 1.81346e-76 1.7055e-56 3.32595e-17 1.45842e-92 3.29916e-75 1.5636e-75 1.4996e-63 1.91759e-26 0.276645 1.43346e-108 1.93192e-15 1.23299e-09 7.668e-86 1.20384e-36
4.84203e-26 1.77116e-53 3.60003e-77 1.54551e-32 4.56074e-71 2.11551e-57 8.8965e-54 6.39588e-26 4.34967e-61 1.79379e-123 1.32372e-46 3.62542e-94 1.02775e-40 5.64231e-08 9.18659e-91 2.92349e-87 1.35642e-61 1.37816e-41 1.56721e-78 0.115326 3.9081e-98 2.54421e-38 7.55023e-51 9.48921e-76 2.1906e-54 7.45136e-96
1.61881e-19 5.47402e-69 9.87556e-80 0.186506 3.72051e-52 3.52345e-71 2.30813e-22 1.40684e-44 2.10612e-62 7.0853e-57 1.64615e-23 0.214309 9.78037e-53 3.93519e-17 2.20278e-35 0.0638451 6.14364e-48 3.88446e-57 0.0462272 2.92892e-76 9.70025e-63 0.0395234 1.06727e-102 7.13929e-48 8.87228e-75 1.90488e-52
3.83345e-69 1.07527e-40 8.05488e-52 3.34041e-76 2.1163e-47 1.50443e-73 9.52308e-84 5.88874e-52 1.26344e-102 1.33427e-126 2.72819e-66 3.10152e-111 2.81858e-69 4.34074e-39 3.1305e-129 1.80253e-57 7.44531e-77 8.68731e-61 4.76652e-74 5.71693e-94 6.63162e-118 1.05053e-75 1.25948e-94 6.32392e-90 4.14998e-87 5.86472e-107
1.10832e-62 1.15694e-37 1.51949e-32 7.39679e-49 0.0696673 7.57725e-73 6.97502e-43 1.3479e-34 6.68498e-60 4.188e-121 8.37393e-50 9.00022e-113 1.61289e-76 2.44414e-51 7.60754e-56 7.36461e-92 7.97483e-94 2.9026e-14 1.695e-104 7.1788e-62 6.4205e-87 9.65315e-98 4.2506e-34 1.75853e-72 1.28757e-28 6.10117e-93
3.62773e-49 3.50901e-68 4.81466e-22 0.00265012 2.19101e-74 6.76481e-20 8.99792e-47 1.4229e-81 1.12784e-54 5.25707e-15 3.48999e-24 2.94624e-63 4.25933e-68 3.59313e-30 0.185531 6.24776e-21 0.0224947 1.67035e-14 9.22735e-127 8.65852e-24 2.78472e-79 2.05328e-34 0.420873 6.70196e-77 3.51864e-71 6.25483e-23
3.72875e-40 2.84718e-70 7.23832e-25 3.66436e-66 1.40189e-56 7.81133e-15 3.76258e-73 4.23226e-43 1.14928e-62 1.10503e-100 1.15852e-75 5.54878e-47 2.47854e-50 1.60044e-10 1.83125e-53 2.69848e-24 5.8499e-69 2.05138e-55 1.25013e-72 1.10394e-39 2.31036e-15 8.77202e-40 2.30837e-117 2.79235e-37 0.0101928 8.62023e-17
0.044339 0.496613 4.74511e-18 3.34371e-21 1.71347e-54 4.46066e-09 0.877212 7.48993e-35 6.78336e-37 1.94606e-60 7.30234e-18 1.27406e-53 1.65447e-66 1.14976e-38 1.25309e-50 3.12963e-61 0.0916075 6.52855e-60 2.24673e-36 2.76709e-33 1.10108e-73 6.4072e-61 2.91751e-51 2.57799e-68 0.0908482 1.52657e-110
