5.8993 0.0319761
0.000249099 0.039646 0.061587 3.03494e-33 1.57423e-13 1.98313e-29 8.02615e-13 2.24023e-32 0.0184126 2.28085e-18 0.912677 3.83119e-14 2.72358e-37 3.34637e-15 3.63777e-25 0.0992608 1.08569 9.74615e-21 0.0367931 1.22839e-07 0.0006468 3.14787e-13 8.22876e-29 2.64166e-09 1.55388e-22 0.000502622
2.27291e-16 7.76886e-25 7.49612e-07 7.04508e-32 0.000875892 3.20065e-20 1.01715e-16 2.11913e-35 2.3092e-09 7.53603e-26 0.19517 4.80919e-06 1.88084e-17 1.43747e-11 1.59894e-34 2.50513e-05 9.06904e-18 6.07327e-26 4.70495e-18 1.20666e-24 4.04825e-06 5.83072e-09 1.55874e-07 0.000241733 1.49895e-21 4.79636e-11
2.75459e-27 0.000519378 1.0464e-12 7.8376e-33 1.64845e-19 0.912749 5.30369e-14 1.69213e-40 4.21042e-37 3.37586e-17 5.10113e-24 0.0530464 1.05908e-42 2.53512e-10 1.02339e-11 1.08727e-21 5.19276e-09 8.78587e-37 0.000440236 3.2271e-12 0.0250497 8.64898e-20 7.2706e-27 0.00627419 3.54665e-05 2.01557e-10
3.26221e-12 1.36949e-12 4.31449e-07 4.62654e-45 0.0829275 2.43296e-07 8.34158e-16 6.22886e-42 4.24841e-34 0.0869688 0.236335 4.98903e-28 4.35976e-09 2.30018e-06 0.000306524 3.10896e-20 2.11124e-18 6.59149e-32 3.96155e-14 4.26665e-37 0.00837166 1.84025e-19 4.63006e-24 3.47543e-21 4.00888e-17 5.81939e-06
2.2147e-14 1.98909e-24 4.23123e-13 9.89069e-33 2.70653e-26 8.5839e-28 3.34897e-25 1.09731e-45 4.32694e-22 3.33267e-21 0.154536 4.53963e-17 3.96082e-26 7.09152e-16 2.00738e-34 2.78295e-19 2.2241e-20 1.16063e-27 4.93387e-24 1.01855e-30 1.99986e-24 4.77831e-27 2.93048e-26 0.0165148 1.83782e-30 4.5674e-16
0.0316977 8.94497e-14 2.90352e-12 2.04206e-34 1.8598e-24 2.3086e-27 1.59903e-18 6.51609e-44 4.42196e-33 1.57144e-13 6.94652e-25 0.0409786 1.96588e-08 8.44355e-25 6.05142e-31 5.37516e-05 8.14131e-13 4.38853e-41 1.45552e-15 0.00647647 5.82033e-26 4.54178e-26 0.135072 6.43959e-15 1.95591e-05 0.000672401
4.71161e-23 3.43663e-15 2.44255e-07 9.87154e-50 1.1596e-18 3.39039e-19 1.03773e-26 1.27346e-48 2.43362e-26 3.89368e-22 0.0372038 1.22218e-31 6.41436e-23 1.46203e-23 2.63815e-23 1.29392e-29 6.01091e-17 5.7802e-25 6.23438e-19 2.62632e-35 3.58241e-15 2.34538e-21 1.22199e-22 3.20875e-12 9.91812e-22 8.55449e-13
3.09675e-22 1.93393e-06 2.26328e-13 0.0365231 2.1908e-05 2.41648e-14 0.0473713 0.124426 3.29154e-26 2.97835e-22 2.06051e-10 4.57083e-38 0.0421935 0.0914994 0.0602514 2.80422e-26 1.30753e-22 0.0619608 2.30497e-09 3.10189e-17 3.06936e-10 0.00732198 7.82989e-37 2.5735e-19 0.0207486 5.67919e-05
1.65329e-24 4.09395e-15 2.39486e-06 1.82154e-51 2.85973e-14 2.09616e-20 4.52703e-32 2.73456e-43 1.47895e-31 5.92896e-18 0.399937 3.29133e-14 6.71923e-40 2.26014e-23 4.00474e-13 0.000230848 1.70407e-18 2.48392e-20 4.39184e-06 7.82505e-28 5.33299e-13 1.44517e-28 5.42637e-37 2.78393e-10 8.66665e-19 0.0772903
4.42646e-16 3.91562e-27 8.47448e-11 3.09849e-29 1.39033e-11 4.92963e-25 1.08964e-26 4.49882e-45 3.10734e-14 1.12208e-18 0.039268 2.00737e-40 1.17701e-40 8.48065e-25 1.15805e-31 9.65318e-29 1.35861e-06 1.90662e-25 3.63434e-06 3.78789e-42 9.79929e-21 9.37709e-27 5.16608e-32 8.22497e-16 4.23665e-19 0.000271291
