2.63183 0.387508
2.29284e-134 7.6679e-321 8.78868e-54 2.57973e-126 3.79008 2.41601e-307 1.08996e-55 4.56517e-321 2.66216e-110 1.08802e-306 1.08528e-298 1.85073e-137 5.11852e-321 7.69804e-320 4.05381e-154 1.9812e-321 2.41655e-171 5.57963e-70
2.06346 2.75028 0.707031 4.23753e-110 2.53266e-153 1.17268 2.01268e-178 2.62618 0.373164 0.895715 2.60982e-67 2.06197 3.33858 4.18311 0.568614 0.904997 1.67462e-171 2.04349
2.54491e-271 6.6353e-321 1.18082e-321 1.00227e-58 9.32881e-86 1.54148e-321 0.01826 3.43376e-321 8.29258e-249 8.92126e-106 2.45551e-321 0.27924 7.10466e-321 9.7825e-321 2.38569e-47 1.3735e-321 7.70011e-158 5.10654e-283
3.32506e-321 7.47489e-312 2.24072e-312 0.0500805 9.87979e-43 2.10966e-321 4.68114e-181 3.22625e-321 2.47095e-227 2.58925e-305 1.90215e-321 8.05585e-160 5.7361e-321 1.98578e-115 1.48033e-104 1.52666e-321 2.69171e-46 3.49558e-32
4.37742e-321 3.92782e-321 1.19167e-151 5.32797e-81 1.00004e-28 2.03555e-321 1.98248e-114 3.19166e-321 0.405446 2.75703e-96 3.13611e-210 5.43737e-160 6.32898e-321 2.09109e-123 2.91514e-71 1.59583e-321 1.18537e-95 2.74702e-263
2.51619e-308 1.44267e-226 4.32737e-189 7.21198e-135 3.96021e-194 8.16966e-286 1.40888e-13 3.34977e-321 1.6705e-156 1.97385e-298 0.476919 4.05029e-30 4.60963e-321 8.85576e-190 1.08602e-163 1.81322e-321 0.0542032 1.49699e-243
2.33199e-321 7.66332e-249 1.38832e-321 3.90694e-263 2.01626e-71 2.28752e-321 0.497942 2.51479e-321 6.48508e-93 1.38338e-321 1.10476e-253 3.4636e-121 3.66103e-321 1.03215e-279 3.20547e-215 1.25987e-321 0.197096 3.97222e-259
2.26873e-183 1.0711e-281 1.18576e-321 0.0339844 6.68254e-41 1.74899e-321 1.50423e-124 2.90017e-321 4.4556e-65 2.56834e-287 7.72478e-183 3.2417e-28 5.55824e-321 5.10187e-80 6.48216e-153 1.14623e-321 1.68951e-76 9.69382e-228
3.99699e-321 1.16309e-311 4.87949e-242 0.374237 2.30712e-125 1.50196e-321 1.31828e-113 2.61855e-321 8.01094e-70 1.53654e-321 6.25361e-314 2.72221e-23 3.52763e-321 2.90689e-250 6.92792e-125 1.07706e-321 6.74246e-23 5.42498e-37
