2.19657 0.0876739
5.29612e-68 0.114479 2.17603e-60 1.19813e-42 1.60826e-110 3.14013e-42 1.80262e-48 5.37572e-55 3.69386e-71 2.02176e-27 6.8682e-21 6.34438e-20 9.11917e-73 4.72294e-79 6.15243e-53 4.27548e-39 4.09079e-29 4.34142e-127
4.92928e-43 5.35103e-21 1.50114e-71 8.13073e-86 0.12627 2.31907e-47 0.170131 1.75523e-34 0.386131 1.45574e-55 7.05385e-35 0.858612 0.130511 9.46075e-57 1.07059e-44 0.179228 0.00756811 4.14091e-54
1.04941e-24 1.5266e-37 6.28287e-25 7.47281e-87 4.95581e-80 1.87293e-47 3.55358e-40 0.038017 4.74603e-59 6.09552e-42 2.21108e-31 0.0279574 1.20924e-90 1.02126e-80 3.52271e-19 2.8354e-11 0.0310165 1.31139e-98
7.35024e-30 8.51402e-44 8.99403e-99 1.23862e-27 6.64314e-87 2.19359e-58 3.41951e-68 3.65775e-37 7.46554e-75 1.51568e-53 7.53338e-57 0.169564 2.00628e-61 3.79296e-64 9.55826e-23 1.35541e-50 1.34934e-61 9.69038e-135
0.0272756 1.86974e-47 2.73334e-112 2.68164e-50 2.59919e-59 1.66709e-30 2.67045e-52 1.72982e-07 2.41299e-61 0.141317 2.18799e-49 1.16485e-16 3.69643e-55 4.60769e-122 1.43991e-27 3.8581e-71 5.14538e-13 4.91194e-134
1.70538e-40 7.53065e-21 4.33473e-51 0.0791876 7.45371e-80 0.134697 8.81966e-87 9.58999e-20 2.13754e-122 1.11319e-19 3.33743e-11 1.07612e-20 1.50589e-64 2.83308e-107 0.0553946 3.84807e-68 2.64807e-78 3.5466e-61
0.122515 2.34489e-27 0.152084 3.20305e-97 3.93636e-13 0.0263145 5.79896e-83 1.76253e-60 7.83104e-130 1.7318e-24 8.40967e-32 0.451853 1.94408e-66 0.0961022 1.63096e-29 0.000467919 2.13356e-19 0.181786
9.33903e-35 0.0827038 3.2685e-81 1.08558e-37 2.09508e-99 5.2006e-27 8.19538e-70 1.3056e-47 1.16816e-118 6.93362e-38 0.0959188 1.67453e-52 1.00855e-87 5.67336e-76 5.94211e-49 3.10088e-36 1.88564e-62 6.57069e-137
2.49978e-62 0.194501 6.06588e-115 3.98303e-32 8.01069e-102 8.67333e-43 3.02429e-73 1.27835e-51 7.10311e-95 1.9441e-19 2.03829e-35 0.0273136 2.23172e-123 4.70903e-61 2.63402e-50 1.02092e-25 2.90418e-35 1.07154e-130
