2.96851e-47 2.22717e-89 1.39751e-117 3.72005e-13 9.8665e-79 5.47054e-63 7.74743e-26 2.25196e-187 2.94345e-102 7.12158e-225 7.87461e-67 0.245141 2.71714e-241 1.73102e-104 1.21444e-69 3.36768e-45 4.43779e-184 8.7146e-71 2.79672e-74 6.21995e-134 1.44814e-214 2.38534e-153
4.762e-68 1.31259e-21 6.62187e-22 4.94436e-68 5.39259e-37 4.15134e-89 5.19247e-63 2.51353e-124 1.72287e-105 1.3282e-107 1.98306e-54 6.7151e-77 2.31321e-161 1.44668e-132 3.88264e-106 0.369063 3.05242e-61 7.13571e-29 8.86093e-86 8.68288e-150 3.21532e-166 9.78269e-187
0.00633056 0.00241274 0.00157594 0.00821386 0.000624042 0.00204044 0.00148017 1.08798e-249 1.34624e-160 3.17123e-247 2.78508e-152 1.49134e-149 2.12431e-260 3.24401e-170 2.6709e-186 8.19393e-168 1.66969e-197 3.61792e-132 1.31035e-183 2.56467e-185 1.15646e-220 1.67723e-215
2.43654e-57 6.09281e-115 1.5389e-127 5.53326e-43 5.59354e-28 6.2357e-131 1.21404e-174 1.92987e-229 1.83559e-134 4.17191e-94 0.0153326 0.0397248 0.259793 1.14179e-86 4.56053e-32 3.09629e-125 2.12022e-185 0.000181249 3.27751e-156 1.63293e-40 7.37587e-13 9.01932e-138
3.12974e-63 1.17945e-90 4.44519e-64 9.03574e-33 3.17551e-105 9.35549e-40 0.000550185 7.64781e-16 0.0585195 2.40289e-214 0.321261 2.15737e-147 1.95965e-93 2.22451e-22 5.61505e-170 1.9549e-140 0.00159044 0.000128456 5.41841e-35 3.02943e-99 9.12908e-71 6.49393e-122
2.37118e-76 2.19795e-21 1.48174e-191 1.28485e-38 1.33174e-142 6.34536e-146 1.29826e-82 7.11829e-49 1.03065e-52 1.21122e-37 3.77738e-19 1.0047e-65 2.26038e-57 3.54301e-82 5.2941e-56 4.43731e-118 1.59161e-196 0.161759 0.0887966 1.53985e-97 2.14893e-120 4.18265e-121
4.30141e-07 3.64472e-76 5.97786e-176 4.08166e-12 1.08263e-157 4.01366e-45 1.57671e-112 0.19919 9.1691e-33 7.73115e-188 1.26752e-132 3.22259e-45 1.69377e-243 0.322772 2.59134e-34 4.99032e-50 3.01015e-118 2.95386e-89 3.12479e-28 4.94018e-163 2.81662e-170 1.14948e-61
5.92907e-65 6.25628e-124 3.55872e-164 6.27758e-10 5.9077e-189 1.36754e-124 3.01301e-54 2.34191e-180 1.96408e-33 0.269301 4.39605e-67 1.06916e-113 0.0457417 7.56599e-76 0.0615925 0.149084 3.8654e-82 5.35472e-49 0.00745309 7.43129e-81 0.264879 2.23369e-93
2.43569e-170 1.00825e-82 8.58778e-56 2.15806e-27 1.9314e-73 1.24088e-48 7.86494e-119 3.46549e-48 2.895e-68 1.11058e-131 2.41095e-111 2.60531e-144 8.32087e-138 8.54229e-152 7.96165e-182 5.01324e-127 6.53016e-190 0.0686225 1.08058e-07 4.725e-81 3.08302e-80 1.0629e-104
3.82069e-15 2.81716e-05 1.34471e-52 5.70594e-75 3.6891e-07 3.61893e-24 1.98963e-16 9.57373e-196 3.90907e-157 1.59857e-196 2.61933e-101 0.311032 6.53666e-145 8.63516e-118 4.99768e-87 2.27638e-95 5.74253e-192 4.58744e-49 2.63096e-154 1.09312e-137 2.37149e-142 1.82811e-210
2.35631e-70 4.89897e-237 1.09174e-105 3.08926e-146 2.56481e-215 7.19156e-123 2.31819e-218 1.91094e-129 3.77117e-51 1.71807e-80 1.09527e-18 1.90107e-41 6.94666e-188 8.98804e-115 0.405586 3.01689 0.275869 1.29645e-89 1.09815e-45 8.07889e-129 3.16936e-74 0.424489
3.38153e-182 6.42715e-82 3.19924e-89 4.77369e-62 1.19203e-160 1.91323e-88 2.38092e-159 1.18828e-76 1.13974e-143 9.66665e-204 2.76433e-60 5.84915e-36 4.08881e-181 3.08487e-153 1.29054e-152 3.33356e-94 4.2018e-103 4.62843e-127 0.196526 2.48311e-150 1.02888e-26 1.36459e-184
3.15596e-182 4.45562e-78 1.14983e-178 5.65168e-43 3.37656e-44 2.68001e-134 5.68716e-114 1.15219e-226 2.30501e-60 5.05111e-51 3.98353e-144 2.05686e-41 9.83797e-67 2.05328e-42 2.03646e-149 3.3749e-82 0.0626927 3.72179e-115 4.9788e-142 0.064786 4.65993e-70 4.66493e-66
