0.000223098 0.000962299 4.23914e-05 0.0140603 0.000155882 0.000792878 0.0230271 0 0 0 1.4822e-323 0 0 0 0 0 0 0 0 0 0 0
3.3559e-212 3.35965e-321 1.03754e-322 5.79391e-320 5.58294e-322 2.92938e-176 5.50932e-219 2.17883e-321 1.01382e-320 1.23072e-320 4.39034e-183 1.33234e-303 3.51775e-321 1.28814e-20 2.34484e-320 1.79642e-320 4.01067e-40 6.2944e-321 6.74034e-232 1.50394e-320 5.47618e-274 0.183726
3.03419e-45 4.23908e-321 9.88131e-323 3.82555e-320 4.39718e-322 3.09147e-20 1.79865e-238 2.07014e-321 5.87938e-321 6.4525e-321 2.7829e-220 2.80264e-291 2.831e-321 1.09534e-320 6.66495e-321 5.65705e-321 4.96141e-320 5.07405e-321 2.09363e-218 6.01772e-321 3.56775e-313 0.0676417
1.32056e-34 3.47822e-321 1.97626e-322 2.02253e-164 4.21774e-319 3.50293e-321 6.59429e-320 1.22034e-321 7.65308e-321 1.27568e-320 3.04612e-169 8.76967e-321 1.59089e-321 5.16093e-153 5.74104e-321 9.91096e-321 2.95254e-320 4.78256e-321 7.24794e-321 1.15414e-320 1.20664e-300 0.0938468
7.99008e-268 1.26863e-315 1.08694e-322 5.85369e-320 1.52982e-257 2.46539e-321 4.98265e-320 0.484007 5.16793e-321 1.13586e-320 6.7407e-82 2.4727e-198 0.150596 1.0242e-320 7.15901e-321 8.78943e-321 4.11211e-320 6.07207e-321 1.62968 5.48413e-321 5.249e-315 1.91063
1.32226e-37 1.33844e-19 2.36911e-98 1.02952e-26 8.90726e-121 9.74523e-11 3.96947e-54 1.66994e-321 7.57897e-321 8.76967e-321 1.11017e-320 7.00091e-321 2.1393e-321 9.32796e-321 6.57601e-321 8.6165e-321 3.34384e-320 3.09285e-321 6.11159e-321 8.32007e-321 5.14322e-321 8.56216e-321
1.20058e-321 8.92777e-321 4.05812e-289 1.30433e-319 4.89125e-322 8.07368e-229 5.37741e-320 4.66892e-321 8.39171 10.1399 1.6966e-105 4.53815 1.28485e-59 2.16184 7.33084 7.36377 45.9818 3.99772 1.37301e-320 6.96406 9.5955e-268 2.92451e-205
3.28584e-147 4.19753e-164 2.6854e-133 5.14125e-320 5.70151e-237 7.55139e-308 9.57653e-249 1.66994e-321 5.78057e-321 8.20643e-321 0.553114 5.29638e-321 3.44014e-111 8.4584e-321 4.98512e-321 7.25288e-321 2.58841e-320 1.94662e-321 1.98407e-316 1.60403e-276 4.56517e-321 5.40508e-321
8.20149e-322 1.49598e-182 8.0804e-240 3.93689e-61 4.74303e-322 5.01331e-239 9.27326e-306 1.33892e-321 6.59578e-321 6.77858e-321 0.485291 6.39815e-321 1.95858e-261 7.09972e-321 4.34284e-321 7.31711e-321 2.00887e-320 3.97229e-321 3.90806e-321 9.87637e-321 3.50293e-321 2.55223e-172
2.43868e-211 4.02664e-321 3.48122e-77 4.00392e-297 2.42798e-51 2.93969e-321 1.57369e-278 2.9988e-192 5.56318e-321 5.97819e-321 0.311363 3.27724e-305 2.15413e-321 3.50567e-131 4.3873e-321 8.96235e-321 2.35916e-320 3.48316e-321 4.12051e-321 1.24801e-320 4.64916e-321 3.17276e-44
8.08217e-190 3.92288e-321 1.03754e-322 2.12369e-198 2.23028e-230 4.25391e-321 7.7982e-313 3.04344e-321 9.76768e-321 1.7065e-320 0.220947 4.60483e-53 1.6753e-222 2.60528 1.39524e-320 8.24596e-321 4.51675e-320 3.44858e-321 8.58686e-321 1.54117e-236 1.56268 3.24107e-320
3.40082e-287 9.07142e-99 6.1778e-150 1.87677e-188 5.87938e-322 2.80715e-307 7.49893e-320 3.25131e-103 8.73508e-321 7.93963e-321 7.74201e-321 6.65506e-321 0.587903 6.06901e-304 5.11358e-321 1.24801e-320 2.77714e-320 4.92089e-321 1.37018e-150 3.06753e-182 4.26379e-321 8.77461e-321
1.12153e-321 3.25095e-321 1.17725e-275 6.34578e-320 4.10074e-322 2.97922e-321 1.86203e-139 1.36856e-321 7.13431e-321 1.37054e-320 3.54147e-150 5.8695e-321 1.91203e-321 7.62343e-321 6.21041e-321 7.07996e-321 4.69165e-320 2.88534e-321 7.95355e-219 0.148284 4.60963e-321 1.32724e-185
