2.0648e-55 1.67525e-73 6.60056e-86 5.40422e-39 1.12131e-48 1.95615e-54 2.99494e-27 2.44437e-122 2.35884e-133 1.77394e-46 0.428438 1.42816e-77 5.06641e-103 7.01787e-83 1.9486e-115 1.41109e-126 1.07788e-108 1.22871e-64 5.02911e-104 2.00244e-150 9.64458e-50 1.74653e-111
8.74253e-23 1.36498e-182 7.96529e-69 1.9865e-94 3.19161e-66 2.82887e-169 8.25734e-167 1.38741e-125 1.54896e-86 5.50046e-64 5.2587e-37 3.3875e-100 3.97769e-105 2.01043e-64 0.184815 2.98756e-89 1.81121e-96 1.04828e-69 3.91407e-74 3.39516e-120 2.00277e-17 4.42366e-29
7.43374e-126 7.12089e-137 5.32929e-45 1.67723e-139 4.12434e-05 3.93758e-39 8.09021e-44 1.11856e-66 1.0789e-118 1.08139 3.0833e-82 5.42721e-25 1.72487e-94 2.4434e-81 0.746567 0.0214756 4.10515e-58 1.94236e-36 7.2591e-103 1.37023e-117 3.13971e-57 1.03788e-137
2.52623e-73 3.84e-13 1.92263e-24 2.01326e-167 2.18491e-18 9.31381e-08 5.75306e-61 1.13832e-33 1.92328e-120 1.80908e-89 5.4536e-21 4.17904e-77 9.34817e-114 3.99701e-57 6.95704e-48 4.56034e-98 0.118193 1.28756e-30 0.052966 3.65584e-152 0.735313 9.72676e-45
6.48512e-72 2.37591e-109 1.54856e-63 9.34791e-75 2.24595e-45 1.06208e-54 5.42835e-94 1.16417e-41 7.10615e-131 2.64966e-140 2.684e-59 3.54155e-32 4.17787e-31 1.32389e-51 2.05092e-59 0.0611008 5.88871e-26 1.65891e-53 4.36113e-88 5.24098e-234 1.41329e-63 9.54545e-84
6.42746e-70 7.5466e-78 3.19018e-74 7.64003e-82 4.43046e-122 8.31993e-90 1.07985e-32 0.204309 6.14134e-95 0.330346 1.48307 0.164627 1.75813e-115 0.00272513 1.63205e-50 5.55295e-47 5.99125e-108 3.97687e-72 1.18525e-16 4.44159e-56 4.49615e-112 0.0874606
2.41519e-147 4.2477e-183 2.34447e-167 1.55884e-74 7.71465e-47 3.39096e-98 6.74923e-60 1.22466e-39 0.359804 2.13474e-92 2.3384e-18 4.97562e-114 0.125031 3.3669e-60 1.61435e-44 6.67056e-32 1.06922e-05 1.18503 1.39647 0.917166 1.53679e-88 1.49718e-145
5.41282e-78 8.90882e-19 9.89141e-78 2.2169e-86 1.02782e-25 4.16576e-17 1.8105e-89 1.44462e-88 8.25707e-130 4.61619e-146 1.76138 1.12584e-84 2.41937e-71 1.75017e-88 3.56082e-96 5.31582e-45 3.50396e-49 1.80568e-09 4.63247e-74 6.59713e-153 8.68432e-140 1.43655e-109
1.70262e-47 1.45245e-20 3.27194e-48 3.87877e-123 3.08885e-76 1.18118e-94 2.04335e-11 1.23342e-67 1.17439e-132 8.37075e-10 0.720241 1.24497e-81 1.36095e-99 5.73285e-85 1.62455e-43 1.52611e-13 3.17611e-56 2.41338e-64 4.96928e-42 6.45255e-150 8.11868e-40 9.11625e-40
0.00436503 1.18388e-10 0.0127394 0.0629784 0.000517085 1.10128e-07 0.0059192 1.09691e-122 3.07167e-142 9.8172e-148 2.18729e-80 1.24538e-128 1.53677e-119 2.12213e-88 8.10184e-119 7.89312e-126 6.67538e-111 5.99746e-72 7.92525e-121 5.25022e-240 1.93384e-146 5.73721e-157
1.65002e-09 0.0284275 1.06172e-06 5.86095e-12 4.39555e-20 0.133502 2.18678e-44 1.26868e-94 2.94849e-124 1.58758e-143 4.79942e-69 3.16108e-98 6.18224e-104 2.70921e-61 7.57876e-105 4.64181e-109 7.91327e-109 6.05534e-50 2.26248e-112 4.36201e-227 3.52028e-114 1.37733e-131
1.48365e-69 1.80637e-43 3.25999e-88 6.3842e-28 6.18144e-67 5.38125e-25 8.90467e-34 3.4812e-63 4.88522e-130 9.91117e-77 2.33918e-35 1.77663e-125 1.734e-90 9.00232e-88 5.50822e-57 0.18135 8.24418e-81 0.842157 7.74382e-55 2.55437e-226 2.74801e-124 6.27995e-154
2.10159e-28 4.28776e-90 2.7524e-36 1.38751e-144 1.08853e-37 3.85802e-56 1.51264e-80 1.10035e-46 4.15281e-59 4.72623e-152 6.75199e-51 1.50418e-127 3.14616e-37 0.156779 1.45448e-83 2.37232e-33 3.79357e-99 0.43924 7.47743e-122 8.46914e-200 1.51052e-07 1.17041e-23
