3.39499e-294 1.32642e-138 1.62799e-139 8.06445e-219 8.07726e-205 1.07524e-67 0.137729 5.48534e-08 4.38023e-56 1.05924e-134 1.00157 8.36619e-209 4.00822e-226 7.51541e-177 6.36569e-98 2.65536e-135 4.93752e-29 6.05365e-72 1.48408e-15 2.90129e-189 7.97333e-37 5.01539e-161 1.82876e-189 7.61651e-76 1.95959e-123 4.14149e-85 9.44981e-186
2.48429e-239 2.53831e-147 4.52119e-209 1.12174e-212 3.07198e-115 2.07622e-156 1.24606e-21 5.58034e-157 2.29586e-270 0.491052 1.08959e-214 4.03007e-77 0.344599 7.08238e-44 3.90306e-40 2.97364e-99 2.13129 4.07186e-122 1.92445e-123 4.85521e-245 8.0672e-61 3.21556e-72 0.633764 1.15307 2.66883e-76 1.22774e-131 0.019987
5.08782e-105 1.15447e-77 2.66676e-83 2.15524e-165 1.50891e-37 0.000765605 7.63982e-201 4.86216e-166 1.97729e-152 2.4873e-145 7.9554e-73 7.94383e-149 2.74325e-93 3.22329e-125 3.20992e-68 1.19691e-152 7.16263e-54 4.98235e-46 3.13789e-263 6.67088e-24 1.32165e-114 0.565453 0.1426 5.87586e-20 3.02193e-14 1.55574e-162 1.9516e-200
1.31718e-270 9.13038e-23 1.16913e-14 2.03636e-259 3.09251e-89 4.75295e-182 2.26339e-199 0.000122606 3.61162e-321 4.22281e-173 2.1009e-231 1.78238e-06 6.94589e-28 3.98079e-14 6.82476e-41 2.33122e-144 5.5184e-59 7.03549e-44 4.44732e-83 1.90687e-124 0.121851 7.51711e-104 1.30018e-170 4.85746e-199 1.31283e-17 5.94744e-61 1.01181e-140
4.4661e-223 5.92163e-88 3.02723e-141 6.51022e-120 1.63794e-126 8.90596e-64 1.71815e-110 4.03324e-145 4.76925e-20 3.49443e-230 1.50158e-218 2.77576e-119 1.65768e-115 4.20731e-106 1.33813e-124 1.86507e-122 5.11351e-119 2.67078e-77 4.47324e-193 1.96177e-57 1.09765e-61 5.66856e-43 2.74792e-72 9.47279e-174 3.29931e-211 0.198814 3.24269e-142
1.64048e-177 3.83128e-274 7.03413e-35 3.55841e-163 5.00489e-116 4.23463e-178 2.61598e-149 4.96367e-223 2.94568e-265 3.51351e-221 1.64068e-20 9.90595e-117 1.14957e-196 0.249505 0.392047 1.95524e-115 5.30393e-69 0.378238 4.59172e-56 5.39241e-102 1.3614e-67 2.3653e-146 3.4058e-174 1.80581e-78 6.51617e-13 0.523259 1.83887e-207
8.56293e-280 2.14106e-208 4.95771e-42 0.0343617 3.20883e-72 8.94803e-47 4.21193e-94 2.88778e-239 3.3683e-66 2.82323e-26 4.06961e-191 2.99186e-16 4.16721e-199 6.94243e-187 2.38693e-48 2.66154e-64 3.87258e-86 2.22055e-62 0.0447013 0.0173308 0.600532 2.52278e-144 2.99623e-216 1.50153e-20 4.72862e-37 2.84817e-32 9.3772e-34
5.23788e-85 8.1995e-267 0.00997003 5.84666e-206 1.69888e-183 9.13744e-208 5.69081e-224 4.32472e-268 5.23182e-50 4.46375e-57 1.8994e-56 1.14431e-150 1.14922e-15 1.041e-186 6.91022e-16 2.38994e-123 3.79078e-135 2.66309e-149 8.30821e-09 2.23335e-131 1.15457e-25 1.26195e-57 9.68549e-165 3.02003e-159 0.442059 1.74422e-155 0.0222715
8.32387e-105 4.37853e-272 1.26768e-13 4.00571e-31 4.29852e-180 1.31308e-204 6.16208e-43 2.33152e-237 2.23291e-163 3.70723e-234 3.81858e-134 3.41092e-34 0.000713884 8.34274e-16 0.116917 3.36807e-69 2.84288e-108 1.2084e-128 6.13998e-203 3.28651e-83 1.81793e-30 6.77593e-176 6.36049e-131 1.63974e-196 1.17219e-188 7.51257e-57 6.58673e-209
3.81579e-116 1.27434e-30 2.90745e-108 3.0635e-260 2.91436e-93 1.06792e-66 6.37345e-322 8.78723e-65 1.05741e-70 4.38559e-159 2.70991e-223 8.26752e-101 0.119141 9.10944e-79 2.99245e-117 0.31115 7.54531e-35 5.41352e-41 3.68455e-140 3.7452e-209 2.02615e-195 8.53315e-31 1.01591e-134 3.43858e-93 3.42032e-155 1.28358e-130 8.56487e-33
1.52574e-51 2.91161e-128 1.08234e-18 1.04421e-162 1.22148e-134 4.65646e-101 5.42701e-79 5.24863e-201 4.853e-86 2.21183e-131 2.88183e-109 9.80104e-181 1.67558e-96 1.04384e-128 4.34062e-93 6.43179e-36 1.36277e-117 7.07463e-242 1.37718e-254 5.32335e-240 2.67105e-121 6.15185e-42 0.0555878 9.2149e-52 1.51608e-111 1.76321e-36 2.4588e-47
4.02773e-83 5.66464e-195 3.26276e-18 0.0600653 1.67251e-49 6.39372e-44 1.99581e-61 8.77018e-259 2.18686e-91 1.94832e-242 5.23621e-234 0.164747 2.75014e-131 9.20171e-139 1.15403e-31 5.03991e-48 8.68635e-200 5.16614e-117 8.93069e-138 0.396662 3.98617e-87 4.84689e-131 2.92126e-59 1.0573e-23 1.53503e-49 2.23786e-38 2.95985e-10
8.93596e-14 3.2019e-119 2.71359e-95 9.40451e-125 1.97266e-114 3.54909e-17 6.69649e-202 4.14663e-12 3.81396e-98 2.84964e-41 7.12592e-120 1.0312e-202 7.71175e-19 4.44149e-153 2.95081e-103 5.34547e-83 1.4665e-187 1.82591e-14 0.225002 2.25791e-166 1.2637e-112 1.42109e-169 4.84941e-88 1.13414e-128 0.196077 1.30555e-124 1.30274e-112
5.93875e-242 1.57526e-262 1.1618e-131 6.88774e-08 5.38774e-84 3.45284e-236 7.8146e-14 3.51708e-149 1.29116e-136 1.48882e-53 1.73136e-160 3.44977e-72 2.43934e-155 3.49526e-89 3.10339e-19 3.85267e-68 8.43057e-14 1.90725e-228 1.89348e-102 2.13404e-77 2.10293e-202 4.96638e-18 1.09269e-37 2.66562e-172 4.47291e-196 2.50137e-13 0.165807
6.32505e-299 9.90819e-136 4.45273e-52 3.48546e-102 3.45575e-77 3.65672e-21 7.26796e-164 2.44969e-153 5.7351e-156 3.48954e-186 9.46741e-58 0.446205 1.48118e-126 1.90974e-87 5.95055e-97 3.27984e-135 1.58512e-93 6.53121e-98 1.11767e-62 4.11265e-238 3.52744e-91 1.21761e-49 3.59854e-50 9.76859e-40 3.04906e-32 1.96841e-114 2.91967e-74
8.78612e-06 0.000573408 0.00157598 7.08727e-05 0.00495089 0.000689501 0.000105319 4.37443e-05 0.00130431 4.47117e-243 2.40523e-248 7.25083e-213 2.73671e-254 1.39943e-233 1.62148e-181 3.53423e-170 1.00568e-201 1.56964e-241 8.69102e-269 7.44553e-259 1.41424e-241 1.55956e-218 7.7731e-242 9.32699e-201 6.72571e-240 2.79504e-170 2.11261e-222
0.00324485 0.00078429 8.89866e-05 0.00109546 0.00319225 0.00156285 4.02175e-05 1.0079e-06 0.00380414 9.84538e-246 1.23383e-248 1.57993e-214 5.29146e-255 5.83548e-236 1.43623e-182 1.33789e-169 1.51114e-202 9.50122e-243 8.26923e-269 8.15147e-260 2.94373e-242 2.38738e-220 7.19769e-243 5.1952e-203 4.04766e-243 1.05063e-169 1.52524e-221
6.55529e-35 2.46049e-301 2.96688e-139 1.23869e-17 2.1624e-83 7.92896e-96 2.63051e-100 5.41082e-251 1.1991e-210 1.50296e-147 5.10438e-227 1.81048e-121 2.40353e-158 3.1269e-43 1.91187e-73 1.94703e-114 8.74122e-99 1.6256e-213 0.235418 9.30815e-60 2.42092e-25 9.3804e-37 1.20474e-185 2.57983e-75 2.7735e-195 1.42277e-64 2.39473e-167
