1.84461e-29 1.16136e-07 2.22313e-55 2.08248e-42 1.69711e-56 1.8209e-13 1.05502e-22 5.79101e-59 6.47606e-111 1.55497e-55 1.18322e-65 0.00448458 1.23038e-60 8.35818e-24 4.77919e-68 1.11942e-93 1.85244e-102 0.290744 1.76284e-143 4.79085e-113 3.8851e-14 4.4832 1.12587e-133 4.38606e-73 1.50275e-100 6.99516e-12 0.482485
0.0619158 2.33594e-72 1.06784e-79 1.49246e-24 7.92825e-07 3.30777e-51 6.47717e-26 1.28746e-89 9.55282e-88 0.359487 4.563e-65 5.07042e-111 2.38868e-99 1.3172e-65 8.99421e-88 4.15252e-104 1.49629e-28 1.93354e-22 3.69445e-131 9.36606e-69 4.93589e-64 2.89197e-32 0.0961973 2.14838e-112 2.23911e-137 9.41903e-25 1.47644e-51
5.81867e-60 1.7341e-06 4.84446e-93 4.56035e-75 1.36278e-23 1.04623e-33 2.23145e-11 8.06084e-63 1.88577e-42 1.85289e-64 4.21896e-101 0.162838 2.85221e-98 0.0984736 2.21862e-38 4.3758e-74 0.0353797 3.17668e-28 2.78751e-64 0.216025 3.35385e-09 3.14503e-23 1.21981e-128 0.201156 8.92433e-85 0.0264109 8.65586e-113
3.4764e-57 7.85602e-139 1.28271e-73 4.92372e-11 7.99547e-36 4.7925e-110 0.0325323 2.05788e-78 2.2252e-110 2.70075e-51 3.3541e-101 1.06513e-21 4.19228e-05 7.96585e-50 3.68574e-54 0.162519 3.72778e-13 5.49871e-101 9.97943e-111 1.85999e-73 3.64656e-14 0.149367 3.96313e-06 1.27685e-47 2.8192e-41 1.70093e-107 2.11046e-05
6.8974e-30 4.4191e-28 5.64024e-95 1.31679e-68 5.6613e-82 1.04938e-81 4.86501e-121 2.25582e-104 2.54034e-119 1.33106e-09 0.0121123 0.000216636 1.05179e-14 3.17353e-28 0.0432247 1.21192e-57 0.0857183 4.11093e-60 5.90006e-179 3.41421e-102 8.17649e-95 0.042255 4.74151e-116 1.31887e-28 1.75261e-56 2.1014e-95 7.66814e-24
6.54261e-33 1.01495e-21 1.28651e-90 6.98865e-60 2.00824e-11 9.63656e-179 2.15595e-136 1.3099e-18 3.42919e-147 0.196584 4.14783e-19 3.01662e-50 1.56962e-29 1.67367e-44 5.68456e-64 1.00109e-22 3.15912e-20 1.37896e-30 0.0927071 4.77439e-24 1.7905e-37 7.59907e-53 4.32206e-135 1.07017e-49 3.05765e-128 2.5088e-109 4.39586e-71
1.43088e-15 6.82686e-06 5.0108e-76 6.63603e-41 1.16318e-82 5.01752e-07 3.07856e-52 3.18039e-12 1.2626e-25 0.349345 3.45435e-122 1.92524e-23 5.96502e-33 6.05681e-38 3.2834e-96 4.07954e-100 2.84927e-32 1.26157e-64 1.08424e-180 1.46429e-64 8.27845e-11 1.34105e-54 2.60155e-27 6.44777e-39 7.9921e-107 2.96782e-48 2.47203e-93
1.09802e-100 2.30778e-137 2.23245e-58 1.95209e-11 3.29095e-30 3.7293e-05 5.86704e-14 3.38539e-33 0.000238485 7.50628e-52 0.00898629 6.03708e-21 2.10957e-53 3.95501e-62 1.58034e-118 1.65301e-80 1.75451e-103 3.41408e-119 3.52056e-95 1.10878e-46 3.6069e-76 0.650029 8.64965e-81 4.26058e-36 0.303767 9.20119e-24 5.20878e-23
1.36993e-13 6.99943e-146 7.03133e-125 5.82541e-85 3.70812e-113 2.56423e-118 2.11874e-96 0.119102 1.48885e-79 4.33719e-71 1.28585e-21 1.61626e-53 0.178593 9.1208e-59 7.83906e-110 1.67271e-112 1.97849e-65 0.071398 8.91129e-160 3.3217e-84 7.21785e-10 1.78793e-62 8.42444e-112 2.2994e-105 0.100009 9.00242e-42 3.7234e-54
8.67055e-40 4.18205e-07 1.91529e-66 1.19185e-16 4.3979e-15 3.20986e-52 0.108569 1.96712e-23 6.23427e-53 3.00059e-49 8.21128e-96 5.33406e-58 4.44354e-99 6.85971e-77 9.76633e-121 1.03346e-121 1.8717e-47 3.15261e-49 3.33521e-168 2.77164e-82 9.5527e-90 0.0393145 1.92328e-66 4.92836e-66 7.24645e-67 8.32018e-109 4.44196e-93
3.22023e-83 1.91604e-31 6.48611e-120 2.54423e-68 1.49229e-34 1.06726e-10 7.14631e-31 5.1374e-127 2.43934e-69 1.89881e-21 3.37235e-114 0.139208 2.78597e-27 5.61565e-18 2.35835e-13 3.95619e-23 1.75109e-36 7.49248e-25 5.84003e-191 4.13641e-114 8.09017e-97 5.04831e-17 4.39279e-82 9.33711e-72 1.23509e-124 1.8643e-104 1.90382e-117
1.43528e-63 1.12119e-95 2.09877e-39 0.000205901 3.09837e-20 7.88961e-52 2.05071e-41 5.00078e-34 1.6178e-82 0.893292 5.22731e-88 3.83115e-48 5.98625e-90 2.19997e-44 8.57989e-78 6.6981e-26 9.28517e-93 1.76899e-94 1.92295e-177 4.64826e-117 1.74836e-45 1.70002e-29 5.84305e-102 3.81434e-61 6.92116e-106 3.81995e-94 4.60391e-101
4.45941e-09 0.00114571 7.80337e-11 0.00907442 0.0213633 7.24205e-11 0.000281792 0.000228339 0.00963495 8.14314e-69 3.951e-125 7.46991e-112 1.37742e-101 2.81253e-89 3.19977e-126 2.20667e-116 8.33227e-114 8.23289e-118 4.11969e-210 1.93334e-128 8.09191e-93 4.13505e-62 1.1431e-134 2.56997e-110 1.22308e-143 3.19074e-110 2.83002e-127
1.0986e-48 4.0276e-81 2.96489e-81 6.74392e-19 7.64577e-78 4.97562e-135 0.000885903 1.45286e-88 9.23392e-119 2.45586e-66 0.0487324 7.05393e-41 2.03048e-33 4.60959e-75 4.42763e-50 6.46028e-09 3.19562e-52 5.55425e-98 7.08293e-157 9.40063e-14 0.138017 9.32239e-61 8.39133e-39 3.1656e-62 0.283153 1.57842e-09 2.52168e-80
1.51194e-15 2.62732e-36 0.00151749 2.67575e-52 1.18785e-49 6.05134e-05 4.60747e-19 8.21855e-30 1.79225e-27 1.98811e-20 4.85707e-120 1.71685e-35 6.25105e-53 1.70411e-47 2.64816e-108 3.08104e-103 6.35503e-43 5.73619e-114 9.79686e-75 3.96231e-57 1.29354e-25 0.532968 1.5989e-38 2.07259e-104 7.90179e-82 4.35135e-82 1.40249e-74
2.50911e-45 1.71826e-122 1.75379e-05 2.515e-38 1.59746e-50 5.02146e-10 5.68258e-41 3.54742e-45 2.04884e-11 0.24636 1.35685e-42 1.22215e-54 0.0357099 7.23704e-45 9.15166e-106 5.65095e-95 2.59051e-103 4.38819e-31 6.49214e-142 4.12311e-104 1.60475e-71 5.20375e-10 1.91022e-47 5.73977e-68 3.37778e-113 3.98135e-75 5.96591e-122
6.77601e-44 5.66844e-84 0.00211291 2.76981e-48 6.15519e-78 4.11946e-29 1.31697e-08 3.18448e-19 1.77211e-44 2.30152e-69 1.60289e-47 9.32149e-105 1.01655e-46 7.73434e-84 7.03089e-120 7.50156e-40 3.29452e-31 1.52958e-63 3.88698e-86 1.77283e-60 3.54208e-64 0.109898 1.08259e-107 1.25705e-89 7.38076e-56 1.42262e-31 8.37872e-34
5.53769e-18 5.33247e-75 1.2207e-29 2.15374e-24 2.06693e-57 0.0447469 1.60614e-13 8.37449e-69 2.77688e-07 3.96428e-70 8.39e-59 7.89444e-101 2.06659e-39 3.69875e-68 2.39175e-70 1.39116e-97 2.53122e-78 1.88049e-54 1.45048e-174 8.47804e-131 7.75156e-60 0.21134 1.31027e-43 3.40019e-78 1.95518e-113 4.26427e-67 2.74068e-59
