0.149552 1.63371e-22 0.314233 1.09783e-25 0.0123914 5.18686e-44 2.54135e-39 0.0222769 2.79667e-29 3.52809e-39 0.0576895 4.17198e-23 0.000174769 0.0909627 0.0175614 9.37068e-49 0.0292388 2.94603e-21 2.09837e-35
6.85578e-66 2.12013e-12 5.79267e-57 0.00578299 9.82211e-36 0.000135965 1.49367e-24 5.61495e-55 4.83367e-34 5.64257e-25 1.95461e-36 2.40109e-26 5.70032e-17 1.73001e-15 0.414074 1.55198e-35 1.48009e-45 5.06809e-27 2.27084e-18
4.65528e-44 1.35801e-62 2.87304e-52 2.88366e-22 1.46102e-24 0.0156367 6.79368e-17 6.25573e-16 0.205003 8.27242e-11 6.92859e-09 0.0514499 3.01182e-25 1.6201e-15 1.59842e-25 1.75112e-31 3.77383e-38 0.0695659 6.92623e-31
9.08737e-36 4.46662e-29 3.56074e-52 1.07377e-13 4.88906e-26 5.29428e-38 2.09155e-74 1.70902e-58 4.9476e-18 1.63471e-22 4.66044e-32 5.7829e-40 0.39604 9.04759e-54 8.41061e-25 7.02405e-26 1.03693e-44 1.17517e-48 5.82408e-17
2.05987e-52 3.48459e-34 2.03679e-40 5.33737e-19 3.25894e-35 1.23609e-21 4.97963e-58 6.93767e-41 1.35662e-40 4.51788e-09 5.1451e-30 6.13815e-16 1.57147 1.07945e-34 1.37919e-21 2.21161e-35 1.57267e-40 6.51196e-24 1.42478e-14
2.10954e-15 2.53005e-48 2.41929e-38 1.70143e-24 4.49698e-09 8.68826e-30 5.30598e-33 1.2883e-56 1.61388e-45 1.92452e-23 9.82961e-25 4.95204e-07 1.78677 1.99976e-46 1.21536e-10 1.47228e-29 9.70335e-44 1.85875e-50 0.0432378
9.64623e-22 6.76439e-60 5.68714e-26 1.38096e-06 4.99035e-28 0.188806 4.39474e-35 1.42847e-23 3.31262e-35 0.0297501 2.1191e-25 1.60221e-27 2.33462e-23 3.06147e-50 0.107913 4.88947e-35 2.30384e-31 8.42501e-45 2.7206e-16
1.32612e-51 0.152944 7.84353e-54 1.00598e-30 3.24982e-20 0.259594 0.280534 4.85697e-36 3.18556e-05 4.63305e-16 1.67819e-07 4.99881e-25 3.2668e-24 4.65937e-28 1.91572e-33 0.040876 2.48677e-27 1.49262e-09 3.90661e-29
3.72169e-25 2.49128e-57 8.10531e-22 8.62708e-13 6.01086e-32 0.0539794 1.31672e-53 1.03307e-19 3.50567e-45 1.32959e-07 6.98764e-53 5.10573e-23 7.04025e-16 2.78584e-41 1.0733e-39 2.68547e-29 0.0463014 7.90109e-52 8.79607e-31
3.48641e-31 9.66436e-10 2.39142e-24 1.52035e-26 6.97233e-27 2.72622e-26 4.96836e-07 1.14785e-40 2.92004e-11 2.67834e-37 1.02062e-47 0.00300557 0.137795 3.24185e-47 1.0345e-45 7.60815e-59 4.23513e-40 9.61405e-16 9.36622e-14
