9.57189e-65 1.11309e-50 3.00925e-18 1.52157 0.0821572 6.30821e-63 8.07858e-91 0.00348552 6.67271e-12 1.11245e-33 1.94866e-05 7.6583e-65 0.107317 1.74367e-28 6.41459e-35 0.00125273 1.26567e-90 2.22477e-08 1.77611e-101 0.0615363
1.86268e-68 4.73019e-25 4.36626e-48 4.3881e-79 2.39904e-93 0.332928 4.04849e-47 2.69494e-08 1.54728e-26 2.71642e-39 5.85584e-67 1.32381e-50 2.28939e-86 1.52823e-42 8.39259e-37 7.58601e-88 2.54809e-35 2.20572e-90 3.33794e-96 2.7539e-08
2.86027e-24 6.76192e-83 3.84681e-47 7.74525e-12 1.16394e-34 3.88533e-53 7.87753e-82 3.13398e-08 6.68576e-26 4.87025e-63 3.59414e-66 3.31667e-58 7.39695e-78 0.109149 2.83436e-30 5.36373e-84 1.40263e-38 1.86064e-39 1.18257e-92 7.53734e-72
4.34542e-78 1.98018e-27 1.76102e-79 9.58369e-16 1.52521e-60 3.44262e-51 4.07788e-110 5.60989e-39 0.00276035 1.69131e-51 8.82261e-45 1.71745e-58 3.68673e-70 1.75743e-45 0.317194 2.04158e-66 2.07165e-95 8.24436e-52 1.20428e-49 3.49431e-57
1.48611e-69 8.39111e-24 2.56666e-52 4.63316e-24 4.60498e-53 1.97362e-48 2.1979e-47 0.051457 2.04549e-17 3.92493e-53 7.0464e-79 9.72258e-47 4.33525e-35 0.177236 1.07589e-27 9.13543e-29 1.29368e-75 7.30826e-38 6.72738e-65 4.75879e-69
1.61677e-61 1.4989e-63 1.40188e-39 6.13545e-49 1.5783e-85 8.58573e-44 2.40314e-81 3.61675e-45 1.66205e-70 7.21323e-43 1.14175e-95 1.57573e-74 1.3294e-83 0.437722 6.3299e-46 1.88984e-86 1.75271e-81 1.92715e-55 1.31944e-74 1.69278e-49
0.00185144 4.63905e-51 3.3243e-54 2.29426e-75 1.20968e-83 1.60112e-55 2.04846e-112 2.46373e-51 1.11386e-29 7.65483e-30 1.78454e-113 6.99229e-35 3.47713e-81 0.0284969 8.23276e-49 1.86789e-93 2.44078e-87 3.0828e-90 3.34049e-90 5.04783e-43
9.07188e-52 1.82676e-87 1.02368e-60 4.1436e-24 0.10763 0.194169 1.06696e-88 2.44296e-13 4.22648e-46 8.4017e-31 9.41741e-45 6.05302e-82 2.25643e-99 2.34577e-19 3.41262e-47 1.798e-47 3.99308e-95 1.91928e-52 1.60978e-25 5.4661e-18
3.77841e-53 3.91564e-77 7.39408e-06 2.25034e-70 3.5043e-05 0.00189515 1.06304e-41 1.1279e-19 5.206e-34 2.8666e-58 3.49652e-87 0.060524 1.66081e-97 0.215464 6.17062e-17 5.2303e-40 3.7628e-52 3.45694e-52 8.03219e-92 1.15822e-10
5.51742e-23 1.01881e-70 0.130294 3.75453e-30 5.67287e-109 7.36378e-55 2.32314e-96 3.23501e-46 8.71515e-69 5.80056e-30 5.05049e-73 5.3766e-32 3.6752e-57 0.567855 1.77849e-34 2.18739e-107 2.39804e-58 3.31636e-79 2.28818e-106 9.46815e-54
1.36685e-08 6.10815e-125 0.00100076 6.44773e-27 2.63341e-35 1.11082e-07 0.469552 2.20079e-50 1.49221e-40 6.5726e-30 0.548703 1.67919e-71 3.16084e-88 6.36608e-22 0.0509772 1.30305e-10 1.93605e-78 2.95551e-22 1.25195e-112 2.62248e-44
2.98625e-48 4.83195e-99 7.35011e-74 7.15812e-56 3.77491e-91 8.40661e-43 6.95386e-65 1.13252e-27 0.0155933 2.34353e-62 3.88104e-59 1.05711e-72 3.30237e-84 5.47398e-53 3.85716e-47 1.21263e-25 1.82039e-84 1.08583e-54 1.81954e-31 4.98485e-70
9.32936e-57 1.15935e-08 1.21084e-75 2.02793e-22 1.1173e-79 4.93219e-25 1.37172e-118 7.11595e-49 0.0401544 1.98475e-67 4.97618e-27 1.85477e-86 1.4959e-20 3.14354 2.11152e-20 4.91734e-58 4.05819e-33 2.00092e-26 5.37367e-89 4.23428e-40
1.38531e-82 6.50386e-64 8.51783e-08 6.24912e-62 2.9461e-52 6.09821e-29 2.64707e-79 8.39746e-46 4.67289e-33 5.30764e-64 9.77916e-122 8.63811e-77 1.31353e-50 0.412653 8.70674e-07 4.85166e-76 1.82909e-64 1.17132e-60 4.9139e-39 1.63437e-47
5.70767e-78 7.40806e-91 3.15754e-25 5.3732e-42 1.81183e-112 9.29105e-07 5.01659e-73 5.75839e-31 3.25823e-46 3.76455e-27 4.09493e-58 4.62443e-25 5.40005e-87 0.0318458 6.02041e-47 2.60352e-37 6.29272e-38 2.47407e-31 2.78864e-95 7.76659e-32
8.31165e-180 0.000199872 6.70895e-38 9.15165e-30 2.93811e-74 2.60071e-11 4.37064e-19 7.70862e-16 3.74514e-42 0.142019 8.1654e-47 1.36446e-60 2.94879e-68 1.38848 7.30642e-29 0.0202108 0.0403489 5.14897e-39 0.108569 1.5563e-08
6.52274e-05 0.000934544 0.00533216 2.21073e-80 5.15131e-130 6.40316e-70 2.71043e-125 1.35658e-62 8.79831e-72 1.91646e-69 7.75263e-122 2.35656e-88 1.52961e-103 2.45613e-57 3.08579e-51 5.34861e-109 4.40436e-97 3.07452e-95 6.32273e-117 1.07025e-74
2.06826e-140 3.51704e-50 7.47173e-84 0.107388 4.7126e-05 1.84043e-57 8.09447e-72 9.77195e-24 2.11369e-26 1.42085e-23 2.13814e-88 9.07586e-17 3.3076e-54 1.17161e-51 2.14826e-25 2.84376e-44 3.03811e-28 0.0457449 9.63429e-70 2.0817e-13
