2.31702e-70 3.75017e-66 2.4069e-152 9.78261e-46 5.50452e-216 2.25228e-307 6.35233e-209 0.0144044 5.70096e-104 1.24788e-276 1.46706e-112 6.50372e-93 5.6305e-152 3.6015e-101 9.7825e-322 4.68523e-63 5.24359e-43 1.02194e-60 2.70442e-47 5.39534e-172
9.60016e-09 5.22599e-166 8.26639e-196 1.2047e-48 3.13533e-57 2.57359e-130 1.39145e-193 1.74185e-48 3.91953e-85 2.32734e-59 7.04466e-89 3.87601e-52 5.17853e-225 2.10468e-201 2.51665e-238 0.0966042 1.90724e-151 1.0997e-73 1.15437e-15 1.99005e-69
4.63903e-250 2.09184e-131 2.49977e-273 2.98522e-105 0.146866 1.62225e-113 1.68008e-239 1.52516e-68 1.04278e-100 2.34334e-215 0.276771 4.13897e-132 4.58191e-127 5.08566e-72 1.45749e-321 5.65466e-28 5.69551e-184 6.85056e-67 1.1876e-57 9.74653e-116
7.20694e-22 1.08674e-36 0.166805 3.41026e-93 5.95357e-151 3.24942e-304 1.16643e-213 1.04047e-64 6.00211e-42 7.7825e-262 1.57533e-120 1.49148e-120 1.40875e-150 1.02877e-226 3.55257e-310 1.88585e-75 1.22115e-54 1.27883 2.24332e-81 7.96324e-318
5.24896e-65 1.07983e-176 0.00977623 8.04931e-50 7.37647e-161 1.47561e-108 7.80802e-221 3.15052e-116 5.70001e-22 4.04028e-282 1.36105e-221 6.71853e-12 1.52882e-167 1.95544e-206 1.70229e-165 9.89797e-28 1.63642e-24 1.04268e-62 0.167326 1.23873e-142
1.18967e-132 4.09411e-179 1.09745e-204 1.88563e-33 2.77228e-83 9.80142e-246 3.7404e-185 7.71006e-143 0.0154273 9.56886e-250 7.64731e-241 2.56802e-92 4.53474e-158 6.56324e-138 9.89943e-224 2.90439e-12 2.38343e-141 1.50865e-15 1.03179e-08 5.33131e-251
2.11389e-130 3.93947e-109 6.99579e-115 1.02555e-135 1.96399e-147 5.2449e-292 3.79938e-117 0.137792 2.87309e-53 1.31965e-271 1.03807e-164 1.72466e-47 5.04666e-143 1.51565e-135 5.47687e-243 7.17438e-46 9.43651e-183 9.53907e-10 2.06197e-134 1.44643e-285
2.97731e-148 5.60339e-64 3.65223e-201 1.38012e-132 4.26002e-199 1.72588e-120 1.647e-106 3.64412e-07 4.24079e-103 1.68581e-175 2.62274e-208 5.05564e-150 1.10766e-129 2.33582e-134 2.39213e-137 0.0257136 5.8265e-140 1.80688e-64 5.86993e-09 8.39912e-322
5.36596e-95 5.87201e-74 4.98562e-119 1.50035e-52 1.55228e-169 2.43896e-108 1.08654e-177 1.94644e-169 0.220793 2.05861e-70 8.34814e-268 0.0778274 5.59371e-219 1.89586e-251 1.18082e-321 1.69135e-84 2.30276e-87 4.05991e-46 0.0612699 2.2895e-165
9.20832e-229 5.16939e-94 3.16596e-254 0.0973583 7.57452e-236 6.19952e-191 9.86654e-52 6.75369e-97 2.22058e-101 2.19273e-250 1.91098e-254 3.26412e-137 2.39576e-75 1.69333e-81 1.12586e-183 2.9425e-96 1.88275e-93 1.86535e-59 1.51342e-106 3.89838e-180
1.13376e-89 2.912e-155 6.25262e-143 1.06709e-137 1.88013e-140 1.4932e-309 5.12109e-139 2.96933e-81 1.38485e-49 6.84961e-127 6.41811e-96 1.90333e-80 6.08723e-239 1.8225e-188 8.61337e-280 9.15909e-105 3.12214e-126 0.0222177 7.99358e-93 3.16822e-285
3.90117e-200 1.07307e-97 3.20645e-284 2.0045 1.39487e-09 0.621477 0.970304 1.00039e-90 2.33996e-109 0.280854 0.912048 6.11192e-12 1.16346 0.879209 0.500859 9.57694e-156 0.371029 2.43848e-81 1.72766e-06 0.393942
7.03196e-06 5.50039e-187 7.98224e-180 6.35493e-120 1.51467e-79 1.20764e-274 2.47391e-197 8.80192e-52 0.0339635 3.41432e-157 3.165e-143 9.34872e-58 5.50143e-122 6.57575e-163 5.39335e-219 3.17878e-108 4.16707e-125 3.41981e-55 1.75235e-57 1.01778e-321
0.0802902 1.47403e-147 7.38661e-178 1.44697e-86 1.07402e-183 8.30901e-194 3.4031e-191 1.32256e-92 2.45668e-31 7.31872e-206 8.97827e-264 2.00105e-119 3.04436e-157 4.7679e-243 3.3604e-177 4.99887e-72 4.68086e-23 2.36655e-100 0.0162127 7.74321e-200
3.80666e-130 0.434716 1.50165e-95 2.14394e-140 1.93516e-227 2.33804e-219 4.56817e-176 1.79613e-106 6.24142e-55 9.72197e-246 1.39151e-210 9.07163e-104 2.10478e-176 3.75911e-160 1.11813e-308 7.32957e-105 1.99815e-168 2.31567e-88 1.46925e-90 2.30376e-193
1.84259e-155 1.03673e-190 1.09954e-155 6.31657e-121 8.37065e-187 1.98495e-308 6.7551e-97 0.240887 0.00294747 5.48911e-92 7.04219e-07 0.20862 1.57344e-138 7.8958e-118 4.31697e-198 2.74473e-92 0.0715082 3.3297e-90 1.59842e-48 4.05276e-213
1.10421e-90 1.71016e-164 5.25642e-96 1.52816e-102 1.14446e-149 1.65758e-307 5.13042e-126 1.47346e-96 1.36165e-28 9.57384e-149 1.23246e-239 4.22228e-107 1.45995e-220 2.55972e-110 1.82389e-258 4.57638e-64 4.9645e-165 0.0243287 3.37329e-137 4.58155e-276
8.32597e-193 1.28715e-09 4.8821e-25 2.72026e-26 7.93285e-112 5.80479e-304 8.09155e-145 2.11038e-102 5.84532e-79 4.23654e-234 5.16232 1.29645e-27 6.56136e-91 1.37119e-32 7.88582e-111 0.000953683 1.14809e-148 0.362381 4.97219e-21 5.77821e-230
