2.02079e-96 1.22314e-307 4.33063e-14 1.97342e-222 1.55145e-233 4.22912e-104 1.91215e-287 5.45448e-321 5.45192e-220 0.0882395 0.648794 1.93305e-51 2.11415e-160 5.31389e-156 0.571913
1.61559e-321 8.92726e-81 3.31046e-176 7.41323e-269 2.90078e-125 1.18579e-245 0.0855489 4.83795e-177 1.13981e-320 4.2361e-221 5.31523e-88 1.87745e-321 7.10833e-155 1.8027e-261 1.09174e-237
1.84127e-05 1.44299e-188 1.77382e-257 2.61774e-257 6.07693e-18 1.72197e-276 0.302833 2.86558e-321 7.13431e-321 2.35669e-321 2.45551e-321 2.65807e-321 2.80875e-17 4.42939e-140 2.6006e-125
9.11027e-138 7.63922e-135 4.16991e-321 1.72923e-322 1.04763e-295 3.91976e-157 6.55947e-156 3.74423e-235 1.58396e-07 4.87599e-306 3.8595e-270 3.57209e-321 1.0035 9.31105e-193 1.46588e-134
1.69959e-321 5.09574e-211 7.43667e-298 1.71114e-313 2.88937e-68 3.51281e-321 3.1134e-66 3.01087e-160 1.20058e-320 1.13462e-30 2.59963e-18 2.2839e-301 2.15903e-106 5.08417e-166 2.11305e-64
1.3392e-217 0.00613865 9.22106e-198 1.41762e-256 1.42919e-07 5.87855e-127 7.57816e-22 9.76118e-250 9.12103e-314 8.75661e-18 2.30729e-321 5.7447e-241 0.226655 3.57991e-179 4.66998e-186
6.50514e-82 7.47531e-60 3.67114e-91 5.95627e-220 2.64492e-127 2.39324e-277 3.29192e-126 3.70549e-321 1.04852e-286 1.10992e-299 3.28998e-254 1.0093e-236 1.05732e-214 0.423144 1.30424e-157
0.00358992 0.00485876 0.00747734 0.000321631 0.00367734 2.96439e-323 3.45846e-323 2.47033e-323 7.41098e-323 2.47033e-323 1.97626e-323 1.97626e-323 3.93416e-290 1.27718e-286 9.49702e-252
1.78852e-321 2.6729e-321 2.76933e-246 1.33398e-322 2.12659e-250 7.40864e-163 0.145763 3.87842e-321 9.43665e-321 2.09493e-229 0.0554672 0.602427 3.89552e-212 8.47284e-235 7.55472e-231
8.22074e-214 1.74948e-239 1.5103e-65 1.38338e-322 1.87863e-36 7.31203e-241 0.24109 4.39414e-119 6.69744e-152 3.66959e-302 6.4349e-219 2.06519e-321 2.36115e-123 0.244044 8.13134e-194
1.68476e-321 2.5889e-321 2.20819e-253 1.59919e-235 4.8837e-293 2.44233e-166 1.64964e-97 8.68992e-168 8.49268e-242 4.63227e-216 4.04204e-36 0.0971542 3.78257e-142 4.12272e-165 7.17716e-87
1.92686e-321 3.25723e-204 6.66828e-245 3.01105e-192 7.61597e-151 3.98191e-285 4.66906e-137 3.89163e-188 1.78558e-122 1.4378e-112 4.67415e-280 1.69945e-182 0.135167 3.46082e-18 0.120255
1.61274e-162 2.5748e-171 8.39041e-154 1.25323e-233 4.20156e-05 3.85228e-173 4.09745e-110 3.19166e-321 9.77756e-321 4.89262e-95 1.74027e-242 2.0899e-321 1.6275e-159 0.580962 1.19442e-130
2.9237e-73 2.66795e-321 3.63632e-321 5.80521e-49 5.6249e-288 4.129e-282 2.14692e-190 5.94855e-321 1.50641e-320 1.93531e-285 3.09779e-321 2.4061e-321 1.39544e-49 0.0363594 1.11837e-11
7.00618e-305 1.94692e-231 8.64214e-122 1.4822e-322 1.12988e-205 3.82713e-97 1.48328e-197 0.661596 2.0365e-146 9.62197e-64 1.38309e-156 6.72551e-87 1.67651e-94 5.23403e-178 7.71109e-168
1.92518e-125 8.11357e-211 2.56111e-276 1.45218e-186 1.01961e-29 1.15264e-133 8.04381e-213 3.10767e-321 9.92578e-321 1.00481e-171 1.12828e-284 1.47211e-284 1.16696e-200 8.88009e-46 0.140946
1.72923e-321 3.40411e-321 3.7302e-321 1.95525e-217 1.93874e-229 1.14591 1.66583e-10 1.12691 6.36615 0.888846 1.30207e-145 9.77731e-216 4.27768e-255 2.65203e-187 2.73021e-140
