4.62118e-98 0.085311 2.6983e-126 2.76002e-70 6.89678e-74 8.8969e-34 4.00268e-64 0.135062 2.66501e-68 4.94706e-65 2.11108e-101 4.79635e-73 4.57302e-43 6.19099e-26 0.0906397
9.52199e-33 3.33266e-44 1.54619e-61 1.00524e-20 1.12431e-50 7.91293e-58 1.61116e-41 0.181988 1.42795e-125 1.14506e-91 5.73918e-80 9.35759e-97 1.14635e-64 1.3932e-50 7.53163e-73
1.56117e-09 5.63734e-75 5.10557e-35 6.29921e-55 9.89055e-125 2.67287e-48 3.75726e-25 9.06262e-74 9.96933e-36 1.73821e-40 5.32073e-27 6.06879e-142 9.08184e-76 0.0988658 5.96392e-57
1.62577e-28 5.85005e-38 1.12171e-17 1.5687e-53 1.27864e-48 1.09045e-20 5.28863e-72 0.292219 2.33118e-79 3.6231e-143 2.29462e-83 5.77801e-115 2.92675e-150 3.57384e-49 3.07267e-35
8.73774e-19 1.30857e-42 1.89297e-09 7.41103e-55 4.68682e-67 1.24196e-49 4.49981e-67 0.135703 6.66699e-84 2.4277e-104 2.69761e-69 4.43333e-131 7.79382e-104 1.81204e-109 5.58435e-32
2.11894e-55 6.11196e-68 2.63035e-17 7.30275e-38 2.29147e-54 5.98503e-13 2.03433e-56 0.0620815 1.35849e-134 1.05681e-98 2.06684e-63 1.39443e-113 7.38132e-153 8.20036e-83 8.79743e-28
4.41239e-43 8.29527e-46 0.00921366 4.5186e-28 1.04022e-58 1.54557e-09 1.71736e-94 0.772214 3.529e-132 1.73688e-136 4.66105e-78 6.33798e-128 2.98622e-104 6.88742e-35 3.80008e-67
0.000564464 2.45633e-05 6.46122e-05 0.00950721 0.0063014 8.75994e-61 1.99384e-95 5.24523e-70 2.76423e-136 3.00934e-147 6.00054e-113 5.67908e-171 6.53162e-166 1.00813e-109 5.43238e-98
1.13292e-20 2.1925e-67 7.66571e-64 8.84035e-43 1.69121e-50 7.7883e-24 2.51239e-92 0.545849 1.86357e-99 5.53899e-115 5.38551e-92 2.10992e-121 1.24038e-146 2.52132e-40 1.60607e-89
3.66564e-31 5.38042e-77 4.43223e-78 2.1246e-37 2.06018e-28 2.10791e-40 1.15391e-80 1.85118e-56 6.00472e-124 6.38582e-145 6.2117e-60 5.07146e-108 4.90572e-160 5.12615e-111 0.366814
9.22792e-42 3.10569e-78 0.000294808 4.88308e-125 6.44553e-50 4.75239e-35 6.53616e-89 2.12103e-12 5.06461e-19 9.98037e-138 2.18124e-47 0.343892 3.57069e-105 2.01449e-50 0.162589
0.125968 4.39083e-159 1.13636e-136 1.04758e-09 1.09894e-85 0.505864 0.000552536 3.28432e-73 2.1737e-09 6.33612e-25 9.32415e-27 2.41937e-115 1.88016e-82 0.02618 5.4163e-43
3.48656e-48 7.90966e-67 3.04367e-80 1.33111e-35 4.42076e-39 1.98567e-49 3.32089e-91 3.60314e-45 1.69922e-107 9.44057e-104 3.31913e-40 2.38941e-141 1.71694e-123 0.318113 3.77923e-90
9.27452e-26 1.83045e-121 3.33886e-14 3.38279e-27 4.93068e-103 2.17578e-37 8.69534e-38 1.02624e-19 0.173314 5.18644e-48 1.11687e-60 1.3176e-53 3.68521e-165 3.67086e-92 4.41246e-60
9.17079e-89 4.1002e-18 2.78136e-38 3.24757e-110 3.77097e-07 1.67674e-10 0.0541286 0.105195 4.87543e-105 1.38368e-67 7.42419e-76 7.80221e-110 3.76487e-70 8.67032e-54 4.80815e-26
3.97243e-115 1.5888e-170 8.9469e-156 2.53615e-46 3.01617e-94 2.56691e-41 0.314712 2.58166e-61 0.211397 1.97534e-05 2.34569e-11 1.54513e-137 1.47154e-44 2.49244e-18 5.05013e-37
8.73662e-73 6.01279e-220 2.52148e-173 2.76577e-16 4.30685e-129 2.19524e-38 7.20498e-29 1.06187e-56 4.82919e-111 0.65212 0.228072 1.48235e-145 0.203958 0.179469 2.3785e-27
